1.74 0.09 0.05 0.02 0.07 0.01 0.02 0.02 -0.00 0.01 93.28 88.71 90.06 
1.94 0.04 0.04 0.06 0.07 0.02 0.02 0.02 -0.01 0.00 93.98 87.42 90.05 
2.04 0.03 0.04 0.05 0.07 0.01 0.01 0.02 -0.01 0.00 94.09 87.59 90.05 
2.14 0.05 0.04 0.07 0.07 0.02 0.02 0.02 -0.01 0.00 94.04 87.47 90.04 
2.25 0.04 0.04 0.07 0.07 0.01 0.01 0.01 -0.01 0.00 94.02 87.73 90.05 
2.35 0.07 0.05 0.15 0.08 0.03 0.02 0.01 -0.01 0.00 94.55 87.37 90.06 
2.45 0.03 0.04 0.08 0.07 -3.07 -0.44 0.01 -0.01 0.00 94.18 87.64 90.05 
2.55 0.05 0.04 0.07 0.07 0.02 0.02 0.01 -0.01 0.01 94.10 87.57 90.08 
2.65 0.03 0.04 0.08 0.07 0.01 0.01 0.01 -0.01 0.01 94.17 87.70 90.06 
2.75 0.04 0.04 0.07 0.07 0.02 0.02 0.01 -0.00 0.01 94.11 87.61 90.07 
2.85 0.04 0.04 0.08 0.07 0.02 0.02 0.02 -0.00 0.00 94.12 87.64 90.03 
2.96 0.04 0.04 0.08 0.07 0.02 0.02 0.01 -0.01 0.01 94.10 87.65 90.06 
3.06 0.03 0.04 0.07 0.07 0.02 0.02 0.02 -0.01 0.00 94.08 87.70 90.05 
3.16 0.04 0.04 0.07 0.07 0.02 0.02 0.02 -0.01 0.00 94.07 87.65 90.05 
3.26 0.04 0.04 0.07 0.07 0.01 0.01 0.02 -0.01 0.00 94.06 87.65 90.05 
3.36 0.04 0.04 0.08 0.07 0.02 0.02 0.01 -0.01 0.01 94.16 87.64 90.07 
3.46 0.04 0.04 0.08 0.07 0.03 0.03 0.02 -0.02 0.01 94.06 87.61 90.05 
3.56 0.05 0.04 0.07 0.07 0.02 0.02 0.02 -0.01 0.00 94.07 87.59 90.04 
3.66 0.04 0.04 0.07 0.07 0.02 0.02 0.01 -0.01 0.01 94.04 87.64 90.06 
3.77 0.06 0.04 0.07 0.07 0.02 0.02 0.01 -0.01 0.00 93.91 87.45 90.04 
3.87 0.04 0.04 0.07 0.07 0.00 0.00 0.02 -0.01 0.01 93.88 87.57 90.07 
3.97 0.04 0.04 0.07 0.07 0.01 0.01 0.01 -0.01 0.00 94.05 87.70 90.06 
4.07 0.04 0.04 0.07 0.07 0.01 0.01 0.02 -0.01 0.00 94.07 87.71 90.05 
4.17 0.08 0.05 0.07 0.07 0.02 0.01 0.01 -0.01 0.01 94.03 87.71 90.06 
4.28 0.07 0.05 0.06 0.07 0.02 0.02 0.02 -0.01 0.00 94.04 87.48 90.06 
4.38 0.04 0.04 0.07 0.07 0.02 0.02 0.02 -0.01 0.00 94.04 87.54 90.06 
4.49 0.04 0.04 0.07 0.07 0.01 0.01 0.02 -0.01 0.00 94.05 87.66 90.05 
4.59 0.12 0.06 0.06 0.06 0.03 0.02 0.01 -0.01 0.01 93.72 87.38 90.05 
4.69 0.08 0.05 0.07 0.07 0.02 0.01 0.02 -0.01 0.00 94.02 87.39 90.07 
4.80 0.04 0.04 0.07 0.07 0.02 0.02 0.01 -0.01 0.01 94.03 87.39 90.06 
4.90 0.05 0.04 0.07 0.07 0.01 0.00 0.02 -0.01 0.00 94.16 87.55 90.05 
5.00 0.04 0.04 0.07 0.07 0.01 0.01 0.01 -0.01 0.01 94.05 87.63 90.07 
5.10 0.05 0.04 0.07 0.07 0.01 0.01 0.02 -0.01 0.00 94.11 87.52 90.06 
5.21 0.05 0.04 0.08 0.07 0.01 0.01 0.01 -0.01 0.01 94.03 87.53 90.04 
5.31 0.04 0.04 0.07 0.07 0.02 0.00 0.01 -0.01 0.00 94.05 87.64 90.03 
5.41 0.04 0.04 0.07 0.07 0.02 0.02 0.01 -0.01 0.00 93.99 87.71 90.02 
5.51 0.04 0.04 0.07 0.07 0.01 0.01 0.02 -0.01 0.00 93.95 87.60 90.07 
5.61 0.04 0.04 0.07 0.07 0.01 0.01 0.00 -0.01 0.00 93.98 87.64 90.05 
5.72 0.03 0.04 0.06 0.07 0.01 0.01 0.02 -0.01 0.01 93.97 87.77 90.04 
5.82 0.04 0.04 0.07 0.07 0.00 0.01 0.01 -0.02 0.00 93.99 87.66 90.05 
5.93 0.04 0.04 0.07 0.08 0.01 0.01 0.02 -0.01 0.00 94.43 87.52 90.05 
6.03 0.04 0.04 0.07 0.07 0.01 0.01 0.01 -0.01 0.00 94.13 87.48 90.03 
6.14 0.04 0.04 0.07 0.07 0.01 0.01 0.01 -0.01 0.01 93.99 87.57 90.07 
6.24 0.04 0.04 0.07 0.07 0.02 0.02 0.01 -0.01 0.00 93.93 87.48 90.04 
6.34 0.03 0.04 0.07 0.07 0.02 0.01 0.01 -0.02 0.01 93.98 87.56 90.07 
6.44 0.04 0.04 0.07 0.07 0.03 0.03 0.02 -0.01 0.00 93.98 87.50 90.06 
6.55 0.04 0.04 0.07 0.07 0.01 0.01 0.02 -0.01 0.01 94.05 87.68 90.05 
6.65 0.05 0.04 0.07 0.07 0.02 0.02 0.02 -0.01 0.00 94.09 87.64 90.08 
6.75 0.05 0.04 0.07 0.07 0.01 0.01 0.01 -0.01 0.00 93.87 87.60 90.05 
6.86 0.04 0.04 0.08 0.07 0.02 0.02 0.01 -0.01 0.01 94.02 87.56 90.07 
6.96 0.04 0.04 0.06 0.07 0.02 0.02 0.01 -0.01 0.00 93.95 87.65 90.02 
7.06 0.05 0.04 0.08 0.07 0.01 0.02 0.01 -0.00 0.00 94.11 87.45 90.06 
7.16 0.04 0.04 0.08 0.07 0.01 0.01 0.01 -0.01 0.00 94.19 87.57 90.03 
7.26 0.04 0.04 0.07 0.07 0.03 0.03 0.01 -0.01 0.01 93.97 87.65 90.07 
7.37 0.04 0.04 0.07 0.07 0.02 0.02 0.01 -0.01 0.00 94.06 87.53 90.06 
7.47 0.04 0.04 0.08 0.08 0.02 0.02 0.01 -0.00 0.00 94.40 87.85 90.05 
7.57 0.03 0.04 0.07 0.07 0.00 0.01 0.01 -0.01 0.00 94.11 87.67 90.03 
7.67 0.04 0.04 0.03 0.06 0.00 0.00 0.01 -0.01 0.01 93.56 87.77 90.07 
7.78 0.04 0.04 0.07 0.07 0.00 0.00 0.02 -0.01 0.00 93.90 87.70 90.05 
7.88 0.04 0.04 0.08 0.07 0.00 0.00 0.01 -0.01 0.01 94.06 87.67 90.08 
7.98 0.04 0.04 0.08 0.07 0.01 0.01 0.02 -0.01 0.00 94.09 87.54 90.05 
8.09 0.03 0.04 0.06 0.07 0.00 0.01 0.01 -0.01 0.01 93.84 87.59 90.05 
8.19 0.04 0.04 0.07 0.07 0.01 0.01 0.01 -0.01 0.00 93.88 87.66 90.07 
8.29 0.04 0.04 0.07 0.07 0.01 0.01 0.02 -0.01 0.00 93.92 87.74 90.07 
8.40 0.04 0.04 0.07 0.07 0.01 0.01 0.02 -0.01 0.00 93.87 87.68 90.09 
8.50 0.03 0.04 0.07 0.07 0.01 0.01 0.02 -0.01 0.01 93.96 87.67 90.05 
8.60 0.04 0.04 0.07 0.07 0.01 0.01 0.02 -0.01 0.00 94.16 87.72 90.01 
8.70 0.05 0.04 0.07 0.07 0.01 0.01 0.02 -0.01 0.01 94.02 87.68 90.08 
8.81 0.05 0.04 0.06 0.07 0.01 0.01 0.01 -0.01 0.00 94.14 87.66 90.07 
8.91 0.04 0.04 0.07 0.07 0.01 0.01 0.02 -0.01 0.00 93.97 87.66 90.03 
9.02 0.04 0.04 0.07 0.07 0.01 0.01 0.02 -0.00 0.00 94.05 87.62 90.03 
9.12 0.01 0.04 0.10 0.07 -0.00 0.01 0.01 -0.01 0.00 94.01 87.49 90.03 
9.22 0.04 0.04 0.07 0.07 0.01 0.01 0.02 -0.01 0.01 94.17 87.74 90.05 
9.32 0.03 0.04 0.06 0.07 0.01 0.01 0.01 -0.01 0.00 94.10 87.59 90.06 
9.43 0.04 0.04 0.07 0.07 0.00 0.01 0.01 -0.01 0.00 93.99 87.66 90.05 
9.53 0.05 0.04 0.07 0.07 0.02 0.02 0.01 -0.01 0.00 94.09 87.59 90.06 
9.63 0.03 0.04 0.07 0.07 0.01 0.01 0.01 -0.02 0.00 94.20 87.42 90.05 
9.73 0.04 0.04 0.07 0.07 0.01 0.01 0.01 -0.01 0.01 94.17 87.56 90.05 
9.84 0.05 0.04 0.06 0.07 0.02 0.01 0.01 -0.02 0.01 94.12 87.56 90.05 
9.94 0.05 0.05 0.05 0.07 0.02 0.02 0.01 -0.01 0.00 94.42 87.46 90.06 
10.04 0.05 0.05 0.08 0.07 0.02 0.02 0.01 -0.01 0.00 94.16 87.24 90.08 
10.14 0.05 0.04 0.07 0.07 0.01 0.01 0.01 -0.01 0.00 94.06 87.49 90.05 
10.25 0.05 0.04 0.06 0.07 0.01 0.01 0.01 -0.01 0.00 93.99 87.64 90.02 
10.35 0.04 0.04 0.06 0.07 0.01 0.01 0.01 -0.01 0.01 94.02 87.54 90.09 
10.46 0.04 0.04 0.07 0.07 0.01 0.01 0.02 -0.01 0.00 93.85 87.57 90.06 
10.56 0.05 0.04 0.07 0.07 0.02 0.01 0.01 -0.01 0.01 93.99 87.59 90.08 
10.66 0.06 0.05 0.09 0.07 0.02 0.02 0.01 -0.02 0.00 94.05 87.29 90.04 
10.77 0.04 0.04 0.07 0.07 0.01 0.01 0.01 -0.01 0.00 93.96 87.43 90.05 
10.87 0.03 0.04 0.07 0.07 -0.01 -0.01 0.02 -0.01 0.00 93.86 87.86 90.03 
10.97 0.04 0.04 0.07 0.07 0.00 0.00 0.01 -0.01 0.01 93.94 87.75 90.04 
11.07 0.05 0.04 0.07 0.07 0.01 0.01 0.02 -0.01 0.00 94.09 87.57 90.04 
11.18 0.04 0.04 0.07 0.07 0.01 0.01 0.01 -0.01 0.01 94.10 87.70 90.03 
11.28 0.04 0.04 0.08 0.07 0.01 0.01 0.01 -0.01 0.00 93.99 87.60 90.03 
11.38 0.04 0.04 0.07 0.07 0.01 0.01 0.01 -0.00 0.01 94.13 87.54 90.05 
11.48 0.04 0.04 0.06 0.07 0.01 0.01 0.01 -0.01 0.00 94.16 87.46 90.05 
11.59 0.04 0.04 0.07 0.07 0.01 0.01 0.01 -0.01 0.00 93.91 87.52 90.01 
11.69 0.04 0.04 0.07 0.07 0.01 0.01 0.01 -0.01 0.00 93.89 87.61 90.05 
11.79 0.04 0.04 0.07 0.07 0.01 0.01 0.01 -0.01 0.00 93.90 87.56 90.03 
11.89 0.04 0.04 0.08 0.07 0.01 0.01 0.01 -0.01 0.00 94.07 87.59 90.04 
12.00 0.06 0.05 0.08 0.07 0.01 0.01 0.02 -0.01 0.00 94.13 87.56 90.04 
12.10 0.05 0.04 0.06 0.07 0.02 0.02 0.01 -0.01 0.01 94.01 87.57 90.08 
12.21 0.05 0.04 0.07 0.07 0.01 0.01 0.01 -0.01 0.00 93.86 87.65 90.05 
12.31 0.05 0.04 0.08 0.07 0.01 0.01 0.01 -0.01 0.00 94.00 87.57 90.05 
12.41 0.05 0.04 0.06 0.07 0.02 0.02 0.02 -0.01 0.00 93.84 87.50 90.06 
12.51 0.04 0.04 0.07 0.07 0.02 0.02 0.02 -0.01 0.00 94.00 87.62 90.01 
12.61 0.05 0.04 0.07 0.07 0.01 0.01 0.01 -0.01 0.00 94.02 87.63 90.06 
12.72 0.04 0.04 0.06 0.07 0.01 0.01 0.02 -0.01 0.00 94.12 87.61 90.06 
12.82 0.05 0.05 0.08 0.07 0.02 0.03 0.01 -0.01 0.00 94.07 87.22 90.06 
12.93 0.04 0.04 0.07 0.07 0.01 0.01 0.01 -0.01 0.00 94.26 87.51 90.02 
13.03 0.04 0.04 0.07 0.07 0.02 0.02 0.01 -0.01 0.00 94.12 87.52 90.06 
13.13 0.04 0.04 0.07 0.07 0.02 0.02 0.01 -0.01 0.00 94.14 87.58 90.04 
13.23 0.04 0.04 0.07 0.07 0.02 0.02 0.01 -0.01 0.00 94.08 87.65 90.04 
13.33 0.04 0.04 0.07 0.07 0.01 0.01 0.01 -0.01 0.00 94.11 87.62 90.05 
13.44 0.04 0.04 0.06 0.07 0.00 0.00 0.01 -0.01 0.00 93.98 87.60 90.06 
13.54 0.05 0.04 0.07 0.07 0.01 0.01 0.01 -0.01 0.00 93.99 87.68 90.05 
13.64 0.04 0.04 0.07 0.07 0.01 0.01 0.01 -0.01 0.01 93.92 87.54 90.04 
13.75 0.04 0.04 0.07 0.07 0.02 0.03 0.01 -0.01 0.00 93.96 87.51 90.05 
13.85 0.04 0.04 0.06 0.07 0.02 0.02 0.01 -0.01 0.01 93.93 87.62 90.06 
13.95 0.04 0.04 0.07 0.07 0.01 0.01 0.01 -0.01 0.00 93.98 87.51 90.04 
14.06 0.04 0.04 0.06 0.07 0.01 0.01 0.01 -0.01 0.00 93.96 87.44 90.04 
14.16 0.04 0.04 0.07 0.07 0.01 0.01 0.01 -0.01 0.00 93.98 87.63 90.05 
14.27 0.04 0.04 0.07 0.07 0.02 0.02 0.01 -0.01 0.00 94.07 87.61 90.06 
14.37 0.06 0.04 0.07 0.07 0.02 0.01 0.01 -0.01 0.01 94.04 87.63 90.08 
14.47 0.05 0.05 0.07 0.07 0.02 0.02 0.02 -0.01 0.00 94.07 87.24 90.05 
14.57 0.04 0.04 0.07 0.07 0.03 0.02 0.01 -0.01 0.00 94.04 87.51 90.04 
14.68 0.04 0.04 0.08 0.07 0.02 0.03 0.01 -0.02 0.00 93.92 87.48 90.06 
14.78 0.04 0.04 0.08 0.07 -0.00 -0.00 0.01 -0.01 0.00 93.97 87.63 90.03 
14.89 0.04 0.04 0.07 0.07 0.02 0.02 0.01 -0.01 0.01 94.05 87.51 90.03 
14.99 0.03 0.04 0.07 0.07 0.01 0.01 0.01 -0.01 0.00 94.04 87.65 90.05 
15.09 0.03 0.04 0.09 0.07 0.00 0.00 0.01 -0.01 0.01 94.06 87.44 90.05 
15.19 0.04 0.04 0.08 0.07 0.03 0.03 0.02 -0.01 0.00 94.13 87.50 90.02 
15.30 0.04 0.04 0.07 0.07 0.03 0.03 0.01 -0.01 0.00 94.23 87.62 90.05 
15.40 0.04 0.04 0.07 0.07 0.02 0.02 0.01 -0.01 0.00 94.29 87.64 90.05 
15.51 0.04 0.04 0.06 0.07 0.02 0.02 0.01 -0.01 0.01 94.01 87.65 90.06 
15.61 0.09 0.05 0.10 0.08 -6.21 -0.88 0.01 -0.02 0.00 94.43 87.57 90.05 
15.72 0.04 0.04 0.08 0.07 0.01 0.01 0.01 -0.02 0.00 94.04 87.46 90.05 
15.82 0.03 0.04 0.07 0.07 0.02 0.02 0.02 -0.02 0.00 94.15 87.52 90.07 
15.92 0.03 0.04 0.07 0.07 0.02 0.02 0.01 -0.01 0.00 94.09 87.59 90.06 
16.02 0.04 0.04 0.07 0.07 0.00 0.00 0.01 -0.01 0.00 94.02 87.61 90.03 
16.12 0.06 0.04 0.08 0.07 0.01 -0.00 0.01 -0.01 0.01 94.12 87.52 90.06 
16.23 0.05 0.04 0.07 0.07 0.01 0.01 0.02 -0.01 0.00 94.04 87.51 90.04 
16.33 0.04 0.04 0.07 0.07 0.01 0.01 0.02 -0.01 0.01 93.88 87.43 90.07 
16.43 0.03 0.05 0.07 0.07 0.02 0.02 0.01 -0.01 0.00 94.21 87.33 90.04 
16.53 0.06 0.05 0.06 0.07 0.02 0.02 0.01 -0.01 0.01 94.33 87.27 90.02 
16.63 0.04 0.04 0.07 0.07 0.00 0.00 0.01 -0.02 0.01 94.18 87.53 90.04 
16.73 0.03 0.04 0.07 0.07 0.01 0.01 0.01 -0.01 0.01 94.09 87.66 90.07 
16.84 0.04 0.04 0.07 0.07 0.01 0.00 0.01 -0.01 0.00 94.02 87.62 90.04 
16.94 0.05 0.04 0.07 0.07 0.01 0.01 0.02 -0.00 0.00 94.00 87.50 90.03 
17.04 0.04 0.04 0.07 0.07 0.02 0.02 0.01 -0.02 0.00 94.19 87.65 90.07 
17.15 0.05 0.04 0.07 0.07 0.01 0.01 0.01 -0.01 0.00 94.04 87.62 90.05 
17.25 0.04 0.04 0.07 0.07 0.01 0.01 0.01 -0.01 0.01 94.02 87.41 90.04 
17.35 0.05 0.04 0.08 0.07 0.00 0.00 0.01 -0.01 0.00 94.08 87.56 90.04 
17.46 0.04 0.04 0.07 0.07 0.01 0.02 0.01 -0.01 0.01 94.08 87.48 90.06 
17.56 0.04 0.05 0.07 0.07 0.02 0.02 0.01 -0.01 0.01 94.22 87.03 90.07 
17.66 0.04 0.05 0.07 0.07 0.01 0.01 0.01 -0.01 0.00 94.07 87.39 90.05 
17.76 0.05 0.05 0.08 0.07 0.01 0.01 0.01 -0.01 0.01 94.06 87.41 90.08 
17.86 0.04 0.04 0.06 0.07 0.01 0.01 0.01 -0.01 0.00 94.13 87.55 90.05 
17.96 0.05 0.04 0.07 0.07 0.00 0.00 0.02 -0.01 0.00 94.05 87.58 90.05 
18.07 0.05 0.04 0.06 0.07 0.01 0.01 0.02 -0.01 0.00 93.88 87.55 90.03 
18.17 0.03 0.04 0.07 0.07 0.01 0.01 0.02 -0.01 0.01 93.93 87.42 90.06 
18.27 0.04 0.04 0.06 0.07 0.01 0.01 0.01 -0.01 0.01 93.91 87.59 90.06 
18.37 0.04 0.04 0.06 0.07 0.01 0.01 0.01 -0.01 0.00 93.92 87.55 90.05 
18.48 0.03 0.04 0.07 0.07 0.00 0.01 0.02 -0.01 0.00 93.87 87.75 90.07 
18.58 0.04 0.04 0.07 0.07 0.03 0.03 0.01 -0.01 0.00 94.01 87.60 90.04 
18.68 0.02 0.04 0.08 0.07 0.01 0.01 0.01 -0.01 0.00 94.03 87.55 90.03 
18.78 0.05 0.04 0.06 0.07 0.02 0.01 0.02 -0.01 0.01 94.06 87.66 90.07 
18.89 0.04 0.04 0.07 0.06 0.02 0.02 0.02 -0.01 0.00 93.62 87.50 90.04 
18.99 0.04 0.04 0.07 0.07 0.01 0.01 0.01 -0.01 0.00 93.95 87.58 90.03 
19.09 0.04 0.04 0.06 0.07 0.02 0.02 0.01 -0.02 0.01 93.99 87.64 90.02 
19.19 0.05 0.05 0.08 0.08 0.01 0.01 0.01 -0.01 0.00 94.30 87.42 90.04 
19.29 0.03 0.04 0.06 0.07 0.01 0.01 0.01 -0.01 0.00 94.17 87.55 90.04 
19.39 0.04 0.04 0.07 0.07 0.02 0.02 0.01 -0.01 0.00 93.90 87.83 90.05 
19.50 0.04 0.04 0.07 0.07 0.03 0.04 0.01 -0.01 0.00 93.94 87.55 90.05 
19.60 0.05 0.04 0.08 0.07 0.02 0.02 0.01 -0.01 0.00 93.87 87.82 90.05 
19.70 0.04 0.04 0.07 0.07 0.03 0.03 0.02 -0.01 0.00 94.01 87.64 90.07 
19.80 0.03 0.04 0.05 0.07 0.02 0.03 0.01 -0.01 0.01 94.18 87.88 90.07 
19.91 0.05 0.04 0.07 0.07 0.02 0.02 0.02 -0.01 0.00 93.69 87.93 90.03 
20.01 0.05 0.04 0.07 0.07 0.03 0.03 0.02 -0.01 0.00 93.94 87.53 90.05 
20.11 0.05 0.04 0.07 0.07 0.04 0.04 0.02 -0.01 0.00 93.98 87.61 90.05 
20.22 0.04 0.04 0.07 0.07 0.02 0.02 0.01 -0.01 0.00 94.06 87.55 90.02 
20.32 0.04 0.04 0.08 0.07 0.02 0.02 0.01 -0.01 0.01 94.03 87.81 90.06 
20.42 0.04 0.04 0.07 0.07 0.02 0.01 0.01 -0.01 0.00 94.05 87.68 90.05 
20.53 0.05 0.04 0.07 0.07 0.02 0.02 0.02 -0.00 0.00 93.92 87.88 90.01 
20.63 0.04 0.04 0.07 0.07 0.01 0.01 0.01 -0.01 0.01 94.00 87.66 90.06 
20.73 0.05 0.04 0.07 0.07 0.01 0.01 0.02 -0.01 0.00 94.01 87.66 90.01 
20.84 0.04 0.04 0.07 0.07 0.01 0.01 0.02 -0.01 0.00 93.95 87.65 90.05 
20.94 0.05 0.04 0.06 0.07 0.03 0.03 0.02 -0.02 0.00 93.91 87.46 90.05 
21.04 0.05 0.04 0.07 0.07 0.01 0.01 0.01 -0.01 0.01 93.93 87.57 90.07 
21.14 0.05 0.04 0.07 0.07 0.01 0.01 0.01 -0.01 0.00 94.00 87.58 90.04 
21.24 0.04 0.04 0.07 0.07 -3.07 -0.46 0.01 -0.01 0.00 93.94 87.75 90.04 
21.34 0.05 0.04 0.06 0.07 0.02 0.02 0.01 -0.01 0.00 94.01 87.57 90.06 
21.44 0.04 0.04 0.07 0.07 0.02 0.01 0.02 -0.01 0.00 94.10 87.46 90.04 
21.55 0.05 0.04 0.07 0.07 0.01 0.01 0.02 -0.01 0.00 93.97 87.66 90.06 
21.65 0.05 0.04 0.07 0.07 0.01 0.01 0.01 -0.01 0.00 94.15 87.60 90.05 
21.76 0.04 0.04 0.07 0.07 0.01 0.01 0.02 -0.01 0.00 94.09 87.64 90.05 
21.86 0.04 0.04 0.07 0.07 0.01 0.01 0.01 -0.01 0.00 94.04 87.60 90.02 
21.96 0.05 0.04 0.08 0.07 0.01 0.01 0.02 -0.01 0.00 94.21 87.55 90.03 
22.06 0.04 0.04 0.07 0.07 0.01 0.01 0.01 -0.01 0.00 94.06 87.61 90.06 
22.17 0.04 0.04 0.08 0.07 0.01 0.01 0.02 -0.01 0.00 94.01 87.62 90.04 
22.27 0.06 0.05 0.06 0.08 0.02 0.02 0.01 -0.01 0.00 94.55 87.40 90.05 
22.37 0.04 0.04 0.07 0.07 0.01 0.01 0.01 -0.01 0.01 94.06 87.56 90.08 
22.48 0.05 0.04 0.06 0.07 0.01 0.01 0.02 -0.01 0.00 94.08 87.55 90.05 
22.58 0.01 0.04 0.09 0.07 0.00 0.01 0.02 -0.01 0.00 93.68 87.66 90.05 
22.68 0.04 0.05 0.08 0.07 0.02 0.02 0.01 -0.01 0.00 94.06 87.27 90.06 
22.79 0.04 0.04 0.07 0.07 0.01 0.02 0.02 -0.01 0.00 94.14 87.40 90.03 
22.89 0.04 0.04 0.07 0.07 0.02 0.02 0.01 -0.01 0.00 94.08 87.60 90.05 
22.99 0.05 0.04 0.07 0.07 0.00 0.00 0.02 -0.01 0.00 94.34 87.98 90.03 
23.09 0.05 0.04 0.08 0.07 0.02 0.02 0.01 -0.01 0.00 94.09 87.61 90.03 
23.19 0.04 0.04 0.08 0.07 0.07 0.06 0.01 -0.01 0.00 93.98 87.57 90.05 
23.30 0.04 0.04 0.07 0.07 0.02 0.02 0.01 -0.02 0.00 93.87 87.56 90.03 
23.40 0.05 0.04 0.07 0.07 0.01 0.01 0.01 -0.01 0.01 94.01 87.53 90.04 
23.51 0.04 0.04 0.07 0.07 0.01 0.01 0.02 -0.01 0.00 93.91 87.60 90.04 
23.61 0.05 0.04 0.07 0.07 0.02 0.01 0.02 -0.00 0.00 94.04 87.54 90.03 
23.71 0.05 0.04 0.07 0.07 0.02 0.01 0.01 -0.01 0.00 93.94 87.62 90.03 
23.82 0.04 0.04 0.08 0.07 0.01 0.01 0.01 -0.01 0.00 94.04 87.67 90.07 
23.92 0.04 0.04 0.07 0.07 0.01 0.01 0.01 -0.00 0.00 94.16 87.63 90.05 
24.02 0.05 0.04 0.07 0.07 0.03 0.03 0.01 -0.01 0.00 94.16 87.64 90.05 
24.12 0.02 0.03 0.09 0.07 -0.01 -0.01 0.01 -0.01 0.00 93.67 87.94 90.06 
24.23 0.04 0.04 0.08 0.07 -0.01 -0.00 0.01 -0.00 0.00 93.85 87.85 90.06 
24.33 0.04 0.04 0.06 0.07 -0.00 -0.00 0.01 -0.01 0.01 94.10 87.67 90.05 
24.43 0.04 0.04 0.07 0.07 0.01 0.01 0.02 -0.01 0.01 94.19 87.46 90.05 
24.54 0.04 0.04 0.07 0.07 0.00 0.00 0.01 -0.01 0.00 94.02 87.58 90.06 
24.64 0.04 0.04 0.07 0.07 0.01 0.01 0.01 -0.01 0.00 94.09 87.56 90.06 
24.74 0.04 0.04 0.07 0.07 -0.00 0.00 0.01 -0.01 0.00 93.96 87.52 90.06 
24.84 0.05 0.04 0.07 0.07 -0.00 -0.00 0.01 -0.01 0.00 93.98 87.55 90.06 
24.94 0.04 0.04 0.07 0.07 -0.00 0.00 0.02 -0.01 0.01 94.07 87.60 90.06 
25.05 0.04 0.04 0.07 0.07 0.00 0.00 0.01 -0.01 0.00 94.04 87.60 90.07 
25.15 0.05 0.04 0.07 0.07 -0.00 -0.00 0.01 -0.01 0.01 94.03 87.65 90.05 
25.25 0.04 0.04 0.07 0.07 0.00 0.00 0.02 -0.01 0.00 93.99 87.47 90.06 
25.35 0.05 0.04 0.07 0.07 0.01 0.00 0.01 -0.01 0.01 94.05 87.50 90.03 
25.45 0.05 0.04 0.07 0.07 0.01 0.01 0.01 -0.01 0.00 94.12 87.50 90.03 
25.55 0.04 0.05 0.06 0.07 0.01 0.01 0.01 -0.01 0.00 94.17 87.26 90.06 
25.65 0.05 0.05 0.06 0.07 0.01 0.01 0.02 -0.01 0.00 94.01 87.42 90.03 
25.75 0.04 0.04 0.07 0.07 -0.00 -0.00 0.01 -0.01 0.00 93.76 87.81 90.05 
25.86 0.04 0.04 0.07 0.07 0.00 -0.00 0.01 -0.01 0.01 93.95 87.66 90.05 
25.96 0.04 0.04 0.07 0.07 -0.00 -0.00 0.01 -0.01 0.00 93.99 87.49 90.04 
26.07 0.02 0.04 0.06 0.07 0.00 0.01 0.01 -0.01 0.00 93.85 87.53 90.05 
26.17 0.05 0.04 0.08 0.07 0.00 -0.01 0.02 -0.01 0.00 93.76 87.75 90.05 
26.27 0.05 0.04 0.07 0.07 -0.01 -0.01 0.01 -0.01 0.00 94.03 87.64 90.05 
26.37 0.03 0.04 0.07 0.07 -0.00 -0.00 0.02 -0.01 0.00 94.08 87.63 90.03 
26.50 0.04 0.04 0.06 0.07 -0.00 -0.00 0.01 -0.01 0.01 94.03 87.66 90.07 
26.63 0.03 0.04 0.07 0.07 -0.01 -0.00 0.01 -0.01 0.00 94.02 87.71 90.05 
26.77 0.03 0.04 0.07 0.07 0.00 -0.01 0.01 -0.01 0.00 94.04 87.76 90.04 
26.91 0.04 0.04 0.07 0.07 -0.01 0.00 0.01 -0.01 0.00 94.06 87.73 90.04 
27.01 0.04 0.04 0.06 0.07 -0.01 -0.01 0.01 -0.01 0.00 94.01 87.74 90.05 
27.11 0.04 0.04 0.07 0.07 0.00 0.00 0.02 -0.01 0.00 93.98 87.62 90.05 
27.21 0.04 0.04 0.07 0.07 -0.00 -0.00 0.01 -0.01 0.00 93.96 87.62 90.03 
27.31 0.05 0.04 0.06 0.07 0.00 0.00 0.02 -0.01 0.00 94.07 87.60 90.04 
27.41 0.05 0.04 0.07 0.07 -0.01 -0.01 0.01 -0.01 0.00 93.97 87.53 90.03 
27.51 0.04 0.04 0.08 0.07 -0.00 -0.00 0.02 -0.01 0.00 94.05 87.57 90.04 
27.62 0.04 0.04 0.07 0.07 0.00 0.00 0.01 -0.01 0.00 94.01 87.61 90.07 
27.72 0.04 0.04 0.07 0.07 -0.00 -0.00 0.01 -0.02 0.00 94.15 87.61 90.05 
27.82 0.05 0.04 0.07 0.07 -0.03 -0.03 0.01 -0.01 0.01 94.09 87.53 90.06 
27.92 0.03 0.04 0.08 0.07 0.01 0.01 0.01 -0.01 0.00 94.07 87.86 90.03 
28.02 0.04 0.04 0.07 0.07 0.01 0.01 0.01 -0.01 0.01 94.13 87.84 90.07 
28.12 0.04 0.04 0.07 0.08 0.03 0.03 0.01 -0.01 0.01 94.41 87.42 90.05 
28.23 0.04 0.04 0.07 0.07 0.01 0.01 0.01 -0.01 0.01 94.04 87.61 90.08 
28.33 0.04 0.04 0.07 0.07 0.01 0.01 0.02 -0.01 0.00 93.99 87.62 90.04 
28.43 0.05 0.04 0.07 0.07 0.02 0.02 0.01 -0.02 0.00 94.00 87.76 90.03 
28.53 0.05 0.04 0.07 0.07 0.01 0.01 0.02 -0.01 0.00 94.01 87.53 90.04 
28.64 0.03 0.04 0.07 0.07 0.01 0.01 0.02 -0.01 0.00 93.94 87.59 90.05 
28.74 0.04 0.04 0.07 0.07 0.01 0.01 0.01 -0.01 0.00 93.96 87.65 90.06 
28.84 0.07 0.05 0.06 0.07 0.02 0.01 0.02 -0.01 0.00 94.39 87.63 90.06 
28.95 0.04 0.04 0.08 0.07 0.01 0.01 0.01 -0.01 0.00 94.03 87.59 90.05 
29.05 0.04 0.04 0.08 0.07 0.01 0.01 0.02 -0.01 0.00 94.02 87.53 90.05 
29.16 0.03 0.04 0.07 0.07 0.01 0.02 0.02 -0.01 0.00 93.85 87.31 90.07 
29.26 0.06 0.05 0.08 0.07 0.01 0.01 0.01 -0.01 0.00 93.93 87.47 90.04 
29.36 0.04 0.04 0.07 0.07 0.01 0.01 0.02 -0.01 0.00 94.34 87.59 90.05 
29.46 0.04 0.04 0.08 0.07 0.00 0.00 0.01 -0.01 0.00 94.19 87.69 90.05 
29.56 0.04 0.04 0.06 0.07 0.01 0.01 0.01 -0.01 0.00 94.01 87.59 90.10 
29.67 0.05 0.04 0.07 0.07 0.02 0.01 0.01 -0.01 0.00 94.00 87.56 90.03 
29.77 0.03 0.04 0.07 0.07 0.00 0.01 0.01 -0.01 0.00 93.99 87.59 90.04 
29.87 0.05 0.04 0.05 0.07 0.01 0.00 0.01 -0.01 0.00 94.15 87.50 90.05 
29.97 0.04 0.04 0.07 0.07 0.00 0.00 0.01 -0.01 0.00 94.06 87.57 90.09 
30.08 0.05 0.04 0.08 0.07 0.01 0.01 0.01 -0.01 0.00 94.11 87.52 90.06 
30.18 0.04 0.04 0.07 0.07 0.01 0.01 0.02 -0.01 0.01 94.11 87.51 90.06 
30.28 0.04 0.04 0.07 0.07 0.02 0.02 0.01 -0.01 0.00 94.17 87.42 90.05 
30.38 0.04 0.04 0.07 0.07 0.01 0.01 0.01 -0.01 0.00 94.06 87.43 90.05 
30.49 0.04 0.05 0.07 0.07 0.01 0.01 0.01 -0.01 0.00 94.12 87.31 90.04 
30.59 0.04 0.04 0.07 0.07 0.01 0.01 0.01 -0.01 0.00 94.14 87.53 90.07 
30.69 0.04 0.04 0.07 0.07 0.01 0.01 0.01 -0.01 0.00 94.09 87.53 90.03 
30.79 0.05 0.04 0.07 0.07 0.01 0.01 0.02 -0.01 0.00 93.99 87.58 90.03 
30.90 0.04 0.04 0.07 0.07 0.01 0.01 0.01 -0.01 0.00 93.94 87.71 90.02 
31.00 0.04 0.04 0.08 0.07 0.01 0.01 0.01 -0.02 0.00 93.99 87.45 90.02 
31.10 0.04 0.04 0.07 0.07 0.01 -2.61 0.01 -0.01 0.00 93.95 87.56 90.04 
31.20 0.04 0.04 0.09 0.07 0.01 0.01 0.02 -0.01 0.00 94.13 87.45 90.04 
31.31 0.05 0.04 0.07 0.07 -0.00 -0.00 0.01 -0.01 0.00 94.09 87.65 90.04 
31.41 0.04 0.04 0.07 0.07 0.01 0.01 0.02 -0.01 0.00 93.93 87.55 90.02 
31.51 0.05 0.04 0.07 0.07 0.01 0.01 0.02 -0.00 0.00 94.01 87.61 90.03 
31.61 0.05 0.04 0.06 0.07 0.01 0.00 0.01 -0.01 0.01 93.99 87.59 90.07 
31.72 0.05 0.04 0.07 0.07 0.01 0.01 0.01 -0.01 0.00 94.01 87.52 90.05 
31.82 0.04 0.04 0.07 0.07 0.01 0.01 0.01 -0.01 0.01 94.07 87.57 90.04 
31.92 0.05 0.04 0.07 0.07 -0.00 -0.00 0.01 -0.01 0.00 94.17 87.63 90.07 
32.02 0.05 0.04 0.06 0.07 0.01 0.01 0.01 -0.01 0.01 93.94 87.62 90.06 
32.13 0.03 0.04 0.08 0.07 0.00 0.00 0.01 -0.01 0.00 93.93 87.60 90.05 
32.23 0.05 0.05 0.07 0.07 0.02 0.02 0.01 -0.01 0.01 94.12 87.32 90.06 
32.33 0.05 0.04 0.07 0.07 0.02 0.01 0.01 -0.01 0.01 94.01 87.46 90.07 
32.43 0.06 0.04 0.08 0.07 0.01 0.01 0.02 -0.01 0.00 94.21 87.61 90.05 
32.54 0.03 0.04 0.07 0.07 0.01 0.01 0.02 -0.01 0.00 94.12 87.52 90.01 
32.64 0.04 0.04 0.07 0.07 -0.00 -0.00 0.01 -0.01 0.00 93.78 87.82 90.05 
32.74 0.04 0.04 0.07 0.07 0.01 0.01 0.02 -0.00 0.00 93.85 87.62 90.03 
32.84 0.04 0.04 0.07 0.07 -3.07 -0.45 0.01 -0.01 0.00 93.98 87.58 90.05 
32.95 0.04 0.04 0.06 0.07 0.01 0.01 0.02 -0.01 0.01 93.92 87.59 90.08 
33.05 0.04 0.04 0.07 0.07 0.01 0.01 0.01 -0.01 0.00 93.98 87.55 90.05 
33.15 0.04 0.04 0.07 0.07 0.01 0.02 0.02 -0.01 0.00 94.00 87.59 90.04 
33.25 0.04 0.04 0.07 0.07 0.01 0.01 0.01 -0.01 0.00 94.02 87.57 90.04 
33.36 0.03 0.04 0.07 0.07 0.00 0.00 0.01 -0.01 0.00 93.74 87.85 90.03 
33.46 0.04 0.04 0.07 0.07 -0.00 -0.00 0.01 -0.01 0.01 94.01 87.70 90.05 
33.56 0.04 0.04 0.08 0.07 0.01 0.01 0.01 -0.02 0.01 94.08 87.45 90.03 
33.66 0.04 0.04 0.07 0.07 0.01 0.01 0.01 -0.02 0.00 94.02 87.62 90.04 
33.77 0.03 0.04 0.06 0.07 -0.00 -0.00 0.01 -0.01 0.00 94.03 87.57 90.03 
33.87 0.02 0.03 0.07 0.07 -0.01 -0.00 0.02 -0.01 0.00 94.02 88.10 90.02 
33.97 0.02 0.03 0.07 0.07 -0.00 0.00 0.01 -0.01 0.00 94.06 87.90 90.05 
34.07 0.04 0.04 0.08 0.07 -0.01 -0.00 0.01 -0.01 0.01 94.02 87.93 90.05 
34.18 0.04 0.04 0.07 0.07 0.01 0.01 0.01 -0.01 0.00 94.10 87.61 90.04 
34.28 0.04 0.04 0.08 0.07 0.00 0.00 0.01 -0.01 0.01 94.16 87.62 90.03 
34.39 0.04 0.04 0.07 0.07 0.00 0.00 0.01 -0.01 0.00 94.18 87.54 90.05 
34.49 0.04 0.05 0.07 0.07 0.01 0.02 0.01 -0.01 0.01 94.08 87.33 90.05 
34.59 0.03 0.04 0.07 0.07 0.00 0.01 0.01 -0.01 0.00 94.08 87.61 90.03 
34.70 0.05 0.04 0.07 0.07 0.01 0.01 0.02 -0.01 0.00 94.01 87.64 90.06 
34.80 0.04 0.04 0.06 0.07 0.01 0.01 0.01 -0.01 0.00 94.09 87.68 90.04 
34.90 0.04 0.04 0.07 0.07 0.01 0.01 0.01 -0.01 0.00 94.08 87.66 90.05 
35.00 0.05 0.04 0.07 0.07 0.01 0.01 0.01 -0.01 0.00 94.08 87.63 90.03 
35.11 0.04 0.04 0.06 0.07 0.01 0.01 0.02 -0.01 0.00 94.04 87.60 90.01 
35.21 0.04 0.04 0.06 0.07 0.01 0.01 0.01 -0.01 0.00 93.85 87.63 90.03 
35.31 0.03 0.04 0.07 0.07 0.01 0.00 0.01 -0.01 0.00 93.96 87.71 90.02 
35.42 0.04 0.04 0.07 0.07 0.01 0.01 0.01 -0.01 0.00 94.00 87.64 90.05 
35.52 0.04 0.04 0.08 0.07 0.01 0.01 0.01 -0.01 0.00 94.16 87.57 90.04 
35.62 0.05 0.04 0.07 0.07 0.02 0.02 0.02 -0.01 0.00 94.10 87.48 90.02 
35.73 0.04 0.04 0.07 0.07 0.02 0.02 0.01 -0.01 0.00 93.98 87.45 90.03 
35.83 0.04 0.04 0.07 0.07 0.01 0.01 0.02 -0.01 0.00 93.85 87.58 90.06 
35.93 0.04 0.04 0.06 0.07 0.01 0.01 0.01 -0.01 0.00 93.92 87.59 90.05 
36.03 0.04 0.04 0.07 0.07 0.01 0.01 0.01 -0.01 0.00 93.99 87.59 90.05 
36.14 0.05 0.05 0.10 0.08 0.02 0.02 0.01 -0.01 0.01 94.19 87.41 90.06 
36.24 0.05 0.04 0.07 0.07 0.02 0.01 0.01 -0.01 0.00 94.17 87.50 90.03 
36.34 0.05 0.04 0.07 0.07 0.02 0.02 0.02 -0.01 0.01 94.01 87.50 90.06 
36.45 0.03 0.04 0.08 0.07 0.02 0.02 0.02 -0.00 0.00 94.04 87.30 90.03 
36.55 0.04 0.05 0.08 0.07 0.02 0.02 0.01 -0.01 0.00 93.72 87.35 90.05 
36.66 0.05 0.04 0.08 0.07 0.01 0.01 0.01 -0.01 0.00 93.96 87.53 90.05 
36.76 0.02 0.04 0.03 0.07 0.02 0.02 0.02 -0.01 0.00 94.22 87.49 90.04 
36.86 0.04 0.04 0.07 0.06 0.02 0.02 0.01 -0.01 0.00 93.55 87.65 90.05 
36.96 0.04 0.04 0.06 0.07 0.01 0.01 0.01 -0.01 0.00 93.73 87.61 90.05 
37.06 0.04 0.04 0.07 0.07 0.02 0.02 0.01 -0.01 0.00 94.01 87.59 90.05 
37.16 0.05 0.04 0.06 0.07 0.02 0.02 0.01 -0.01 0.00 94.03 87.63 90.04 
37.27 0.04 0.04 0.08 0.07 0.02 0.02 0.01 -0.01 0.01 94.06 87.63 90.05 
37.37 0.04 0.04 0.07 0.07 0.01 0.01 0.02 -0.01 0.00 94.09 87.54 90.04 
37.47 0.04 0.04 0.10 0.07 0.00 0.00 0.02 -0.01 0.00 94.26 87.71 90.05 
37.57 0.05 0.04 0.07 0.07 0.01 0.01 0.01 -0.01 0.00 94.04 87.64 90.03 
37.68 0.08 0.05 0.11 0.07 0.04 0.03 0.01 -0.01 0.00 93.59 87.35 90.06 
37.78 0.05 0.04 0.06 0.07 0.02 0.02 0.02 -0.02 0.00 93.89 87.53 90.07 
37.88 0.05 0.04 0.07 0.07 0.03 0.03 0.01 -0.01 0.01 93.97 87.49 90.05 
37.98 0.03 0.05 0.10 0.08 0.02 0.02 0.02 -0.01 0.00 94.67 87.29 90.04 
38.09 0.05 0.04 0.06 0.07 0.02 0.02 0.01 -0.01 0.00 94.23 87.55 90.05 
38.19 0.03 0.04 0.08 0.07 -0.00 -0.00 0.01 -0.02 0.01 93.90 87.83 90.07 
38.29 0.04 0.04 0.08 0.07 0.02 0.02 0.01 -0.01 0.00 94.05 87.78 90.05 
38.40 0.04 0.04 0.08 0.07 0.02 0.02 0.02 -0.01 0.01 94.05 87.66 90.05 
38.50 0.04 0.04 0.08 0.07 0.01 0.01 0.01 -0.01 0.00 94.08 87.66 90.04 
38.60 0.04 0.04 0.07 0.07 0.01 0.01 0.01 -0.01 0.01 94.04 87.78 90.05 
38.70 0.04 0.04 0.08 0.07 0.01 0.01 0.01 -0.01 0.01 94.12 87.74 90.05 
38.81 0.04 0.04 0.08 0.07 0.01 0.01 0.02 -0.01 0.00 94.12 87.72 90.06 
38.91 0.04 0.04 0.07 0.07 0.01 0.01 0.01 -0.01 0.00 94.06 87.76 90.04 
39.01 0.05 0.04 0.07 0.07 -0.00 -0.00 0.01 -0.01 0.00 94.06 87.63 90.05 
39.12 0.04 0.04 0.07 0.07 0.01 0.01 0.01 -0.01 0.00 94.19 87.67 90.06 
39.22 0.04 0.04 0.07 0.07 0.01 0.01 0.01 -0.01 0.00 94.07 87.60 90.04 
39.33 0.04 0.04 0.07 0.07 0.01 0.01 0.02 -0.01 0.00 94.05 87.73 90.05 
39.43 0.04 0.04 0.06 0.07 0.01 0.01 0.01 -0.01 0.00 94.09 87.68 90.05 
39.54 0.04 0.04 0.07 0.07 0.02 0.01 0.02 -0.01 0.00 94.05 87.71 90.05 
39.64 0.05 0.04 0.06 0.07 0.02 0.02 0.01 -0.01 0.00 94.01 87.66 90.04 
39.74 0.04 0.04 0.06 0.07 0.02 0.02 0.01 -0.01 0.00 94.03 87.66 90.03 
39.84 0.04 0.04 0.07 0.07 0.01 0.02 0.02 -0.01 0.00 94.13 87.97 90.06 
39.94 0.05 0.04 0.07 0.07 0.01 0.01 0.01 -0.01 0.00 94.09 87.71 90.04 
40.04 0.04 0.04 0.08 0.07 0.01 0.01 0.01 -0.01 0.00 94.07 87.71 90.04 
40.15 0.05 0.04 0.07 0.07 0.02 0.02 0.02 -0.01 0.00 94.11 87.60 90.02 
40.25 0.04 0.04 0.07 0.07 0.02 0.02 0.01 -0.01 0.00 94.06 87.60 90.03 
40.35 0.04 0.04 0.08 0.07 0.01 0.01 0.02 -0.01 0.00 94.04 87.59 90.06 
40.46 0.04 0.04 0.07 0.07 0.01 0.01 0.01 -0.01 0.00 94.03 87.60 90.04 
40.56 0.04 0.04 0.07 0.07 0.02 0.02 0.02 -0.01 0.00 94.07 87.60 90.04 
40.66 0.03 0.04 0.07 0.07 0.02 0.02 0.02 -0.01 0.00 94.15 87.50 90.04 
40.77 0.04 0.04 0.07 0.07 0.01 0.01 0.02 -0.01 0.00 94.02 87.61 90.03 
40.87 0.04 0.04 0.05 0.07 0.02 0.02 0.01 -0.01 0.00 93.81 87.92 90.03 
40.97 0.02 0.04 0.09 0.07 0.00 0.01 0.02 -0.00 0.00 93.68 87.78 90.04 
41.07 0.05 0.04 0.07 0.07 0.01 0.01 0.01 -0.01 0.00 93.99 87.69 90.05 
41.18 0.04 0.04 0.08 0.07 0.01 0.01 0.02 -0.01 0.01 94.05 87.69 90.05 
41.28 0.03 0.04 0.07 0.07 0.01 0.01 0.01 -0.01 0.01 94.04 87.75 90.06 
41.38 0.04 0.04 0.08 0.07 0.02 0.02 0.01 -0.01 0.00 94.22 87.45 90.04 
41.48 0.02 0.04 0.07 0.07 0.01 0.01 0.01 -0.02 0.01 94.10 87.70 90.08 
41.59 0.05 0.04 0.07 0.07 0.02 0.02 0.02 -0.01 0.00 94.08 87.62 90.04 
41.69 0.07 0.05 0.13 0.08 0.02 0.02 0.01 -0.01 0.01 94.46 87.34 90.07 
41.79 0.04 0.04 0.07 0.07 0.02 0.02 0.01 -0.01 0.00 94.26 87.57 90.05 
41.89 0.04 0.04 0.07 0.07 0.02 0.02 0.02 -0.01 0.00 94.08 87.62 90.05 
41.99 0.05 0.05 0.06 0.07 0.04 0.04 0.01 -0.01 0.00 93.89 87.39 90.05 
42.10 0.05 0.04 0.06 0.08 0.03 0.03 0.01 -0.01 0.00 94.50 87.55 90.07 
42.20 0.04 0.04 0.08 0.07 0.02 0.02 0.01 -0.01 0.00 94.20 87.61 90.03 
42.30 0.04 0.04 0.07 0.07 0.02 0.02 0.02 -0.01 0.00 94.06 87.63 90.02 
42.40 0.04 0.04 0.06 0.07 0.01 0.01 0.02 -0.01 0.00 94.04 87.80 90.01 
42.51 0.03 0.03 0.08 0.07 0.01 0.01 0.02 -0.01 0.00 93.95 88.12 90.04 
42.61 0.04 0.04 0.07 0.07 0.02 0.02 0.01 -0.01 0.01 93.87 87.65 90.05 
42.71 0.04 0.04 0.07 0.07 0.02 0.02 0.01 -0.01 0.00 93.87 87.68 90.03 
42.82 0.01 0.04 0.01 0.06 0.02 0.03 0.01 -0.01 0.00 93.99 87.65 90.05 
42.92 0.08 0.03 0.11 0.07 0.00 -0.01 0.01 -0.01 0.00 93.80 88.68 90.04 
43.02 0.03 0.03 0.09 0.07 0.00 0.01 0.01 -0.01 0.00 93.95 88.25 90.03 
43.13 0.04 0.04 0.06 0.07 0.02 0.02 0.01 -0.01 0.00 94.41 87.80 90.07 
43.23 0.04 0.04 0.07 0.07 0.02 0.02 0.01 -0.02 0.01 94.10 87.69 90.09 
43.34 0.03 0.04 0.07 0.07 0.02 0.02 0.02 -0.01 0.00 94.04 87.58 90.04 
43.44 0.05 0.04 0.08 0.08 0.02 0.01 0.01 -0.00 0.00 94.64 87.73 90.03 
43.54 0.04 0.04 0.07 0.07 0.02 0.02 0.02 -0.01 0.00 94.14 87.65 90.03 
43.64 0.04 0.04 0.07 0.07 0.01 0.01 0.01 -0.01 0.00 94.10 87.73 90.05 
43.74 0.05 0.04 0.07 0.07 0.03 0.03 0.01 -0.01 0.00 93.99 87.64 90.06 
43.85 0.05 0.05 0.09 0.08 0.04 0.04 0.01 -0.01 0.00 94.27 87.20 90.05 
43.95 0.04 0.04 0.07 0.07 0.02 0.02 0.01 -0.01 0.01 94.14 87.53 90.09 
44.06 0.04 0.04 0.07 0.07 0.02 0.02 0.01 -0.01 0.00 94.10 87.54 90.07 
44.16 0.02 0.04 0.08 0.08 0.02 0.02 0.01 -0.01 0.01 94.28 87.23 90.04 
44.26 0.04 0.04 0.07 0.07 0.02 0.02 0.01 -0.01 0.00 94.15 87.58 90.03 
44.36 0.04 0.04 0.07 0.07 0.03 0.03 0.01 -0.01 0.00 94.11 87.61 90.05 
44.46 0.04 0.04 0.07 0.07 0.02 0.02 0.01 -0.02 0.00 94.08 87.65 90.05 
44.57 0.05 0.04 0.07 0.07 0.02 0.02 0.02 -0.01 0.00 93.94 87.64 90.03 
44.67 0.04 0.04 0.07 0.07 0.02 0.02 0.01 -0.00 0.01 93.95 87.59 90.05 
44.77 0.04 0.04 0.07 0.07 0.02 0.02 0.02 -0.01 0.00 93.92 87.48 90.02 
44.87 0.06 0.05 0.11 0.08 0.03 0.03 0.02 -0.01 0.00 94.62 87.35 90.06 
44.97 0.03 0.04 0.07 0.07 0.02 0.03 0.01 -0.01 0.00 94.12 87.58 90.04 
45.08 0.05 0.04 0.07 0.07 0.02 0.02 0.01 -0.01 0.01 94.01 87.69 90.05 
45.18 0.04 0.04 0.07 0.07 0.02 0.02 0.01 -0.01 0.00 94.08 87.61 90.03 
45.29 0.04 0.04 0.07 0.07 0.02 0.03 0.01 -0.01 0.00 94.04 87.57 90.08 
45.39 0.05 0.04 0.07 0.07 0.03 0.03 0.01 -0.01 0.00 94.09 87.51 90.05 
45.49 0.04 0.04 0.06 0.07 0.02 0.02 0.02 -0.01 0.00 94.00 87.53 90.04 
45.59 0.05 0.04 0.08 0.07 0.02 0.02 0.02 -0.01 0.01 94.03 87.65 90.04 
45.70 0.04 0.04 0.07 0.07 0.02 0.02 0.02 -0.00 0.00 94.10 87.57 90.02 
45.80 0.04 0.04 0.07 0.07 0.03 0.03 0.01 -0.01 0.01 94.26 87.50 90.07 
45.90 0.04 0.04 0.08 0.07 0.02 0.02 0.02 -0.01 0.00 94.02 87.60 90.07 
46.00 0.04 0.04 0.07 0.07 0.02 0.02 0.01 -0.01 0.01 94.06 87.72 90.07 
46.11 0.05 0.04 0.08 0.07 0.02 0.02 0.01 -0.01 0.00 94.11 87.73 90.04 
46.21 0.04 0.04 0.07 0.07 0.02 0.01 0.02 -0.01 0.00 94.04 87.73 90.06 
46.31 0.04 0.04 0.07 0.07 0.02 0.02 0.02 -0.01 0.00 93.87 87.65 90.07 
46.42 0.05 0.04 0.08 0.07 0.01 0.01 0.02 -0.01 0.00 94.05 87.64 90.06 
46.52 0.04 0.04 0.07 0.07 0.01 0.02 0.01 -0.02 0.00 94.00 87.66 90.04 
46.62 0.04 0.04 0.07 0.07 0.02 0.02 0.01 -0.01 0.00 93.82 87.82 90.05 
46.73 0.04 0.04 0.07 0.07 0.03 0.03 0.02 -0.01 0.00 94.29 87.43 90.05 
46.83 0.04 0.04 0.07 0.07 0.02 0.02 0.02 -0.01 0.00 94.06 87.47 90.04 
46.93 0.09 0.05 0.05 0.07 0.03 0.02 0.01 -0.01 0.00 93.74 87.24 90.04 
47.04 0.04 0.04 0.07 0.07 0.02 0.02 0.01 -0.01 0.00 94.00 87.50 90.03 
47.14 0.04 0.04 0.09 0.07 0.01 0.01 0.02 -0.01 0.00 94.16 87.72 90.02 
47.24 0.04 0.04 0.07 0.07 0.01 0.01 0.01 -0.02 0.01 93.96 87.58 90.07 
47.35 0.04 0.04 0.07 0.07 0.02 0.02 0.01 -0.01 0.00 93.89 87.52 90.06 
47.45 0.04 0.04 0.07 0.07 0.02 0.02 0.02 -0.01 0.00 93.83 87.51 90.05 
47.55 0.04 0.04 0.07 0.07 0.02 0.02 0.02 -0.01 0.00 94.04 87.61 90.04 
47.66 0.04 0.04 0.07 0.07 0.02 0.02 0.01 -0.01 0.00 94.07 87.63 90.07 
47.76 0.05 0.05 0.07 0.07 0.03 0.03 0.02 -0.01 0.01 94.17 87.40 90.05 
47.86 0.05 0.04 0.07 0.07 0.02 0.01 0.01 -0.01 0.01 94.03 87.53 90.03 
47.96 0.05 0.04 0.05 0.07 0.02 0.02 0.01 -0.01 0.00 94.02 87.53 90.05 
48.07 0.06 0.04 0.07 0.07 0.03 0.02 0.01 -0.01 0.00 93.99 87.62 90.02 
48.17 0.04 0.04 0.08 0.07 0.02 0.02 0.01 -0.01 0.00 93.86 87.42 90.03 
48.27 0.05 0.05 0.08 0.07 0.03 0.03 0.01 -0.01 0.00 93.93 87.47 90.05 
48.38 0.05 0.04 0.07 0.07 0.03 0.03 0.01 -0.01 0.01 93.91 87.58 90.05 
48.48 0.05 0.04 0.07 0.07 0.03 0.03 0.01 -0.01 0.00 94.17 87.46 90.04 
48.59 0.04 0.04 0.07 0.07 0.02 0.02 0.01 -0.01 0.00 94.02 87.62 90.05 
48.69 0.04 0.04 0.07 0.07 0.02 0.02 0.01 -0.01 0.00 94.09 87.57 90.04 
48.79 0.03 0.04 0.07 0.07 0.02 0.02 0.01 -0.01 0.00 94.05 87.52 90.04 
48.89 0.02 0.04 0.11 0.07 0.03 0.03 0.01 -0.01 0.00 93.73 87.38 90.04 
49.00 0.04 0.04 0.07 0.07 0.02 0.02 0.01 -0.01 0.00 94.05 87.69 90.08 
49.10 0.03 0.04 0.07 0.07 0.02 0.02 0.01 -0.01 0.00 93.97 87.70 90.06 
49.20 0.03 0.04 0.05 0.06 0.02 0.02 0.02 -0.01 0.01 93.50 87.73 90.03 
49.31 0.03 0.03 0.07 0.06 0.01 0.01 0.01 -0.01 0.00 93.41 88.10 90.05 
49.41 0.04 0.04 0.07 0.07 0.03 0.03 0.01 -0.01 0.01 93.80 87.90 90.05 
49.51 0.04 0.04 0.07 0.07 0.02 0.02 0.01 -0.01 0.00 93.95 87.69 90.05 
49.62 0.05 0.04 0.07 0.07 0.03 0.03 0.01 -0.02 0.00 93.98 87.63 90.05 
49.72 0.03 0.04 0.03 0.06 0.01 0.01 0.01 -0.01 0.00 93.48 87.46 90.03 
49.82 0.05 0.04 0.07 0.07 0.03 0.03 0.01 -0.01 0.00 93.82 87.49 90.05 
49.93 0.04 0.04 0.07 0.07 0.02 0.02 0.02 -0.01 0.00 94.06 87.53 90.04 
50.03 0.04 0.04 0.07 0.07 0.03 0.03 0.01 -0.01 0.01 93.96 87.55 90.03 
50.13 0.04 0.04 0.08 0.07 0.02 0.02 0.02 -0.00 0.00 94.23 87.60 90.03 
50.26 0.04 0.04 0.07 0.07 0.02 0.02 0.01 -0.01 0.01 94.20 87.59 90.06 
50.40 0.04 0.04 0.07 0.07 0.02 0.02 0.01 -0.01 0.00 94.13 87.59 90.05 
50.54 0.05 0.04 0.07 0.07 0.02 0.02 0.01 -0.01 0.00 94.14 87.52 90.04 
50.67 0.04 0.04 0.08 0.07 0.03 0.02 0.01 -0.01 0.01 94.17 87.57 90.07 
50.78 0.04 0.04 0.07 0.07 0.02 0.03 0.01 -0.01 0.00 94.14 87.57 90.05 
50.88 0.04 0.04 0.07 0.07 0.02 0.03 0.01 -0.01 0.01 94.12 87.51 90.07 
50.98 0.04 0.04 0.10 0.07 0.01 0.01 0.01 -0.01 0.00 93.96 87.70 90.03 
51.08 0.03 0.04 0.07 0.08 0.02 0.02 0.01 -0.01 0.00 94.34 87.59 90.03 
51.19 0.05 0.04 0.07 0.07 0.03 0.02 0.01 -0.01 0.01 94.09 87.56 90.06 
51.29 0.05 0.04 0.08 0.07 0.02 0.02 0.02 -0.01 0.00 94.04 87.54 90.06 
51.39 0.05 0.04 0.07 0.07 0.02 -2.61 0.01 -0.01 0.00 93.90 87.75 90.06 
51.49 0.04 0.04 0.08 0.07 0.02 0.02 0.01 -0.01 0.00 94.04 87.71 90.05 
51.59 0.04 0.04 0.07 0.07 0.03 0.03 0.01 -0.01 0.00 94.02 87.57 90.05 
51.70 0.04 0.04 0.07 0.07 0.02 0.02 0.01 -0.01 0.01 94.03 87.62 90.08 
51.80 0.04 0.04 0.09 0.07 0.01 0.01 0.01 -0.01 0.01 93.95 87.87 90.06 
51.90 0.04 0.04 0.07 0.07 0.02 0.02 0.01 -0.01 0.01 94.17 87.55 90.05 
52.01 0.04 0.04 0.07 0.07 0.01 0.01 0.02 -0.01 0.00 94.10 87.73 90.06 
52.11 0.04 0.04 0.08 0.07 0.02 0.02 0.02 -0.01 0.00 94.04 87.70 90.06 
52.22 0.05 0.04 0.11 0.07 0.02 0.02 0.01 -0.02 0.00 93.89 87.56 90.05 
52.32 0.03 0.04 0.07 0.07 0.02 0.02 0.01 -0.02 0.01 94.16 87.74 90.07 
52.42 0.04 0.04 0.06 0.07 0.02 0.01 0.01 -0.01 0.00 94.14 87.67 90.04 
52.52 0.05 0.04 0.08 0.07 0.02 0.02 0.01 -0.01 0.00 94.13 87.57 90.03 
52.63 0.04 0.04 0.07 0.07 0.02 0.02 0.01 -0.01 0.00 94.07 87.53 90.06 
52.73 0.04 0.04 0.07 0.07 0.02 0.02 0.01 -0.01 0.00 93.97 87.62 90.04 
52.83 0.04 0.04 0.07 0.07 0.01 0.01 0.01 -0.01 0.01 93.92 87.70 90.06 
52.94 0.04 0.04 0.07 0.07 0.02 0.02 0.01 -0.01 0.00 93.92 87.62 90.06 
53.04 0.02 0.04 0.08 0.07 0.01 0.02 0.01 -0.01 0.00 93.96 87.61 90.04 
53.14 0.04 0.04 0.07 0.07 0.02 0.02 0.02 -0.01 0.00 94.32 87.65 90.05 
53.24 0.04 0.04 0.07 0.07 0.02 0.02 0.01 -0.01 0.01 94.08 87.60 90.08 
53.35 0.04 0.04 0.08 0.07 0.02 0.02 0.01 -0.01 0.00 94.06 87.68 90.03 
53.45 0.06 0.04 0.06 0.07 0.02 0.02 0.02 -0.01 0.00 94.26 87.77 90.03 
53.56 0.04 0.04 0.06 0.07 0.03 0.03 0.01 -0.01 0.00 93.95 87.57 90.02 
53.66 0.04 0.04 0.06 0.07 0.02 0.02 0.01 -0.02 0.00 94.01 87.56 90.04 
53.77 0.04 0.05 0.07 0.08 0.03 0.03 0.01 -0.01 0.00 94.46 87.28 90.04 
53.87 0.05 0.04 0.07 0.07 0.02 0.02 0.01 -0.01 0.00 94.10 87.47 90.04 
53.97 0.03 0.04 0.08 0.07 0.02 0.02 0.01 -0.01 0.00 94.08 87.53 90.03 
54.07 0.05 0.04 0.08 0.07 0.02 0.02 0.02 -0.01 0.00 93.94 87.51 90.04 
54.17 0.04 0.04 0.07 0.07 0.02 0.02 0.01 -0.02 0.00 93.94 87.62 90.05 
54.28 0.04 0.04 0.06 0.07 0.02 0.02 0.02 -0.01 0.00 93.96 87.47 90.04 
54.38 0.04 0.04 0.06 0.07 0.02 0.02 0.01 -0.01 0.00 94.09 87.63 90.07 
54.48 0.02 0.04 0.06 0.06 0.02 0.02 0.02 -0.01 0.00 93.60 87.33 90.06 
54.59 0.04 0.04 0.07 0.07 0.03 0.03 0.02 -0.01 0.01 93.97 87.62 90.06 
54.69 0.05 0.04 0.05 0.07 0.02 0.02 0.02 -0.00 0.00 94.11 87.61 90.05 
54.79 0.04 0.04 0.08 0.08 0.02 0.02 0.01 -0.01 0.00 94.35 87.52 90.04 
54.89 0.04 0.04 0.08 0.06 0.02 0.02 0.01 -0.01 0.00 93.58 87.77 90.07 
55.00 0.03 0.04 0.07 0.07 0.02 0.02 0.02 -0.01 0.00 93.97 87.64 90.04 
55.10 0.05 0.04 0.05 0.07 0.01 0.01 0.01 -0.01 0.00 94.54 87.79 90.07 
55.21 0.03 0.04 0.07 0.07 0.02 0.02 0.01 -0.01 0.00 94.24 87.61 90.04 
55.31 0.05 0.04 0.08 0.07 0.03 0.03 0.01 -0.02 0.01 94.16 87.64 90.04 
55.41 0.06 0.04 0.08 0.08 0.03 0.03 0.01 -0.01 0.00 94.55 87.56 90.03 
55.51 0.03 0.04 0.07 0.07 0.02 0.02 0.01 -0.01 0.00 94.27 87.57 90.06 
55.62 0.04 0.04 0.07 0.07 0.02 0.02 0.01 -0.01 0.00 94.07 87.56 90.07 
55.72 0.04 0.04 0.07 0.07 0.02 0.02 0.01 -0.01 0.00 94.05 87.71 90.05 
55.82 0.07 0.04 0.06 0.08 0.03 0.02 0.01 -0.01 0.01 94.50 87.92 90.05 
55.93 0.05 0.04 0.07 0.07 0.02 0.02 0.01 -0.01 0.01 94.24 87.67 90.03 
56.03 0.04 0.04 0.07 0.07 0.01 0.01 0.01 -0.01 0.00 94.11 87.66 90.03 
56.13 0.03 0.04 0.08 0.07 0.02 0.02 0.02 -0.01 0.00 93.92 87.49 90.03 
56.23 0.04 0.04 0.07 0.07 0.03 0.03 0.02 -0.01 0.00 93.98 87.53 90.02 
56.33 0.04 0.04 0.07 0.07 0.03 0.03 0.01 -0.02 0.00 94.01 87.51 90.04 
56.43 0.05 0.04 0.06 0.06 0.02 0.01 0.01 -0.01 0.00 93.39 88.04 90.04 
56.54 0.04 0.04 0.07 0.07 -0.00 -0.00 0.01 -0.01 0.00 93.84 87.65 90.04 
56.64 0.04 0.04 0.07 0.07 0.02 0.02 0.02 -0.01 0.00 94.05 87.62 90.05 
56.75 0.04 0.04 0.07 0.07 0.01 0.01 0.01 -0.01 0.00 93.95 87.76 90.05 
56.85 0.07 0.04 0.09 0.07 0.02 0.01 0.01 -0.00 0.00 94.17 87.79 90.02 
56.95 0.03 0.04 0.08 0.07 0.01 0.01 0.01 -0.01 0.01 94.16 87.62 90.06 
57.06 0.05 0.04 0.07 0.07 0.01 0.01 0.02 -0.01 0.00 94.08 87.57 90.04 
57.16 0.04 0.04 0.07 0.07 0.03 0.03 0.01 -0.01 0.00 94.05 87.53 90.06 
57.26 0.05 0.06 0.11 0.08 0.03 0.03 0.01 -0.01 0.00 94.14 86.79 90.07 
57.37 0.04 0.05 0.06 0.07 0.02 0.02 0.01 -0.01 0.00 94.24 87.31 90.06 
57.47 0.05 0.04 0.07 0.07 0.02 0.01 0.01 -0.01 0.00 94.12 87.54 90.03 
57.58 0.05 0.04 0.07 0.07 0.02 0.02 0.01 -0.01 0.00 94.00 87.58 90.06 
57.68 0.03 0.04 0.07 0.07 0.01 0.02 0.01 -0.01 0.01 93.99 87.53 90.07 
57.78 0.03 0.04 0.07 0.07 0.00 0.00 0.01 -0.01 0.00 93.83 87.92 90.06 
57.88 0.06 0.04 0.06 0.07 0.02 0.01 0.01 -0.01 0.00 93.93 87.77 90.03 
57.99 0.03 0.04 0.07 0.07 0.01 0.01 0.01 -0.02 0.00 93.93 87.56 90.06 
58.09 0.05 0.04 0.06 0.07 0.02 0.02 0.01 -0.01 0.01 93.86 87.59 90.05 
58.20 0.04 0.04 0.07 0.07 0.02 0.02 0.01 -0.01 0.00 93.90 87.55 90.04 
58.30 0.04 0.04 0.07 0.07 0.01 0.02 0.01 -0.01 0.00 93.95 87.48 90.05 
58.40 0.04 0.04 0.07 0.07 0.01 0.01 0.01 -0.01 0.01 93.98 87.78 90.05 
58.51 0.04 0.04 0.07 0.07 0.01 0.01 0.02 -0.01 0.00 94.02 87.71 90.03 
58.61 0.04 0.04 0.07 0.07 0.02 0.02 0.01 -0.01 0.00 94.02 87.72 90.04 
58.71 0.05 0.04 0.08 0.07 0.03 0.02 0.01 -0.01 0.01 94.09 87.48 90.07 
58.82 0.04 0.04 0.07 0.07 0.02 0.02 0.01 -0.01 0.00 94.00 87.57 90.04 
58.92 0.04 0.04 0.07 0.07 0.01 0.01 0.01 -0.01 0.00 94.08 87.69 90.05 
59.02 0.05 0.05 0.08 0.07 0.02 0.02 0.01 -0.01 0.00 93.80 87.21 90.04 
59.13 0.04 0.04 0.07 0.07 0.02 0.02 0.01 -0.01 0.00 93.90 87.50 90.05 
59.23 0.05 0.04 0.06 0.07 0.02 0.01 0.01 -0.01 0.00 93.93 87.54 90.05 
59.33 0.04 0.04 0.07 0.07 0.02 0.02 0.01 -0.01 0.00 93.92 87.67 90.06 
59.44 0.05 0.04 0.08 0.07 0.02 0.02 0.01 -0.01 0.00 94.04 87.55 90.02 
59.54 0.03 0.04 0.09 0.07 0.01 0.01 0.01 -0.01 0.00 94.05 87.51 90.04 
59.64 0.04 0.04 0.07 0.07 0.02 0.02 0.02 -0.01 0.00 94.02 87.65 90.03 
59.75 0.06 0.04 0.02 0.06 0.01 0.01 0.02 -0.01 0.00 93.93 87.69 90.04 
59.85 0.04 0.04 0.06 0.07 0.01 0.02 0.02 -0.00 0.00 93.75 87.46 90.05 
59.95 0.04 0.04 0.07 0.07 0.01 0.01 0.02 -0.01 0.00 93.95 87.64 90.05 
60.05 0.03 0.04 0.08 0.07 0.01 0.01 0.01 -0.01 0.00 93.63 87.71 90.05 
60.16 0.04 0.04 0.07 0.07 0.01 0.02 0.01 -0.01 0.00 94.04 87.69 90.05 
60.26 0.03 0.04 0.07 0.07 0.02 0.02 0.01 -0.01 0.00 93.93 87.48 90.04 
60.36 0.10 0.05 0.13 0.07 0.01 -0.00 0.01 -0.01 0.00 93.64 87.95 90.08 
60.47 0.04 0.04 0.06 0.07 0.02 0.02 0.01 -0.01 0.00 94.04 87.41 90.03 
60.57 0.03 0.04 0.07 0.07 0.01 0.01 0.01 -0.01 0.00 94.01 87.54 90.03 
60.67 0.04 0.04 0.07 0.07 0.03 0.03 0.01 -0.01 0.00 94.01 87.65 90.05 
60.78 0.04 0.04 0.07 0.07 0.02 0.02 0.01 -0.01 0.00 94.07 87.59 90.03 
60.88 0.04 0.04 0.07 0.07 0.02 0.02 0.01 -0.01 0.00 93.94 87.68 90.03 
60.98 0.04 0.04 0.07 0.07 0.02 0.02 0.02 -0.01 0.00 93.91 87.68 90.03 
61.09 0.05 0.04 0.07 0.07 0.02 0.02 0.01 -0.01 0.01 94.03 87.73 90.07 
61.19 0.04 0.04 0.07 0.07 0.03 0.03 0.01 -0.02 0.00 94.02 87.48 90.04 
61.29 0.04 0.04 0.07 0.07 0.03 0.03 0.01 -0.01 0.00 94.10 87.53 90.02 
61.39 0.03 0.04 0.07 0.07 0.01 0.01 0.02 -0.01 0.00 94.09 87.60 90.03 
61.49 0.03 0.04 0.07 0.07 0.02 0.03 0.01 -0.01 0.00 94.02 87.53 90.05 
61.59 0.05 0.04 0.07 0.07 0.03 0.03 0.01 -0.01 0.01 93.96 87.56 90.09 
61.70 0.04 0.04 0.07 0.07 0.01 0.01 0.01 -0.01 0.00 94.13 87.61 90.03 
61.80 0.04 0.04 0.09 0.07 0.01 0.02 0.01 -0.01 0.00 94.12 87.57 90.08 
61.91 0.03 0.04 0.07 0.07 0.01 0.01 0.01 -0.01 0.00 94.04 87.60 90.03 
62.01 0.04 0.04 0.07 0.07 0.02 0.01 0.01 -0.01 0.00 94.08 87.71 90.04 
62.11 0.04 0.04 0.07 0.07 0.01 0.01 0.01 -0.01 0.00 94.10 87.49 90.06 
62.21 0.05 0.04 0.07 0.07 0.01 0.01 0.02 -0.01 0.01 94.02 87.56 90.07 
62.32 0.04 0.04 0.07 0.07 0.01 0.01 0.01 -0.02 0.00 94.11 87.66 90.04 
62.42 0.04 0.04 0.07 0.07 0.01 0.01 0.02 -0.01 0.00 94.04 87.63 90.07 
62.53 0.06 0.04 0.06 0.07 0.02 0.02 0.02 -0.01 0.00 94.09 87.58 90.05 
62.63 0.02 0.04 0.08 0.06 0.00 0.00 0.01 -0.01 0.01 93.50 87.77 90.03 
62.73 0.04 0.04 0.07 0.07 0.02 0.02 0.01 -0.01 0.00 93.90 87.67 90.03 
62.84 0.04 0.04 0.06 0.07 0.02 0.02 0.01 -0.01 0.00 94.25 87.64 90.05 
62.94 0.04 0.04 0.07 0.07 0.01 0.01 0.02 -0.01 0.01 94.08 87.55 90.06 
63.04 0.04 0.04 0.07 0.07 0.01 0.01 0.01 -0.01 0.00 93.73 87.87 90.06 
63.14 0.04 0.04 0.07 0.07 0.02 0.02 0.01 -0.01 0.00 94.11 87.69 90.03 
63.25 0.03 0.04 0.07 0.07 0.01 0.02 0.01 -0.02 0.00 94.07 87.63 90.06 
63.35 0.04 0.04 0.07 0.07 0.02 0.02 0.01 -0.01 0.00 94.01 87.58 90.03 
63.45 0.05 0.04 0.08 0.07 0.01 0.01 0.01 -0.01 0.00 94.01 87.61 90.03 
63.56 0.04 0.04 0.07 0.07 0.01 0.01 0.02 -0.01 0.00 94.06 87.62 90.04 
63.66 0.07 0.05 0.05 0.07 0.02 0.02 0.01 -0.01 0.00 94.18 86.98 90.04 
63.76 0.05 0.05 0.06 0.07 0.02 0.02 0.01 -0.01 0.00 94.13 87.39 90.04 
63.87 0.03 0.04 0.08 0.07 0.01 0.01 0.01 -0.01 0.00 93.89 87.52 90.05 
63.97 0.05 0.04 0.07 0.07 0.02 0.01 0.01 -0.01 0.00 93.92 87.56 90.05 
64.07 0.04 0.04 0.07 0.07 0.02 0.02 0.02 -0.01 0.00 93.93 87.58 90.05 
64.18 0.04 0.04 0.07 0.07 0.02 0.02 0.01 -0.01 0.00 93.97 87.67 90.04 
64.28 0.03 0.04 0.07 0.07 0.01 0.01 0.01 -0.01 0.00 94.00 87.68 90.03 
64.38 0.04 0.04 0.07 0.07 0.01 0.01 0.02 -0.01 0.00 94.05 87.67 90.05 
64.48 0.03 0.04 0.07 0.07 0.01 0.02 0.02 -0.01 0.00 94.13 87.60 90.02 
64.58 0.05 0.05 0.08 0.08 0.02 0.02 0.01 -0.02 0.00 94.47 87.29 90.05 
64.69 0.04 0.04 0.07 0.07 0.02 0.02 0.02 -0.01 0.00 93.97 87.56 90.06 
64.79 0.04 0.04 0.07 0.07 0.01 0.01 0.02 -0.01 0.00 94.06 87.62 90.07 
64.90 0.05 0.03 0.07 0.07 -0.00 -0.00 0.02 -0.01 0.00 93.99 88.13 90.06 
65.00 0.05 0.04 0.07 0.07 0.01 0.01 0.01 -0.01 0.00 93.98 87.72 90.07 
65.10 0.02 0.04 0.08 0.08 0.02 0.02 0.01 -0.01 0.00 94.58 87.55 90.05 
65.20 0.04 0.04 0.07 0.07 0.02 0.02 0.01 -0.01 0.00 94.30 87.47 90.04 
65.30 0.05 0.04 0.06 0.07 0.02 0.02 0.02 -0.01 0.00 94.18 87.64 90.02 
65.41 0.04 0.04 0.07 0.07 0.02 0.02 0.01 -0.02 0.00 94.08 87.63 90.02 
65.51 0.04 0.04 0.07 0.07 0.02 0.02 0.01 -0.01 0.00 94.05 87.50 90.06 
65.61 0.05 0.04 0.07 0.07 0.02 0.02 0.02 -0.01 0.00 93.97 87.55 90.06 
65.72 0.04 0.04 0.08 0.07 0.01 0.01 0.01 -0.01 0.01 94.05 87.54 90.06 
65.82 0.05 0.04 0.07 0.07 0.02 0.02 0.01 -0.01 0.00 94.06 87.65 90.06 
65.92 0.05 0.04 0.06 0.07 0.02 0.02 0.02 -0.01 0.00 93.93 87.55 90.03 
66.02 0.05 0.04 0.07 0.07 0.01 0.01 0.01 -0.01 0.00 93.99 87.61 90.04 
66.13 0.04 0.04 0.09 0.07 0.01 0.01 0.01 -0.01 0.01 93.82 87.59 90.05 
66.23 0.04 0.04 0.07 0.07 0.02 0.02 0.01 -0.01 0.00 94.14 87.47 90.06 
66.33 0.05 0.05 0.07 0.07 0.02 0.02 0.01 -0.01 0.01 94.15 87.43 90.06 
66.44 0.04 0.04 0.07 0.07 0.02 0.02 0.01 -0.01 0.00 94.05 87.60 90.07 
66.54 0.04 0.04 0.07 0.07 0.02 0.02 0.01 -0.01 0.00 94.02 87.54 90.06 
66.64 0.04 0.04 0.07 0.07 0.02 0.02 0.01 -0.01 0.00 94.02 87.63 90.05 
66.75 0.05 0.04 0.07 0.07 0.02 0.02 0.01 -0.01 0.00 94.00 87.53 90.07 
66.85 0.04 0.04 0.07 0.07 0.01 0.02 0.02 -0.01 0.00 94.00 87.55 90.03 
66.95 0.04 0.04 0.07 0.07 0.01 0.01 0.01 -0.02 0.00 94.13 87.62 90.06 
67.05 0.05 0.05 0.08 0.08 0.03 0.03 0.02 -0.01 0.00 94.46 86.93 90.04 
67.16 0.05 0.04 0.07 0.08 0.02 0.02 0.01 -0.01 0.01 94.47 87.50 90.06 
67.26 0.04 0.04 0.06 0.07 0.02 0.02 0.01 -0.01 0.00 94.13 87.59 90.04 
67.36 0.04 0.04 0.08 0.08 0.02 0.02 0.01 -0.01 0.00 94.39 87.48 90.04 
67.46 0.04 0.04 0.07 0.07 0.01 0.01 0.01 -0.01 0.00 94.14 87.61 90.03 
67.57 0.01 0.04 0.07 0.07 0.01 0.02 0.01 -0.01 0.00 93.97 87.70 90.06 
67.67 0.03 0.04 0.07 0.07 0.02 0.02 0.01 -0.01 0.00 94.10 87.37 90.05 
67.78 0.04 0.04 0.07 0.07 0.02 0.02 0.02 -0.01 0.01 94.00 87.60 90.04 
67.88 0.04 0.04 0.07 0.07 0.01 0.01 0.02 -0.01 0.00 93.96 87.62 90.03 
67.98 0.04 0.04 0.06 0.07 0.01 0.01 0.01 -0.01 0.00 94.01 87.58 90.05 
68.09 0.04 0.04 0.08 0.07 0.01 0.02 0.01 -0.01 0.00 93.95 87.49 90.04 
68.19 0.04 0.04 0.07 0.07 0.02 0.02 0.02 -0.01 0.00 94.13 87.53 90.04 
68.29 0.05 0.04 0.08 0.07 0.03 0.02 0.01 -0.01 0.00 94.03 87.53 90.07 
68.40 0.04 0.04 0.06 0.07 0.02 0.02 0.01 -0.01 0.00 94.02 87.63 90.06 
68.50 0.05 0.04 0.08 0.07 0.02 0.02 0.01 -0.01 0.00 94.04 87.51 90.04 
68.60 0.04 0.04 0.06 0.07 0.02 0.02 0.02 -0.01 0.01 94.00 87.53 90.05 
68.71 0.04 0.04 0.07 0.07 0.03 0.03 0.02 -0.01 0.01 94.23 87.50 90.06 
68.81 0.05 0.04 0.06 0.07 0.02 0.02 0.02 -0.01 0.00 94.11 87.59 90.06 
68.91 0.04 0.04 0.07 0.07 0.01 0.01 0.01 -0.01 0.00 94.03 87.49 90.07 
69.01 0.05 0.04 0.07 0.07 0.02 0.02 0.01 -0.01 0.00 94.02 87.47 90.04 
69.12 0.04 0.04 0.07 0.07 0.02 0.02 0.01 -0.01 0.00 94.12 87.57 90.05 
69.22 0.03 0.04 0.07 0.07 0.01 0.01 0.01 -0.01 0.01 94.06 87.46 90.08 
69.32 0.04 0.04 0.07 0.07 0.02 0.02 0.02 -0.01 0.00 94.08 87.48 90.06 
69.43 0.04 0.04 0.07 0.07 0.01 0.01 0.01 -0.01 0.00 93.95 87.53 90.03 
69.53 0.04 0.04 0.06 0.07 0.01 0.01 0.02 -0.02 0.00 94.03 87.59 90.05 
69.63 0.04 0.04 0.07 0.07 0.01 0.01 0.01 -0.01 0.00 94.05 87.65 90.05 
69.73 0.05 0.04 0.07 0.07 0.02 0.01 0.01 -0.01 0.01 93.93 87.62 90.03 
69.84 0.04 0.04 0.08 0.07 0.01 0.01 0.02 -0.01 0.00 94.03 87.54 90.05 
69.94 0.04 0.04 0.06 0.07 0.01 0.01 0.01 -0.01 0.00 94.11 87.62 90.04 
70.04 0.04 0.04 0.07 0.07 0.02 0.02 0.01 -0.01 0.00 94.01 87.58 90.03 
70.15 0.04 0.04 0.07 0.07 0.01 0.01 0.01 -0.01 0.00 94.00 87.67 90.05 
70.25 0.04 0.04 0.06 0.07 0.01 0.01 0.02 -0.01 0.00 93.94 87.62 90.04 
70.36 0.03 0.04 0.07 0.07 0.01 0.01 0.01 -0.01 0.01 94.05 87.60 90.05 
70.46 0.04 0.04 0.07 0.07 0.01 0.01 0.02 -0.01 0.00 93.97 87.64 90.05 
70.56 0.05 0.04 0.07 0.07 0.02 0.01 0.01 -0.01 0.01 94.06 87.62 90.07 
70.67 0.05 0.04 0.07 0.07 0.01 0.01 0.01 -0.01 0.00 93.96 87.51 90.04 
70.77 0.04 0.04 0.07 0.07 0.02 0.02 0.01 -0.01 0.00 94.03 87.52 90.07 
70.87 0.03 0.04 0.07 0.07 0.02 0.02 0.01 -0.01 0.00 94.04 87.64 90.03 
70.97 0.04 0.04 0.07 0.07 0.01 0.01 0.02 -0.01 0.00 94.03 87.69 90.05 
71.07 0.07 0.05 0.06 0.07 0.02 0.02 0.02 -0.01 0.00 93.99 87.26 90.03 
71.18 0.05 0.05 0.06 0.07 0.02 0.02 0.01 -0.01 0.00 93.90 87.46 90.06 
71.28 0.05 0.05 0.06 0.07 0.01 0.01 0.01 -0.01 0.00 93.98 87.43 90.04 
71.38 0.04 0.04 0.07 0.07 0.01 0.01 0.02 -0.01 0.00 94.09 87.43 90.05 
71.48 0.04 0.04 0.07 0.07 0.02 0.02 0.02 -0.01 0.00 94.09 87.51 90.03 
71.59 0.05 0.04 0.08 0.07 0.01 0.01 0.01 -0.01 0.01 94.03 87.63 90.06 
71.69 0.04 0.04 0.08 0.07 0.01 0.01 0.01 -0.01 0.00 93.98 87.57 90.03 
71.80 0.04 0.04 0.07 0.07 -3.07 -0.45 0.01 -0.01 0.00 94.11 87.57 90.05 
71.90 0.04 0.04 0.08 0.07 0.00 0.00 0.01 -0.01 0.00 94.14 87.62 90.05 
72.00 0.04 0.04 0.07 0.07 0.00 0.00 0.01 -0.01 0.00 93.96 87.55 90.05 
72.11 0.04 0.04 0.06 0.07 0.01 0.01 0.01 -0.01 0.00 94.04 87.67 90.04 
72.21 0.04 0.04 0.06 0.07 0.01 0.01 0.01 -0.01 0.00 93.98 87.63 90.04 
72.31 0.04 0.04 0.07 0.07 0.01 0.01 0.01 -0.01 0.00 94.07 87.64 90.05 
72.42 0.04 0.04 0.07 0.07 0.01 0.01 0.01 -0.01 0.01 94.05 87.66 90.06 
72.52 0.05 0.04 0.07 0.07 0.02 0.02 0.02 -0.01 0.00 94.21 87.65 90.06 
72.62 0.04 0.04 0.07 0.07 0.02 0.02 0.02 -0.01 0.00 94.06 87.53 90.04 
72.72 0.04 0.04 0.07 0.07 0.01 0.01 0.02 -0.01 0.00 94.04 87.66 90.07 
72.83 0.04 0.04 0.07 0.07 0.01 0.01 0.02 -0.01 0.00 94.01 87.57 90.01 
72.93 0.04 0.04 0.07 0.07 0.02 0.02 0.01 -0.01 0.00 94.07 87.53 90.05 
73.04 0.04 0.04 0.07 0.07 0.01 0.01 0.02 -0.01 0.00 93.90 87.53 90.03 
73.14 0.04 0.04 0.08 0.07 0.01 0.01 0.01 -0.01 0.00 93.96 87.59 90.05 
73.24 0.04 0.04 0.07 0.07 0.01 0.01 0.01 -0.01 0.00 94.11 87.59 90.05 
73.34 0.04 0.05 0.07 0.07 0.01 0.01 0.01 -0.01 0.01 93.98 87.37 90.06 
73.44 0.07 0.05 0.06 0.07 0.01 0.01 0.01 -0.01 0.01 94.39 87.48 90.05 
73.55 0.04 0.04 0.06 0.07 0.00 0.00 0.01 -0.01 0.01 94.06 87.50 90.05 
73.65 0.05 0.04 0.07 0.07 0.00 0.00 0.01 -0.01 0.00 93.91 87.55 90.03 
73.75 0.04 0.04 0.07 0.07 0.01 -2.61 0.01 -0.01 0.00 93.95 87.64 90.05 
73.86 0.04 0.04 0.07 0.07 -0.00 -0.00 0.01 -0.01 0.00 94.07 87.63 90.03 
73.96 0.04 0.04 0.07 0.07 0.00 0.00 0.01 -0.01 0.00 94.01 87.61 90.05 
74.06 0.03 0.04 0.07 0.07 -0.00 0.00 0.01 -0.01 0.00 94.12 87.62 90.05 
74.21 0.04 0.04 0.07 0.07 0.01 -0.00 0.01 -0.01 0.00 94.07 87.67 90.05 
74.34 0.04 0.04 0.07 0.07 -0.00 0.00 0.01 -0.01 0.00 94.08 87.69 90.03 
74.48 0.04 0.04 0.07 0.07 0.00 -0.00 0.01 -0.01 0.01 94.06 87.68 90.07 
74.61 0.05 0.04 0.07 0.07 0.00 0.00 0.01 -0.01 0.00 94.08 87.63 90.04 
74.73 0.05 0.04 0.08 0.07 -0.00 0.00 0.01 -0.01 0.00 94.17 87.58 90.02 
74.83 0.04 0.04 0.07 0.07 0.01 0.01 0.01 -0.01 0.00 94.21 87.61 90.04 
74.93 0.04 0.05 0.06 0.07 0.04 0.04 0.02 -0.01 0.00 94.02 87.37 90.05 
75.03 0.04 0.04 0.06 0.07 0.02 0.02 0.01 -0.01 0.00 93.84 87.69 90.04 
75.14 0.09 0.06 0.11 0.08 0.04 0.04 0.01 -0.02 0.00 94.36 87.08 90.04 
75.24 0.04 0.05 0.07 0.07 0.04 0.05 0.02 -0.01 0.01 94.29 87.22 90.04 
75.35 0.04 0.04 0.08 0.07 0.03 0.03 0.01 -0.01 0.00 94.11 87.41 90.06 
75.45 0.04 0.04 0.07 0.07 0.03 0.03 0.01 -0.01 0.01 94.21 87.55 90.05 
75.55 0.05 0.04 0.06 0.07 0.03 0.03 0.02 -0.01 0.00 93.95 87.62 90.05 
75.65 0.04 0.04 0.07 0.07 0.01 0.01 0.02 -0.01 0.00 93.99 87.61 90.05 
75.76 0.04 0.04 0.07 0.07 0.01 0.01 0.01 -0.01 -0.04 94.03 87.52 90.00 
75.86 0.02 0.03 0.04 0.06 0.01 0.01 0.01 -0.01 0.00 94.00 87.87 90.05 
75.96 0.03 0.04 0.07 0.07 0.01 0.01 0.01 -0.01 0.00 93.77 87.64 90.04 
76.07 0.04 0.04 0.07 0.07 0.02 0.02 0.01 -0.01 0.00 93.92 87.57 90.05 
76.17 0.04 0.04 0.08 0.07 0.01 0.01 0.01 -0.01 0.00 94.06 87.68 90.05 
76.27 0.05 0.04 0.07 0.07 0.02 0.01 0.01 -0.01 0.00 94.03 87.67 90.06 
76.37 0.05 0.04 0.06 0.07 0.01 0.01 0.01 -0.01 0.00 93.96 87.55 90.04 
76.48 0.03 0.04 0.06 0.07 0.01 0.02 0.01 -0.01 0.00 94.36 87.56 90.04 
76.58 0.05 0.04 0.08 0.07 0.02 0.02 0.01 -0.01 0.00 94.10 87.54 90.03 
76.69 0.04 0.04 0.07 0.07 0.02 0.02 0.01 -0.01 0.00 94.09 87.49 90.05 
76.79 0.05 0.04 0.07 0.07 -3.07 -0.45 0.01 -0.01 0.00 94.05 87.56 90.07 
76.89 0.03 0.04 0.08 0.07 0.01 0.01 0.02 -0.01 0.00 94.01 87.68 90.07 
76.99 0.05 0.04 0.06 0.07 0.01 0.01 0.01 -0.01 0.01 94.16 87.50 90.06 
77.10 0.04 0.04 0.07 0.07 0.02 0.02 0.01 -0.01 0.01 94.10 87.57 90.03 
77.20 0.04 0.04 0.08 0.07 0.02 0.02 0.01 -0.01 0.00 94.08 87.55 90.03 
77.30 0.05 0.04 0.07 0.07 0.01 0.01 0.02 -0.01 0.00 94.16 87.84 90.04 
77.40 0.03 0.04 0.06 0.07 0.01 0.01 0.01 -0.01 0.00 94.09 87.62 90.04 
77.51 0.03 0.04 0.06 0.07 0.01 0.01 0.01 -0.02 0.00 93.79 87.60 90.02 
77.61 0.03 0.04 0.09 0.07 0.02 0.02 0.01 -0.01 0.00 93.92 87.74 90.04 
77.71 0.04 0.04 0.06 0.07 0.02 0.02 0.01 -0.01 0.00 93.94 87.59 90.05 
77.82 0.05 0.04 0.06 0.07 0.01 0.01 0.02 -0.01 0.00 94.35 87.88 90.02 
77.92 0.04 0.04 0.07 0.07 0.00 0.00 0.01 -0.01 0.00 94.04 87.74 90.05 
78.02 0.05 0.04 0.07 0.07 0.02 0.01 0.01 -0.01 0.01 94.00 87.67 90.06 
78.12 0.05 0.04 0.07 0.07 0.01 0.01 0.01 -0.02 0.00 94.14 87.63 90.08 
78.23 0.04 0.04 0.07 0.07 0.01 0.01 0.02 -0.01 0.00 94.01 87.61 90.05 
78.33 0.04 0.04 0.08 0.07 0.02 0.02 0.02 -0.01 0.00 94.18 87.55 90.04 
78.44 0.04 0.04 0.07 0.07 0.01 0.01 0.01 -0.01 0.00 94.09 87.60 90.02 
78.54 0.04 0.04 0.09 0.08 -3.07 -0.44 0.01 -0.01 0.00 94.18 87.48 90.02 
78.64 0.04 0.04 0.07 0.07 0.02 0.02 0.01 -0.01 0.00 94.17 87.64 90.04 
78.74 0.04 0.04 0.07 0.07 0.01 0.02 0.01 -0.00 0.01 94.02 87.70 90.05 
78.85 0.04 0.04 0.07 0.06 0.01 0.01 0.02 -0.01 0.00 93.63 87.71 90.03 
78.95 0.03 0.04 0.07 0.07 0.01 0.01 0.01 -0.01 0.01 93.98 87.70 90.07 
79.05 0.05 0.03 0.00 0.06 0.01 0.00 0.01 -0.01 0.00 93.71 88.21 90.03 
79.16 0.04 0.04 0.08 0.07 0.00 0.00 0.02 -0.00 0.00 93.80 87.99 90.06 
79.26 0.04 0.04 0.06 0.07 0.01 0.01 0.01 -0.01 0.01 93.94 87.73 90.07 
79.36 0.05 0.04 0.07 0.07 0.01 0.01 0.02 -0.01 0.00 93.96 87.62 90.07 
79.46 0.08 0.04 0.07 0.07 0.02 0.01 0.01 -0.01 0.00 93.89 87.88 90.05 
79.57 0.04 0.04 0.08 0.07 0.02 0.02 0.02 -0.01 0.01 93.98 87.42 90.04 
79.67 0.03 0.04 0.07 0.06 0.01 0.01 0.01 -0.01 0.00 93.62 87.84 90.04 
79.77 0.03 0.04 0.07 0.07 0.00 0.01 0.01 -0.01 0.00 93.93 87.76 90.04 
79.88 0.08 0.04 0.03 0.07 0.02 0.01 0.01 -0.01 0.00 94.17 87.99 90.04 
79.98 0.04 0.05 0.07 0.08 0.03 0.03 0.01 -0.01 0.00 94.47 87.29 90.04 
80.08 0.05 0.04 0.06 0.07 0.02 0.02 0.01 -0.01 0.00 94.04 87.50 90.04 
80.18 0.04 0.04 0.06 0.07 0.02 0.02 0.01 -0.01 0.00 94.18 87.53 90.03 
80.28 0.04 0.04 0.07 0.07 0.01 0.02 0.01 -0.02 0.00 94.07 87.49 90.04 
80.38 0.05 0.04 0.05 0.07 0.01 0.00 0.01 -0.02 0.01 93.95 87.84 90.06 
80.49 0.04 0.04 0.07 0.07 0.01 0.01 0.01 -0.01 0.00 93.96 87.69 90.07 
80.59 0.02 0.04 0.08 0.07 0.01 0.02 0.02 -0.01 0.00 94.04 87.70 90.04 
80.69 0.04 0.04 0.07 0.07 0.01 0.01 0.02 -0.01 0.00 94.06 87.65 90.06 
80.79 0.04 0.04 0.08 0.07 0.01 0.01 0.02 -0.01 0.00 94.03 87.80 90.03 
80.90 0.05 0.04 0.06 0.07 0.02 0.01 0.01 -0.01 0.00 93.91 87.65 90.02 
81.00 0.06 0.04 0.07 0.07 0.02 0.01 0.02 -0.00 0.00 94.06 87.84 90.02 
81.10 0.04 0.04 0.07 0.07 0.00 0.00 0.02 -0.01 0.01 94.06 87.69 90.04 
81.21 0.04 0.04 0.07 0.07 0.01 0.01 0.02 -0.01 0.00 94.09 87.59 90.04 
81.31 0.05 0.04 0.06 0.07 0.02 0.01 0.02 -0.01 0.00 94.08 87.71 90.07 
81.41 0.04 0.04 0.07 0.06 0.03 0.03 0.01 -0.01 0.00 93.62 87.58 90.03 
81.52 0.05 0.04 0.06 0.07 0.02 0.02 0.01 -0.02 0.01 93.83 87.55 90.05 
81.62 0.04 0.04 0.07 0.07 0.02 0.02 0.01 -0.01 0.00 93.86 87.65 90.04 
81.72 0.04 0.04 0.07 0.07 0.01 0.01 0.01 -0.01 0.00 94.15 87.74 90.05 
81.82 0.05 0.04 0.07 0.07 0.01 0.01 0.01 -0.01 0.00 94.02 87.64 90.05 
81.93 0.04 0.04 0.07 0.07 0.01 0.01 0.01 -0.01 0.00 94.11 87.68 90.04 
82.03 0.03 0.04 0.07 0.07 0.01 0.01 0.01 -0.01 0.00 94.11 87.67 90.04 
82.14 0.05 0.04 0.06 0.07 0.01 0.01 0.02 -0.01 0.00 94.10 87.70 90.05 
82.24 0.04 0.04 0.07 0.07 0.01 0.01 0.02 -0.01 0.00 93.98 87.51 90.03 
82.34 0.05 0.04 0.07 0.07 0.01 0.01 0.01 -0.01 0.00 94.06 87.45 90.05 
82.44 0.04 0.04 0.06 0.07 0.01 0.01 0.02 -0.02 0.00 94.07 87.44 90.04 
82.54 0.05 0.04 0.07 0.07 0.01 0.01 0.01 -0.01 0.01 94.06 87.54 90.06 
82.65 0.02 0.03 0.07 0.07 -0.01 -0.01 0.02 -0.01 0.00 93.94 88.25 90.03 
82.75 0.05 0.04 0.07 0.07 0.01 0.01 0.02 -0.01 0.00 94.24 88.07 90.06 
82.86 0.04 0.04 0.07 0.07 0.01 0.01 0.02 -0.01 0.00 94.27 87.59 90.02 
82.96 0.05 0.04 0.08 0.07 0.01 0.00 0.01 -0.01 0.00 94.07 87.56 90.04 
83.06 0.05 0.04 0.07 0.07 0.01 0.01 0.01 -0.01 0.00 93.95 87.57 90.04 
83.16 0.04 0.05 0.07 0.08 0.03 0.03 0.01 -0.01 0.00 94.40 87.17 90.06 
83.27 0.03 0.04 0.07 0.07 0.02 0.02 0.01 -0.01 0.00 94.07 87.51 90.06 
83.37 0.02 0.04 0.08 0.07 0.01 0.02 0.02 -0.01 0.00 94.04 87.58 90.05 
83.47 0.05 0.05 0.08 0.07 0.02 0.01 0.01 -0.01 0.00 94.07 87.43 90.05 
83.58 0.04 0.04 0.06 0.07 0.02 0.02 0.01 -0.01 0.00 94.10 87.61 90.06 
83.68 0.02 0.04 0.08 0.07 0.01 0.01 0.01 -0.01 0.01 94.09 87.29 90.05 
83.78 0.05 0.04 0.07 0.07 0.02 0.01 0.02 -0.01 0.01 94.04 87.58 90.09 
83.89 0.04 0.04 0.07 0.07 0.01 0.01 0.02 -0.01 0.00 94.07 87.55 90.04 
83.99 0.05 0.04 0.06 0.07 0.00 0.01 0.02 -0.01 0.01 94.13 87.52 90.06 
84.10 0.02 0.04 0.11 0.08 0.01 0.02 0.01 -0.01 0.00 94.01 87.26 90.05 
84.20 0.04 0.04 0.08 0.08 0.02 0.02 0.01 -0.01 0.00 94.31 87.43 90.07 
84.30 0.04 0.04 0.07 0.07 0.02 0.02 0.00 -0.01 0.00 94.08 87.51 90.05 
84.41 0.04 0.04 0.07 0.07 0.01 0.01 0.01 -0.01 0.00 94.18 87.57 90.03 
84.51 0.04 0.04 0.08 0.07 0.01 0.02 0.02 -0.01 0.01 94.13 87.55 90.07 
84.61 0.04 0.04 0.07 0.07 0.01 0.01 0.01 -0.01 0.00 94.09 87.59 90.05 
84.71 0.04 0.04 0.08 0.07 0.01 0.01 0.01 -0.01 0.00 94.00 87.60 90.06 
84.82 0.03 0.04 0.07 0.07 0.01 0.01 0.02 -0.01 0.00 94.06 87.53 90.04 
84.92 -0.00 0.04 0.06 0.07 0.01 0.02 0.01 -0.01 0.00 93.94 87.51 90.04 
85.02 0.03 0.04 0.07 0.07 0.01 0.01 0.01 -0.01 0.00 94.26 87.63 90.06 
85.13 0.04 0.04 0.07 0.07 0.02 0.01 0.02 -0.01 0.00 94.04 87.71 90.06 
85.23 0.05 0.04 0.07 0.07 0.00 0.00 0.01 -0.02 0.00 94.03 87.65 90.04 
85.33 0.05 0.04 0.08 0.07 0.00 0.00 0.01 -0.01 0.00 93.92 87.65 90.04 
85.44 0.02 0.04 0.04 0.06 0.01 0.01 0.01 -0.01 0.00 93.89 87.55 90.01 
85.54 0.04 0.04 0.07 0.07 0.02 0.01 0.01 -0.01 0.00 94.02 87.67 90.05 
85.64 0.04 0.04 0.07 0.07 0.01 0.01 0.01 -0.01 0.00 94.15 87.52 90.03 
85.75 0.04 0.04 0.07 0.07 0.01 0.01 0.02 -0.01 0.00 94.05 87.64 90.05 
85.85 0.04 0.04 0.06 0.07 0.02 0.01 0.01 -0.01 0.00 93.98 87.69 90.02 
85.95 0.06 0.05 0.05 0.07 0.02 0.02 0.02 -0.01 0.00 93.92 87.14 90.03 
86.05 0.04 0.04 0.07 0.07 0.01 0.01 0.02 -0.01 0.00 94.01 87.53 90.06 
86.16 0.04 0.04 0.07 0.07 0.02 0.02 0.02 -0.01 0.00 94.01 87.59 90.05 
86.26 0.05 0.04 0.07 0.07 0.01 0.02 0.02 -0.01 0.01 93.90 87.55 90.07 
86.36 0.04 0.04 0.07 0.07 0.01 0.01 0.01 -0.01 0.00 93.93 87.54 90.03 
86.46 0.04 0.04 0.07 0.07 0.01 0.01 0.02 -0.01 0.00 94.02 87.68 90.03 
86.57 0.04 0.04 0.07 0.07 0.01 0.01 0.02 -0.01 0.00 94.12 87.57 90.03 
86.67 0.03 0.04 0.07 0.07 0.01 0.01 0.01 -0.01 0.00 94.03 87.59 90.02 
86.77 0.04 0.04 0.07 0.07 0.02 0.02 0.01 -0.01 0.00 93.90 87.78 90.02 
86.87 0.04 0.04 0.07 0.07 0.01 0.01 0.02 -0.00 0.00 93.94 87.68 90.02 
86.98 0.05 0.04 0.07 0.07 0.01 0.01 0.01 -0.01 0.00 94.05 87.67 90.04 
87.08 0.04 0.04 0.07 0.07 0.01 0.01 0.01 -0.01 0.01 94.09 87.70 90.04 
87.19 0.04 0.04 0.08 0.07 0.01 0.01 0.01 -0.01 0.00 94.02 87.67 90.03 
87.29 0.04 0.04 0.06 0.07 -3.07 -0.45 0.01 -0.01 0.00 94.10 87.53 90.06 
87.39 0.04 0.04 0.07 0.07 0.01 0.01 0.01 -0.01 0.00 93.96 87.60 90.05 
87.50 0.04 0.04 0.07 0.07 0.01 0.02 0.01 -0.01 0.00 93.97 87.64 90.04 
87.60 0.04 0.04 0.07 0.07 0.01 0.01 0.01 -0.02 0.01 93.98 87.60 90.04 
87.70 0.04 0.04 0.06 0.07 0.02 0.02 0.01 -0.01 0.00 94.05 87.56 90.02 
87.80 0.04 0.04 0.06 0.07 0.02 0.02 0.02 -0.01 0.00 94.00 87.41 90.05 
87.91 0.05 0.04 0.06 0.07 0.01 0.01 0.01 -0.01 0.00 93.90 87.46 90.05 
88.01 0.06 0.04 0.06 0.07 0.02 0.02 0.01 -0.01 0.00 93.96 87.60 90.03 
88.11 0.05 0.04 0.07 0.07 0.02 0.02 0.02 -0.02 0.00 93.94 87.46 90.02 
88.22 0.07 0.05 0.10 0.07 0.03 0.02 0.01 -0.01 0.00 93.91 87.57 90.03 
88.32 0.04 0.04 0.07 0.07 0.02 0.02 0.01 -0.01 0.00 94.11 87.44 90.05 
88.42 0.03 0.04 0.06 0.06 0.00 0.01 0.01 -0.01 0.00 93.64 87.83 90.04 
88.52 0.03 0.04 0.07 0.07 0.01 0.01 0.02 -0.01 0.00 93.93 87.71 90.04 
88.63 0.04 0.04 0.07 0.07 0.02 0.02 0.01 -0.01 0.00 93.96 87.66 90.06 
88.73 0.01 0.04 0.11 0.08 0.01 0.02 0.01 -0.01 0.00 94.43 87.13 90.04 
88.84 0.04 0.04 0.07 0.07 0.02 0.02 0.01 -0.01 0.00 94.21 87.58 90.03 
88.94 0.04 0.04 0.07 0.07 0.01 0.01 0.02 -0.00 0.00 93.89 87.53 90.05 
89.04 0.05 0.04 0.06 0.06 0.02 0.02 0.01 -0.01 0.00 93.51 87.68 90.03 
89.15 0.05 0.04 0.07 0.07 0.01 0.01 0.01 -0.01 0.00 93.94 87.77 90.05 
89.25 0.00 0.04 -0.02 0.06 0.01 0.02 0.01 -0.01 0.00 93.99 87.60 90.05 
89.35 0.04 0.03 0.05 0.06 -0.01 -0.01 0.02 -0.01 0.00 93.44 88.59 90.05 
89.46 0.03 0.04 0.07 0.07 0.00 0.01 0.01 -0.01 0.00 93.72 87.94 90.06 
89.56 0.03 0.04 0.07 0.07 0.01 0.01 0.01 -0.01 0.00 93.97 87.82 90.03 
89.66 0.04 0.04 0.07 0.06 -0.03 -0.03 0.01 -0.02 0.01 93.66 87.69 90.05 
89.76 0.04 0.04 0.07 0.07 0.02 0.02 0.01 -0.01 0.00 94.00 87.58 90.03 
89.87 0.04 0.04 0.07 0.07 0.02 0.02 0.01 -0.01 0.00 94.00 87.52 90.05 
89.97 0.04 0.04 0.07 0.07 0.01 0.02 0.01 -0.01 0.00 94.11 87.58 90.05 
90.07 0.04 0.04 0.07 0.07 0.02 0.02 0.01 -0.01 0.00 94.17 87.64 90.04 
90.18 0.05 0.04 0.08 0.07 0.02 0.02 0.01 -0.01 0.00 94.00 87.51 90.04 
90.28 0.05 0.04 0.08 0.07 0.03 0.02 0.01 -0.01 0.00 94.04 87.51 90.04 
90.38 0.03 0.04 0.07 0.07 0.03 0.04 0.01 -0.01 0.00 94.09 87.47 90.03 
90.49 0.04 0.04 0.07 0.07 0.04 0.04 0.02 -0.01 0.00 94.03 87.57 90.03 
90.59 0.03 0.04 0.07 0.07 0.03 0.03 0.01 -0.01 0.00 94.12 87.44 90.05 
90.69 0.10 0.04 0.13 0.08 0.00 -0.01 0.01 -0.01 0.00 94.14 88.29 90.05 
90.79 0.04 0.04 0.08 0.08 0.02 0.00 0.01 -0.01 0.00 94.42 87.59 90.06 
90.90 0.04 0.04 0.07 0.07 0.01 0.01 0.01 -0.01 0.00 94.20 87.55 90.05 
91.00 0.04 0.04 0.06 0.06 0.00 0.00 0.01 -0.02 0.01 93.75 87.95 90.04 
91.11 0.04 0.04 0.06 0.07 0.00 0.00 0.01 -0.02 0.01 93.86 87.70 90.04 
91.21 0.03 0.04 0.07 0.07 0.00 0.00 0.02 -0.02 0.00 93.91 87.64 90.03 
91.31 0.04 0.04 0.07 0.07 0.01 0.01 0.02 -0.01 0.00 94.10 87.50 90.04 
91.41 0.08 0.04 0.06 0.06 0.04 0.03 0.01 -0.02 0.00 93.65 87.82 90.03 
91.52 0.05 0.04 0.07 0.07 0.02 0.02 0.01 -0.01 0.00 93.76 87.48 90.04 
91.62 0.04 0.04 0.07 0.07 0.02 0.02 0.01 -0.01 0.00 93.95 87.49 90.03 
91.72 0.04 0.04 0.07 0.07 0.01 0.01 0.01 -0.01 0.00 93.90 87.60 90.04 
91.83 0.04 0.04 0.09 0.07 0.01 0.01 0.01 -0.02 0.00 94.02 87.62 90.04 
91.93 0.04 0.04 0.07 0.07 0.02 0.02 0.01 -0.01 0.00 94.02 87.55 90.04 
92.03 0.03 0.04 0.06 0.07 0.01 0.01 0.01 -0.02 0.00 93.95 87.67 90.06 
92.13 0.04 0.04 0.08 0.07 0.01 0.01 0.01 -0.01 0.00 93.91 87.66 90.04 
92.24 0.03 0.05 0.09 0.07 0.02 0.03 0.01 -0.01 0.00 94.01 87.15 90.04 
92.34 0.04 0.04 0.08 0.07 0.01 0.01 0.01 -0.01 0.00 94.11 87.59 90.04 
92.44 0.04 0.04 0.07 0.07 0.01 0.01 0.01 -0.01 0.00 93.99 87.50 90.04 
92.55 0.04 0.04 0.07 0.07 0.01 0.02 0.02 -0.01 0.00 94.26 87.59 90.03 
92.65 0.04 0.04 0.07 0.07 0.02 0.02 0.01 -0.01 0.00 94.13 87.68 90.03 
92.75 0.04 0.04 0.07 0.07 0.02 0.02 0.01 -0.01 0.01 94.05 87.65 90.07 
92.86 0.04 0.04 0.07 0.07 0.01 0.01 0.01 -0.01 0.00 93.95 87.70 90.03 
92.96 0.05 0.04 0.07 0.07 0.03 0.02 0.01 -0.01 0.01 93.92 87.63 90.07 
93.06 0.04 0.04 0.07 0.07 0.01 0.01 0.01 -0.02 0.00 93.99 87.66 90.04 
93.17 0.04 0.04 0.08 0.07 0.02 0.02 0.01 -0.01 0.01 94.03 87.58 90.05 
93.27 0.04 0.05 0.07 0.08 0.02 0.02 0.01 -0.02 0.00 94.40 87.21 90.05 
93.37 0.04 0.04 0.07 0.07 0.02 0.02 0.01 -0.01 0.00 93.99 87.53 90.04 
93.47 0.04 0.04 0.08 0.08 0.02 0.02 0.02 -0.01 0.00 94.47 87.52 90.05 
93.58 0.04 0.04 0.07 0.07 0.02 0.02 0.01 -0.01 0.00 94.07 87.53 90.05 
93.68 0.05 0.04 0.07 0.07 0.01 0.01 0.01 -0.01 0.00 94.04 87.62 90.06 
93.78 0.05 0.04 0.07 0.07 0.01 0.01 0.01 -0.02 0.00 93.99 87.63 90.04 
93.89 0.03 0.03 0.06 0.06 0.01 0.01 0.02 -0.00 0.01 93.46 88.00 90.03 
93.99 0.05 0.04 0.07 0.07 0.01 0.01 0.01 -0.01 0.01 93.90 87.72 90.05 
94.09 0.02 0.04 0.08 0.07 0.01 0.01 0.01 -0.01 0.00 93.98 87.67 90.05 
94.19 0.04 0.04 0.07 0.07 0.01 0.01 0.01 -0.02 0.01 93.91 87.73 90.08 
94.30 0.04 0.04 0.07 0.07 0.01 0.01 0.01 -0.01 0.00 93.93 87.70 90.01 
94.40 0.04 0.04 0.08 0.07 0.01 0.01 0.01 -0.01 0.00 93.95 87.82 90.02 
94.50 0.04 0.04 0.08 0.07 0.01 0.01 0.01 -0.01 0.00 94.18 87.52 90.03 
94.61 0.04 0.04 0.07 0.07 0.01 0.01 0.02 -0.01 0.00 94.04 87.71 90.04 
94.71 0.07 0.06 0.10 0.08 0.05 0.05 0.01 -0.01 0.01 94.51 86.88 90.05 
94.81 0.03 0.04 0.07 0.08 0.01 0.02 0.02 -0.01 0.00 94.54 87.54 90.05 
94.92 0.05 0.04 0.05 0.07 0.03 0.03 0.01 -0.01 0.01 94.29 87.60 90.02 
95.02 0.04 0.04 0.07 0.07 0.02 0.02 0.01 -0.01 0.00 94.03 87.64 90.04 
95.12 0.07 0.05 0.08 0.07 0.04 0.03 0.01 -0.01 0.00 94.08 87.27 90.03 
95.22 0.04 0.04 0.06 0.07 0.01 0.01 0.01 -0.01 0.00 93.89 87.68 90.05 
95.33 0.05 0.04 0.07 0.07 0.02 0.01 0.02 -0.01 0.00 93.96 87.54 90.04 
95.43 0.04 0.04 0.07 0.07 0.02 0.02 0.01 -0.01 0.00 93.92 87.53 90.06 
95.54 0.04 0.04 0.07 0.07 0.01 0.01 0.01 -0.01 0.00 93.90 87.55 90.05 
95.64 0.09 0.05 0.10 0.08 0.03 0.02 0.01 -0.01 0.01 94.05 87.45 90.04 
95.74 0.04 0.04 0.07 0.07 0.02 0.02 0.01 -0.01 0.00 94.30 87.42 90.01 
95.85 0.05 0.04 0.07 0.07 0.01 0.01 0.01 -0.02 0.00 94.16 87.63 90.04 
95.95 0.04 0.04 0.07 0.07 0.01 0.01 0.01 -0.01 0.00 94.21 87.88 90.06 
96.05 0.04 0.04 0.07 0.07 0.01 0.01 0.02 -0.01 0.00 94.10 87.61 90.04 
96.16 0.03 0.04 0.08 0.07 0.01 0.01 0.02 -0.01 0.00 94.11 87.67 90.02 
96.26 0.04 0.04 0.07 0.07 0.01 0.01 0.01 -0.01 0.00 94.01 87.74 90.02 
96.36 0.04 0.04 0.07 0.07 0.01 0.01 0.01 -0.01 0.00 94.00 87.58 90.05 
96.46 0.07 0.05 0.08 0.07 0.01 0.00 0.02 -0.01 0.00 93.99 87.38 90.03 
96.57 0.04 0.04 0.07 0.07 0.01 0.02 0.01 -0.01 0.00 94.01 87.50 90.04 
