1.75 0 0.00000000 0.00000000 0.00 0.00 0.00 0.06 0.03 0.00 0.01 -0.01 0.01 93.19 91.79 90.08 
1.96 0 0.00000000 0.00000000 0.00 0.00 0.00 0.06 0.03 0.00 0.01 -0.01 0.01 93.37 91.81 90.08 
2.06 0 0.00000000 0.00000000 0.00 0.00 0.00 0.07 0.04 0.00 0.01 -0.01 0.01 93.88 92.09 90.07 
2.16 0 0.00000000 0.00000000 0.00 0.00 0.00 0.07 0.04 -0.00 0.01 -0.01 0.01 94.17 92.24 90.08 
2.26 0 0.00000000 0.00000000 0.00 0.00 0.00 0.07 0.04 0.00 0.01 -0.01 0.01 94.15 92.29 90.06 
2.36 0 0.00000000 0.00000000 0.00 0.00 0.00 0.07 0.04 -0.01 0.02 -0.01 0.01 94.17 92.21 90.06 
2.46 0 0.00000000 0.00000000 0.00 0.00 0.00 0.07 0.04 -0.00 0.01 -0.01 0.00 94.30 92.09 90.05 
2.56 0 0.00000000 0.00000000 0.00 0.00 0.00 0.07 0.04 -0.00 0.01 -0.01 0.01 94.11 92.25 90.06 
2.66 0 0.00000000 0.00000000 0.00 0.00 0.00 0.07 0.04 0.01 0.02 -0.01 0.01 94.11 92.32 90.06 
2.77 0 0.00000000 0.00000000 0.00 0.00 0.00 0.07 0.04 0.00 0.01 -0.01 0.00 94.04 92.39 90.06 
2.87 0 0.00000000 0.00000000 0.00 0.00 0.00 0.07 0.04 -0.00 0.01 -0.01 0.01 94.11 92.15 90.07 
2.97 0 0.00000000 0.00000000 0.00 0.00 0.00 0.07 0.04 0.00 0.01 -0.02 0.00 94.12 92.22 90.05 
3.07 0 0.00000000 0.00000000 0.00 0.00 0.00 0.07 0.04 -0.00 0.02 -0.01 0.00 94.10 92.11 90.04 
3.17 0 0.00000000 0.00000000 0.00 0.00 0.00 0.07 0.04 -0.00 0.01 -0.01 0.00 94.24 92.15 90.05 
3.27 0 0.00000000 0.00000000 0.00 0.00 0.00 0.07 0.04 -0.00 0.01 -0.01 0.01 94.25 92.20 90.05 
3.37 0 0.00000000 0.00000000 0.00 0.00 0.00 0.07 0.04 0.00 0.02 -0.01 0.00 94.19 92.22 90.06 
3.47 0 0.00000000 0.00000000 0.00 0.00 0.00 0.07 0.04 -0.00 0.02 -0.01 0.00 94.24 92.20 90.05 
3.57 0 0.00000000 0.00000000 0.00 0.00 0.00 0.07 0.04 0.00 0.02 -0.01 0.01 94.20 92.22 90.07 
3.68 0 0.00000000 0.00000000 0.00 0.00 0.00 0.07 0.04 -0.00 0.02 -0.00 0.01 94.22 92.17 90.07 
3.78 0 0.00000000 0.00000000 0.00 0.00 0.00 0.07 0.04 -0.00 0.02 -0.01 0.01 94.18 92.13 90.08 
3.88 0 0.00000000 0.00000000 0.00 0.00 0.00 0.07 0.04 -0.00 0.01 -0.01 0.00 94.08 92.25 90.05 
3.98 0 0.00000000 0.00000000 0.00 0.00 0.00 0.07 0.04 -0.01 0.02 -0.01 0.01 94.17 92.19 90.08 
4.08 0 0.00000000 0.00000000 0.00 0.00 0.00 0.07 0.04 0.00 0.01 -0.01 0.01 94.25 92.21 90.06 
4.18 0 0.00000000 0.00000000 0.00 0.00 0.00 0.07 0.04 0.00 0.01 -0.02 0.01 94.06 92.12 90.08 
4.28 0 0.00000000 0.00000000 0.00 0.00 0.00 0.07 0.04 -0.00 0.01 -0.01 0.01 94.07 92.10 90.08 
4.38 0 0.00000000 0.00000000 0.00 0.00 0.00 0.07 0.04 0.00 0.02 -0.01 0.00 94.18 92.23 90.04 
4.48 0 0.00000000 0.00000000 0.00 0.00 0.00 0.07 0.04 2.12 0.02 -0.01 0.01 94.20 92.23 90.07 
4.58 0 0.00000000 0.00000000 0.00 0.00 0.00 0.07 0.04 -0.00 0.01 -0.01 0.01 94.15 92.26 90.08 
4.68 0 0.00000000 0.00000000 0.00 0.00 0.00 0.07 0.04 -0.00 0.02 -0.01 0.01 94.21 92.24 90.08 
4.78 0 0.00000000 0.00000000 0.00 0.00 0.00 0.07 0.04 -0.00 0.01 -0.01 0.00 94.27 92.17 90.04 
4.88 0 0.00000000 0.00000000 0.00 0.00 0.00 0.07 0.04 0.00 0.01 -0.01 0.01 94.11 92.19 90.07 
4.98 0 0.00000000 0.00000000 0.00 0.00 0.00 0.07 0.04 -0.00 0.02 -0.02 0.00 94.15 92.26 90.05 
5.09 0 0.00000000 0.00000000 0.00 0.00 0.00 0.07 0.04 0.00 0.02 -0.01 0.01 94.09 92.30 90.06 
5.19 0 0.00000000 0.00000000 0.00 0.00 0.00 0.07 0.04 0.00 0.01 -0.01 0.00 94.08 92.22 90.06 
5.29 0 0.00000000 0.00000000 0.00 0.00 0.00 0.07 0.04 0.00 0.01 -0.01 0.00 94.09 92.32 90.04 
5.39 0 0.00000000 0.00000000 0.00 0.00 0.00 0.07 0.04 -0.00 0.03 -0.01 0.00 94.11 92.14 90.05 
5.49 0 0.00000000 0.00000000 0.00 0.00 0.00 0.07 0.04 0.00 0.02 -0.01 0.01 94.14 92.28 90.05 
5.59 0 0.00000000 0.00000000 0.00 0.00 0.00 0.07 0.04 -0.00 0.01 -0.01 0.00 94.26 92.26 90.04 
5.70 0 0.00000000 0.00000000 0.00 0.00 0.00 0.07 0.04 -0.00 0.02 -0.01 0.01 94.18 92.31 90.07 
5.80 0 0.00000000 0.00000000 0.00 0.00 0.00 0.07 0.04 0.00 0.02 -0.01 0.00 94.13 92.20 90.06 
5.90 0 0.00000000 0.00000000 0.00 0.00 0.00 0.07 0.04 -0.00 0.01 -0.01 0.00 94.15 92.25 90.05 
6.00 0 0.00000000 0.00000000 0.00 0.00 0.00 0.07 0.04 -0.00 0.02 -0.01 0.00 94.18 92.33 90.05 
6.10 0 0.00000000 0.00000000 0.00 0.00 0.00 0.07 0.04 0.00 0.01 -0.01 0.00 94.16 92.23 90.05 
6.20 0 0.00000000 0.00000000 0.00 0.00 0.00 0.07 0.04 -0.00 0.01 -0.01 0.01 94.20 92.19 90.07 
6.30 0 0.00000000 0.00000000 0.00 0.00 0.00 0.07 0.04 0.00 0.01 -0.01 0.01 94.29 92.20 90.06 
6.40 0 0.00000000 0.00000000 0.00 0.00 0.00 0.07 0.04 -0.00 0.02 -0.01 0.01 94.20 92.26 90.10 
6.50 0 0.00000000 0.00000000 0.00 0.00 0.00 0.07 0.04 -0.00 0.01 -0.02 0.00 94.28 92.31 90.05 
6.60 0 0.00000000 0.00000000 0.00 0.00 0.00 0.07 0.04 -0.00 0.02 -0.01 0.00 94.20 92.22 90.05 
6.70 0 0.00000000 0.00000000 0.00 0.00 0.00 0.07 0.04 -0.00 0.01 -0.01 0.01 94.17 92.20 90.07 
6.80 0 0.00000000 0.00000000 0.00 0.00 0.00 0.07 0.04 -0.00 0.02 -0.01 0.01 94.17 92.14 90.07 
6.91 0 0.00000000 0.00000000 0.00 0.00 0.00 0.07 0.04 0.00 0.01 -0.01 0.00 94.10 92.10 90.05 
7.01 0 0.00000000 0.00000000 0.00 0.00 0.00 0.07 0.04 0.00 0.02 -0.01 0.01 94.12 92.17 90.09 
7.11 0 0.00000000 0.00000000 0.00 0.00 0.00 0.07 0.04 -0.01 0.02 -0.01 0.00 94.23 92.13 90.04 
7.21 0 0.00000000 0.00000000 0.00 0.00 0.00 0.07 0.04 -0.01 0.01 -0.01 0.01 94.25 92.18 90.08 
7.31 0 0.00000000 0.00000000 0.00 0.00 0.00 0.08 0.04 -0.00 0.01 -0.01 0.01 94.30 92.14 90.07 
7.41 0 0.00000000 0.00000000 0.00 0.00 0.00 0.08 0.04 -0.00 0.01 -0.01 0.01 94.30 92.25 90.07 
7.51 0 0.00000000 0.00000000 0.00 0.00 0.00 0.07 0.04 0.00 0.01 -0.01 0.00 94.20 92.26 90.06 
7.61 0 0.00000000 0.00000000 0.00 0.00 0.00 0.08 0.04 -0.00 0.01 -0.01 0.01 94.31 92.30 90.07 
7.72 0 0.00000000 0.00000000 0.00 0.00 0.00 0.07 0.04 0.00 0.02 -0.01 0.01 94.24 92.28 90.06 
7.82 0 0.00000000 0.00000000 0.00 0.00 0.00 0.07 0.04 0.00 0.01 -0.01 0.01 94.10 92.37 90.08 
7.92 0 0.00000000 0.00000000 0.00 0.00 0.00 0.07 0.04 0.00 0.02 -0.02 0.00 94.25 92.33 90.04 
8.02 0 0.00000000 0.00000000 0.00 0.00 0.00 0.07 0.04 0.00 0.02 -0.01 0.00 94.17 92.45 90.05 
8.12 0 0.00000000 0.00000000 0.00 0.00 0.00 0.07 0.04 -0.00 0.01 -0.01 0.00 94.22 92.35 90.04 
8.22 0 0.00000000 0.00000000 0.00 0.00 0.00 0.07 0.04 -0.00 0.02 -0.01 0.00 94.24 92.25 90.04 
8.32 0 0.00000000 0.00000000 0.00 0.00 0.00 0.07 0.04 -0.01 0.02 -0.01 0.01 94.26 92.26 90.06 
8.42 0 0.00000000 0.00000000 0.00 0.00 0.00 0.07 0.04 0.00 0.01 -0.01 0.00 94.16 92.27 90.05 
8.52 0 0.00000000 0.00000000 0.00 0.00 0.00 0.07 0.04 0.00 0.01 -0.01 0.01 94.20 92.23 90.07 
8.62 0 0.00000000 0.00000000 0.00 0.00 0.00 0.07 0.04 -0.01 0.02 -0.01 0.00 94.13 92.28 90.05 
8.73 0 0.00000000 0.00000000 0.00 0.00 0.00 0.07 0.04 0.00 0.01 -0.01 0.00 94.18 92.44 90.07 
8.83 0 0.00000000 0.00000000 0.00 0.00 0.00 0.07 0.04 -0.00 0.01 -0.01 0.01 94.20 92.31 90.10 
8.93 0 0.00000000 0.00000000 0.00 0.00 0.00 0.07 0.04 -0.00 0.01 -0.02 0.01 94.11 92.25 90.07 
9.03 0 0.00000000 0.00000000 0.00 0.00 0.00 0.07 0.04 0.00 0.01 -0.01 0.01 94.20 92.37 90.07 
9.13 0 0.00000000 0.00000000 0.00 0.00 0.00 0.07 0.04 0.00 0.01 -0.01 0.00 94.06 92.32 90.05 
9.23 0 0.00000000 0.00000000 0.00 0.00 0.00 0.08 0.04 0.00 0.01 -0.02 0.01 94.31 92.19 90.09 
9.33 0 0.00000000 0.00000000 0.00 0.00 0.00 0.07 0.04 0.00 0.01 -0.01 0.00 94.29 92.26 90.04 
9.43 0 0.00000000 0.00000000 0.00 0.00 0.00 0.07 0.04 -0.01 0.01 -0.01 0.01 94.23 92.23 90.07 
9.53 0 0.00000000 0.00000000 0.00 0.00 0.00 0.08 0.04 -0.00 0.02 -0.01 0.01 94.38 92.24 90.06 
9.64 0 0.00000000 0.00000000 0.00 0.00 0.00 0.08 0.04 -0.00 0.01 -0.02 0.00 94.30 92.25 90.08 
9.74 0 0.00000000 0.00000000 0.00 0.00 0.00 0.07 0.04 -0.00 0.01 -0.01 0.00 94.26 92.38 90.04 
9.85 0 0.00000000 0.00000000 0.00 0.00 0.00 0.07 0.04 -0.00 0.01 -0.02 0.00 94.16 92.23 90.04 
9.95 0 0.00000000 0.00000000 0.00 0.00 0.00 0.07 0.04 -0.01 0.02 -0.01 0.01 94.15 92.25 90.07 
10.06 0 0.00000000 0.00000000 0.00 0.00 0.00 0.08 0.04 -0.00 0.01 -0.01 0.01 94.29 92.33 90.05 
10.16 0 0.00000000 0.00000000 0.00 0.00 0.00 0.07 0.04 0.00 0.02 -0.01 0.00 94.24 92.23 90.04 
10.26 0 0.00000000 0.00000000 0.00 0.00 0.00 0.07 0.04 -0.00 0.02 -0.01 0.01 94.23 92.28 90.08 
10.36 0 0.00000000 0.00000000 0.00 0.00 0.00 0.07 0.04 0.00 0.02 -0.01 0.01 94.17 92.34 90.08 
10.46 0 0.00000000 0.00000000 0.00 0.00 0.00 0.07 0.04 0.00 0.02 -0.01 0.01 94.12 92.33 90.07 
10.56 0 0.00000000 0.00000000 0.00 0.00 0.00 0.07 0.04 0.00 0.01 -0.01 0.01 94.16 92.20 90.07 
10.67 0 0.00000000 0.00000000 0.00 0.00 0.00 0.07 0.04 0.00 0.01 -0.01 0.01 94.10 92.28 90.07 
10.77 0 0.00000000 0.00000000 0.00 0.00 0.00 0.07 0.04 0.00 0.01 -0.01 0.01 94.19 92.42 90.09 
10.87 0 0.00000000 0.00000000 0.00 0.00 0.00 0.08 0.04 -0.01 0.02 -0.01 0.00 94.26 92.29 90.06 
10.97 0 0.00000000 0.00000000 0.00 0.00 0.00 0.07 0.04 -0.01 0.01 -0.01 0.01 94.25 92.21 90.07 
11.07 0 0.00000000 0.00000000 0.00 0.00 0.00 0.07 0.04 -0.01 0.02 -0.01 0.01 94.25 92.23 90.07 
11.17 0 0.00000000 0.00000000 0.00 0.00 0.00 0.07 0.04 -0.00 0.01 -0.02 0.01 94.19 92.28 90.06 
11.28 0 0.00000000 0.00000000 0.00 0.00 0.00 0.07 0.04 -0.00 0.01 -0.01 0.00 94.21 92.14 90.06 
11.38 0 0.00000000 0.00000000 0.00 0.00 0.00 0.07 0.04 -0.00 0.02 -0.01 0.01 94.13 92.16 90.08 
11.48 0 0.00000000 0.00000000 0.00 0.00 0.00 0.07 0.04 0.00 0.01 -0.01 0.01 94.29 92.40 90.08 
11.58 0 0.00000000 0.00000000 0.00 0.00 0.00 0.07 0.04 -0.00 0.02 -0.01 0.01 94.27 92.24 90.08 
11.68 0 0.00000000 0.00000000 0.00 0.00 0.00 0.07 0.04 -0.00 0.01 -0.01 0.00 94.25 92.33 90.06 
11.78 0 0.00000000 0.00000000 0.00 0.00 0.00 0.07 0.04 0.00 0.02 -0.01 0.00 94.23 92.40 90.03 
11.88 0 0.00000000 0.00000000 0.00 0.00 0.00 0.07 0.04 -0.01 0.02 -0.00 0.00 94.27 92.24 90.04 
11.98 0 0.00000000 0.00000000 0.00 0.00 0.00 0.07 0.04 -0.00 0.02 -0.01 0.00 94.24 92.26 90.05 
12.09 0 0.00000000 0.00000000 0.00 0.00 0.00 0.07 0.04 -0.00 0.02 -0.00 0.01 94.21 92.21 90.06 
12.19 0 0.00000000 0.00000000 0.00 0.00 0.00 0.07 0.04 -0.00 0.02 -0.01 0.00 94.21 92.03 90.05 
12.29 0 0.00000000 0.00000000 0.00 0.00 0.00 0.07 0.04 -0.00 0.01 -0.01 0.01 94.24 92.11 90.06 
12.39 0 0.00000000 0.00000000 0.00 0.00 0.00 0.07 0.04 -0.01 0.01 -0.01 0.01 94.23 92.18 90.07 
12.49 0 0.00000000 0.00000000 0.00 0.00 0.00 0.07 0.04 -0.00 0.01 -0.02 0.00 94.21 92.23 90.07 
12.59 0 0.00000000 0.00000000 0.00 0.00 0.00 0.07 0.04 -0.00 0.01 -0.01 0.00 94.21 92.26 90.05 
12.69 0 0.00000000 0.00000000 0.00 0.00 0.00 0.07 0.04 -0.01 0.02 -0.01 0.00 94.26 92.10 90.04 
12.79 0 0.00000000 0.00000000 0.00 0.00 0.00 0.07 0.04 -0.01 0.01 -0.01 0.00 94.20 92.21 90.06 
12.89 0 0.00000000 0.00000000 0.00 0.00 0.00 0.07 0.04 -0.00 0.01 -0.01 0.01 94.15 92.26 90.07 
13.00 0 0.00000000 0.00000000 0.00 0.00 0.00 0.07 0.04 -0.00 0.01 -0.01 0.01 94.18 92.34 90.06 
13.10 0 0.00000000 0.00000000 0.00 0.00 0.00 0.07 0.04 -0.00 0.01 -0.01 0.00 94.13 92.17 90.06 
13.20 0 0.00000000 0.00000000 0.00 0.00 0.00 0.07 0.04 -0.00 0.02 -0.01 0.00 94.25 92.16 90.05 
13.30 0 0.00000000 0.00000000 0.00 0.00 0.00 0.07 0.04 -0.00 0.02 -0.01 0.00 94.23 92.12 90.05 
13.40 0 0.00000000 0.00000000 0.00 0.00 0.00 0.07 0.04 -0.00 0.01 -0.01 0.01 94.18 92.19 90.07 
13.50 0 0.00000000 0.00000000 0.00 0.00 0.00 0.07 0.04 -0.01 0.02 -0.01 0.01 94.15 92.20 90.08 
13.60 0 0.00000000 0.00000000 0.00 0.00 0.00 0.07 0.04 -0.01 0.01 -0.01 0.01 94.27 92.26 90.06 
13.70 0 0.00000000 0.00000000 0.00 0.00 0.00 0.07 0.04 0.00 0.01 -0.01 0.00 94.07 92.34 90.06 
13.81 0 0.00000000 0.00000000 0.00 0.00 0.00 0.07 0.04 -0.00 0.01 -0.01 0.01 94.32 92.36 90.06 
13.91 0 0.00000000 0.00000000 0.00 0.00 0.00 0.07 0.04 -0.00 0.02 -0.01 0.00 94.22 92.25 90.04 
14.01 0 0.00000000 0.00000000 0.00 0.00 0.00 0.07 0.04 -0.01 0.02 -0.00 0.00 94.11 92.20 90.02 
14.11 0 0.00000000 0.00000000 0.00 0.00 0.00 0.07 0.04 -0.00 0.02 -0.01 0.00 94.11 92.18 90.07 
14.22 0 0.00000000 0.00000000 0.00 0.00 0.00 0.07 0.04 -0.00 0.01 -0.01 0.00 94.18 92.30 90.05 
14.32 0 0.00000000 0.00000000 0.00 0.00 0.00 0.07 0.04 -0.00 0.01 -0.02 0.01 94.27 92.30 90.06 
14.42 0 0.00000000 0.00000000 0.00 0.00 0.00 0.07 0.04 -0.00 0.01 -0.01 0.01 94.25 92.26 90.06 
14.53 0 0.00000000 0.00000000 0.00 0.00 0.00 0.07 0.04 -0.00 0.02 -0.02 0.00 94.30 92.24 90.04 
14.63 0 0.00000000 0.00000000 0.00 0.00 0.00 0.07 0.04 0.00 0.01 -0.01 0.01 94.15 92.19 90.06 
14.73 0 0.00000000 0.00000000 0.00 0.00 0.00 0.07 0.04 0.00 0.01 -0.01 0.00 94.28 92.29 90.06 
14.84 0 0.00000000 0.00000000 0.00 0.00 0.00 0.07 0.04 -0.00 0.02 -0.00 0.00 94.05 92.16 90.04 
14.94 0 0.00000000 0.00000000 0.00 0.00 0.00 0.07 0.04 0.00 0.02 -0.01 0.00 94.10 92.24 90.06 
15.04 0 0.00000000 0.00000000 0.00 0.00 0.00 0.07 0.04 -0.00 0.01 -0.01 0.01 94.03 92.21 90.04 
15.14 0 0.00000000 0.00000000 0.00 0.00 0.00 0.07 0.04 -0.01 0.01 -0.01 0.00 94.05 92.28 90.04 
15.24 0 0.00000000 0.00000000 0.00 0.00 0.00 0.07 0.04 -0.00 0.01 -0.01 0.00 94.14 92.26 90.05 
15.35 0 0.00000000 0.00000000 0.00 0.00 0.00 0.07 0.04 0.00 0.01 -0.00 0.00 94.17 92.29 90.05 
15.45 0 0.00000000 0.00000000 0.00 0.00 0.00 0.07 0.04 -0.00 0.01 -0.01 0.00 94.23 92.27 90.04 
15.55 0 0.00000000 0.00000000 0.00 0.00 0.00 0.07 0.04 -0.00 0.02 -0.01 0.01 94.18 92.24 90.09 
15.65 0 0.00000000 0.00000000 0.00 0.00 0.00 0.07 0.04 -0.01 0.01 -0.01 0.00 94.18 92.16 90.04 
15.75 0 0.00000000 0.00000000 0.00 0.00 0.00 0.07 0.04 -0.00 0.02 -0.01 0.00 94.22 92.22 90.05 
15.86 0 0.00000000 0.00000000 0.00 0.00 0.00 0.07 0.04 -0.00 0.02 -0.01 0.00 94.29 92.20 90.04 
15.96 0 0.00000000 0.00000000 0.00 0.00 0.00 0.07 0.04 -0.01 0.02 -0.01 0.00 94.14 92.23 90.05 
16.06 0 0.00000000 0.00000000 0.00 0.00 0.00 0.07 0.04 -0.00 0.02 -0.01 0.00 94.11 92.27 90.07 
16.16 0 0.00000000 0.00000000 0.00 0.00 0.00 0.07 0.04 -0.00 0.02 -0.00 0.00 94.18 92.24 90.04 
16.26 0 0.00000000 0.00000000 0.00 0.00 0.00 0.07 0.04 -0.00 0.01 -0.02 0.00 94.13 92.28 90.06 
16.36 0 0.00000000 0.00000000 0.00 0.00 0.00 0.07 0.04 0.00 0.02 -0.01 0.00 94.11 92.28 90.05 
16.46 0 0.00000000 0.00000000 0.00 0.00 0.00 0.07 0.04 -0.00 0.01 -0.01 0.01 94.21 92.29 90.06 
16.56 0 0.00000000 0.00000000 0.00 0.00 0.00 0.07 0.04 -0.00 0.02 -0.01 0.00 94.23 92.27 90.05 
16.67 0 0.00000000 0.00000000 0.00 0.00 0.00 0.07 0.04 -0.00 0.02 -0.01 0.00 94.20 92.24 90.05 
16.77 0 0.00000000 0.00000000 0.00 0.00 0.00 0.07 0.04 -0.01 0.01 -0.01 0.00 94.12 92.12 90.04 
16.87 0 0.00000000 0.00000000 0.00 0.00 0.00 0.07 0.04 -0.00 0.01 -0.01 0.00 94.22 92.20 90.04 
16.97 0 0.00000000 0.00000000 0.00 0.00 0.00 0.08 0.04 -0.00 0.01 -0.01 0.00 94.32 92.18 90.06 
17.07 0 0.00000000 0.00000000 0.00 0.00 0.00 0.07 0.04 -0.00 0.01 -0.01 0.01 94.20 92.22 90.06 
17.17 0 0.00000000 0.00000000 0.00 0.00 0.00 0.07 0.04 -0.00 0.01 -0.01 0.00 94.28 92.21 90.06 
17.27 0 0.00000000 0.00000000 0.00 0.00 0.00 0.07 0.04 -0.01 0.02 -0.01 0.01 94.28 92.21 90.08 
17.37 0 0.00000000 0.00000000 0.00 0.00 0.00 0.07 0.04 -0.00 0.01 -0.01 0.01 94.07 92.24 90.08 
17.48 0 0.00000000 0.00000000 0.00 0.00 0.00 0.07 0.04 -0.00 0.01 -0.01 0.00 94.07 92.21 90.04 
17.58 0 0.00000000 0.00000000 0.00 0.00 0.00 0.07 0.04 0.00 0.01 -0.01 0.01 94.19 92.31 90.09 
17.68 0 0.00000000 0.00000000 0.00 0.00 0.00 0.07 0.04 -0.00 0.01 -0.01 0.01 94.28 92.21 90.07 
17.78 0 0.00000000 0.00000000 0.00 0.00 0.00 0.08 0.04 -0.00 0.01 -0.01 0.00 94.32 92.22 90.05 
17.88 0 0.00000000 0.00000000 0.00 0.00 0.00 0.07 0.04 -0.00 0.01 -0.01 0.01 94.22 92.32 90.08 
17.99 0 0.00000000 0.00000000 0.00 0.00 0.00 0.08 0.04 -0.00 0.01 -0.01 0.01 94.32 92.33 90.07 
18.09 0 0.00000000 0.00000000 0.00 0.00 0.00 0.07 0.04 -0.00 0.02 -0.00 0.01 94.26 92.23 90.06 
18.19 0 0.00000000 0.00000000 0.00 0.00 0.00 0.07 0.04 -0.01 0.02 -0.01 0.00 94.21 92.23 90.06 
18.29 0 0.00000000 0.00000000 0.00 0.00 0.00 0.07 0.04 -0.01 0.01 -0.01 0.01 94.27 92.19 90.05 
18.40 0 0.00000000 0.00000000 0.00 0.00 0.00 0.07 0.04 -0.01 0.01 -0.01 0.00 94.14 92.14 90.07 
18.50 0 0.00000000 0.00000000 0.00 0.00 0.00 0.07 0.04 0.00 0.01 -0.01 0.01 93.98 92.05 90.05 
18.60 0 0.00000000 0.00000000 0.00 0.00 0.00 0.07 0.04 -0.01 0.01 -0.01 0.01 94.10 92.12 90.06 
18.70 0 0.00000000 0.00000000 0.00 0.00 0.00 0.07 0.04 -0.00 0.02 -0.01 0.00 94.20 92.20 90.04 
18.80 0 0.00000000 0.00000000 0.00 0.00 0.00 0.07 0.04 -0.00 0.02 -0.01 0.00 94.15 92.12 90.03 
18.91 0 0.00000000 0.00000000 0.00 0.00 0.00 0.07 0.04 -0.00 0.01 -0.01 0.01 94.17 92.22 90.07 
19.01 0 0.00000000 0.00000000 0.00 0.00 0.00 0.07 0.04 -0.01 0.02 -0.01 0.01 94.23 92.24 90.07 
19.11 0 0.00000000 0.00000000 0.00 0.00 0.00 0.07 0.04 -0.00 0.01 -0.01 0.01 94.21 92.27 90.07 
19.22 0 0.00000000 0.00000000 0.00 0.00 0.00 0.07 0.04 -0.00 0.01 -0.01 0.00 94.14 92.40 90.04 
19.32 0 0.00000000 0.00000000 0.00 0.00 0.00 0.07 0.04 0.00 0.01 -0.01 0.01 94.23 92.19 90.07 
19.42 0 0.00000000 0.00000000 0.00 0.00 0.00 0.07 0.04 -0.00 0.01 -0.01 0.01 94.19 92.13 90.08 
19.52 0 0.00000000 0.00000000 0.00 0.00 0.00 0.07 0.04 -0.00 0.01 -0.01 0.00 94.25 92.20 90.06 
19.62 0 0.00000000 0.00000000 0.00 0.00 0.00 0.07 0.04 -0.00 0.02 -0.01 0.00 94.20 92.16 90.05 
19.73 0 0.00000000 0.00000000 0.00 0.00 0.00 0.07 0.04 -0.00 0.01 -0.01 0.00 94.14 92.24 90.08 
19.83 0 0.00000000 0.00000000 0.00 0.00 0.00 0.08 0.04 -0.00 0.01 -0.01 0.00 94.31 92.18 90.04 
19.93 0 0.00000000 0.00000000 0.00 0.00 0.00 0.08 0.04 -0.01 0.02 -0.01 0.00 94.33 92.29 90.06 
20.07 0 0.00000000 0.00000000 0.00 0.00 0.00 0.08 0.04 -0.00 0.01 -0.01 0.01 94.34 92.28 90.06 
20.20 0 0.00000000 0.00000000 0.00 0.00 0.00 0.08 0.04 -0.00 0.01 -0.01 0.00 94.35 92.30 90.06 
20.35 0 0.00000000 0.00000000 0.00 0.00 0.00 0.08 0.04 -0.00 0.01 -0.01 0.01 94.32 92.25 90.11 
20.48 0 0.00000000 0.00000000 0.00 0.00 0.00 0.08 0.04 -0.00 0.01 -0.01 0.00 94.33 92.24 90.05 
20.59 0 0.00000000 0.00000000 0.00 0.00 0.00 0.07 0.04 -0.00 0.01 -0.01 0.00 94.24 92.20 90.05 
20.69 0 0.00000000 0.00000000 0.00 0.00 0.00 0.07 0.04 0.00 0.01 -0.01 0.01 94.18 92.27 90.07 
20.79 0 0.00000000 0.00000000 0.00 0.00 0.00 0.07 0.04 -0.00 0.02 -0.01 0.00 94.18 92.26 90.03 
20.90 0 0.00000000 0.00000000 0.00 0.00 0.00 0.07 0.04 0.00 0.02 -0.01 0.00 94.24 92.40 90.08 
21.00 0 0.00000000 0.00000000 0.00 0.00 0.00 0.07 0.04 0.00 0.01 -0.01 0.00 94.21 92.24 90.05 
21.10 0 0.00000000 0.00000000 0.00 0.00 0.00 0.07 0.04 -0.00 0.01 -0.01 0.00 94.07 92.28 90.06 
21.20 0 0.00000000 0.00000000 0.00 0.00 0.00 0.07 0.04 0.00 0.01 -0.01 0.00 94.16 92.09 90.05 
21.30 0 0.00000000 0.00000000 0.00 0.00 0.00 0.07 0.04 -0.00 0.01 -0.01 0.00 94.19 92.27 90.05 
21.40 0 0.00000000 0.00000000 0.00 0.00 0.00 0.07 0.04 0.00 0.01 -0.01 0.01 94.24 92.27 90.04 
21.50 0 0.00000000 0.00000000 0.00 0.00 0.00 0.07 0.04 0.00 0.01 -0.02 0.01 94.22 92.31 90.08 
21.60 0 0.00000000 0.00000000 0.00 0.00 0.00 0.07 0.04 0.00 0.01 -0.01 0.00 94.11 92.32 90.05 
21.70 0 0.00000000 0.00000000 0.00 0.00 0.00 0.07 0.04 0.00 0.01 -0.01 0.01 94.10 92.28 90.07 
21.81 0 0.00000000 0.00000000 0.00 0.00 0.00 0.07 0.04 -0.00 0.01 -0.01 0.00 94.11 92.29 90.04 
21.91 0 0.00000000 0.00000000 0.00 0.00 0.00 0.07 0.04 -0.01 0.01 -0.01 0.01 94.13 92.31 90.04 
22.01 0 0.00000000 0.00000000 0.00 0.00 0.00 0.07 0.04 -0.00 0.01 -0.01 0.01 94.11 92.33 90.07 
22.11 0 0.00000000 0.00000000 0.00 0.00 0.00 0.07 0.04 0.00 0.02 -0.01 0.01 94.07 92.33 90.08 
22.21 0 0.00000000 0.00000000 0.00 0.00 0.00 0.07 0.04 -0.01 0.01 -0.01 0.01 94.15 92.20 90.09 
22.31 0 0.00000000 0.00000000 0.00 0.00 0.00 0.07 0.04 -0.00 0.02 -0.01 0.00 94.17 92.28 90.04 
22.42 0 0.00000000 0.00000000 0.00 0.00 0.00 0.07 0.04 -0.00 0.02 -0.01 0.01 94.12 92.27 90.06 
22.52 0 0.00000000 0.00000000 0.00 0.00 0.00 0.07 0.04 -0.00 0.01 -0.01 0.01 94.13 92.09 90.05 
22.62 0 0.00000000 0.00000000 0.00 0.00 0.00 0.07 0.04 2.12 0.01 -0.01 0.00 94.13 92.07 90.05 
22.72 0 0.00000000 0.00000000 0.00 0.00 0.00 0.07 0.04 -0.00 0.01 -0.01 0.00 94.15 92.14 90.06 
22.82 0 0.00000000 0.00000000 0.00 0.00 0.00 0.07 0.04 0.01 0.01 -0.01 0.00 94.04 92.24 90.06 
22.92 0 0.00000000 0.00000000 0.00 0.00 0.00 0.07 0.04 -0.01 0.02 -0.01 0.00 94.10 92.23 90.04 
23.02 0 0.00000000 0.00000000 0.00 0.00 0.00 0.07 0.04 -0.00 0.01 -0.01 0.00 94.14 92.24 90.06 
23.13 0 0.00000000 0.00000000 0.00 0.00 0.00 0.07 0.04 -0.00 0.01 -0.01 0.01 94.10 92.24 90.08 
23.23 0 0.00000000 0.00000000 0.00 0.00 0.00 0.07 0.04 0.00 0.01 -0.01 0.00 94.14 92.24 90.07 
23.33 0 0.00000000 0.00000000 0.00 0.00 0.00 0.07 0.04 -0.00 0.02 -0.01 0.00 94.09 92.22 90.05 
23.43 0 0.00000000 0.00000000 0.00 0.00 0.00 0.07 0.04 -0.00 0.01 -0.02 0.01 94.17 92.28 90.07 
23.53 0 0.00000000 0.00000000 0.00 0.00 0.00 0.07 0.04 -0.00 0.02 -0.01 0.01 94.15 92.21 90.07 
23.63 0 0.00000000 0.00000000 0.00 0.00 0.00 0.07 0.04 -0.00 0.01 -0.01 0.01 94.20 92.23 90.07 
23.74 0 0.00000000 0.00000000 0.00 0.00 0.00 0.07 0.04 -0.00 0.01 -0.01 0.00 94.12 92.26 90.04 
23.84 0 0.00000000 0.00000000 0.00 0.00 0.00 0.07 0.04 -0.01 0.01 -0.01 0.01 94.11 92.17 90.03 
23.94 0 0.00000000 0.00000000 0.00 0.00 0.00 0.07 0.04 -0.00 0.02 -0.01 0.01 94.22 92.28 90.06 
24.04 0 0.00000000 0.00000000 0.00 0.00 0.00 0.07 0.04 -0.00 0.01 -0.01 0.00 94.15 92.29 90.06 
24.14 0 0.00000000 0.00000000 0.00 0.00 0.00 0.07 0.04 -0.00 0.01 -0.01 0.01 94.16 92.23 90.07 
24.24 0 0.00000000 0.00000000 0.00 0.00 0.00 0.07 0.04 -0.01 0.02 -0.01 0.01 94.22 92.25 90.07 
24.34 0 0.00000000 0.00000000 0.00 0.00 0.00 0.07 0.04 -0.01 0.01 -0.01 0.00 94.18 92.24 90.04 
24.44 0 0.00000000 0.00000000 0.00 0.00 0.00 0.07 0.04 -0.00 0.01 -0.01 0.00 94.14 92.18 90.05 
24.54 0 0.00000000 0.00000000 0.00 0.00 0.00 0.07 0.04 -0.00 0.01 -0.01 0.00 94.22 92.23 90.05 
24.64 0 0.00000000 0.00000000 0.00 0.00 0.00 0.07 0.04 0.00 0.02 -0.01 0.00 94.19 92.27 90.06 
24.75 0 0.00000000 0.00000000 0.00 0.00 0.00 0.07 0.04 -0.00 0.01 -0.01 0.01 94.10 92.33 90.08 
24.85 0 0.00000000 0.00000000 0.00 0.00 0.00 0.07 0.04 -0.00 0.01 -0.01 0.01 94.07 92.30 90.07 
24.95 0 0.00000000 0.00000000 0.00 0.00 0.00 0.07 0.04 -0.00 0.02 -0.01 0.01 94.11 92.23 90.07 
25.05 0 0.00000000 0.00000000 0.00 0.00 0.00 0.07 0.04 -0.00 0.01 -0.01 0.01 94.26 92.24 90.07 
25.15 0 0.00000000 0.00000000 0.00 0.00 0.00 0.07 0.04 -0.01 0.01 -0.01 0.01 94.29 92.12 90.07 
25.25 0 0.00000000 0.00000000 0.00 0.00 0.00 0.07 0.04 -0.00 0.02 -0.01 0.00 94.18 92.17 90.05 
25.35 0 0.00000000 0.00000000 0.00 0.00 0.00 0.07 0.04 -0.00 0.01 -0.01 0.00 94.12 92.25 90.05 
25.45 0 0.00000000 0.00000000 0.00 0.00 0.00 0.07 0.04 -0.00 0.01 -0.01 0.01 94.05 92.19 90.04 
25.55 0 0.00000000 0.00000000 0.00 0.00 0.00 0.07 0.04 -0.01 0.02 -0.01 0.00 94.23 92.19 90.03 
25.66 0 0.00000000 0.00000000 0.00 0.00 0.00 0.07 0.04 -0.00 0.01 -0.01 0.00 94.22 92.28 90.08 
25.76 0 0.00000000 0.00000000 0.00 0.00 0.00 0.07 0.04 -0.00 0.01 -0.01 0.00 94.08 92.25 90.07 
25.86 0 0.00000000 0.00000000 0.00 0.00 0.00 0.07 0.04 -0.01 0.02 -0.01 0.01 94.21 92.34 90.07 
25.96 0 0.00000000 0.00000000 0.00 0.00 0.00 0.07 0.04 -0.00 0.02 -0.01 0.00 94.24 92.30 90.04 
26.06 0 0.00000000 0.00000000 0.00 0.00 0.00 0.08 0.04 -0.00 0.02 -0.01 0.01 94.32 92.24 90.06 
26.17 0 0.00000000 0.00000000 0.00 0.00 0.00 0.08 0.04 -0.00 0.01 -0.01 0.01 94.31 92.34 90.06 
26.27 0 0.00000000 0.00000000 0.00 0.00 0.00 0.08 0.04 -0.00 0.01 -0.01 0.01 94.32 92.23 90.09 
26.37 0 0.00000000 0.00000000 0.00 0.00 0.00 0.07 0.04 -0.00 0.01 -0.01 0.00 94.27 92.20 90.03 
26.47 0 0.00000000 0.00000000 0.00 0.00 0.00 0.07 0.04 -0.00 0.01 -0.01 0.00 94.22 92.25 90.04 
26.57 0 0.00000000 0.00000000 0.00 0.00 0.00 0.07 0.04 -0.01 0.02 -0.01 0.01 94.11 92.17 90.07 
26.67 0 0.00000000 0.00000000 0.00 0.00 0.00 0.07 0.04 -0.00 0.02 -0.01 0.01 94.03 92.23 90.06 
26.77 0 0.00000000 0.00000000 0.00 0.00 0.00 0.07 0.04 -0.01 0.02 -0.01 0.00 94.14 92.27 90.05 
26.87 0 0.00000000 0.00000000 0.00 0.00 0.00 0.07 0.04 -0.00 0.01 -0.01 0.01 94.22 92.27 90.05 
26.98 0 0.00000000 0.00000000 0.00 0.00 0.00 0.07 0.04 -0.00 0.01 -0.01 0.01 94.11 92.20 90.06 
27.08 0 0.00000000 0.00000000 0.00 0.00 0.00 0.07 0.04 -0.01 0.01 -0.01 0.00 94.08 92.17 90.06 
27.18 0 0.00000000 0.00000000 0.00 0.00 0.00 0.07 0.04 -0.00 0.02 -0.01 0.00 94.08 92.27 90.06 
27.28 0 0.00000000 0.00000000 0.00 0.00 0.00 0.07 0.04 -0.00 0.01 -0.01 0.00 94.06 92.25 90.05 
27.38 0 0.00000000 0.00000000 0.00 0.00 0.00 0.07 0.04 -0.00 0.01 -0.01 0.01 94.08 92.31 90.08 
27.49 0 0.00000000 0.00000000 0.00 0.00 0.00 0.07 0.04 0.00 0.02 -0.01 0.00 94.13 92.25 90.02 
27.59 0 0.00000000 0.00000000 0.00 0.00 0.00 0.07 0.04 -0.01 0.01 -0.01 0.00 94.14 92.30 90.02 
27.69 0 0.00000000 0.00000000 0.00 0.00 0.00 0.07 0.04 -0.00 0.02 -0.01 0.01 94.19 92.22 90.07 
27.79 0 0.00000000 0.00000000 0.00 0.00 0.00 0.07 0.04 0.00 0.01 -0.01 0.01 94.12 92.27 90.07 
27.89 0 0.00000000 0.00000000 0.00 0.00 0.00 0.07 0.04 -0.00 0.02 -0.01 0.00 94.12 92.18 90.05 
27.99 0 0.00000000 0.00000000 0.00 0.00 0.00 0.07 0.04 -0.00 0.01 -0.01 0.00 94.17 92.15 90.07 
28.10 0 0.00000000 0.00000000 0.00 0.00 0.00 0.08 0.04 -0.00 0.01 -0.01 0.01 94.27 92.17 90.06 
28.20 0 0.00000000 0.00000000 0.00 0.00 0.00 0.07 0.04 -0.00 0.01 -0.01 0.01 94.13 92.19 90.04 
28.30 0 0.00000000 0.00000000 0.00 0.00 0.00 0.07 0.04 0.00 0.01 -0.01 0.00 94.00 92.25 90.06 
28.40 0 0.00000000 0.00000000 0.00 0.00 0.00 0.07 0.04 -0.00 0.02 -0.01 0.01 94.24 92.25 90.06 
28.50 0 0.00000000 0.00000000 0.00 0.00 0.00 0.07 0.04 -0.00 0.02 -0.01 0.00 94.16 92.24 90.05 
28.60 0 0.00000000 0.00000000 0.00 0.00 0.00 0.07 0.04 -0.01 0.01 -0.01 0.01 94.28 92.22 90.08 
28.70 0 0.00000000 0.00000000 0.00 0.00 0.00 0.07 0.04 -0.01 0.02 -0.01 0.01 94.08 92.20 90.08 
28.80 0 0.00000000 0.00000000 0.00 0.00 0.00 0.07 0.04 -0.01 0.01 -0.01 0.01 94.17 92.18 90.07 
28.90 0 0.00000000 0.00000000 0.00 0.00 0.00 0.07 0.04 -0.01 0.01 -0.01 0.00 94.14 92.18 90.06 
29.01 0 0.00000000 0.00000000 0.00 0.00 0.00 0.07 0.04 0.00 0.02 -0.01 0.00 94.21 92.29 90.05 
29.11 0 0.00000000 0.00000000 0.00 0.00 0.00 0.07 0.04 -0.00 0.01 -0.01 0.01 94.26 92.25 90.06 
29.21 0 0.00000000 0.00000000 0.00 0.00 0.00 0.07 0.04 -0.00 0.01 -0.01 0.01 94.23 92.20 90.07 
29.31 0 0.00000000 0.00000000 0.00 0.00 0.00 0.07 0.04 -0.01 0.02 -0.01 0.00 94.17 92.16 90.04 
29.42 0 0.00000000 0.00000000 0.00 0.00 0.00 0.07 0.04 -0.00 0.01 -0.01 0.01 94.04 92.18 90.08 
29.52 0 0.00000000 0.00000000 0.00 0.00 0.00 0.08 0.04 -0.01 0.02 -0.01 0.00 94.30 92.17 90.05 
29.63 0 0.00000000 0.00000000 0.00 0.00 0.00 0.07 0.04 -0.00 0.02 -0.01 0.00 94.17 92.26 90.05 
29.73 0 0.00000000 0.00000000 0.00 0.00 0.00 0.07 0.04 -0.00 0.01 -0.01 0.01 94.22 92.21 90.04 
29.83 0 0.00000000 0.00000000 0.00 0.00 0.00 0.08 0.04 -0.00 0.01 -0.01 0.00 94.25 92.13 90.08 
29.93 0 0.00000000 0.00000000 0.00 0.00 0.00 0.08 0.04 -0.00 0.01 -0.00 0.00 94.34 92.22 90.05 
30.03 0 0.00000000 0.00000000 0.00 0.00 0.00 0.07 0.04 0.00 0.01 -0.01 0.00 94.22 92.17 90.03 
30.14 0 0.00000000 0.00000000 0.00 0.00 0.00 0.07 0.04 -0.00 0.02 -0.01 0.01 94.25 92.24 90.07 
30.24 0 0.00000000 0.00000000 0.00 0.00 0.00 0.07 0.04 -0.00 0.01 -0.01 0.01 94.29 92.23 90.06 
30.34 0 0.00000000 0.00000000 0.00 0.00 0.00 0.07 0.04 -0.00 0.01 -0.01 0.00 94.25 92.19 90.04 
30.44 0 0.00000000 0.00000000 0.00 0.00 0.00 0.07 0.04 -0.00 0.01 -0.01 0.01 94.20 92.21 90.08 
30.54 0 0.00000000 0.00000000 0.00 0.00 0.00 0.07 0.04 -0.00 0.01 -0.02 0.00 94.27 92.21 90.05 
30.64 0 0.00000000 0.00000000 0.00 0.00 0.00 0.07 0.04 -0.00 0.01 -0.01 0.00 94.23 92.34 90.05 
30.74 0 0.00000000 0.00000000 0.00 0.00 0.00 0.07 0.04 -0.00 0.01 -0.01 0.01 94.13 92.24 90.05 
30.84 0 0.00000000 0.00000000 0.00 0.00 0.00 0.07 0.04 -0.00 0.01 -0.01 0.01 94.15 92.36 90.08 
30.94 0 0.00000000 0.00000000 0.00 0.00 0.00 0.07 0.04 -0.00 0.01 -0.01 0.00 94.24 92.26 90.06 
31.04 0 0.00000000 0.00000000 0.00 0.00 0.00 0.07 0.04 -0.01 0.01 -0.01 0.00 94.13 92.25 90.06 
31.15 0 0.00000000 0.00000000 0.00 0.00 0.00 0.07 0.04 -0.01 0.01 -0.01 0.00 94.15 92.24 90.05 
31.25 0 0.00000000 0.00000000 0.00 0.00 0.00 0.07 0.04 -0.00 0.01 -0.01 0.00 94.12 92.24 90.05 
31.35 0 0.00000000 0.00000000 0.00 0.00 0.00 0.07 0.04 -0.00 0.02 -0.01 0.00 94.19 92.24 90.05 
31.45 0 0.00000000 0.00000000 0.00 0.00 0.00 0.07 0.04 -0.00 0.01 -0.01 0.00 94.14 92.23 90.06 
31.55 0 0.00000000 0.00000000 0.00 0.00 0.00 0.07 0.04 -0.00 0.01 -0.01 0.00 94.25 92.18 90.05 
31.65 0 0.00000000 0.00000000 0.00 0.00 0.00 0.07 0.04 -0.00 0.01 -0.01 0.01 94.16 92.23 90.08 
31.76 0 0.00000000 0.00000000 0.00 0.00 0.00 0.07 0.04 -0.01 0.01 -0.01 0.01 94.12 92.20 90.07 
31.86 0 0.00000000 0.00000000 0.00 0.00 0.00 0.07 0.04 -0.00 0.01 -0.01 0.01 94.12 92.21 90.05 
31.96 0 0.00000000 0.00000000 0.00 0.00 0.00 0.07 0.04 -0.01 0.01 -0.01 0.01 94.26 92.15 90.06 
32.06 0 0.00000000 0.00000000 0.00 0.00 0.00 0.07 0.04 -0.01 0.02 -0.01 0.00 94.16 92.18 90.05 
32.16 0 0.00000000 0.00000000 0.00 0.00 0.00 0.07 0.04 -0.00 0.01 -0.01 0.00 94.19 92.21 90.05 
32.26 0 0.00000000 0.00000000 0.00 0.00 0.00 0.07 0.04 -0.00 0.01 -0.01 0.00 94.18 92.29 90.06 
32.36 0 0.00000000 0.00000000 0.00 0.00 0.00 0.07 0.04 0.00 0.01 -0.01 0.00 94.13 92.35 90.03 
32.46 0 0.00000000 0.00000000 0.00 0.00 0.00 0.07 0.04 -0.00 0.02 -0.01 0.00 94.20 92.27 90.05 
32.56 0 0.00000000 0.00000000 0.00 0.00 0.00 0.07 0.04 0.00 0.00 -0.01 0.00 94.15 92.23 90.05 
32.66 0 0.00000000 0.00000000 0.00 0.00 0.00 0.07 0.04 -0.00 0.02 -0.01 0.00 94.24 92.19 90.03 
32.77 0 0.00000000 0.00000000 0.00 0.00 0.00 0.07 0.04 -0.01 0.01 -0.01 0.01 94.29 92.14 90.07 
32.87 0 0.00000000 0.00000000 0.00 0.00 0.00 0.08 0.04 -0.01 0.01 -0.02 0.01 94.43 92.18 90.07 
32.97 0 0.00000000 0.00000000 0.00 0.00 0.00 0.07 0.04 -0.00 0.01 -0.01 0.01 94.26 92.13 90.07 
33.07 0 0.00000000 0.00000000 0.00 0.00 0.00 0.07 0.04 -0.00 0.01 -0.01 0.00 94.12 92.09 90.05 
33.17 0 0.00000000 0.00000000 0.00 0.00 0.00 0.07 0.04 -0.00 0.01 -0.01 0.01 94.16 92.15 90.09 
33.27 0 0.00000000 0.00000000 0.00 0.00 0.00 0.07 0.04 -0.01 0.01 -0.01 0.01 94.13 92.21 90.08 
33.37 0 0.00000000 0.00000000 0.00 0.00 0.00 0.07 0.04 -0.01 0.01 -0.01 0.00 94.21 92.17 90.03 
33.47 0 0.00000000 0.00000000 0.00 0.00 0.00 0.07 0.04 -0.00 0.00 -0.01 0.00 94.19 92.12 90.06 
33.57 0 0.00000000 0.00000000 0.00 0.00 0.00 0.07 0.04 0.00 0.01 -0.01 0.01 94.24 92.18 90.07 
33.67 0 0.00000000 0.00000000 0.00 0.00 0.00 0.07 0.04 -0.00 0.02 -0.01 0.00 94.23 92.24 90.06 
33.77 0 0.00000000 0.00000000 0.00 0.00 0.00 0.07 0.04 -0.01 0.01 -0.01 0.00 94.23 92.15 90.04 
33.87 0 0.00000000 0.00000000 0.00 0.00 0.00 0.07 0.04 -0.01 0.01 -0.01 0.01 94.19 92.19 90.06 
33.97 0 0.00000000 0.00000000 0.00 0.00 0.00 0.07 0.04 -0.00 0.01 -0.02 0.01 94.24 92.23 90.06 
34.07 0 0.00000000 0.00000000 0.00 0.00 0.00 0.07 0.04 -0.00 0.02 -0.01 0.01 94.28 92.27 90.07 
34.17 0 0.00000000 0.00000000 0.00 0.00 0.00 0.07 0.04 0.00 0.01 -0.01 0.00 94.17 92.32 90.05 
34.28 0 0.00000000 0.00000000 0.00 0.00 0.00 0.07 0.04 -0.00 0.01 -0.01 0.00 94.08 92.21 90.06 
34.38 0 0.00000000 0.00000000 0.00 0.00 0.00 0.07 0.04 -0.01 0.02 -0.01 0.01 94.28 92.26 90.06 
34.48 0 0.00000000 0.00000000 0.00 0.00 0.00 0.07 0.04 0.00 0.02 -0.01 0.00 94.24 92.32 90.05 
34.58 0 0.00000000 0.00000000 0.00 0.00 0.00 0.07 0.04 -0.00 0.01 -0.01 0.00 94.15 92.33 90.04 
34.68 0 0.00000000 0.00000000 0.00 0.00 0.00 0.08 0.04 -0.00 0.02 -0.01 0.00 94.30 92.26 90.05 
34.78 0 0.00000000 0.00000000 0.00 0.00 0.00 0.07 0.04 -0.00 0.01 -0.01 0.00 94.21 92.32 90.04 
34.88 0 0.00000000 0.00000000 0.00 0.00 0.00 0.07 0.04 0.00 0.01 -0.01 0.01 94.24 92.28 90.07 
34.98 0 0.00000000 0.00000000 0.00 0.00 0.00 0.07 0.04 -0.01 0.01 -0.01 0.01 94.26 92.18 90.06 
35.08 0 0.00000000 0.00000000 0.00 0.00 0.00 0.07 0.04 -0.00 0.01 -0.01 0.01 94.18 92.20 90.06 
35.18 0 0.00000000 0.00000000 0.00 0.00 0.00 0.07 0.04 -0.00 0.02 -0.01 0.01 94.23 92.20 90.06 
35.28 0 0.00000000 0.00000000 0.00 0.00 0.00 0.07 0.04 -0.00 0.02 -0.01 0.00 94.17 92.22 90.05 
35.38 0 0.00000000 0.00000000 0.00 0.00 0.00 0.07 0.04 -0.00 0.01 -0.01 0.00 94.21 92.23 90.06 
35.48 0 0.00000000 0.00000000 0.00 0.00 0.00 0.07 0.04 -0.01 0.02 -0.01 0.00 94.23 92.22 90.06 
35.58 0 0.00000000 0.00000000 0.00 0.00 0.00 0.07 0.04 -0.00 0.01 -0.01 0.01 94.17 92.29 90.06 
35.69 0 0.00000000 0.00000000 0.00 0.00 0.00 0.07 0.04 -0.00 0.02 -0.01 0.00 94.15 92.23 90.06 
35.79 0 0.00000000 0.00000000 0.00 0.00 0.00 0.07 0.04 -0.00 0.01 -0.01 0.00 94.10 92.16 90.04 
35.89 0 0.00000000 0.00000000 0.00 0.00 0.00 0.07 0.04 -0.00 0.01 -0.01 0.01 94.27 92.28 90.09 
35.99 0 0.00000000 0.00000000 0.00 0.00 0.00 0.07 0.04 -0.01 0.02 -0.01 0.01 94.16 92.27 90.07 
36.09 0 0.00000000 0.00000000 0.00 0.00 0.00 0.07 0.04 -0.00 0.02 -0.01 0.00 94.19 92.27 90.04 
36.19 0 0.00000000 0.00000000 0.00 0.00 0.00 0.07 0.04 -0.00 0.01 -0.01 0.01 94.20 92.30 90.07 
36.29 0 0.00000000 0.00000000 0.00 0.00 0.00 0.07 0.04 -0.00 0.01 -0.01 0.01 94.19 92.19 90.06 
36.39 0 0.00000000 0.00000000 0.00 0.00 0.00 0.07 0.04 0.00 0.02 -0.01 0.00 94.15 92.33 90.05 
36.49 0 0.00000000 0.00000000 0.00 0.00 0.00 0.07 0.04 -0.00 0.01 -0.01 0.00 94.18 92.20 90.06 
36.59 0 0.00000000 0.00000000 0.00 0.00 0.00 0.08 0.04 -0.01 0.01 -0.01 0.00 94.35 92.19 90.04 
36.69 0 0.00000000 0.00000000 0.00 0.00 0.00 0.08 0.04 -0.00 0.02 -0.01 0.00 94.31 92.23 90.03 
36.79 0 0.00000000 0.00000000 0.00 0.00 0.00 0.07 0.04 -0.00 0.02 -0.01 0.00 94.24 92.18 90.03 
36.89 0 0.00000000 0.00000000 0.00 0.00 0.00 0.07 0.04 -0.00 0.01 -0.01 0.00 94.17 92.22 90.05 
36.99 0 0.00000000 0.00000000 0.00 0.00 0.00 0.07 0.04 -0.00 0.01 -0.01 0.01 94.14 92.29 90.08 
37.09 0 0.00000000 0.00000000 0.00 0.00 0.00 0.07 0.04 -0.00 0.01 -0.01 0.00 94.19 92.25 90.05 
37.20 0 0.00000000 0.00000000 0.00 0.00 0.00 0.07 0.04 -0.00 0.01 -0.01 0.00 94.14 92.15 90.06 
37.30 0 0.00000000 0.00000000 0.00 0.00 0.00 0.07 0.04 -0.00 0.01 -0.02 0.01 94.18 92.16 90.06 
37.40 0 0.00000000 0.00000000 0.00 0.00 0.00 0.07 0.04 0.00 0.01 -0.01 0.00 94.15 92.15 90.05 
37.53 0 0.00000000 0.00000000 0.00 0.00 0.00 0.07 0.04 0.00 0.01 -0.01 0.01 94.10 92.21 90.06 
37.67 0 0.00000000 0.00000000 0.00 0.00 0.00 0.07 0.04 -0.00 0.01 -0.01 0.00 94.12 92.20 90.05 
37.81 0 0.00000000 0.00000000 0.00 0.00 0.00 0.07 0.04 0.00 0.01 -0.01 0.00 94.09 92.27 90.05 
37.95 0 0.00000000 0.00000000 0.00 0.00 0.00 0.07 0.04 -0.00 0.02 -0.01 0.00 94.10 92.22 90.05 
38.06 0 0.00000000 0.00000000 0.00 0.00 0.00 0.07 0.04 -0.00 0.01 -0.01 0.00 94.14 92.15 90.03 
38.16 0 0.00000000 0.00000000 0.00 0.00 0.00 0.07 0.04 -0.00 0.01 -0.01 0.01 94.19 92.21 90.07 
38.26 0 0.00000000 0.00000000 0.00 0.00 0.00 0.07 0.04 -0.00 0.02 -0.01 0.01 94.13 92.18 90.09 
38.36 0 0.00000000 0.00000000 0.00 0.00 0.00 0.07 0.04 -0.00 0.01 -0.01 0.01 94.22 92.22 90.07 
38.46 0 0.00000000 0.00000000 0.00 0.00 0.00 0.07 0.04 -0.01 0.01 -0.01 0.01 94.15 92.18 90.07 
38.56 0 0.00000000 0.00000000 0.00 0.00 0.00 0.07 0.04 -0.01 0.02 -0.01 0.00 94.09 92.20 90.04 
38.66 0 0.00000000 0.00000000 0.00 0.00 0.00 0.07 0.04 -0.00 0.01 -0.01 0.00 94.16 92.24 90.04 
38.76 0 0.00000000 0.00000000 0.00 0.00 0.00 0.07 0.04 -0.00 0.02 -0.01 0.00 94.09 92.21 90.02 
38.86 0 0.00000000 0.00000000 0.00 0.00 0.00 0.07 0.04 0.00 0.01 -0.01 0.00 94.15 92.20 90.04 
38.96 0 0.00000000 0.00000000 0.00 0.00 0.00 0.07 0.04 -0.01 0.02 -0.01 0.01 94.16 92.29 90.07 
39.06 0 0.00000000 0.00000000 0.00 0.00 0.00 0.07 0.04 -0.00 0.02 -0.01 0.00 94.12 92.23 90.05 
39.17 0 0.00000000 0.00000000 0.00 0.00 0.00 0.07 0.04 -0.01 0.02 -0.01 0.01 94.16 92.26 90.08 
39.27 0 0.00000000 0.00000000 0.00 0.00 0.00 0.07 0.04 -0.00 0.01 -0.01 0.00 94.23 92.24 90.05 
39.37 0 0.00000000 0.00000000 0.00 0.00 0.00 0.07 0.04 -0.01 0.02 -0.01 0.01 94.24 92.13 90.06 
39.47 0 0.00000000 0.00000000 0.00 0.00 0.00 0.07 0.04 -0.00 0.01 -0.01 0.00 94.13 92.24 90.02 
39.57 0 0.00000000 0.00000000 0.00 0.00 0.00 0.07 0.04 0.00 0.02 -0.01 0.00 94.08 92.28 90.06 
39.67 0 0.00000000 0.00000000 0.00 0.00 0.00 0.07 0.04 -0.00 0.02 -0.01 0.01 94.22 92.27 90.07 
39.77 0 0.00000000 0.00000000 0.00 0.00 0.00 0.07 0.04 -0.01 0.01 -0.00 0.01 94.20 92.29 90.08 
39.87 0 0.00000000 0.00000000 0.00 0.00 0.00 0.08 0.04 -0.01 0.02 -0.01 0.00 94.33 92.26 90.03 
39.97 0 0.00000000 0.00000000 0.00 0.00 0.00 0.08 0.04 -0.00 0.02 -0.01 0.01 94.33 92.20 90.06 
40.07 0 0.00000000 0.00000000 0.00 0.00 0.00 0.07 0.04 -0.02 0.01 -0.01 0.00 94.22 92.23 90.05 
40.17 0 0.00000000 0.00000000 0.00 0.00 0.00 0.07 0.04 0.00 0.01 -0.01 0.00 94.18 92.24 90.05 
40.27 0 0.00000000 0.00000000 0.00 0.00 0.00 0.07 0.04 -0.00 0.01 -0.01 0.01 94.16 92.35 90.06 
40.37 0 0.00000000 0.00000000 0.00 0.00 0.00 0.07 0.04 -0.00 0.01 -0.01 0.00 94.06 92.30 90.04 
40.47 0 0.00000000 0.00000000 0.00 0.00 0.00 0.07 0.04 0.00 0.02 -0.01 0.00 94.17 92.24 90.04 
40.57 0 0.00000000 0.00000000 0.00 0.00 0.00 0.07 0.04 -0.01 0.02 -0.01 0.01 94.24 92.19 90.06 
40.67 0 0.00000000 0.00000000 0.00 0.00 0.00 0.07 0.04 0.00 0.01 -0.01 0.01 94.11 92.21 90.06 
40.78 0 0.00000000 0.00000000 0.00 0.00 0.00 0.07 0.04 0.00 0.01 -0.01 0.00 94.19 92.22 90.04 
40.88 0 0.00000000 0.00000000 0.00 0.00 0.00 0.08 0.04 -0.00 0.01 -0.01 0.01 94.32 92.25 90.06 
40.98 0 0.00000000 0.00000000 0.00 0.00 0.00 0.07 0.04 -0.00 0.02 -0.01 0.01 94.14 92.15 90.07 
41.08 0 0.00000000 0.00000000 0.00 0.00 0.00 0.07 0.04 0.00 0.02 -0.01 0.00 94.01 92.22 90.04 
41.18 0 0.00000000 0.00000000 0.00 0.00 0.00 0.07 0.04 -0.00 0.02 -0.01 0.00 94.09 92.30 90.05 
41.28 0 0.00000000 0.00000000 0.00 0.00 0.00 0.07 0.04 0.00 0.02 -0.01 0.00 94.12 92.37 90.05 
41.38 0 0.00000000 0.00000000 0.00 0.00 0.00 0.07 0.04 -0.00 0.01 -0.01 0.00 94.20 92.24 90.05 
41.48 0 0.00000000 0.00000000 0.00 0.00 0.00 0.07 0.04 -0.00 0.01 -0.01 0.01 94.15 92.19 90.06 
41.59 0 0.00000000 0.00000000 0.00 0.00 0.00 0.07 0.04 0.00 0.02 -0.01 0.01 94.04 92.15 90.07 
41.69 0 0.00000000 0.00000000 0.00 0.00 0.00 0.07 0.04 -0.01 0.02 -0.01 0.00 94.06 92.23 90.04 
41.79 0 0.00000000 0.00000000 0.00 0.00 0.00 0.07 0.04 -0.00 0.01 -0.01 0.01 94.09 92.29 90.07 
41.89 0 0.00000000 0.00000000 0.00 0.00 0.00 0.07 0.04 -0.01 0.01 -0.01 0.00 94.11 92.23 90.05 
41.99 0 0.00000000 0.00000000 0.00 0.00 0.00 0.07 0.04 -0.00 0.01 -0.01 0.01 94.16 92.19 90.08 
42.09 0 0.00000000 0.00000000 0.00 0.00 0.00 0.07 0.04 -0.01 0.02 -0.01 0.00 94.17 92.21 90.03 
42.19 0 0.00000000 0.00000000 0.00 0.00 0.00 0.07 0.04 0.00 0.01 -0.01 0.01 94.07 92.39 90.07 
42.29 0 0.00000000 0.00000000 0.00 0.00 0.00 0.07 0.04 -0.00 0.02 -0.01 0.01 94.12 92.26 90.06 
42.39 0 0.00000000 0.00000000 0.00 0.00 0.00 0.07 0.04 0.00 0.01 -0.01 0.00 94.05 92.29 90.03 
