1.76 0 0.00000000 0.00000000 0.00 0.00 0.00 0.07 0.00 -0.03 0.01 -0.01 -0.00 93.96 90.12 89.99 
1.97 0 0.00000000 0.00000000 0.00 0.00 0.00 0.07 0.00 -0.03 0.00 -0.01 -0.00 94.10 90.14 89.96 
2.07 0 0.00000000 0.00000000 0.00 0.00 0.00 0.08 0.00 -0.04 0.00 -0.01 0.00 94.77 90.11 90.01 
2.17 0 0.00000000 0.00000000 0.00 0.00 0.00 0.09 0.00 -0.02 0.00 -0.01 -0.00 94.93 90.08 90.00 
2.27 0 0.00000000 0.00000000 0.00 0.00 0.00 0.09 -0.00 -0.03 0.01 -0.01 0.00 94.92 90.01 90.01 
2.37 0 0.00000000 0.00000000 0.00 0.00 0.00 0.09 0.00 -0.02 0.01 -0.01 -0.00 94.92 90.03 89.99 
2.48 0 0.00000000 0.00000000 0.00 0.00 0.00 0.09 0.00 -0.03 0.01 -0.01 -0.00 94.95 90.20 90.00 
2.58 0 0.00000000 0.00000000 0.00 0.00 0.00 0.09 0.00 -0.03 0.01 -0.01 0.00 95.06 90.15 90.02 
2.68 0 0.00000000 0.00000000 0.00 0.00 0.00 0.09 0.00 -0.03 0.00 -0.01 0.00 95.12 90.09 90.01 
2.78 0 0.00000000 0.00000000 0.00 0.00 0.00 0.09 0.00 -0.03 0.01 -0.01 0.00 95.06 90.04 90.02 
2.88 0 0.00000000 0.00000000 0.00 0.00 0.00 0.09 0.00 -0.02 0.00 -0.01 -0.00 95.13 90.11 89.98 
2.98 0 0.00000000 0.00000000 0.00 0.00 0.00 0.09 0.00 -0.02 0.01 -0.01 0.00 95.03 90.10 90.01 
3.08 0 0.00000000 0.00000000 0.00 0.00 0.00 0.09 0.00 -0.03 0.01 -0.01 0.00 95.25 90.17 90.01 
3.18 0 0.00000000 0.00000000 0.00 0.00 0.00 0.09 0.00 -0.03 0.01 -0.01 -0.00 95.11 90.13 89.99 
3.28 0 0.00000000 0.00000000 0.00 0.00 0.00 0.09 -0.00 -0.04 0.00 -0.01 0.00 95.12 89.99 90.02 
3.38 0 0.00000000 0.00000000 0.00 0.00 0.00 0.09 -0.00 -0.03 0.01 -0.01 0.00 95.01 89.94 90.01 
3.48 0 0.00000000 0.00000000 0.00 0.00 0.00 0.09 0.00 -0.03 0.00 -0.01 0.00 95.13 90.03 90.01 
3.59 0 0.00000000 0.00000000 0.00 0.00 0.00 0.09 0.00 -0.02 0.00 -0.01 0.00 95.03 90.18 90.02 
3.69 0 0.00000000 0.00000000 0.00 0.00 0.00 0.09 0.00 -0.03 0.00 -0.01 -0.00 95.09 90.19 90.00 
3.79 0 0.00000000 0.00000000 0.00 0.00 0.00 0.09 0.00 -0.03 0.00 -0.01 0.00 95.18 90.15 90.00 
3.89 0 0.00000000 0.00000000 0.00 0.00 0.00 0.09 0.00 -0.02 0.01 -0.01 -0.00 95.19 90.11 90.00 
3.99 0 0.00000000 0.00000000 0.00 0.00 0.00 0.09 0.00 -0.03 0.00 -0.01 -0.00 95.08 90.11 89.98 
4.09 0 0.00000000 0.00000000 0.00 0.00 0.00 0.09 0.00 -0.03 0.00 -0.02 -0.00 95.15 90.12 89.98 
4.19 0 0.00000000 0.00000000 0.00 0.00 0.00 0.09 0.00 -0.03 0.00 -0.02 0.00 95.05 90.16 90.00 
4.30 0 0.00000000 0.00000000 0.00 0.00 0.00 0.09 0.00 -0.02 0.01 -0.01 0.00 95.16 90.10 90.02 
4.40 0 0.00000000 0.00000000 0.00 0.00 0.00 0.09 0.00 -0.03 0.01 -0.01 -0.00 95.20 90.06 89.99 
4.50 0 0.00000000 0.00000000 0.00 0.00 0.00 0.09 0.00 -0.04 0.00 -0.01 0.00 95.18 90.12 90.01 
4.60 0 0.00000000 0.00000000 0.00 0.00 0.00 0.09 0.00 -0.03 0.01 -0.01 0.00 95.12 90.10 90.02 
4.70 0 0.00000000 0.00000000 0.00 0.00 0.00 0.09 0.00 -0.02 0.01 -0.01 -0.00 95.16 90.11 90.00 
4.80 0 0.00000000 0.00000000 0.00 0.00 0.00 0.09 0.00 -0.03 0.01 -0.01 -0.00 95.06 90.02 89.98 
4.90 0 0.00000000 0.00000000 0.00 0.00 0.00 0.09 0.00 -0.03 0.00 -0.01 -0.00 95.10 90.07 89.98 
5.00 0 0.00000000 0.00000000 0.00 0.00 0.00 0.09 0.00 -0.02 0.00 -0.01 0.00 95.04 90.19 90.02 
5.10 0 0.00000000 0.00000000 0.00 0.00 0.00 0.09 0.00 -0.03 0.00 -0.01 0.00 95.12 90.03 90.00 
5.20 0 0.00000000 0.00000000 0.00 0.00 0.00 0.09 0.00 -0.02 0.01 -0.01 0.00 95.12 90.03 90.00 
5.30 0 0.00000000 0.00000000 0.00 0.00 0.00 0.09 0.00 -0.03 0.00 -0.01 -0.00 95.03 90.11 89.98 
5.41 0 0.00000000 0.00000000 0.00 0.00 0.00 0.09 0.00 -0.02 0.00 -0.01 -0.00 95.03 90.05 89.97 
5.51 0 0.00000000 0.00000000 0.00 0.00 0.00 0.09 0.00 -0.03 0.00 -0.01 0.00 94.97 90.08 90.04 
5.61 0 0.00000000 0.00000000 0.00 0.00 0.00 0.09 0.00 -0.02 0.01 -0.01 0.00 95.06 90.09 90.03 
5.71 0 0.00000000 0.00000000 0.00 0.00 0.00 0.09 0.00 -0.02 0.01 -0.01 -0.00 95.16 90.15 89.98 
5.81 0 0.00000000 0.00000000 0.00 0.00 0.00 0.09 0.00 -0.02 0.01 -0.01 -0.04 95.15 90.19 89.49 
5.91 0 0.00000000 0.00000000 0.00 0.00 0.00 0.09 0.00 -0.02 0.01 -0.01 -0.00 95.03 90.09 89.99 
6.01 0 0.00000000 0.00000000 0.00 0.00 0.00 0.09 0.00 -0.03 0.00 -0.02 0.00 95.09 90.21 90.01 
6.11 0 0.00000000 0.00000000 0.00 0.00 0.00 0.09 0.00 -0.03 -0.00 -0.02 0.00 95.06 90.12 90.02 
6.21 0 0.00000000 0.00000000 0.00 0.00 0.00 0.09 0.00 -0.02 0.00 -0.01 -0.00 95.13 90.16 89.97 
6.31 0 0.00000000 0.00000000 0.00 0.00 0.00 0.09 0.00 -0.03 0.01 -0.01 0.00 95.07 90.16 90.02 
6.41 0 0.00000000 0.00000000 0.00 0.00 0.00 0.09 0.00 -0.02 0.00 -0.01 0.00 95.00 90.17 90.01 
6.52 0 0.00000000 0.00000000 0.00 0.00 0.00 0.09 0.00 -0.03 0.00 -0.01 -0.00 95.12 90.05 90.01 
6.62 0 0.00000000 0.00000000 0.00 0.00 0.00 0.09 0.00 -0.02 0.00 -0.01 -0.00 95.09 90.15 89.97 
6.72 0 0.00000000 0.00000000 0.00 0.00 0.00 0.09 0.00 -0.02 0.00 -0.01 0.00 95.13 90.10 90.00 
6.82 0 0.00000000 0.00000000 0.00 0.00 0.00 0.09 0.00 -0.03 0.00 -0.01 0.00 95.05 90.05 90.02 
6.92 0 0.00000000 0.00000000 0.00 0.00 0.00 0.09 0.00 -0.03 0.01 -0.01 0.00 95.07 90.09 90.00 
7.02 0 0.00000000 0.00000000 0.00 0.00 0.00 0.09 0.00 -0.03 0.00 -0.01 0.00 95.01 90.12 90.00 
7.13 0 0.00000000 0.00000000 0.00 0.00 0.00 0.09 0.00 -0.03 0.00 -0.01 -0.00 95.04 90.07 89.96 
7.23 0 0.00000000 0.00000000 0.00 0.00 0.00 0.09 0.00 -0.02 0.01 -0.01 -0.00 95.00 90.10 89.99 
7.33 0 0.00000000 0.00000000 0.00 0.00 0.00 0.09 0.00 -0.02 0.01 -0.01 -0.00 95.05 90.12 89.99 
7.43 0 0.00000000 0.00000000 0.00 0.00 0.00 0.09 0.00 -0.02 0.01 -0.01 0.00 95.03 90.12 90.01 
7.53 0 0.00000000 0.00000000 0.00 0.00 0.00 0.09 0.00 -0.04 0.00 -0.01 0.00 95.09 90.07 90.02 
7.64 0 0.00000000 0.00000000 0.00 0.00 0.00 0.09 0.00 -0.03 0.00 -0.01 -0.00 95.05 90.07 89.97 
7.74 0 0.00000000 0.00000000 0.00 0.00 0.00 0.09 0.00 -0.04 0.01 -0.01 -0.00 95.09 90.02 89.99 
7.84 0 0.00000000 0.00000000 0.00 0.00 0.00 0.09 0.00 -0.02 0.01 -0.01 -0.00 95.05 90.16 89.97 
7.94 0 0.00000000 0.00000000 0.00 0.00 0.00 0.09 0.00 -0.03 0.00 -0.02 -0.00 95.07 90.12 89.97 
8.04 0 0.00000000 0.00000000 0.00 0.00 0.00 0.09 0.00 -0.02 0.00 -0.01 -0.00 95.07 90.09 90.00 
8.14 0 0.00000000 0.00000000 0.00 0.00 0.00 0.09 0.00 -0.03 0.00 -0.01 -0.00 95.14 90.03 89.98 
8.24 0 0.00000000 0.00000000 0.00 0.00 0.00 0.09 0.00 -0.03 0.01 -0.01 -0.00 95.04 90.06 89.99 
8.35 0 0.00000000 0.00000000 0.00 0.00 0.00 0.09 0.00 -0.03 0.00 -0.01 0.00 95.08 90.13 90.03 
8.45 0 0.00000000 0.00000000 0.00 0.00 0.00 0.09 0.00 -0.04 0.00 -0.01 -0.00 95.07 90.16 89.99 
8.55 0 0.00000000 0.00000000 0.00 0.00 0.00 0.09 0.00 -0.03 0.01 -0.01 -0.00 95.14 90.12 89.99 
8.65 0 0.00000000 0.00000000 0.00 0.00 0.00 0.09 0.00 -0.03 0.00 -0.01 -0.00 95.17 90.13 89.99 
8.75 0 0.00000000 0.00000000 0.00 0.00 0.00 0.09 0.00 -0.01 0.01 -0.01 0.00 95.14 90.21 90.03 
8.85 0 0.00000000 0.00000000 0.00 0.00 0.00 0.09 0.00 -0.02 0.01 -0.01 0.00 94.97 90.16 90.02 
8.95 0 0.00000000 0.00000000 0.00 0.00 0.00 0.09 0.00 -0.02 0.00 -0.01 -0.00 95.06 90.15 89.98 
9.06 0 0.00000000 0.00000000 0.00 0.00 0.00 0.09 0.00 -0.02 0.01 -0.01 0.00 95.10 90.06 89.98 
9.16 0 0.00000000 0.00000000 0.00 0.00 0.00 0.09 0.00 -0.03 0.00 -0.01 -0.00 95.07 90.05 90.02 
9.26 0 0.00000000 0.00000000 0.00 0.00 0.00 0.09 0.00 -0.03 0.00 -0.01 0.00 94.96 90.21 90.01 
9.37 0 0.00000000 0.00000000 0.00 0.00 0.00 0.09 0.00 -0.03 0.00 -0.01 0.00 95.04 90.12 90.00 
9.47 0 0.00000000 0.00000000 0.00 0.00 0.00 0.09 0.00 -0.03 0.00 -0.01 -0.00 95.04 90.15 89.96 
9.57 0 0.00000000 0.00000000 0.00 0.00 0.00 0.09 0.00 -0.03 0.00 -0.01 0.00 95.08 90.04 90.01 
9.67 0 0.00000000 0.00000000 0.00 0.00 0.00 0.09 0.00 -0.02 0.00 -0.01 -0.00 94.95 90.16 89.98 
9.77 0 0.00000000 0.00000000 0.00 0.00 0.00 0.09 0.00 -0.03 0.01 -0.01 -0.00 95.14 90.12 89.98 
9.87 0 0.00000000 0.00000000 0.00 0.00 0.00 0.09 0.00 -0.02 0.01 -0.01 -0.00 95.06 90.11 90.00 
9.97 0 0.00000000 0.00000000 0.00 0.00 0.00 0.09 0.00 -0.02 0.01 -0.01 -0.00 95.05 90.11 89.98 
10.07 0 0.00000000 0.00000000 0.00 0.00 0.00 0.09 0.00 -0.01 0.00 -0.01 -0.00 95.05 90.14 90.00 
10.17 0 0.00000000 0.00000000 0.00 0.00 0.00 0.09 0.00 -0.03 0.01 -0.01 -0.00 95.14 90.04 89.99 
10.27 0 0.00000000 0.00000000 0.00 0.00 0.00 0.09 0.00 -0.03 0.01 -0.01 0.00 95.11 90.07 90.00 
10.38 0 0.00000000 0.00000000 0.00 0.00 0.00 0.09 0.00 -0.02 0.01 -0.01 -0.00 95.08 90.08 89.99 
10.48 0 0.00000000 0.00000000 0.00 0.00 0.00 0.09 0.00 -0.02 0.00 -0.02 0.00 95.14 90.10 90.01 
10.58 0 0.00000000 0.00000000 0.00 0.00 0.00 0.09 0.00 -0.03 0.01 -0.01 -0.00 95.13 90.06 89.99 
10.68 0 0.00000000 0.00000000 0.00 0.00 0.00 0.09 0.00 -0.04 0.00 -0.01 0.00 95.12 90.01 90.00 
10.78 0 0.00000000 0.00000000 0.00 0.00 0.00 0.09 0.00 -0.02 0.00 -0.01 0.00 95.06 90.15 90.02 
10.88 0 0.00000000 0.00000000 0.00 0.00 0.00 0.09 0.00 -0.02 0.01 -0.02 0.00 95.14 90.13 90.01 
10.98 0 0.00000000 0.00000000 0.00 0.00 0.00 0.09 0.00 -0.03 0.01 -0.01 0.00 95.17 90.10 90.01 
11.08 0 0.00000000 0.00000000 0.00 0.00 0.00 0.09 0.00 -0.02 0.01 -0.01 -0.00 95.14 90.16 89.99 
11.18 0 0.00000000 0.00000000 0.00 0.00 0.00 0.09 0.00 -0.02 0.00 -0.01 -0.00 95.28 90.14 89.99 
11.28 0 0.00000000 0.00000000 0.00 0.00 0.00 0.09 0.00 -0.03 0.00 -0.01 0.00 95.16 90.09 89.96 
11.39 0 0.00000000 0.00000000 0.00 0.00 0.00 0.09 0.00 -0.03 0.00 -0.01 0.00 95.12 90.10 90.02 
11.49 0 0.00000000 0.00000000 0.00 0.00 0.00 0.09 0.00 -0.02 0.00 -0.01 0.00 95.05 90.11 90.01 
11.59 0 0.00000000 0.00000000 0.00 0.00 0.00 0.09 0.00 -0.03 0.01 -0.01 -0.00 94.98 90.21 90.00 
11.69 0 0.00000000 0.00000000 0.00 0.00 0.00 0.09 0.00 -0.02 0.00 -0.02 0.00 95.01 90.18 90.01 
11.79 0 0.00000000 0.00000000 0.00 0.00 0.00 0.09 0.00 -0.02 0.00 -0.01 0.00 95.14 90.11 90.00 
11.89 0 0.00000000 0.00000000 0.00 0.00 0.00 0.09 0.00 -0.04 0.01 -0.01 -0.00 95.03 90.07 89.97 
11.99 0 0.00000000 0.00000000 0.00 0.00 0.00 0.09 -0.00 -0.02 0.00 -0.01 0.00 95.10 89.92 90.01 
12.09 0 0.00000000 0.00000000 0.00 0.00 0.00 0.09 0.00 -0.02 0.01 -0.01 -0.00 95.03 90.07 89.98 
12.19 0 0.00000000 0.00000000 0.00 0.00 0.00 0.09 0.00 -0.02 0.00 -0.01 -0.00 95.09 90.05 89.99 
12.30 0 0.00000000 0.00000000 0.00 0.00 0.00 0.09 -0.00 -0.03 0.01 -0.01 -0.00 95.15 89.93 89.98 
12.40 0 0.00000000 0.00000000 0.00 0.00 0.00 0.09 0.00 -0.02 0.01 -0.01 -0.00 95.09 90.05 89.99 
12.50 0 0.00000000 0.00000000 0.00 0.00 0.00 0.09 0.00 -0.03 0.01 -0.01 0.00 95.10 90.12 90.01 
12.60 0 0.00000000 0.00000000 0.00 0.00 0.00 0.09 0.00 -0.03 0.01 -0.01 -0.00 95.02 90.20 90.00 
12.70 0 0.00000000 0.00000000 0.00 0.00 0.00 0.09 0.00 -0.02 0.01 -0.01 0.00 95.10 90.19 90.02 
12.80 0 0.00000000 0.00000000 0.00 0.00 0.00 0.09 0.00 -0.03 0.00 -0.01 0.00 95.12 90.09 90.00 
12.90 0 0.00000000 0.00000000 0.00 0.00 0.00 0.09 0.00 -0.02 0.01 -0.01 -0.00 95.19 90.08 89.96 
13.00 0 0.00000000 0.00000000 0.00 0.00 0.00 0.09 0.00 -0.03 0.00 -0.01 -0.00 95.09 90.10 89.99 
13.10 0 0.00000000 0.00000000 0.00 0.00 0.00 0.09 0.00 -0.03 0.01 -0.02 0.00 95.02 90.11 90.01 
13.20 0 0.00000000 0.00000000 0.00 0.00 0.00 0.09 0.00 -0.02 0.01 -0.01 0.00 95.04 90.06 90.02 
13.31 0 0.00000000 0.00000000 0.00 0.00 0.00 0.09 0.00 -0.02 0.00 -0.01 -0.00 95.13 90.10 90.00 
13.41 0 0.00000000 0.00000000 0.00 0.00 0.00 0.09 0.00 -0.02 0.00 -0.01 0.00 95.06 90.14 90.01 
13.51 0 0.00000000 0.00000000 0.00 0.00 0.00 0.09 0.00 -0.03 0.01 -0.01 -0.00 95.07 90.19 89.99 
13.62 0 0.00000000 0.00000000 0.00 0.00 0.00 0.09 0.00 -0.02 -0.00 -0.01 -0.00 95.09 90.14 90.01 
13.72 0 0.00000000 0.00000000 0.00 0.00 0.00 0.09 0.00 -0.03 0.01 -0.01 0.00 95.04 90.03 90.01 
13.82 0 0.00000000 0.00000000 0.00 0.00 0.00 0.09 0.00 -0.02 0.00 -0.01 0.00 95.11 90.08 90.01 
13.92 0 0.00000000 0.00000000 0.00 0.00 0.00 0.09 0.00 -0.03 0.01 -0.01 0.00 95.11 90.00 90.04 
14.02 0 0.00000000 0.00000000 0.00 0.00 0.00 0.09 0.00 -0.03 0.01 -0.01 -0.00 95.01 90.10 89.97 
14.12 0 0.00000000 0.00000000 0.00 0.00 0.00 0.09 0.00 -0.02 0.01 -0.01 0.00 94.96 90.12 90.01 
14.23 0 0.00000000 0.00000000 0.00 0.00 0.00 0.09 0.00 -0.02 0.01 -0.01 -0.00 95.14 90.12 89.99 
14.33 0 0.00000000 0.00000000 0.00 0.00 0.00 0.09 0.00 -0.02 0.01 -0.01 0.00 95.11 90.20 90.03 
14.43 0 0.00000000 0.00000000 0.00 0.00 0.00 0.09 0.00 -0.02 0.01 -0.01 -0.00 95.06 90.14 89.96 
14.53 0 0.00000000 0.00000000 0.00 0.00 0.00 0.09 0.00 -0.03 0.01 -0.01 -0.00 95.08 90.15 89.98 
14.63 0 0.00000000 0.00000000 0.00 0.00 0.00 0.09 0.00 -0.03 0.01 -0.01 0.00 95.02 90.22 90.00 
14.73 0 0.00000000 0.00000000 0.00 0.00 0.00 0.09 0.00 -0.03 0.00 -0.01 -0.00 95.15 90.17 89.99 
14.84 0 0.00000000 0.00000000 0.00 0.00 0.00 0.09 0.00 -0.03 0.00 -0.01 0.00 95.11 90.20 90.01 
14.94 0 0.00000000 0.00000000 0.00 0.00 0.00 0.09 0.00 -0.03 0.01 -0.01 0.00 95.12 90.15 89.98 
15.04 0 0.00000000 0.00000000 0.00 0.00 0.00 0.09 0.00 -0.04 0.00 -0.01 0.00 95.10 90.10 90.01 
15.14 0 0.00000000 0.00000000 0.00 0.00 0.00 0.09 0.00 -0.03 0.01 -0.01 0.00 95.10 90.05 90.01 
15.25 0 0.00000000 0.00000000 0.00 0.00 0.00 0.09 0.00 -0.02 0.00 -0.02 0.00 95.14 90.13 89.98 
15.35 0 0.00000000 0.00000000 0.00 0.00 0.00 0.09 0.00 -0.02 0.01 -0.01 -0.00 95.19 90.17 89.99 
15.45 0 0.00000000 0.00000000 0.00 0.00 0.00 0.09 0.00 -0.02 0.01 -0.01 -0.00 95.11 90.12 89.99 
15.55 0 0.00000000 0.00000000 0.00 0.00 0.00 0.09 0.00 -0.04 0.01 -0.01 -0.00 95.14 90.05 90.00 
15.65 0 0.00000000 0.00000000 0.00 0.00 0.00 0.09 0.00 -0.03 0.00 -0.01 -0.00 95.04 90.08 90.00 
15.76 0 0.00000000 0.00000000 0.00 0.00 0.00 0.09 0.00 -0.02 0.01 -0.01 -0.00 95.11 90.00 89.98 
15.86 0 0.00000000 0.00000000 0.00 0.00 0.00 0.09 0.00 -0.02 0.00 -0.01 -0.00 95.00 90.11 89.97 
15.96 0 0.00000000 0.00000000 0.00 0.00 0.00 0.09 0.00 -0.02 0.00 -0.01 0.00 95.06 90.15 90.02 
16.06 0 0.00000000 0.00000000 0.00 0.00 0.00 0.09 0.00 -0.02 0.01 -0.02 -0.00 95.05 90.25 89.99 
16.16 0 0.00000000 0.00000000 0.00 0.00 0.00 0.09 0.00 -0.03 -0.00 -0.01 0.00 95.06 90.20 90.02 
16.26 0 0.00000000 0.00000000 0.00 0.00 0.00 0.09 0.00 -0.03 0.00 -0.01 -0.00 95.08 90.25 89.98 
16.36 0 0.00000000 0.00000000 0.00 0.00 0.00 0.09 0.00 -0.03 0.00 -0.02 -0.00 95.15 90.09 89.99 
16.46 0 0.00000000 0.00000000 0.00 0.00 0.00 0.09 0.00 -0.03 0.01 -0.01 -0.00 95.14 90.07 89.96 
16.56 0 0.00000000 0.00000000 0.00 0.00 0.00 0.09 0.00 -0.03 0.00 -0.02 -0.00 95.16 90.06 90.00 
16.67 0 0.00000000 0.00000000 0.00 0.00 0.00 0.09 0.00 -0.03 0.01 -0.01 -0.00 95.13 89.98 90.00 
16.77 0 0.00000000 0.00000000 0.00 0.00 0.00 0.09 0.00 -0.03 0.01 -0.01 -0.00 95.01 90.00 89.98 
16.87 0 0.00000000 0.00000000 0.00 0.00 0.00 0.09 0.00 -0.02 0.01 -0.01 -0.00 94.91 90.07 90.00 
16.98 0 0.00000000 0.00000000 0.00 0.00 0.00 0.09 0.00 -0.03 0.01 -0.01 -0.00 95.08 90.06 89.97 
17.08 0 0.00000000 0.00000000 0.00 0.00 0.00 0.09 0.00 -0.04 0.01 -0.02 -0.00 95.07 90.06 89.99 
17.18 0 0.00000000 0.00000000 0.00 0.00 0.00 0.09 0.00 -0.04 0.01 -0.01 -0.00 95.01 90.17 89.98 
17.29 0 0.00000000 0.00000000 0.00 0.00 0.00 0.09 0.00 -0.02 0.00 -0.01 -0.00 95.00 90.08 90.02 
17.39 0 0.00000000 0.00000000 0.00 0.00 0.00 0.09 0.00 -0.02 0.01 -0.01 -0.00 95.14 90.09 89.97 
17.49 0 0.00000000 0.00000000 0.00 0.00 0.00 0.09 0.00 -0.04 0.01 -0.01 -0.00 95.06 90.08 89.98 
17.59 0 0.00000000 0.00000000 0.00 0.00 0.00 0.09 0.00 -0.03 0.00 -0.01 -0.00 94.92 90.11 89.99 
17.70 0 0.00000000 0.00000000 0.00 0.00 0.00 0.09 0.00 -0.03 0.01 -0.01 -0.00 94.98 90.09 90.01 
17.80 0 0.00000000 0.00000000 0.00 0.00 0.00 0.09 0.00 -0.03 0.00 -0.01 -0.00 95.08 90.12 89.99 
17.91 0 0.00000000 0.00000000 0.00 0.00 0.00 0.09 0.00 -0.02 0.01 -0.01 -0.00 95.14 90.16 89.98 
18.01 0 0.00000000 0.00000000 0.00 0.00 0.00 0.09 0.00 -0.04 0.00 -0.01 0.00 95.14 90.14 90.00 
18.11 0 0.00000000 0.00000000 0.00 0.00 0.00 0.09 0.00 -0.02 0.00 -0.01 -0.00 95.08 90.15 90.00 
18.21 0 0.00000000 0.00000000 0.00 0.00 0.00 0.09 0.00 -0.04 0.01 -0.01 -0.00 95.18 90.16 89.99 
18.31 0 0.00000000 0.00000000 0.00 0.00 0.00 0.09 0.00 -0.02 0.01 -0.01 0.00 95.01 90.14 90.00 
18.41 0 0.00000000 0.00000000 0.00 0.00 0.00 0.09 0.00 -0.02 0.01 -0.01 -0.00 95.03 90.17 89.97 
18.51 0 0.00000000 0.00000000 0.00 0.00 0.00 0.09 0.00 -0.03 0.01 -0.01 -0.00 95.00 90.13 89.98 
18.62 0 0.00000000 0.00000000 0.00 0.00 0.00 0.09 0.00 -0.02 0.01 -0.01 0.00 94.97 90.15 89.99 
18.72 0 0.00000000 0.00000000 0.00 0.00 0.00 0.09 0.00 -0.02 0.00 -0.02 -0.00 95.11 90.15 89.98 
18.82 0 0.00000000 0.00000000 0.00 0.00 0.00 0.09 0.00 -0.02 0.00 -0.01 -0.00 95.05 90.04 89.98 
18.92 0 0.00000000 0.00000000 0.00 0.00 0.00 0.09 0.00 -0.02 0.01 -0.01 -0.00 95.12 90.05 90.00 
19.02 0 0.00000000 0.00000000 0.00 0.00 0.00 0.09 0.00 -0.03 0.00 -0.01 -0.00 95.05 90.02 89.97 
19.12 0 0.00000000 0.00000000 0.00 0.00 0.00 0.09 0.00 -0.03 0.00 -0.01 -0.00 94.96 90.11 89.99 
19.22 0 0.00000000 0.00000000 0.00 0.00 0.00 0.09 0.00 -0.02 0.01 -0.01 0.00 95.05 90.15 90.00 
19.32 0 0.00000000 0.00000000 0.00 0.00 0.00 0.09 0.00 -0.02 0.00 -0.01 -0.00 95.08 90.13 89.98 
19.42 0 0.00000000 0.00000000 0.00 0.00 0.00 0.09 0.00 -0.03 0.01 -0.01 -0.00 95.14 90.01 89.99 
19.52 0 0.00000000 0.00000000 0.00 0.00 0.00 0.09 0.00 -0.02 0.01 -0.01 -0.00 95.17 90.09 89.98 
19.62 0 0.00000000 0.00000000 0.00 0.00 0.00 0.09 0.00 -0.04 0.00 -0.01 0.00 95.08 90.13 90.00 
19.72 0 0.00000000 0.00000000 0.00 0.00 0.00 0.09 0.00 -0.02 0.01 -0.01 0.00 95.08 90.22 90.00 
19.82 0 0.00000000 0.00000000 0.00 0.00 0.00 0.09 0.00 -0.03 0.00 -0.01 -0.00 94.97 90.16 89.97 
19.93 0 0.00000000 0.00000000 0.00 0.00 0.00 0.09 0.00 -0.03 0.00 -0.01 0.00 95.03 90.13 90.01 
20.03 0 0.00000000 0.00000000 0.00 0.00 0.00 0.09 0.00 -0.03 0.00 -0.01 0.00 95.03 90.07 90.01 
20.13 0 0.00000000 0.00000000 0.00 0.00 0.00 0.09 0.00 -0.03 0.00 -0.01 -0.00 95.08 90.09 90.01 
20.24 0 0.00000000 0.00000000 0.00 0.00 0.00 0.09 0.00 -0.02 -0.00 -0.01 -0.00 95.02 90.05 89.99 
20.34 0 0.00000000 0.00000000 0.00 0.00 0.00 0.09 0.00 -0.02 0.00 -0.01 0.00 95.14 90.19 89.99 
20.44 0 0.00000000 0.00000000 0.00 0.00 0.00 0.09 0.00 -0.03 0.00 -0.02 -0.00 94.97 90.21 89.99 
20.54 0 0.00000000 0.00000000 0.00 0.00 0.00 0.09 0.00 -0.03 0.01 -0.02 -0.00 95.07 90.15 89.99 
20.64 0 0.00000000 0.00000000 0.00 0.00 0.00 0.09 0.00 -0.03 0.00 -0.01 -0.00 95.08 90.12 89.99 
20.74 0 0.00000000 0.00000000 0.00 0.00 0.00 0.09 0.00 -0.02 0.01 -0.01 -0.00 95.02 90.19 90.01 
20.84 0 0.00000000 0.00000000 0.00 0.00 0.00 0.09 0.00 -0.03 0.00 -0.01 -0.00 95.10 90.12 89.99 
20.94 0 0.00000000 0.00000000 0.00 0.00 0.00 0.09 0.00 -0.03 0.00 -0.01 -0.00 95.13 90.20 89.97 
21.04 0 0.00000000 0.00000000 0.00 0.00 0.00 0.09 0.00 -0.03 0.00 -0.01 0.00 95.10 90.08 90.00 
21.15 0 0.00000000 0.00000000 0.00 0.00 0.00 0.09 0.00 -0.03 -0.00 -0.01 0.00 95.11 90.10 90.02 
21.25 0 0.00000000 0.00000000 0.00 0.00 0.00 0.09 0.00 -0.03 0.00 -0.01 0.00 95.15 90.07 90.00 
21.35 0 0.00000000 0.00000000 0.00 0.00 0.00 0.09 0.00 -0.03 0.00 -0.01 0.00 95.08 90.13 90.00 
21.45 0 0.00000000 0.00000000 0.00 0.00 0.00 0.09 0.00 -0.02 0.01 -0.01 -0.00 95.02 90.17 90.01 
21.55 0 0.00000000 0.00000000 0.00 0.00 0.00 0.09 0.00 -0.02 0.00 -0.01 0.00 95.01 90.15 90.01 
21.65 0 0.00000000 0.00000000 0.00 0.00 0.00 0.09 0.00 -0.03 0.00 -0.02 -0.00 95.08 90.08 89.99 
21.75 0 0.00000000 0.00000000 0.00 0.00 0.00 0.09 0.00 -0.02 0.01 -0.01 -0.00 95.06 90.06 90.00 
21.85 0 0.00000000 0.00000000 0.00 0.00 0.00 0.09 0.00 -0.02 0.01 -0.01 -0.00 95.00 90.20 89.98 
21.96 0 0.00000000 0.00000000 0.00 0.00 0.00 0.09 0.00 -0.02 0.01 -0.01 -0.00 94.94 90.22 89.99 
22.06 0 0.00000000 0.00000000 0.00 0.00 0.00 0.09 0.00 -0.02 0.00 -0.01 -0.00 95.08 90.13 89.96 
22.16 0 0.00000000 0.00000000 0.00 0.00 0.00 0.09 0.00 -0.03 -0.00 -0.02 -0.00 95.14 90.16 90.00 
22.26 0 0.00000000 0.00000000 0.00 0.00 0.00 0.09 0.00 -0.03 0.01 -0.01 -0.00 95.16 90.16 89.95 
22.37 0 0.00000000 0.00000000 0.00 0.00 0.00 0.09 0.00 -0.02 -0.00 -0.01 -0.00 95.14 90.13 89.94 
22.47 0 0.00000000 0.00000000 0.00 0.00 0.00 0.09 0.00 -0.03 0.00 -0.02 0.00 95.18 90.15 89.99 
22.57 0 0.00000000 0.00000000 0.00 0.00 0.00 0.09 0.00 -0.03 0.01 -0.01 -0.00 95.10 90.12 89.96 
22.67 0 0.00000000 0.00000000 0.00 0.00 0.00 0.09 0.00 -0.02 0.01 -0.01 0.00 95.01 90.07 90.00 
22.77 0 0.00000000 0.00000000 0.00 0.00 0.00 0.09 0.00 -0.03 0.01 -0.01 -0.00 95.05 90.13 89.99 
22.87 0 0.00000000 0.00000000 0.00 0.00 0.00 0.09 0.00 -0.03 0.01 -0.01 0.00 94.96 90.02 90.02 
22.97 0 0.00000000 0.00000000 0.00 0.00 0.00 0.09 0.00 -0.03 0.01 -0.01 -0.00 95.09 90.07 89.99 
23.08 0 0.00000000 0.00000000 0.00 0.00 0.00 0.09 0.00 -0.02 0.00 -0.01 0.00 95.07 90.08 90.00 
23.18 0 0.00000000 0.00000000 0.00 0.00 0.00 0.09 0.00 -0.02 0.00 -0.01 -0.00 95.07 90.15 89.99 
23.28 0 0.00000000 0.00000000 0.00 0.00 0.00 0.09 0.00 -0.04 0.00 -0.01 -0.00 95.05 90.14 89.97 
23.38 0 0.00000000 0.00000000 0.00 0.00 0.00 0.09 0.00 -0.02 0.00 -0.01 -0.00 95.09 90.18 89.98 
23.48 0 0.00000000 0.00000000 0.00 0.00 0.00 0.09 0.00 -0.02 0.00 -0.01 0.00 95.13 90.27 90.01 
23.59 0 0.00000000 0.00000000 0.00 0.00 0.00 0.09 0.00 -0.04 0.00 -0.01 0.00 95.11 90.15 90.00 
23.69 0 0.00000000 0.00000000 0.00 0.00 0.00 0.09 0.00 -0.02 0.01 -0.01 -0.00 95.01 90.14 89.98 
23.79 0 0.00000000 0.00000000 0.00 0.00 0.00 0.09 0.00 -0.03 0.01 -0.01 -0.00 94.98 90.06 89.98 
23.89 0 0.00000000 0.00000000 0.00 0.00 0.00 0.09 -0.00 -0.03 0.00 -0.01 -0.00 94.96 89.96 89.98 
24.00 0 0.00000000 0.00000000 0.00 0.00 0.00 0.09 -0.00 -0.03 0.01 -0.01 -0.00 94.91 89.94 89.96 
24.10 0 0.00000000 0.00000000 0.00 0.00 0.00 0.09 0.00 -0.04 0.00 -0.01 -0.00 94.96 90.08 89.99 
24.20 0 0.00000000 0.00000000 0.00 0.00 0.00 0.09 0.00 -0.02 0.00 -0.01 -0.00 94.91 90.20 89.99 
24.30 0 0.00000000 0.00000000 0.00 0.00 0.00 0.09 0.00 -0.03 0.01 -0.01 -0.00 95.05 90.16 89.97 
24.40 0 0.00000000 0.00000000 0.00 0.00 0.00 0.09 0.00 -0.02 0.01 -0.01 -0.00 94.96 90.20 89.98 
24.50 0 0.00000000 0.00000000 0.00 0.00 0.00 0.09 0.00 -0.03 -0.00 -0.01 0.00 95.11 90.18 90.01 
24.60 0 0.00000000 0.00000000 0.00 0.00 0.00 0.09 0.00 -0.02 0.00 -0.01 0.00 94.89 90.11 90.01 
24.70 0 0.00000000 0.00000000 0.00 0.00 0.00 0.09 0.00 -0.03 0.01 -0.01 -0.00 95.02 90.13 89.98 
24.81 0 0.00000000 0.00000000 0.00 0.00 0.00 0.09 0.00 -0.01 0.00 -0.01 -0.00 95.05 90.13 89.99 
24.91 0 0.00000000 0.00000000 0.00 0.00 0.00 0.09 0.00 -0.03 0.00 -0.02 -0.00 95.07 90.24 89.98 
25.01 0 0.00000000 0.00000000 0.00 0.00 0.00 0.09 0.00 -0.02 -0.00 -0.01 0.00 95.05 90.22 90.02 
25.11 0 0.00000000 0.00000000 0.00 0.00 0.00 0.09 0.00 -0.03 0.00 -0.01 0.00 95.11 90.10 90.01 
25.21 0 0.00000000 0.00000000 0.00 0.00 0.00 0.09 0.00 -0.03 0.01 -0.01 0.00 94.99 90.11 90.02 
25.31 0 0.00000000 0.00000000 0.00 0.00 0.00 0.09 0.00 -0.03 0.00 -0.01 -0.00 95.10 90.04 89.99 
25.41 0 0.00000000 0.00000000 0.00 0.00 0.00 0.09 0.00 -0.03 0.00 -0.01 -0.00 95.12 90.12 89.98 
25.51 0 0.00000000 0.00000000 0.00 0.00 0.00 0.09 0.00 -0.03 0.00 -0.01 -0.00 95.03 90.05 90.00 
25.61 0 0.00000000 0.00000000 0.00 0.00 0.00 0.09 0.00 -0.02 0.00 -0.01 -0.00 95.15 90.15 89.99 
25.72 0 0.00000000 0.00000000 0.00 0.00 0.00 0.09 0.00 -0.03 0.00 -0.01 0.00 95.14 90.07 89.99 
25.82 0 0.00000000 0.00000000 0.00 0.00 0.00 0.09 0.00 -0.03 0.00 -0.01 0.00 95.05 90.11 90.00 
25.92 0 0.00000000 0.00000000 0.00 0.00 0.00 0.09 0.00 2.56 0.01 -0.01 -0.00 95.06 90.06 89.98 
26.03 0 0.00000000 0.00000000 0.00 0.00 0.00 0.09 0.00 -0.02 0.01 -0.01 -0.00 95.11 90.11 89.97 
26.13 0 0.00000000 0.00000000 0.00 0.00 0.00 0.09 0.00 -0.02 0.01 -0.01 0.00 95.17 90.19 89.99 
26.23 0 0.00000000 0.00000000 0.00 0.00 0.00 0.09 0.00 -0.04 0.00 -0.01 -0.00 94.93 90.06 89.94 
26.33 0 0.00000000 0.00000000 0.00 0.00 0.00 0.09 0.00 -0.02 0.00 -0.01 -0.00 94.98 90.09 89.99 
26.43 0 0.00000000 0.00000000 0.00 0.00 0.00 0.09 0.00 -0.03 0.00 -0.01 -0.00 94.99 90.07 90.00 
26.54 0 0.00000000 0.00000000 0.00 0.00 0.00 0.09 0.00 -0.02 0.00 -0.01 -0.00 95.01 90.11 90.01 
26.64 0 0.00000000 0.00000000 0.00 0.00 0.00 0.09 0.00 -0.03 0.00 -0.01 -0.00 95.14 90.15 89.99 
26.74 0 0.00000000 0.00000000 0.00 0.00 0.00 0.09 0.00 -0.03 0.01 -0.01 -0.00 95.10 90.19 90.00 
26.84 0 0.00000000 0.00000000 0.00 0.00 0.00 0.09 0.00 -0.02 0.01 -0.01 -0.00 95.12 90.10 89.98 
26.94 0 0.00000000 0.00000000 0.00 0.00 0.00 0.09 0.00 -0.03 0.00 -0.01 -0.00 95.06 90.10 89.97 
27.04 0 0.00000000 0.00000000 0.00 0.00 0.00 0.09 0.00 -0.02 0.01 -0.01 0.00 95.21 90.11 90.01 
27.14 0 0.00000000 0.00000000 0.00 0.00 0.00 0.09 0.00 -0.03 0.00 -0.01 0.00 95.13 90.08 90.00 
27.25 0 0.00000000 0.00000000 0.00 0.00 0.00 0.09 0.00 -0.03 0.01 -0.01 0.00 95.07 90.16 89.50 
27.35 0 0.00000000 0.00000000 0.00 0.00 0.00 0.09 0.00 -0.01 0.00 -0.01 -0.00 95.10 90.13 89.94 
27.45 0 0.00000000 0.00000000 0.00 0.00 0.00 0.09 0.00 -0.03 0.00 -0.01 -0.00 94.96 90.08 89.98 
27.55 0 0.00000000 0.00000000 0.00 0.00 0.00 0.09 0.00 -0.03 0.00 -0.01 -0.00 95.04 90.28 89.97 
27.65 0 0.00000000 0.00000000 0.00 0.00 0.00 0.09 0.00 -0.01 0.01 -0.01 0.00 95.12 90.18 90.00 
27.75 0 0.00000000 0.00000000 0.00 0.00 0.00 0.09 0.00 -0.03 0.01 -0.02 -0.00 95.12 90.05 89.98 
27.85 0 0.00000000 0.00000000 0.00 0.00 0.00 0.09 0.00 -0.03 0.00 -0.01 -0.00 95.11 90.07 89.99 
27.95 0 0.00000000 0.00000000 0.00 0.00 0.00 0.09 0.00 -0.03 0.01 -0.01 -0.00 95.13 90.06 89.97 
28.05 0 0.00000000 0.00000000 0.00 0.00 0.00 0.09 0.00 -0.03 0.00 -0.01 -0.00 95.23 90.06 90.01 
28.15 0 0.00000000 0.00000000 0.00 0.00 0.00 0.09 0.00 -0.02 0.01 -0.01 -0.00 95.11 90.01 89.98 
28.25 0 0.00000000 0.00000000 0.00 0.00 0.00 0.09 0.00 -0.02 0.01 -0.01 -0.00 94.99 90.08 89.97 
28.35 0 0.00000000 0.00000000 0.00 0.00 0.00 0.09 0.00 -0.04 0.01 -0.01 -0.00 95.00 90.10 89.98 
28.49 0 0.00000000 0.00000000 0.00 0.00 0.00 0.09 0.00 -0.04 0.01 -0.01 0.00 94.98 90.09 90.00 
28.62 0 0.00000000 0.00000000 0.00 0.00 0.00 0.09 0.00 -0.02 0.00 -0.01 -0.00 94.96 90.14 89.98 
28.77 0 0.00000000 0.00000000 0.00 0.00 0.00 0.09 0.00 -0.03 0.00 -0.01 -0.00 94.95 90.15 89.98 
28.90 0 0.00000000 0.00000000 0.00 0.00 0.00 0.09 0.00 -0.03 0.00 -0.01 -0.00 94.93 90.20 90.00 
29.01 0 0.00000000 0.00000000 0.00 0.00 0.00 0.09 0.00 -0.02 0.00 -0.01 -0.00 94.95 90.20 89.98 
29.11 0 0.00000000 0.00000000 0.00 0.00 0.00 0.09 0.00 -0.03 0.01 -0.01 0.00 95.10 90.11 90.00 
29.22 0 0.00000000 0.00000000 0.00 0.00 0.00 0.09 0.00 -0.02 0.01 -0.01 -0.00 95.02 90.19 89.99 
29.32 0 0.00000000 0.00000000 0.00 0.00 0.00 0.09 0.00 -0.02 0.00 -0.01 -0.00 95.01 90.15 89.97 
29.43 0 0.00000000 0.00000000 0.00 0.00 0.00 0.09 0.00 -0.03 0.00 -0.01 -0.00 95.00 90.06 89.98 
29.53 0 0.00000000 0.00000000 0.00 0.00 0.00 0.09 0.00 -0.01 0.00 -0.01 -0.00 95.01 90.13 89.96 
29.63 0 0.00000000 0.00000000 0.00 0.00 0.00 0.09 0.00 -0.03 -0.00 -0.01 -0.00 95.02 90.05 89.99 
29.73 0 0.00000000 0.00000000 0.00 0.00 0.00 0.09 0.00 -0.02 0.00 -0.02 -0.00 95.13 90.13 90.00 
29.83 0 0.00000000 0.00000000 0.00 0.00 0.00 0.09 0.00 -0.03 0.00 -0.02 0.00 95.07 90.14 90.01 
29.93 0 0.00000000 0.00000000 0.00 0.00 0.00 0.09 0.00 -0.04 0.00 -0.01 -0.00 95.09 90.15 89.99 
30.03 0 0.00000000 0.00000000 0.00 0.00 0.00 0.09 0.00 -0.02 0.01 -0.01 -0.00 95.09 90.09 89.99 
30.13 0 0.00000000 0.00000000 0.00 0.00 0.00 0.09 0.00 -0.03 0.00 -0.02 -0.00 95.09 90.25 89.97 
30.23 0 0.00000000 0.00000000 0.00 0.00 0.00 0.09 0.00 -0.02 0.00 -0.01 -0.00 95.12 90.20 89.99 
30.33 0 0.00000000 0.00000000 0.00 0.00 0.00 0.09 0.00 -0.02 0.01 -0.01 -0.00 94.99 90.15 89.99 
30.44 0 0.00000000 0.00000000 0.00 0.00 0.00 0.09 0.00 -0.04 0.00 -0.01 0.00 95.05 90.11 90.00 
30.54 0 0.00000000 0.00000000 0.00 0.00 0.00 0.09 0.00 -0.03 0.00 -0.01 0.00 95.05 90.11 90.00 
30.64 0 0.00000000 0.00000000 0.00 0.00 0.00 0.09 0.00 -0.03 0.00 -0.01 -0.00 95.04 90.07 89.98 
30.74 0 0.00000000 0.00000000 0.00 0.00 0.00 0.09 0.00 -0.03 0.00 -0.01 -0.00 95.04 90.07 89.99 
30.84 0 0.00000000 0.00000000 0.00 0.00 0.00 0.09 0.00 -0.02 0.00 -0.01 0.00 95.09 90.09 90.01 
30.94 0 0.00000000 0.00000000 0.00 0.00 0.00 0.09 0.00 -0.03 0.00 -0.01 -0.00 95.06 90.20 89.99 
31.04 0 0.00000000 0.00000000 0.00 0.00 0.00 0.09 0.00 -0.03 0.00 -0.01 0.00 95.08 90.14 90.00 
31.14 0 0.00000000 0.00000000 0.00 0.00 0.00 0.09 0.00 -0.02 0.00 -0.01 -0.00 95.20 90.15 89.98 
31.25 0 0.00000000 0.00000000 0.00 0.00 0.00 0.09 0.00 -0.03 0.01 -0.01 0.00 95.28 90.06 90.00 
31.35 0 0.00000000 0.00000000 0.00 0.00 0.00 0.09 0.00 -0.03 0.00 -0.01 0.00 95.04 90.12 89.99 
31.45 0 0.00000000 0.00000000 0.00 0.00 0.00 0.09 0.00 -0.03 0.00 -0.01 -0.00 95.05 90.08 89.96 
31.55 0 0.00000000 0.00000000 0.00 0.00 0.00 0.09 0.00 -0.02 -0.00 -0.02 0.00 95.13 90.13 89.97 
31.65 0 0.00000000 0.00000000 0.00 0.00 0.00 0.09 0.00 -0.02 0.00 -0.01 -0.00 95.03 90.18 89.98 
31.75 0 0.00000000 0.00000000 0.00 0.00 0.00 0.09 0.00 -0.03 0.00 -0.01 0.00 95.06 90.17 90.01 
31.85 0 0.00000000 0.00000000 0.00 0.00 0.00 0.09 0.00 -0.03 0.00 -0.02 0.00 95.10 90.12 90.01 
31.96 0 0.00000000 0.00000000 0.00 0.00 0.00 0.09 0.00 -0.03 0.01 -0.01 -0.00 94.95 89.97 89.98 
32.06 0 0.00000000 0.00000000 0.00 0.00 0.00 0.09 0.00 -0.03 0.00 -0.01 -0.00 95.05 90.11 89.99 
32.16 0 0.00000000 0.00000000 0.00 0.00 0.00 0.09 0.00 -0.02 0.00 -0.02 0.00 95.05 90.09 90.01 
32.26 0 0.00000000 0.00000000 0.00 0.00 0.00 0.09 0.00 -0.02 0.00 -0.01 -0.00 94.99 90.09 90.02 
32.36 0 0.00000000 0.00000000 0.00 0.00 0.00 0.09 0.00 -0.02 0.00 -0.02 0.00 94.95 90.24 90.00 
32.46 0 0.00000000 0.00000000 0.00 0.00 0.00 0.09 0.00 -0.02 0.01 -0.01 -0.00 95.08 90.22 89.97 
32.56 0 0.00000000 0.00000000 0.00 0.00 0.00 0.09 0.00 -0.03 0.01 -0.01 -0.00 95.08 90.18 89.99 
32.66 0 0.00000000 0.00000000 0.00 0.00 0.00 0.09 0.00 -0.02 0.00 -0.01 -0.00 95.14 90.16 90.00 
32.77 0 0.00000000 0.00000000 0.00 0.00 0.00 0.09 0.00 -0.01 0.00 -0.01 -0.00 95.07 90.16 89.98 
32.87 0 0.00000000 0.00000000 0.00 0.00 0.00 0.09 0.00 0.42 0.01 -0.01 -0.00 95.05 90.15 89.96 
32.97 0 0.00000000 0.00000000 0.00 0.00 0.00 0.09 0.00 -0.03 0.00 -0.01 -0.00 95.05 90.14 89.99 
33.07 0 0.00000000 0.00000000 0.00 0.00 0.00 0.09 0.00 -0.03 0.01 -0.01 -0.00 94.94 90.14 89.98 
33.17 0 0.00000000 0.00000000 0.00 0.00 0.00 0.09 0.00 -0.01 0.01 -0.01 -0.00 95.05 90.10 89.99 
33.27 0 0.00000000 0.00000000 0.00 0.00 0.00 0.09 0.00 -0.02 0.00 -0.01 -0.00 95.12 90.16 89.99 
33.38 0 0.00000000 0.00000000 0.00 0.00 0.00 0.09 0.00 -0.04 0.00 -0.01 0.00 94.98 90.20 90.02 
33.48 0 0.00000000 0.00000000 0.00 0.00 0.00 0.09 0.00 -0.02 0.01 -0.01 -0.00 95.08 90.15 89.99 
33.58 0 0.00000000 0.00000000 0.00 0.00 0.00 0.09 0.00 -0.02 0.00 -0.01 -0.00 94.96 90.16 89.99 
33.68 0 0.00000000 0.00000000 0.00 0.00 0.00 0.09 0.00 -0.03 0.00 -0.01 -0.00 94.93 90.20 89.99 
33.78 0 0.00000000 0.00000000 0.00 0.00 0.00 0.09 0.00 -0.02 0.00 -0.01 0.00 95.05 90.06 90.02 
33.88 0 0.00000000 0.00000000 0.00 0.00 0.00 0.09 0.00 -0.04 0.00 -0.01 -0.00 95.06 90.16 89.97 
33.99 0 0.00000000 0.00000000 0.00 0.00 0.00 0.09 0.00 -0.02 0.01 -0.01 -0.00 95.09 90.22 89.97 
34.09 0 0.00000000 0.00000000 0.00 0.00 0.00 0.09 0.00 -0.01 0.00 -0.01 -0.00 95.01 90.13 89.97 
34.19 0 0.00000000 0.00000000 0.00 0.00 0.00 0.09 0.00 -0.04 0.01 -0.01 -0.00 95.04 90.10 89.98 
34.29 0 0.00000000 0.00000000 0.00 0.00 0.00 0.09 0.00 -0.04 0.00 -0.01 0.00 95.01 90.16 90.00 
34.39 0 0.00000000 0.00000000 0.00 0.00 0.00 0.09 0.00 -0.03 0.00 -0.01 0.00 94.89 90.23 90.00 
34.49 0 0.00000000 0.00000000 0.00 0.00 0.00 0.09 0.00 -0.03 0.01 -0.01 -0.00 95.05 90.17 89.96 
34.59 0 0.00000000 0.00000000 0.00 0.00 0.00 0.09 0.00 -0.02 0.01 -0.01 -0.00 95.02 90.15 89.98 
34.69 0 0.00000000 0.00000000 0.00 0.00 0.00 0.09 0.00 -0.03 0.01 -0.01 -0.00 95.02 90.06 89.98 
34.79 0 0.00000000 0.00000000 0.00 0.00 0.00 0.09 0.00 -0.03 0.00 -0.01 -0.00 95.03 90.19 89.99 
34.90 0 0.00000000 0.00000000 0.00 0.00 0.00 0.09 0.00 -0.04 0.01 -0.01 -0.00 95.02 90.18 89.97 
35.00 0 0.00000000 0.00000000 0.00 0.00 0.00 0.09 0.00 -0.02 0.01 -0.01 -0.00 95.07 90.19 89.99 
35.10 0 0.00000000 0.00000000 0.00 0.00 0.00 0.09 0.00 -0.02 0.01 -0.01 0.00 95.07 90.18 90.03 
35.20 0 0.00000000 0.00000000 0.00 0.00 0.00 0.09 0.00 -0.03 0.01 -0.01 -0.00 95.05 90.15 89.98 
35.30 0 0.00000000 0.00000000 0.00 0.00 0.00 0.09 0.00 -0.02 0.01 -0.01 0.00 95.09 90.21 90.03 
35.40 0 0.00000000 0.00000000 0.00 0.00 0.00 0.09 0.00 -0.03 0.00 -0.01 -0.00 95.09 90.17 89.99 
35.50 0 0.00000000 0.00000000 0.00 0.00 0.00 0.09 0.00 -0.02 0.01 -0.01 -0.00 95.11 90.23 89.97 
35.60 0 0.00000000 0.00000000 0.00 0.00 0.00 0.09 0.00 -0.02 0.01 -0.01 -0.00 95.00 90.23 89.99 
35.70 0 0.00000000 0.00000000 0.00 0.00 0.00 0.09 0.00 -0.02 0.01 -0.01 -0.00 95.03 90.26 89.97 
35.80 0 0.00000000 0.00000000 0.00 0.00 0.00 0.09 0.00 -0.03 0.00 -0.01 -0.00 95.07 90.17 89.99 
35.90 0 0.00000000 0.00000000 0.00 0.00 0.00 0.09 0.00 -0.02 0.00 -0.01 0.00 95.13 90.20 90.01 
36.00 0 0.00000000 0.00000000 0.00 0.00 0.00 0.09 0.00 -0.03 0.00 -0.01 -0.00 95.06 90.20 89.98 
36.11 0 0.00000000 0.00000000 0.00 0.00 0.00 0.09 0.00 -0.03 0.01 -0.01 -0.00 95.01 90.22 89.98 
36.21 0 0.00000000 0.00000000 0.00 0.00 0.00 0.09 0.00 -0.02 0.00 -0.01 -0.00 95.11 90.15 89.98 
36.31 0 0.00000000 0.00000000 0.00 0.00 0.00 0.09 0.00 -0.03 0.00 -0.01 -0.00 95.23 90.17 89.99 
36.41 0 0.00000000 0.00000000 0.00 0.00 0.00 0.09 0.00 -0.02 0.01 -0.01 -0.00 95.10 90.08 89.98 
36.51 0 0.00000000 0.00000000 0.00 0.00 0.00 0.09 0.00 -0.04 0.01 -0.01 -0.00 95.01 90.16 89.98 
36.61 0 0.00000000 0.00000000 0.00 0.00 0.00 0.09 0.00 -0.03 0.00 -0.01 0.00 95.06 90.18 90.01 
36.71 0 0.00000000 0.00000000 0.00 0.00 0.00 0.09 0.00 -0.03 0.00 -0.01 -0.00 95.10 90.08 89.99 
36.81 0 0.00000000 0.00000000 0.00 0.00 0.00 0.09 0.00 -0.04 0.00 -0.00 -0.00 95.04 90.13 89.97 
36.91 0 0.00000000 0.00000000 0.00 0.00 0.00 0.09 0.00 -0.02 0.01 -0.01 -0.00 95.06 90.23 89.98 
37.02 0 0.00000000 0.00000000 0.00 0.00 0.00 0.09 0.00 -0.03 0.00 -0.01 -0.00 94.98 90.20 89.99 
37.12 0 0.00000000 0.00000000 0.00 0.00 0.00 0.09 0.00 -0.03 -0.00 -0.01 0.00 94.94 90.14 90.00 
37.22 0 0.00000000 0.00000000 0.00 0.00 0.00 0.09 0.00 -0.03 0.00 -0.01 -0.00 95.00 90.04 89.97 
37.32 0 0.00000000 0.00000000 0.00 0.00 0.00 0.09 0.00 -0.03 0.00 -0.01 -0.00 95.14 90.05 89.97 
37.42 0 0.00000000 0.00000000 0.00 0.00 0.00 0.09 0.00 -0.02 0.00 -0.01 -0.00 95.07 90.10 89.99 
37.52 0 0.00000000 0.00000000 0.00 0.00 0.00 0.09 0.00 -0.02 0.00 -0.01 -0.00 95.05 90.14 89.99 
37.62 0 0.00000000 0.00000000 0.00 0.00 0.00 0.09 0.00 -0.02 0.00 -0.01 -0.00 95.00 90.16 90.00 
37.72 0 0.00000000 0.00000000 0.00 0.00 0.00 0.09 0.00 -0.02 0.01 -0.01 -0.00 95.07 90.20 89.98 
37.83 0 0.00000000 0.00000000 0.00 0.00 0.00 0.09 0.00 -0.03 0.00 -0.01 -0.00 94.93 90.16 89.98 
37.93 0 0.00000000 0.00000000 0.00 0.00 0.00 0.09 0.00 -0.03 0.00 -0.01 -0.00 94.88 90.10 89.99 
38.03 0 0.00000000 0.00000000 0.00 0.00 0.00 0.09 0.00 -0.03 -0.00 -0.01 -0.00 95.04 90.06 90.00 
38.13 0 0.00000000 0.00000000 0.00 0.00 0.00 0.09 0.00 -0.03 0.00 -0.02 -0.00 95.17 90.12 89.97 
38.23 0 0.00000000 0.00000000 0.00 0.00 0.00 0.09 0.00 -0.02 -0.00 -0.01 0.00 95.08 90.24 90.00 
38.33 0 0.00000000 0.00000000 0.00 0.00 0.00 0.09 0.00 -0.02 0.01 -0.01 -0.00 94.93 90.22 89.98 
38.43 0 0.00000000 0.00000000 0.00 0.00 0.00 0.09 0.00 -0.02 0.00 -0.02 -0.00 94.97 90.15 90.00 
38.53 0 0.00000000 0.00000000 0.00 0.00 0.00 0.09 0.00 -0.03 0.00 -0.01 -0.00 94.95 90.08 89.97 
38.63 0 0.00000000 0.00000000 0.00 0.00 0.00 0.09 0.00 -0.03 -0.00 -0.01 -0.00 95.00 90.14 89.97 
38.73 0 0.00000000 0.00000000 0.00 0.00 0.00 0.09 0.00 -0.02 0.00 -0.01 -0.00 95.11 90.18 89.98 
38.83 0 0.00000000 0.00000000 0.00 0.00 0.00 0.09 0.00 -0.02 0.00 -0.01 -0.00 95.03 90.07 89.99 
38.94 0 0.00000000 0.00000000 0.00 0.00 0.00 0.09 0.00 -0.03 -0.00 -0.01 -0.00 94.95 90.11 89.98 
39.04 0 0.00000000 0.00000000 0.00 0.00 0.00 0.09 0.00 -0.02 0.00 -0.01 -0.00 95.01 90.25 89.98 
39.14 0 0.00000000 0.00000000 0.00 0.00 0.00 0.09 0.00 -0.03 0.01 -0.01 -0.00 95.05 90.15 89.98 
39.24 0 0.00000000 0.00000000 0.00 0.00 0.00 0.09 0.00 -0.02 0.00 -0.01 -0.00 95.05 90.19 89.99 
39.34 0 0.00000000 0.00000000 0.00 0.00 0.00 0.09 0.00 -0.02 0.01 -0.00 -0.00 95.02 90.12 89.95 
39.44 0 0.00000000 0.00000000 0.00 0.00 0.00 0.09 0.00 -0.02 0.00 -0.01 -0.00 94.98 90.21 89.98 
39.54 0 0.00000000 0.00000000 0.00 0.00 0.00 0.09 0.00 -0.02 0.00 -0.01 -0.00 94.89 90.20 89.97 
39.64 0 0.00000000 0.00000000 0.00 0.00 0.00 0.09 0.00 -0.03 0.01 -0.01 -0.00 95.04 90.20 89.95 
39.74 0 0.00000000 0.00000000 0.00 0.00 0.00 0.09 0.00 -0.03 -0.00 -0.01 -0.00 95.12 90.19 89.99 
39.84 0 0.00000000 0.00000000 0.00 0.00 0.00 0.09 0.00 -0.02 0.00 -0.01 -0.00 95.02 90.22 89.98 
39.94 0 0.00000000 0.00000000 0.00 0.00 0.00 0.09 0.00 -0.02 0.00 -0.01 -0.00 95.08 90.22 89.99 
40.04 0 0.00000000 0.00000000 0.00 0.00 0.00 0.09 0.00 -0.03 0.00 -0.01 -0.00 94.98 90.18 90.00 
40.14 0 0.00000000 0.00000000 0.00 0.00 0.00 0.09 0.00 -0.03 -0.00 -0.01 -0.00 94.97 90.06 89.96 
40.24 0 0.00000000 0.00000000 0.00 0.00 0.00 0.09 0.00 -0.03 0.01 -0.01 -0.00 94.96 90.11 89.96 
40.34 0 0.00000000 0.00000000 0.00 0.00 0.00 0.09 0.00 -0.02 0.00 -0.01 -0.00 95.01 90.07 89.98 
40.45 0 0.00000000 0.00000000 0.00 0.00 0.00 0.09 0.00 -0.02 0.01 -0.01 -0.00 95.13 90.05 89.97 
40.55 0 0.00000000 0.00000000 0.00 0.00 0.00 0.09 0.00 -0.02 0.00 -0.01 -0.00 95.04 90.13 89.98 
40.65 0 0.00000000 0.00000000 0.00 0.00 0.00 0.09 0.00 -0.02 0.01 -0.01 -0.00 94.97 90.04 89.98 
40.75 0 0.00000000 0.00000000 0.00 0.00 0.00 0.09 0.00 -0.04 0.00 -0.01 0.00 94.96 90.11 89.99 
40.85 0 0.00000000 0.00000000 0.00 0.00 0.00 0.09 0.00 -0.01 0.01 -0.01 -0.00 94.99 90.11 89.98 
40.95 0 0.00000000 0.00000000 0.00 0.00 0.00 0.09 0.00 -0.02 0.00 -0.01 -0.00 94.92 90.16 89.98 
41.05 0 0.00000000 0.00000000 0.00 0.00 0.00 0.09 0.00 -0.03 0.00 -0.01 -0.00 95.04 90.18 89.97 
41.15 0 0.00000000 0.00000000 0.00 0.00 0.00 0.09 0.00 -0.02 0.00 -0.01 -0.00 94.98 90.23 89.97 
41.25 0 0.00000000 0.00000000 0.00 0.00 0.00 0.09 0.00 -0.04 0.00 -0.01 -0.00 94.98 90.19 89.98 
41.35 0 0.00000000 0.00000000 0.00 0.00 0.00 0.09 0.00 -0.03 0.00 -0.01 -0.00 95.00 90.16 90.00 
41.45 0 0.00000000 0.00000000 0.00 0.00 0.00 0.09 0.00 -0.02 0.00 -0.01 -0.00 95.01 90.26 89.98 
41.55 0 0.00000000 0.00000000 0.00 0.00 0.00 0.09 0.00 -0.02 0.00 -0.01 -0.00 95.07 90.17 89.98 
41.65 0 0.00000000 0.00000000 0.00 0.00 0.00 0.09 0.00 -0.02 0.01 -0.01 -0.00 95.00 90.09 89.99 
41.75 0 0.00000000 0.00000000 0.00 0.00 0.00 0.09 0.00 -0.02 0.01 -0.02 -0.00 94.97 90.12 89.98 
41.86 0 0.00000000 0.00000000 0.00 0.00 0.00 0.09 0.00 -0.02 0.00 -0.01 0.00 95.14 90.18 90.01 
41.96 0 0.00000000 0.00000000 0.00 0.00 0.00 0.09 0.00 -0.02 0.01 -0.01 -0.00 95.01 90.14 89.99 
42.06 0 0.00000000 0.00000000 0.00 0.00 0.00 0.09 0.00 -0.03 -0.00 -0.01 -0.00 94.97 90.16 89.98 
42.16 0 0.00000000 0.00000000 0.00 0.00 0.00 0.09 0.00 -0.02 0.00 -0.01 0.00 94.93 90.19 90.00 
42.26 0 0.00000000 0.00000000 0.00 0.00 0.00 0.09 0.00 -0.03 0.00 -0.02 -0.00 94.98 90.07 89.96 
42.36 0 0.00000000 0.00000000 0.00 0.00 0.00 0.09 0.00 -0.03 0.00 -0.01 -0.00 94.93 90.12 89.98 
42.46 0 0.00000000 0.00000000 0.00 0.00 0.00 0.09 0.00 -0.02 0.00 -0.01 -0.00 95.07 90.14 89.98 
42.56 0 0.00000000 0.00000000 0.00 0.00 0.00 0.09 0.00 -0.02 0.00 -0.01 -0.00 95.02 90.16 89.99 
42.66 0 0.00000000 0.00000000 0.00 0.00 0.00 0.09 0.00 -0.02 0.01 -0.01 0.00 95.11 90.21 90.01 
42.76 0 0.00000000 0.00000000 0.00 0.00 0.00 0.09 0.00 -0.02 0.01 -0.01 -0.00 95.16 90.24 89.98 
42.86 0 0.00000000 0.00000000 0.00 0.00 0.00 0.09 0.00 -0.02 0.00 -0.01 -0.00 95.04 90.21 89.98 
42.96 0 0.00000000 0.00000000 0.00 0.00 0.00 0.09 0.00 -0.02 0.00 -0.01 -0.00 95.05 90.15 89.97 
43.06 0 0.00000000 0.00000000 0.00 0.00 0.00 0.09 0.00 -0.02 0.00 -0.01 -0.00 95.21 90.11 89.97 
43.16 0 0.00000000 0.00000000 0.00 0.00 0.00 0.09 0.00 -0.02 0.00 -0.01 -0.00 95.10 90.22 89.96 
43.27 0 0.00000000 0.00000000 0.00 0.00 0.00 0.09 0.00 -0.01 0.00 -0.01 -0.00 94.95 90.20 89.99 
43.37 0 0.00000000 0.00000000 0.00 0.00 0.00 0.09 0.00 -0.02 0.00 -0.01 -0.00 95.09 90.15 90.00 
43.47 0 0.00000000 0.00000000 0.00 0.00 0.00 0.09 0.00 -0.01 0.00 -0.01 -0.00 95.08 90.15 89.99 
43.57 0 0.00000000 0.00000000 0.00 0.00 0.00 0.09 0.00 -0.03 0.01 -0.01 -0.00 95.09 90.18 89.97 
43.67 0 0.00000000 0.00000000 0.00 0.00 0.00 0.09 0.00 -0.03 0.00 -0.02 0.00 95.05 90.15 89.98 
43.77 0 0.00000000 0.00000000 0.00 0.00 0.00 0.09 0.00 -0.03 0.00 -0.01 -0.00 95.07 90.18 89.97 
43.87 0 0.00000000 0.00000000 0.00 0.00 0.00 0.09 0.00 -0.02 0.00 -0.01 -0.00 95.14 90.25 89.98 
43.97 0 0.00000000 0.00000000 0.00 0.00 0.00 0.09 0.00 -0.03 0.01 -0.01 -0.00 95.10 90.19 89.97 
44.07 0 0.00000000 0.00000000 0.00 0.00 0.00 0.09 0.00 -0.03 0.01 -0.01 -0.00 95.11 90.07 89.97 
44.17 0 0.00000000 0.00000000 0.00 0.00 0.00 0.09 0.00 -0.03 0.00 -0.01 -0.00 95.03 90.15 89.96 
44.28 0 0.00000000 0.00000000 0.00 0.00 0.00 0.09 0.00 -0.02 0.01 -0.01 -0.00 94.96 90.12 89.99 
44.38 0 0.00000000 0.00000000 0.00 0.00 0.00 0.09 0.00 -0.02 0.00 -0.01 0.00 94.95 90.12 90.00 
44.48 0 0.00000000 0.00000000 0.00 0.00 0.00 0.09 0.00 -0.03 0.00 -0.01 -0.00 95.06 90.20 89.98 
44.58 0 0.00000000 0.00000000 0.00 0.00 0.00 0.09 0.00 -0.03 0.01 -0.01 -0.00 94.98 90.17 89.97 
44.68 0 0.00000000 0.00000000 0.00 0.00 0.00 0.09 0.00 -0.02 0.01 -0.01 -0.00 94.98 90.17 89.97 
44.78 0 0.00000000 0.00000000 0.00 0.00 0.00 0.09 0.00 -0.02 0.01 -0.01 -0.00 95.07 90.09 89.96 
44.88 0 0.00000000 0.00000000 0.00 0.00 0.00 0.09 0.00 -0.03 0.01 -0.01 -0.00 95.15 90.01 89.97 
44.98 0 0.00000000 0.00000000 0.00 0.00 0.00 0.09 0.00 -0.02 -0.00 -0.01 -0.00 94.98 90.08 89.98 
45.08 0 0.00000000 0.00000000 0.00 0.00 0.00 0.09 0.00 -0.02 0.01 -0.01 -0.00 95.03 90.13 89.99 
45.19 0 0.00000000 0.00000000 0.00 0.00 0.00 0.09 0.00 -0.02 0.00 -0.01 0.00 95.00 90.02 90.00 
45.29 0 0.00000000 0.00000000 0.00 0.00 0.00 0.09 0.00 -0.03 0.01 -0.01 -0.00 95.14 90.09 89.97 
45.39 0 0.00000000 0.00000000 0.00 0.00 0.00 0.09 0.00 -0.03 0.01 -0.01 -0.00 95.06 90.10 89.98 
45.49 0 0.00000000 0.00000000 0.00 0.00 0.00 0.09 0.00 -0.03 0.01 -0.01 -0.00 95.12 90.13 89.99 
45.59 0 0.00000000 0.00000000 0.00 0.00 0.00 0.09 0.00 -0.02 0.01 -0.01 0.00 94.93 90.16 90.03 
45.72 0 0.00000000 0.00000000 0.00 0.00 0.00 0.09 0.00 -0.02 0.00 -0.01 -0.00 94.98 90.13 89.97 
45.86 0 0.00000000 0.00000000 0.00 0.00 0.00 0.09 0.00 -0.03 0.00 -0.01 -0.00 94.96 90.15 89.97 
46.00 0 0.00000000 0.00000000 0.00 0.00 0.00 0.09 0.00 -0.02 0.00 -0.01 -0.00 94.98 90.12 89.98 
46.14 0 0.00000000 0.00000000 0.00 0.00 0.00 0.09 0.00 -0.02 0.00 -0.01 -0.00 95.03 90.14 89.99 
46.24 0 0.00000000 0.00000000 0.00 0.00 0.00 0.09 0.00 -0.02 0.00 -0.01 -0.00 95.01 90.15 89.95 
46.34 0 0.00000000 0.00000000 0.00 0.00 0.00 0.09 0.00 -0.03 0.00 -0.02 -0.00 94.98 90.07 89.99 
46.45 0 0.00000000 0.00000000 0.00 0.00 0.00 0.09 0.00 -0.02 0.00 -0.01 0.00 94.92 90.23 90.01 
46.55 0 0.00000000 0.00000000 0.00 0.00 0.00 0.09 0.00 -0.02 0.00 -0.01 -0.00 94.90 90.19 89.98 
46.65 0 0.00000000 0.00000000 0.00 0.00 0.00 0.09 0.00 -0.02 0.01 -0.01 -0.00 95.08 90.24 89.94 
46.75 0 0.00000000 0.00000000 0.00 0.00 0.00 0.09 0.00 -0.02 -0.00 -0.01 0.00 95.05 90.24 90.00 
46.85 0 0.00000000 0.00000000 0.00 0.00 0.00 0.09 0.00 -0.02 0.00 -0.01 0.00 95.11 90.27 90.00 
46.95 0 0.00000000 0.00000000 0.00 0.00 0.00 0.09 0.00 -0.02 -0.00 -0.01 -0.00 95.02 90.12 89.99 
47.05 0 0.00000000 0.00000000 0.00 0.00 0.00 0.09 0.00 -0.01 0.00 -0.01 -0.00 94.99 90.17 89.96 
47.15 0 0.00000000 0.00000000 0.00 0.00 0.00 0.09 0.00 -0.03 0.00 -0.01 -0.00 95.08 90.17 89.99 
47.25 0 0.00000000 0.00000000 0.00 0.00 0.00 0.09 0.00 -0.02 0.00 -0.01 0.00 95.04 90.10 90.03 
47.36 0 0.00000000 0.00000000 0.00 0.00 0.00 0.09 0.00 -0.03 0.00 -0.01 -0.00 94.95 90.02 89.99 
47.46 0 0.00000000 0.00000000 0.00 0.00 0.00 0.09 0.00 -0.02 -0.00 -0.01 -0.00 95.10 90.22 90.00 
47.56 0 0.00000000 0.00000000 0.00 0.00 0.00 0.09 0.00 -0.02 0.00 -0.01 -0.00 95.07 90.13 89.98 
47.66 0 0.00000000 0.00000000 0.00 0.00 0.00 0.09 0.00 -0.03 0.00 -0.01 -0.00 95.04 90.09 89.99 
47.76 0 0.00000000 0.00000000 0.00 0.00 0.00 0.09 0.00 -0.02 0.00 -0.01 0.00 94.99 90.25 90.00 
47.86 0 0.00000000 0.00000000 0.00 0.00 0.00 0.09 0.00 -0.03 0.01 -0.01 -0.00 95.08 90.11 89.96 
47.96 0 0.00000000 0.00000000 0.00 0.00 0.00 0.09 0.00 -0.02 0.01 -0.01 0.00 95.05 90.10 90.00 
48.06 0 0.00000000 0.00000000 0.00 0.00 0.00 0.09 0.00 -0.02 0.01 -0.01 -0.00 95.00 90.10 89.97 
48.16 0 0.00000000 0.00000000 0.00 0.00 0.00 0.09 0.00 -0.03 0.01 -0.01 -0.00 95.09 90.16 89.99 
48.27 0 0.00000000 0.00000000 0.00 0.00 0.00 0.09 0.00 -0.02 0.00 -0.02 -0.00 94.97 90.15 89.95 
48.37 0 0.00000000 0.00000000 0.00 0.00 0.00 0.09 0.00 -0.03 0.00 -0.01 -0.00 95.02 90.11 89.98 
48.47 0 0.00000000 0.00000000 0.00 0.00 0.00 0.09 0.00 -0.02 0.01 -0.01 -0.00 95.04 90.21 89.98 
48.57 0 0.00000000 0.00000000 0.00 0.00 0.00 0.09 0.00 -0.01 0.00 -0.01 -0.00 95.06 90.21 90.00 
48.67 0 0.00000000 0.00000000 0.00 0.00 0.00 0.09 0.00 -0.04 0.00 -0.01 0.00 95.12 90.14 90.00 
48.77 0 0.00000000 0.00000000 0.00 0.00 0.00 0.09 0.00 0.43 0.01 -0.01 -0.00 95.02 90.17 89.99 
48.87 0 0.00000000 0.00000000 0.00 0.00 0.00 0.09 0.00 -0.02 0.00 -0.01 -0.00 95.02 90.16 89.98 
48.97 0 0.00000000 0.00000000 0.00 0.00 0.00 0.09 0.00 -0.03 0.00 -0.01 -0.00 95.10 90.08 89.96 
49.07 0 0.00000000 0.00000000 0.00 0.00 0.00 0.09 0.00 -0.03 -0.00 -0.01 -0.00 95.14 90.15 89.98 
49.17 0 0.00000000 0.00000000 0.00 0.00 0.00 0.09 0.00 -0.04 0.00 -0.01 0.00 94.93 90.20 89.99 
49.28 0 0.00000000 0.00000000 0.00 0.00 0.00 0.09 0.00 -0.03 0.00 -0.01 -0.00 95.01 90.24 89.98 
49.38 0 0.00000000 0.00000000 0.00 0.00 0.00 0.09 0.00 -0.02 0.01 -0.01 -0.00 95.05 90.27 89.97 
49.48 0 0.00000000 0.00000000 0.00 0.00 0.00 0.09 0.00 -0.03 0.00 -0.01 -0.00 95.07 90.21 90.00 
49.58 0 0.00000000 0.00000000 0.00 0.00 0.00 0.09 0.00 -0.02 0.01 -0.01 0.00 95.01 90.18 90.00 
49.68 0 0.00000000 0.00000000 0.00 0.00 0.00 0.09 0.00 -0.03 0.01 -0.01 -0.00 95.04 90.20 89.98 
49.78 0 0.00000000 0.00000000 0.00 0.00 0.00 0.09 0.00 -0.01 0.00 -0.01 -0.00 95.15 90.22 89.99 
49.88 0 0.00000000 0.00000000 0.00 0.00 0.00 0.09 0.00 -0.02 0.00 -0.01 -0.00 95.03 90.27 89.98 
49.98 0 0.00000000 0.00000000 0.00 0.00 0.00 0.09 0.00 -0.02 0.00 -0.01 0.00 95.08 90.27 90.01 
50.08 0 0.00000000 0.00000000 0.00 0.00 0.00 0.09 0.00 -0.02 0.00 -0.01 -0.00 95.07 90.20 89.96 
50.18 0 0.00000000 0.00000000 0.00 0.00 0.00 0.09 0.00 -0.02 0.01 -0.01 -0.00 95.09 90.20 89.98 
50.28 0 0.00000000 0.00000000 0.00 0.00 0.00 0.09 0.00 -0.03 0.00 -0.01 -0.00 94.90 90.16 89.95 
50.38 0 0.00000000 0.00000000 0.00 0.00 0.00 0.09 0.00 -0.02 0.00 -0.01 -0.00 94.95 90.12 89.97 
50.48 0 0.00000000 0.00000000 0.00 0.00 0.00 0.09 0.00 -0.02 0.00 -0.01 -0.00 95.07 90.13 89.98 
50.58 0 0.00000000 0.00000000 0.00 0.00 0.00 0.09 0.00 -0.03 0.01 -0.01 0.00 95.01 90.09 90.00 
50.69 0 0.00000000 0.00000000 0.00 0.00 0.00 0.09 0.00 -0.02 0.01 -0.01 -0.00 95.08 90.17 89.96 
50.79 0 0.00000000 0.00000000 0.00 0.00 0.00 0.09 0.00 -0.02 0.00 -0.01 -0.00 94.92 90.17 89.98 
50.89 0 0.00000000 0.00000000 0.00 0.00 0.00 0.09 0.00 -0.02 0.00 -0.01 -0.00 95.05 90.17 89.98 
50.99 0 0.00000000 0.00000000 0.00 0.00 0.00 0.09 0.00 -0.02 0.00 -0.01 -0.00 95.08 90.14 89.98 
51.09 0 0.00000000 0.00000000 0.00 0.00 0.00 0.09 0.00 -0.02 0.01 -0.01 -0.00 95.10 90.17 89.98 
51.19 0 0.00000000 0.00000000 0.00 0.00 0.00 0.09 0.00 -0.02 0.01 -0.01 0.00 95.09 90.21 90.01 
51.29 0 0.00000000 0.00000000 0.00 0.00 0.00 0.09 0.00 -0.02 0.01 -0.01 -0.00 95.04 90.15 89.96 
51.39 0 0.00000000 0.00000000 0.00 0.00 0.00 0.09 0.00 -0.02 0.00 -0.01 0.00 95.04 90.14 90.01 
51.50 0 0.00000000 0.00000000 0.00 0.00 0.00 0.09 0.00 -0.02 0.00 -0.01 -0.00 95.01 90.27 89.96 
51.60 0 0.00000000 0.00000000 0.00 0.00 0.00 0.09 0.00 -0.02 0.01 -0.01 -0.00 95.13 90.22 89.96 
51.70 0 0.00000000 0.00000000 0.00 0.00 0.00 0.09 0.00 -0.03 0.01 -0.01 -0.00 95.07 90.16 90.00 
51.80 0 0.00000000 0.00000000 0.00 0.00 0.00 0.09 0.00 -0.02 0.00 -0.01 -0.00 95.04 90.17 89.99 
51.90 0 0.00000000 0.00000000 0.00 0.00 0.00 0.09 0.00 -0.03 0.00 -0.01 -0.00 95.00 90.08 89.96 
52.00 0 0.00000000 0.00000000 0.00 0.00 0.00 0.09 0.00 -0.02 0.00 -0.02 -0.00 94.98 90.16 89.99 
52.10 0 0.00000000 0.00000000 0.00 0.00 0.00 0.09 0.00 -0.03 0.01 -0.01 0.00 94.99 90.20 90.01 
52.20 0 0.00000000 0.00000000 0.00 0.00 0.00 0.09 0.00 -0.02 0.01 -0.01 -0.00 95.04 90.22 89.97 
52.30 0 0.00000000 0.00000000 0.00 0.00 0.00 0.09 0.00 -0.02 0.01 -0.01 0.00 94.94 90.12 90.00 
52.40 0 0.00000000 0.00000000 0.00 0.00 0.00 0.09 0.00 -0.04 0.00 -0.01 -0.00 94.98 90.10 89.98 
52.51 0 0.00000000 0.00000000 0.00 0.00 0.00 0.09 0.00 -0.02 0.00 -0.01 -0.00 95.09 90.19 89.99 
52.61 0 0.00000000 0.00000000 0.00 0.00 0.00 0.09 0.00 -0.03 0.00 -0.01 -0.00 94.95 90.19 89.97 
52.71 0 0.00000000 0.00000000 0.00 0.00 0.00 0.08 0.00 -0.02 0.00 -0.01 -0.00 94.86 90.17 90.00 
52.81 0 0.00000000 0.00000000 0.00 0.00 0.00 0.09 0.00 -0.02 0.00 -0.01 -0.00 94.93 90.13 89.99 
52.91 0 0.00000000 0.00000000 0.00 0.00 0.00 0.09 0.00 -0.04 -0.04 -0.01 -0.00 94.98 90.16 89.97 
53.02 0 0.00000000 0.00000000 0.00 0.00 0.00 0.09 0.00 -0.03 0.00 -0.01 -0.00 95.01 90.20 90.00 
53.12 0 0.00000000 0.00000000 0.00 0.00 0.00 0.09 0.00 -0.02 0.00 -0.01 -0.00 95.00 90.26 89.98 
53.22 0 0.00000000 0.00000000 0.00 0.00 0.00 0.09 0.00 -0.02 0.01 -0.01 0.00 95.11 90.20 90.01 
53.32 0 0.00000000 0.00000000 0.00 0.00 0.00 0.09 0.00 -0.03 -0.00 -0.01 -0.00 95.09 90.08 89.99 
53.42 0 0.00000000 0.00000000 0.00 0.00 0.00 0.09 0.00 -0.04 0.00 -0.01 0.00 95.10 90.05 90.01 
53.52 0 0.00000000 0.00000000 0.00 0.00 0.00 0.09 0.00 -0.02 0.00 -0.01 -0.00 95.13 90.15 89.97 
53.62 0 0.00000000 0.00000000 0.00 0.00 0.00 0.09 0.00 -0.02 0.01 -0.01 0.00 95.03 90.15 90.02 
53.72 0 0.00000000 0.00000000 0.00 0.00 0.00 0.09 0.00 -0.02 0.01 -0.01 -0.00 95.03 90.17 89.98 
53.83 0 0.00000000 0.00000000 0.00 0.00 0.00 0.09 0.00 -0.03 0.01 -0.01 -0.00 95.11 90.19 89.98 
53.93 0 0.00000000 0.00000000 0.00 0.00 0.00 0.09 0.00 -0.03 0.00 -0.01 -0.00 95.02 90.16 89.99 
54.03 0 0.00000000 0.00000000 0.00 0.00 0.00 0.09 0.00 -0.02 0.01 -0.01 -0.00 95.09 90.21 89.98 
54.13 0 0.00000000 0.00000000 0.00 0.00 0.00 0.09 0.00 -0.02 0.00 -0.01 -0.00 95.05 90.12 90.00 
54.23 0 0.00000000 0.00000000 0.00 0.00 0.00 0.09 0.00 -0.02 0.01 -0.01 -0.00 94.92 90.17 89.95 
54.33 0 0.00000000 0.00000000 0.00 0.00 0.00 0.09 0.00 -0.03 0.00 -0.01 -0.00 95.05 90.12 90.00 
54.43 0 0.00000000 0.00000000 0.00 0.00 0.00 0.09 0.00 -0.02 0.00 -0.01 -0.00 95.11 90.13 89.96 
54.53 0 0.00000000 0.00000000 0.00 0.00 0.00 0.09 0.00 -0.03 0.01 -0.01 -0.00 95.07 90.12 90.00 
54.63 0 0.00000000 0.00000000 0.00 0.00 0.00 0.09 0.00 -0.02 0.01 -0.01 0.00 94.98 90.21 90.00 
54.73 0 0.00000000 0.00000000 0.00 0.00 0.00 0.09 0.00 -0.03 0.00 -0.01 -0.00 94.92 90.15 89.98 
54.83 0 0.00000000 0.00000000 0.00 0.00 0.00 0.09 0.00 -0.02 0.00 -0.01 -0.00 94.99 90.06 89.97 
54.93 0 0.00000000 0.00000000 0.00 0.00 0.00 0.09 0.00 -0.03 0.00 -0.01 -0.00 94.91 90.20 90.00 
55.03 0 0.00000000 0.00000000 0.00 0.00 0.00 0.09 0.00 -0.03 0.00 -0.01 -0.00 95.03 90.16 89.96 
55.13 0 0.00000000 0.00000000 0.00 0.00 0.00 0.09 0.00 -0.03 0.01 -0.01 -0.00 95.01 90.14 89.98 
55.24 0 0.00000000 0.00000000 0.00 0.00 0.00 0.09 0.00 -0.02 0.00 -0.01 -0.00 95.09 90.15 89.99 
55.34 0 0.00000000 0.00000000 0.00 0.00 0.00 0.09 0.00 -0.03 0.01 -0.01 -0.00 95.13 90.14 89.99 
55.44 0 0.00000000 0.00000000 0.00 0.00 0.00 0.09 0.00 -0.03 -0.00 -0.01 -0.00 95.13 90.13 89.97 
55.54 0 0.00000000 0.00000000 0.00 0.00 0.00 0.09 0.00 -0.03 0.00 -0.01 -0.00 95.15 90.13 89.99 
55.65 0 0.00000000 0.00000000 0.00 0.00 0.00 0.09 -0.00 -0.03 0.00 -0.01 -0.00 95.07 89.99 90.00 
55.75 0 0.00000000 0.00000000 0.00 0.00 0.00 0.09 0.00 -0.02 0.00 -0.01 0.00 95.08 90.10 90.02 
55.85 0 0.00000000 0.00000000 0.00 0.00 0.00 0.09 0.00 -0.03 -0.00 -0.01 -0.00 95.06 90.17 89.96 
55.95 0 0.00000000 0.00000000 0.00 0.00 0.00 0.09 0.00 -0.03 0.00 -0.01 -0.00 94.98 90.19 89.99 
56.05 0 0.00000000 0.00000000 0.00 0.00 0.00 0.09 0.01 -0.02 0.00 -0.01 -0.00 95.09 90.30 89.99 
56.15 0 0.00000000 0.00000000 0.00 0.00 0.00 0.09 0.00 -0.03 0.00 -0.01 -0.00 95.02 90.12 89.97 
56.25 0 0.00000000 0.00000000 0.00 0.00 0.00 0.09 0.00 -0.02 0.00 -0.01 -0.00 95.11 90.11 89.97 
56.35 0 0.00000000 0.00000000 0.00 0.00 0.00 0.09 0.00 -0.03 0.00 -0.01 -0.00 95.06 90.10 89.98 
56.45 0 0.00000000 0.00000000 0.00 0.00 0.00 0.09 0.00 -0.03 0.00 -0.01 -0.00 95.05 90.14 89.96 
56.55 0 0.00000000 0.00000000 0.00 0.00 0.00 0.09 0.00 -0.02 -0.00 -0.01 -0.00 95.00 90.13 89.98 
56.65 0 0.00000000 0.00000000 0.00 0.00 0.00 0.09 0.00 -0.03 0.01 -0.01 -0.00 95.01 90.15 89.95 
56.75 0 0.00000000 0.00000000 0.00 0.00 0.00 0.09 0.00 -0.02 0.01 -0.01 -0.00 95.08 90.12 89.96 
56.86 0 0.00000000 0.00000000 0.00 0.00 0.00 0.09 0.00 -0.04 0.01 -0.01 -0.00 95.12 90.14 89.99 
56.96 0 0.00000000 0.00000000 0.00 0.00 0.00 0.09 0.00 -0.01 0.00 -0.01 -0.00 95.05 90.21 89.98 
57.06 0 0.00000000 0.00000000 0.00 0.00 0.00 0.09 0.00 -0.02 -0.00 -0.01 -0.00 95.06 90.18 89.97 
57.16 0 0.00000000 0.00000000 0.00 0.00 0.00 0.09 0.00 -0.04 0.00 -0.01 -0.00 95.01 90.16 89.96 
57.26 0 0.00000000 0.00000000 0.00 0.00 0.00 0.09 0.00 -0.03 0.00 -0.01 -0.00 95.01 90.13 89.98 
57.36 0 0.00000000 0.00000000 0.00 0.00 0.00 0.09 0.00 -0.03 0.00 -0.01 -0.00 95.08 90.09 89.97 
57.46 0 0.00000000 0.00000000 0.00 0.00 0.00 0.09 0.00 -0.02 0.00 -0.01 -0.00 95.08 90.14 89.98 
57.56 0 0.00000000 0.00000000 0.00 0.00 0.00 0.09 0.00 -0.02 0.00 -0.01 -0.00 95.05 90.19 89.96 
57.67 0 0.00000000 0.00000000 0.00 0.00 0.00 0.09 0.00 -0.03 0.01 -0.01 -0.00 95.07 90.23 89.96 
57.77 0 0.00000000 0.00000000 0.00 0.00 0.00 0.09 0.00 -0.03 0.01 -0.01 -0.00 95.08 90.29 89.96 
57.87 0 0.00000000 0.00000000 0.00 0.00 0.00 0.09 0.00 -0.02 0.00 -0.01 -0.00 95.15 90.21 89.99 
57.97 0 0.00000000 0.00000000 0.00 0.00 0.00 0.09 0.00 -0.04 0.00 -0.01 -0.00 95.06 90.15 89.98 
58.07 0 0.00000000 0.00000000 0.00 0.00 0.00 0.09 0.00 -0.02 -0.00 -0.01 -0.00 95.10 90.19 89.97 
58.17 0 0.00000000 0.00000000 0.00 0.00 0.00 0.09 0.00 -0.02 -0.00 -0.01 -0.00 94.95 90.10 89.98 
58.28 0 0.00000000 0.00000000 0.00 0.00 0.00 0.09 0.00 -0.01 -0.00 -0.02 -0.00 95.03 90.12 89.95 
58.38 0 0.00000000 0.00000000 0.00 0.00 0.00 0.09 0.00 -0.02 0.01 -0.01 -0.00 95.09 90.19 89.97 
58.48 0 0.00000000 0.00000000 0.00 0.00 0.00 0.09 0.00 -0.03 -0.00 -0.02 -0.00 95.09 90.22 89.98 
58.58 0 0.00000000 0.00000000 0.00 0.00 0.00 0.09 0.00 -0.02 -0.00 -0.02 -0.00 95.03 90.12 89.98 
58.68 0 0.00000000 0.00000000 0.00 0.00 0.00 0.09 0.00 -0.02 0.01 -0.01 -0.00 95.00 90.12 89.98 
58.78 0 0.00000000 0.00000000 0.00 0.00 0.00 0.09 0.00 -0.03 0.00 -0.01 -0.00 95.01 90.22 89.96 
58.88 0 0.00000000 0.00000000 0.00 0.00 0.00 0.09 0.00 -0.02 0.00 -0.01 0.00 94.99 90.17 90.01 
58.98 0 0.00000000 0.00000000 0.00 0.00 0.00 0.09 0.00 -0.03 0.01 -0.01 -0.00 95.01 90.12 89.97 
59.08 0 0.00000000 0.00000000 0.00 0.00 0.00 0.09 0.00 -0.02 0.00 -0.01 -0.00 95.02 90.10 90.00 
59.18 0 0.00000000 0.00000000 0.00 0.00 0.00 0.09 0.00 -0.03 0.00 -0.01 0.00 95.08 90.10 90.02 
59.28 0 0.00000000 0.00000000 0.00 0.00 0.00 0.09 0.00 -0.03 0.00 -0.01 -0.00 95.09 90.16 89.98 
59.38 0 0.00000000 0.00000000 0.00 0.00 0.00 0.09 0.00 -0.03 -0.00 -0.01 0.00 95.15 90.15 90.01 
59.48 0 0.00000000 0.00000000 0.00 0.00 0.00 0.09 0.00 -0.02 0.00 -0.01 0.00 95.11 90.16 90.00 
59.58 0 0.00000000 0.00000000 0.00 0.00 0.00 0.09 0.00 -0.03 0.01 -0.01 -0.00 95.08 90.20 89.98 
59.69 0 0.00000000 0.00000000 0.00 0.00 0.00 0.09 0.00 -0.02 0.00 -0.01 -0.00 95.12 90.11 89.96 
59.79 0 0.00000000 0.00000000 0.00 0.00 0.00 0.09 0.00 -0.03 0.00 -0.01 -0.00 95.13 90.08 89.98 
59.89 0 0.00000000 0.00000000 0.00 0.00 0.00 0.09 0.00 -0.02 -0.00 -0.01 0.00 95.14 90.21 90.01 
59.99 0 0.00000000 0.00000000 0.00 0.00 0.00 0.09 0.00 -0.02 0.00 -0.01 -0.00 95.09 90.10 89.95 
60.09 0 0.00000000 0.00000000 0.00 0.00 0.00 0.09 0.00 -0.02 0.00 -0.02 -0.00 95.09 90.21 89.96 
60.19 0 0.00000000 0.00000000 0.00 0.00 0.00 0.09 0.00 -0.02 0.01 -0.01 -0.00 95.00 90.19 89.98 
60.29 0 0.00000000 0.00000000 0.00 0.00 0.00 0.09 0.00 -0.01 0.00 -0.01 -0.00 95.04 90.18 89.97 
60.39 0 0.00000000 0.00000000 0.00 0.00 0.00 0.09 0.00 -0.02 0.00 -0.01 -0.00 95.02 90.22 89.99 
60.50 0 0.00000000 0.00000000 0.00 0.00 0.00 0.09 0.00 -0.02 0.00 -0.01 0.00 95.02 90.14 90.00 
60.60 0 0.00000000 0.00000000 0.00 0.00 0.00 0.09 0.00 -0.03 0.00 -0.01 -0.00 95.01 90.25 89.99 
60.70 0 0.00000000 0.00000000 0.00 0.00 0.00 0.09 0.00 -0.02 0.01 -0.01 -0.00 95.08 90.17 89.98 
60.80 0 0.00000000 0.00000000 0.00 0.00 0.00 0.09 0.00 -0.04 0.00 -0.01 0.00 95.08 90.08 89.98 
60.90 0 0.00000000 0.00000000 0.00 0.00 0.00 0.09 0.00 -0.03 0.00 -0.01 -0.00 95.07 90.16 89.97 
61.00 0 0.00000000 0.00000000 0.00 0.00 0.00 0.09 0.00 -0.02 0.00 -0.01 -0.00 95.06 90.25 89.98 
61.10 0 0.00000000 0.00000000 0.00 0.00 0.00 0.09 0.00 -0.02 0.01 -0.01 -0.00 95.08 90.19 89.96 
61.20 0 0.00000000 0.00000000 0.00 0.00 0.00 0.09 0.00 -0.03 0.00 -0.01 -0.00 95.12 90.16 89.96 
61.30 0 0.00000000 0.00000000 0.00 0.00 0.00 0.09 0.00 -0.02 0.01 -0.01 -0.00 95.11 90.18 89.99 
61.40 0 0.00000000 0.00000000 0.00 0.00 0.00 0.09 0.00 -0.02 0.01 -0.01 -0.00 95.06 90.26 89.99 
61.50 0 0.00000000 0.00000000 0.00 0.00 0.00 0.09 0.00 -0.02 0.01 -0.01 -0.00 95.01 90.17 89.96 
61.60 0 0.00000000 0.00000000 0.00 0.00 0.00 0.09 0.00 -0.03 0.01 -0.01 -0.00 95.05 90.07 89.97 
61.70 0 0.00000000 0.00000000 0.00 0.00 0.00 0.09 0.00 -0.02 0.01 -0.01 0.00 94.99 90.13 90.00 
61.80 0 0.00000000 0.00000000 0.00 0.00 0.00 0.09 0.00 -0.02 0.00 -0.01 -0.00 94.97 90.17 89.99 
61.90 0 0.00000000 0.00000000 0.00 0.00 0.00 0.09 0.00 -0.03 -0.00 -0.02 -0.00 95.15 90.18 90.00 
62.00 0 0.00000000 0.00000000 0.00 0.00 0.00 0.09 0.00 -0.04 0.00 -0.01 0.00 95.16 90.12 90.00 
62.11 0 0.00000000 0.00000000 0.00 0.00 0.00 0.09 0.00 -0.02 0.00 -0.02 -0.00 94.98 90.15 89.97 
62.21 0 0.00000000 0.00000000 0.00 0.00 0.00 0.09 0.00 -0.03 0.01 -0.02 -0.00 94.92 90.15 89.96 
62.31 0 0.00000000 0.00000000 0.00 0.00 0.00 0.09 0.00 -0.03 0.00 -0.01 -0.00 94.99 90.22 90.00 
62.41 0 0.00000000 0.00000000 0.00 0.00 0.00 0.09 0.00 -0.03 0.00 -0.01 -0.00 94.93 90.22 90.00 
62.51 0 0.00000000 0.00000000 0.00 0.00 0.00 0.09 0.00 -0.02 0.01 -0.01 -0.00 94.96 90.19 89.98 
62.61 0 0.00000000 0.00000000 0.00 0.00 0.00 0.09 0.00 -0.03 0.00 -0.01 -0.00 95.17 90.11 89.97 
62.71 0 0.00000000 0.00000000 0.00 0.00 0.00 0.09 0.00 -0.03 0.00 -0.01 0.00 95.04 90.16 90.00 
62.81 0 0.00000000 0.00000000 0.00 0.00 0.00 0.09 0.00 -0.02 0.00 -0.01 -0.00 95.18 90.16 89.99 
62.95 0 0.00000000 0.00000000 0.00 0.00 0.00 0.09 0.00 -0.03 0.00 -0.01 -0.00 95.12 90.18 89.98 
63.08 0 0.00000000 0.00000000 0.00 0.00 0.00 0.09 0.00 -0.03 0.00 -0.01 -0.00 95.15 90.16 89.98 
63.23 0 0.00000000 0.00000000 0.00 0.00 0.00 0.09 0.00 -0.03 0.00 -0.01 -0.00 95.18 90.13 89.96 
63.37 0 0.00000000 0.00000000 0.00 0.00 0.00 0.09 0.00 -0.04 0.00 -0.01 -0.00 95.16 90.15 90.00 
63.47 0 0.00000000 0.00000000 0.00 0.00 0.00 0.09 0.00 -0.02 0.00 -0.01 -0.00 95.19 90.12 89.99 
63.57 0 0.00000000 0.00000000 0.00 0.00 0.00 0.09 0.00 -0.02 0.00 -0.01 -0.00 95.05 90.20 89.98 
63.67 0 0.00000000 0.00000000 0.00 0.00 0.00 0.09 0.00 -0.03 0.00 -0.01 -0.00 95.04 90.23 89.99 
63.77 0 0.00000000 0.00000000 0.00 0.00 0.00 0.09 0.00 -0.04 0.00 -0.01 -0.00 95.08 90.20 90.00 
63.87 0 0.00000000 0.00000000 0.00 0.00 0.00 0.09 0.00 -0.03 0.00 -0.01 -0.00 95.18 90.18 89.97 
63.97 0 0.00000000 0.00000000 0.00 0.00 0.00 0.09 0.00 -0.02 0.00 -0.01 -0.00 95.11 90.14 89.99 
64.07 0 0.00000000 0.00000000 0.00 0.00 0.00 0.09 0.00 -0.02 -0.00 -0.01 0.00 95.00 90.15 90.01 
64.17 0 0.00000000 0.00000000 0.00 0.00 0.00 0.09 0.00 2.56 0.00 -0.01 -0.00 94.96 90.14 89.98 
64.28 0 0.00000000 0.00000000 0.00 0.00 0.00 0.09 0.00 -0.03 0.00 -0.01 -0.00 94.89 90.22 89.99 
64.38 0 0.00000000 0.00000000 0.00 0.00 0.00 0.09 0.00 -0.02 -0.00 -0.01 -0.00 95.07 90.14 89.96 
64.48 0 0.00000000 0.00000000 0.00 0.00 0.00 0.09 0.00 -0.03 0.00 -0.01 -0.00 95.06 90.16 89.98 
64.58 0 0.00000000 0.00000000 0.00 0.00 0.00 0.09 0.00 -0.02 -0.00 -0.02 -0.00 94.96 90.14 89.96 
64.68 0 0.00000000 0.00000000 0.00 0.00 0.00 0.09 0.00 -0.02 -0.04 -0.01 0.00 95.05 90.20 90.00 
64.79 0 0.00000000 0.00000000 0.00 0.00 0.00 0.09 0.00 -0.03 0.00 -0.01 -0.00 94.97 90.20 89.98 
64.89 0 0.00000000 0.00000000 0.00 0.00 0.00 0.09 0.00 -0.03 0.00 -0.01 -0.00 94.87 90.22 89.99 
64.99 0 0.00000000 0.00000000 0.00 0.00 0.00 0.09 0.00 -0.02 0.00 -0.01 -0.00 94.97 90.26 89.96 
65.09 0 0.00000000 0.00000000 0.00 0.00 0.00 0.09 0.00 -0.03 0.01 -0.01 -0.00 95.01 90.25 89.96 
65.19 0 0.00000000 0.00000000 0.00 0.00 0.00 0.09 0.00 -0.02 0.00 -0.01 -0.00 94.98 90.22 89.97 
65.29 0 0.00000000 0.00000000 0.00 0.00 0.00 0.09 0.00 -0.04 0.00 -0.01 -0.00 95.03 90.14 89.98 
65.39 0 0.00000000 0.00000000 0.00 0.00 0.00 0.09 0.00 -0.02 0.01 -0.01 -0.00 94.98 90.09 89.98 
65.49 0 0.00000000 0.00000000 0.00 0.00 0.00 0.09 0.00 -0.02 -0.00 -0.01 -0.00 95.03 90.22 89.98 
65.59 0 0.00000000 0.00000000 0.00 0.00 0.00 0.09 0.00 -0.03 0.00 -0.01 -0.00 94.99 90.15 89.97 
65.69 0 0.00000000 0.00000000 0.00 0.00 0.00 0.09 0.00 -0.02 0.00 -0.01 -0.00 94.96 90.21 89.99 
65.80 0 0.00000000 0.00000000 0.00 0.00 0.00 0.09 0.00 -0.02 0.00 -0.01 -0.00 95.07 90.17 89.95 
65.90 0 0.00000000 0.00000000 0.00 0.00 0.00 0.09 0.00 -0.03 0.00 -0.01 -0.00 95.05 90.16 89.97 
66.00 0 0.00000000 0.00000000 0.00 0.00 0.00 0.09 0.00 -0.02 0.00 -0.01 -0.00 94.90 90.16 89.98 
66.10 0 0.00000000 0.00000000 0.00 0.00 0.00 0.09 0.00 -0.03 0.01 -0.01 -0.00 94.88 90.10 89.95 
66.20 0 0.00000000 0.00000000 0.00 0.00 0.00 0.09 0.00 -0.02 0.00 -0.01 -0.00 94.97 90.15 89.99 
66.30 0 0.00000000 0.00000000 0.00 0.00 0.00 0.09 0.00 -0.02 0.00 -0.01 -0.00 94.99 90.26 89.98 
66.41 0 0.00000000 0.00000000 0.00 0.00 0.00 0.09 0.00 -0.02 0.00 -0.01 -0.00 95.09 90.26 89.97 
66.51 0 0.00000000 0.00000000 0.00 0.00 0.00 0.09 0.00 -0.02 -0.00 -0.02 -0.00 95.01 90.21 89.95 
66.62 0 0.00000000 0.00000000 0.00 0.00 0.00 0.09 0.00 -0.03 0.01 -0.01 -0.00 94.92 90.13 89.98 
66.72 0 0.00000000 0.00000000 0.00 0.00 0.00 0.09 0.00 -0.03 0.01 -0.01 -0.00 94.91 90.08 89.97 
66.82 0 0.00000000 0.00000000 0.00 0.00 0.00 0.09 0.00 -0.03 0.01 -0.01 -0.00 95.02 90.16 89.99 
66.92 0 0.00000000 0.00000000 0.00 0.00 0.00 0.09 0.00 -0.02 -0.00 -0.01 -0.00 95.08 90.12 89.94 
67.02 0 0.00000000 0.00000000 0.00 0.00 0.00 0.09 0.00 -0.03 0.00 -0.01 -0.00 95.06 90.10 89.97 
67.13 0 0.00000000 0.00000000 0.00 0.00 0.00 0.09 0.00 -0.02 0.00 -0.01 0.00 95.04 90.09 90.00 
67.23 0 0.00000000 0.00000000 0.00 0.00 0.00 0.09 0.00 -0.03 0.01 -0.01 -0.00 95.11 90.21 89.98 
67.33 0 0.00000000 0.00000000 0.00 0.00 0.00 0.09 0.00 -0.02 -0.00 -0.01 -0.00 95.06 90.15 89.98 
67.43 0 0.00000000 0.00000000 0.00 0.00 0.00 0.09 0.00 -0.03 0.01 -0.01 -0.00 95.05 90.13 89.96 
67.54 0 0.00000000 0.00000000 0.00 0.00 0.00 0.09 0.00 -0.02 0.00 -0.01 -0.00 95.08 90.11 89.94 
67.64 0 0.00000000 0.00000000 0.00 0.00 0.00 0.09 0.00 -0.02 0.00 -0.02 -0.00 95.06 90.09 90.00 
67.74 0 0.00000000 0.00000000 0.00 0.00 0.00 0.09 0.00 -0.02 0.01 -0.01 -0.00 95.03 90.14 89.97 
67.84 0 0.00000000 0.00000000 0.00 0.00 0.00 0.09 0.00 -0.02 0.00 -0.01 -0.00 94.96 90.14 89.96 
67.95 0 0.00000000 0.00000000 0.00 0.00 0.00 0.09 0.00 -0.03 0.00 -0.01 -0.00 94.94 90.13 89.94 
68.05 0 0.00000000 0.00000000 0.00 0.00 0.00 0.09 0.00 -0.03 0.00 -0.02 -0.00 94.98 90.17 89.99 
68.15 0 0.00000000 0.00000000 0.00 0.00 0.00 0.09 0.00 -0.02 -0.00 -0.01 -0.00 94.92 90.15 89.95 
68.26 0 0.00000000 0.00000000 0.00 0.00 0.00 0.09 0.00 -0.03 0.00 -0.01 -0.00 94.91 90.27 90.00 
68.36 0 0.00000000 0.00000000 0.00 0.00 0.00 0.09 0.00 -0.02 -0.00 -0.01 -0.00 94.96 90.20 89.98 
68.46 0 0.00000000 0.00000000 0.00 0.00 0.00 0.09 0.00 -0.02 0.01 -0.01 -0.00 95.03 90.13 89.97 
68.57 0 0.00000000 0.00000000 0.00 0.00 0.00 0.09 0.00 -0.02 0.01 -0.01 -0.00 95.09 90.08 89.97 
68.67 0 0.00000000 0.00000000 0.00 0.00 0.00 0.09 0.00 -0.02 -0.00 -0.01 -0.00 95.01 90.17 90.04 
68.77 0 0.00000000 0.00000000 0.00 0.00 0.00 0.09 0.00 -0.03 0.00 -0.01 -0.00 95.01 90.21 89.99 
68.88 0 0.00000000 0.00000000 0.00 0.00 0.00 0.09 0.00 -0.02 0.00 -0.01 -0.00 95.09 90.21 89.97 
68.98 0 0.00000000 0.00000000 0.00 0.00 0.00 0.09 0.00 -0.03 0.00 -0.02 0.00 95.18 90.11 90.01 
69.08 0 0.00000000 0.00000000 0.00 0.00 0.00 0.09 0.00 -0.03 0.00 -0.01 -0.00 95.09 90.16 89.99 
69.18 0 0.00000000 0.00000000 0.00 0.00 0.00 0.09 0.00 -0.03 0.01 -0.01 0.00 95.02 90.15 90.01 
69.28 0 0.00000000 0.00000000 0.00 0.00 0.00 0.09 0.00 -0.02 0.00 -0.01 0.00 95.01 90.18 90.02 
69.38 0 0.00000000 0.00000000 0.00 0.00 0.00 0.09 0.00 -0.02 0.00 -0.01 -0.00 94.94 90.10 89.99 
69.49 0 0.00000000 0.00000000 0.00 0.00 0.00 0.09 0.00 -0.03 -0.00 -0.01 -0.00 94.99 90.15 89.97 
69.59 0 0.00000000 0.00000000 0.00 0.00 0.00 0.09 0.00 -0.03 0.00 -0.01 -0.00 95.01 90.22 89.96 
69.69 0 0.00000000 0.00000000 0.00 0.00 0.00 0.09 0.00 -0.03 0.00 -0.01 0.00 95.03 90.11 90.00 
69.79 0 0.00000000 0.00000000 0.00 0.00 0.00 0.09 0.00 -0.03 0.00 -0.01 -0.00 94.95 90.20 89.97 
69.90 0 0.00000000 0.00000000 0.00 0.00 0.00 0.09 0.00 -0.01 0.01 -0.01 -0.00 95.05 90.23 89.97 
70.00 0 0.00000000 0.00000000 0.00 0.00 0.00 0.09 0.00 -0.02 0.00 -0.01 -0.00 95.04 90.15 89.99 
70.10 0 0.00000000 0.00000000 0.00 0.00 0.00 0.09 0.00 -0.02 -0.00 -0.01 -0.00 94.99 90.21 89.99 
70.20 0 0.00000000 0.00000000 0.00 0.00 0.00 0.09 0.00 -0.03 -0.00 -0.01 -0.00 95.07 90.14 89.99 
70.30 0 0.00000000 0.00000000 0.00 0.00 0.00 0.09 0.00 -0.03 0.00 -0.01 -0.00 95.09 90.15 89.96 
70.41 0 0.00000000 0.00000000 0.00 0.00 0.00 0.09 0.00 -0.03 0.00 -0.01 -0.00 95.02 90.17 90.00 
70.51 0 0.00000000 0.00000000 0.00 0.00 0.00 0.09 0.00 -0.02 0.01 -0.01 -0.00 95.04 90.22 89.96 
70.61 0 0.00000000 0.00000000 0.00 0.00 0.00 0.09 0.00 -0.03 0.00 -0.01 -0.00 95.09 90.11 89.98 
70.72 0 0.00000000 0.00000000 0.00 0.00 0.00 0.09 0.00 -0.03 0.01 -0.01 -0.00 95.09 90.09 89.95 
70.82 0 0.00000000 0.00000000 0.00 0.00 0.00 0.09 0.00 -0.02 0.01 -0.01 -0.00 94.99 90.22 89.97 
70.92 0 0.00000000 0.00000000 0.00 0.00 0.00 0.09 0.01 -0.02 0.01 -0.01 -0.00 94.96 90.32 89.97 
71.02 0 0.00000000 0.00000000 0.00 0.00 0.00 0.09 0.00 -0.01 0.00 -0.02 -0.00 95.05 90.20 89.98 
71.12 0 0.00000000 0.00000000 0.00 0.00 0.00 0.09 0.00 -0.02 0.00 -0.01 -0.00 94.90 90.20 89.97 
71.23 0 0.00000000 0.00000000 0.00 0.00 0.00 0.09 0.00 -0.02 0.01 -0.01 -0.00 94.92 90.21 89.99 
71.33 0 0.00000000 0.00000000 0.00 0.00 0.00 0.09 0.00 -0.02 0.00 -0.01 -0.00 95.05 90.21 89.97 
71.43 0 0.00000000 0.00000000 0.00 0.00 0.00 0.09 0.00 -0.02 0.00 -0.01 -0.00 95.01 90.15 89.96 
71.53 0 0.00000000 0.00000000 0.00 0.00 0.00 0.09 0.00 -0.02 0.00 -0.01 -0.00 95.08 90.05 89.98 
71.64 0 0.00000000 0.00000000 0.00 0.00 0.00 0.09 0.00 -0.03 0.00 -0.02 -0.00 95.08 90.18 89.99 
71.74 0 0.00000000 0.00000000 0.00 0.00 0.00 0.09 0.00 -0.02 0.00 -0.01 -0.00 95.07 90.21 90.01 
71.84 0 0.00000000 0.00000000 0.00 0.00 0.00 0.09 0.01 -0.02 0.00 -0.01 -0.00 95.05 90.31 89.96 
71.94 0 0.00000000 0.00000000 0.00 0.00 0.00 0.09 0.00 -0.03 0.01 -0.01 0.00 95.08 90.26 90.01 
72.05 0 0.00000000 0.00000000 0.00 0.00 0.00 0.09 0.00 -0.02 -0.00 -0.01 -0.00 95.02 90.23 89.98 
72.15 0 0.00000000 0.00000000 0.00 0.00 0.00 0.09 0.00 -0.02 -0.00 -0.01 -0.00 95.16 90.17 89.96 
72.25 0 0.00000000 0.00000000 0.00 0.00 0.00 0.09 0.00 -0.03 -0.00 -0.01 -0.00 95.12 90.11 89.99 
72.35 0 0.00000000 0.00000000 0.00 0.00 0.00 0.09 0.00 -0.02 0.00 -0.01 -0.00 95.05 90.11 89.97 
72.46 0 0.00000000 0.00000000 0.00 0.00 0.00 0.09 0.00 -0.02 0.00 -0.01 -0.00 95.01 90.24 90.00 
72.56 0 0.00000000 0.00000000 0.00 0.00 0.00 0.09 0.00 -0.03 0.00 -0.01 -0.00 95.04 90.13 89.98 
72.66 0 0.00000000 0.00000000 0.00 0.00 0.00 0.09 0.00 -0.02 0.01 -0.01 -0.00 94.97 90.09 89.98 
72.77 0 0.00000000 0.00000000 0.00 0.00 0.00 0.09 0.00 -0.03 0.00 -0.01 0.00 95.01 90.18 89.95 
72.87 0 0.00000000 0.00000000 0.00 0.00 0.00 0.09 0.00 -0.03 0.00 -0.01 0.00 95.07 90.16 90.00 
72.97 0 0.00000000 0.00000000 0.00 0.00 0.00 0.09 0.00 -0.03 0.01 -0.01 -0.00 95.07 90.16 89.96 
73.07 0 0.00000000 0.00000000 0.00 0.00 0.00 0.09 0.00 -0.02 -0.00 -0.01 -0.00 94.97 90.19 89.99 
73.17 0 0.00000000 0.00000000 0.00 0.00 0.00 0.09 0.00 -0.02 0.00 -0.01 -0.00 95.02 90.24 89.97 
73.28 0 0.00000000 0.00000000 0.00 0.00 0.00 0.09 0.00 -0.02 0.00 -0.01 -0.00 95.03 90.18 89.98 
73.38 0 0.00000000 0.00000000 0.00 0.00 0.00 0.09 0.00 -0.02 0.01 -0.01 -0.00 94.98 90.16 89.99 
73.48 0 0.00000000 0.00000000 0.00 0.00 0.00 0.09 0.00 -0.03 0.00 -0.01 -0.00 95.03 90.17 89.93 
73.58 0 0.00000000 0.00000000 0.00 0.00 0.00 0.09 0.01 -0.02 0.01 -0.01 -0.00 95.08 90.32 89.97 
73.69 0 0.00000000 0.00000000 0.00 0.00 0.00 0.09 0.00 -0.02 -0.00 -0.01 -0.00 95.06 90.26 89.95 
73.79 0 0.00000000 0.00000000 0.00 0.00 0.00 0.09 0.00 -0.02 0.00 -0.01 -0.00 95.04 90.27 90.00 
73.89 0 0.00000000 0.00000000 0.00 0.00 0.00 0.09 0.00 -0.03 0.00 -0.02 -0.00 95.18 90.28 89.96 
73.99 0 0.00000000 0.00000000 0.00 0.00 0.00 0.09 0.00 -0.03 0.00 -0.01 -0.00 94.95 90.18 89.99 
74.10 0 0.00000000 0.00000000 0.00 0.00 0.00 0.09 0.00 -0.02 0.00 -0.01 0.00 95.06 90.16 90.00 
74.20 0 0.00000000 0.00000000 0.00 0.00 0.00 0.09 0.00 -0.02 0.01 -0.01 0.00 95.07 90.11 90.01 
74.30 0 0.00000000 0.00000000 0.00 0.00 0.00 0.09 0.00 -0.03 0.00 -0.01 -0.00 95.10 90.11 89.98 
74.40 0 0.00000000 0.00000000 0.00 0.00 0.00 0.09 0.00 -0.03 0.00 -0.01 -0.00 95.22 90.28 89.97 
74.50 0 0.00000000 0.00000000 0.00 0.00 0.00 0.09 0.00 -0.02 0.00 -0.01 -0.00 95.12 90.23 89.96 
74.60 0 0.00000000 0.00000000 0.00 0.00 0.00 0.09 0.00 -0.02 0.01 -0.02 -0.00 95.14 90.22 89.96 
74.70 0 0.00000000 0.00000000 0.00 0.00 0.00 0.09 0.00 -0.02 0.00 -0.01 -0.00 95.00 90.24 90.00 
74.80 0 0.00000000 0.00000000 0.00 0.00 0.00 0.09 0.00 -0.02 0.00 -0.01 0.00 95.00 90.17 90.02 
74.91 0 0.00000000 0.00000000 0.00 0.00 0.00 0.09 0.00 -0.02 0.00 -0.01 0.00 95.10 90.20 90.00 
75.01 0 0.00000000 0.00000000 0.00 0.00 0.00 0.09 0.00 -0.02 0.00 -0.01 -0.00 95.13 90.20 89.96 
75.11 0 0.00000000 0.00000000 0.00 0.00 0.00 0.09 0.00 -0.02 0.01 -0.00 -0.00 94.99 90.20 89.99 
75.21 0 0.00000000 0.00000000 0.00 0.00 0.00 0.09 0.00 -0.03 0.00 -0.01 0.00 95.04 90.23 90.03 
75.31 0 0.00000000 0.00000000 0.00 0.00 0.00 0.09 0.00 -0.01 0.01 -0.01 -0.00 94.98 90.18 90.00 
75.42 0 0.00000000 0.00000000 0.00 0.00 0.00 0.09 0.00 -0.03 0.00 -0.01 0.00 94.95 90.21 89.98 
75.52 0 0.00000000 0.00000000 0.00 0.00 0.00 0.09 0.00 -0.03 -0.00 -0.01 0.00 95.04 90.14 90.00 
75.62 0 0.00000000 0.00000000 0.00 0.00 0.00 0.09 0.00 -0.03 0.00 -0.01 -0.00 94.99 90.09 89.98 
75.72 0 0.00000000 0.00000000 0.00 0.00 0.00 0.09 0.00 -0.02 0.00 -0.01 -0.00 95.10 90.20 89.97 
75.83 0 0.00000000 0.00000000 0.00 0.00 0.00 0.09 0.00 -0.03 0.01 -0.01 -0.00 94.95 90.09 89.98 
75.93 0 0.00000000 0.00000000 0.00 0.00 0.00 0.09 0.00 -0.02 0.01 -0.01 -0.00 95.07 90.04 89.98 
76.03 0 0.00000000 0.00000000 0.00 0.00 0.00 0.09 0.00 -0.03 0.00 -0.01 -0.00 95.02 90.09 89.99 
76.14 0 0.00000000 0.00000000 0.00 0.00 0.00 0.09 0.00 -0.03 0.00 -0.01 -0.00 95.13 90.12 89.99 
76.24 0 0.00000000 0.00000000 0.00 0.00 0.00 0.09 0.00 -0.04 0.00 -0.01 -0.00 95.07 90.08 89.99 
76.34 0 0.00000000 0.00000000 0.00 0.00 0.00 0.09 0.00 -0.02 0.00 -0.01 0.00 95.16 90.13 90.00 
76.44 0 0.00000000 0.00000000 0.00 0.00 0.00 0.09 0.00 -0.04 0.00 -0.01 -0.00 95.14 90.20 90.01 
76.54 0 0.00000000 0.00000000 0.00 0.00 0.00 0.09 0.00 -0.02 0.00 -0.02 -0.00 95.10 90.16 90.00 
76.65 0 0.00000000 0.00000000 0.00 0.00 0.00 0.09 0.00 -0.04 0.00 -0.02 -0.00 95.12 90.20 89.96 
76.75 0 0.00000000 0.00000000 0.00 0.00 0.00 0.09 0.00 -0.01 0.01 -0.01 -0.00 95.04 90.26 89.99 
76.85 0 0.00000000 0.00000000 0.00 0.00 0.00 0.09 0.00 -0.01 0.01 -0.01 -0.00 94.89 90.24 89.97 
76.95 0 0.00000000 0.00000000 0.00 0.00 0.00 0.09 0.00 -0.03 0.01 -0.01 -0.00 95.00 90.11 89.98 
77.06 0 0.00000000 0.00000000 0.00 0.00 0.00 0.09 0.00 -0.02 0.01 -0.01 0.00 94.91 90.07 89.99 
77.16 0 0.00000000 0.00000000 0.00 0.00 0.00 0.09 0.00 -0.04 -0.00 -0.01 -0.00 95.01 90.12 89.99 
77.26 0 0.00000000 0.00000000 0.00 0.00 0.00 0.09 0.00 -0.02 0.00 -0.01 -0.00 94.95 90.21 90.00 
77.36 0 0.00000000 0.00000000 0.00 0.00 0.00 0.09 0.00 -0.03 0.00 -0.01 -0.00 94.95 90.15 89.99 
77.47 0 0.00000000 0.00000000 0.00 0.00 0.00 0.09 0.00 -0.04 -0.00 -0.00 -0.00 94.98 90.11 89.98 
77.57 0 0.00000000 0.00000000 0.00 0.00 0.00 0.09 0.00 -0.03 0.01 -0.01 0.00 95.08 90.07 90.01 
77.67 0 0.00000000 0.00000000 0.00 0.00 0.00 0.09 0.00 -0.03 0.00 -0.01 -0.00 95.04 90.15 89.96 
77.77 0 0.00000000 0.00000000 0.00 0.00 0.00 0.09 0.00 -0.02 -0.00 -0.01 -0.00 95.07 90.15 89.98 
77.88 0 0.00000000 0.00000000 0.00 0.00 0.00 0.09 0.00 -0.02 0.00 -0.01 -0.00 95.08 90.17 89.98 
77.98 0 0.00000000 0.00000000 0.00 0.00 0.00 0.09 0.00 -0.02 0.00 -0.02 -0.00 95.11 90.26 89.96 
78.08 0 0.00000000 0.00000000 0.00 0.00 0.00 0.09 0.00 -0.03 0.01 -0.01 -0.00 95.04 90.25 89.99 
78.18 0 0.00000000 0.00000000 0.00 0.00 0.00 0.09 0.00 -0.01 0.00 -0.01 0.00 95.05 90.17 90.00 
78.29 0 0.00000000 0.00000000 0.00 0.00 0.00 0.09 0.00 -0.03 0.01 -0.01 -0.00 94.94 90.09 90.02 
78.39 0 0.00000000 0.00000000 0.00 0.00 0.00 0.09 0.00 -0.03 0.00 -0.01 -0.00 95.08 90.14 89.98 
78.49 0 0.00000000 0.00000000 0.00 0.00 0.00 0.09 0.00 -0.03 0.00 -0.01 -0.00 95.02 90.20 89.99 
78.59 0 0.00000000 0.00000000 0.00 0.00 0.00 0.09 0.00 -0.03 0.01 -0.01 0.00 95.09 90.19 90.02 
78.70 0 0.00000000 0.00000000 0.00 0.00 0.00 0.09 0.00 -0.02 0.00 -0.01 -0.00 95.08 90.22 89.99 
78.80 0 0.00000000 0.00000000 0.00 0.00 0.00 0.09 0.00 -0.02 -0.00 -0.01 -0.00 94.94 90.08 89.99 
78.90 0 0.00000000 0.00000000 0.00 0.00 0.00 0.09 0.00 -0.03 0.01 -0.01 0.00 95.12 90.10 90.00 
79.01 0 0.00000000 0.00000000 0.00 0.00 0.00 0.09 0.00 -0.03 0.01 -0.01 -0.00 95.06 90.12 89.98 
79.11 0 0.00000000 0.00000000 0.00 0.00 0.00 0.09 0.00 -0.03 0.00 -0.01 -0.00 95.05 90.16 89.99 
79.21 0 0.00000000 0.00000000 0.00 0.00 0.00 0.09 0.00 -0.03 0.00 -0.01 -0.00 95.04 90.16 89.96 
79.31 0 0.00000000 0.00000000 0.00 0.00 0.00 0.09 0.00 -0.03 0.00 -0.01 -0.00 94.99 90.10 89.99 
79.41 0 0.00000000 0.00000000 0.00 0.00 0.00 0.09 0.00 -0.02 0.00 -0.01 -0.00 95.04 90.23 89.96 
79.51 0 0.00000000 0.00000000 0.00 0.00 0.00 0.09 0.00 -0.03 0.00 -0.01 0.00 95.11 90.14 90.01 
79.62 0 0.00000000 0.00000000 0.00 0.00 0.00 0.09 0.00 -0.02 0.00 -0.01 -0.00 95.06 90.16 89.97 
79.72 0 0.00000000 0.00000000 0.00 0.00 0.00 0.09 0.00 -0.02 0.00 -0.01 -0.00 95.07 90.17 89.96 
79.82 0 0.00000000 0.00000000 0.00 0.00 0.00 0.09 0.00 -0.02 0.00 -0.02 -0.00 95.05 90.20 90.02 
79.93 0 0.00000000 0.00000000 0.00 0.00 0.00 0.09 0.00 -0.02 0.00 -0.01 -0.00 95.03 90.13 89.99 
80.03 0 0.00000000 0.00000000 0.00 0.00 0.00 0.09 0.00 -0.02 0.00 -0.01 0.00 94.99 90.07 89.97 
80.13 0 0.00000000 0.00000000 0.00 0.00 0.00 0.09 0.00 -0.03 0.00 -0.02 -0.00 95.12 90.18 89.99 
80.24 0 0.00000000 0.00000000 0.00 0.00 0.00 0.09 0.00 -0.02 0.00 -0.01 -0.00 95.05 90.16 89.98 
80.37 0 0.00000000 0.00000000 0.00 0.00 0.00 0.09 0.00 -0.02 0.00 -0.01 -0.00 95.01 90.17 89.98 
80.51 0 0.00000000 0.00000000 0.00 0.00 0.00 0.09 0.00 -0.04 0.00 -0.01 -0.00 95.05 90.15 89.97 
80.66 0 0.00000000 0.00000000 0.00 0.00 0.00 0.09 0.00 -0.03 0.00 -0.02 -0.00 94.95 90.13 89.98 
80.79 0 0.00000000 0.00000000 0.00 0.00 0.00 0.09 0.00 -0.02 -0.00 -0.02 0.01 95.17 90.14 90.17 
80.90 0 0.00000000 0.00000000 0.00 0.00 0.00 0.09 -0.00 -0.02 -0.08 0.06 0.00 95.20 89.93 90.04 
81.00 0 0.00000000 0.00000000 0.00 0.00 0.00 0.05 0.02 0.02 -0.02 0.00 0.01 94.94 91.16 90.26 
81.10 0 0.00000000 0.00000000 0.00 0.00 0.00 0.10 0.01 0.01 -0.03 -0.05 0.08 95.54 90.76 91.01 
81.21 0 0.00000000 0.00000000 0.00 0.00 0.00 0.06 -0.00 0.00 -0.04 0.04 0.01 93.72 89.83 90.26 
81.31 0 0.00000000 0.00000000 0.00 0.00 0.00 0.08 -0.00 -0.00 -0.01 0.02 -0.02 94.36 89.38 89.90 
