2.09 0 0.00000000 0.00000000 0.00 0.00 0.00 0.09 0.03 -0.06 0.01 -0.01 0.00 94.44 91.61 90.02 
2.30 0 0.00000000 0.00000000 0.00 0.00 0.00 0.09 0.03 -0.04 0.01 -0.01 0.00 95.24 91.86 90.01 
2.40 0 0.00000000 0.00000000 0.00 0.00 0.00 0.11 0.04 -0.01 0.01 -0.01 0.00 96.23 92.34 90.02 
2.50 0 0.00000000 0.00000000 0.00 0.00 0.00 0.11 0.04 0.00 0.01 -0.01 0.00 96.48 92.38 90.01 
2.60 0 0.00000000 0.00000000 0.00 0.00 0.00 0.11 0.04 -0.01 0.01 -0.01 0.00 96.57 92.48 90.01 
2.70 0 0.00000000 0.00000000 0.00 0.00 0.00 0.11 0.04 0.01 0.01 -0.01 -0.00 96.53 92.42 89.98 
2.80 0 0.00000000 0.00000000 0.00 0.00 0.00 0.12 0.04 0.01 0.01 -0.01 0.00 96.66 92.44 90.01 
2.93 0 0.00000000 0.00000000 0.00 0.00 0.00 0.11 0.04 0.00 0.01 -0.01 0.00 96.48 92.44 90.03 
3.08 0 0.00000000 0.00000000 0.00 0.00 0.00 0.11 0.04 -0.01 0.01 -0.01 0.00 96.51 92.46 90.01 
3.21 0 0.00000000 0.00000000 0.00 0.00 0.00 0.11 0.04 -0.02 0.01 -0.01 -0.00 96.45 92.45 89.98 
3.35 0 0.00000000 0.00000000 0.00 0.00 0.00 0.11 0.04 -0.02 0.01 -0.01 0.00 96.55 92.44 90.01 
3.45 0 0.00000000 0.00000000 0.00 0.00 0.00 0.12 0.04 0.00 0.01 -0.01 0.00 96.60 92.44 90.04 
3.55 0 0.00000000 0.00000000 0.00 0.00 0.00 0.12 0.04 -0.00 0.01 -0.01 0.00 96.69 92.41 90.01 
3.65 0 0.00000000 0.00000000 0.00 0.00 0.00 0.11 0.04 -0.01 0.00 -0.01 0.00 96.56 92.50 90.02 
3.76 0 0.00000000 0.00000000 0.00 0.00 0.00 0.12 0.04 -0.00 0.01 -0.01 -0.00 96.62 92.48 89.99 
3.86 0 0.00000000 0.00000000 0.00 0.00 0.00 0.11 0.04 -0.01 0.00 -0.01 0.00 96.57 92.48 90.04 
3.96 0 0.00000000 0.00000000 0.00 0.00 0.00 0.12 0.04 -0.01 0.01 -0.00 0.00 96.63 92.51 90.01 
4.06 0 0.00000000 0.00000000 0.00 0.00 0.00 0.12 0.05 0.01 0.01 -0.01 0.00 96.62 92.63 90.02 
4.16 0 0.00000000 0.00000000 0.00 0.00 0.00 0.11 0.04 -0.02 0.01 -0.01 0.00 96.59 92.53 90.02 
4.26 0 0.00000000 0.00000000 0.00 0.00 0.00 0.11 0.04 0.01 0.01 -0.01 -0.00 96.59 92.51 89.98 
4.36 0 0.00000000 0.00000000 0.00 0.00 0.00 0.12 0.04 -0.02 0.01 -0.01 0.00 96.67 92.42 90.02 
4.46 0 0.00000000 0.00000000 0.00 0.00 0.00 0.12 0.04 -0.01 0.01 -0.01 0.00 96.67 92.52 90.00 
4.56 0 0.00000000 0.00000000 0.00 0.00 0.00 0.12 0.04 -0.00 0.01 -0.01 -0.00 96.70 92.54 89.99 
4.66 0 0.00000000 0.00000000 0.00 0.00 0.00 0.12 0.04 0.01 0.00 -0.01 0.00 96.77 92.51 90.03 
4.76 0 0.00000000 0.00000000 0.00 0.00 0.00 0.11 0.04 0.01 0.01 -0.01 0.00 96.56 92.53 90.02 
4.86 0 0.00000000 0.00000000 0.00 0.00 0.00 0.11 0.04 -0.02 0.00 -0.01 0.00 96.51 92.51 90.02 
4.96 0 0.00000000 0.00000000 0.00 0.00 0.00 0.11 0.04 -0.02 0.01 -0.01 0.00 96.53 92.46 90.02 
5.07 0 0.00000000 0.00000000 0.00 0.00 0.00 0.12 0.04 0.00 0.01 -0.01 0.00 96.61 92.53 90.00 
5.17 0 0.00000000 0.00000000 0.00 0.00 0.00 0.12 0.04 -0.01 0.01 -0.01 0.00 96.65 92.53 90.02 
5.27 0 0.00000000 0.00000000 0.00 0.00 0.00 0.12 0.04 -0.17 0.01 -0.01 0.00 96.62 92.56 90.03 
5.37 0 0.00000000 0.00000000 0.00 0.00 0.00 0.12 0.04 -0.01 0.01 -0.01 0.00 96.65 92.40 90.01 
5.47 0 0.00000000 0.00000000 0.00 0.00 0.00 0.12 0.04 0.02 0.01 -0.01 0.00 96.70 92.36 90.02 
5.57 0 0.00000000 0.00000000 0.00 0.00 0.00 0.12 0.04 0.01 0.01 -0.01 -0.00 96.73 92.44 89.99 
5.67 0 0.00000000 0.00000000 0.00 0.00 0.00 0.11 0.04 0.01 0.01 -0.01 0.00 96.57 92.50 90.02 
5.77 0 0.00000000 0.00000000 0.00 0.00 0.00 0.12 0.04 -0.01 0.00 -0.02 0.00 96.66 92.47 90.02 
5.87 0 0.00000000 0.00000000 0.00 0.00 0.00 0.11 0.04 -0.01 0.01 -0.01 0.00 96.47 92.38 90.03 
5.97 0 0.00000000 0.00000000 0.00 0.00 0.00 0.11 0.04 -0.01 0.01 -0.01 0.00 96.54 92.44 90.02 
6.07 0 0.00000000 0.00000000 0.00 0.00 0.00 0.11 0.05 0.00 0.01 -0.01 -0.00 96.40 92.66 89.99 
6.18 0 0.00000000 0.00000000 0.00 0.00 0.00 0.12 0.04 0.02 0.01 -0.01 0.00 96.45 92.35 90.00 
6.28 0 0.00000000 0.00000000 0.00 0.00 0.00 0.11 0.04 0.02 0.01 -0.01 0.00 96.56 92.32 90.00 
6.38 0 0.00000000 0.00000000 0.00 0.00 0.00 0.11 0.04 0.02 0.01 -0.01 0.00 96.52 92.45 90.00 
6.48 0 0.00000000 0.00000000 0.00 0.00 0.00 0.11 0.04 0.01 0.01 -0.01 0.00 96.57 92.34 90.02 
6.58 0 0.00000000 0.00000000 0.00 0.00 0.00 0.11 0.04 0.02 0.00 -0.01 0.00 96.57 92.52 90.00 
6.68 0 0.00000000 0.00000000 0.00 0.00 0.00 0.11 0.04 0.01 0.01 -0.01 0.00 96.57 92.50 90.00 
6.78 0 0.00000000 0.00000000 0.00 0.00 0.00 0.11 0.04 0.01 0.01 -0.01 0.00 96.54 92.46 90.02 
6.88 0 0.00000000 0.00000000 0.00 0.00 0.00 0.11 0.04 0.03 0.01 -0.01 0.00 96.46 92.48 90.04 
6.98 0 0.00000000 0.00000000 0.00 0.00 0.00 0.11 0.04 0.03 0.01 -0.01 -0.00 96.58 92.45 90.00 
7.08 0 0.00000000 0.00000000 0.00 0.00 0.00 0.11 0.04 -0.00 0.01 -0.01 0.00 96.49 92.50 90.02 
7.18 0 0.00000000 0.00000000 0.00 0.00 0.00 0.11 0.04 0.02 0.01 -0.01 -0.00 96.50 92.44 90.00 
7.28 0 0.00000000 0.00000000 0.00 0.00 0.00 0.12 0.04 0.03 0.01 -0.02 -0.00 96.62 92.46 89.97 
7.39 0 0.00000000 0.00000000 0.00 0.00 0.00 0.11 0.05 0.00 0.01 -0.01 -0.00 96.51 92.73 89.99 
7.49 0 0.00000000 0.00000000 0.00 0.00 0.00 0.11 0.04 0.03 0.01 -0.01 0.00 96.51 92.57 90.01 
7.59 0 0.00000000 0.00000000 0.00 0.00 0.00 0.11 0.05 0.02 0.01 -0.01 0.00 96.37 92.67 90.01 
7.69 0 0.00000000 0.00000000 0.00 0.00 0.00 0.11 0.05 0.02 0.01 -0.01 0.00 96.56 92.65 90.01 
7.79 0 0.00000000 0.00000000 0.00 0.00 0.00 0.12 0.04 0.02 0.01 -0.01 0.00 96.66 92.51 90.00 
7.89 0 0.00000000 0.00000000 0.00 0.00 0.00 0.11 0.05 0.03 0.01 -0.01 0.00 96.59 92.60 90.02 
7.99 0 0.00000000 0.00000000 0.00 0.00 0.00 0.12 0.04 0.03 0.01 -0.01 0.00 96.62 92.48 90.00 
8.10 0 0.00000000 0.00000000 0.00 0.00 0.00 0.11 0.04 0.01 0.01 -0.01 0.00 96.61 92.52 89.99 
8.20 0 0.00000000 0.00000000 0.00 0.00 0.00 0.12 0.04 0.02 0.01 -0.01 0.00 96.66 92.39 90.01 
8.30 0 0.00000000 0.00000000 0.00 0.00 0.00 0.12 0.04 0.03 0.01 -0.01 0.00 96.63 92.40 90.04 
8.40 0 0.00000000 0.00000000 0.00 0.00 0.00 0.12 0.04 0.04 0.01 -0.01 0.00 96.67 92.44 90.00 
8.51 0 0.00000000 0.00000000 0.00 0.00 0.00 0.12 0.04 -0.16 0.00 -0.02 0.00 96.69 92.45 90.03 
8.61 0 0.00000000 0.00000000 0.00 0.00 0.00 0.12 0.04 0.04 -0.00 -0.01 0.00 96.70 92.39 90.02 
8.71 0 0.00000000 0.00000000 0.00 0.00 0.00 0.12 0.04 0.03 0.01 -0.01 0.00 96.68 92.46 90.02 
8.81 0 0.00000000 0.00000000 0.00 0.00 0.00 0.12 0.04 0.03 0.01 -0.01 0.00 96.63 92.50 90.03 
8.91 0 0.00000000 0.00000000 0.00 0.00 0.00 0.12 0.04 0.02 0.01 -0.00 0.00 96.59 92.46 90.01 
9.01 0 0.00000000 0.00000000 0.00 0.00 0.00 0.11 0.04 0.03 0.01 -0.01 0.00 96.53 92.54 90.02 
9.12 0 0.00000000 0.00000000 0.00 0.00 0.00 0.12 0.04 0.02 0.02 -0.01 0.00 96.59 92.59 90.01 
9.22 0 0.00000000 0.00000000 0.00 0.00 0.00 0.12 0.04 0.04 0.00 -0.01 -0.00 96.62 92.36 89.99 
9.32 0 0.00000000 0.00000000 0.00 0.00 0.00 0.12 0.04 0.04 0.00 -0.01 -0.00 96.61 92.49 89.99 
9.42 0 0.00000000 0.00000000 0.00 0.00 0.00 0.12 0.04 0.03 0.01 -0.02 0.00 96.63 92.49 90.00 
9.52 0 0.00000000 0.00000000 0.00 0.00 0.00 0.11 0.05 0.01 0.01 -0.01 0.00 96.56 92.58 90.02 
9.63 0 0.00000000 0.00000000 0.00 0.00 0.00 0.11 0.04 0.02 0.01 -0.01 0.00 96.59 92.49 90.04 
9.73 0 0.00000000 0.00000000 0.00 0.00 0.00 0.12 0.04 0.02 0.01 -0.01 0.00 96.60 92.46 90.01 
9.83 0 0.00000000 0.00000000 0.00 0.00 0.00 0.11 0.04 0.03 0.01 -0.01 0.00 96.53 92.51 90.02 
9.94 0 0.00000000 0.00000000 0.00 0.00 0.00 0.12 0.05 0.04 0.01 -0.01 -0.00 96.60 92.57 90.00 
10.04 0 0.00000000 0.00000000 0.00 0.00 0.00 0.12 0.04 0.02 0.01 -0.01 -0.00 96.61 92.55 90.00 
10.14 0 0.00000000 0.00000000 0.00 0.00 0.00 0.12 0.04 0.02 0.01 -0.01 0.00 96.59 92.57 90.00 
10.24 0 0.00000000 0.00000000 0.00 0.00 0.00 0.11 0.04 0.03 0.01 -0.01 0.00 96.53 92.54 90.01 
10.35 0 0.00000000 0.00000000 0.00 0.00 0.00 0.12 0.04 0.04 0.01 -0.01 0.00 96.66 92.55 90.03 
10.45 0 0.00000000 0.00000000 0.00 0.00 0.00 0.11 0.04 0.01 0.00 -0.01 0.00 96.48 92.55 90.03 
10.55 0 0.00000000 0.00000000 0.00 0.00 0.00 0.11 0.04 0.05 0.00 -0.01 0.00 96.52 92.45 90.01 
10.65 0 0.00000000 0.00000000 0.00 0.00 0.00 0.11 0.04 0.04 0.01 -0.01 0.00 96.58 92.40 90.01 
10.75 0 0.00000000 0.00000000 0.00 0.00 0.00 0.11 0.04 0.01 0.00 -0.02 0.00 96.44 92.44 90.02 
10.86 0 0.00000000 0.00000000 0.00 0.00 0.00 0.11 0.05 0.03 0.00 -0.01 -0.00 96.59 92.60 89.99 
10.96 0 0.00000000 0.00000000 0.00 0.00 0.00 0.12 0.04 0.01 0.01 -0.00 -0.00 96.61 92.55 90.00 
11.06 0 0.00000000 0.00000000 0.00 0.00 0.00 0.12 0.04 0.03 0.01 -0.01 0.00 96.64 92.51 90.01 
11.16 0 0.00000000 0.00000000 0.00 0.00 0.00 0.11 0.04 0.03 0.01 -0.01 0.00 96.62 92.48 90.00 
11.27 0 0.00000000 0.00000000 0.00 0.00 0.00 0.11 0.04 0.05 0.01 -0.01 -0.00 96.48 92.51 90.00 
11.37 0 0.00000000 0.00000000 0.00 0.00 0.00 0.11 0.05 0.03 0.01 -0.01 0.00 96.58 92.59 90.02 
11.47 0 0.00000000 0.00000000 0.00 0.00 0.00 0.11 0.05 0.02 0.00 -0.01 0.00 96.54 92.66 90.01 
11.57 0 0.00000000 0.00000000 0.00 0.00 0.00 0.11 0.05 0.03 0.01 -0.01 -0.00 96.59 92.60 89.97 
11.67 0 0.00000000 0.00000000 0.00 0.00 0.00 0.11 0.04 0.01 0.01 -0.01 -0.00 96.58 92.48 90.00 
11.77 0 0.00000000 0.00000000 0.00 0.00 0.00 0.12 0.04 0.04 0.01 -0.01 0.00 96.71 92.46 90.00 
11.87 0 0.00000000 0.00000000 0.00 0.00 0.00 0.12 0.04 0.04 0.01 -0.01 -0.00 96.69 92.42 89.98 
11.98 0 0.00000000 0.00000000 0.00 0.00 0.00 0.12 0.04 0.02 0.01 -0.01 -0.00 96.63 92.54 89.98 
12.08 0 0.00000000 0.00000000 0.00 0.00 0.00 0.12 0.04 0.04 0.01 -0.01 0.00 96.65 92.47 90.01 
12.18 0 0.00000000 0.00000000 0.00 0.00 0.00 0.12 0.04 0.03 0.01 -0.01 0.00 96.60 92.42 89.99 
12.28 0 0.00000000 0.00000000 0.00 0.00 0.00 0.11 0.04 0.03 0.01 -0.01 -0.00 96.58 92.55 89.98 
12.38 0 0.00000000 0.00000000 0.00 0.00 0.00 0.12 0.04 0.03 0.01 -0.01 0.00 96.68 92.41 90.00 
12.48 0 0.00000000 0.00000000 0.00 0.00 0.00 0.11 0.04 0.03 0.01 -0.01 -0.00 96.56 92.49 89.99 
12.59 0 0.00000000 0.00000000 0.00 0.00 0.00 0.12 0.04 0.02 0.00 -0.01 0.00 96.67 92.45 90.02 
12.69 0 0.00000000 0.00000000 0.00 0.00 0.00 0.12 0.04 0.02 0.01 -0.01 0.00 96.61 92.50 90.04 
12.79 0 0.00000000 0.00000000 0.00 0.00 0.00 0.11 0.04 0.02 0.00 -0.01 0.00 96.41 92.41 90.01 
12.89 0 0.00000000 0.00000000 0.00 0.00 0.00 0.11 0.04 0.04 0.01 -0.01 -0.00 96.44 92.50 90.00 
12.99 0 0.00000000 0.00000000 0.00 0.00 0.00 0.11 0.04 0.02 0.00 -0.01 -0.00 96.47 92.51 90.00 
13.09 0 0.00000000 0.00000000 0.00 0.00 0.00 0.12 0.04 0.02 0.02 -0.01 -0.00 96.61 92.38 89.99 
13.19 0 0.00000000 0.00000000 0.00 0.00 0.00 0.11 0.04 0.03 0.01 -0.01 -0.00 96.58 92.51 89.97 
13.30 0 0.00000000 0.00000000 0.00 0.00 0.00 0.11 0.04 0.02 0.01 -0.01 0.00 96.43 92.48 90.04 
13.40 0 0.00000000 0.00000000 0.00 0.00 0.00 0.11 0.04 0.01 0.01 -0.01 0.00 96.58 92.50 90.02 
13.50 0 0.00000000 0.00000000 0.00 0.00 0.00 0.12 0.05 0.03 0.01 -0.02 0.00 96.69 92.58 90.03 
13.60 0 0.00000000 0.00000000 0.00 0.00 0.00 0.11 0.04 0.02 0.01 -0.01 0.00 96.53 92.53 90.02 
13.70 0 0.00000000 0.00000000 0.00 0.00 0.00 0.11 0.04 0.03 0.00 -0.01 0.00 96.58 92.45 90.01 
13.80 0 0.00000000 0.00000000 0.00 0.00 0.00 0.12 0.04 0.02 0.01 -0.01 0.00 96.72 92.43 90.03 
13.90 0 0.00000000 0.00000000 0.00 0.00 0.00 0.12 0.04 0.03 0.00 -0.01 0.00 96.65 92.47 90.03 
14.00 0 0.00000000 0.00000000 0.00 0.00 0.00 0.12 0.04 0.02 0.01 -0.01 -0.00 96.74 92.43 89.99 
14.11 0 0.00000000 0.00000000 0.00 0.00 0.00 0.12 0.04 0.03 0.01 -0.01 0.00 96.66 92.40 90.01 
14.21 0 0.00000000 0.00000000 0.00 0.00 0.00 0.12 0.04 0.02 0.01 -0.01 0.00 96.67 92.42 90.03 
14.31 0 0.00000000 0.00000000 0.00 0.00 0.00 0.12 0.04 0.03 0.01 -0.01 0.00 96.68 92.42 90.04 
14.41 0 0.00000000 0.00000000 0.00 0.00 0.00 0.12 0.04 0.02 0.01 -0.00 -0.00 96.64 92.45 89.98 
14.51 0 0.00000000 0.00000000 0.00 0.00 0.00 0.12 0.04 0.01 0.00 -0.01 0.00 96.60 92.48 90.02 
14.61 0 0.00000000 0.00000000 0.00 0.00 0.00 0.11 0.04 0.02 0.01 -0.01 0.00 96.59 92.52 90.00 
14.72 0 0.00000000 0.00000000 0.00 0.00 0.00 0.12 0.04 0.01 0.01 -0.01 -0.00 96.60 92.49 89.99 
14.82 0 0.00000000 0.00000000 0.00 0.00 0.00 0.12 0.04 0.03 0.01 -0.01 0.00 96.64 92.56 90.02 
14.92 0 0.00000000 0.00000000 0.00 0.00 0.00 0.12 0.04 0.04 0.01 -0.01 0.00 96.66 92.51 90.02 
15.02 0 0.00000000 0.00000000 0.00 0.00 0.00 0.11 0.04 0.02 0.01 -0.01 -0.00 96.59 92.49 90.00 
15.12 0 0.00000000 0.00000000 0.00 0.00 0.00 0.12 0.04 0.02 0.01 -0.01 0.00 96.61 92.46 90.00 
15.22 0 0.00000000 0.00000000 0.00 0.00 0.00 0.12 0.04 0.02 0.01 -0.01 0.00 96.62 92.48 90.02 
15.32 0 0.00000000 0.00000000 0.00 0.00 0.00 0.12 0.04 0.02 0.00 -0.01 0.00 96.65 92.48 90.03 
15.43 0 0.00000000 0.00000000 0.00 0.00 0.00 0.12 0.04 0.04 0.01 -0.01 0.00 96.65 92.48 90.03 
15.53 0 0.00000000 0.00000000 0.00 0.00 0.00 0.12 0.04 0.01 0.01 -0.01 -0.00 96.58 92.44 89.99 
15.63 0 0.00000000 0.00000000 0.00 0.00 0.00 0.12 0.04 0.02 0.01 -0.01 -0.00 96.64 92.55 89.98 
15.73 0 0.00000000 0.00000000 0.00 0.00 0.00 0.11 0.04 0.02 0.01 -0.01 0.00 96.61 92.57 90.01 
15.84 0 0.00000000 0.00000000 0.00 0.00 0.00 0.12 0.04 0.03 0.01 -0.01 0.00 96.67 92.53 90.03 
15.94 0 0.00000000 0.00000000 0.00 0.00 0.00 0.12 0.04 0.03 0.01 -0.00 -0.00 96.61 92.54 90.00 
16.04 0 0.00000000 0.00000000 0.00 0.00 0.00 0.12 0.04 0.03 0.01 -0.01 -0.00 96.63 92.51 89.99 
16.14 0 0.00000000 0.00000000 0.00 0.00 0.00 0.12 0.04 0.03 0.01 -0.00 -0.00 96.71 92.55 90.02 
16.24 0 0.00000000 0.00000000 0.00 0.00 0.00 0.12 0.04 0.02 0.01 -0.00 -0.00 96.70 92.50 90.02 
16.34 0 0.00000000 0.00000000 0.00 0.00 0.00 0.12 0.04 0.02 0.01 -0.01 0.00 96.64 92.49 90.01 
16.44 0 0.00000000 0.00000000 0.00 0.00 0.00 0.12 0.05 0.01 0.01 -0.01 0.00 96.60 92.58 90.00 
16.54 0 0.00000000 0.00000000 0.00 0.00 0.00 0.11 0.04 0.01 0.00 -0.02 0.00 96.53 92.56 90.00 
16.64 0 0.00000000 0.00000000 0.00 0.00 0.00 0.12 0.04 0.03 0.01 -0.01 0.00 96.61 92.49 90.00 
16.75 0 0.00000000 0.00000000 0.00 0.00 0.00 0.11 0.04 0.01 0.01 -0.01 0.00 96.58 92.53 90.01 
16.85 0 0.00000000 0.00000000 0.00 0.00 0.00 0.12 0.04 0.03 0.01 -0.01 0.00 96.65 92.48 90.01 
16.95 0 0.00000000 0.00000000 0.00 0.00 0.00 0.11 0.04 0.03 0.01 -0.01 0.00 96.54 92.55 90.00 
17.05 0 0.00000000 0.00000000 0.00 0.00 0.00 0.11 0.04 0.01 0.00 -0.01 0.00 96.49 92.52 90.02 
17.15 0 0.00000000 0.00000000 0.00 0.00 0.00 0.11 0.04 0.02 0.01 -0.01 0.00 96.59 92.48 90.01 
17.25 0 0.00000000 0.00000000 0.00 0.00 0.00 0.11 0.04 0.03 0.01 -0.01 0.00 96.55 92.44 90.01 
17.35 0 0.00000000 0.00000000 0.00 0.00 0.00 0.12 0.04 0.02 0.00 -0.01 -0.04 96.68 92.53 90.00 
17.45 0 0.00000000 0.00000000 0.00 0.00 0.00 0.11 0.04 0.02 0.01 -0.01 -0.00 96.59 92.43 89.99 
17.55 0 0.00000000 0.00000000 0.00 0.00 0.00 0.11 0.04 0.01 0.01 -0.01 0.00 96.56 92.44 90.01 
17.65 0 0.00000000 0.00000000 0.00 0.00 0.00 0.11 0.04 0.02 0.01 -0.01 -0.00 96.55 92.46 89.99 
17.75 0 0.00000000 0.00000000 0.00 0.00 0.00 0.11 0.04 0.01 0.01 -0.01 0.00 96.48 92.60 89.99 
17.85 0 0.00000000 0.00000000 0.00 0.00 0.00 0.11 0.04 0.03 0.00 -0.01 0.00 96.54 92.53 90.01 
17.96 0 0.00000000 0.00000000 0.00 0.00 0.00 0.11 0.04 0.01 0.01 -0.01 0.00 96.53 92.59 90.01 
18.06 0 0.00000000 0.00000000 0.00 0.00 0.00 0.11 0.04 0.05 0.01 -0.01 0.00 96.56 92.52 90.02 
18.16 0 0.00000000 0.00000000 0.00 0.00 0.00 0.11 0.04 0.02 0.01 -0.01 -0.00 96.55 92.51 89.99 
18.26 0 0.00000000 0.00000000 0.00 0.00 0.00 0.11 0.04 0.01 0.01 -0.01 -0.00 96.55 92.49 90.00 
18.36 0 0.00000000 0.00000000 0.00 0.00 0.00 0.11 0.04 0.02 0.01 -0.01 -0.00 96.57 92.45 89.98 
18.47 0 0.00000000 0.00000000 0.00 0.00 0.00 0.11 0.04 0.02 0.00 -0.02 -0.00 96.56 92.53 90.00 
18.57 0 0.00000000 0.00000000 0.00 0.00 0.00 0.11 0.04 0.02 0.01 -0.01 -0.00 96.66 92.57 90.01 
18.68 0 0.00000000 0.00000000 0.00 0.00 0.00 0.11 0.04 0.02 0.00 -0.01 0.00 96.55 92.40 90.01 
18.78 0 0.00000000 0.00000000 0.00 0.00 0.00 0.11 0.04 0.01 0.00 -0.01 0.00 96.54 92.59 90.01 
18.88 0 0.00000000 0.00000000 0.00 0.00 0.00 0.11 0.04 0.03 0.01 -0.01 0.00 96.53 92.52 90.02 
18.98 0 0.00000000 0.00000000 0.00 0.00 0.00 0.11 0.04 0.01 0.01 -0.01 0.00 96.51 92.45 90.02 
19.08 0 0.00000000 0.00000000 0.00 0.00 0.00 0.11 0.04 0.02 0.01 -0.02 -0.00 96.48 92.45 89.99 
19.18 0 0.00000000 0.00000000 0.00 0.00 0.00 0.12 0.04 0.05 0.01 -0.01 -0.00 96.52 92.44 89.99 
19.29 0 0.00000000 0.00000000 0.00 0.00 0.00 0.12 0.04 0.03 0.01 -0.01 0.00 96.63 92.47 89.96 
19.39 0 0.00000000 0.00000000 0.00 0.00 0.00 0.11 0.05 0.02 0.01 -0.01 0.00 96.51 92.58 90.01 
19.49 0 0.00000000 0.00000000 0.00 0.00 0.00 0.11 0.04 0.02 0.01 -0.01 -0.00 96.48 92.49 90.00 
19.59 0 0.00000000 0.00000000 0.00 0.00 0.00 0.11 0.04 0.03 0.01 -0.01 0.00 96.54 92.55 90.01 
19.70 0 0.00000000 0.00000000 0.00 0.00 0.00 0.11 0.04 0.03 0.01 -0.01 0.00 96.54 92.46 90.04 
19.80 0 0.00000000 0.00000000 0.00 0.00 0.00 0.11 0.04 0.02 0.01 -0.01 -0.00 96.48 92.57 90.00 
19.90 0 0.00000000 0.00000000 0.00 0.00 0.00 0.11 0.04 0.03 0.00 -0.01 0.00 96.53 92.58 90.00 
20.00 0 0.00000000 0.00000000 0.00 0.00 0.00 0.11 0.04 0.02 0.01 -0.01 0.00 96.49 92.41 90.01 
20.10 0 0.00000000 0.00000000 0.00 0.00 0.00 0.11 0.04 0.03 0.00 -0.01 0.00 96.53 92.51 90.02 
20.20 0 0.00000000 0.00000000 0.00 0.00 0.00 0.12 0.04 0.04 0.01 -0.01 -0.00 96.55 92.52 90.00 
20.30 0 0.00000000 0.00000000 0.00 0.00 0.00 0.12 0.04 0.02 0.01 -0.01 -0.00 96.71 92.56 90.00 
20.40 0 0.00000000 0.00000000 0.00 0.00 0.00 0.12 0.05 0.02 0.00 -0.01 0.00 96.69 92.60 90.02 
20.54 0 0.00000000 0.00000000 0.00 0.00 0.00 0.12 0.04 0.02 0.01 -0.01 0.00 96.68 92.57 90.02 
20.68 0 0.00000000 0.00000000 0.00 0.00 0.00 0.12 0.05 0.03 0.01 -0.01 -0.00 96.64 92.61 90.00 
20.82 0 0.00000000 0.00000000 0.00 0.00 0.00 0.12 0.05 0.03 0.01 -0.01 0.00 96.64 92.58 90.00 
20.95 0 0.00000000 0.00000000 0.00 0.00 0.00 0.12 0.05 0.03 0.01 -0.01 0.00 96.60 92.59 90.01 
21.05 0 0.00000000 0.00000000 0.00 0.00 0.00 0.12 0.05 0.03 0.01 -0.01 0.00 96.60 92.59 90.01 
21.15 0 0.00000000 0.00000000 0.00 0.00 0.00 0.12 0.04 0.05 0.01 -0.01 0.00 96.67 92.55 90.00 
21.26 0 0.00000000 0.00000000 0.00 0.00 0.00 0.11 0.04 0.02 0.01 -0.01 0.00 96.50 92.48 90.04 
21.36 0 0.00000000 0.00000000 0.00 0.00 0.00 0.11 0.04 0.01 0.01 -0.01 0.00 96.55 92.52 90.01 
21.46 0 0.00000000 0.00000000 0.00 0.00 0.00 0.11 0.04 0.01 0.01 -0.01 -0.00 96.50 92.54 90.00 
21.57 0 0.00000000 0.00000000 0.00 0.00 0.00 0.11 0.04 0.04 0.01 -0.01 0.00 96.54 92.48 90.01 
21.67 0 0.00000000 0.00000000 0.00 0.00 0.00 0.11 0.04 0.02 0.00 -0.01 0.00 96.55 92.55 90.00 
21.77 0 0.00000000 0.00000000 0.00 0.00 0.00 0.11 0.04 0.02 0.01 -0.01 0.00 96.51 92.41 90.03 
21.87 0 0.00000000 0.00000000 0.00 0.00 0.00 0.11 0.04 0.04 0.01 -0.01 -0.00 96.47 92.54 90.01 
21.97 0 0.00000000 0.00000000 0.00 0.00 0.00 0.11 0.05 0.02 0.01 -0.01 0.00 96.56 92.64 90.03 
