2.04 0.05 0.03 0.06 0.05 0.01 0.00 0.02 -0.01 0.00 92.55 88.20 90.06 
2.24 0.04 0.04 0.07 0.05 0.01 0.01 0.01 -0.01 0.00 93.04 87.96 90.04 
2.34 0.05 0.04 0.06 0.06 -0.00 -0.01 0.01 -0.01 0.01 93.58 87.52 90.06 
2.44 0.04 0.04 0.07 0.07 -0.00 0.00 0.01 -0.01 0.00 93.75 87.52 90.04 
2.54 0.05 0.04 0.06 0.07 -0.00 -0.00 0.02 -0.01 0.00 93.85 87.52 90.03 
2.64 0.04 0.04 0.06 0.06 -0.00 -0.00 0.01 -0.02 0.01 93.71 87.61 90.10 
2.75 0.05 0.04 0.07 0.07 0.00 0.00 0.02 -0.01 0.00 93.78 87.50 90.05 
2.85 0.05 0.04 0.07 0.07 -0.00 -0.00 0.01 -0.01 0.01 93.78 87.44 90.06 
2.95 0.04 0.04 0.07 0.07 -0.01 -0.01 0.02 -0.01 0.00 93.79 87.44 90.05 
3.05 0.05 0.04 0.06 0.06 0.00 -0.00 0.01 -0.01 0.01 93.72 87.43 90.07 
3.15 0.04 0.05 0.06 0.07 -0.00 -0.00 0.01 -0.01 0.00 93.81 87.42 90.06 
3.25 0.04 0.04 0.06 0.06 -0.00 -0.00 0.01 -0.01 0.00 93.72 87.58 90.06 
3.35 0.04 0.04 0.06 0.06 -0.00 -0.00 0.01 -0.01 0.00 93.72 87.61 90.05 
3.45 0.05 0.04 0.06 0.07 -0.00 -0.00 0.02 -0.01 0.00 93.79 87.42 90.03 
3.55 0.04 0.04 0.06 0.07 -0.01 -0.01 0.01 -0.01 0.00 93.75 87.47 90.06 
3.65 0.05 0.05 0.07 0.07 -0.00 -0.00 0.01 -0.01 0.01 93.74 87.42 90.08 
3.75 0.05 0.04 0.07 0.06 0.00 0.00 0.01 -0.01 0.01 93.66 87.49 90.07 
3.85 0.04 0.04 0.07 0.06 0.01 0.01 0.01 -0.01 0.00 93.64 87.48 90.04 
3.95 0.05 0.05 0.06 0.06 -0.00 -0.01 0.02 -0.01 0.00 93.61 87.30 90.06 
4.05 0.03 0.04 0.06 0.06 0.00 0.00 0.01 -0.01 0.01 93.64 87.55 90.08 
4.16 0.05 0.04 0.06 0.07 -0.01 -0.01 0.01 -0.01 0.00 94.30 87.46 90.05 
4.26 0.05 0.05 0.06 0.07 -0.00 -0.00 0.02 -0.02 0.01 93.86 87.42 90.08 
4.36 0.05 0.04 0.06 0.07 -0.01 -0.01 0.01 -0.01 0.00 93.73 87.43 90.05 
4.46 0.05 0.05 0.06 0.06 0.00 0.00 0.02 -0.01 0.00 93.69 87.41 90.06 
4.57 0.04 0.04 0.07 0.07 -0.01 -0.01 0.02 -0.01 0.00 93.77 87.47 90.07 
4.67 0.05 0.05 0.06 0.07 -0.00 -0.00 0.01 -0.01 0.00 93.87 87.43 90.05 
4.78 0.04 0.04 0.06 0.07 -0.02 -0.02 0.02 -0.01 0.01 93.81 87.46 90.05 
4.88 0.05 0.05 0.06 0.07 -0.01 -0.01 0.01 -0.01 0.00 93.75 87.40 90.04 
4.98 0.05 0.05 0.06 0.07 0.01 0.01 0.01 -0.01 0.01 93.77 87.34 90.04 
5.08 0.05 0.05 0.07 0.07 -0.00 -0.00 0.02 -0.01 0.01 93.79 87.35 90.06 
5.18 0.04 0.04 0.06 0.06 0.00 0.00 0.02 -0.01 0.00 93.70 87.40 90.04 
5.28 0.04 0.04 0.06 0.06 0.01 0.00 0.01 -0.01 0.01 93.66 87.53 90.09 
5.39 0.05 0.05 0.06 0.07 0.01 0.01 0.01 -0.01 0.00 93.78 87.36 90.07 
5.49 0.05 0.04 0.06 0.07 0.01 0.01 0.01 -0.01 0.01 93.87 87.44 90.05 
5.59 0.05 0.04 0.06 0.06 -0.00 -0.00 0.01 -0.01 0.00 93.67 87.43 90.05 
5.70 0.04 0.04 0.07 0.07 0.00 0.01 0.02 -0.01 0.01 93.73 87.41 90.05 
5.80 0.05 0.05 0.06 0.07 -0.01 -0.01 0.02 -0.01 0.00 93.73 87.42 90.04 
5.90 0.05 0.04 0.06 0.07 -0.01 -0.01 0.02 -0.01 0.00 93.79 87.47 90.05 
6.00 0.05 0.05 0.07 0.07 -0.00 -0.00 0.02 -0.01 0.00 93.84 87.41 90.04 
6.11 0.04 0.04 0.06 0.07 0.00 0.00 0.02 -0.01 0.00 93.85 87.41 90.05 
6.21 0.05 0.04 0.07 0.06 0.00 0.00 0.01 -0.01 0.00 93.64 87.54 90.03 
6.32 0.04 0.04 0.07 0.07 0.00 0.00 0.01 -0.01 0.00 93.82 87.42 90.02 
6.42 0.04 0.04 0.07 0.07 -0.00 -0.00 0.01 -0.01 0.00 93.80 87.55 90.05 
6.53 0.05 0.04 0.06 0.07 0.01 0.01 0.01 -0.01 0.01 93.81 87.54 90.08 
6.63 0.05 0.05 0.07 0.07 0.00 0.00 0.02 -0.01 0.01 93.82 87.37 90.06 
6.73 0.05 0.04 0.06 0.07 0.01 0.00 0.02 -0.01 0.01 93.74 87.51 90.04 
6.83 0.04 0.04 0.07 0.07 0.00 0.00 0.02 -0.01 0.01 93.82 87.45 90.06 
6.93 0.04 0.04 0.07 0.07 -0.01 -0.01 0.01 -0.01 0.01 93.79 87.43 90.03 
7.04 0.04 0.04 0.07 0.07 -0.01 -0.01 0.01 -0.02 0.00 93.90 87.50 90.05 
7.15 0.05 0.05 0.06 0.07 0.00 0.00 0.02 -0.00 0.00 93.79 87.38 90.07 
7.25 0.05 0.04 0.06 0.06 -0.00 -0.00 0.01 -0.01 0.00 93.72 87.47 90.03 
7.35 0.05 0.05 0.06 0.07 0.01 0.01 0.01 -0.01 0.00 93.74 87.34 90.05 
7.46 0.04 0.05 0.06 0.07 -0.01 -0.00 0.01 -0.01 0.00 93.84 87.39 90.05 
7.56 0.04 0.04 0.06 0.06 -0.01 -0.01 0.02 -0.01 0.00 93.73 87.48 90.04 
7.66 0.04 0.04 0.07 0.07 -0.00 0.00 0.02 -0.01 0.00 93.78 87.49 90.03 
7.76 0.04 0.05 0.06 0.07 -0.00 -0.00 0.01 -0.01 0.01 93.86 87.33 90.05 
7.87 0.03 0.04 0.06 0.06 0.00 0.00 0.02 -0.01 0.01 93.74 87.40 90.06 
7.97 0.05 0.04 0.07 0.07 0.00 0.00 0.01 -0.01 0.00 93.80 87.50 90.06 
8.07 0.05 0.05 0.07 0.07 -0.01 -0.01 0.01 -0.01 0.00 93.81 87.40 90.05 
8.17 0.05 0.05 0.07 0.07 0.00 0.00 0.02 -0.01 0.00 93.91 87.38 90.04 
8.27 0.04 0.04 0.06 0.07 -0.01 -0.01 0.02 -0.01 0.01 93.77 87.47 90.06 
8.38 0.04 0.04 0.07 0.07 0.00 0.00 0.01 -0.01 0.00 93.79 87.43 90.05 
8.48 0.05 0.04 0.07 0.07 -0.01 -0.01 0.01 -0.01 0.00 93.81 87.45 90.04 
8.58 0.04 0.04 0.06 0.06 0.00 -0.00 0.01 -0.01 0.00 93.79 87.45 90.05 
8.69 0.04 0.04 0.06 0.06 0.01 0.01 0.01 -0.01 0.01 93.76 87.47 90.05 
8.79 0.05 0.04 0.07 0.07 0.00 0.01 0.01 -0.01 0.00 93.83 87.48 90.05 
8.89 0.05 0.05 0.06 0.07 -0.01 -0.01 0.02 -0.01 0.00 93.73 87.42 90.03 
8.99 0.04 0.04 0.07 0.07 0.01 0.01 0.02 -0.01 0.00 93.80 87.49 90.04 
9.10 0.05 0.04 0.06 0.07 -0.00 -0.00 0.02 -0.01 0.00 93.87 87.51 90.05 
9.20 0.04 0.04 0.07 0.07 0.00 0.00 0.01 -0.01 0.01 93.86 87.46 90.07 
9.30 0.04 0.05 0.06 0.07 0.00 0.00 0.01 -0.01 0.01 93.84 87.33 90.07 
9.40 0.05 0.04 0.06 0.07 0.00 -0.00 0.02 -0.01 0.00 93.80 87.54 90.05 
9.51 0.05 0.04 0.06 0.07 0.00 0.00 0.02 -0.01 0.00 93.79 87.51 90.05 
9.61 0.03 0.04 0.06 0.07 -0.00 -0.00 0.02 -0.01 0.00 93.84 87.47 90.06 
9.71 0.05 0.04 0.07 0.07 -0.01 -0.01 0.01 -0.01 0.00 93.78 87.62 90.05 
9.82 0.03 0.04 0.08 0.07 -0.01 0.00 0.01 -0.01 0.00 93.57 87.42 90.03 
9.92 0.04 0.03 0.06 0.06 -0.01 -0.01 0.01 -0.01 0.00 93.65 88.16 90.05 
10.02 0.05 0.04 0.06 0.06 0.00 0.00 0.01 -0.01 0.01 93.67 87.44 90.06 
10.12 0.10 0.05 0.08 0.07 0.01 0.01 0.02 -0.01 0.01 93.93 86.92 90.06 
10.23 0.05 0.10 0.04 0.05 0.04 0.04 0.01 -0.01 0.01 93.24 83.86 90.06 
10.33 0.03 0.06 0.06 0.06 0.00 0.00 0.01 -0.01 0.00 93.39 86.69 90.05 
10.43 0.03 0.04 0.06 0.06 -0.00 -0.00 0.01 -0.01 0.00 93.71 87.42 90.05 
10.53 0.06 0.05 0.09 0.07 -0.01 -0.01 0.02 -0.01 0.01 93.72 87.48 90.07 
10.64 0.04 0.04 0.08 0.07 -0.00 -0.00 0.01 -0.01 0.00 94.02 87.56 90.04 
10.74 0.04 0.04 0.07 0.07 -0.02 -0.02 0.02 -0.01 0.01 93.70 87.98 90.04 
10.84 0.04 0.04 0.07 0.07 -0.01 -0.01 0.01 -0.01 0.01 93.87 87.47 90.06 
10.94 0.05 0.06 0.07 0.07 0.01 0.01 0.00 -0.01 0.01 93.86 86.70 90.06 
11.05 0.04 0.05 0.06 0.07 0.00 0.00 0.01 -0.01 0.01 93.73 87.22 90.07 
11.15 0.04 0.04 0.07 0.06 0.00 0.00 0.02 -0.01 0.00 93.68 87.52 90.04 
11.25 0.04 0.04 0.05 0.06 0.00 -0.00 0.01 -0.01 0.00 93.79 87.44 90.03 
11.35 0.03 0.04 0.07 0.07 -0.01 -0.01 0.01 -0.01 0.00 93.80 87.45 90.06 
11.46 0.05 0.04 0.07 0.07 0.00 0.00 0.01 -0.01 0.01 93.71 87.50 90.05 
11.56 0.05 0.04 0.06 0.07 0.01 -0.00 0.01 -0.01 0.00 93.77 87.46 90.06 
11.67 0.04 0.04 0.07 0.07 0.01 0.01 0.02 -0.01 0.00 93.70 87.50 90.03 
11.77 0.05 0.04 0.07 0.07 0.00 0.00 0.01 -0.01 0.01 93.73 87.43 90.06 
11.87 0.03 0.04 0.08 0.07 -0.00 -0.00 0.01 -0.01 0.00 93.74 87.42 90.04 
11.97 0.05 0.04 0.07 0.07 0.00 0.00 0.01 -0.01 0.01 93.75 87.52 90.06 
12.08 0.04 0.04 0.07 0.07 0.00 0.00 0.02 -0.01 0.00 93.73 87.48 90.07 
12.18 0.05 0.04 0.06 0.07 -0.00 -0.00 0.02 -0.00 0.00 94.23 87.47 90.03 
12.28 0.04 0.04 0.08 0.07 -0.02 -0.02 0.01 -0.01 0.01 93.81 87.60 90.05 
12.39 0.02 -0.02 0.08 0.09 -0.09 -0.10 0.02 -0.00 0.00 95.49 91.85 90.07 
12.49 0.03 0.03 0.07 0.08 -0.03 -0.04 0.01 -0.01 0.00 94.31 88.50 90.05 
12.59 0.04 0.04 0.07 0.07 -0.02 -0.02 0.02 -0.01 0.00 93.97 87.84 90.04 
12.70 0.05 0.04 0.06 0.06 -0.02 -0.02 0.01 -0.02 0.00 93.40 87.91 90.05 
12.80 0.05 0.04 0.06 0.06 -0.01 -0.01 0.02 -0.01 0.00 93.65 87.56 90.05 
12.90 0.05 0.05 0.07 0.07 -0.01 -0.01 0.02 -0.01 0.00 93.71 87.43 90.05 
13.01 0.04 0.05 0.07 0.07 -0.01 -0.01 0.02 -0.01 0.00 93.87 87.21 90.04 
13.11 0.04 0.04 0.07 0.07 -0.01 -0.01 0.01 -0.01 0.00 93.85 87.44 90.06 
13.21 0.03 0.04 0.07 0.07 -0.01 -0.01 0.02 -0.01 0.01 93.80 87.49 90.08 
13.32 0.06 0.05 0.07 0.07 -0.01 -0.01 0.02 -0.01 0.00 94.23 87.27 90.03 
13.42 0.04 0.04 0.06 0.07 0.00 0.00 0.01 -0.01 0.00 93.89 87.44 90.03 
13.52 0.04 0.04 0.06 0.06 0.01 0.01 0.01 -0.02 0.01 93.71 87.62 90.05 
13.63 0.04 0.04 0.07 0.07 0.01 0.01 0.01 -0.00 0.01 93.86 87.45 90.06 
13.73 0.03 0.04 0.06 0.07 -0.00 -0.00 0.01 -0.02 0.01 93.79 87.53 90.03 
13.84 0.05 0.04 0.06 0.06 -0.00 -0.00 0.01 -0.01 0.00 93.65 87.62 90.04 
13.94 0.05 0.05 0.06 0.06 0.00 0.00 0.02 -0.01 0.00 93.66 87.38 90.04 
14.04 0.04 0.04 0.07 0.07 0.01 0.01 0.01 -0.01 0.00 93.82 87.39 90.06 
14.15 0.05 0.04 0.07 0.06 0.00 0.00 0.01 -0.02 0.00 93.62 87.61 90.05 
14.25 0.04 0.04 0.06 0.06 0.01 0.01 0.02 -0.00 0.01 93.55 87.77 90.05 
14.35 0.04 0.04 0.07 0.06 0.01 0.01 0.01 -0.01 0.00 93.58 87.53 90.01 
14.45 0.07 0.06 0.09 0.07 0.06 0.06 -0.01 -0.01 0.00 93.62 86.72 90.04 
14.56 0.04 0.05 0.07 0.07 0.04 0.04 0.02 -0.02 0.00 93.85 87.17 90.05 
14.66 -0.08 0.02 0.08 0.07 0.02 0.03 -0.00 -0.04 0.01 93.81 88.58 90.06 
14.76 0.03 0.03 0.12 0.08 -0.01 -0.00 0.03 -0.02 0.00 94.34 88.54 90.05 
14.87 0.04 0.04 0.07 0.07 0.01 0.01 0.02 -0.01 0.01 94.19 87.89 90.04 
14.97 0.04 0.04 0.06 0.07 0.01 0.01 0.02 -0.01 0.00 93.97 87.47 90.03 
15.07 0.04 0.04 0.06 0.07 0.02 0.02 0.01 -0.02 0.00 93.89 87.54 90.03 
15.18 0.05 0.05 0.07 0.07 0.02 0.02 0.01 -0.01 0.00 93.93 87.42 90.05 
15.28 0.05 0.05 0.07 0.07 0.02 0.02 0.02 -0.01 0.01 93.74 87.38 90.07 
15.38 0.04 0.05 0.06 0.07 0.01 0.01 0.01 -0.01 0.01 93.84 87.33 90.05 
15.48 0.05 0.05 0.06 0.06 0.02 0.02 0.02 -0.01 0.00 93.69 87.28 90.05 
15.59 0.04 0.06 0.08 0.07 0.03 0.03 0.02 -0.01 0.00 93.91 86.75 90.03 
15.69 0.04 0.05 0.07 0.07 0.01 0.02 0.01 -0.00 0.00 93.77 87.13 90.03 
15.79 0.05 0.05 0.06 0.07 0.02 0.02 0.01 -0.02 0.00 93.77 87.36 90.05 
15.90 0.04 0.04 0.06 0.07 0.01 0.01 0.01 -0.01 0.00 93.78 87.39 90.02 
16.00 0.05 0.05 0.08 0.07 0.03 0.03 0.01 -0.01 0.00 93.74 87.41 90.06 
16.10 0.04 0.04 0.06 0.06 0.01 0.02 0.01 -0.00 0.00 93.64 87.44 90.03 
16.20 0.05 0.04 0.07 0.07 0.01 0.01 0.02 -0.01 0.00 93.74 87.61 90.02 
16.30 0.04 0.04 0.07 0.07 0.02 1.94 0.01 -0.01 0.01 93.76 87.49 90.08 
16.40 0.04 0.04 0.06 0.06 0.01 0.01 0.02 -0.01 0.00 93.77 87.55 90.05 
16.51 0.05 0.05 0.06 0.07 0.02 0.02 0.02 -0.01 0.00 93.73 87.40 90.04 
16.61 0.04 0.04 0.06 0.07 0.02 0.02 0.01 -0.01 0.00 93.83 87.50 90.02 
16.71 0.05 0.04 0.07 0.07 0.02 0.02 0.01 -0.01 0.00 93.85 87.58 90.04 
16.82 0.05 0.04 0.06 0.06 0.01 0.02 0.01 -0.02 0.00 93.76 87.46 90.05 
16.92 0.04 0.04 0.07 0.07 0.01 0.01 0.01 -0.01 0.00 93.77 87.44 90.02 
17.03 0.04 0.04 0.07 0.07 0.02 0.02 0.01 -0.01 0.00 93.86 87.44 90.05 
17.13 0.05 0.04 0.07 0.07 0.02 0.02 0.01 -0.01 0.00 93.77 87.59 90.06 
17.23 0.04 0.04 0.07 0.07 0.01 0.01 0.01 -0.01 0.01 93.73 87.53 90.05 
17.33 0.04 0.04 0.06 0.07 0.02 0.02 0.01 -0.01 0.01 93.78 87.50 90.07 
17.43 0.05 0.04 0.07 0.07 0.01 0.01 0.01 -0.02 0.01 93.83 87.48 90.03 
17.54 0.04 0.04 0.07 0.06 0.01 0.01 0.01 -0.01 0.01 93.62 87.66 90.07 
17.64 0.04 0.04 0.07 0.07 0.02 0.03 0.02 -0.00 0.00 93.71 87.52 90.04 
17.74 0.04 0.04 0.07 0.07 0.01 0.01 0.01 -0.01 0.00 93.78 87.58 90.04 
17.84 0.05 0.04 0.06 0.07 0.02 0.02 0.02 -0.01 0.00 93.80 87.45 90.04 
17.94 0.03 0.04 0.07 0.07 0.02 0.02 0.01 -0.01 0.01 93.83 87.42 90.04 
18.05 0.04 0.04 0.07 0.07 0.01 0.02 0.01 -0.01 0.00 93.81 87.53 90.04 
18.15 0.03 0.05 0.08 0.07 0.01 0.01 0.01 -0.01 0.00 93.82 87.21 90.06 
18.26 0.05 0.05 0.07 0.07 0.02 0.02 0.01 -0.01 0.00 93.76 87.41 90.06 
18.36 0.04 0.04 0.06 0.07 0.01 0.01 0.01 -0.01 0.00 93.74 87.48 90.05 
18.46 0.08 0.06 0.04 0.11 0.01 0.00 0.01 -0.00 0.01 97.19 86.96 90.07 
18.56 -0.01 0.04 0.34 0.19 -0.12 -0.05 -0.00 0.00 0.26 99.25 87.23 92.35 
18.67 0.22 0.12 -0.12 -0.02 0.06 0.04 0.01 -0.02 0.30 89.97 83.94 93.98 
18.77 0.02 0.05 0.03 0.03 -0.03 -0.02 0.02 -0.00 0.01 91.43 86.89 90.07 
18.87 0.01 0.03 -0.06 0.05 -0.07 -0.08 0.03 -0.02 0.09 94.04 88.18 91.33 
18.98 0.01 0.03 0.08 0.07 -0.07 -0.07 0.03 0.00 0.19 93.91 88.30 92.09 
19.08 -0.08 0.01 0.18 0.11 -0.11 -0.09 0.05 -0.17 0.37 95.47 88.41 94.26 
19.18 -0.11 -0.01 0.01 0.13 -0.19 -0.19 0.22 -0.36 0.48 98.70 89.82 95.90 
19.29 0.19 0.15 -0.03 -0.05 0.02 0.02 0.03 -0.18 0.28 87.18 81.67 93.10 
19.39 0.15 0.07 -0.15 -0.08 0.00 -0.01 0.25 -0.51 0.02 86.10 86.47 90.32 
19.49 0.08 0.06 -0.09 -0.08 -0.01 -0.02 -0.12 0.24 -0.07 85.47 87.05 89.11 
19.59 1.05 0.23 0.74 0.02 0.01 0.02 0.70 1.49 -0.03 83.71 85.41 89.32 
19.69 -0.24 0.10 0.12 0.04 -0.01 0.03 0.27 0.71 0.04 91.60 80.67 90.48 
19.79 0.03 0.06 -0.08 -0.00 0.03 0.02 0.13 -0.26 -0.11 90.65 86.25 89.07 
19.90 0.11 0.11 -0.00 0.00 0.05 0.05 -0.11 -0.13 -0.43 90.24 84.01 85.37 
20.00 0.02 0.07 -0.11 -0.01 0.05 0.05 -0.46 -0.85 -0.42 90.59 85.68 85.01 
20.10 0.04 0.03 0.01 -0.08 0.02 0.03 -0.14 0.51 -0.29 84.50 88.13 86.40 
20.20 0.08 0.06 -0.00 -0.01 0.01 0.01 0.25 -0.00 -0.29 89.13 87.02 86.30 
20.31 0.13 0.10 -0.04 -0.02 0.01 0.00 -0.11 -1.27 -0.29 88.89 84.56 86.42 
20.41 0.17 0.10 -0.28 -0.16 -0.06 -0.08 -0.36 -1.21 -0.05 82.36 84.93 89.22 
20.51 0.09 0.05 -0.33 -0.26 -0.09 -0.07 -0.77 -1.50 -0.03 75.12 87.24 89.63 
20.61 -0.11 -0.02 -0.52 -0.42 -0.07 -0.08 -1.04 -1.82 0.20 66.59 90.45 92.16 
20.71 -0.42 -0.21 -0.69 -0.59 -0.04 -0.05 -0.37 -0.87 0.16 57.39 99.64 92.25 
20.82 -0.23 -0.22 -0.68 -0.65 -0.02 -0.03 0.20 -0.59 -0.07 52.76 102.36 89.31 
20.92 0.03 -0.33 -0.81 -0.79 0.02 0.01 0.26 -0.30 -0.13 44.80 112.66 88.41 
21.02 -0.32 -0.34 -0.93 -0.86 0.06 0.05 0.08 -0.29 -0.07 41.14 109.45 89.19 
21.12 -0.19 -0.25 -0.88 -0.87 0.02 0.02 -0.10 -0.12 0.06 40.50 104.99 90.48 
21.23 -0.23 -0.25 -0.82 -0.86 0.04 0.03 0.04 0.65 0.21 40.42 104.75 92.29 
21.33 -0.18 -0.24 -0.63 -0.75 -0.01 0.01 0.67 2.17 0.36 45.72 104.32 94.02 
21.43 -0.13 -0.19 -0.49 -0.57 0.07 0.08 0.88 2.19 0.49 56.43 101.26 95.65 
21.53 -0.16 -0.12 -0.11 -0.31 -0.06 -0.03 0.85 2.03 0.35 70.42 96.34 94.36 
21.64 -0.09 -0.03 -0.05 -0.09 -0.03 -0.02 0.35 0.82 0.17 84.36 91.19 92.08 
21.74 0.06 0.04 -0.02 -0.01 0.06 0.02 -0.08 0.33 0.12 89.84 87.93 91.49 
21.84 0.02 0.02 0.15 0.07 0.00 0.01 -0.18 0.94 -0.05 93.01 88.51 89.36 
21.94 0.03 0.02 0.30 0.16 0.11 0.13 -0.39 0.53 -0.00 99.19 88.73 89.97 
22.04 0.04 -0.02 0.29 0.23 0.06 0.06 -0.62 0.29 0.15 102.78 91.61 91.59 
22.15 -0.14 -0.08 0.22 0.24 0.10 0.11 -0.93 -0.20 0.17 103.67 93.71 92.02 
22.25 -0.21 -0.17 0.17 0.23 0.08 0.07 -1.37 -0.47 0.12 104.01 99.53 91.53 
22.35 -0.42 -0.32 0.10 0.18 0.09 0.09 -1.65 -0.35 0.09 101.40 107.47 91.34 
22.45 -0.65 -0.48 0.12 0.16 0.13 0.09 -1.63 -0.32 -0.01 99.34 115.90 89.91 
22.56 -0.67 -0.59 0.13 0.14 0.12 0.13 -1.26 -0.19 -0.04 97.87 123.21 89.54 
22.66 -0.79 -0.71 0.11 0.12 0.10 0.09 -0.76 -0.12 -0.06 97.10 130.91 89.25 
22.76 -0.83 -0.79 0.12 0.13 0.05 0.05 -0.40 -0.10 -0.08 97.50 135.05 89.02 
22.86 -0.83 -0.81 0.07 0.10 0.07 0.06 0.36 0.02 -0.00 96.41 136.31 89.97 
22.96 -0.71 -0.77 0.11 0.10 0.07 0.07 1.68 0.69 0.05 95.75 134.63 90.71 
23.06 -0.53 -0.64 0.18 0.15 -0.02 -0.03 2.14 0.15 -0.01 98.41 127.81 89.94 
23.17 -0.37 -0.48 0.13 0.15 -0.19 -0.03 2.56 -0.08 -0.11 98.60 118.94 88.59 
23.27 -0.15 -0.30 0.19 0.19 -0.21 -0.24 2.72 0.09 0.17 100.65 107.11 92.05 
23.37 0.19 -0.01 0.20 0.21 -0.27 -0.31 2.47 -0.17 0.27 102.39 92.26 93.00 
23.47 0.43 0.27 0.21 0.20 -0.16 -0.18 1.74 0.15 0.41 101.51 76.03 94.89 
23.57 0.70 0.50 0.15 0.14 -0.14 -0.16 0.84 -0.11 0.18 97.77 63.37 92.47 
23.68 0.65 0.58 0.13 0.12 -0.14 -0.14 0.20 -0.30 0.02 97.10 57.55 90.25 
23.78 0.60 0.60 0.05 0.08 -0.18 -0.18 0.12 -0.12 0.14 94.99 55.76 91.66 
23.88 0.61 0.61 0.02 0.06 -0.18 -0.17 -0.02 -0.15 0.14 93.61 55.02 91.72 
23.98 0.63 0.60 0.08 0.04 -0.18 -0.18 -0.12 -0.22 0.02 92.45 55.53 90.22 
24.08 0.52 0.58 0.11 0.05 -0.21 -0.20 -0.55 0.13 0.21 92.57 56.23 92.09 
24.18 0.57 0.54 0.01 0.16 -0.20 -0.22 -0.87 -0.09 1.18 100.84 59.49 102.99 
24.28 0.40 0.52 -0.82 -0.46 0.27 0.21 -1.29 1.55 -1.83 67.43 58.89 73.19 
24.39 -0.17 0.20 0.51 0.27 -0.25 -0.17 -1.33 0.20 -1.72 103.14 74.54 65.47 
24.49 0.29 0.19 0.07 0.29 -0.10 -0.13 -0.33 -0.48 0.99 108.93 80.44 101.20 
24.59 -0.02 0.11 -0.03 0.12 -0.02 -0.06 0.11 0.52 0.28 98.11 82.38 94.61 
24.69 0.23 0.20 0.27 0.15 0.07 0.08 0.06 0.39 -0.31 98.87 78.59 86.30 
24.79 0.04 0.06 0.31 0.36 -0.25 -0.25 0.17 -1.12 0.86 111.36 86.35 97.33 
24.90 0.52 0.21 -0.55 -0.18 0.24 0.16 0.44 0.71 0.13 83.66 81.11 96.39 
25.00 0.18 0.27 0.59 0.22 0.03 0.08 -0.17 0.39 -1.61 99.16 73.41 70.72 
25.10 -0.03 0.12 0.33 0.41 -0.19 -0.17 -0.23 -0.83 0.66 114.53 81.43 95.97 
25.20 0.04 0.10 0.08 0.24 -0.10 -0.11 0.31 -0.41 1.29 105.34 83.89 105.27 
25.30 0.43 0.33 -0.36 -0.14 0.27 0.24 0.29 1.12 -0.60 81.70 70.98 82.77 
25.40 -0.14 0.17 0.78 0.39 -0.16 -0.09 -0.46 -0.41 -0.39 108.26 76.84 81.19 
25.50 0.33 0.14 -0.60 -0.09 0.14 0.08 0.07 -0.44 0.79 90.21 83.63 103.10 
25.61 -0.17 0.08 0.99 0.35 -0.20 -0.12 0.04 0.23 -0.94 103.44 83.19 75.35 
25.71 0.56 0.13 -0.40 0.02 0.03 -0.05 0.12 -0.89 1.38 95.17 86.81 108.30 
25.81 -0.21 0.23 0.56 0.08 0.06 0.15 0.08 0.44 -1.18 89.52 72.08 75.52 
25.92 0.12 0.11 -0.09 0.17 -0.12 -0.14 -0.43 -0.42 -0.04 102.39 84.02 89.11 
26.02 0.03 0.06 0.06 0.11 -0.12 -0.11 0.44 -0.10 -0.18 96.94 86.06 87.51 
26.12 0.31 0.18 0.22 0.16 -0.07 -0.08 0.37 0.23 -0.29 98.96 79.67 86.57 
26.22 0.08 0.14 0.03 0.11 -0.14 -0.13 -0.09 -0.94 -0.65 97.03 81.38 82.89 
26.33 0.10 0.13 0.11 0.09 -0.18 -0.18 -0.27 -0.85 -1.25 95.05 82.48 75.54 
26.43 0.14 0.09 0.08 0.08 -0.37 -0.37 -0.37 -0.70 -1.43 94.79 85.07 73.04 
26.53 0.30 0.15 -0.07 0.01 -0.35 -0.33 -0.18 0.09 -1.32 91.62 82.89 73.92 
26.64 0.26 0.18 -0.03 -0.01 -0.34 -0.36 0.33 0.98 -1.10 89.37 80.56 76.37 
26.74 0.21 0.21 0.13 0.13 -0.52 -0.52 0.13 -1.40 -0.74 97.66 78.10 80.64 
26.84 0.35 0.24 -0.02 0.03 -0.48 -0.50 -0.30 -2.21 -0.44 91.50 76.00 84.69 
26.94 0.26 0.19 -0.28 -0.11 -0.59 -0.60 -0.33 -1.43 0.07 86.46 79.62 89.68 
27.04 0.12 0.15 -0.48 -0.29 -0.60 -0.61 -0.08 -1.00 0.17 73.52 81.53 92.07 
27.15 0.04 0.08 -0.51 -0.41 -0.64 -0.64 0.12 -1.36 0.24 67.64 85.04 93.26 
27.25 0.02 0.05 -0.86 -0.61 -0.64 -0.64 0.23 -1.28 0.08 57.39 86.73 91.17 
27.35 0.02 0.12 -0.67 -0.79 -0.61 -0.61 0.15 -0.92 0.10 43.32 82.04 91.11 
27.45 0.17 0.14 -0.90 -0.85 -0.65 -0.65 0.18 -0.82 0.13 41.80 81.98 91.53 
27.55 0.22 0.18 -0.96 -0.96 -0.63 -0.63 0.13 -0.35 0.07 34.88 79.67 90.88 
27.66 0.11 0.16 -0.96 -0.96 -0.61 -0.61 0.13 0.10 0.03 34.88 80.21 90.55 
27.76 0.12 0.14 -0.91 -0.92 -0.62 -0.62 0.10 -0.01 0.03 37.21 81.99 90.26 
27.86 0.17 0.15 -1.02 -0.95 -0.62 -0.62 0.03 0.10 0.03 36.21 81.57 90.43 
27.96 0.09 0.12 -0.95 -0.94 -0.56 -0.60 0.02 1.41 0.18 36.43 82.66 91.75 
28.06 -0.19 0.06 -0.43 -0.71 -0.62 -0.59 0.21 3.54 0.33 46.46 84.35 93.77 
28.16 0.23 0.16 -0.18 -0.42 -0.32 -0.46 0.06 3.41 0.30 65.80 80.67 93.62 
28.26 0.53 0.20 0.22 0.04 -0.35 -0.38 -0.18 2.58 0.30 90.19 82.19 93.67 
28.37 0.00 0.02 0.34 0.24 -0.39 -0.38 -0.18 2.27 0.23 102.99 88.96 93.03 
28.47 0.12 0.02 0.55 0.41 -0.32 -0.33 -0.50 1.47 0.04 112.13 89.98 91.02 
28.57 -0.14 -0.04 0.65 0.55 -0.26 -0.23 -0.75 1.40 -0.26 120.57 91.31 87.19 
28.67 -0.15 -0.07 0.77 0.73 -0.20 -0.22 -0.75 0.80 -0.22 131.50 93.26 87.09 
28.78 -0.08 -0.11 0.79 0.76 -0.14 -0.14 -0.35 0.74 -0.19 133.47 96.32 87.72 
28.88 -0.15 -0.15 0.73 0.80 -0.14 -0.15 0.08 0.18 -0.09 135.70 98.37 88.90 
28.98 -0.16 -0.16 0.92 0.84 -0.21 -0.21 0.40 0.12 0.10 137.40 99.38 91.22 
29.08 -0.11 -0.17 1.02 0.94 -0.27 -0.28 0.25 0.47 0.24 143.28 100.64 92.56 
29.18 -0.22 -0.19 0.92 0.96 -0.35 -0.35 -0.45 0.29 0.26 145.68 100.30 93.54 
29.28 -0.56 -0.26 1.07 0.91 -0.31 -0.23 -0.40 0.26 -0.01 140.38 101.92 90.05 
29.39 -0.28 -0.27 0.99 0.95 -0.23 -0.23 -0.40 0.49 -0.05 144.03 105.60 89.55 
29.49 -0.23 -0.28 0.97 0.96 -0.19 -0.20 -0.04 0.54 -0.06 144.88 106.20 89.36 
29.59 -0.26 -0.28 1.09 1.04 -0.18 -0.18 0.01 0.21 0.01 149.21 106.30 89.98 
29.70 -0.28 -0.28 1.07 1.04 -0.22 -0.22 0.14 -0.15 0.05 149.40 106.19 90.51 
29.80 -0.17 -0.22 1.02 1.04 -0.14 -0.15 0.12 -0.84 0.11 149.71 102.77 91.13 
29.90 -0.25 -0.21 0.86 0.96 -0.22 -0.16 0.10 -1.25 0.10 145.81 101.84 91.37 
30.01 -0.17 -0.19 0.82 0.85 -0.22 -0.22 0.12 -2.10 0.01 139.28 101.01 90.13 
30.11 -0.18 -0.16 0.58 0.73 -0.27 -0.21 0.08 -2.35 -0.08 133.64 98.75 89.22 
30.21 -0.25 -0.18 0.32 0.51 -0.28 -0.28 0.05 -1.93 -0.25 119.03 100.44 87.03 
30.31 -0.01 -0.14 0.36 0.40 -0.31 -0.33 0.05 -2.04 -0.21 112.79 97.92 87.45 
30.41 -0.16 -0.24 0.23 0.14 -0.35 -0.36 -0.08 -0.63 -0.21 97.14 104.60 87.67 
30.51 -0.31 -0.23 -0.16 -0.01 -0.32 -0.32 -0.23 -0.98 -0.42 90.82 102.20 85.24 
30.61 -0.17 -0.19 -0.05 -0.06 -0.30 -0.30 -0.05 -0.40 -0.44 86.62 100.85 84.46 
30.72 -0.19 -0.17 -0.02 -0.05 -0.34 -0.34 0.07 -0.15 -0.03 87.12 99.22 89.08 
30.82 -0.22 -0.17 -0.11 -0.10 -0.34 -0.34 0.15 -0.29 0.03 84.69 99.03 90.37 
30.93 -0.24 -0.20 -0.30 -0.21 -0.33 -0.33 0.08 -0.26 -0.04 79.53 100.29 89.97 
31.03 -0.27 -0.20 -0.31 -0.23 -0.38 -0.38 -0.14 -0.67 -0.14 77.94 100.95 88.67 
31.13 -0.26 -0.21 -0.37 -0.34 -0.33 -0.33 -0.45 -0.94 -0.55 70.83 101.41 83.72 
31.23 -0.22 -0.18 -0.50 -0.45 -0.31 -0.31 -0.68 -1.41 -0.73 64.67 100.23 81.31 
31.34 -0.23 -0.18 -0.65 -0.57 -0.38 -0.32 -0.79 -1.73 -0.86 58.47 99.97 79.62 
31.44 -0.22 -0.32 -0.96 -0.76 -0.36 -0.38 -0.75 -1.16 -0.62 48.12 109.58 82.21 
31.55 -0.37 -0.37 -0.82 -0.78 -0.40 -0.40 -0.30 -0.13 -0.31 45.37 111.10 85.89 
31.65 -0.42 -0.35 -0.95 -0.86 -0.40 -0.40 0.22 0.61 -0.10 41.69 109.58 88.72 
31.78 -0.16 -0.32 -0.61 -0.82 -0.42 -0.40 0.77 2.92 0.23 42.92 108.58 92.70 
31.92 -0.04 -0.28 -0.08 -0.71 -0.10 -0.37 0.78 2.63 0.50 49.33 106.11 96.01 
32.06 -0.00 -0.24 0.24 -0.57 0.62 0.01 0.68 1.93 0.50 57.46 103.72 95.97 
32.19 0.14 -0.18 0.32 -0.44 1.39 0.74 0.83 1.15 0.32 65.07 100.42 93.89 
32.29 0.22 -0.12 0.38 -0.31 0.70 1.29 0.79 0.79 0.01 72.05 97.00 90.14 
32.39 0.46 0.17 0.38 0.15 -0.40 -0.46 0.51 -0.67 -0.54 98.84 80.10 83.53 
32.50 0.28 0.23 0.48 0.33 -0.48 -0.47 -0.08 -0.98 -0.78 107.50 77.33 80.47 
32.60 0.19 0.25 0.48 0.39 -0.50 -0.49 -0.47 -0.53 -0.48 111.50 75.23 83.76 
32.70 0.08 0.11 0.41 0.36 -0.62 -0.61 -0.06 0.22 -0.15 110.25 83.62 87.65 
32.81 0.15 0.13 0.38 0.39 -0.55 -0.56 0.29 0.18 0.31 112.70 82.51 93.30 
32.91 0.21 0.18 0.37 0.37 -0.57 -0.57 0.26 0.18 0.29 111.27 80.27 93.78 
33.02 0.17 0.22 0.33 0.35 -0.47 -0.49 -0.01 0.39 0.18 110.15 77.22 92.25 
33.12 0.38 0.25 0.58 0.41 -0.45 -0.47 0.30 0.74 0.16 111.97 77.08 91.80 
33.22 0.14 0.22 0.50 0.44 -0.50 -0.49 0.39 1.15 0.05 114.72 76.89 91.24 
33.32 0.33 0.32 0.50 0.52 -0.38 -0.39 0.31 0.73 -0.01 119.79 71.73 89.88 
33.42 0.70 0.43 0.81 0.64 -0.26 -0.30 0.16 0.55 -0.07 124.59 68.01 89.46 
33.52 0.30 0.40 0.65 0.68 -0.38 -0.36 -0.02 0.35 -0.06 128.96 65.73 89.34 
33.63 0.32 0.35 0.66 0.69 -0.34 -0.34 0.01 -0.16 0.06 129.73 69.33 90.35 
33.73 0.33 0.35 0.63 0.67 -0.33 -0.33 -0.35 -1.99 0.07 128.14 70.17 90.87 
33.83 0.38 0.38 0.39 0.54 -0.39 -0.39 -0.73 -2.77 0.31 121.16 67.96 93.78 
33.93 0.28 0.28 0.07 0.25 -0.47 -0.48 -1.02 -2.07 0.21 106.21 73.97 92.97 
34.04 0.13 0.19 -0.10 0.04 -0.47 -0.47 -1.11 -2.44 0.17 93.78 78.22 91.79 
34.14 0.02 0.10 -0.41 -0.24 -0.47 -0.47 -1.04 -2.26 0.13 77.61 83.69 91.58 
34.25 -0.08 -0.08 -0.67 -0.50 -0.47 -0.48 -0.67 -1.53 0.05 63.12 94.67 90.73 
34.35 -0.26 -0.18 -0.57 -0.64 -0.45 -0.44 -0.12 -0.56 -0.02 53.29 100.35 89.82 
34.45 -0.16 -0.20 -0.70 -0.71 -0.47 -0.45 0.14 -0.21 -0.06 49.06 102.10 89.63 
34.55 -0.20 -0.20 -0.79 -0.75 -0.42 -0.42 0.21 0.09 -0.04 46.98 101.27 89.50 
34.65 -0.29 -0.22 -0.78 -0.78 -0.44 -0.45 0.31 1.24 0.01 45.44 102.86 90.08 
34.75 0.01 -0.11 0.00 -0.46 -0.52 -0.50 1.00 4.99 0.30 58.97 97.35 92.53 
34.86 -0.04 -0.08 0.12 -0.04 -0.64 -0.64 0.98 1.46 0.39 85.95 95.26 94.92 
34.96 0.17 0.13 0.36 0.12 -0.29 -0.36 0.39 2.33 0.01 94.67 82.65 89.69 
35.07 0.25 0.26 0.46 0.35 -0.21 -0.20 0.59 1.50 0.15 108.85 75.25 91.70 
35.17 0.46 0.23 0.70 0.51 -0.23 -0.25 0.77 1.46 0.24 117.55 78.95 92.86 
35.27 0.27 0.29 0.71 0.63 -0.23 -0.22 0.44 0.74 0.05 126.02 73.24 90.63 
35.37 0.35 0.42 0.69 0.68 -0.17 -0.15 -0.23 -0.13 -0.14 128.86 66.16 88.32 
35.47 0.37 0.39 0.73 0.73 -0.24 -0.24 -0.28 -0.60 -0.07 131.69 67.73 88.86 
35.58 0.18 0.26 0.63 0.64 -0.26 -0.25 -0.42 -1.21 -0.06 126.59 74.47 89.10 
35.68 0.27 0.24 0.46 0.55 -0.35 -0.36 -0.53 -1.95 0.08 121.56 76.40 90.99 
35.78 0.12 0.18 0.26 0.39 -0.38 -0.37 -0.68 -2.56 0.33 114.01 78.77 93.89 
35.88 0.15 0.14 0.11 0.16 -0.40 -0.40 -0.70 -2.32 0.18 98.90 81.75 92.20 
35.99 -0.12 0.01 -0.12 -0.09 -0.45 -0.43 -0.59 -2.19 0.25 84.91 88.26 92.80 
36.09 -0.01 -0.08 -0.62 -0.37 -0.44 -0.46 -0.10 -0.81 0.44 68.82 94.34 95.28 
36.19 -0.00 -0.10 -0.50 -0.44 -0.40 -0.43 0.32 0.27 0.43 65.12 96.92 95.31 
36.29 -0.04 -0.06 -0.30 -0.42 -0.38 -0.37 0.35 0.13 0.29 64.69 93.63 93.51 
36.40 0.00 -0.01 -0.58 -0.44 -0.39 -0.35 0.18 -1.08 0.12 64.55 90.85 91.50 
36.50 -0.13 -0.06 -0.72 -0.54 -0.38 -0.39 0.04 -1.22 0.01 60.91 92.86 90.60 
36.60 -0.06 -0.09 -0.69 -0.68 -0.37 -0.37 -0.06 -0.66 -0.02 51.39 95.29 89.77 
36.70 -0.08 -0.10 -0.77 -0.72 -0.37 -0.37 0.03 -0.05 0.09 49.42 95.78 90.99 
36.81 -0.09 -0.09 -0.65 -0.70 -0.36 -0.36 -0.04 -0.11 0.12 49.73 95.28 91.25 
36.91 -0.10 -0.09 -0.79 -0.73 -0.33 -0.35 -0.10 -0.39 0.17 48.61 95.05 91.98 
37.02 -0.20 -0.13 -0.82 -0.77 -0.30 -0.30 0.02 0.05 0.14 46.15 96.55 91.81 
37.12 -0.13 -0.13 -0.75 -0.76 -0.29 -0.29 0.10 0.13 0.11 46.60 97.65 91.28 
37.22 -0.15 -0.13 -0.60 -0.72 -0.30 -0.29 0.03 -0.13 0.05 47.36 97.34 90.71 
37.32 -0.13 -0.14 -0.79 -0.77 -0.29 -0.29 -0.04 -0.16 0.08 46.11 97.91 90.93 
37.43 -0.21 -0.17 -0.85 -0.78 -0.27 -0.26 -0.07 -0.01 0.10 45.73 99.68 91.17 
37.53 -0.21 -0.19 -0.76 -0.76 -0.26 -0.26 -0.07 -0.08 0.09 46.50 100.54 91.14 
37.63 -0.18 -0.20 -0.77 -0.78 -0.24 -0.24 0.04 0.12 0.06 45.17 101.45 90.90 
37.74 -0.16 -0.20 -0.79 -0.75 -0.25 -0.25 0.08 -0.06 -0.03 47.20 101.72 89.64 
37.84 -0.15 -0.17 -0.70 -0.78 -0.25 -0.24 0.03 -0.05 0.01 45.47 99.74 90.06 
37.94 -0.17 -0.18 -0.81 -0.78 -0.25 -0.26 0.07 -0.03 0.03 45.56 100.19 90.35 
38.04 -0.18 -0.18 -0.75 -0.77 -0.25 -0.25 0.04 -0.01 -0.01 45.51 100.04 89.93 
38.14 -0.16 -0.18 -0.77 -0.76 -0.27 -0.26 0.02 -0.05 -0.02 46.35 100.17 89.78 
38.25 -0.18 -0.17 -0.75 -0.76 -0.27 -0.27 0.01 -0.03 0.00 46.19 99.88 89.95 
38.35 -0.18 -0.18 -0.79 -0.78 -0.25 -0.25 -0.07 -0.06 0.04 45.65 100.21 90.49 
38.46 -0.22 -0.20 -0.80 -0.79 -0.24 -0.24 -0.09 0.08 0.07 45.11 101.37 90.77 
38.56 -0.34 -0.25 -0.70 -0.75 -0.24 -0.24 -0.46 0.23 0.25 46.75 103.33 92.57 
38.66 -0.36 -0.32 -0.67 -0.72 -0.12 -0.21 -0.90 1.12 0.78 48.89 108.54 99.37 
38.76 -0.50 -0.44 -0.54 -0.60 -0.14 -0.13 -0.79 1.53 0.74 54.94 114.31 99.06 
38.87 -0.45 -0.48 -0.25 -0.42 -0.13 -0.10 -0.53 1.69 0.41 64.02 117.54 95.32 
38.97 -0.57 -0.54 -0.18 -0.32 -0.17 -0.15 -0.15 2.47 0.17 71.79 120.67 92.06 
39.07 -0.24 -0.44 0.11 -0.05 -0.18 -0.19 0.39 1.71 0.21 85.39 117.48 92.40 
39.17 -0.38 -0.41 0.24 0.15 -0.26 -0.26 0.19 0.32 0.19 98.71 113.47 92.25 
39.28 -0.43 -0.42 0.11 0.13 -0.24 -0.24 -0.29 -0.13 -0.08 97.39 114.14 89.03 
39.38 -0.46 -0.45 0.18 0.14 -0.26 -0.25 -0.26 0.31 -0.03 98.12 115.52 89.63 
39.49 -0.50 -0.50 0.19 0.18 -0.32 -0.32 -0.74 0.42 -0.10 100.11 118.36 89.00 
39.59 -0.68 -0.57 0.21 0.21 -0.30 -0.28 -1.01 0.09 -0.18 102.28 122.65 87.89 
39.69 -0.67 -0.65 0.24 0.21 -0.34 -0.33 -0.81 0.31 -0.17 101.67 126.93 87.92 
39.79 -0.79 -0.74 0.20 0.21 -0.34 -0.33 -0.42 0.37 -0.06 101.95 131.61 89.43 
39.90 -0.83 -0.79 0.31 0.25 -0.38 -0.37 -0.43 0.05 -0.07 104.00 134.95 89.14 
40.00 -0.87 -0.83 0.26 0.26 -0.44 -0.43 -0.63 -0.09 -0.17 105.13 137.66 87.96 
40.10 -0.86 -0.87 0.20 0.23 -0.38 -0.39 -0.23 -0.03 0.09 103.54 139.78 90.69 
40.21 -0.81 -0.88 0.15 0.18 -0.35 -0.37 0.32 0.65 0.26 100.78 140.80 93.12 
40.31 -0.83 -0.82 0.28 0.25 -0.33 -0.33 0.38 -0.08 0.16 104.16 137.04 91.88 
40.41 -0.82 -0.81 0.36 0.30 -0.36 -0.35 0.38 0.15 0.27 106.81 136.23 93.26 
40.52 -0.78 -0.79 0.30 0.30 -0.37 -0.38 0.21 -0.07 0.28 107.13 135.11 93.53 
40.62 -0.79 -0.77 0.29 0.31 -0.30 -0.30 0.01 -0.46 0.23 107.85 133.93 92.97 
40.72 -0.75 -0.76 0.43 0.35 -0.30 -0.29 -0.29 -0.19 0.31 109.79 133.52 93.68 
40.82 -0.83 -0.80 0.43 0.40 -0.30 -0.29 -0.48 -0.28 0.35 113.09 135.92 94.17 
40.93 -0.82 -0.83 0.43 0.42 -0.31 -0.33 -0.19 -0.52 0.30 113.79 137.50 93.65 
41.03 -0.90 -0.87 0.37 0.41 -0.36 -0.36 0.05 -0.50 0.34 113.79 139.83 93.93 
41.13 -0.83 -0.86 0.36 0.37 -0.36 -0.35 0.12 -0.35 0.44 111.44 139.52 95.24 
41.24 -0.84 -0.82 0.35 0.35 -0.29 -0.28 0.00 -0.24 0.46 109.91 136.85 95.57 
41.34 -0.84 -0.84 0.37 0.36 -0.33 -0.32 -0.17 -0.29 0.38 110.67 137.94 94.58 
41.44 -0.82 -0.82 0.38 0.36 -0.29 -0.29 -0.12 -0.19 0.36 110.62 137.31 94.31 
41.54 -0.77 -0.80 0.39 0.37 -0.25 -0.26 -0.06 -0.15 0.36 110.97 136.16 94.36 
41.65 -0.79 -0.78 0.43 0.39 -0.26 -0.25 -0.07 -0.20 0.38 112.15 134.87 94.58 
41.75 -0.82 -0.80 0.37 0.39 -0.29 -0.29 -0.05 -0.31 0.37 112.52 135.50 94.56 
41.85 -0.81 -0.82 0.39 0.41 -0.39 -0.39 -0.01 -0.31 0.30 113.38 136.78 93.62 
41.95 -0.80 -0.81 0.42 0.41 -0.39 -0.39 -0.01 -0.21 0.20 113.36 136.63 92.37 
42.05 -0.77 -0.79 0.40 0.40 -0.36 -0.37 0.01 -0.09 0.09 112.73 135.72 91.20 
42.16 -0.75 -0.77 0.38 0.40 -0.33 -0.33 0.15 -0.14 0.05 112.97 134.08 90.56 
42.26 -0.68 -0.73 0.39 0.38 -0.28 -0.29 0.42 -0.16 0.02 111.97 132.37 90.17 
42.37 -0.61 -0.67 0.38 0.37 -0.27 -0.29 0.76 -0.26 0.02 111.32 128.93 90.16 
42.47 -0.50 -0.57 0.34 0.34 -0.18 -0.20 1.45 -0.31 0.03 109.26 123.42 90.27 
42.57 -0.34 -0.47 0.33 0.34 -0.31 -0.34 1.84 -0.61 0.22 109.31 116.86 92.60 
42.68 -0.21 -0.31 0.30 0.32 -0.41 -0.29 2.00 -0.26 0.31 108.25 108.92 93.53 
42.78 -0.03 -0.15 0.30 0.30 -0.37 -0.40 1.97 -0.57 0.37 107.21 98.58 94.40 
42.88 0.27 0.08 0.20 0.24 -0.36 -0.40 1.79 -0.61 0.46 104.44 87.31 95.47 
42.98 0.49 0.30 0.12 0.15 -0.08 -0.11 1.47 -0.20 0.39 99.11 74.49 94.82 
43.09 0.60 0.46 -0.01 0.09 -0.23 -0.26 1.09 -0.73 0.30 96.22 64.82 93.80 
43.19 0.53 0.53 -0.04 0.02 2.28 0.15 0.69 -0.55 0.09 91.54 59.55 91.35 
43.29 0.62 0.60 -0.09 -0.05 -0.26 -0.27 0.44 -0.27 -0.05 87.36 55.83 89.53 
43.39 0.80 0.67 -0.25 -0.11 -0.26 -0.25 0.40 0.18 -0.26 83.62 51.80 86.86 
43.50 0.81 0.77 0.09 -0.01 -0.22 -0.22 0.47 0.42 -0.32 88.15 46.46 85.90 
43.60 0.76 0.76 0.10 0.13 -0.32 -0.33 0.51 0.36 0.01 97.41 46.46 89.62 
43.70 0.77 0.76 0.08 0.10 -0.32 -0.32 0.55 0.50 -0.09 95.47 46.30 88.94 
43.81 0.84 0.89 0.18 0.10 -0.16 -0.14 -0.03 0.71 -0.51 94.69 38.57 84.17 
43.91 0.97 0.85 0.11 0.16 -0.13 -0.21 -0.39 0.23 -0.56 99.60 42.75 83.44 
44.01 0.61 0.75 0.21 0.17 -0.21 -0.17 -0.49 0.06 -0.88 99.93 46.96 79.50 
44.11 0.53 0.62 0.37 0.29 -0.28 -0.25 -0.41 -0.70 -1.23 106.67 54.35 75.30 
44.21 0.59 0.63 0.50 0.41 -0.32 -0.30 -0.21 -0.64 -0.93 113.65 53.65 78.79 
44.31 0.54 0.60 0.41 0.46 -0.35 -0.34 0.10 -0.22 -0.42 117.12 55.03 85.00 
44.42 0.47 0.50 0.46 0.46 -0.53 -0.53 0.45 -0.59 -0.20 116.19 61.19 87.23 
44.52 0.67 0.59 0.51 0.46 -0.48 -0.50 0.36 -0.45 -0.36 116.20 57.12 85.66 
44.62 0.79 0.70 0.43 0.44 -0.34 -0.37 -0.31 -0.42 -0.51 115.02 49.82 83.82 
44.73 0.60 0.68 0.45 0.43 -0.27 -0.26 -1.05 -0.48 -0.79 114.57 50.51 80.60 
44.83 0.33 0.52 0.42 0.42 -0.27 -0.24 -1.30 -0.43 -0.85 113.95 60.36 79.80 
44.93 0.21 0.35 0.46 0.45 -0.34 -0.31 -1.45 -0.25 -0.56 115.68 68.26 82.81 
45.04 0.10 0.18 0.45 0.43 -0.32 -0.30 -1.40 -0.20 -0.27 114.34 79.21 86.26 
45.14 -0.13 -0.00 0.33 0.38 -0.27 -0.35 -1.48 0.16 -0.22 111.92 88.83 87.67 
45.25 -0.29 -0.15 0.28 0.32 -0.29 -0.27 -1.28 -0.17 -0.36 109.02 96.94 85.99 
45.35 -0.43 -0.29 0.26 0.30 -0.34 1.88 -0.99 -0.59 -0.41 107.43 106.71 85.08 
45.45 -0.52 -0.44 0.25 0.26 -0.48 -0.46 -0.79 -0.29 -0.28 104.87 114.12 86.40 
45.55 -0.50 -0.52 0.19 0.23 -0.46 -0.47 -0.83 -0.38 -0.11 102.94 119.61 88.69 
45.66 -0.58 -0.58 0.17 0.20 -0.41 -0.42 -0.66 -0.10 -0.04 101.85 123.20 89.40 
45.76 -0.60 -0.61 0.24 0.22 -0.42 -0.42 -0.22 -0.39 0.04 102.27 125.26 90.29 
45.86 -0.56 -0.58 0.37 0.29 -0.41 -0.39 0.31 -1.67 0.38 106.72 123.25 94.60 
45.97 -0.79 -0.67 0.41 0.34 -0.58 -0.55 0.67 -1.86 1.26 108.50 127.32 103.54 
46.07 -0.73 -0.69 0.30 0.28 -0.54 -0.53 0.96 -1.38 2.21 105.94 129.18 114.81 
46.17 -0.64 -0.66 -0.06 0.12 -0.40 -0.42 1.68 -1.03 2.53 96.66 127.88 120.32 
46.27 -0.46 -0.57 -0.31 -0.15 0.01 -0.05 2.22 -0.07 1.98 82.96 123.61 114.75 
46.38 -0.20 -0.34 -0.34 -0.25 0.43 0.40 1.46 -0.13 0.65 76.42 111.06 99.45 
46.48 -0.05 -0.12 -0.07 -0.24 0.43 0.46 0.38 0.01 -0.76 74.80 97.79 82.62 
46.59 -0.07 -0.13 0.08 -0.10 0.18 0.21 0.19 0.31 -1.61 82.62 97.81 70.63 
46.69 0.08 -0.05 0.22 0.12 0.01 0.01 0.37 0.37 -1.91 95.72 94.00 67.97 
46.79 -0.06 -0.06 0.22 0.15 -0.14 -0.13 0.40 0.26 -2.35 97.64 93.73 61.99 
46.89 -0.05 -0.00 0.18 0.24 -0.23 -0.20 0.08 -0.14 -1.62 103.79 90.16 70.54 
47.00 -0.06 -0.01 0.17 0.21 -0.27 -0.27 -0.06 -0.43 -1.08 102.45 89.82 76.48 
47.10 0.00 0.04 0.24 0.22 -0.27 -0.26 0.12 -0.41 -0.43 102.32 87.49 83.37 
47.21 0.00 0.01 0.21 0.18 -0.33 -0.32 0.09 -0.63 1.04 99.96 89.08 101.16 
47.31 0.06 0.01 0.06 0.14 -0.32 -0.34 0.39 -0.71 2.18 98.97 90.01 115.07 
47.41 -0.01 -0.01 0.03 0.10 -0.23 -0.28 0.51 -0.16 2.73 96.47 90.62 122.10 
47.52 -0.07 -0.01 -0.03 0.00 -0.07 -0.06 0.43 0.31 2.51 90.39 89.71 120.47 
47.62 0.01 0.02 -0.18 -0.07 0.18 0.16 0.40 0.31 1.83 87.06 88.64 112.99 
47.72 -0.07 -0.01 -0.18 -0.18 0.34 0.34 0.16 0.12 0.40 79.99 89.73 96.21 
47.82 0.02 0.01 -0.05 -0.11 0.29 0.30 0.07 -0.05 -0.55 83.08 89.83 84.50 
47.93 0.06 0.04 -0.17 -0.14 0.29 0.31 -0.10 0.27 -1.56 82.31 87.65 72.89 
48.03 0.07 0.02 -0.17 -0.11 0.20 0.18 -0.66 0.16 -2.49 84.59 89.58 60.98 
48.13 0.04 -0.00 0.30 0.06 -0.04 -0.01 -0.64 0.28 -3.13 91.03 90.54 52.62 
48.23 -0.03 -0.06 0.16 0.11 -0.17 -0.17 -0.39 0.23 -2.57 96.10 93.59 59.13 
48.34 -0.03 -0.09 0.12 0.18 -0.36 -0.38 -0.14 -0.20 -1.38 100.38 95.33 73.39 
48.44 0.03 -0.09 0.06 0.12 -0.30 -0.33 -0.14 0.13 -0.15 96.92 94.96 88.19 
48.54 -0.05 -0.11 0.19 0.17 -0.32 -0.33 -0.11 0.10 0.79 99.21 96.80 98.62 
48.64 -0.03 -0.10 0.17 0.15 -0.26 -0.33 -0.08 -0.27 1.40 98.38 96.56 106.53 
48.75 -0.31 -0.20 0.10 0.18 -0.31 -0.30 0.17 -0.51 2.19 101.20 100.18 115.72 
48.85 -0.23 -0.20 0.13 0.15 -0.22 1.90 0.33 -0.63 2.50 98.81 101.17 119.95 
48.95 -0.07 -0.14 -0.12 0.01 0.01 -0.02 0.51 -0.05 2.34 92.08 98.80 118.55 
49.05 -0.18 -0.13 -0.32 -0.14 0.30 0.27 0.52 -0.43 1.44 81.70 97.49 107.32 
49.15 -0.00 -0.09 -0.35 -0.23 0.41 0.38 0.19 -0.05 0.15 76.63 94.87 91.80 
49.26 0.08 -0.01 -0.08 -0.16 0.35 0.36 -0.17 0.29 -1.11 80.30 91.67 77.83 
49.36 0.00 0.00 0.02 -0.06 0.20 0.21 -0.59 -0.02 -1.90 85.46 89.71 67.98 
49.46 -0.16 -0.12 0.03 -0.04 0.06 0.07 -0.69 0.38 -2.43 87.76 96.65 60.81 
49.56 -0.29 -0.15 0.13 0.11 -0.17 -0.14 -0.43 -0.02 -2.12 95.87 97.01 63.87 
49.67 -0.28 -0.20 0.11 0.11 -0.29 -0.28 -0.34 0.05 -1.51 96.30 101.40 71.86 
49.77 -0.24 -0.19 0.05 0.05 -0.29 -0.28 -0.20 -0.15 -0.63 92.90 100.56 81.30 
49.87 -0.16 -0.20 0.06 0.01 -0.28 -0.28 -0.04 -0.04 0.02 89.99 101.96 89.91 
49.97 -0.19 -0.24 0.06 0.02 -0.34 -0.35 0.13 -0.20 0.86 91.08 103.53 100.29 
50.08 -0.28 -0.27 0.07 0.08 -0.35 -0.35 0.46 -0.56 1.92 94.60 105.69 111.95 
50.18 -0.20 -0.25 0.14 0.08 -0.30 -0.30 0.47 0.24 2.31 93.68 104.86 117.45 
50.28 -0.21 -0.21 -0.05 0.04 -0.07 -0.08 0.62 -0.59 2.23 92.01 102.09 116.72 
50.38 -0.06 -0.12 -0.01 -0.03 0.11 0.10 0.55 -0.02 1.65 88.27 97.14 109.78 
50.48 -0.03 -0.05 -0.28 -0.24 0.44 0.44 0.31 -0.05 0.57 76.48 92.61 96.79 
50.59 -0.04 -0.01 -0.12 -0.22 0.39 0.43 -0.25 -0.35 -1.03 76.63 90.52 78.92 
50.69 -0.14 -0.06 -0.04 -0.16 0.25 0.28 -0.52 0.45 -1.69 79.26 92.44 70.38 
50.79 -0.11 -0.08 0.10 0.03 0.03 0.04 -0.49 0.10 -1.94 90.81 94.30 66.64 
50.90 -0.28 -0.18 0.03 0.06 -0.21 -0.20 -0.27 0.01 -1.87 94.02 99.03 66.91 
51.00 -0.28 -0.21 0.02 0.07 -0.36 -0.35 -0.34 0.06 -1.48 93.79 101.98 72.25 
51.10 -0.25 -0.23 -0.03 -0.00 -0.39 -0.39 -0.41 0.06 -1.09 89.99 103.02 76.89 
51.20 -0.24 -0.24 -0.13 -0.05 -0.37 -0.38 -0.05 0.08 -0.18 87.94 103.96 86.61 
51.30 -0.20 -0.23 0.03 -0.04 -0.34 -0.37 0.20 0.43 0.43 87.63 103.42 95.11 
51.41 -0.36 -0.25 0.11 0.05 -0.44 -0.41 0.49 -0.30 1.42 92.29 103.47 105.69 
51.51 -0.24 -0.28 0.15 0.12 -0.45 -0.45 0.65 -0.40 2.55 96.70 105.85 120.61 
51.61 -0.21 -0.23 0.04 0.12 -0.36 -0.37 0.74 -0.61 3.06 97.77 103.08 126.70 
51.71 -0.10 -0.12 -0.02 -0.00 0.06 0.05 0.63 -0.26 2.74 89.92 96.63 122.88 
51.82 -0.14 -0.07 -0.39 -0.31 0.59 0.51 0.40 0.41 1.62 72.97 93.19 111.09 
51.92 -0.12 -0.11 -0.47 -0.37 0.74 0.72 -0.01 0.05 -0.35 70.10 96.45 88.15 
52.02 -0.04 -0.10 -0.27 -0.26 0.54 0.59 -0.29 -0.22 -1.72 74.97 95.73 69.37 
52.13 0.07 -0.03 -0.05 -0.19 0.36 0.38 -0.69 0.23 -2.44 77.70 92.95 61.33 
52.23 -0.19 -0.15 -0.14 -0.10 0.11 0.10 -0.83 0.33 -2.57 84.07 98.43 59.16 
52.33 -0.17 -0.20 0.34 0.17 -0.20 -0.18 -0.29 1.94 -2.49 98.11 101.90 59.02 
52.43 -0.20 -0.23 0.35 0.29 -0.35 -0.35 -0.08 -0.16 -1.41 106.46 103.32 73.12 
52.53 -0.21 -0.24 0.20 0.24 -0.32 -0.32 -0.12 -0.24 -0.07 104.24 103.76 87.62 
52.64 -0.25 -0.24 0.21 0.18 -0.32 -0.31 -0.05 -0.71 0.99 100.38 103.55 100.37 
52.74 -0.27 -0.27 0.23 0.18 -0.35 -0.34 0.26 -1.03 1.84 99.86 105.71 110.88 
52.85 -0.40 -0.36 -0.06 0.13 -0.31 -0.38 0.79 -1.50 2.74 99.40 109.98 122.55 
52.95 -0.13 -0.30 -0.05 -0.00 -0.10 -0.13 1.16 -0.31 2.93 89.79 107.30 125.20 
53.05 -0.18 -0.18 -0.58 -0.32 0.54 0.38 1.08 0.23 2.43 74.14 100.18 121.21 
53.15 -0.10 -0.17 -0.26 -0.32 0.53 0.54 0.18 0.13 0.88 71.31 100.69 102.49 
53.26 0.02 -0.06 -0.04 -0.16 0.55 0.57 0.04 0.91 -0.15 79.31 94.56 88.61 
53.36 -0.01 -0.03 0.30 0.09 0.36 0.39 0.26 0.56 -0.16 92.97 91.79 87.56 
53.46 0.00 0.02 0.18 0.17 0.35 0.35 0.11 0.04 0.10 99.87 88.95 91.23 
53.56 0.08 0.01 0.17 0.15 0.40 0.39 0.01 0.05 0.14 98.51 90.31 91.86 
53.67 -0.11 -0.04 0.01 0.05 0.48 0.48 -0.07 0.25 -0.26 93.09 91.75 87.89 
53.77 -0.24 -0.12 -0.09 -0.02 0.52 0.51 -0.47 0.19 -1.51 89.36 95.83 73.52 
53.88 -0.03 -0.09 0.26 0.05 0.41 0.44 -0.38 0.44 -2.57 90.78 95.87 59.31 
54.01 -0.20 -0.11 0.46 0.11 0.19 0.37 0.61 -0.50 0.80 96.38 96.18 99.58 
54.14 0.25 -0.05 0.19 0.12 0.13 0.18 0.55 -0.68 -2.43 97.08 93.10 60.79 
54.28 0.07 -0.04 0.11 0.12 0.03 0.11 -0.10 0.62 1.47 96.94 92.03 107.59 
54.42 -0.07 -0.04 0.08 0.11 0.07 0.04 -0.05 -0.30 -0.49 96.55 92.30 84.16 
54.52 -0.02 -0.04 0.16 0.12 0.04 0.07 0.21 -0.04 -0.07 96.94 92.09 89.19 
54.62 -0.06 -0.02 0.11 0.09 0.07 0.08 0.19 0.23 0.10 95.10 91.02 91.33 
54.72 -0.07 -0.03 0.15 0.11 0.05 0.06 -0.05 -0.10 -0.16 95.95 91.08 87.91 
54.83 0.00 -0.04 0.08 0.11 0.02 0.01 -0.04 -0.02 0.13 96.71 92.56 91.61 
54.93 -0.09 -0.03 0.14 0.08 0.07 0.09 0.06 -0.08 -0.31 93.77 91.21 86.61 
55.04 -0.13 -0.06 0.31 0.20 -0.06 -0.04 -0.03 -0.14 -0.07 100.23 92.65 87.70 
55.14 0.14 0.03 -0.30 -0.05 0.19 0.14 0.17 -0.00 0.29 89.81 89.40 95.86 
55.25 -0.31 -0.13 0.40 0.11 -0.07 -0.01 0.09 0.24 -0.79 93.71 95.46 78.83 
55.35 -0.01 -0.07 -0.01 0.12 -0.05 -0.07 0.27 -0.72 0.88 96.93 93.89 100.59 
55.45 0.04 -0.00 -0.11 -0.06 0.17 0.15 0.42 0.33 -0.44 87.33 90.54 85.67 
55.55 -0.08 -0.07 -0.12 -0.02 0.06 0.04 -0.36 -0.61 -0.73 89.99 94.02 82.23 
55.66 0.09 -0.01 -0.02 -0.05 0.03 0.02 -0.25 -0.62 -1.61 87.00 91.33 70.76 
55.76 0.05 0.05 -0.08 -0.00 -0.02 -0.02 -0.76 -0.12 -1.99 90.52 86.82 66.89 
55.86 -0.24 -0.09 0.06 -0.01 -0.14 -0.11 -1.10 0.13 -2.28 89.49 95.12 62.69 
55.96 -0.22 -0.18 0.22 0.11 -0.28 -0.31 -1.04 -0.32 -1.12 95.21 99.99 73.26 
56.06 -0.30 -0.24 0.19 0.17 -0.32 -0.31 -0.31 0.03 1.71 99.83 103.94 110.58 
56.17 -0.46 -0.28 0.00 0.08 -0.18 -0.16 0.54 -0.21 2.19 95.34 104.17 116.15 
56.27 -0.29 -0.29 -0.16 -0.04 -0.04 -0.06 1.03 -0.41 1.55 88.78 106.46 110.30 
56.37 0.00 -0.15 -0.40 -0.23 0.21 0.17 1.00 -0.94 0.17 76.89 98.61 92.03 
56.48 -0.25 -0.13 -0.06 -0.29 0.21 0.27 0.20 -0.36 -1.25 70.78 96.37 75.54 
56.58 -0.28 -0.18 -0.12 -0.26 -0.02 0.03 -0.46 0.50 -1.83 74.88 100.03 68.01 
56.68 -0.20 -0.21 -0.10 -0.16 -0.41 -0.21 -0.34 -0.13 -2.27 80.29 101.99 62.52 
56.78 -0.04 -0.16 -0.15 -0.11 -0.38 -0.41 0.08 0.09 -2.07 83.46 99.30 65.21 
56.89 -0.03 -0.09 0.33 0.15 -0.52 -0.52 0.26 0.64 -0.40 96.98 95.86 82.34 
56.99 0.11 -0.01 0.14 0.25 -0.51 -0.53 0.14 0.50 1.38 105.65 91.51 106.11 
57.09 0.00 -0.02 -0.08 0.09 -0.33 -0.34 0.08 -0.18 1.63 97.21 91.40 110.21 
57.20 0.05 0.02 -0.06 -0.03 -0.16 -0.15 0.08 -0.51 0.63 88.62 89.35 99.31 
57.30 0.11 0.07 -0.36 -0.20 -0.01 -0.04 -0.07 -0.24 -0.70 80.01 86.77 82.46 
57.40 0.01 -0.02 -0.12 -0.26 -0.05 -0.02 -0.30 0.68 -1.57 74.99 91.36 71.14 
57.50 0.07 0.01 0.28 0.00 -0.27 -0.25 -0.31 0.12 -1.76 90.19 89.67 68.88 
57.61 0.02 0.04 0.30 0.20 -0.37 -0.36 -0.39 -0.17 0.33 100.44 87.69 90.51 
57.71 -0.04 0.02 0.14 0.16 -0.33 -0.32 0.20 0.23 1.67 99.22 88.99 110.02 
57.81 -0.04 -0.05 0.01 0.09 -0.24 -0.25 0.43 -0.01 2.03 95.80 93.23 114.27 
57.92 -0.09 -0.06 -0.11 -0.03 -0.15 -0.16 0.55 -0.30 1.41 89.39 92.85 108.11 
58.02 0.11 0.03 -0.45 -0.23 0.12 0.07 0.24 -0.37 -0.03 78.90 89.40 91.48 
58.12 -0.12 -0.05 -0.45 -0.33 0.05 0.03 -0.59 -0.24 -1.02 71.21 92.95 77.79 
58.22 -0.18 -0.10 -0.12 -0.19 -0.14 -0.12 -1.09 -0.31 -2.00 78.55 95.03 66.05 
58.33 -0.25 -0.20 -0.08 -0.09 -0.41 -0.40 -1.32 -0.86 -1.96 84.82 101.37 66.50 
58.43 -0.30 -0.26 -0.19 -0.12 -0.39 -0.41 -1.29 -0.70 -1.11 84.14 104.51 75.52 
58.53 -0.22 -0.23 -0.04 -0.16 -0.33 -0.32 -1.01 -0.74 -0.72 80.75 103.21 81.38 
58.63 -0.36 -0.30 -0.25 -0.27 -0.30 -0.29 -0.38 -0.02 0.60 74.58 106.41 96.35 
58.74 -0.48 -0.37 -0.16 -0.26 -0.28 -0.26 0.22 0.41 1.32 74.06 110.13 105.06 
58.84 -0.50 -0.46 -0.19 -0.19 -0.22 -0.22 0.42 0.29 1.81 78.90 116.12 110.89 
58.94 -0.46 -0.45 -0.14 -0.11 2.28 0.23 0.46 0.16 1.91 83.75 115.46 113.40 
59.04 -0.31 -0.42 -0.15 -0.14 0.11 0.09 1.36 0.25 1.17 82.26 115.02 105.42 
59.15 -0.40 -0.39 0.05 -0.06 -0.14 -0.12 1.90 -0.15 0.65 85.48 112.28 98.38 
59.25 -0.15 -0.26 -0.08 -0.05 -0.13 -0.15 1.90 -0.56 0.28 87.36 105.83 93.65 
59.36 0.13 -0.05 -0.24 -0.15 -0.21 -0.25 1.42 -0.74 -0.27 82.50 94.65 87.68 
59.46 0.18 0.17 -0.38 -0.32 -0.02 -0.03 0.54 -0.38 -1.16 71.70 79.98 76.10 
59.56 0.17 0.21 -0.18 -0.20 -0.26 -0.26 -0.70 -0.44 -1.36 78.29 77.38 73.26 
59.67 0.10 0.20 0.06 -0.04 -0.38 -0.37 -1.33 0.23 -0.75 86.53 77.57 79.55 
59.77 -0.04 0.09 0.15 0.15 -0.44 -0.42 -1.39 -0.07 0.90 98.57 83.56 97.96 
59.87 -0.26 -0.09 0.04 0.13 -0.30 -0.29 -0.40 0.27 2.27 97.34 95.15 117.28 
59.98 -0.34 -0.24 -0.05 0.06 -0.31 -0.31 0.87 -0.22 2.66 94.51 102.61 121.78 
60.08 -0.24 -0.23 -0.17 -0.08 -0.10 -0.11 1.73 -0.00 2.13 86.01 102.83 116.30 
60.18 0.12 -0.06 -0.30 -0.20 0.03 0.08 1.87 -1.05 1.15 78.30 93.66 103.77 
60.29 0.70 0.31 -0.65 -0.51 0.31 0.30 1.08 -0.90 -0.36 62.35 76.44 87.24 
60.39 0.73 0.43 -0.53 -0.50 0.11 0.10 0.29 -0.50 -0.91 61.56 65.60 79.11 
60.49 0.45 0.47 -0.34 -0.45 0.02 0.03 0.05 0.12 -1.40 63.32 62.59 73.67 
60.59 0.38 0.42 -0.15 -0.30 -0.14 -0.12 -0.14 0.38 -1.43 71.47 65.77 72.85 
60.69 0.35 0.40 -0.11 -0.16 -0.24 -0.23 -0.12 0.10 -1.54 80.63 67.22 71.55 
60.80 0.38 0.46 0.05 -0.02 -0.34 -0.33 -0.23 -0.05 -1.48 88.21 63.09 72.17 
60.90 0.44 0.42 0.10 0.05 -0.38 -0.38 -0.41 0.02 -1.29 93.09 66.21 74.53 
61.00 0.29 0.37 0.19 0.13 -0.43 -0.41 -0.56 -0.15 -1.28 96.70 67.87 74.93 
61.11 0.34 0.31 0.23 0.21 -0.44 -0.44 -0.68 -0.31 -1.20 101.70 72.34 75.37 
61.21 0.12 0.26 0.33 0.25 -0.40 -0.44 -0.96 -0.47 -1.01 103.40 73.61 77.60 
61.32 0.06 0.20 0.27 0.27 -0.45 -0.43 -1.35 -0.26 -0.60 105.57 76.91 82.30 
61.42 -0.09 0.06 0.25 0.24 -0.32 -0.30 -1.48 -0.23 -0.24 103.36 85.33 86.27 
61.52 -0.16 -0.09 0.22 0.22 -0.34 -0.33 -1.35 -0.18 0.51 102.87 94.42 95.21 
61.62 -0.41 -0.22 0.11 0.19 -0.20 -0.19 -1.05 -0.98 1.30 101.13 102.59 105.62 
61.73 -0.43 -0.38 0.04 0.10 -0.20 -0.20 -0.45 -0.83 1.76 96.70 111.23 111.28 
61.83 -0.52 -0.43 -0.02 0.06 -0.05 -0.05 0.23 -0.64 1.50 93.24 114.91 108.02 
61.93 -0.32 -0.41 -0.06 0.03 -0.05 -0.05 0.63 -0.97 1.20 92.90 114.62 104.78 
62.04 -0.45 -0.41 -0.04 -0.04 0.01 0.02 0.86 -0.45 0.55 87.78 112.76 98.41 
62.14 -0.29 -0.35 -0.03 -0.06 -0.05 -0.06 0.91 -0.09 -0.05 86.82 109.96 89.42 
62.24 -0.21 -0.27 -0.12 -0.08 0.03 0.01 0.64 0.12 -0.63 85.17 105.37 82.43 
62.34 -0.16 -0.17 0.06 0.01 -0.11 -0.10 0.29 0.02 -0.85 90.51 99.92 79.79 
62.44 -0.06 -0.08 0.15 0.12 -0.11 -0.11 0.29 0.51 -0.29 96.70 94.60 85.56 
62.54 -0.02 -0.05 0.19 0.13 -0.07 -0.07 0.24 0.52 -0.03 96.97 93.15 89.82 
62.64 0.04 -0.02 0.22 0.13 -0.07 -0.08 0.21 0.27 0.03 97.50 91.42 90.31 
62.75 -0.06 0.01 0.12 0.15 -0.05 -0.05 0.16 0.52 0.09 98.82 88.47 90.99 
62.85 0.04 -0.01 0.24 0.20 -0.06 -0.06 -0.05 -0.22 0.16 100.93 91.08 91.97 
62.95 -0.06 0.02 0.11 0.16 -0.04 -0.03 0.37 -0.37 0.22 99.40 89.01 92.58 
63.05 -0.12 0.03 0.25 0.16 -0.05 -0.02 0.38 -0.26 -0.03 99.05 88.08 89.66 
63.16 -0.05 0.05 0.28 0.17 -0.07 -0.03 0.17 -0.20 -0.03 98.72 86.35 88.91 
63.26 -0.02 0.04 0.24 0.08 -0.07 -0.05 -0.16 0.27 -0.05 92.94 86.99 89.42 
63.36 -0.19 0.08 0.05 0.04 0.00 0.01 -0.17 0.17 -0.06 92.31 85.64 89.23 
63.46 -0.75 -0.21 0.50 -0.04 -0.25 -0.05 -0.15 0.43 0.00 82.25 96.84 90.20 
63.57 0.17 -0.05 0.11 0.02 -0.06 -0.07 0.13 0.13 0.01 89.94 94.99 90.13 
63.67 0.09 -0.00 0.10 0.06 -0.05 -0.06 0.05 0.04 0.00 93.28 90.16 90.02 
63.77 0.04 0.03 0.06 0.06 -0.04 -0.04 0.01 -0.02 0.00 93.53 88.53 90.04 
63.88 0.04 0.04 0.06 0.06 -0.02 -0.03 0.01 -0.01 0.01 93.74 87.80 90.07 
63.98 0.04 0.04 0.06 0.07 -0.03 -0.03 0.01 -0.01 0.01 93.80 87.64 90.04 
64.09 0.04 0.04 0.07 0.07 -0.02 -0.02 0.01 -0.01 0.00 93.83 87.56 90.04 
64.19 0.05 0.05 0.06 0.07 -0.03 -0.03 0.02 -0.01 0.00 93.89 87.39 90.06 
64.29 0.03 0.04 0.06 0.07 -0.02 -0.02 0.02 -0.01 0.00 93.84 87.47 90.06 
64.39 0.04 0.04 0.07 0.07 -0.02 -0.02 0.02 -0.01 0.00 93.74 87.55 90.04 
64.50 0.05 0.05 0.07 0.07 -0.02 -0.02 0.01 -0.01 0.00 93.76 87.34 90.05 
64.60 0.04 0.04 0.07 0.07 -0.03 -0.03 0.02 -0.01 0.00 93.73 87.44 90.04 
64.70 0.05 0.04 0.06 0.07 -0.02 -0.02 0.02 -0.01 0.00 93.83 87.45 90.05 
64.81 0.05 0.04 0.06 0.07 -0.01 -0.01 0.02 -0.01 0.00 93.86 87.47 90.04 
64.91 0.03 0.04 0.06 0.07 -0.01 -0.02 0.01 -0.01 0.00 93.78 87.49 90.05 
65.01 0.05 0.05 0.05 0.06 -0.02 -0.02 0.01 -0.01 0.00 93.55 86.82 90.05 
65.11 0.05 0.05 0.07 0.06 -0.04 -0.04 0.01 -0.01 0.00 93.59 87.32 90.04 
65.22 0.04 0.04 0.07 0.06 -0.05 -0.05 0.01 -0.01 0.00 93.60 87.47 90.06 
65.32 0.06 0.05 0.07 0.06 -0.06 -0.06 0.02 -0.01 0.00 93.43 87.28 90.05 
65.42 0.04 0.04 0.06 0.06 -0.06 -0.06 0.02 -0.01 0.00 93.67 87.45 90.05 
65.53 0.04 0.04 0.06 0.07 -0.06 -0.06 0.01 -0.02 0.00 93.82 87.43 90.05 
65.63 -0.00 0.02 0.06 0.07 -0.09 -0.09 0.01 -0.01 0.01 94.15 88.69 90.07 
65.73 0.05 0.05 0.07 0.06 -0.07 -0.07 0.01 -0.01 0.00 93.55 87.04 90.05 
65.83 0.03 0.05 0.06 0.06 -0.07 -0.07 0.01 -0.01 0.00 93.59 87.38 90.03 
65.94 0.08 0.01 0.08 0.00 -0.05 -0.05 -0.01 -0.11 -0.20 89.49 90.26 87.66 
66.04 0.04 0.02 0.12 0.10 -0.04 -0.04 0.04 0.04 -0.01 95.26 88.79 89.76 
66.14 0.03 0.03 0.08 0.08 -0.04 -0.03 0.01 -0.01 -0.02 94.31 88.02 89.86 
66.25 0.04 0.04 0.07 0.07 -0.02 -0.02 0.01 -0.01 -0.00 94.08 87.84 89.95 
66.35 0.06 0.04 0.11 0.08 -0.00 -0.00 0.01 -0.01 -0.00 94.06 87.90 89.99 
66.45 0.06 0.05 0.05 0.06 0.01 0.00 0.02 -0.01 0.00 93.78 87.28 90.00 
66.55 0.04 0.04 0.07 0.07 0.01 0.01 0.02 -0.01 -0.00 93.75 87.61 89.95 
66.66 0.03 0.04 0.07 0.07 0.02 0.01 0.01 -0.02 0.00 94.04 87.71 90.01 
66.76 0.04 0.04 0.07 0.06 0.02 0.02 0.02 -0.03 -0.00 93.44 87.76 89.98 
66.86 0.05 0.05 0.07 0.07 0.01 0.01 0.01 -0.02 0.00 93.82 87.41 90.03 
66.97 0.04 0.04 0.06 0.06 0.02 0.02 0.01 -0.01 0.00 93.60 87.54 90.05 
67.07 0.05 0.04 0.06 0.06 0.01 0.01 0.01 -0.01 0.00 93.51 87.56 90.03 
67.17 0.05 0.04 0.05 0.06 0.03 0.02 0.01 -0.01 0.01 93.49 87.84 90.07 
67.27 0.08 0.05 0.08 0.06 0.05 0.04 0.01 -0.01 0.00 93.55 87.17 90.06 
67.38 0.04 0.05 0.07 0.06 0.05 0.05 0.03 0.04 0.00 93.42 87.33 90.04 
67.48 0.11 0.10 -0.07 0.02 0.09 0.08 0.02 -0.05 0.00 92.30 84.63 90.05 
67.59 0.03 0.04 0.09 0.05 0.04 0.04 0.02 0.01 0.00 92.40 87.45 90.05 
67.69 0.10 0.06 0.06 0.06 0.03 0.02 0.01 -0.00 0.00 93.36 87.01 90.02 
67.79 0.04 0.05 0.07 0.06 0.02 0.02 0.02 0.00 0.00 93.57 87.26 90.03 
67.90 0.04 0.04 0.08 0.07 0.01 0.02 0.02 0.00 0.00 93.90 87.60 90.04 
68.00 0.05 0.05 0.08 0.07 0.02 0.02 0.02 -0.01 0.00 93.93 87.36 90.03 
68.11 0.04 0.04 0.07 0.07 0.02 0.03 0.01 -0.01 0.01 93.89 87.47 90.06 
68.21 0.05 0.04 0.06 0.07 0.03 0.02 0.01 -0.01 0.00 93.87 87.64 90.05 
68.31 0.04 0.04 0.06 0.07 0.02 0.02 0.01 -0.01 0.00 93.76 87.48 90.05 
68.42 0.04 0.05 0.08 0.07 0.03 0.03 0.01 -0.01 0.00 93.79 87.34 90.05 
68.52 0.04 0.04 0.07 0.07 0.02 0.02 0.01 -0.01 0.00 93.83 87.47 90.06 
68.62 0.03 0.04 0.07 0.07 0.02 0.02 0.01 -0.01 0.00 93.83 87.42 90.03 
68.73 0.05 0.04 0.07 0.07 0.02 0.02 0.01 -0.01 0.00 93.88 87.54 90.06 
68.83 0.05 0.04 0.06 0.07 0.01 0.01 0.01 -0.01 0.00 93.80 87.52 90.02 
68.93 0.04 0.05 0.06 0.07 0.02 0.03 0.02 -0.01 0.00 93.77 87.35 90.06 
69.03 0.05 0.04 0.07 0.07 0.02 0.02 0.01 -0.01 0.00 93.79 87.48 90.02 
69.14 0.07 0.04 0.05 0.05 0.03 0.03 0.01 -0.04 0.00 92.83 87.84 90.07 
69.24 0.10 0.04 0.06 0.03 0.04 0.03 0.02 -0.01 -0.13 91.68 88.58 88.49 
69.34 0.05 0.05 0.05 0.07 0.03 0.02 0.02 -0.04 0.00 94.57 86.91 90.02 
69.44 0.03 0.04 0.06 0.06 0.03 0.04 0.01 -0.01 0.00 93.58 87.33 90.02 
69.54 0.04 0.05 0.06 0.06 0.02 0.02 0.00 0.01 0.00 93.66 87.24 90.05 
69.65 0.04 0.04 0.06 0.06 0.03 0.04 0.00 0.01 0.00 93.36 87.56 90.04 
69.75 0.05 0.05 0.07 0.06 0.03 0.04 0.01 0.01 0.00 93.40 87.45 90.03 
69.85 0.04 0.04 0.07 0.06 0.04 0.04 0.02 0.02 0.01 93.23 87.63 90.05 
69.95 -0.16 0.01 0.05 0.07 0.02 0.03 -0.02 0.02 0.01 93.89 87.39 90.05 
70.06 0.06 0.04 0.05 0.06 0.03 0.03 -0.06 0.05 0.01 93.80 88.16 90.09 
70.16 0.04 0.04 0.04 0.07 0.03 0.03 -0.03 0.04 0.01 94.04 88.00 90.14 
