1.66 0 0.00000000 0.00000000 0.00 0.00 0.00 0.06 0.03 -0.02 0.03 -0.01 0.00 92.60 90.97 90.01 
1.85 0 0.00000000 0.00000000 0.00 0.00 0.00 0.05 0.03 -0.02 0.01 -0.01 0.00 93.03 91.97 90.05 
1.95 0 0.00000000 0.00000000 0.00 0.00 0.00 0.07 0.04 -0.00 0.01 -0.01 0.00 93.87 92.23 90.05 
2.06 0 0.00000000 0.00000000 0.00 0.00 0.00 0.07 0.03 0.00 0.01 -0.02 0.00 93.93 91.92 90.02 
2.16 0 0.00000000 0.00000000 0.00 0.00 0.00 0.07 0.04 0.00 0.02 -0.01 0.00 94.13 92.41 90.03 
2.26 0 0.00000000 0.00000000 0.00 0.00 0.00 0.07 0.04 0.01 0.01 -0.01 0.01 94.04 92.56 90.06 
2.36 0 0.00000000 0.00000000 0.00 0.00 0.00 0.07 0.04 0.01 0.01 -0.01 0.01 94.25 92.35 90.07 
2.49 0 0.00000000 0.00000000 0.00 0.00 0.00 0.07 0.04 0.01 0.01 -0.01 0.00 94.27 92.33 90.05 
2.63 0 0.00000000 0.00000000 0.00 0.00 0.00 0.07 0.04 0.01 0.01 -0.01 0.00 94.22 92.38 90.05 
2.77 0 0.00000000 0.00000000 0.00 0.00 0.00 0.07 0.04 -0.00 0.02 -0.01 0.00 94.15 92.25 90.05 
2.91 0 0.00000000 0.00000000 0.00 0.00 0.00 0.07 0.03 -0.00 0.03 -0.02 -0.34 93.86 91.89 85.88 
3.01 0 0.00000000 0.00000000 0.00 0.00 0.00 0.07 0.04 -0.01 0.04 -0.02 -0.28 94.10 92.50 86.64 
3.11 0 0.00000000 0.00000000 0.00 0.00 0.00 0.08 0.06 -0.06 0.20 -0.01 -0.22 94.80 93.60 87.40 
3.21 0 0.00000000 0.00000000 0.00 0.00 0.00 0.17 0.04 -0.07 -0.00 0.04 0.07 99.79 92.52 90.85 
3.31 0 0.00000000 0.00000000 0.00 0.00 0.00 0.07 0.03 0.01 0.02 0.01 0.10 94.02 91.47 91.23 
3.41 0 0.00000000 0.00000000 0.00 0.00 0.00 0.03 0.10 -6.16 0.34 -0.28 0.13 91.58 95.82 91.54 
3.52 0 0.00000000 0.00000000 0.00 0.00 0.00 -0.00 0.09 -6.12 -0.25 0.09 -0.00 89.87 95.37 89.96 
3.62 0 0.00000000 0.00000000 0.00 0.00 0.00 -0.02 0.07 -6.19 -0.04 0.15 0.02 88.99 94.03 90.19 
3.72 0 0.00000000 0.00000000 0.00 0.00 0.00 0.05 0.08 -5.97 0.12 0.04 -0.03 92.79 94.53 89.67 
3.82 0 0.00000000 0.00000000 0.00 0.00 0.00 0.01 0.07 -6.10 0.24 -0.19 0.05 91.45 93.69 91.00 
3.92 0 0.00000000 0.00000000 0.00 0.00 0.00 0.07 0.11 -6.16 0.15 -0.43 0.08 94.29 95.60 90.77 
4.02 0 0.00000000 0.00000000 0.00 0.00 0.00 0.03 0.14 -6.14 0.04 -0.15 0.13 91.87 97.83 91.58 
4.12 0 0.00000000 0.00000000 0.00 0.00 0.00 -0.04 0.14 -6.04 0.12 0.55 -0.05 87.68 98.12 89.36 
4.22 0 0.00000000 0.00000000 0.00 0.00 0.00 0.02 0.13 -6.14 0.26 0.68 -0.02 91.04 97.28 89.71 
4.33 0 0.00000000 0.00000000 0.00 0.00 0.00 0.02 0.13 -6.19 0.47 -0.23 -0.06 91.47 96.74 89.44 
4.43 0 0.00000000 0.00000000 0.00 0.00 0.00 0.06 0.16 -5.20 0.64 0.32 -0.15 93.40 99.26 88.18 
4.53 0 0.00000000 0.00000000 0.00 0.00 0.00 0.13 0.20 0.04 0.50 -0.94 -0.08 97.48 101.46 89.03 
4.63 0 0.00000000 0.00000000 0.00 0.00 0.00 0.05 0.26 -0.04 0.42 -0.65 -0.06 92.62 104.87 89.28 
4.73 0 0.00000000 0.00000000 0.00 0.00 0.00 -0.05 0.31 -0.02 0.34 0.27 -0.04 87.10 107.86 89.49 
4.84 0 0.00000000 0.00000000 0.00 0.00 0.00 0.01 0.38 0.01 0.16 0.10 -0.02 90.43 111.60 89.70 
4.94 0 0.00000000 0.00000000 0.00 0.00 0.00 -0.03 0.37 -0.00 0.10 -0.02 0.02 88.59 110.90 90.30 
5.04 0 0.00000000 0.00000000 0.00 0.00 0.00 -0.03 0.36 -0.04 0.12 -0.22 0.06 88.12 110.88 90.76 
5.15 0 0.00000000 0.00000000 0.00 0.00 0.00 -0.07 0.38 -0.05 0.14 -0.07 0.04 86.25 111.78 90.55 
5.25 0 0.00000000 0.00000000 0.00 0.00 0.00 -0.07 0.37 -0.05 0.12 -0.04 -0.07 86.02 111.14 89.19 
5.35 0 0.00000000 0.00000000 0.00 0.00 0.00 -0.05 0.35 -0.09 0.06 0.19 -0.23 86.97 110.26 87.29 
5.45 0 0.00000000 0.00000000 0.00 0.00 0.00 -0.01 0.40 -0.06 0.01 0.38 -0.48 89.32 113.17 84.25 
5.55 0 0.00000000 0.00000000 0.00 0.00 0.00 0.01 0.41 -0.11 0.01 0.41 -0.70 90.47 113.62 81.65 
5.66 0 0.00000000 0.00000000 0.00 0.00 0.00 0.08 0.42 -0.12 -0.15 0.68 -0.59 94.41 114.24 82.51 
5.76 0 0.00000000 0.00000000 0.00 0.00 0.00 0.13 0.45 -0.12 -0.11 0.49 -0.42 97.68 115.50 85.00 
5.86 0 0.00000000 0.00000000 0.00 0.00 0.00 0.24 0.36 -0.05 -0.28 0.73 -0.39 103.71 110.51 85.32 
5.96 0 0.00000000 0.00000000 0.00 0.00 0.00 0.36 0.33 -4.70 -0.15 0.57 -0.55 110.35 108.76 83.43 
6.06 0 0.00000000 0.00000000 0.00 0.00 0.00 0.41 0.23 -5.06 -0.23 -0.01 -0.39 113.48 103.28 85.28 
6.16 0 0.00000000 0.00000000 0.00 0.00 0.00 0.49 0.20 -4.55 -0.17 0.14 -0.11 118.05 101.63 88.68 
6.26 0 0.00000000 0.00000000 0.00 0.00 0.00 0.42 0.23 -5.41 -0.03 -0.02 0.01 114.82 103.39 90.49 
6.36 0 0.00000000 0.00000000 0.00 0.00 0.00 0.43 0.19 -5.19 0.24 0.21 -0.01 114.41 101.17 89.90 
6.46 0 0.00000000 0.00000000 0.00 0.00 0.00 0.46 0.23 -4.82 0.35 -0.00 0.15 116.56 103.34 91.85 
6.56 0 0.00000000 0.00000000 0.00 0.00 0.00 0.46 0.27 -4.96 0.31 0.10 0.20 116.53 105.61 92.36 
6.66 0 0.00000000 0.00000000 0.00 0.00 0.00 0.43 0.30 -5.08 0.31 0.05 0.14 114.76 106.99 91.66 
6.76 0 0.00000000 0.00000000 0.00 0.00 0.00 0.43 0.34 -5.17 0.40 0.08 0.10 114.74 109.70 91.26 
6.87 0 0.00000000 0.00000000 0.00 0.00 0.00 0.45 0.42 -4.83 0.20 -0.21 0.13 116.06 114.17 91.58 
6.97 0 0.00000000 0.00000000 0.00 0.00 0.00 0.42 0.41 -5.14 0.12 -0.11 0.09 114.20 113.63 91.03 
7.07 0 0.00000000 0.00000000 0.00 0.00 0.00 0.40 0.44 -5.50 0.23 -0.17 0.05 112.76 115.32 90.56 
7.17 0 0.00000000 0.00000000 0.00 0.00 0.00 0.39 0.49 -5.09 0.02 0.08 0.02 112.28 117.79 90.28 
7.27 0 0.00000000 0.00000000 0.00 0.00 0.00 0.39 0.45 -5.12 -0.42 -0.07 -0.17 112.32 115.70 87.97 
7.37 0 0.00000000 0.00000000 0.00 0.00 0.00 0.39 0.37 -5.20 -1.09 -0.07 -0.29 112.13 111.34 86.49 
7.47 0 0.00000000 0.00000000 0.00 0.00 0.00 0.40 0.30 -5.17 -1.38 -0.36 -0.32 112.76 107.05 86.22 
7.57 0 0.00000000 0.00000000 0.00 0.00 0.00 0.39 0.19 -5.13 -1.37 0.06 -0.30 112.28 100.81 86.40 
7.67 0 0.00000000 0.00000000 0.00 0.00 0.00 0.39 0.05 -5.21 -1.36 -0.29 -0.24 112.48 92.71 87.11 
7.77 0 0.00000000 0.00000000 0.00 0.00 0.00 0.39 -0.09 -5.20 -1.35 -0.04 -0.22 112.47 84.74 87.39 
7.88 0 0.00000000 0.00000000 0.00 0.00 0.00 0.37 -0.22 -5.33 -1.15 -0.42 -0.18 110.99 77.54 87.83 
7.98 0 0.00000000 0.00000000 0.00 0.00 0.00 0.35 -0.31 -5.31 -0.92 0.00 -0.14 110.04 72.19 88.28 
8.08 0 0.00000000 0.00000000 0.00 0.00 0.00 0.31 -0.41 -5.69 -0.80 -0.05 -0.15 107.94 66.47 88.15 
8.18 0 0.00000000 0.00000000 0.00 0.00 0.00 0.32 -0.49 -5.51 -0.76 -0.02 -0.19 108.98 63.06 87.75 
8.29 0 0.00000000 0.00000000 0.00 0.00 0.00 0.31 -0.56 -5.55 -0.71 -0.14 -0.19 107.90 59.43 87.59 
8.39 0 0.00000000 0.00000000 0.00 0.00 0.00 0.29 -0.63 -5.62 -0.65 -0.04 -0.16 106.48 53.81 88.09 
8.49 0 0.00000000 0.00000000 0.00 0.00 0.00 0.28 -0.68 -5.64 -0.57 -0.06 -0.12 106.03 51.04 88.56 
8.59 0 0.00000000 0.00000000 0.00 0.00 0.00 0.34 -0.83 -0.87 -0.46 -0.25 -0.09 111.57 43.57 88.90 
8.69 0 0.00000000 0.00000000 0.00 0.00 0.00 0.27 -0.79 -5.77 -0.24 -0.07 -0.07 105.52 44.97 89.21 
8.80 0 0.00000000 0.00000000 0.00 0.00 0.00 0.24 -0.84 -5.82 -0.00 -0.01 -0.01 103.92 42.09 89.93 
8.90 0 0.00000000 0.00000000 0.00 0.00 0.00 0.25 -0.81 -5.79 0.04 0.03 0.04 104.06 43.64 90.43 
9.00 0 0.00000000 0.00000000 0.00 0.00 0.00 0.25 -0.79 -5.80 0.22 -0.11 0.03 104.06 44.56 90.33 
9.10 0 0.00000000 0.00000000 0.00 0.00 0.00 0.23 -0.77 -5.70 0.61 -0.15 0.05 103.26 46.06 90.62 
9.20 0 0.00000000 0.00000000 0.00 0.00 0.00 0.22 -0.75 -5.99 1.05 -0.52 0.08 102.76 46.53 90.94 
9.31 0 0.00000000 0.00000000 0.00 0.00 0.00 0.20 -0.66 -6.00 1.44 -0.52 0.05 101.71 51.95 90.65 
9.41 0 0.00000000 0.00000000 0.00 0.00 0.00 0.16 -0.58 -5.22 1.79 -0.35 0.11 100.07 56.62 91.41 
9.52 0 0.00000000 0.00000000 0.00 0.00 0.00 0.17 -0.41 0.00 1.91 0.15 0.32 99.72 66.54 93.79 
9.62 0 0.00000000 0.00000000 0.00 0.00 0.00 0.17 -0.24 -0.12 1.90 0.23 0.40 99.49 75.23 94.51 
9.72 0 0.00000000 0.00000000 0.00 0.00 0.00 0.18 -0.05 -0.01 1.61 0.29 0.37 100.56 85.58 94.61 
9.82 0 0.00000000 0.00000000 0.00 0.00 0.00 0.22 0.13 -5.80 1.21 0.17 0.30 102.43 97.30 93.56 
9.92 0 0.00000000 0.00000000 0.00 0.00 0.00 0.22 0.30 -5.80 0.80 -0.22 0.24 102.87 107.16 92.85 
10.02 0 0.00000000 0.00000000 0.00 0.00 0.00 0.20 0.37 -5.92 0.55 -0.11 0.20 101.44 111.00 92.35 
10.13 0 0.00000000 0.00000000 0.00 0.00 0.00 0.16 0.45 -5.87 0.34 0.17 0.12 99.16 115.78 91.41 
10.23 0 0.00000000 0.00000000 0.00 0.00 0.00 0.15 0.50 -5.89 -0.20 0.10 -0.11 99.02 119.00 88.95 
10.33 0 0.00000000 0.00000000 0.00 0.00 0.00 0.17 0.44 -5.84 -0.74 0.28 -0.21 99.54 115.19 87.46 
10.43 0 0.00000000 0.00000000 0.00 0.00 0.00 0.22 0.35 -5.59 -1.13 0.18 -0.28 102.73 110.09 86.67 
10.53 0 0.00000000 0.00000000 0.00 0.00 0.00 0.26 0.26 -5.42 -1.18 -0.20 -0.33 104.64 105.59 86.07 
10.63 0 0.00000000 0.00000000 0.00 0.00 0.00 0.25 0.12 -5.68 -1.28 -0.31 -0.30 104.07 96.99 86.38 
10.73 0 0.00000000 0.00000000 0.00 0.00 0.00 0.23 0.00 -5.71 -1.44 -0.20 -0.20 102.92 90.15 87.56 
10.83 0 0.00000000 0.00000000 0.00 0.00 0.00 0.20 -0.13 -5.78 -1.63 -0.09 -0.19 101.23 82.33 87.70 
10.93 0 0.00000000 0.00000000 0.00 0.00 0.00 0.19 -0.29 -5.79 -1.58 -0.04 -0.16 100.61 73.64 88.08 
11.03 0 0.00000000 0.00000000 0.00 0.00 0.00 0.17 -0.41 -5.82 -1.29 0.12 -0.12 99.62 66.27 88.58 
11.14 0 0.00000000 0.00000000 0.00 0.00 0.00 0.17 -0.51 -5.75 -1.03 0.07 -0.10 99.91 60.58 88.79 
11.24 0 0.00000000 0.00000000 0.00 0.00 0.00 0.17 -0.63 -5.86 -0.86 0.03 -0.14 99.60 54.13 88.38 
11.34 0 0.00000000 0.00000000 0.00 0.00 0.00 0.17 -0.68 -5.81 -0.53 0.06 -0.20 99.71 50.84 87.58 
11.44 0 0.00000000 0.00000000 0.00 0.00 0.00 0.14 -0.74 -5.90 0.30 -0.46 -0.12 97.99 47.35 88.50 
11.54 0 0.00000000 0.00000000 0.00 0.00 0.00 0.11 -0.70 -5.92 0.89 -0.69 -0.11 96.61 49.54 88.71 
11.64 0 0.00000000 0.00000000 0.00 0.00 0.00 0.06 -0.69 -6.08 1.16 -1.21 -0.22 93.38 50.44 87.36 
11.75 0 0.00000000 0.00000000 0.00 0.00 0.00 -0.10 -0.76 -5.06 0.54 -0.17 -0.26 84.02 47.80 86.75 
11.85 0 0.00000000 0.00000000 0.00 0.00 0.00 -0.10 -0.69 -0.88 -0.95 1.31 -0.23 84.44 50.37 87.27 
11.95 0 0.00000000 0.00000000 0.00 0.00 0.00 -0.03 -0.52 -5.96 -0.94 -1.62 -0.47 88.51 60.07 84.31 
12.05 0 0.00000000 0.00000000 0.00 0.00 0.00 -0.18 -0.60 -5.39 -0.05 -3.12 -0.56 80.78 56.33 83.27 
12.15 0 0.00000000 0.00000000 0.00 0.00 0.00 -0.44 -0.58 -3.88 0.24 -1.80 -0.65 64.72 57.03 82.19 
12.26 0 0.00000000 0.00000000 0.00 0.00 0.00 -0.58 -0.51 -3.05 0.38 -1.56 -0.71 56.73 60.72 81.51 
12.36 0 0.00000000 0.00000000 0.00 0.00 0.00 -0.82 -0.34 -2.13 0.24 -1.23 -0.61 44.15 68.34 82.66 
12.46 0 0.00000000 0.00000000 0.00 0.00 0.00 -0.93 -0.22 -1.20 0.18 -0.99 -0.34 36.85 77.39 85.98 
12.56 0 0.00000000 0.00000000 0.00 0.00 0.00 -1.09 -0.14 -1.23 0.23 -0.24 -0.16 27.69 81.84 88.02 
12.66 0 0.00000000 0.00000000 0.00 0.00 0.00 -1.11 -0.29 -0.95 0.37 0.98 0.06 26.51 73.57 90.71 
12.76 0 0.00000000 0.00000000 0.00 0.00 0.00 -1.07 -0.32 -1.28 0.43 2.38 -0.11 28.97 71.74 88.67 
12.86 0 0.00000000 0.00000000 0.00 0.00 0.00 -0.83 -0.43 -3.47 0.54 2.17 -0.07 42.40 65.51 89.19 
12.96 0 0.00000000 0.00000000 0.00 0.00 0.00 -0.71 -0.34 -3.90 0.64 2.18 -0.04 49.60 70.47 89.55 
13.07 0 0.00000000 0.00000000 0.00 0.00 0.00 -0.40 -0.32 -5.77 0.44 3.00 0.06 64.03 72.50 90.73 
13.17 0 0.00000000 0.00000000 0.00 0.00 0.00 -0.01 -0.25 -5.55 0.63 4.17 0.09 89.48 75.67 91.03 
13.27 0 0.00000000 0.00000000 0.00 0.00 0.00 0.37 -0.11 -4.74 0.58 3.14 0.33 111.15 83.56 93.95 
13.37 0 0.00000000 0.00000000 0.00 0.00 0.00 0.52 -0.05 -2.35 0.89 -1.75 0.40 117.74 84.89 94.98 
13.47 0 0.00000000 0.00000000 0.00 0.00 0.00 0.48 -0.01 -4.90 0.37 1.33 0.26 117.25 89.22 93.18 
13.57 0 0.00000000 0.00000000 0.00 0.00 0.00 0.53 0.02 -3.32 0.10 0.45 0.15 120.34 91.08 91.78 
13.68 0 0.00000000 0.00000000 0.00 0.00 0.00 0.60 0.05 -3.86 0.09 -0.26 0.05 124.16 93.10 90.64 
13.78 0 0.00000000 0.00000000 0.00 0.00 0.00 0.59 0.05 -4.08 -0.05 0.07 0.03 124.06 92.61 90.34 
13.88 0 0.00000000 0.00000000 0.00 0.00 0.00 0.56 0.04 -4.46 -0.18 -1.05 0.01 122.19 92.15 90.13 
13.98 0 0.00000000 0.00000000 0.00 0.00 0.00 0.50 0.03 -5.06 -0.18 -2.59 0.20 119.40 91.97 92.08 
14.08 0 0.00000000 0.00000000 0.00 0.00 0.00 0.30 -0.00 -5.90 -0.01 -4.03 0.26 107.38 89.96 93.18 
14.19 0 0.00000000 0.00000000 0.00 0.00 0.00 -0.15 -0.05 -5.24 0.01 -2.55 0.20 82.36 88.68 92.55 
14.29 0 0.00000000 0.00000000 0.00 0.00 0.00 -0.41 -0.05 -4.15 -0.05 -1.41 0.24 66.72 87.00 92.92 
14.39 0 0.00000000 0.00000000 0.00 0.00 0.00 -0.59 -0.03 -3.63 0.10 -0.82 0.23 56.07 88.41 92.75 
14.49 0 0.00000000 0.00000000 0.00 0.00 0.00 -0.66 -0.04 -3.86 0.32 -0.26 0.30 52.78 87.49 93.28 
14.59 0 0.00000000 0.00000000 0.00 0.00 0.00 -0.65 -0.04 -3.81 0.90 1.17 0.60 52.48 87.89 97.17 
14.69 0 0.00000000 0.00000000 0.00 0.00 0.00 -0.62 -0.09 -4.41 1.06 2.12 0.77 54.56 84.70 99.24 
14.79 0 0.00000000 0.00000000 0.00 0.00 0.00 -0.48 0.01 -4.69 0.89 2.20 1.20 61.80 89.47 104.83 
14.90 0 0.00000000 0.00000000 0.00 0.00 0.00 -0.28 0.09 -5.40 -0.28 2.50 0.61 72.07 94.82 97.79 
15.00 0 0.00000000 0.00000000 0.00 0.00 0.00 -0.08 0.00 -5.26 -0.83 2.62 -0.13 85.29 90.01 88.40 
15.10 0 0.00000000 0.00000000 0.00 0.00 0.00 0.27 -0.02 -3.85 -0.36 2.36 -0.69 105.27 88.83 81.71 
15.20 0 0.00000000 0.00000000 0.00 0.00 0.00 0.52 -0.03 -3.13 0.09 1.59 -0.34 119.98 88.32 85.90 
15.30 0 0.00000000 0.00000000 0.00 0.00 0.00 0.70 -0.03 -3.09 0.14 0.31 0.14 130.14 88.10 91.63 
15.40 0 0.00000000 0.00000000 0.00 0.00 0.00 0.76 -0.03 -2.89 0.19 -0.10 0.15 133.79 88.06 91.76 
15.51 0 0.00000000 0.00000000 0.00 0.00 0.00 0.73 -0.04 -3.09 0.10 -0.70 0.04 131.98 87.86 90.58 
15.61 0 0.00000000 0.00000000 0.00 0.00 0.00 0.70 -0.02 -3.22 -0.07 -1.68 0.00 130.06 88.64 90.02 
15.71 0 0.00000000 0.00000000 0.00 0.00 0.00 0.56 -0.05 -4.48 -0.21 -2.86 0.12 122.37 87.31 91.48 
15.81 0 0.00000000 0.00000000 0.00 0.00 0.00 0.30 -0.09 -5.59 -0.02 -2.23 0.18 107.02 84.91 92.17 
15.91 0 0.00000000 0.00000000 0.00 0.00 0.00 0.06 -0.08 -5.67 0.20 -1.57 0.14 93.61 85.31 91.65 
16.01 0 0.00000000 0.00000000 0.00 0.00 0.00 -0.10 -0.06 -5.48 0.33 -0.97 0.07 84.31 86.56 90.78 
16.11 0 0.00000000 0.00000000 0.00 0.00 0.00 -0.21 -0.05 -5.35 0.23 -1.18 0.07 78.92 87.08 90.97 
16.22 0 0.00000000 0.00000000 0.00 0.00 0.00 -0.37 -0.02 -4.79 0.00 -1.37 0.08 70.44 88.26 90.93 
16.32 0 0.00000000 0.00000000 0.00 0.00 0.00 -0.57 -0.05 -3.18 -0.13 -0.58 0.08 57.54 88.14 91.00 
16.42 0 0.00000000 0.00000000 0.00 0.00 0.00 -0.61 -0.06 -2.08 -0.13 0.19 0.09 54.91 86.31 91.11 
16.52 0 0.00000000 0.00000000 0.00 0.00 0.00 -0.60 -0.07 -3.86 -0.14 0.83 0.06 55.46 86.11 90.71 
16.62 0 0.00000000 0.00000000 0.00 0.00 0.00 -0.56 -0.15 -3.80 -0.32 2.49 -0.16 56.48 83.61 88.41 
16.73 0 0.00000000 0.00000000 0.00 0.00 0.00 -0.31 -0.22 -5.51 -0.64 3.94 -1.04 69.40 77.26 78.90 
16.83 0 0.00000000 0.00000000 0.00 0.00 0.00 0.23 -0.11 -4.75 -0.63 2.28 -1.28 99.84 81.76 74.46 
16.93 0 0.00000000 0.00000000 0.00 0.00 0.00 0.38 -0.22 -4.98 -1.01 0.04 -0.80 112.00 77.66 80.42 
17.03 0 0.00000000 0.00000000 0.00 0.00 0.00 0.41 -0.30 -5.06 -1.07 0.18 -0.36 113.76 73.04 85.71 
17.13 0 0.00000000 0.00000000 0.00 0.00 0.00 0.44 -0.40 -4.88 -0.96 0.58 -0.18 115.30 67.33 87.89 
17.23 0 0.00000000 0.00000000 0.00 0.00 0.00 0.44 -0.48 -4.78 -0.79 0.06 -0.15 115.19 62.58 88.20 
17.34 0 0.00000000 0.00000000 0.00 0.00 0.00 0.41 -0.55 -5.04 -0.61 -0.04 -0.24 113.67 58.40 87.13 
17.44 0 0.00000000 0.00000000 0.00 0.00 0.00 0.40 -0.63 -5.19 -0.38 -0.01 -0.13 113.00 53.74 88.43 
17.54 0 0.00000000 0.00000000 0.00 0.00 0.00 0.38 -0.64 -5.20 0.31 -0.30 -0.07 111.53 53.61 89.22 
17.64 0 0.00000000 0.00000000 0.00 0.00 0.00 0.33 -0.64 -5.47 1.26 -0.44 0.03 109.15 53.13 90.16 
17.74 0 0.00000000 0.00000000 0.00 0.00 0.00 0.31 -0.59 -5.51 1.96 -0.40 0.12 107.92 56.43 91.24 
17.84 0 0.00000000 0.00000000 0.00 0.00 0.00 0.35 -0.44 -5.21 2.05 -0.16 0.33 110.05 64.54 93.92 
17.94 0 0.00000000 0.00000000 0.00 0.00 0.00 0.33 -0.28 -5.52 1.68 -0.36 0.36 109.07 74.11 94.35 
18.05 0 0.00000000 0.00000000 0.00 0.00 0.00 0.28 -0.07 -5.71 1.60 -0.07 0.19 105.66 83.79 92.35 
18.15 0 0.00000000 0.00000000 0.00 0.00 0.00 0.27 0.09 -5.58 1.15 -0.33 0.21 105.73 94.05 92.61 
18.26 0 0.00000000 0.00000000 0.00 0.00 0.00 0.23 0.23 -5.71 0.65 -0.47 0.19 103.48 102.60 92.35 
18.36 0 0.00000000 0.00000000 0.00 0.00 0.00 0.18 0.30 -5.77 0.34 -0.33 0.15 100.06 107.34 91.76 
18.46 0 0.00000000 0.00000000 0.00 0.00 0.00 0.12 0.32 -5.84 -0.09 -0.11 0.03 96.73 108.28 90.34 
18.56 0 0.00000000 0.00000000 0.00 0.00 0.00 0.14 0.32 -5.65 -0.61 -0.25 -0.09 98.02 108.16 88.89 
18.66 0 0.00000000 0.00000000 0.00 0.00 0.00 0.12 0.26 -5.86 -0.66 -0.61 0.07 96.85 104.79 90.83 
18.76 0 0.00000000 0.00000000 0.00 0.00 0.00 0.00 0.28 -5.71 -1.16 0.59 -0.34 90.38 105.76 87.05 
18.86 0 0.00000000 0.00000000 0.00 0.00 0.00 0.13 0.10 -5.54 -1.08 1.37 -1.40 97.39 95.71 73.20 
18.96 0 0.00000000 0.00000000 0.00 0.00 0.00 0.21 -0.00 -5.73 -0.48 -0.68 -1.22 102.00 89.73 75.41 
19.06 0 0.00000000 0.00000000 0.00 0.00 0.00 0.17 -0.13 -5.96 -0.15 0.01 -0.19 99.83 83.38 86.73 
19.16 0 0.00000000 0.00000000 0.00 0.00 0.00 0.22 -0.14 -5.59 0.22 -0.33 0.91 102.88 82.13 100.92 
19.26 0 0.00000000 0.00000000 0.00 0.00 0.00 0.20 -0.15 -5.92 0.53 -0.89 2.13 101.62 81.34 115.56 
19.36 0 0.00000000 0.00000000 0.00 0.00 0.00 0.10 -0.12 -5.93 0.62 -0.63 2.28 95.60 83.27 117.33 
19.46 0 0.00000000 0.00000000 0.00 0.00 0.00 -0.07 -0.01 -5.57 0.15 0.47 1.64 85.74 89.53 109.69 
19.57 0 0.00000000 0.00000000 0.00 0.00 0.00 -0.10 0.01 -5.36 -0.21 -0.57 0.53 84.30 90.11 97.64 
19.70 0 0.00000000 0.00000000 0.00 0.00 0.00 -0.12 -0.01 -5.33 -0.34 0.17 -0.73 83.10 89.43 81.25 
19.84 0 0.00000000 0.00000000 0.00 0.00 0.00 -0.10 -0.05 -5.26 -0.45 1.02 -2.51 84.38 87.25 59.93 
19.98 0 0.00000000 0.00000000 0.00 0.00 0.00 -0.07 -0.07 -5.60 -0.24 -0.13 -2.03 86.19 85.74 65.66 
20.12 0 0.00000000 0.00000000 0.00 0.00 0.00 -0.04 -0.09 -5.86 -0.21 -0.30 -0.68 87.84 85.11 81.86 
20.23 0 0.00000000 0.00000000 0.00 0.00 0.00 -0.02 -0.11 -5.95 0.19 -0.54 -0.18 88.82 83.81 87.87 
20.33 0 0.00000000 0.00000000 0.00 0.00 0.00 0.00 -0.11 -6.11 0.31 0.12 0.10 90.50 83.08 91.35 
20.43 0 0.00000000 0.00000000 0.00 0.00 0.00 0.02 -0.12 -6.13 0.13 0.19 0.30 91.16 82.90 93.36 
20.54 0 0.00000000 0.00000000 0.00 0.00 0.00 0.01 -0.14 -6.14 0.01 -0.03 0.31 90.39 82.12 93.41 
20.64 0 0.00000000 0.00000000 0.00 0.00 0.00 0.01 -0.14 -6.09 -0.04 0.08 0.21 90.46 82.26 92.49 
20.74 0 0.00000000 0.00000000 0.00 0.00 0.00 0.05 -0.14 -6.05 -0.05 -0.33 0.57 92.92 81.98 96.86 
20.84 0 0.00000000 0.00000000 0.00 0.00 0.00 0.09 -0.20 -6.01 0.02 -0.29 1.96 95.43 78.36 112.23 
20.94 0 0.00000000 0.00000000 0.00 0.00 0.00 0.06 -0.22 -5.96 0.48 -0.05 2.35 93.17 77.17 118.20 
21.04 0 0.00000000 0.00000000 0.00 0.00 0.00 0.01 -0.15 -5.66 0.39 -0.14 1.65 90.27 81.22 110.80 
21.14 0 0.00000000 0.00000000 0.00 0.00 0.00 -0.12 -0.11 -5.32 0.20 -0.84 0.88 82.99 83.97 100.53 
21.25 0 0.00000000 0.00000000 0.00 0.00 0.00 -0.17 -0.10 -5.16 -0.23 -0.14 0.24 79.99 84.07 92.84 
21.35 0 0.00000000 0.00000000 0.00 0.00 0.00 -0.10 -0.12 -5.41 -0.45 0.18 -0.11 84.45 82.89 88.73 
21.45 0 0.00000000 0.00000000 0.00 0.00 0.00 0.00 -0.18 -5.51 -0.41 0.20 -0.17 89.61 79.49 87.68 
21.55 0 0.00000000 0.00000000 0.00 0.00 0.00 -0.02 -0.19 -5.48 -0.19 0.42 -0.22 88.61 79.32 87.39 
21.65 0 0.00000000 0.00000000 0.00 0.00 0.00 -0.08 -0.21 -5.40 0.13 1.01 -0.86 85.30 77.88 79.70 
21.75 0 0.00000000 0.00000000 0.00 0.00 0.00 0.03 -0.23 -5.61 0.08 0.15 -1.74 91.70 77.03 69.13 
21.85 0 0.00000000 0.00000000 0.00 0.00 0.00 0.05 -0.32 -5.84 0.16 -0.31 -1.94 93.14 71.49 66.76 
21.95 0 0.00000000 0.00000000 0.00 0.00 0.00 0.15 -0.31 -5.92 0.13 0.36 -1.39 98.46 72.46 73.26 
22.05 0 0.00000000 0.00000000 0.00 0.00 0.00 0.14 -0.25 -6.05 0.25 0.57 -0.98 97.81 75.74 78.18 
22.15 0 0.00000000 0.00000000 0.00 0.00 0.00 0.17 -0.18 -5.92 0.34 0.41 -0.60 99.73 79.90 82.76 
22.25 0 0.00000000 0.00000000 0.00 0.00 0.00 0.20 -0.15 -5.96 0.13 -0.09 -0.09 101.22 81.54 88.90 
22.35 0 0.00000000 0.00000000 0.00 0.00 0.00 0.23 -0.13 -5.91 -0.10 -0.19 0.58 102.89 82.79 96.91 
22.45 0 0.00000000 0.00000000 0.00 0.00 0.00 0.27 -0.16 -3.29 -0.14 -1.08 1.65 105.22 81.05 109.84 
22.55 0 0.00000000 0.00000000 0.00 0.00 0.00 0.19 -0.23 -5.94 0.13 -0.85 2.61 100.94 76.68 121.26 
22.66 0 0.00000000 0.00000000 0.00 0.00 0.00 0.02 -0.18 -5.63 0.54 0.16 2.44 91.08 79.68 119.22 
22.76 0 0.00000000 0.00000000 0.00 0.00 0.00 -0.24 -0.07 -4.79 0.23 0.42 0.70 79.94 83.97 101.02 
22.86 0 0.00000000 0.00000000 0.00 0.00 0.00 -0.21 -0.18 -4.94 -0.28 0.59 -1.14 77.78 79.80 76.33 
22.96 0 0.00000000 0.00000000 0.00 0.00 0.00 -0.01 -0.22 -5.40 -0.34 0.77 -2.23 89.31 77.62 63.20 
23.06 0 0.00000000 0.00000000 0.00 0.00 0.00 0.19 -0.24 -5.34 -0.16 0.10 -2.49 100.77 76.17 60.17 
23.16 0 0.00000000 0.00000000 0.00 0.00 0.00 0.24 -0.26 -5.38 -0.03 0.21 -2.13 103.48 74.86 64.44 
23.27 0 0.00000000 0.00000000 0.00 0.00 0.00 0.24 -0.28 -0.84 0.02 -0.06 -1.20 103.66 73.65 74.41 
23.37 0 0.00000000 0.00000000 0.00 0.00 0.00 0.22 -0.26 -0.01 0.23 0.07 -0.47 102.90 74.88 83.45 
23.47 0 0.00000000 0.00000000 0.00 0.00 0.00 0.18 -0.22 0.01 0.50 0.22 -0.07 100.12 77.37 89.19 
23.57 0 0.00000000 0.00000000 0.00 0.00 0.00 0.20 -0.14 0.00 0.42 -0.12 0.37 101.73 82.12 94.40 
23.67 0 0.00000000 0.00000000 0.00 0.00 0.00 0.27 -0.13 -0.82 -0.15 -1.56 1.66 105.40 82.81 108.49 
23.78 0 0.00000000 0.00000000 0.00 0.00 0.00 0.13 -0.24 -6.10 0.01 -0.99 2.37 98.32 77.21 118.44 
23.88 0 0.00000000 0.00000000 0.00 0.00 0.00 -0.04 -0.26 -5.79 0.68 -0.51 2.51 88.90 75.22 120.15 
23.98 0 0.00000000 0.00000000 0.00 0.00 0.00 -0.11 -0.28 -5.68 1.17 -0.16 1.98 83.74 74.08 113.74 
24.08 0 0.00000000 0.00000000 0.00 0.00 0.00 -0.28 -0.17 -4.93 0.77 0.26 0.77 74.05 80.13 99.29 
24.18 0 0.00000000 0.00000000 0.00 0.00 0.00 -0.32 -0.15 -5.03 0.07 0.63 -0.84 71.45 81.16 79.96 
24.28 0 0.00000000 0.00000000 0.00 0.00 0.00 -0.24 -0.19 -5.34 -0.55 0.56 -2.09 76.39 79.23 64.96 
24.39 0 0.00000000 0.00000000 0.00 0.00 0.00 0.06 -0.20 -5.65 -0.55 1.10 -2.59 91.62 78.64 58.86 
24.49 0 0.00000000 0.00000000 0.00 0.00 0.00 0.25 -0.19 -5.42 -0.35 -0.03 -2.30 104.60 78.94 62.41 
24.59 0 0.00000000 0.00000000 0.00 0.00 0.00 0.27 -0.20 -5.73 -0.21 -0.18 -1.63 105.33 78.66 70.45 
24.69 0 0.00000000 0.00000000 0.00 0.00 0.00 0.26 -0.20 0.05 -0.16 0.22 -0.77 105.01 78.54 80.78 
24.79 0 0.00000000 0.00000000 0.00 0.00 0.00 0.18 -0.21 0.03 0.10 0.36 -0.08 100.48 77.90 89.04 
24.89 0 0.00000000 0.00000000 0.00 0.00 0.00 0.15 -0.19 0.02 0.26 -0.14 0.11 98.10 79.21 90.63 
24.99 0 0.00000000 0.00000000 0.00 0.00 0.00 0.20 -0.20 -0.01 0.15 -0.96 0.87 101.35 78.27 100.43 
25.09 0 0.00000000 0.00000000 0.00 0.00 0.00 0.22 -0.22 0.03 0.31 -1.23 1.94 102.33 77.44 113.29 
25.19 0 0.00000000 0.00000000 0.00 0.00 0.00 0.13 -0.25 -6.03 0.67 -0.20 2.63 97.51 75.58 121.51 
25.29 0 0.00000000 0.00000000 0.00 0.00 0.00 0.06 -0.25 -5.96 0.96 -0.36 2.69 93.46 75.70 122.31 
25.39 0 0.00000000 0.00000000 0.00 0.00 0.00 -0.07 -0.19 -5.63 0.67 -0.13 2.26 86.06 79.24 117.09 
25.50 0 0.00000000 0.00000000 0.00 0.00 0.00 -0.20 -0.12 -4.99 -0.10 -0.14 0.99 78.70 83.41 101.87 
25.60 0 0.00000000 0.00000000 0.00 0.00 0.00 -0.26 -0.12 -4.85 -0.51 0.57 -0.40 73.55 84.03 86.41 
25.70 0 0.00000000 0.00000000 0.00 0.00 0.00 -0.07 -0.16 -5.38 -0.47 0.64 -0.89 84.97 79.42 79.71 
25.81 0 0.00000000 0.00000000 0.00 0.00 0.00 0.02 -0.25 -5.50 -0.34 0.60 -1.46 90.08 76.41 72.89 
25.91 0 0.00000000 0.00000000 0.00 0.00 0.00 0.13 -0.29 -5.74 0.22 0.67 -1.68 97.20 73.38 69.88 
26.01 0 0.00000000 0.00000000 0.00 0.00 0.00 0.15 -0.30 -5.82 0.22 -0.04 -1.66 98.53 72.73 70.04 
26.11 0 0.00000000 0.00000000 0.00 0.00 0.00 0.20 -0.24 -5.76 0.27 0.53 -1.39 101.30 76.49 73.33 
26.22 0 0.00000000 0.00000000 0.00 0.00 0.00 0.16 -0.19 -6.01 0.37 -0.46 -1.26 99.64 79.57 74.84 
26.32 0 0.00000000 0.00000000 0.00 0.00 0.00 0.07 -0.15 -6.09 0.26 -0.19 -1.27 93.74 81.35 74.77 
26.42 0 0.00000000 0.00000000 0.00 0.00 0.00 0.16 -0.09 -5.94 -0.28 -0.22 -0.43 98.38 85.10 83.19 
26.52 0 0.00000000 0.00000000 0.00 0.00 0.00 0.24 -0.05 -5.76 -0.52 -0.95 1.04 104.09 86.44 100.71 
26.62 0 0.00000000 0.00000000 0.00 0.00 0.00 0.16 -0.18 -5.98 -0.15 -0.05 1.87 99.33 79.41 112.43 
26.73 0 0.00000000 0.00000000 0.00 0.00 0.00 0.08 -0.24 -5.87 0.28 -0.46 1.90 94.54 77.04 113.26 
26.83 0 0.00000000 0.00000000 0.00 0.00 0.00 -0.04 -0.30 -5.83 0.48 -0.30 1.68 87.47 73.04 110.12 
26.93 0 0.00000000 0.00000000 0.00 0.00 0.00 -0.06 -0.28 -5.67 0.66 -0.74 1.53 86.55 73.95 108.31 
27.03 0 0.00000000 0.00000000 0.00 0.00 0.00 -0.10 -0.21 -5.53 0.62 0.09 1.24 84.45 77.71 104.84 
27.13 0 0.00000000 0.00000000 0.00 0.00 0.00 -0.16 -0.14 -5.18 0.10 0.91 0.37 80.69 81.72 94.45 
27.23 0 0.00000000 0.00000000 0.00 0.00 0.00 -0.13 -0.14 -5.26 -0.24 0.09 -0.91 82.54 81.95 79.04 
27.33 0 0.00000000 0.00000000 0.00 0.00 0.00 -0.07 -0.21 -5.53 -0.27 0.44 -1.76 84.34 78.85 70.30 
27.44 0 0.00000000 0.00000000 0.00 0.00 0.00 0.09 -0.20 -5.53 -0.26 0.73 -1.96 92.62 78.11 66.47 
27.54 0 0.00000000 0.00000000 0.00 0.00 0.00 0.20 -0.17 -5.50 -0.25 -0.34 -1.83 101.18 80.29 68.07 
27.64 0 0.00000000 0.00000000 0.00 0.00 0.00 0.16 -0.18 -5.83 -0.24 0.10 -1.52 99.30 79.54 71.24 
27.74 0 0.00000000 0.00000000 0.00 0.00 0.00 0.13 -0.22 -5.95 -0.19 0.14 -0.91 97.38 77.68 78.12 
27.85 0 0.00000000 0.00000000 0.00 0.00 0.00 0.17 -0.26 -5.99 -0.01 -0.33 0.19 99.71 74.69 91.20 
27.95 0 0.00000000 0.00000000 0.00 0.00 0.00 0.09 -0.26 -6.15 0.15 -0.32 0.89 95.02 75.16 100.71 
28.05 0 0.00000000 0.00000000 0.00 0.00 0.00 0.07 -0.27 -6.05 0.39 -0.89 1.32 94.00 74.43 105.17 
28.15 0 0.00000000 0.00000000 0.00 0.00 0.00 -0.01 -0.25 -5.93 0.75 -0.75 1.74 91.25 75.35 110.65 
28.25 0 0.00000000 0.00000000 0.00 0.00 0.00 -0.08 -0.25 -5.83 0.94 0.24 1.84 85.47 75.62 112.02 
28.35 0 0.00000000 0.00000000 0.00 0.00 0.00 -0.09 -0.18 -3.40 0.75 0.07 1.69 84.73 79.69 110.31 
28.46 0 0.00000000 0.00000000 0.00 0.00 0.00 -0.17 -0.09 -4.91 0.22 0.34 1.07 81.58 84.14 104.18 
28.56 0 0.00000000 0.00000000 0.00 0.00 0.00 -0.24 -0.10 -4.78 -0.32 -0.11 -0.55 76.03 84.00 83.38 
28.66 0 0.00000000 0.00000000 0.00 0.00 0.00 -0.22 -0.23 -5.24 -0.59 0.74 -1.75 77.31 76.59 68.96 
28.76 0 0.00000000 0.00000000 0.00 0.00 0.00 0.04 -0.26 -5.52 -0.29 1.05 -2.13 90.70 75.74 64.39 
28.87 0 0.00000000 0.00000000 0.00 0.00 0.00 0.18 -0.24 -5.69 0.05 0.36 -2.10 100.31 75.99 64.77 
28.97 0 0.00000000 0.00000000 0.00 0.00 0.00 0.24 -0.19 -5.64 0.28 0.43 -1.91 103.48 79.20 67.12 
29.07 0 0.00000000 0.00000000 0.00 0.00 0.00 0.26 -0.16 -5.85 0.22 -0.63 -1.31 104.84 81.11 74.27 
29.17 0 0.00000000 0.00000000 0.00 0.00 0.00 0.25 -0.11 -5.84 -0.09 -0.62 0.19 104.34 83.44 92.27 
29.27 0 0.00000000 0.00000000 0.00 0.00 0.00 0.17 -0.14 -6.11 0.20 -0.58 1.24 100.02 82.01 104.83 
29.37 0 0.00000000 0.00000000 0.00 0.00 0.00 0.05 -0.15 -6.09 0.53 -0.18 1.79 92.84 81.39 111.52 
29.47 0 0.00000000 0.00000000 0.00 0.00 0.00 -0.01 -0.17 -5.95 0.88 0.20 1.85 89.44 80.21 112.19 
29.57 0 0.00000000 0.00000000 0.00 0.00 0.00 -0.02 -0.12 -5.89 0.64 0.77 1.72 88.79 82.86 110.60 
29.68 0 0.00000000 0.00000000 0.00 0.00 0.00 -0.08 -0.02 -5.49 0.49 -0.24 0.50 85.96 88.87 98.01 
29.78 0 0.00000000 0.00000000 0.00 0.00 0.00 -0.17 -0.03 -5.40 0.54 -0.41 -0.90 81.88 88.51 82.35 
29.88 0 0.00000000 0.00000000 0.00 0.00 0.00 -0.14 0.02 -5.70 0.31 0.63 -1.84 82.20 91.34 67.93 
29.98 0 0.00000000 0.00000000 0.00 0.00 0.00 0.14 0.01 -5.66 -0.08 0.17 -2.01 96.49 89.95 65.59 
30.08 0 0.00000000 0.00000000 0.00 0.00 0.00 0.23 0.04 -5.61 -0.66 -0.82 -1.60 103.32 92.12 70.79 
30.18 0 0.00000000 0.00000000 0.00 0.00 0.00 0.29 0.05 -5.43 -1.17 -0.88 -0.25 106.42 92.18 84.95 
30.28 0 0.00000000 0.00000000 0.00 0.00 0.00 0.27 -0.05 -5.65 -1.14 -0.50 1.45 105.32 87.03 107.39 
30.38 0 0.00000000 0.00000000 0.00 0.00 0.00 0.14 -0.27 -5.95 -0.58 -0.48 2.19 97.96 74.45 116.24 
30.48 0 0.00000000 0.00000000 0.00 0.00 0.00 0.01 -0.34 -5.88 0.34 -0.06 2.04 90.75 70.63 114.47 
30.59 0 0.00000000 0.00000000 0.00 0.00 0.00 -0.05 -0.35 -5.68 1.19 -0.39 1.12 87.00 69.68 103.46 
30.69 0 0.00000000 0.00000000 0.00 0.00 0.00 -0.16 -0.27 -5.51 1.51 -0.12 -0.48 80.99 74.73 84.21 
30.79 0 0.00000000 0.00000000 0.00 0.00 0.00 -0.16 -0.20 -5.61 1.01 0.36 -1.28 81.09 78.45 74.70 
30.89 0 0.00000000 0.00000000 0.00 0.00 0.00 -0.03 -0.03 -5.93 0.37 0.16 -1.78 88.03 88.51 68.59 
30.99 0 0.00000000 0.00000000 0.00 0.00 0.00 0.07 0.03 -5.92 -0.33 -0.73 -1.85 94.26 91.86 67.84 
31.09 0 0.00000000 0.00000000 0.00 0.00 0.00 0.11 0.02 -6.08 -0.96 -1.41 -1.17 95.41 91.41 74.54 
31.19 0 0.00000000 0.00000000 0.00 0.00 0.00 0.01 0.02 -5.60 -0.85 -2.20 0.00 90.86 91.35 90.04 
31.29 0 0.00000000 0.00000000 0.00 0.00 0.00 -0.16 -0.11 -5.57 -0.23 -1.83 0.64 80.71 83.86 97.67 
31.39 0 0.00000000 0.00000000 0.00 0.00 0.00 -0.39 -0.15 -5.12 0.29 0.51 1.13 67.88 81.53 103.52 
31.49 0 0.00000000 0.00000000 0.00 0.00 0.00 -0.33 -0.17 -5.56 0.40 1.59 1.41 71.33 80.06 106.94 
31.59 0 0.00000000 0.00000000 0.00 0.00 0.00 -0.22 -0.23 -5.73 0.70 1.07 1.22 77.19 77.10 105.12 
31.70 0 0.00000000 0.00000000 0.00 0.00 0.00 -0.15 -0.19 -5.73 0.92 1.95 0.79 80.52 78.37 100.06 
31.80 0 0.00000000 0.00000000 0.00 0.00 0.00 0.03 -0.11 -5.65 0.98 1.65 0.16 90.74 83.84 92.88 
31.90 0 0.00000000 0.00000000 0.00 0.00 0.00 0.18 -0.06 -5.37 0.80 0.81 -0.54 98.85 86.68 84.61 
32.00 0 0.00000000 0.00000000 0.00 0.00 0.00 0.27 0.01 -5.46 0.23 -1.99 -1.24 105.29 90.36 75.14 
32.10 0 0.00000000 0.00000000 0.00 0.00 0.00 0.20 0.05 -5.74 -0.55 -1.12 -1.42 101.42 92.71 72.94 
32.20 0 0.00000000 0.00000000 0.00 0.00 0.00 0.11 -0.03 -6.07 -0.82 -1.05 -1.31 96.16 88.25 74.23 
32.30 0 0.00000000 0.00000000 0.00 0.00 0.00 0.03 -0.09 -6.12 -0.85 -1.80 -0.75 91.78 85.12 80.95 
32.40 0 0.00000000 0.00000000 0.00 0.00 0.00 -0.07 -0.15 -6.03 -0.61 -1.68 -0.09 85.77 81.66 88.90 
32.51 0 0.00000000 0.00000000 0.00 0.00 0.00 -0.25 -0.20 -5.42 -0.46 -0.84 0.58 75.54 78.34 96.99 
32.61 0 0.00000000 0.00000000 0.00 0.00 0.00 -0.34 -0.23 -4.95 -0.29 -0.36 1.03 70.39 76.87 102.36 
32.71 0 0.00000000 0.00000000 0.00 0.00 0.00 -0.37 -0.37 -5.37 -0.01 0.26 1.33 68.78 69.00 105.91 
32.81 0 0.00000000 0.00000000 0.00 0.00 0.00 -0.29 -0.45 -5.68 0.20 1.66 1.47 73.44 64.00 107.65 
32.91 0 0.00000000 0.00000000 0.00 0.00 0.00 -0.13 -0.43 -5.77 0.65 1.21 1.22 82.48 65.10 104.62 
33.01 0 0.00000000 0.00000000 0.00 0.00 0.00 0.01 -0.40 -5.57 1.08 1.12 0.82 90.78 67.25 99.79 
33.11 0 0.00000000 0.00000000 0.00 0.00 0.00 0.12 -0.29 -5.63 1.49 1.06 0.37 95.39 71.93 94.95 
33.21 0 0.00000000 0.00000000 0.00 0.00 0.00 0.18 -0.18 -5.48 1.63 0.33 -0.14 100.03 78.56 89.11 
33.31 0 0.00000000 0.00000000 0.00 0.00 0.00 0.24 -0.09 -5.26 1.31 0.05 -0.60 103.99 84.63 82.78 
33.41 0 0.00000000 0.00000000 0.00 0.00 0.00 0.28 0.03 -5.46 0.56 -0.41 -0.98 106.16 91.76 78.26 
33.51 0 0.00000000 0.00000000 0.00 0.00 0.00 0.30 0.08 -5.49 -0.27 -0.90 -1.28 107.37 94.51 74.68 
33.61 0 0.00000000 0.00000000 0.00 0.00 0.00 0.23 0.05 -5.88 -1.09 -1.68 -1.38 103.10 92.95 73.38 
33.71 0 0.00000000 0.00000000 0.00 0.00 0.00 0.09 -0.04 -6.12 -1.50 -1.90 -0.96 95.35 87.88 78.50 
33.81 0 0.00000000 0.00000000 0.00 0.00 0.00 -0.04 -0.14 -6.04 -1.06 -1.59 -0.34 87.82 81.70 85.95 
33.91 0 0.00000000 0.00000000 0.00 0.00 0.00 -0.18 -0.21 -5.56 -0.46 -1.02 0.50 79.90 77.72 96.05 
34.02 0 0.00000000 0.00000000 0.00 0.00 0.00 -0.26 -0.30 -5.77 -0.17 0.44 1.28 75.38 72.83 105.33 
34.12 0 0.00000000 0.00000000 0.00 0.00 0.00 -0.23 -0.40 -5.76 0.28 0.80 1.61 76.79 67.21 109.32 
34.22 0 0.00000000 0.00000000 0.00 0.00 0.00 -0.19 -0.41 -5.74 0.86 0.47 1.30 78.86 66.60 105.63 
34.32 0 0.00000000 0.00000000 0.00 0.00 0.00 -0.14 -0.39 -5.82 1.21 0.77 0.67 81.91 67.93 98.04 
34.42 0 0.00000000 0.00000000 0.00 0.00 0.00 -0.07 -0.31 -5.87 1.55 0.66 -0.03 85.45 71.70 90.05 
34.52 0 0.00000000 0.00000000 0.00 0.00 0.00 0.04 -0.18 -5.96 1.57 1.24 -0.27 92.55 79.93 86.70 
34.62 0 0.00000000 0.00000000 0.00 0.00 0.00 0.18 -0.04 -5.62 1.13 0.29 -0.65 100.60 87.86 82.19 
34.72 0 0.00000000 0.00000000 0.00 0.00 0.00 0.18 0.07 -5.96 0.35 -1.61 -1.54 100.58 94.19 71.52 
34.82 0 0.00000000 0.00000000 0.00 0.00 0.00 0.15 0.09 -6.10 -0.46 -1.11 -1.51 98.78 95.22 71.82 
34.93 0 0.00000000 0.00000000 0.00 0.00 0.00 0.12 0.06 0.02 -1.07 -1.76 -1.11 96.62 93.37 76.63 
35.03 0 0.00000000 0.00000000 0.00 0.00 0.00 -0.04 -0.01 -5.22 -1.58 -2.11 -0.11 87.66 89.45 88.65 
35.13 0 0.00000000 0.00000000 0.00 0.00 0.00 -0.23 -0.10 -5.72 -1.40 -0.56 0.72 76.81 84.11 98.69 
35.23 0 0.00000000 0.00000000 0.00 0.00 0.00 -0.25 -0.33 -5.61 -1.09 -0.27 1.62 75.90 71.22 109.44 
35.33 0 0.00000000 0.00000000 0.00 0.00 0.00 -0.24 -0.48 -5.66 -0.63 0.49 1.93 76.39 62.76 113.20 
35.43 0 0.00000000 0.00000000 0.00 0.00 0.00 -0.15 -0.56 -5.76 0.23 0.04 1.86 81.56 58.10 112.35 
35.53 0 0.00000000 0.00000000 0.00 0.00 0.00 -0.13 -0.61 -5.65 1.29 0.43 1.22 82.71 54.92 104.70 
35.63 0 0.00000000 0.00000000 0.00 0.00 0.00 -0.08 -0.57 -5.81 1.62 0.05 0.40 85.60 57.53 94.85 
35.73 0 0.00000000 0.00000000 0.00 0.00 0.00 -0.01 -0.46 -5.83 1.58 0.14 0.09 89.38 63.83 91.02 
35.83 0 0.00000000 0.00000000 0.00 0.00 0.00 0.02 -0.27 -5.86 1.50 0.74 -0.29 90.96 74.59 86.57 
35.93 0 0.00000000 0.00000000 0.00 0.00 0.00 0.04 -0.14 -5.85 1.19 -0.13 -1.02 92.22 82.00 77.77 
36.03 0 0.00000000 0.00000000 0.00 0.00 0.00 0.09 -0.04 -5.87 0.80 -0.06 -1.51 94.72 87.13 72.50 
36.13 0 0.00000000 0.00000000 0.00 0.00 0.00 0.17 0.07 -5.89 0.02 -0.86 -1.69 99.99 93.98 69.74 
36.23 0 0.00000000 0.00000000 0.00 0.00 0.00 0.15 0.04 -6.14 -1.04 -0.99 -1.36 98.52 92.49 73.72 
36.33 0 0.00000000 0.00000000 0.00 0.00 0.00 0.02 -0.03 -6.14 -1.93 -1.20 -0.68 91.01 88.55 81.80 
36.44 0 0.00000000 0.00000000 0.00 0.00 0.00 -0.03 -0.21 0.03 -2.20 -0.86 0.59 88.11 77.68 97.09 
36.54 0 0.00000000 0.00000000 0.00 0.00 0.00 -0.12 0.12 -1.61 -0.91 1.43 1.03 83.06 96.93 102.35 
36.64 0 0.00000000 0.00000000 0.00 0.00 0.00 -0.20 -0.28 -4.05 0.82 -0.28 1.47 81.55 79.10 107.52 
36.77 0 0.00000000 0.00000000 0.00 0.00 0.00 -0.18 -0.35 -4.76 1.59 1.15 0.82 79.88 69.87 99.82 
36.90 0 0.00000000 0.00000000 0.00 0.00 0.00 -0.16 -0.32 -5.88 1.58 0.99 0.32 81.03 71.44 93.90 
37.05 0 0.00000000 0.00000000 0.00 0.00 0.00 -0.13 -0.28 -5.12 1.11 0.45 -0.54 82.37 73.79 83.49 
37.19 0 0.00000000 0.00000000 0.00 0.00 0.00 -0.10 -0.23 -0.04 0.14 -0.60 -1.45 84.21 76.77 72.54 
37.29 0 0.00000000 0.00000000 0.00 0.00 0.00 -0.08 -0.19 -0.22 -0.72 -1.09 -1.60 85.60 78.96 70.85 
37.40 0 0.00000000 0.00000000 0.00 0.00 0.00 -0.05 -0.04 -0.05 -1.35 -2.00 -0.81 87.29 87.95 80.29 
37.50 0 0.00000000 0.00000000 0.00 0.00 0.00 -0.17 -0.13 0.04 -1.55 -0.95 0.48 80.42 82.76 95.79 
37.60 0 0.00000000 0.00000000 0.00 0.00 0.00 -0.20 -0.25 -5.83 -1.19 0.03 1.23 78.45 75.96 104.71 
37.70 0 0.00000000 0.00000000 0.00 0.00 0.00 -0.14 -0.38 -5.94 -0.49 0.60 1.72 81.87 68.21 110.67 
37.80 0 0.00000000 0.00000000 0.00 0.00 0.00 -0.10 -0.46 -5.96 0.64 0.10 1.78 84.53 63.64 111.38 
37.90 0 0.00000000 0.00000000 0.00 0.00 0.00 -0.08 -0.47 -5.82 1.47 0.13 1.40 85.63 63.19 106.86 
38.00 0 0.00000000 0.00000000 0.00 0.00 0.00 -0.08 -0.41 -5.82 2.13 0.04 0.62 85.24 66.77 97.40 
38.10 0 0.00000000 0.00000000 0.00 0.00 0.00 -0.08 -0.27 -5.95 2.23 -0.13 -0.01 85.27 74.40 89.91 
38.20 0 0.00000000 0.00000000 0.00 0.00 0.00 -0.08 -0.07 -5.91 1.44 0.12 -0.56 85.58 86.22 83.29 
38.30 0 0.00000000 0.00000000 0.00 0.00 0.00 -0.07 0.11 -5.92 0.06 -0.89 -1.30 85.71 96.11 74.40 
38.40 0 0.00000000 0.00000000 0.00 0.00 0.00 -0.06 0.07 -6.13 -1.12 -0.71 -1.62 86.49 94.28 70.50 
38.51 0 0.00000000 0.00000000 0.00 0.00 0.00 0.01 0.05 -6.14 -2.00 -0.96 -1.36 89.76 93.39 72.81 
38.61 0 0.00000000 0.00000000 0.00 0.00 0.00 -0.06 -0.07 -5.91 -2.26 -1.21 -0.42 86.47 85.94 84.97 
38.71 0 0.00000000 0.00000000 0.00 0.00 0.00 -0.09 -0.22 -6.11 -1.49 0.28 0.24 84.88 77.44 92.91 
38.81 0 0.00000000 0.00000000 0.00 0.00 0.00 -0.04 -0.31 -6.03 -0.01 0.75 1.08 87.81 72.20 102.98 
38.91 0 0.00000000 0.00000000 0.00 0.00 0.00 0.02 -0.37 -6.04 1.19 0.22 1.69 91.15 68.99 110.27 
39.01 0 0.00000000 0.00000000 0.00 0.00 0.00 -0.03 -0.38 -6.00 1.51 0.07 1.50 88.26 68.11 107.97 
39.11 0 0.00000000 0.00000000 0.00 0.00 0.00 -0.09 -0.30 -5.94 1.32 -0.07 0.67 84.78 72.65 98.10 
39.21 0 0.00000000 0.00000000 0.00 0.00 0.00 -0.11 -0.22 -5.92 0.62 -0.28 -0.09 83.84 77.15 88.88 
39.31 0 0.00000000 0.00000000 0.00 0.00 0.00 -0.10 -0.16 -5.95 -0.45 -0.38 -0.49 84.54 81.04 84.06 
39.41 0 0.00000000 0.00000000 0.00 0.00 0.00 -0.03 -0.18 -5.98 -1.51 -0.09 -0.57 88.45 79.89 83.13 
39.52 0 0.00000000 0.00000000 0.00 0.00 0.00 -0.02 -0.27 -5.93 -1.88 0.17 -0.55 88.76 74.52 83.41 
39.62 0 0.00000000 0.00000000 0.00 0.00 0.00 -0.01 -0.35 -5.94 -1.17 -0.43 -0.47 89.32 69.69 84.42 
39.72 0 0.00000000 0.00000000 0.00 0.00 0.00 -0.04 -0.43 -5.91 0.01 -0.25 -0.10 87.57 65.41 88.84 
39.82 0 0.00000000 0.00000000 0.00 0.00 0.00 -0.04 -0.43 -5.94 0.98 0.00 0.37 87.76 65.09 94.49 
39.92 0 0.00000000 0.00000000 0.00 0.00 0.00 -0.06 -0.42 -5.98 1.42 0.13 0.53 86.79 65.99 96.33 
40.02 0 0.00000000 0.00000000 0.00 0.00 0.00 -0.07 -0.34 -5.97 1.48 0.31 0.58 85.96 70.64 96.99 
40.12 0 0.00000000 0.00000000 0.00 0.00 0.00 -0.06 -0.23 -6.00 0.96 0.50 0.51 86.28 76.68 96.16 
40.22 0 0.00000000 0.00000000 0.00 0.00 0.00 -0.05 -0.13 -5.90 0.04 0.08 0.15 87.40 82.54 91.82 
40.32 0 0.00000000 0.00000000 0.00 0.00 0.00 -0.04 -0.11 -5.85 -0.76 -0.03 -0.19 87.96 83.57 87.76 
40.42 0 0.00000000 0.00000000 0.00 0.00 0.00 0.02 -0.20 -5.79 -1.47 0.50 -0.32 90.86 79.43 86.39 
40.52 0 0.00000000 0.00000000 0.00 0.00 0.00 0.07 -0.29 -5.83 -1.30 0.12 -0.43 93.91 73.29 84.88 
40.62 0 0.00000000 0.00000000 0.00 0.00 0.00 0.08 -0.36 -5.80 -0.45 -0.58 -0.27 94.80 69.43 86.77 
40.72 0 0.00000000 0.00000000 0.00 0.00 0.00 0.04 -0.41 -5.88 0.48 -0.15 -0.02 92.27 66.54 89.79 
40.82 0 0.00000000 0.00000000 0.00 0.00 0.00 0.02 -0.41 -5.94 1.06 0.23 0.21 91.42 66.66 92.57 
40.92 0 0.00000000 0.00000000 0.00 0.00 0.00 0.05 -0.32 -5.96 1.28 0.29 0.33 92.78 71.60 93.92 
41.03 0 0.00000000 0.00000000 0.00 0.00 0.00 0.09 -0.21 -5.93 1.43 -0.12 0.43 95.31 77.73 95.14 
41.13 0 0.00000000 0.00000000 0.00 0.00 0.00 0.06 -0.07 -5.92 1.17 0.03 0.44 93.48 86.23 95.33 
41.23 0 0.00000000 0.00000000 0.00 0.00 0.00 0.05 0.07 -5.84 0.59 -0.25 0.25 92.65 93.93 93.05 
41.33 0 0.00000000 0.00000000 0.00 0.00 0.00 -0.04 0.11 -5.59 0.04 0.69 0.05 87.77 96.33 90.65 
41.43 0 0.00000000 0.00000000 0.00 0.00 0.00 0.06 0.05 -5.69 0.10 0.48 -0.47 93.18 92.90 84.36 
41.53 0 0.00000000 0.00000000 0.00 0.00 0.00 0.12 0.04 -5.87 -0.18 -0.42 -0.42 96.81 92.11 84.99 
41.63 0 0.00000000 0.00000000 0.00 0.00 0.00 0.12 0.09 -5.82 -0.62 -0.05 -0.42 96.92 95.10 84.93 
41.73 0 0.00000000 0.00000000 0.00 0.00 0.00 0.11 0.07 -5.83 -0.92 -0.37 -0.52 96.30 93.82 83.76 
41.83 0 0.00000000 0.00000000 0.00 0.00 0.00 0.19 -0.05 -5.70 -0.52 -0.14 -0.05 101.06 87.31 89.42 
41.93 0 0.00000000 0.00000000 0.00 0.00 0.00 0.12 -0.05 -5.81 0.24 -0.84 0.30 96.80 87.27 93.64 
42.03 0 0.00000000 0.00000000 0.00 0.00 0.00 0.05 -0.08 -5.96 0.66 -0.83 0.28 92.83 85.70 93.39 
42.13 0 0.00000000 0.00000000 0.00 0.00 0.00 -0.06 -0.10 -5.91 0.64 -0.36 0.34 86.41 84.24 94.06 
42.23 0 0.00000000 0.00000000 0.00 0.00 0.00 -0.17 0.01 -5.71 0.61 0.48 0.11 80.53 90.55 91.35 
42.33 0 0.00000000 0.00000000 0.00 0.00 0.00 -0.04 0.12 -5.85 0.79 -0.08 0.25 87.56 96.79 92.96 
42.44 0 0.00000000 0.00000000 0.00 0.00 0.00 -0.10 0.11 -5.83 0.78 -0.36 0.00 84.52 95.77 90.48 
42.54 0 0.00000000 0.00000000 0.00 0.00 0.00 -0.14 0.18 -5.82 0.62 -0.18 -0.29 81.94 100.45 86.56 
42.65 0 0.00000000 0.00000000 0.00 0.00 0.00 -0.14 0.30 -5.75 -0.30 -0.49 -0.34 82.27 106.52 85.98 
42.75 0 0.00000000 0.00000000 0.00 0.00 0.00 -0.23 0.32 -5.40 -1.56 0.20 -0.28 76.72 108.08 86.62 
42.85 0 0.00000000 0.00000000 0.00 0.00 0.00 -0.12 0.10 -5.94 -1.92 1.18 -0.22 82.88 95.67 87.36 
42.95 0 0.00000000 0.00000000 0.00 0.00 0.00 0.01 0.00 -5.83 -0.64 0.43 0.00 90.38 90.02 90.00 
43.05 0 0.00000000 0.00000000 0.00 0.00 0.00 0.06 -0.10 -5.91 0.59 -0.11 0.54 93.62 84.42 96.50 
43.15 0 0.00000000 0.00000000 0.00 0.00 0.00 0.04 -0.08 -5.90 1.20 0.15 0.43 92.40 85.46 95.21 
43.25 0 0.00000000 0.00000000 0.00 0.00 0.00 0.05 0.00 -5.94 1.30 -0.34 0.33 92.64 90.10 94.01 
43.35 0 0.00000000 0.00000000 0.00 0.00 0.00 -0.04 0.12 -5.94 0.92 0.15 0.08 87.80 97.12 91.00 
43.45 0 0.00000000 0.00000000 0.00 0.00 0.00 -0.01 0.24 -5.90 0.35 0.04 -0.07 89.29 103.49 89.21 
43.55 0 0.00000000 0.00000000 0.00 0.00 0.00 0.02 0.27 -5.90 -0.11 0.28 -0.14 91.41 105.41 88.28 
43.65 0 0.00000000 0.00000000 0.00 0.00 0.00 0.07 0.25 -5.86 -0.37 -0.14 -0.20 93.83 104.51 87.61 
43.75 0 0.00000000 0.00000000 0.00 0.00 0.00 0.06 0.24 -5.88 -0.42 -0.07 -0.18 93.25 104.02 87.87 
43.86 0 0.00000000 0.00000000 0.00 0.00 0.00 0.07 0.20 -5.90 -0.48 -0.33 -0.04 94.05 101.23 89.46 
43.96 0 0.00000000 0.00000000 0.00 0.00 0.00 0.03 0.14 -5.93 -0.57 -0.33 -0.10 91.54 98.14 88.86 
44.06 0 0.00000000 0.00000000 0.00 0.00 0.00 -0.01 0.10 -5.89 -0.54 0.13 -0.20 89.63 96.08 87.58 
44.16 0 0.00000000 0.00000000 0.00 0.00 0.00 0.01 0.03 -5.92 -0.26 0.50 -0.11 90.65 91.49 88.72 
44.26 0 0.00000000 0.00000000 0.00 0.00 0.00 0.06 0.03 -5.85 -0.12 -0.60 0.03 93.70 91.57 90.32 
44.36 0 0.00000000 0.00000000 0.00 0.00 0.00 -0.00 0.03 -5.85 -0.19 -0.25 0.01 89.96 91.80 90.08 
44.46 0 0.00000000 0.00000000 0.00 0.00 0.00 -0.03 -0.01 -5.91 -0.30 -0.11 0.01 88.48 89.27 90.09 
44.56 0 0.00000000 0.00000000 0.00 0.00 0.00 -0.04 -0.07 -5.91 -0.39 0.01 0.03 87.57 86.25 90.38 
44.66 0 0.00000000 0.00000000 0.00 0.00 0.00 -0.03 -0.10 -5.93 -0.41 0.07 0.06 87.82 84.39 90.63 
44.77 0 0.00000000 0.00000000 0.00 0.00 0.00 -0.03 -0.15 -5.89 -0.39 -0.03 0.08 88.13 81.60 91.01 
44.87 0 0.00000000 0.00000000 0.00 0.00 0.00 -0.01 -0.17 -5.90 -0.18 0.23 0.02 89.16 80.12 90.29 
44.97 0 0.00000000 0.00000000 0.00 0.00 0.00 0.00 -0.18 -5.90 -0.00 -0.28 0.02 90.05 79.43 90.24 
45.07 0 0.00000000 0.00000000 0.00 0.00 0.00 -0.03 -0.20 -5.91 0.17 0.06 0.01 88.41 78.45 90.17 
45.17 0 0.00000000 0.00000000 0.00 0.00 0.00 0.00 -0.19 -5.93 0.37 0.21 0.11 90.05 79.09 91.34 
45.27 0 0.00000000 0.00000000 0.00 0.00 0.00 0.01 -0.17 -5.94 0.51 -0.25 0.17 90.70 80.37 92.04 
45.37 0 0.00000000 0.00000000 0.00 0.00 0.00 -0.03 -0.12 -5.86 0.42 -0.41 0.05 88.04 83.29 90.61 
45.47 0 0.00000000 0.00000000 0.00 0.00 0.00 -0.09 -0.10 -5.84 -0.02 0.03 -0.14 85.05 84.38 88.36 
45.57 0 0.00000000 0.00000000 0.00 0.00 0.00 -0.07 -0.10 -5.88 -0.29 -0.00 -0.20 86.16 84.47 87.58 
45.67 0 0.00000000 0.00000000 0.00 0.00 0.00 -0.05 -0.11 -5.91 -0.48 -0.04 -0.15 87.20 83.76 88.15 
45.77 0 0.00000000 0.00000000 0.00 0.00 0.00 -0.05 -0.14 -5.91 -0.52 -0.19 -0.09 87.19 82.00 88.94 
45.87 0 0.00000000 0.00000000 0.00 0.00 0.00 -0.03 -0.19 -5.90 -0.10 0.80 -0.20 88.56 79.28 87.60 
45.97 0 0.00000000 0.00000000 0.00 0.00 0.00 0.01 -0.19 -5.95 0.52 -0.58 0.06 90.81 79.24 90.74 
46.07 0 0.00000000 0.00000000 0.00 0.00 0.00 -0.06 -0.17 -5.92 0.67 -0.33 0.03 86.49 79.99 90.31 
46.17 0 0.00000000 0.00000000 0.00 0.00 0.00 -0.09 -0.12 -5.97 0.25 -0.02 -0.21 84.74 83.21 87.51 
46.28 0 0.00000000 0.00000000 0.00 0.00 0.00 -0.03 -0.07 -5.99 0.03 0.02 -0.38 88.36 85.84 85.41 
46.38 0 0.00000000 0.00000000 0.00 0.00 0.00 -0.04 -0.05 -6.01 0.24 -0.72 -0.31 87.43 87.41 86.32 
46.48 0 0.00000000 0.00000000 0.00 0.00 0.00 -0.08 -0.04 -6.02 0.29 -0.93 0.04 85.45 87.78 90.43 
46.58 0 0.00000000 0.00000000 0.00 0.00 0.00 -0.21 0.01 -5.66 0.14 -1.44 0.00 79.07 89.75 90.61 
46.68 0 0.00000000 0.00000000 0.00 0.00 0.00 -0.38 0.05 -4.45 0.03 -1.28 -0.10 68.40 92.95 88.81 
46.78 0 0.00000000 0.00000000 0.00 0.00 0.00 -0.45 0.01 -4.78 0.07 -1.27 -0.22 64.48 90.84 87.33 
46.88 0 0.00000000 0.00000000 0.00 0.00 0.00 -0.61 -0.00 -3.28 0.18 -1.13 -0.18 54.90 89.85 87.86 
46.98 0 0.00000000 0.00000000 0.00 0.00 0.00 -0.71 0.02 -3.27 0.05 -0.83 0.12 49.59 91.26 91.42 
47.09 0 0.00000000 0.00000000 0.00 0.00 0.00 -0.76 0.02 -2.73 0.19 -0.98 0.19 46.64 91.25 92.23 
47.19 0 0.00000000 0.00000000 0.00 0.00 0.00 -0.89 0.02 -1.78 0.20 -0.79 0.15 39.23 90.94 91.83 
47.29 0 0.00000000 0.00000000 0.00 0.00 0.00 -1.01 0.01 -1.41 0.11 -0.80 0.20 32.41 90.70 92.44 
47.39 0 0.00000000 0.00000000 0.00 0.00 0.00 -1.13 0.00 -0.75 0.02 -0.45 0.09 25.18 90.14 91.14 
47.49 0 0.00000000 0.00000000 0.00 0.00 0.00 -1.11 -0.00 -0.98 0.11 -0.33 0.02 26.17 89.98 90.25 
47.59 0 0.00000000 0.00000000 0.00 0.00 0.00 -1.14 0.01 -1.04 0.05 -0.02 0.01 24.59 90.32 90.10 
47.69 0 0.00000000 0.00000000 0.00 0.00 0.00 -1.12 0.01 -1.32 0.05 -0.12 0.07 25.69 90.43 90.84 
47.79 0 0.00000000 0.00000000 0.00 0.00 0.00 -1.17 0.00 -1.00 -0.03 -0.06 0.18 23.07 90.20 92.10 
47.89 0 0.00000000 0.00000000 0.00 0.00 0.00 -1.16 -0.01 -0.90 -0.04 -0.12 0.16 23.48 89.52 91.86 
47.99 0 0.00000000 0.00000000 0.00 0.00 0.00 -1.19 -0.01 -0.92 -0.03 -0.12 0.01 21.87 89.19 90.09 
48.09 0 0.00000000 0.00000000 0.00 0.00 0.00 -1.20 -0.02 -0.68 0.02 -0.08 0.02 21.17 89.11 90.23 
48.19 0 0.00000000 0.00000000 0.00 0.00 0.00 -1.20 -0.02 -0.86 -0.01 0.02 -0.01 21.40 88.93 89.93 
48.29 0 0.00000000 0.00000000 0.00 0.00 0.00 -1.20 -0.01 -0.82 0.00 -0.02 0.03 21.30 89.20 90.31 
48.39 0 0.00000000 0.00000000 0.00 0.00 0.00 -1.21 -0.01 -0.72 -0.01 0.05 0.01 20.76 89.18 90.16 
48.49 0 0.00000000 0.00000000 0.00 0.00 0.00 -1.18 -0.01 -0.89 0.03 -0.04 -0.02 22.19 89.16 89.71 
48.59 0 0.00000000 0.00000000 0.00 0.00 0.00 -1.19 -0.01 -0.82 0.01 -0.03 -0.01 21.70 89.23 89.93 
48.70 0 0.00000000 0.00000000 0.00 0.00 0.00 -1.19 -0.02 -0.77 -0.01 -0.01 0.01 21.95 89.05 90.15 
48.80 0 0.00000000 0.00000000 0.00 0.00 0.00 -1.19 -0.01 -0.78 0.01 -0.03 -0.01 21.61 89.34 89.92 
48.90 0 0.00000000 0.00000000 0.00 0.00 0.00 -1.19 -0.01 -0.74 0.02 -0.04 -0.01 21.68 89.34 89.85 
49.00 0 0.00000000 0.00000000 0.00 0.00 0.00 -1.20 -0.02 -0.71 0.03 -0.05 0.03 21.25 89.12 90.31 
49.10 0 0.00000000 0.00000000 0.00 0.00 0.00 -1.21 -0.01 -0.76 0.03 0.00 0.01 20.93 89.37 90.10 
49.20 0 0.00000000 0.00000000 0.00 0.00 0.00 -1.20 -0.01 -0.66 0.02 0.04 -0.01 21.08 89.26 89.88 
49.31 0 0.00000000 0.00000000 0.00 0.00 0.00 -1.20 -0.01 -0.75 0.05 -0.01 -0.00 21.64 89.33 89.91 
49.41 0 0.00000000 0.00000000 0.00 0.00 0.00 -1.21 -0.01 -0.65 0.04 0.12 -0.01 20.50 89.35 89.94 
49.51 0 0.00000000 0.00000000 0.00 0.00 0.00 -1.27 -0.00 -0.29 0.05 0.71 -0.02 17.36 89.79 89.71 
49.61 0 0.00000000 0.00000000 0.00 0.00 0.00 -1.21 -0.04 -1.11 -0.24 2.02 -0.06 20.61 87.98 89.24 
49.71 0 0.00000000 0.00000000 0.00 0.00 0.00 -0.94 -0.03 -3.13 -0.22 2.27 -0.22 36.34 88.16 87.35 
49.81 0 0.00000000 0.00000000 0.00 0.00 0.00 -0.64 -0.02 -5.10 0.02 2.35 -0.22 53.27 88.75 87.32 
49.91 0 0.00000000 0.00000000 0.00 0.00 0.00 -0.40 0.04 -5.83 0.19 2.68 0.06 67.31 92.55 90.76 
50.02 0 0.00000000 0.00000000 0.00 0.00 0.00 -0.11 0.05 -5.85 0.03 2.39 0.09 83.82 92.92 91.02 
50.12 0 0.00000000 0.00000000 0.00 0.00 0.00 0.09 0.02 -5.66 0.28 1.72 -0.13 94.92 91.21 88.44 
50.22 0 0.00000000 0.00000000 0.00 0.00 0.00 0.32 0.01 -4.59 0.51 1.65 -0.05 108.23 90.80 89.38 
50.32 0 0.00000000 0.00000000 0.00 0.00 0.00 0.46 0.03 -4.36 0.46 1.26 0.04 116.42 91.95 90.44 
50.42 0 0.00000000 0.00000000 0.00 0.00 0.00 0.60 0.07 -3.53 0.53 0.85 -0.01 124.17 93.77 89.88 
50.52 0 0.00000000 0.00000000 0.00 0.00 0.00 0.69 0.12 -3.45 0.29 0.15 0.03 129.74 96.99 90.34 
50.62 0 0.00000000 0.00000000 0.00 0.00 0.00 0.73 0.19 -3.32 -0.10 -0.32 -0.01 131.78 100.77 89.84 
50.72 0 0.00000000 0.00000000 0.00 0.00 0.00 0.68 0.18 -3.88 -0.39 -1.14 -0.03 129.61 100.73 90.45 
50.82 0 0.00000000 0.00000000 0.00 0.00 0.00 0.52 0.13 -5.11 -0.17 -1.02 -0.55 120.91 98.33 84.01 
50.92 0 0.00000000 0.00000000 0.00 0.00 0.00 0.43 0.06 -5.32 -0.27 -1.25 -1.07 114.54 93.56 77.15 
51.02 0 0.00000000 0.00000000 0.00 0.00 0.00 0.34 -0.01 -4.90 -0.49 -1.45 -1.27 109.23 89.45 74.79 
51.12 0 0.00000000 0.00000000 0.00 0.00 0.00 0.24 -0.06 0.01 -0.47 -1.32 -1.14 103.57 86.70 76.32 
51.22 0 0.00000000 0.00000000 0.00 0.00 0.00 0.15 -0.05 -0.01 -0.55 -1.24 -0.54 98.81 86.92 83.46 
51.32 0 0.00000000 0.00000000 0.00 0.00 0.00 0.05 -0.10 0.01 -0.56 -0.50 0.45 93.10 84.51 95.42 
51.42 0 0.00000000 0.00000000 0.00 0.00 0.00 -0.04 -0.18 -0.95 -0.42 0.07 1.05 87.85 79.57 102.63 
51.53 0 0.00000000 0.00000000 0.00 0.00 0.00 -0.00 -0.23 -6.16 0.21 -0.13 1.39 89.75 76.92 106.72 
51.63 0 0.00000000 0.00000000 0.00 0.00 0.00 0.02 -0.24 -6.08 1.01 0.35 1.56 90.90 76.09 108.75 
51.73 0 0.00000000 0.00000000 0.00 0.00 0.00 -0.01 -0.23 -6.04 1.62 0.62 1.58 89.58 77.33 109.34 
51.83 0 0.00000000 0.00000000 0.00 0.00 0.00 -0.00 -0.14 -6.10 1.40 0.17 0.84 89.98 82.00 100.02 
51.93 0 0.00000000 0.00000000 0.00 0.00 0.00 0.04 0.03 -5.93 0.83 0.15 -0.33 92.08 91.57 86.02 
52.03 0 0.00000000 0.00000000 0.00 0.00 0.00 -0.01 0.09 -6.02 -0.06 -0.43 -1.78 89.25 95.15 68.68 
52.13 0 0.00000000 0.00000000 0.00 0.00 0.00 -0.01 -0.04 -0.04 -0.53 -0.76 -2.82 89.56 87.91 56.14 
52.23 0 0.00000000 0.00000000 0.00 0.00 0.00 0.05 -0.06 -0.27 -1.03 -0.14 -3.04 92.76 86.34 53.47 
52.34 0 0.00000000 0.00000000 0.00 0.00 0.00 0.15 -0.08 -0.29 -1.19 -0.45 -1.91 98.62 85.62 67.14 
52.44 0 0.00000000 0.00000000 0.00 0.00 0.00 0.23 -0.02 -0.21 -0.42 0.30 -0.09 103.26 88.67 88.87 
52.54 0 0.00000000 0.00000000 0.00 0.00 0.00 0.22 -0.07 -0.18 0.19 0.23 1.70 102.50 86.09 110.43 
52.64 0 0.00000000 0.00000000 0.00 0.00 0.00 0.28 -0.14 -0.16 -0.29 0.72 2.82 106.28 82.21 123.82 
52.74 0 0.00000000 0.00000000 0.00 0.00 0.00 0.34 -0.19 0.04 -0.84 0.55 3.02 109.47 79.30 126.18 
52.84 0 0.00000000 0.00000000 0.00 0.00 0.00 0.27 -0.21 -5.87 -0.36 -0.55 2.22 105.53 77.77 116.63 
52.94 0 0.00000000 0.00000000 0.00 0.00 0.00 0.10 -0.22 -5.89 0.75 -0.82 0.38 95.99 77.67 94.57 
53.04 0 0.00000000 0.00000000 0.00 0.00 0.00 0.01 -0.19 -5.87 0.85 -1.32 -1.29 91.25 79.41 76.29 
53.14 0 0.00000000 0.00000000 0.00 0.00 0.00 -0.01 -0.13 -6.15 0.49 -1.16 -2.17 89.27 82.53 64.00 
53.24 0 0.00000000 0.00000000 0.00 0.00 0.00 -0.08 -0.07 -0.01 -0.22 -0.83 -2.20 85.69 85.71 63.61 
53.34 0 0.00000000 0.00000000 0.00 0.00 0.00 -0.12 0.04 -0.13 -1.17 -0.44 -1.78 82.90 92.50 68.63 
53.44 0 0.00000000 0.00000000 0.00 0.00 0.00 -0.07 0.00 -0.09 -2.08 -0.25 -0.99 86.18 90.09 78.10 
53.54 0 0.00000000 0.00000000 0.00 0.00 0.00 -0.01 -0.14 -0.12 -2.02 -0.27 0.11 89.27 82.09 91.28 
53.64 0 0.00000000 0.00000000 0.00 0.00 0.00 -0.00 -0.26 -5.29 -0.72 -0.11 1.24 89.72 75.19 104.88 
53.78 0 0.00000000 0.00000000 0.00 0.00 0.00 -0.00 -0.30 -0.88 0.87 0.61 2.52 89.88 73.05 120.29 
53.91 0 0.00000000 0.00000000 0.00 0.00 0.00 0.00 -0.31 -6.07 1.88 0.11 2.10 90.04 72.24 115.25 
54.06 0 0.00000000 0.00000000 0.00 0.00 0.00 -0.00 -0.28 -5.13 2.19 -0.62 0.21 89.80 73.88 92.52 
54.20 0 0.00000000 0.00000000 0.00 0.00 0.00 0.01 -0.22 -0.02 0.90 -1.02 -1.45 90.41 77.62 72.58 
54.30 0 0.00000000 0.00000000 0.00 0.00 0.00 -0.02 -0.14 -0.28 -0.48 -1.01 -2.05 88.75 81.77 65.34 
54.40 0 0.00000000 0.00000000 0.00 0.00 0.00 0.01 0.09 -0.22 -1.38 -0.70 -1.95 90.45 95.37 66.65 
54.50 0 0.00000000 0.00000000 0.00 0.00 0.00 -0.01 0.09 -0.23 -1.70 -0.55 -1.49 89.62 95.24 72.10 
54.60 0 0.00000000 0.00000000 0.00 0.00 0.00 0.00 0.01 -2.65 -1.58 -0.39 -0.93 90.07 90.43 78.89 
54.70 0 0.00000000 0.00000000 0.00 0.00 0.00 -0.01 -0.07 -0.21 -1.59 -0.63 0.03 89.51 85.94 90.38 
54.80 0 0.00000000 0.00000000 0.00 0.00 0.00 -0.03 -0.22 -0.24 -1.27 -0.35 1.22 88.11 77.22 104.70 
54.90 0 0.00000000 0.00000000 0.00 0.00 0.00 -0.04 -0.39 -0.07 -0.08 0.34 1.92 87.45 67.83 113.10 
55.01 0 0.00000000 0.00000000 0.00 0.00 0.00 0.05 -0.42 0.00 1.30 0.51 2.35 92.97 65.72 118.21 
55.11 0 0.00000000 0.00000000 0.00 0.00 0.00 0.10 -0.40 -0.01 2.08 0.01 2.13 95.73 67.10 116.07 
55.21 0 0.00000000 0.00000000 0.00 0.00 0.00 0.06 -0.31 -0.06 1.84 -0.50 1.41 93.60 72.46 106.94 
55.31 0 0.00000000 0.00000000 0.00 0.00 0.00 -0.06 -0.09 -6.10 1.17 -0.71 0.21 86.82 84.97 92.48 
55.41 0 0.00000000 0.00000000 0.00 0.00 0.00 -0.15 0.08 -5.85 0.12 -0.74 -1.00 81.38 94.52 78.01 
55.52 0 0.00000000 0.00000000 0.00 0.00 0.00 -0.19 0.09 -5.81 -0.76 -0.67 -2.02 79.01 94.88 65.77 
55.62 0 0.00000000 0.00000000 0.00 0.00 0.00 -0.16 -0.02 -0.14 -1.32 -0.32 -2.26 81.07 88.97 62.93 
55.72 0 0.00000000 0.00000000 0.00 0.00 0.00 -0.08 -0.08 -0.26 -1.54 -0.07 -1.87 85.69 85.41 67.60 
55.82 0 0.00000000 0.00000000 0.00 0.00 0.00 0.02 -0.09 -0.19 -1.61 -0.70 -0.67 90.93 84.94 81.95 
55.92 0 0.00000000 0.00000000 0.00 0.00 0.00 -0.04 -0.19 -0.10 -0.99 -0.59 0.77 87.71 79.01 99.21 
56.02 0 0.00000000 0.00000000 0.00 0.00 0.00 -0.04 -0.31 -0.08 -0.21 -0.27 2.09 87.66 72.16 115.05 
56.12 0 0.00000000 0.00000000 0.00 0.00 0.00 -0.04 -0.42 -6.19 0.60 -0.07 2.64 87.62 66.03 121.64 
56.22 0 0.00000000 0.00000000 0.00 0.00 0.00 -0.08 -0.47 -6.09 1.57 -0.81 2.19 85.61 62.97 116.34 
56.32 0 0.00000000 0.00000000 0.00 0.00 0.00 -0.18 -0.39 -5.58 2.03 -0.21 1.03 79.93 67.75 102.32 
56.42 0 0.00000000 0.00000000 0.00 0.00 0.00 -0.28 -0.24 -5.06 1.69 0.13 -0.38 73.73 76.13 85.49 
56.52 0 0.00000000 0.00000000 0.00 0.00 0.00 -0.23 -0.12 -5.95 0.99 -0.18 -1.44 76.70 83.32 72.77 
56.62 0 0.00000000 0.00000000 0.00 0.00 0.00 -0.09 -0.03 -0.08 0.36 0.02 -2.10 84.61 88.11 64.83 
56.72 0 0.00000000 0.00000000 0.00 0.00 0.00 0.02 0.06 -0.10 -0.20 -0.27 -2.16 90.64 92.58 63.89 
56.82 0 0.00000000 0.00000000 0.00 0.00 0.00 0.09 0.10 -0.22 -0.88 -1.19 -1.88 94.85 95.35 66.85 
56.92 0 0.00000000 0.00000000 0.00 0.00 0.00 0.04 0.12 -0.64 -1.61 -1.71 -1.10 92.19 96.87 76.78 
57.03 0 0.00000000 0.00000000 0.00 0.00 0.00 -0.12 -0.01 -0.20 -1.50 -1.40 -0.13 84.24 91.13 87.15 
57.13 0 0.00000000 0.00000000 0.00 0.00 0.00 -0.26 -0.15 -0.17 -0.84 -0.01 0.63 74.93 81.66 97.55 
57.23 0 0.00000000 0.00000000 0.00 0.00 0.00 -0.26 -0.23 -0.14 0.09 0.23 1.33 75.09 76.69 105.96 
57.33 0 0.00000000 0.00000000 0.00 0.00 0.00 -0.25 -0.29 -0.08 0.82 1.42 1.64 75.70 73.11 109.64 
57.43 0 0.00000000 0.00000000 0.00 0.00 0.00 -0.12 -0.29 -0.09 1.26 2.19 1.69 81.42 72.98 110.38 
57.53 0 0.00000000 0.00000000 0.00 0.00 0.00 0.06 -0.20 -0.14 1.56 1.76 1.43 93.26 78.54 107.18 
57.63 0 0.00000000 0.00000000 0.00 0.00 0.00 0.21 -0.08 -0.07 1.64 1.54 0.79 101.85 85.66 99.52 
57.73 0 0.00000000 0.00000000 0.00 0.00 0.00 0.35 0.08 -0.10 1.42 1.14 -0.11 110.14 94.79 88.73 
57.84 0 0.00000000 0.00000000 0.00 0.00 0.00 0.50 0.14 -0.05 0.79 -0.45 -0.92 118.72 98.28 79.01 
57.94 0 0.00000000 0.00000000 0.00 0.00 0.00 0.56 0.16 -0.10 -0.12 -2.17 -1.56 121.80 99.00 71.26 
58.04 0 0.00000000 0.00000000 0.00 0.00 0.00 0.46 0.20 -0.13 -0.84 -2.68 -1.49 116.35 101.51 72.10 
58.14 0 0.00000000 0.00000000 0.00 0.00 0.00 0.29 0.18 -0.10 -1.24 -3.26 -0.83 106.52 100.41 80.01 
58.24 0 0.00000000 0.00000000 0.00 0.00 0.00 0.01 0.08 -0.09 -1.09 -3.34 -0.02 90.42 94.73 89.71 
58.34 0 0.00000000 0.00000000 0.00 0.00 0.00 -0.35 -0.09 -0.11 -0.50 -2.41 0.57 70.12 85.08 96.86 
58.44 0 0.00000000 0.00000000 0.00 0.00 0.00 -0.81 -0.08 -0.01 0.06 0.48 1.05 43.83 85.47 102.65 
58.54 0 0.00000000 0.00000000 0.00 0.00 0.00 -0.73 -0.31 -0.11 0.23 2.61 1.42 48.35 72.23 107.09 
58.64 0 0.00000000 0.00000000 0.00 0.00 0.00 -0.36 -0.33 -0.05 0.64 2.33 1.47 69.56 71.04 107.66 
58.74 0 0.00000000 0.00000000 0.00 0.00 0.00 -0.11 -0.32 0.01 1.16 2.17 1.29 83.92 71.69 105.45 
58.84 0 0.00000000 0.00000000 0.00 0.00 0.00 0.12 -0.25 -0.11 1.57 2.08 0.92 96.96 75.70 101.07 
58.94 0 0.00000000 0.00000000 0.00 0.00 0.00 0.33 -0.07 -0.05 1.74 1.78 0.53 109.09 85.88 96.40 
59.04 0 0.00000000 0.00000000 0.00 0.00 0.00 0.56 0.08 -0.04 1.24 1.00 -0.05 122.09 94.35 89.40 
59.14 0 0.00000000 0.00000000 0.00 0.00 0.00 0.67 0.17 -3.31 0.31 0.23 -0.59 128.20 99.99 82.93 
59.24 0 0.00000000 0.00000000 0.00 0.00 0.00 0.69 0.16 -4.14 -0.68 -1.78 -0.74 129.56 99.45 81.12 
59.34 0 0.00000000 0.00000000 0.00 0.00 0.00 0.59 0.13 -4.74 -0.93 -3.49 -0.71 123.56 97.57 81.52 
59.45 0 0.00000000 0.00000000 0.00 0.00 0.00 0.34 0.05 -0.02 -0.89 -3.43 -0.44 109.67 92.82 84.75 
59.55 0 0.00000000 0.00000000 0.00 0.00 0.00 -0.07 -0.03 -0.01 -0.89 -3.09 -0.16 86.12 88.08 88.12 
59.65 0 0.00000000 0.00000000 0.00 0.00 0.00 -0.36 -0.17 -0.04 -1.06 -2.28 0.10 69.10 80.52 91.24 
59.75 0 0.00000000 0.00000000 0.00 0.00 0.00 -0.69 -0.09 0.02 -0.65 -0.92 0.14 50.73 84.98 91.68 
59.85 0 0.00000000 0.00000000 0.00 0.00 0.00 -0.76 -0.26 -0.01 0.24 1.83 0.38 46.48 75.17 94.55 
59.95 0 0.00000000 0.00000000 0.00 0.00 0.00 -0.53 -0.34 -0.08 0.87 3.11 0.75 59.88 70.80 99.05 
60.05 0 0.00000000 0.00000000 0.00 0.00 0.00 -0.15 -0.24 -0.14 1.12 2.71 0.99 81.13 76.07 101.90 
60.15 0 0.00000000 0.00000000 0.00 0.00 0.00 0.08 -0.15 -0.06 1.13 2.31 0.89 94.39 81.16 100.73 
60.25 0 0.00000000 0.00000000 0.00 0.00 0.00 0.31 -0.03 -0.08 1.08 2.33 0.48 107.86 88.44 95.81 
60.35 0 0.00000000 0.00000000 0.00 0.00 0.00 0.53 0.07 0.02 0.68 0.88 0.02 120.42 94.01 90.28 
60.45 0 0.00000000 0.00000000 0.00 0.00 0.00 0.61 0.08 -0.01 -0.06 -0.98 -0.57 125.18 94.74 83.11 
60.55 0 0.00000000 0.00000000 0.00 0.00 0.00 0.55 0.07 -0.01 -0.65 -2.78 -0.80 121.66 94.25 80.46 
60.65 0 0.00000000 0.00000000 0.00 0.00 0.00 0.38 0.02 -0.00 -0.90 -3.39 -0.72 111.55 91.22 81.35 
60.75 0 0.00000000 0.00000000 0.00 0.00 0.00 0.10 -0.06 -0.03 -0.97 -3.41 -0.45 95.58 86.33 84.58 
60.86 0 0.00000000 0.00000000 0.00 0.00 0.00 -0.26 -0.16 -0.01 -1.10 -1.93 -0.07 74.88 81.06 89.21 
60.96 0 0.00000000 0.00000000 0.00 0.00 0.00 -0.55 -0.20 -0.01 -0.52 -1.34 -0.15 58.48 78.51 88.16 
61.06 0 0.00000000 0.00000000 0.00 0.00 0.00 -0.73 -0.20 0.00 -0.12 0.20 -0.04 48.11 78.66 89.54 
61.16 0 0.00000000 0.00000000 0.00 0.00 0.00 -0.72 -0.25 -0.08 0.51 2.43 0.54 48.93 75.64 96.46 
61.26 0 0.00000000 0.00000000 0.00 0.00 0.00 -0.37 -0.30 -0.05 0.81 2.81 1.00 69.00 72.81 101.94 
61.36 0 0.00000000 0.00000000 0.00 0.00 0.00 -0.07 -0.19 -0.08 1.14 2.88 1.15 86.08 79.17 103.82 
61.46 0 0.00000000 0.00000000 0.00 0.00 0.00 0.21 -0.09 -4.75 1.29 2.07 1.21 100.17 84.15 104.64 
61.56 0 0.00000000 0.00000000 0.00 0.00 0.00 0.37 0.01 -0.01 1.11 1.81 0.93 111.24 90.62 101.16 
61.67 0 0.00000000 0.00000000 0.00 0.00 0.00 0.47 0.06 -0.05 1.10 -0.75 0.32 116.39 93.07 95.07 
61.77 0 0.00000000 0.00000000 0.00 0.00 0.00 0.52 0.17 -4.52 0.57 -1.85 -0.06 119.77 99.53 89.29 
61.87 0 0.00000000 0.00000000 0.00 0.00 0.00 0.42 0.26 0.02 0.04 -1.92 0.08 114.01 105.18 90.91 
61.97 0 0.00000000 0.00000000 0.00 0.00 0.00 0.19 0.30 0.03 -0.00 -1.20 -0.18 101.02 106.97 87.81 
62.07 0 0.00000000 0.00000000 0.00 0.00 0.00 0.00 0.29 -0.03 -0.35 -0.60 -0.83 90.01 106.47 80.06 
62.17 0 0.00000000 0.00000000 0.00 0.00 0.00 -0.06 0.25 -0.11 -0.84 -0.33 -1.57 86.84 104.45 71.17 
62.27 0 0.00000000 0.00000000 0.00 0.00 0.00 -0.02 0.15 -0.28 -1.00 -0.59 -1.63 88.65 98.49 70.50 
62.37 0 0.00000000 0.00000000 0.00 0.00 0.00 0.09 0.12 -0.26 -1.04 -0.68 -0.85 95.11 97.15 79.77 
62.47 0 0.00000000 0.00000000 0.00 0.00 0.00 0.14 0.09 -0.17 -1.09 -0.90 0.83 97.95 95.40 98.02 
62.57 0 0.00000000 0.00000000 0.00 0.00 0.00 0.11 -0.05 -0.11 -0.80 -1.06 2.28 96.57 88.88 115.36 
62.67 0 0.00000000 0.00000000 0.00 0.00 0.00 -0.02 -0.31 0.00 -0.13 -0.12 3.07 88.83 72.48 126.87 
62.77 0 0.00000000 0.00000000 0.00 0.00 0.00 -0.11 -0.42 -5.91 0.63 0.04 2.45 83.64 65.92 119.41 
62.87 0 0.00000000 0.00000000 0.00 0.00 0.00 -0.18 -0.40 -5.76 1.10 0.11 1.13 79.95 67.26 103.60 
62.97 0 0.00000000 0.00000000 0.00 0.00 0.00 -0.20 -0.35 -5.61 1.32 0.14 -0.42 78.56 69.95 84.91 
63.07 0 0.00000000 0.00000000 0.00 0.00 0.00 -0.17 -0.22 -5.89 1.40 0.67 -1.57 80.26 77.38 71.13 
63.17 0 0.00000000 0.00000000 0.00 0.00 0.00 0.06 -0.10 -0.10 1.06 0.15 -2.19 93.26 84.21 63.68 
63.28 0 0.00000000 0.00000000 0.00 0.00 0.00 0.22 0.01 -0.08 0.27 0.03 -2.22 102.88 90.64 63.39 
63.38 0 0.00000000 0.00000000 0.00 0.00 0.00 0.31 0.17 -0.06 -0.54 0.09 -1.69 107.74 99.56 69.67 
63.48 0 0.00000000 0.00000000 0.00 0.00 0.00 0.35 0.08 -0.15 -0.72 0.27 -0.70 109.91 94.69 81.59 
63.58 0 0.00000000 0.00000000 0.00 0.00 0.00 0.31 0.01 -0.22 -0.15 0.19 -0.00 107.85 90.63 89.94 
63.68 0 0.00000000 0.00000000 0.00 0.00 0.00 0.28 -0.01 -0.27 0.35 -0.13 0.23 106.27 89.20 92.78 
63.78 0 0.00000000 0.00000000 0.00 0.00 0.00 0.31 -0.00 -0.24 0.27 0.32 0.49 108.00 89.93 95.85 
63.88 0 0.00000000 0.00000000 0.00 0.00 0.00 0.32 0.02 -0.22 0.01 0.32 0.44 108.45 91.14 95.32 
63.98 0 0.00000000 0.00000000 0.00 0.00 0.00 0.30 0.04 -0.19 0.01 -0.54 0.08 107.22 92.27 90.93 
64.08 0 0.00000000 0.00000000 0.00 0.00 0.00 0.25 0.03 -0.18 -0.24 0.79 0.04 104.60 91.65 90.50 
64.18 0 0.00000000 0.00000000 0.00 0.00 0.00 0.25 -0.04 -0.25 -0.37 -0.17 -0.04 104.18 87.90 89.47 
64.28 0 0.00000000 0.00000000 0.00 0.00 0.00 0.24 -0.06 -0.23 -0.09 -0.23 -0.04 103.78 86.48 89.50 
64.38 0 0.00000000 0.00000000 0.00 0.00 0.00 0.21 -0.04 -0.63 0.32 -0.07 0.04 101.94 87.96 90.48 
64.48 0 0.00000000 0.00000000 0.00 0.00 0.00 0.24 0.02 -0.21 0.56 -0.92 0.19 103.47 91.26 92.33 
64.58 0 0.00000000 0.00000000 0.00 0.00 0.00 0.37 -0.06 -0.27 0.62 -0.31 0.28 111.14 86.38 93.31 
64.68 0 0.00000000 0.00000000 0.00 0.00 0.00 0.25 0.11 -0.10 -0.72 -0.30 -0.03 104.16 96.30 89.70 
64.79 0 0.00000000 0.00000000 0.00 0.00 0.00 0.00 0.23 -0.05 0.01 -0.07 -0.10 90.23 103.35 88.83 
64.89 0 0.00000000 0.00000000 0.00 0.00 0.00 0.07 -0.04 -0.09 -0.03 -0.94 0.07 94.00 87.81 90.79 
64.99 0 0.00000000 0.00000000 0.00 0.00 0.00 0.09 0.03 -0.20 -0.03 -0.24 0.01 94.98 91.68 90.14 
65.09 0 0.00000000 0.00000000 0.00 0.00 0.00 0.08 0.03 -0.21 0.06 -0.03 0.00 94.44 91.85 90.02 
65.19 0 0.00000000 0.00000000 0.00 0.00 0.00 0.07 0.04 -0.20 0.04 0.02 0.00 93.92 92.40 90.01 
65.29 0 0.00000000 0.00000000 0.00 0.00 0.00 0.06 0.04 -0.20 0.01 -0.01 0.00 93.57 92.21 90.03 
65.39 0 0.00000000 0.00000000 0.00 0.00 0.00 0.06 0.04 -0.20 0.02 -0.02 0.00 93.69 92.41 90.03 
65.49 0 0.00000000 0.00000000 0.00 0.00 0.00 0.06 0.05 -0.19 0.03 -0.00 0.00 93.65 92.65 90.04 
65.59 0 0.00000000 0.00000000 0.00 0.00 0.00 0.06 0.04 -0.20 -0.03 -0.02 0.00 93.56 92.27 90.05 
65.69 0 0.00000000 0.00000000 0.00 0.00 0.00 0.06 0.04 -0.20 0.03 -0.00 0.00 93.58 92.39 90.01 
65.79 0 0.00000000 0.00000000 0.00 0.00 0.00 0.06 0.05 -0.19 0.03 -0.02 0.00 93.69 92.73 90.02 
65.90 0 0.00000000 0.00000000 0.00 0.00 0.00 0.06 0.05 -0.19 0.01 -0.02 0.00 93.63 92.61 90.05 
66.00 0 0.00000000 0.00000000 0.00 0.00 0.00 0.06 0.05 -0.19 0.02 -0.02 0.00 93.68 92.62 90.02 
66.10 0 0.00000000 0.00000000 0.00 0.00 0.00 0.06 0.05 -0.19 0.02 -0.01 0.00 93.48 92.67 90.05 
66.20 0 0.00000000 0.00000000 0.00 0.00 0.00 0.06 0.04 -0.20 0.01 -0.01 0.00 93.66 92.31 90.04 
66.30 0 0.00000000 0.00000000 0.00 0.00 0.00 0.06 0.05 -0.20 0.01 -0.02 0.00 93.41 92.59 90.04 
66.40 0 0.00000000 0.00000000 0.00 0.00 0.00 0.06 0.04 -0.19 0.02 -0.01 0.00 93.51 92.56 90.04 
66.50 0 0.00000000 0.00000000 0.00 0.00 0.00 0.06 0.04 -0.20 0.02 -0.01 0.00 93.45 92.53 90.05 
