2.78 0 0.00000000 0.00000000 0.00 0.00 0.00 0.07 0.00 -0.03 -0.00 -0.01 -0.00 93.49 90.08 89.99 
2.99 0 0.00000000 0.00000000 0.00 0.00 0.00 0.07 0.00 -0.03 0.01 -0.02 0.00 94.24 90.01 90.01 
3.09 0 0.00000000 0.00000000 0.00 0.00 0.00 0.09 0.00 -0.04 -0.00 -0.00 -0.00 94.91 90.20 89.98 
3.19 0 0.00000000 0.00000000 0.00 0.00 0.00 0.09 0.00 -0.03 -0.01 0.01 0.00 95.21 90.14 90.02 
3.29 0 0.00000000 0.00000000 0.00 0.00 0.00 0.10 0.01 -0.02 -0.00 -0.01 -0.00 95.53 90.31 89.98 
3.39 0 0.00000000 0.00000000 0.00 0.00 0.00 0.11 0.00 -0.02 -0.01 -0.07 -0.01 96.21 90.15 89.93 
3.49 0 0.00000000 0.00000000 0.00 0.00 0.00 0.09 0.00 -0.03 -0.03 -0.01 0.02 95.07 90.16 90.20 
3.59 0 0.00000000 0.00000000 0.00 0.00 0.00 0.08 0.00 -0.02 -0.05 0.08 -0.01 94.77 90.06 89.91 
3.70 0 0.00000000 0.00000000 0.00 0.00 0.00 0.10 0.01 -0.01 -0.03 -0.06 -0.01 95.61 90.66 89.87 
3.80 0 0.00000000 0.00000000 0.00 0.00 0.00 0.09 0.00 -0.02 0.01 0.01 0.04 95.35 90.01 90.47 
3.90 0 0.00000000 0.00000000 0.00 0.00 0.00 0.10 -0.01 -0.03 -0.00 0.03 0.03 95.62 89.67 90.40 
4.00 0 0.00000000 0.00000000 0.00 0.00 0.00 0.08 -0.02 -0.04 0.04 -0.05 -0.00 94.75 89.01 89.97 
