2.10 0 0.00000000 0.00000000 0.00 0.00 0.00 0.09 0.03 -0.07 0.01 -0.01 0.00 94.61 91.73 90.06 
2.31 0 0.00000000 0.00000000 0.00 0.00 0.00 0.09 0.04 -0.06 0.01 -0.01 0.00 95.40 92.08 90.04 
2.41 0 0.00000000 0.00000000 0.00 0.00 0.00 0.11 0.04 -0.01 0.01 -0.02 0.01 96.20 92.33 90.07 
2.51 0 0.00000000 0.00000000 0.00 0.00 0.00 0.11 0.04 -0.02 0.01 -0.01 0.00 96.55 92.49 90.04 
2.61 0 0.00000000 0.00000000 0.00 0.00 0.00 0.12 0.04 -0.01 0.01 -0.01 0.00 96.60 92.48 90.03 
2.71 0 0.00000000 0.00000000 0.00 0.00 0.00 0.12 0.04 -0.01 0.00 -0.01 0.01 96.64 92.39 90.07 
2.81 0 0.00000000 0.00000000 0.00 0.00 0.00 0.12 0.04 0.00 0.01 -0.01 0.00 96.69 92.40 90.05 
2.95 0 0.00000000 0.00000000 0.00 0.00 0.00 0.12 0.04 0.01 0.01 -0.01 0.00 96.68 92.37 90.04 
3.09 0 0.00000000 0.00000000 0.00 0.00 0.00 0.12 0.04 0.01 0.01 -0.01 0.00 96.68 92.38 90.04 
3.23 0 0.00000000 0.00000000 0.00 0.00 0.00 0.12 0.04 -0.01 0.01 -0.01 0.00 96.67 92.45 90.05 
3.36 0 0.00000000 0.00000000 0.00 0.00 0.00 0.12 0.04 -0.01 0.01 -0.01 0.00 96.73 92.44 90.05 
3.47 0 0.00000000 0.00000000 0.00 0.00 0.00 0.12 0.04 -0.01 0.01 -0.01 0.00 96.75 92.43 90.02 
3.57 0 0.00000000 0.00000000 0.00 0.00 0.00 0.12 0.04 0.00 0.01 -0.01 0.00 96.78 92.53 90.03 
3.67 0 0.00000000 0.00000000 0.00 0.00 0.00 0.12 0.04 0.00 0.01 -0.01 0.00 96.84 92.48 90.03 
3.77 0 0.00000000 0.00000000 0.00 0.00 0.00 0.12 0.04 0.02 0.01 -0.01 0.00 96.91 92.46 90.03 
3.87 0 0.00000000 0.00000000 0.00 0.00 0.00 0.12 0.04 0.01 0.01 -0.01 0.00 96.76 92.53 90.03 
3.97 0 0.00000000 0.00000000 0.00 0.00 0.00 0.12 0.04 -0.00 0.01 -0.01 0.00 96.75 92.49 90.06 
4.07 0 0.00000000 0.00000000 0.00 0.00 0.00 0.12 0.04 0.00 0.01 -0.01 0.00 96.66 92.34 90.04 
4.17 0 0.00000000 0.00000000 0.00 0.00 0.00 0.12 0.04 -0.01 0.01 -0.01 0.00 96.74 92.49 90.04 
4.27 0 0.00000000 0.00000000 0.00 0.00 0.00 0.12 0.04 0.00 0.01 -0.01 0.00 96.76 92.56 90.03 
4.38 0 0.00000000 0.00000000 0.00 0.00 0.00 0.12 0.04 0.00 0.01 -0.01 0.00 96.78 92.56 90.05 
4.48 0 0.00000000 0.00000000 0.00 0.00 0.00 0.12 0.04 -0.01 0.01 -0.01 0.00 96.70 92.51 90.05 
4.58 0 0.00000000 0.00000000 0.00 0.00 0.00 0.12 0.04 -0.01 0.00 -0.01 0.00 96.78 92.54 90.04 
4.68 0 0.00000000 0.00000000 0.00 0.00 0.00 0.12 0.04 0.02 0.01 -0.02 0.00 96.91 92.47 90.06 
4.78 0 0.00000000 0.00000000 0.00 0.00 0.00 0.12 0.04 0.01 0.01 -0.01 0.00 96.85 92.46 90.04 
4.88 0 0.00000000 0.00000000 0.00 0.00 0.00 0.12 0.04 -0.01 0.00 -0.01 0.00 96.72 92.52 90.02 
4.98 0 0.00000000 0.00000000 0.00 0.00 0.00 0.12 0.04 0.01 0.01 -0.01 0.00 96.70 92.58 90.03 
5.08 0 0.00000000 0.00000000 0.00 0.00 0.00 0.12 0.05 0.01 0.00 -0.01 0.00 96.81 92.58 90.04 
5.18 0 0.00000000 0.00000000 0.00 0.00 0.00 0.12 0.05 0.01 0.01 -0.01 0.00 96.73 92.58 90.05 
5.28 0 0.00000000 0.00000000 0.00 0.00 0.00 0.12 0.04 0.01 0.01 -0.01 0.00 96.74 92.57 90.04 
5.38 0 0.00000000 0.00000000 0.00 0.00 0.00 0.12 0.04 0.00 0.01 -0.01 0.00 96.83 92.48 90.03 
5.49 0 0.00000000 0.00000000 0.00 0.00 0.00 0.12 0.04 0.01 0.01 -0.01 0.00 96.75 92.52 90.03 
5.59 0 0.00000000 0.00000000 0.00 0.00 0.00 0.12 0.04 -0.00 0.01 -0.01 0.00 96.69 92.51 90.03 
5.69 0 0.00000000 0.00000000 0.00 0.00 0.00 0.12 0.04 0.01 0.01 -0.01 0.00 96.72 92.46 90.03 
5.80 0 0.00000000 0.00000000 0.00 0.00 0.00 0.11 0.04 -0.00 0.01 -0.01 0.00 96.68 92.53 90.01 
5.90 0 0.00000000 0.00000000 0.00 0.00 0.00 0.12 0.04 0.00 0.01 -0.01 0.00 96.73 92.42 90.01 
6.00 0 0.00000000 0.00000000 0.00 0.00 0.00 0.12 0.04 0.00 0.01 -0.01 0.00 96.76 92.49 90.04 
6.10 0 0.00000000 0.00000000 0.00 0.00 0.00 0.12 0.04 0.01 0.00 -0.01 0.00 96.83 92.45 90.03 
6.20 0 0.00000000 0.00000000 0.00 0.00 0.00 0.12 0.04 -0.00 0.01 -0.01 0.01 96.82 92.46 90.07 
6.30 0 0.00000000 0.00000000 0.00 0.00 0.00 0.12 0.04 -0.00 0.01 -0.02 0.00 96.74 92.42 90.04 
6.40 0 0.00000000 0.00000000 0.00 0.00 0.00 0.12 0.04 -0.00 0.01 -0.01 0.00 96.79 92.51 90.03 
6.51 0 0.00000000 0.00000000 0.00 0.00 0.00 0.12 0.04 0.00 0.01 -0.01 0.00 96.74 92.44 90.02 
6.61 0 0.00000000 0.00000000 0.00 0.00 0.00 0.12 0.05 0.00 0.01 -0.01 0.00 96.76 92.60 90.04 
6.71 0 0.00000000 0.00000000 0.00 0.00 0.00 0.12 0.04 -0.01 0.01 -0.01 0.00 96.72 92.57 90.02 
6.81 0 0.00000000 0.00000000 0.00 0.00 0.00 0.12 0.04 0.00 0.01 -0.01 0.00 96.84 92.44 89.99 
6.91 0 0.00000000 0.00000000 0.00 0.00 0.00 0.12 0.04 0.02 0.01 -0.01 0.00 96.82 92.52 90.03 
7.01 0 0.00000000 0.00000000 0.00 0.00 0.00 0.12 0.04 0.01 0.01 -0.01 0.00 96.85 92.52 90.01 
7.11 0 0.00000000 0.00000000 0.00 0.00 0.00 0.12 0.04 0.01 0.00 -0.01 -0.00 96.88 92.56 90.03 
7.22 0 0.00000000 0.00000000 0.00 0.00 0.00 0.12 0.04 0.00 0.01 -0.01 0.00 96.81 92.48 90.03 
7.32 0 0.00000000 0.00000000 0.00 0.00 0.00 0.12 0.04 -0.01 0.01 -0.01 0.00 96.85 92.44 90.01 
7.42 0 0.00000000 0.00000000 0.00 0.00 0.00 0.12 0.04 0.01 0.01 -0.01 0.00 96.79 92.52 90.03 
7.52 0 0.00000000 0.00000000 0.00 0.00 0.00 0.12 0.05 0.01 0.01 -0.01 0.00 96.94 92.59 90.03 
7.62 0 0.00000000 0.00000000 0.00 0.00 0.00 0.12 0.05 0.01 0.01 -0.01 0.00 96.77 92.61 90.06 
7.72 0 0.00000000 0.00000000 0.00 0.00 0.00 0.12 0.04 0.02 0.01 -0.01 0.00 96.77 92.57 90.04 
7.82 0 0.00000000 0.00000000 0.00 0.00 0.00 0.12 0.04 0.01 0.01 -0.01 0.00 96.72 92.50 90.05 
7.92 0 0.00000000 0.00000000 0.00 0.00 0.00 0.12 0.04 0.00 0.01 -0.02 0.00 96.67 92.52 90.04 
8.02 0 0.00000000 0.00000000 0.00 0.00 0.00 0.12 0.04 0.02 0.02 -0.01 0.00 96.76 92.46 90.02 
8.13 0 0.00000000 0.00000000 0.00 0.00 0.00 0.12 0.04 0.02 0.01 -0.01 0.00 96.68 92.49 90.04 
8.23 0 0.00000000 0.00000000 0.00 0.00 0.00 0.12 0.04 0.02 0.01 -0.01 0.00 96.71 92.51 90.05 
8.33 0 0.00000000 0.00000000 0.00 0.00 0.00 0.12 0.04 0.00 0.01 -0.01 0.00 96.74 92.57 90.02 
8.43 0 0.00000000 0.00000000 0.00 0.00 0.00 0.12 0.04 0.01 0.01 -0.01 0.00 96.72 92.57 90.05 
8.53 0 0.00000000 0.00000000 0.00 0.00 0.00 0.12 0.04 0.00 0.01 -0.02 0.00 96.75 92.55 90.03 
8.64 0 0.00000000 0.00000000 0.00 0.00 0.00 0.12 0.05 0.00 0.01 -0.00 0.00 96.76 92.64 90.04 
8.74 0 0.00000000 0.00000000 0.00 0.00 0.00 0.12 0.04 -0.00 0.01 -0.01 0.00 96.83 92.52 90.05 
8.84 0 0.00000000 0.00000000 0.00 0.00 0.00 0.12 0.04 -0.00 0.02 -0.01 0.00 96.70 92.52 90.01 
8.94 0 0.00000000 0.00000000 0.00 0.00 0.00 0.12 0.05 0.00 0.01 -0.01 0.00 96.64 92.55 90.05 
9.04 0 0.00000000 0.00000000 0.00 0.00 0.00 0.12 0.04 -1.17 0.01 -0.01 0.00 96.65 92.51 90.02 
9.14 0 0.00000000 0.00000000 0.00 0.00 0.00 0.12 0.04 -0.01 0.01 -0.01 0.00 96.68 92.42 90.05 
9.25 0 0.00000000 0.00000000 0.00 0.00 0.00 0.12 0.04 -0.00 0.01 -0.01 0.00 96.75 92.49 90.05 
9.35 0 0.00000000 0.00000000 0.00 0.00 0.00 0.12 0.05 -0.00 0.01 -0.01 0.00 96.74 92.70 90.06 
9.45 0 0.00000000 0.00000000 0.00 0.00 0.00 0.12 0.04 0.02 0.01 -0.01 0.00 96.70 92.60 90.04 
9.56 0 0.00000000 0.00000000 0.00 0.00 0.00 0.12 0.04 -0.01 0.01 -0.01 0.00 96.75 92.50 90.02 
9.66 0 0.00000000 0.00000000 0.00 0.00 0.00 0.12 0.05 -0.01 0.01 -0.01 0.00 96.71 92.60 90.03 
9.76 0 0.00000000 0.00000000 0.00 0.00 0.00 0.12 0.05 0.01 0.01 -0.01 0.00 96.69 92.64 90.04 
9.86 0 0.00000000 0.00000000 0.00 0.00 0.00 0.12 0.05 -0.00 0.01 -0.01 0.00 96.72 92.58 90.04 
9.96 0 0.00000000 0.00000000 0.00 0.00 0.00 0.12 0.04 -0.01 0.01 -0.01 0.00 96.80 92.56 90.04 
10.06 0 0.00000000 0.00000000 0.00 0.00 0.00 0.12 0.04 -0.01 0.01 -0.01 0.00 96.69 92.55 90.03 
10.16 0 0.00000000 0.00000000 0.00 0.00 0.00 0.12 0.04 0.01 0.01 -0.01 0.00 96.66 92.47 90.04 
10.27 0 0.00000000 0.00000000 0.00 0.00 0.00 0.12 0.04 0.00 0.01 -0.01 0.00 96.72 92.40 90.04 
10.37 0 0.00000000 0.00000000 0.00 0.00 0.00 0.12 0.05 0.01 0.01 -0.01 0.00 96.67 92.68 90.03 
10.47 0 0.00000000 0.00000000 0.00 0.00 0.00 0.12 0.05 -0.00 0.01 -0.01 0.00 96.66 92.63 90.04 
10.57 0 0.00000000 0.00000000 0.00 0.00 0.00 0.12 0.05 -0.01 0.01 -0.01 0.00 96.65 92.62 90.04 
10.67 0 0.00000000 0.00000000 0.00 0.00 0.00 0.12 0.04 0.02 0.01 -0.01 0.00 96.72 92.51 90.03 
10.77 0 0.00000000 0.00000000 0.00 0.00 0.00 0.12 0.05 0.00 0.01 -0.01 0.00 96.81 92.71 90.04 
10.88 0 0.00000000 0.00000000 0.00 0.00 0.00 0.12 0.04 -0.00 0.01 -0.01 0.00 96.63 92.58 90.05 
10.98 0 0.00000000 0.00000000 0.00 0.00 0.00 0.12 0.05 -0.02 0.01 -0.01 0.00 96.63 92.58 90.04 
11.08 0 0.00000000 0.00000000 0.00 0.00 0.00 0.12 0.05 -0.00 0.01 -0.01 0.00 96.64 92.72 90.02 
11.18 0 0.00000000 0.00000000 0.00 0.00 0.00 0.12 0.05 -0.02 0.01 -0.01 0.00 96.61 92.63 90.03 
11.28 0 0.00000000 0.00000000 0.00 0.00 0.00 0.12 0.05 -0.01 0.02 -0.01 0.00 96.66 92.65 90.05 
11.39 0 0.00000000 0.00000000 0.00 0.00 0.00 0.12 0.05 0.00 0.00 -0.01 0.01 96.62 92.76 90.07 
11.49 0 0.00000000 0.00000000 0.00 0.00 0.00 0.12 0.05 0.01 0.01 -0.01 0.00 96.62 92.67 90.06 
11.59 0 0.00000000 0.00000000 0.00 0.00 0.00 0.12 0.04 0.01 0.00 -0.01 0.00 96.70 92.63 90.04 
11.69 0 0.00000000 0.00000000 0.00 0.00 0.00 0.12 0.05 0.01 0.01 -0.01 0.00 96.67 92.65 90.02 
11.79 0 0.00000000 0.00000000 0.00 0.00 0.00 0.12 0.05 -0.01 0.01 -0.01 0.00 96.60 92.64 90.04 
11.89 0 0.00000000 0.00000000 0.00 0.00 0.00 0.12 0.05 0.01 0.01 -0.01 0.00 96.70 92.65 90.01 
11.99 0 0.00000000 0.00000000 0.00 0.00 0.00 0.12 0.04 0.01 0.01 -0.01 0.00 96.66 92.55 90.04 
12.10 0 0.00000000 0.00000000 0.00 0.00 0.00 0.12 0.05 0.00 0.01 -0.01 0.00 96.70 92.61 90.04 
12.20 0 0.00000000 0.00000000 0.00 0.00 0.00 0.12 0.05 -0.02 0.01 -0.01 0.00 96.75 92.61 90.02 
12.30 0 0.00000000 0.00000000 0.00 0.00 0.00 0.12 0.05 0.01 0.01 -0.01 0.00 96.90 92.61 90.05 
12.40 0 0.00000000 0.00000000 0.00 0.00 0.00 0.12 0.04 0.01 0.01 -0.01 0.01 96.79 92.53 90.06 
12.50 0 0.00000000 0.00000000 0.00 0.00 0.00 0.11 0.04 -0.00 0.01 -0.01 0.00 96.59 92.54 90.03 
12.61 0 0.00000000 0.00000000 0.00 0.00 0.00 0.12 0.04 0.01 0.01 -0.01 0.00 96.81 92.64 90.03 
12.71 0 0.00000000 0.00000000 0.00 0.00 0.00 0.12 0.05 0.00 0.01 -0.01 0.00 96.63 92.61 90.01 
12.81 0 0.00000000 0.00000000 0.00 0.00 0.00 0.12 0.05 -0.01 0.01 -0.01 0.00 96.69 92.65 90.01 
12.91 0 0.00000000 0.00000000 0.00 0.00 0.00 0.12 0.04 0.01 0.01 -0.01 -0.00 96.68 92.58 89.99 
13.01 0 0.00000000 0.00000000 0.00 0.00 0.00 0.12 0.05 -0.02 0.01 -0.01 0.00 96.74 92.67 90.02 
13.11 0 0.00000000 0.00000000 0.00 0.00 0.00 0.12 0.04 -0.00 0.01 -0.01 0.00 96.63 92.56 90.04 
13.22 0 0.00000000 0.00000000 0.00 0.00 0.00 0.12 0.05 -0.01 0.01 -0.00 0.00 96.76 92.61 90.03 
13.32 0 0.00000000 0.00000000 0.00 0.00 0.00 0.12 0.04 0.02 0.01 -0.01 0.00 96.80 92.57 90.02 
13.42 0 0.00000000 0.00000000 0.00 0.00 0.00 0.12 0.04 0.00 0.01 -0.01 0.00 96.67 92.53 90.03 
13.52 0 0.00000000 0.00000000 0.00 0.00 0.00 0.12 0.04 0.00 0.01 -0.01 0.00 96.79 92.47 90.03 
13.62 0 0.00000000 0.00000000 0.00 0.00 0.00 0.12 0.05 0.02 0.01 -0.01 0.00 96.79 92.50 90.04 
13.72 0 0.00000000 0.00000000 0.00 0.00 0.00 0.12 0.04 -0.00 0.01 -0.00 0.00 96.71 92.50 90.03 
13.82 0 0.00000000 0.00000000 0.00 0.00 0.00 0.12 0.04 0.01 0.01 -0.01 0.00 96.79 92.58 90.03 
13.93 0 0.00000000 0.00000000 0.00 0.00 0.00 0.12 0.04 -0.01 0.01 -0.01 0.00 96.74 92.48 90.04 
14.03 0 0.00000000 0.00000000 0.00 0.00 0.00 0.12 0.04 -0.01 0.01 -0.01 0.00 96.71 92.53 90.03 
14.13 0 0.00000000 0.00000000 0.00 0.00 0.00 0.12 0.04 0.01 0.00 -0.01 0.00 96.63 92.51 90.04 
14.23 0 0.00000000 0.00000000 0.00 0.00 0.00 0.12 0.04 0.00 0.01 -0.01 0.00 96.72 92.54 90.04 
14.33 0 0.00000000 0.00000000 0.00 0.00 0.00 0.12 0.04 0.00 0.01 -0.02 0.00 96.62 92.54 90.04 
14.43 0 0.00000000 0.00000000 0.00 0.00 0.00 0.12 0.04 -0.00 0.01 -0.01 0.00 96.62 92.48 90.04 
14.53 0 0.00000000 0.00000000 0.00 0.00 0.00 0.12 0.04 0.00 0.01 -0.01 0.00 96.66 92.49 90.01 
14.63 0 0.00000000 0.00000000 0.00 0.00 0.00 0.12 0.04 0.01 0.01 -0.01 0.00 96.74 92.57 90.05 
14.73 0 0.00000000 0.00000000 0.00 0.00 0.00 0.11 0.05 -0.00 0.01 -0.01 0.00 96.58 92.68 90.03 
14.84 0 0.00000000 0.00000000 0.00 0.00 0.00 0.11 0.04 -0.00 0.01 -0.01 0.00 96.61 92.56 90.03 
14.94 0 0.00000000 0.00000000 0.00 0.00 0.00 0.12 0.05 -0.01 0.01 -0.00 0.00 96.67 92.59 90.03 
15.04 0 0.00000000 0.00000000 0.00 0.00 0.00 0.12 0.04 -0.01 0.00 -0.02 0.00 96.70 92.51 90.02 
15.14 0 0.00000000 0.00000000 0.00 0.00 0.00 0.12 0.05 0.01 0.01 -0.01 0.00 96.68 92.63 90.05 
15.24 0 0.00000000 0.00000000 0.00 0.00 0.00 0.12 0.05 0.01 0.01 -0.01 0.00 96.66 92.70 90.02 
15.34 0 0.00000000 0.00000000 0.00 0.00 0.00 0.12 0.05 -0.01 0.01 -0.01 0.00 96.72 92.56 90.05 
15.44 0 0.00000000 0.00000000 0.00 0.00 0.00 0.12 0.04 0.01 0.01 -0.01 0.00 96.82 92.52 90.02 
15.55 0 0.00000000 0.00000000 0.00 0.00 0.00 0.12 0.04 0.02 0.01 -0.01 0.00 96.69 92.57 90.02 
15.65 0 0.00000000 0.00000000 0.00 0.00 0.00 0.12 0.04 -0.01 0.01 -0.01 0.00 96.71 92.57 90.03 
15.75 0 0.00000000 0.00000000 0.00 0.00 0.00 0.12 0.04 0.01 0.01 -0.01 0.00 96.69 92.53 90.02 
15.85 0 0.00000000 0.00000000 0.00 0.00 0.00 0.12 0.04 0.00 0.01 -0.01 0.00 96.77 92.56 90.04 
15.96 0 0.00000000 0.00000000 0.00 0.00 0.00 0.12 0.05 -0.01 0.01 -0.01 0.00 96.73 92.56 90.06 
16.06 0 0.00000000 0.00000000 0.00 0.00 0.00 0.12 0.04 0.00 0.01 -0.02 0.00 96.73 92.56 90.04 
16.16 0 0.00000000 0.00000000 0.00 0.00 0.00 0.12 0.04 0.01 0.01 -0.01 0.00 96.69 92.56 90.03 
16.26 0 0.00000000 0.00000000 0.00 0.00 0.00 0.12 0.04 -0.00 0.01 -0.01 -0.00 96.70 92.50 90.03 
16.37 0 0.00000000 0.00000000 0.00 0.00 0.00 0.11 0.04 0.01 0.01 -0.01 0.00 96.66 92.60 90.06 
16.47 0 0.00000000 0.00000000 0.00 0.00 0.00 0.12 0.05 0.00 0.01 -0.01 0.00 96.64 92.59 90.03 
16.58 0 0.00000000 0.00000000 0.00 0.00 0.00 0.12 0.05 -0.00 0.01 -0.01 0.00 96.68 92.72 90.03 
16.68 0 0.00000000 0.00000000 0.00 0.00 0.00 0.12 0.05 -0.01 0.01 -0.01 0.00 96.75 92.66 90.02 
16.78 0 0.00000000 0.00000000 0.00 0.00 0.00 0.12 0.04 -0.00 0.01 -0.01 0.00 96.77 92.51 90.02 
16.88 0 0.00000000 0.00000000 0.00 0.00 0.00 0.12 0.04 0.00 0.01 -0.01 0.00 96.76 92.39 90.04 
16.98 0 0.00000000 0.00000000 0.00 0.00 0.00 0.12 0.04 0.01 0.01 -0.01 0.00 96.75 92.47 90.01 
17.08 0 0.00000000 0.00000000 0.00 0.00 0.00 0.12 0.04 -0.01 0.01 -0.01 0.00 96.65 92.52 90.04 
17.18 0 0.00000000 0.00000000 0.00 0.00 0.00 0.12 0.05 0.00 0.01 -0.01 0.00 96.81 92.59 90.02 
17.28 0 0.00000000 0.00000000 0.00 0.00 0.00 0.12 0.04 0.01 0.01 -0.01 0.00 96.77 92.51 90.05 
17.38 0 0.00000000 0.00000000 0.00 0.00 0.00 0.12 0.04 -0.01 0.01 -0.01 0.00 96.72 92.48 90.00 
17.49 0 0.00000000 0.00000000 0.00 0.00 0.00 0.12 0.04 -0.00 0.01 -0.01 0.00 96.75 92.32 90.05 
17.59 0 0.00000000 0.00000000 0.00 0.00 0.00 0.12 0.04 -0.00 0.01 -0.01 0.00 96.82 92.46 90.03 
17.69 0 0.00000000 0.00000000 0.00 0.00 0.00 0.12 0.04 0.01 0.01 -0.01 0.00 96.70 92.53 90.04 
17.79 0 0.00000000 0.00000000 0.00 0.00 0.00 0.12 0.05 0.01 0.01 -0.01 0.00 96.71 92.65 90.03 
17.90 0 0.00000000 0.00000000 0.00 0.00 0.00 0.12 0.05 -0.00 0.01 -0.01 0.00 96.67 92.64 90.00 
18.00 0 0.00000000 0.00000000 0.00 0.00 0.00 0.12 0.05 -0.01 0.01 -0.01 0.00 96.62 92.59 90.04 
18.10 0 0.00000000 0.00000000 0.00 0.00 0.00 0.12 0.04 -0.00 0.01 -0.01 0.00 96.71 92.60 90.05 
18.20 0 0.00000000 0.00000000 0.00 0.00 0.00 0.12 0.04 0.02 0.00 -0.01 0.00 96.69 92.50 90.05 
18.30 0 0.00000000 0.00000000 0.00 0.00 0.00 0.12 0.04 -0.00 0.01 -0.01 0.00 96.67 92.56 90.03 
18.41 0 0.00000000 0.00000000 0.00 0.00 0.00 0.12 0.04 0.01 0.01 -0.01 0.00 96.82 92.58 90.02 
18.51 0 0.00000000 0.00000000 0.00 0.00 0.00 0.12 0.05 -0.00 0.01 -0.01 0.00 96.82 92.53 90.01 
18.61 0 0.00000000 0.00000000 0.00 0.00 0.00 0.12 0.04 0.02 0.01 -0.01 0.00 96.93 92.55 90.02 
18.71 0 0.00000000 0.00000000 0.00 0.00 0.00 0.12 0.04 -0.00 0.01 -0.01 0.00 96.80 92.55 90.02 
18.81 0 0.00000000 0.00000000 0.00 0.00 0.00 0.12 0.04 0.01 0.01 -0.01 0.00 96.80 92.56 90.04 
18.91 0 0.00000000 0.00000000 0.00 0.00 0.00 0.12 0.05 -0.01 0.01 -0.01 0.00 96.82 92.58 90.02 
19.01 0 0.00000000 0.00000000 0.00 0.00 0.00 0.12 0.04 0.01 0.01 -0.01 0.00 96.78 92.43 90.03 
19.12 0 0.00000000 0.00000000 0.00 0.00 0.00 0.12 0.04 -0.00 0.01 -0.01 0.00 96.77 92.51 90.04 
19.22 0 0.00000000 0.00000000 0.00 0.00 0.00 0.12 0.04 -0.01 0.01 -0.01 0.00 96.72 92.50 90.04 
19.33 0 0.00000000 0.00000000 0.00 0.00 0.00 0.12 0.05 0.01 0.01 -0.01 0.00 96.78 92.65 90.02 
19.43 0 0.00000000 0.00000000 0.00 0.00 0.00 0.12 0.04 0.01 0.01 -0.02 0.00 96.88 92.51 90.04 
19.53 0 0.00000000 0.00000000 0.00 0.00 0.00 0.12 0.04 0.00 0.01 -0.01 0.00 96.75 92.56 90.06 
19.63 0 0.00000000 0.00000000 0.00 0.00 0.00 0.12 0.04 -0.00 0.01 -0.01 0.01 96.71 92.54 90.07 
19.73 0 0.00000000 0.00000000 0.00 0.00 0.00 0.12 0.05 0.01 0.01 -0.01 0.00 96.88 92.58 90.06 
19.84 0 0.00000000 0.00000000 0.00 0.00 0.00 0.12 0.04 0.00 0.01 -0.01 0.00 96.72 92.51 90.07 
19.94 0 0.00000000 0.00000000 0.00 0.00 0.00 0.12 0.04 -0.00 0.02 -0.00 0.00 96.78 92.48 90.05 
20.04 0 0.00000000 0.00000000 0.00 0.00 0.00 0.12 0.04 -0.00 0.01 -0.02 0.00 96.74 92.54 90.03 
20.14 0 0.00000000 0.00000000 0.00 0.00 0.00 0.12 0.05 0.01 0.01 -0.01 0.00 96.76 92.54 90.02 
20.25 0 0.00000000 0.00000000 0.00 0.00 0.00 0.12 0.05 -0.00 0.01 -0.01 0.00 96.68 92.62 90.01 
20.35 0 0.00000000 0.00000000 0.00 0.00 0.00 0.12 0.04 0.00 0.01 -0.01 0.00 96.70 92.55 90.03 
20.45 0 0.00000000 0.00000000 0.00 0.00 0.00 0.12 0.04 0.01 0.00 -0.01 0.00 96.73 92.56 90.08 
20.59 0 0.00000000 0.00000000 0.00 0.00 0.00 0.12 0.04 -0.00 0.01 -0.01 0.00 96.70 92.55 90.04 
20.73 0 0.00000000 0.00000000 0.00 0.00 0.00 0.12 0.04 -0.01 0.01 -0.01 0.00 96.72 92.56 90.05 
20.87 0 0.00000000 0.00000000 0.00 0.00 0.00 0.12 0.04 -0.00 0.01 -0.01 0.00 96.70 92.57 90.03 
21.01 0 0.00000000 0.00000000 0.00 0.00 0.00 0.12 0.05 -0.01 0.01 -0.01 0.00 96.73 92.64 90.03 
21.11 0 0.00000000 0.00000000 0.00 0.00 0.00 0.12 0.05 -0.02 0.01 -0.01 0.00 96.79 92.61 90.05 
21.21 0 0.00000000 0.00000000 0.00 0.00 0.00 0.12 0.05 0.01 0.01 -0.01 0.00 96.72 92.58 90.04 
21.31 0 0.00000000 0.00000000 0.00 0.00 0.00 0.12 0.04 0.01 0.01 -0.01 0.00 96.72 92.50 90.04 
21.41 0 0.00000000 0.00000000 0.00 0.00 0.00 0.12 0.04 0.01 0.01 -0.01 0.00 96.81 92.47 90.02 
21.51 0 0.00000000 0.00000000 0.00 0.00 0.00 0.12 0.04 -0.01 0.01 -0.01 0.00 96.74 92.54 90.04 
21.61 0 0.00000000 0.00000000 0.00 0.00 0.00 0.12 0.04 0.01 0.01 -0.01 0.00 96.75 92.43 90.06 
21.71 0 0.00000000 0.00000000 0.00 0.00 0.00 0.12 0.04 0.01 0.01 -0.00 0.00 96.80 92.45 90.04 
21.81 0 0.00000000 0.00000000 0.00 0.00 0.00 0.12 0.04 -0.20 0.01 -0.01 0.00 96.81 92.47 90.03 
21.92 0 0.00000000 0.00000000 0.00 0.00 0.00 0.12 0.04 0.02 0.01 -0.02 0.00 96.93 92.47 90.02 
22.02 0 0.00000000 0.00000000 0.00 0.00 0.00 0.12 0.04 -0.00 0.01 -0.02 0.00 96.87 92.50 90.04 
22.12 0 0.00000000 0.00000000 0.00 0.00 0.00 0.12 0.04 0.01 0.01 -0.01 0.00 96.86 92.51 90.03 
22.22 0 0.00000000 0.00000000 0.00 0.00 0.00 0.12 0.04 -0.00 0.01 -0.01 0.00 96.74 92.55 90.04 
22.32 0 0.00000000 0.00000000 0.00 0.00 0.00 0.12 0.04 0.00 0.01 -0.01 0.00 96.87 92.50 90.05 
22.43 0 0.00000000 0.00000000 0.00 0.00 0.00 0.12 0.04 0.02 0.00 -0.01 0.00 96.93 92.44 90.06 
22.53 0 0.00000000 0.00000000 0.00 0.00 0.00 0.12 0.04 0.01 0.01 -0.01 0.00 96.80 92.50 90.04 
22.63 0 0.00000000 0.00000000 0.00 0.00 0.00 0.12 0.04 0.01 0.01 -0.01 0.00 96.84 92.50 90.03 
22.74 0 0.00000000 0.00000000 0.00 0.00 0.00 0.12 0.04 0.01 0.00 -0.01 0.00 96.80 92.47 90.05 
22.84 0 0.00000000 0.00000000 0.00 0.00 0.00 0.12 0.04 0.01 0.01 -0.01 0.00 96.80 92.48 90.04 
22.94 0 0.00000000 0.00000000 0.00 0.00 0.00 0.12 0.04 0.01 0.01 -0.01 0.00 96.75 92.52 90.04 
23.04 0 0.00000000 0.00000000 0.00 0.00 0.00 0.12 0.04 -0.00 0.01 -0.01 0.00 96.77 92.47 90.02 
23.14 0 0.00000000 0.00000000 0.00 0.00 0.00 0.12 0.04 -0.01 0.01 -0.02 0.00 96.64 92.57 90.04 
23.24 0 0.00000000 0.00000000 0.00 0.00 0.00 0.12 0.04 0.01 0.01 -0.01 -0.00 96.76 92.53 90.03 
23.34 0 0.00000000 0.00000000 0.00 0.00 0.00 0.12 0.04 0.00 0.02 -0.01 0.00 96.75 92.61 90.02 
23.44 0 0.00000000 0.00000000 0.00 0.00 0.00 0.12 0.04 -0.01 0.00 -0.01 0.01 96.72 92.54 90.07 
23.54 0 0.00000000 0.00000000 0.00 0.00 0.00 0.12 0.04 0.00 0.01 -0.01 0.00 96.80 92.46 90.05 
23.64 0 0.00000000 0.00000000 0.00 0.00 0.00 0.12 0.04 0.02 0.01 -0.01 0.00 96.77 92.48 90.02 
23.75 0 0.00000000 0.00000000 0.00 0.00 0.00 0.12 0.04 0.01 0.01 -0.01 0.00 96.74 92.50 90.04 
23.85 0 0.00000000 0.00000000 0.00 0.00 0.00 0.12 0.04 0.01 0.01 -0.00 0.00 96.87 92.53 90.03 
23.95 0 0.00000000 0.00000000 0.00 0.00 0.00 0.12 0.04 0.01 0.02 -0.01 0.00 96.70 92.51 90.03 
24.06 0 0.00000000 0.00000000 0.00 0.00 0.00 0.12 0.04 -0.01 0.00 -0.01 0.00 96.80 92.38 90.03 
24.16 0 0.00000000 0.00000000 0.00 0.00 0.00 0.12 0.04 -0.00 0.01 -0.01 0.00 96.75 92.53 90.05 
24.26 0 0.00000000 0.00000000 0.00 0.00 0.00 0.12 0.04 0.01 0.01 -0.01 0.00 96.80 92.46 90.05 
24.36 0 0.00000000 0.00000000 0.00 0.00 0.00 0.12 0.04 0.01 0.02 -0.01 0.00 96.80 92.56 90.02 
24.46 0 0.00000000 0.00000000 0.00 0.00 0.00 0.12 0.05 0.01 0.01 -0.01 0.00 96.77 92.56 90.02 
24.57 0 0.00000000 0.00000000 0.00 0.00 0.00 0.12 0.04 0.01 0.01 -0.01 0.00 96.75 92.48 90.05 
24.67 0 0.00000000 0.00000000 0.00 0.00 0.00 0.12 0.04 0.01 0.01 -0.01 0.00 96.74 92.44 90.05 
24.78 0 0.00000000 0.00000000 0.00 0.00 0.00 0.12 0.04 0.01 0.00 -0.01 0.00 96.66 92.50 90.03 
24.88 0 0.00000000 0.00000000 0.00 0.00 0.00 0.12 0.05 -0.00 0.00 -0.01 0.00 96.67 92.59 90.05 
24.98 0 0.00000000 0.00000000 0.00 0.00 0.00 0.12 0.04 -0.01 0.01 -0.01 0.00 96.76 92.58 90.03 
25.09 0 0.00000000 0.00000000 0.00 0.00 0.00 0.12 0.04 -0.00 0.01 -0.01 0.00 96.85 92.52 90.03 
25.19 0 0.00000000 0.00000000 0.00 0.00 0.00 0.12 0.05 0.01 0.02 -0.01 0.00 96.80 92.61 90.02 
25.29 0 0.00000000 0.00000000 0.00 0.00 0.00 0.12 0.04 0.00 0.01 -0.01 0.00 96.66 92.49 90.06 
25.39 0 0.00000000 0.00000000 0.00 0.00 0.00 0.12 0.04 0.01 0.01 -0.01 0.00 96.78 92.47 90.04 
25.50 0 0.00000000 0.00000000 0.00 0.00 0.00 0.12 0.04 0.00 0.00 -0.01 0.00 96.84 92.48 90.05 
25.60 0 0.00000000 0.00000000 0.00 0.00 0.00 0.12 0.04 0.01 0.00 -0.01 0.00 96.92 92.36 90.04 
25.70 0 0.00000000 0.00000000 0.00 0.00 0.00 0.12 0.04 0.00 0.01 -0.01 0.00 96.74 92.51 90.04 
25.80 0 0.00000000 0.00000000 0.00 0.00 0.00 0.12 0.04 0.00 0.01 -0.01 0.00 96.77 92.41 90.02 
25.90 0 0.00000000 0.00000000 0.00 0.00 0.00 0.12 0.04 -0.00 0.01 -0.01 0.00 96.77 92.55 90.02 
26.01 0 0.00000000 0.00000000 0.00 0.00 0.00 0.12 0.04 -0.01 0.01 -0.01 0.01 96.70 92.45 90.03 
26.11 0 0.00000000 0.00000000 0.00 0.00 0.00 0.12 0.04 0.01 0.01 -0.01 0.00 96.79 92.51 90.03 
26.21 0 0.00000000 0.00000000 0.00 0.00 0.00 0.12 0.04 -0.01 0.01 -0.01 0.00 96.87 92.54 90.03 
26.31 0 0.00000000 0.00000000 0.00 0.00 0.00 0.12 0.05 -0.00 0.01 -0.02 0.00 96.76 92.61 90.04 
26.41 0 0.00000000 0.00000000 0.00 0.00 0.00 0.12 0.04 -0.02 0.01 -0.01 0.00 96.83 92.57 90.05 
26.52 0 0.00000000 0.00000000 0.00 0.00 0.00 0.12 0.04 0.00 0.00 -0.01 0.00 96.76 92.48 90.04 
26.62 0 0.00000000 0.00000000 0.00 0.00 0.00 0.12 0.04 -0.01 0.01 -0.01 0.00 96.77 92.46 90.06 
26.72 0 0.00000000 0.00000000 0.00 0.00 0.00 0.12 0.04 0.01 0.00 -0.01 0.00 96.80 92.44 90.04 
26.82 0 0.00000000 0.00000000 0.00 0.00 0.00 0.12 0.04 -0.01 0.00 -0.02 0.01 96.78 92.52 90.06 
26.92 0 0.00000000 0.00000000 0.00 0.00 0.00 0.12 0.04 -0.01 0.01 -0.01 0.00 96.72 92.57 90.01 
27.03 0 0.00000000 0.00000000 0.00 0.00 0.00 0.12 0.04 0.00 0.01 -0.01 0.00 96.81 92.50 90.02 
27.13 0 0.00000000 0.00000000 0.00 0.00 0.00 0.12 0.04 0.01 0.00 -0.01 0.00 96.78 92.44 90.04 
27.23 0 0.00000000 0.00000000 0.00 0.00 0.00 0.12 0.04 -0.00 0.00 -0.01 0.00 96.81 92.46 90.04 
27.33 0 0.00000000 0.00000000 0.00 0.00 0.00 0.12 0.04 -0.00 0.00 -0.02 0.00 96.79 92.51 90.04 
27.43 0 0.00000000 0.00000000 0.00 0.00 0.00 0.12 0.04 0.01 0.01 -0.01 0.00 96.80 92.50 90.04 
27.53 0 0.00000000 0.00000000 0.00 0.00 0.00 0.12 0.05 0.01 0.01 -0.01 0.00 96.87 92.59 90.03 
27.64 0 0.00000000 0.00000000 0.00 0.00 0.00 0.12 0.04 0.01 0.01 -0.01 0.00 96.80 92.51 90.05 
27.74 0 0.00000000 0.00000000 0.00 0.00 0.00 0.12 0.04 -0.01 0.02 -0.01 0.00 96.68 92.56 90.02 
27.84 0 0.00000000 0.00000000 0.00 0.00 0.00 0.12 0.04 -0.00 0.01 -0.01 0.00 96.69 92.52 90.06 
27.94 0 0.00000000 0.00000000 0.00 0.00 0.00 0.12 0.05 0.01 0.01 -0.01 0.00 96.82 92.58 90.02 
28.04 0 0.00000000 0.00000000 0.00 0.00 0.00 0.12 0.04 0.00 0.02 -0.01 -0.00 96.66 92.51 90.05 
28.15 0 0.00000000 0.00000000 0.00 0.00 0.00 0.12 0.04 0.00 0.01 -0.01 0.00 96.74 92.33 90.05 
28.25 0 0.00000000 0.00000000 0.00 0.00 0.00 0.12 0.04 -0.01 0.02 -0.00 0.00 96.74 92.49 90.03 
28.35 0 0.00000000 0.00000000 0.00 0.00 0.00 0.12 0.04 -0.01 0.01 -0.01 0.00 96.69 92.49 90.03 
28.45 0 0.00000000 0.00000000 0.00 0.00 0.00 0.12 0.04 0.00 0.00 -0.01 0.00 96.64 92.50 90.04 
28.55 0 0.00000000 0.00000000 0.00 0.00 0.00 0.12 0.05 0.01 0.01 -0.00 0.00 96.71 92.59 90.04 
28.66 0 0.00000000 0.00000000 0.00 0.00 0.00 0.12 0.04 -0.01 0.01 -0.01 0.00 96.59 92.47 90.01 
28.76 0 0.00000000 0.00000000 0.00 0.00 0.00 0.11 0.05 0.00 0.01 -0.01 0.00 96.55 92.63 90.02 
28.86 0 0.00000000 0.00000000 0.00 0.00 0.00 0.12 0.05 0.01 0.01 -0.01 0.00 96.64 92.62 90.02 
28.96 0 0.00000000 0.00000000 0.00 0.00 0.00 0.12 0.04 0.00 0.01 -0.01 0.00 96.65 92.60 90.03 
29.07 0 0.00000000 0.00000000 0.00 0.00 0.00 0.12 0.04 0.01 0.01 -0.01 0.00 96.69 92.59 90.02 
29.17 0 0.00000000 0.00000000 0.00 0.00 0.00 0.12 0.05 0.03 0.01 -0.01 0.00 96.79 92.59 90.01 
29.27 0 0.00000000 0.00000000 0.00 0.00 0.00 0.12 0.05 0.01 0.01 -0.01 0.00 96.63 92.67 90.04 
29.37 0 0.00000000 0.00000000 0.00 0.00 0.00 0.12 0.05 -0.01 0.01 -0.01 0.00 96.66 92.71 90.05 
29.48 0 0.00000000 0.00000000 0.00 0.00 0.00 0.12 0.05 0.01 0.01 -0.01 0.00 96.61 92.70 90.02 
29.58 0 0.00000000 0.00000000 0.00 0.00 0.00 0.12 0.05 -0.01 0.01 -0.01 0.00 96.61 92.68 90.02 
29.68 0 0.00000000 0.00000000 0.00 0.00 0.00 0.11 0.05 0.01 0.01 -0.01 0.00 96.58 92.69 90.03 
29.78 0 0.00000000 0.00000000 0.00 0.00 0.00 0.12 0.05 0.00 0.01 -0.01 0.00 96.63 92.70 90.04 
29.88 0 0.00000000 0.00000000 0.00 0.00 0.00 0.12 0.05 0.01 0.01 -0.01 0.00 96.68 92.71 90.02 
29.98 0 0.00000000 0.00000000 0.00 0.00 0.00 0.12 0.05 0.01 0.01 -0.02 0.00 96.70 92.66 90.03 
30.09 0 0.00000000 0.00000000 0.00 0.00 0.00 0.12 0.05 -0.02 0.01 -0.01 0.00 96.73 92.64 90.03 
