1.66 0 0.00000000 0.00000000 0.00 0.00 0.00 0.05 0.03 -0.02 0.01 -0.01 0.01 93.14 91.71 90.08 
1.85 0 0.00000000 0.00000000 0.00 0.00 0.00 0.06 0.03 -0.02 0.01 -0.01 0.00 93.38 91.78 90.05 
1.95 0 0.00000000 0.00000000 0.00 0.00 0.00 0.07 0.04 -0.02 0.02 -0.01 0.01 93.92 92.09 90.10 
2.05 0 0.00000000 0.00000000 0.00 0.00 0.00 0.07 0.04 -0.02 0.02 -0.01 0.00 94.10 92.44 90.03 
2.15 0 0.00000000 0.00000000 0.00 0.00 0.00 0.07 0.05 -0.02 0.03 -0.01 0.00 94.08 92.99 90.03 
2.25 0 0.00000000 0.00000000 0.00 0.00 0.00 0.07 0.04 -0.02 0.01 -0.02 0.01 94.27 92.40 90.12 
2.36 0 0.00000000 0.00000000 0.00 0.00 0.00 0.06 0.04 -0.02 0.01 -0.01 0.01 93.58 92.45 90.08 
2.46 0 0.00000000 0.00000000 0.00 0.00 0.00 0.07 0.04 2.09 0.01 -0.01 0.01 94.16 92.15 90.07 
2.56 0 0.00000000 0.00000000 0.00 0.00 0.00 0.08 0.03 -0.04 0.01 -0.02 0.01 94.81 91.91 90.07 
2.66 0 0.00000000 0.00000000 0.00 0.00 0.00 0.08 0.03 -0.03 0.01 -0.01 0.00 94.32 91.91 90.06 
2.76 0 0.00000000 0.00000000 0.00 0.00 0.00 0.07 0.04 -0.03 0.02 -0.01 0.00 94.13 92.08 90.05 
2.86 0 0.00000000 0.00000000 0.00 0.00 0.00 0.14 0.08 -0.04 0.01 -0.01 0.00 98.10 94.35 90.03 
2.96 0 0.00000000 0.00000000 0.00 0.00 0.00 0.09 0.05 -0.03 0.01 -0.01 0.00 95.41 92.95 90.04 
3.06 0 0.00000000 0.00000000 0.00 0.00 0.00 0.08 0.05 -0.03 0.01 -0.01 0.01 94.59 92.62 90.07 
3.16 0 0.00000000 0.00000000 0.00 0.00 0.00 0.07 0.04 -0.03 0.02 -0.01 0.00 94.27 92.50 90.05 
3.27 0 0.00000000 0.00000000 0.00 0.00 0.00 0.07 0.04 -0.03 0.02 -0.01 0.01 94.27 92.43 90.08 
3.37 0 0.00000000 0.00000000 0.00 0.00 0.00 0.07 0.04 -0.02 0.02 -0.01 0.01 94.26 92.32 90.07 
3.47 0 0.00000000 0.00000000 0.00 0.00 0.00 0.07 0.04 -0.03 0.01 -0.01 0.01 94.24 92.19 90.07 
3.57 0 0.00000000 0.00000000 0.00 0.00 0.00 0.08 0.04 -0.02 0.01 -0.01 0.01 94.33 92.14 90.07 
3.67 0 0.00000000 0.00000000 0.00 0.00 0.00 0.07 0.04 -0.02 0.01 -0.01 0.01 94.28 92.10 90.08 
3.77 0 0.00000000 0.00000000 0.00 0.00 0.00 0.08 0.04 -0.02 0.01 -0.01 0.00 94.31 92.24 90.05 
3.87 0 0.00000000 0.00000000 0.00 0.00 0.00 0.07 0.04 -0.02 0.02 -0.01 0.00 94.21 92.18 90.03 
3.97 0 0.00000000 0.00000000 0.00 0.00 0.00 0.08 0.04 -0.02 0.03 -0.01 0.01 94.40 92.13 90.08 
4.07 0 0.00000000 0.00000000 0.00 0.00 0.00 0.07 0.03 -0.02 0.02 -0.02 -0.05 94.24 91.79 89.36 
4.18 0 0.00000000 0.00000000 0.00 0.00 0.00 0.08 0.03 -0.03 0.00 -0.00 -0.24 94.54 91.74 86.84 
4.28 0 0.00000000 0.00000000 0.00 0.00 0.00 0.10 -0.03 -0.12 -0.06 0.05 -0.34 95.79 88.44 85.64 
4.38 0 0.00000000 0.00000000 0.00 0.00 0.00 0.06 0.06 -0.03 0.18 -0.11 -0.22 93.15 93.33 87.19 
4.48 0 0.00000000 0.00000000 0.00 0.00 0.00 0.08 0.03 -0.10 0.01 0.04 -0.19 94.36 91.75 87.54 
4.58 0 0.00000000 0.00000000 0.00 0.00 0.00 0.08 0.06 -0.06 0.04 0.28 -0.19 94.38 93.24 87.58 
4.68 0 0.00000000 0.00000000 0.00 0.00 0.00 0.13 0.05 -0.10 0.22 -0.04 0.03 97.28 92.99 90.44 
4.78 0 0.00000000 0.00000000 0.00 0.00 0.00 0.14 0.07 -0.07 0.08 0.27 -0.12 97.95 94.12 88.38 
4.88 0 0.00000000 0.00000000 0.00 0.00 0.00 0.15 0.06 -0.09 -0.05 0.52 -0.11 98.75 93.33 88.54 
4.98 0 0.00000000 0.00000000 0.00 0.00 0.00 0.20 0.02 -0.14 0.01 0.26 -0.10 101.30 91.06 88.66 
5.08 0 0.00000000 0.00000000 0.00 0.00 0.00 0.21 0.05 -0.10 0.03 0.05 -0.02 102.06 92.58 89.70 
5.18 0 0.00000000 0.00000000 0.00 0.00 0.00 0.22 0.05 -0.10 -0.05 -0.08 0.06 102.72 92.98 90.74 
5.28 0 0.00000000 0.00000000 0.00 0.00 0.00 0.18 0.04 -0.08 -0.12 -0.03 -0.07 100.58 92.47 89.05 
5.39 0 0.00000000 0.00000000 0.00 0.00 0.00 0.15 0.01 -0.08 -0.61 -0.37 -0.20 98.44 90.69 87.40 
5.49 0 0.00000000 0.00000000 0.00 0.00 0.00 -0.19 0.00 -0.11 0.01 -1.61 -0.14 92.45 84.56 87.90 
5.59 0 0.00000000 0.00000000 0.00 0.00 0.00 -0.08 -0.05 -0.06 -0.20 -0.29 -0.09 85.40 86.97 88.84 
5.69 0 0.00000000 0.00000000 0.00 0.00 0.00 -0.00 -0.10 -0.14 -0.01 0.52 0.16 89.88 84.53 92.03 
5.79 0 0.00000000 0.00000000 0.00 0.00 0.00 -0.02 -0.09 -0.11 0.24 -0.02 -0.01 88.87 84.71 89.81 
5.89 0 0.00000000 0.00000000 0.00 0.00 0.00 0.04 -0.10 -0.16 -0.05 0.38 -0.03 92.37 84.45 89.63 
6.00 0 0.00000000 0.00000000 0.00 0.00 0.00 -0.06 0.16 0.14 -0.56 0.46 -0.14 86.82 99.29 88.14 
6.10 0 0.00000000 0.00000000 0.00 0.00 0.00 0.01 0.02 -0.00 0.11 0.42 -0.07 90.06 90.30 88.79 
6.20 0 0.00000000 0.00000000 0.00 0.00 0.00 0.00 -0.05 -0.04 0.18 0.04 0.01 90.14 87.29 90.07 
6.30 0 0.00000000 0.00000000 0.00 0.00 0.00 0.14 -0.06 -0.12 0.02 0.04 0.07 97.33 86.76 91.02 
6.40 0 0.00000000 0.00000000 0.00 0.00 0.00 0.10 -0.06 -0.12 0.07 0.10 -0.11 95.66 86.48 88.60 
6.50 0 0.00000000 0.00000000 0.00 0.00 0.00 0.06 -0.02 -0.10 0.22 -0.01 -0.07 93.23 89.10 89.06 
6.61 0 0.00000000 0.00000000 0.00 0.00 0.00 0.28 -0.01 -0.10 0.48 0.71 0.21 105.83 89.63 92.72 
6.71 0 0.00000000 0.00000000 0.00 0.00 0.00 0.23 -0.04 -0.20 -0.46 -0.24 0.03 103.02 87.95 90.39 
6.81 0 0.00000000 0.00000000 0.00 0.00 0.00 0.16 -0.08 -0.19 -0.06 -0.46 -0.12 99.30 85.36 88.39 
6.91 0 0.00000000 0.00000000 0.00 0.00 0.00 0.15 0.00 -0.15 0.57 0.38 0.02 98.60 90.05 90.30 
7.01 0 0.00000000 0.00000000 0.00 0.00 0.00 0.18 0.04 -0.10 -0.24 -0.18 -0.03 100.08 92.07 89.60 
7.11 0 0.00000000 0.00000000 0.00 0.00 0.00 0.14 -0.02 -0.13 0.08 0.12 -0.08 98.28 88.88 88.90 
7.21 0 0.00000000 0.00000000 0.00 0.00 0.00 0.18 -0.00 -0.16 0.21 0.08 0.01 99.88 89.20 90.12 
7.31 0 0.00000000 0.00000000 0.00 0.00 0.00 0.19 -0.00 -0.16 -0.10 -0.01 0.02 100.72 89.99 90.24 
7.41 0 0.00000000 0.00000000 0.00 0.00 0.00 0.17 -0.01 -0.14 -0.24 -0.16 -0.02 100.03 89.22 89.76 
7.51 0 0.00000000 0.00000000 0.00 0.00 0.00 0.16 -0.03 -0.15 0.09 0.09 -0.01 99.14 88.30 89.89 
7.62 0 0.00000000 0.00000000 0.00 0.00 0.00 0.18 -0.02 -0.16 0.15 0.00 -0.01 100.09 88.80 89.82 
7.72 0 0.00000000 0.00000000 0.00 0.00 0.00 0.18 -0.01 -0.15 -0.07 -0.07 -0.02 100.10 89.52 89.68 
7.82 0 0.00000000 0.00000000 0.00 0.00 0.00 0.17 -0.02 -0.16 0.03 -0.02 -0.00 99.86 89.10 89.98 
7.92 0 0.00000000 0.00000000 0.00 0.00 0.00 0.18 -0.01 -0.15 0.02 -0.00 0.00 100.28 89.45 90.04 
8.03 0 0.00000000 0.00000000 0.00 0.00 0.00 0.16 -0.02 -0.15 -0.03 -0.06 0.00 99.45 89.14 90.04 
8.13 0 0.00000000 0.00000000 0.00 0.00 0.00 0.17 -0.02 -0.15 -0.00 0.03 -0.03 99.58 88.66 89.66 
8.23 0 0.00000000 0.00000000 0.00 0.00 0.00 0.16 -0.03 -0.17 -0.04 0.02 -0.10 99.32 88.00 88.82 
8.34 0 0.00000000 0.00000000 0.00 0.00 0.00 0.14 -0.06 -0.19 0.04 -0.01 -0.23 97.75 86.71 87.07 
8.44 0 0.00000000 0.00000000 0.00 0.00 0.00 0.17 -0.02 -0.17 -0.15 -0.47 -0.23 99.69 88.69 87.00 
8.54 0 0.00000000 0.00000000 0.00 0.00 0.00 0.13 -0.06 -0.20 -0.08 -0.47 -0.13 97.28 86.74 88.28 
8.64 0 0.00000000 0.00000000 0.00 0.00 0.00 0.06 -0.07 -0.20 0.07 0.33 -0.02 93.40 86.47 89.59 
8.74 0 0.00000000 0.00000000 0.00 0.00 0.00 0.05 -0.07 -0.22 0.42 -0.22 0.01 92.72 85.96 90.07 
8.84 0 0.00000000 0.00000000 0.00 0.00 0.00 0.04 -0.03 -0.24 0.59 0.09 -0.13 92.07 88.24 88.36 
8.94 0 0.00000000 0.00000000 0.00 0.00 0.00 0.07 0.03 -0.26 0.15 -0.21 -0.06 93.84 91.68 89.26 
9.04 0 0.00000000 0.00000000 0.00 0.00 0.00 0.06 0.06 -0.22 -0.26 -0.07 0.03 93.27 93.36 90.42 
9.14 0 0.00000000 0.00000000 0.00 0.00 0.00 0.04 0.02 -0.24 -0.11 -0.08 0.01 92.60 91.44 90.11 
9.24 0 0.00000000 0.00000000 0.00 0.00 0.00 0.02 0.01 -0.22 0.05 0.04 -0.12 91.31 90.75 88.65 
9.35 0 0.00000000 0.00000000 0.00 0.00 0.00 -0.00 0.00 -0.24 0.07 -0.37 -0.41 89.96 90.26 84.68 
9.45 0 0.00000000 0.00000000 0.00 0.00 0.00 -0.03 -0.00 -0.29 -0.18 -1.51 -0.65 88.62 89.93 81.56 
9.55 0 0.00000000 0.00000000 0.00 0.00 0.00 0.05 0.03 -0.37 -0.34 -1.12 -0.57 93.12 91.53 82.58 
9.65 0 0.00000000 0.00000000 0.00 0.00 0.00 -0.12 0.01 -0.38 -0.34 -0.34 -0.07 83.35 90.33 89.05 
9.75 0 0.00000000 0.00000000 0.00 0.00 0.00 -0.23 -0.05 -0.37 -0.05 -0.26 0.05 77.09 87.36 90.69 
9.85 0 0.00000000 0.00000000 0.00 0.00 0.00 -0.28 -0.06 -0.35 -0.12 -0.25 -0.03 74.01 86.73 89.59 
9.96 0 0.00000000 0.00000000 0.00 0.00 0.00 -0.36 -0.07 -0.32 -0.21 -0.06 -0.18 69.76 86.02 87.86 
10.06 0 0.00000000 0.00000000 0.00 0.00 0.00 -0.38 -0.10 -0.34 -0.15 1.16 -0.06 68.30 84.54 89.24 
10.16 0 0.00000000 0.00000000 0.00 0.00 0.00 -0.20 -0.09 -0.39 0.06 1.96 -0.09 78.44 85.08 88.77 
10.26 0 0.00000000 0.00000000 0.00 0.00 0.00 0.00 -0.08 -0.41 0.23 1.13 0.08 89.10 85.65 90.69 
10.36 0 0.00000000 0.00000000 0.00 0.00 0.00 0.09 -0.06 -0.41 0.17 0.46 0.08 94.93 86.42 91.03 
10.46 0 0.00000000 0.00000000 0.00 0.00 0.00 0.10 -0.06 -0.43 0.20 0.83 -0.16 95.73 86.47 88.28 
10.57 0 0.00000000 0.00000000 0.00 0.00 0.00 0.22 -0.05 -0.45 0.08 0.68 -0.28 101.79 86.66 86.32 
10.67 0 0.00000000 0.00000000 0.00 0.00 0.00 0.30 -0.03 -0.44 -0.05 -0.14 -0.18 106.95 87.97 87.45 
10.77 0 0.00000000 0.00000000 0.00 0.00 0.00 0.30 -0.02 -0.44 -0.08 -0.27 -0.07 107.01 88.58 89.04 
10.88 0 0.00000000 0.00000000 0.00 0.00 0.00 0.24 -0.03 -0.45 -0.07 -1.23 -0.04 103.73 88.02 89.49 
10.98 0 0.00000000 0.00000000 0.00 0.00 0.00 0.14 -0.05 -0.48 -0.09 -1.09 -0.07 98.08 87.09 89.05 
11.08 0 0.00000000 0.00000000 0.00 0.00 0.00 0.04 -0.06 -0.48 -0.16 -1.12 0.02 92.85 86.37 90.18 
11.18 0 0.00000000 0.00000000 0.00 0.00 0.00 -0.08 -0.09 -0.48 -0.13 -1.31 0.00 85.64 84.80 90.02 
11.28 0 0.00000000 0.00000000 0.00 0.00 0.00 -0.23 -0.10 -0.44 -0.20 -1.29 -0.05 77.88 84.21 89.18 
11.39 0 0.00000000 0.00000000 0.00 0.00 0.00 -0.35 -0.11 -0.39 -0.04 -0.47 -0.00 69.91 83.55 89.98 
11.49 0 0.00000000 0.00000000 0.00 0.00 0.00 -0.40 -0.11 -0.37 0.17 -0.56 0.07 67.04 83.46 90.95 
11.59 0 0.00000000 0.00000000 0.00 0.00 0.00 -0.50 -0.11 -0.33 0.23 0.39 0.04 61.24 83.70 90.59 
11.69 0 0.00000000 0.00000000 0.00 0.00 0.00 -0.46 -0.11 -0.37 0.23 0.53 -0.05 63.57 83.83 89.30 
11.79 0 0.00000000 0.00000000 0.00 0.00 0.00 -0.40 -0.08 -0.41 0.38 1.34 0.00 67.13 85.34 90.04 
11.89 0 0.00000000 0.00000000 0.00 0.00 0.00 -0.23 -0.05 -0.46 0.53 1.89 0.26 76.85 87.28 93.37 
11.99 0 0.00000000 0.00000000 0.00 0.00 0.00 -0.08 0.00 -0.46 0.56 0.04 0.15 85.32 90.07 91.90 
12.10 0 0.00000000 0.00000000 0.00 0.00 0.00 -0.09 0.03 -0.46 0.50 0.10 -0.15 84.70 91.79 88.23 
12.20 0 0.00000000 0.00000000 0.00 0.00 0.00 -0.04 0.08 -0.52 0.65 0.29 -0.11 87.74 94.44 88.52 
12.30 0 0.00000000 0.00000000 0.00 0.00 0.00 0.01 0.15 -0.48 0.41 0.03 0.01 90.49 98.84 90.09 
12.40 0 0.00000000 0.00000000 0.00 0.00 0.00 0.00 0.19 -0.49 0.04 0.14 0.03 90.01 100.93 90.39 
12.50 0 0.00000000 0.00000000 0.00 0.00 0.00 0.02 0.19 -0.48 -0.19 -0.11 0.11 90.99 100.75 91.42 
12.60 0 0.00000000 0.00000000 0.00 0.00 0.00 -0.00 0.17 -0.47 -0.40 -0.24 0.11 89.87 99.63 91.42 
12.71 0 0.00000000 0.00000000 0.00 0.00 0.00 -0.03 0.12 -0.44 -0.44 -0.11 -0.08 88.61 97.50 89.16 
12.81 0 0.00000000 0.00000000 0.00 0.00 0.00 -0.05 0.11 -0.42 -0.58 0.18 -0.14 86.97 96.40 88.12 
12.91 0 0.00000000 0.00000000 0.00 0.00 0.00 -0.01 0.04 -0.42 -0.72 0.68 -0.31 89.29 92.04 85.94 
13.02 0 0.00000000 0.00000000 0.00 0.00 0.00 0.01 -0.06 -0.51 -0.35 0.58 -1.28 90.22 86.97 74.92 
13.12 0 0.00000000 0.00000000 0.00 0.00 0.00 0.13 -0.06 -0.57 -0.11 -0.14 -1.84 97.68 86.73 66.14 
13.22 0 0.00000000 0.00000000 0.00 0.00 0.00 0.08 -0.09 5.55 -0.27 -0.84 -0.88 94.56 84.95 78.56 
13.32 0 0.00000000 0.00000000 0.00 0.00 0.00 0.03 -0.07 5.56 -0.02 -0.24 0.50 91.69 86.05 96.49 
13.42 0 0.00000000 0.00000000 0.00 0.00 0.00 0.04 -0.13 5.56 0.23 -0.09 1.32 92.11 83.05 106.32 
13.52 0 0.00000000 0.00000000 0.00 0.00 0.00 0.03 -0.13 -0.65 0.18 0.20 1.61 91.89 82.50 110.95 
13.62 0 0.00000000 0.00000000 0.00 0.00 0.00 0.07 -0.12 -0.48 0.13 0.26 1.47 93.79 83.04 109.14 
13.72 0 0.00000000 0.00000000 0.00 0.00 0.00 0.01 -0.08 -0.35 0.16 -0.18 0.74 90.35 85.37 99.67 
13.83 0 0.00000000 0.00000000 0.00 0.00 0.00 -0.00 -0.10 -0.34 0.28 0.53 -0.12 89.38 84.44 89.32 
13.93 0 0.00000000 0.00000000 0.00 0.00 0.00 0.11 -0.07 -0.39 0.21 0.40 -0.39 96.26 85.97 84.91 
14.03 0 0.00000000 0.00000000 0.00 0.00 0.00 0.15 -0.06 -0.41 0.13 0.46 -0.72 98.69 86.75 80.69 
14.13 0 0.00000000 0.00000000 0.00 0.00 0.00 0.20 -0.04 -0.45 0.09 0.31 -0.92 101.72 87.67 78.03 
14.23 0 0.00000000 0.00000000 0.00 0.00 0.00 0.29 -0.01 -0.43 -0.12 0.32 -0.84 106.40 89.48 79.03 
14.33 0 0.00000000 0.00000000 0.00 0.00 0.00 0.31 -0.05 -0.53 0.03 0.43 -0.73 107.82 86.99 80.56 
14.43 0 0.00000000 0.00000000 0.00 0.00 0.00 0.32 -0.06 -0.56 0.10 -0.50 -0.53 108.31 86.66 83.05 
14.53 0 0.00000000 0.00000000 0.00 0.00 0.00 0.27 -0.07 5.30 0.06 -0.79 -0.28 105.38 86.11 86.40 
14.64 0 0.00000000 0.00000000 0.00 0.00 0.00 0.18 -0.08 5.51 -0.13 -0.58 0.01 101.09 85.75 89.70 
14.74 0 0.00000000 0.00000000 0.00 0.00 0.00 0.09 -0.12 5.56 -0.36 -0.33 -0.00 95.38 83.49 90.28 
14.84 0 0.00000000 0.00000000 0.00 0.00 0.00 0.06 -0.14 5.61 -0.43 -0.41 -0.24 93.21 81.95 86.94 
14.94 0 0.00000000 0.00000000 0.00 0.00 0.00 0.02 -0.18 5.59 -0.36 -0.72 -0.22 91.56 80.01 86.68 
15.04 0 0.00000000 0.00000000 0.00 0.00 0.00 -0.03 -0.22 5.58 -0.31 -1.03 0.15 88.69 77.47 91.47 
15.14 0 0.00000000 0.00000000 0.00 0.00 0.00 -0.14 -0.25 0.28 -0.10 -0.77 0.39 81.90 75.83 95.13 
15.24 0 0.00000000 0.00000000 0.00 0.00 0.00 -0.20 -0.27 -0.55 0.05 -0.34 0.53 78.40 74.73 96.94 
15.34 0 0.00000000 0.00000000 0.00 0.00 0.00 -0.20 -0.28 -0.53 0.16 -0.01 0.58 78.41 73.91 97.59 
15.45 0 0.00000000 0.00000000 0.00 0.00 0.00 -0.19 -0.29 -0.48 0.12 -0.35 0.70 79.19 73.34 99.06 
15.55 0 0.00000000 0.00000000 0.00 0.00 0.00 -0.23 -0.30 -0.39 0.11 -0.15 0.58 76.57 72.83 97.60 
15.65 0 0.00000000 0.00000000 0.00 0.00 0.00 -0.26 -0.31 -0.37 0.08 0.02 0.36 75.33 72.17 94.70 
15.75 0 0.00000000 0.00000000 0.00 0.00 0.00 -0.23 -0.33 -0.35 0.05 -0.04 0.27 76.87 71.03 93.50 
15.85 0 0.00000000 0.00000000 0.00 0.00 0.00 -0.21 -0.31 -0.33 0.04 -0.16 0.36 78.07 71.81 94.51 
15.96 0 0.00000000 0.00000000 0.00 0.00 0.00 -0.21 -0.32 -0.29 0.13 -0.15 0.52 77.77 71.80 96.72 
16.06 0 0.00000000 0.00000000 0.00 0.00 0.00 -0.22 -0.31 -0.25 0.22 -0.06 0.63 77.69 71.68 98.21 
16.16 0 0.00000000 0.00000000 0.00 0.00 0.00 -0.17 -0.30 -0.19 0.32 -0.06 0.70 79.12 72.77 98.83 
16.26 0 0.00000000 0.00000000 0.00 0.00 0.00 -0.17 -0.29 -0.13 0.51 -0.13 0.83 80.30 73.72 100.61 
16.36 0 0.00000000 0.00000000 0.00 0.00 0.00 -0.15 -0.27 -0.09 0.57 0.63 0.75 81.64 74.30 99.80 
16.46 0 0.00000000 0.00000000 0.00 0.00 0.00 -0.02 -0.25 -0.07 0.37 0.24 0.74 88.81 75.85 99.58 
16.56 0 0.00000000 0.00000000 0.00 0.00 0.00 -0.01 -0.24 -0.06 0.23 0.13 0.18 89.42 76.38 92.33 
16.67 0 0.00000000 0.00000000 0.00 0.00 0.00 -0.02 -0.24 -0.06 0.12 0.43 -0.35 89.23 76.57 86.27 
16.77 0 0.00000000 0.00000000 0.00 0.00 0.00 0.06 -0.21 -0.10 0.21 1.07 -0.74 93.70 77.87 80.34 
16.87 0 0.00000000 0.00000000 0.00 0.00 0.00 0.17 -0.18 -0.17 0.08 0.33 -0.77 99.36 79.52 79.96 
16.98 0 0.00000000 0.00000000 0.00 0.00 0.00 0.17 -0.16 -0.22 0.12 -0.04 -0.83 99.36 80.82 79.29 
17.08 0 0.00000000 0.00000000 0.00 0.00 0.00 0.16 -0.16 -0.27 0.13 -0.07 -0.84 99.39 80.98 79.10 
17.18 0 0.00000000 0.00000000 0.00 0.00 0.00 0.15 -0.15 -0.33 0.03 0.39 -0.66 98.60 81.31 81.34 
17.29 0 0.00000000 0.00000000 0.00 0.00 0.00 0.17 -0.16 -0.39 0.06 0.48 -0.53 99.88 80.52 82.99 
17.39 0 0.00000000 0.00000000 0.00 0.00 0.00 0.23 -0.15 -0.41 0.24 -0.21 -0.44 102.61 81.60 83.84 
17.49 0 0.00000000 0.00000000 0.00 0.00 0.00 0.18 -0.13 -0.45 0.37 -0.63 -0.50 100.53 82.67 83.48 
17.59 0 0.00000000 0.00000000 0.00 0.00 0.00 0.09 -0.11 -0.47 0.18 0.15 -0.70 96.07 83.39 81.08 
17.69 0 0.00000000 0.00000000 0.00 0.00 0.00 0.08 -0.15 5.57 0.14 0.74 -0.83 94.62 81.68 79.20 
17.79 0 0.00000000 0.00000000 0.00 0.00 0.00 0.14 -0.11 5.48 0.03 -0.01 -0.83 97.98 83.55 79.19 
17.89 0 0.00000000 0.00000000 0.00 0.00 0.00 0.16 -0.08 5.42 0.07 -0.04 -0.54 99.41 85.45 83.03 
18.00 0 0.00000000 0.00000000 0.00 0.00 0.00 0.15 -0.06 5.46 0.10 -0.07 -0.00 98.67 86.49 89.99 
18.10 0 0.00000000 0.00000000 0.00 0.00 0.00 0.15 -0.10 5.39 0.03 0.17 0.32 98.34 84.51 94.17 
18.20 0 0.00000000 0.00000000 0.00 0.00 0.00 0.15 -0.10 5.42 -0.01 -0.29 0.48 98.67 84.39 96.07 
18.30 0 0.00000000 0.00000000 0.00 0.00 0.00 0.14 -0.11 5.43 0.02 -0.22 0.65 97.91 83.52 98.41 
18.40 0 0.00000000 0.00000000 0.00 0.00 0.00 0.14 -0.09 -0.63 0.08 0.35 0.73 98.83 84.39 99.19 
18.50 0 0.00000000 0.00000000 0.00 0.00 0.00 0.18 -0.05 -0.54 0.12 0.23 0.90 100.48 87.34 101.66 
18.60 0 0.00000000 0.00000000 0.00 0.00 0.00 0.23 -0.05 -0.47 0.03 0.13 1.19 103.37 86.88 105.49 
18.70 0 0.00000000 0.00000000 0.00 0.00 0.00 0.23 -0.02 -0.38 -0.02 -0.20 1.12 102.99 89.18 104.76 
18.81 0 0.00000000 0.00000000 0.00 0.00 0.00 0.21 -0.02 -0.28 -0.15 -0.13 0.97 102.15 89.41 102.63 
18.91 0 0.00000000 0.00000000 0.00 0.00 0.00 0.20 -0.02 -0.24 -0.13 -0.46 0.94 101.58 88.88 102.19 
19.01 0 0.00000000 0.00000000 0.00 0.00 0.00 0.17 -0.02 -0.14 -0.17 0.07 0.85 99.85 89.14 101.08 
19.11 0 0.00000000 0.00000000 0.00 0.00 0.00 0.16 -0.02 -0.08 -0.18 0.33 0.63 99.17 88.92 98.14 
19.21 0 0.00000000 0.00000000 0.00 0.00 0.00 0.18 -0.04 -0.01 -0.15 -0.05 0.34 100.16 87.75 94.42 
19.31 0 0.00000000 0.00000000 0.00 0.00 0.00 0.17 -0.07 -0.03 -0.08 -0.29 0.05 99.79 85.78 90.61 
19.42 0 0.00000000 0.00000000 0.00 0.00 0.00 0.15 -0.10 -0.06 0.04 0.10 -0.30 98.75 84.53 86.08 
19.52 0 0.00000000 0.00000000 0.00 0.00 0.00 0.13 -0.09 -0.07 0.25 0.07 -0.85 97.51 84.97 78.99 
19.62 0 0.00000000 0.00000000 0.00 0.00 0.00 0.15 -0.08 -0.15 0.20 -0.22 -1.20 98.43 85.17 74.86 
19.72 0 0.00000000 0.00000000 0.00 0.00 0.00 0.17 -0.08 -0.27 0.01 0.16 -1.35 99.62 85.50 72.48 
19.82 0 0.00000000 0.00000000 0.00 0.00 0.00 0.24 -0.04 -0.29 -0.21 0.48 -1.30 103.88 87.75 73.09 
19.92 0 0.00000000 0.00000000 0.00 0.00 0.00 0.28 -0.11 -0.40 -0.33 0.84 -0.94 105.86 83.91 77.81 
20.02 0 0.00000000 0.00000000 0.00 0.00 0.00 0.31 -0.13 -0.44 -0.07 0.14 -0.42 108.04 82.58 84.60 
20.12 0 0.00000000 0.00000000 0.00 0.00 0.00 0.31 -0.15 -0.49 0.05 -0.00 -0.17 107.60 81.32 87.79 
20.22 0 0.00000000 0.00000000 0.00 0.00 0.00 0.27 -0.16 -0.52 -0.04 -0.43 -0.10 105.53 80.80 88.71 
20.33 0 0.00000000 0.00000000 0.00 0.00 0.00 0.21 -0.17 -0.53 -0.03 -1.68 -0.12 102.64 79.93 88.25 
20.43 0 0.00000000 0.00000000 0.00 0.00 0.00 0.10 -0.18 -0.53 0.08 -2.91 0.07 95.72 79.66 90.96 
20.53 0 0.00000000 0.00000000 0.00 0.00 0.00 -0.23 -0.17 -0.41 -0.02 -2.19 0.15 76.57 80.10 91.93 
20.63 0 0.00000000 0.00000000 0.00 0.00 0.00 -0.44 -0.20 -0.35 -0.16 -0.36 0.11 64.72 78.41 91.41 
20.73 0 0.00000000 0.00000000 0.00 0.00 0.00 -0.47 -0.22 -0.35 -0.02 -0.31 -0.07 63.02 77.33 89.15 
20.83 0 0.00000000 0.00000000 0.00 0.00 0.00 -0.50 -0.21 -0.33 0.09 0.08 -0.06 61.35 77.86 89.07 
20.93 0 0.00000000 0.00000000 0.00 0.00 0.00 -0.49 -0.18 -0.33 0.22 0.31 -0.05 61.86 79.76 89.41 
21.03 0 0.00000000 0.00000000 0.00 0.00 0.00 -0.50 -0.18 -0.34 0.13 0.82 -0.10 61.11 79.94 88.73 
21.14 0 0.00000000 0.00000000 0.00 0.00 0.00 -0.36 -0.20 -0.46 -0.06 2.16 -0.08 67.57 78.39 88.73 
21.24 0 0.00000000 0.00000000 0.00 0.00 0.00 -0.11 -0.18 -0.52 0.05 2.19 0.05 82.32 79.50 90.68 
21.34 0 0.00000000 0.00000000 0.00 0.00 0.00 0.10 -0.15 -0.50 0.07 1.59 -0.05 95.96 81.40 89.36 
21.44 0 0.00000000 0.00000000 0.00 0.00 0.00 0.20 -0.16 -0.55 0.26 0.22 -0.45 101.29 81.03 84.15 
21.54 0 0.00000000 0.00000000 0.00 0.00 0.00 0.18 -0.19 5.38 0.43 -0.09 -0.80 100.41 79.22 79.60 
21.64 0 0.00000000 0.00000000 0.00 0.00 0.00 0.22 -0.14 5.16 0.31 -0.27 -0.76 102.37 81.90 80.06 
21.75 0 0.00000000 0.00000000 0.00 0.00 0.00 0.18 -0.11 5.41 0.17 -0.11 -0.50 100.06 83.43 83.51 
21.85 0 0.00000000 0.00000000 0.00 0.00 0.00 0.13 -0.06 5.43 0.20 -0.27 -0.35 97.57 86.56 85.43 
21.95 0 0.00000000 0.00000000 0.00 0.00 0.00 0.16 -0.06 5.35 0.11 0.48 -0.07 99.09 86.95 88.49 
22.05 0 0.00000000 0.00000000 0.00 0.00 0.00 0.18 -0.05 5.23 0.01 0.23 0.20 100.51 86.96 92.37 
22.15 0 0.00000000 0.00000000 0.00 0.00 0.00 0.20 -0.06 5.27 -0.05 -0.32 0.34 101.24 86.42 94.43 
22.25 0 0.00000000 0.00000000 0.00 0.00 0.00 0.17 -0.08 5.36 -0.07 0.03 0.28 99.49 85.35 93.68 
22.35 0 0.00000000 0.00000000 0.00 0.00 0.00 0.19 -0.07 5.23 -0.09 0.62 0.11 100.94 85.96 91.45 
22.45 0 0.00000000 0.00000000 0.00 0.00 0.00 0.24 -0.06 5.19 -0.06 -0.10 0.17 103.70 86.54 92.25 
22.55 0 0.00000000 0.00000000 0.00 0.00 0.00 0.26 -0.06 5.13 0.08 0.04 0.10 104.75 86.33 91.29 
22.66 0 0.00000000 0.00000000 0.00 0.00 0.00 0.25 -0.07 5.21 0.03 -0.05 0.03 104.58 85.87 90.39 
22.76 0 0.00000000 0.00000000 0.00 0.00 0.00 0.23 -0.07 5.23 0.00 0.17 -0.21 103.28 85.99 87.23 
22.86 0 0.00000000 0.00000000 0.00 0.00 0.00 0.25 -0.08 5.15 -0.13 -0.01 -0.26 104.20 85.32 86.61 
22.96 0 0.00000000 0.00000000 0.00 0.00 0.00 0.27 -0.10 5.04 -0.21 0.22 -0.31 105.26 84.17 85.98 
23.06 0 0.00000000 0.00000000 0.00 0.00 0.00 0.30 -0.12 5.00 -0.09 0.20 -0.51 106.69 82.99 83.60 
23.16 0 0.00000000 0.00000000 0.00 0.00 0.00 0.27 -0.14 5.09 0.06 -0.35 -0.47 105.62 82.13 83.65 
23.26 0 0.00000000 0.00000000 0.00 0.00 0.00 0.25 -0.13 5.02 0.01 -0.42 -0.27 104.33 82.71 86.08 
23.37 0 0.00000000 0.00000000 0.00 0.00 0.00 0.23 -0.15 5.10 -0.08 0.01 -0.08 103.30 81.37 88.75 
23.47 0 0.00000000 0.00000000 0.00 0.00 0.00 0.22 -0.16 5.12 -0.08 -0.05 0.01 102.54 80.94 90.07 
23.57 0 0.00000000 0.00000000 0.00 0.00 0.00 0.20 -0.17 5.16 -0.00 -0.15 0.01 101.64 80.06 90.07 
23.67 0 0.00000000 0.00000000 0.00 0.00 0.00 0.20 -0.16 5.17 0.02 -0.31 0.16 101.34 80.98 92.05 
23.77 0 0.00000000 0.00000000 0.00 0.00 0.00 0.16 -0.17 4.84 -0.01 -0.78 0.53 99.38 80.50 96.95 
23.87 0 0.00000000 0.00000000 0.00 0.00 0.00 0.06 -0.20 5.43 -0.07 -0.54 0.90 93.67 78.55 101.71 
23.98 0 0.00000000 0.00000000 0.00 0.00 0.00 0.08 -0.17 5.51 -0.08 1.01 0.89 93.90 79.95 101.58 
24.08 0 0.00000000 0.00000000 0.00 0.00 0.00 0.14 -0.14 -0.60 0.07 -0.24 1.03 97.76 81.81 103.07 
24.18 0 0.00000000 0.00000000 0.00 0.00 0.00 0.19 -0.18 -0.56 0.23 -0.34 1.12 100.80 79.82 104.58 
24.28 0 0.00000000 0.00000000 0.00 0.00 0.00 0.22 -0.09 -0.44 0.40 -0.34 1.11 101.47 83.37 104.15 
24.38 0 0.00000000 0.00000000 0.00 0.00 0.00 0.18 -0.09 -0.40 0.17 -0.32 1.14 100.11 84.64 104.87 
24.48 0 0.00000000 0.00000000 0.00 0.00 0.00 0.16 -0.07 -0.35 0.13 0.17 1.10 99.29 86.14 104.25 
24.59 0 0.00000000 0.00000000 0.00 0.00 0.00 0.12 -0.05 -0.23 0.10 -0.24 0.94 97.20 86.78 102.29 
24.69 0 0.00000000 0.00000000 0.00 0.00 0.00 0.11 -0.03 -0.13 0.01 -0.09 0.86 96.46 88.30 101.34 
24.79 0 0.00000000 0.00000000 0.00 0.00 0.00 0.11 -0.02 -0.07 -0.08 -0.05 0.69 96.20 88.63 98.97 
24.89 0 0.00000000 0.00000000 0.00 0.00 0.00 0.10 -0.04 -0.02 -0.11 -0.12 0.58 95.68 87.66 97.53 
24.99 0 0.00000000 0.00000000 0.00 0.00 0.00 0.12 -0.06 -0.01 -0.24 -0.14 0.68 96.74 86.81 98.78 
25.09 0 0.00000000 0.00000000 0.00 0.00 0.00 0.12 -0.05 0.07 -0.33 -0.10 0.75 96.69 87.10 99.72 
25.19 0 0.00000000 0.00000000 0.00 0.00 0.00 0.09 -0.06 0.14 -0.27 0.11 0.65 94.95 86.28 98.40 
25.29 0 0.00000000 0.00000000 0.00 0.00 0.00 0.09 -0.09 0.20 -0.05 0.12 0.39 95.19 84.70 95.04 
25.39 0 0.00000000 0.00000000 0.00 0.00 0.00 0.15 -0.11 0.16 -0.06 0.01 0.46 98.57 83.75 96.01 
25.50 0 0.00000000 0.00000000 0.00 0.00 0.00 0.16 -0.13 0.19 -0.15 0.21 0.44 99.06 82.45 95.78 
25.60 0 0.00000000 0.00000000 0.00 0.00 0.00 0.20 -0.13 0.23 -0.24 0.10 0.53 101.71 82.37 96.95 
25.70 0 0.00000000 0.00000000 0.00 0.00 0.00 0.20 -0.15 0.26 -0.24 -0.41 0.69 101.23 81.19 98.96 
25.80 0 0.00000000 0.00000000 0.00 0.00 0.00 0.12 -0.18 0.38 -0.31 -0.16 0.73 97.14 79.84 99.46 
25.90 0 0.00000000 0.00000000 0.00 0.00 0.00 0.08 -0.21 0.45 -0.32 -0.02 0.61 94.48 78.16 97.91 
26.00 0 0.00000000 0.00000000 0.00 0.00 0.00 0.13 -0.21 0.48 -0.31 0.16 0.42 97.59 77.73 95.42 
26.10 0 0.00000000 0.00000000 0.00 0.00 0.00 0.19 -0.23 0.44 -0.25 -0.17 0.47 100.93 77.04 96.05 
26.20 0 0.00000000 0.00000000 0.00 0.00 0.00 0.19 -0.27 0.48 -0.37 -0.15 0.46 101.12 74.63 95.96 
26.30 0 0.00000000 0.00000000 0.00 0.00 0.00 0.17 -0.31 0.52 -0.34 -0.20 0.34 99.67 72.21 94.49 
26.40 0 0.00000000 0.00000000 0.00 0.00 0.00 0.18 -0.33 0.53 -0.26 0.01 0.37 100.42 71.20 94.82 
26.50 0 0.00000000 0.00000000 0.00 0.00 0.00 0.18 -0.33 0.60 -0.16 -0.14 0.28 100.17 71.00 93.68 
26.60 0 0.00000000 0.00000000 0.00 0.00 0.00 0.17 -0.35 0.61 0.05 0.04 0.12 99.53 70.00 91.89 
26.70 0 0.00000000 0.00000000 0.00 0.00 0.00 0.17 -0.39 0.58 0.07 0.06 -0.30 99.89 67.70 86.78 
26.80 0 0.00000000 0.00000000 0.00 0.00 0.00 0.18 -0.42 0.52 0.00 -0.01 -0.63 100.25 65.84 81.79 
26.90 0 0.00000000 0.00000000 0.00 0.00 0.00 0.17 -0.39 0.47 0.09 0.39 -1.02 99.74 67.64 76.77 
27.01 0 0.00000000 0.00000000 0.00 0.00 0.00 0.17 -0.37 0.41 0.30 0.57 -1.20 99.92 68.63 74.44 
27.11 0 0.00000000 0.00000000 0.00 0.00 0.00 0.20 -0.31 0.30 0.48 0.72 -1.31 101.57 72.44 72.94 
27.21 0 0.00000000 0.00000000 0.00 0.00 0.00 0.23 -0.32 0.19 0.51 -0.06 -1.49 103.51 72.35 70.69 
27.31 0 0.00000000 0.00000000 0.00 0.00 0.00 0.12 -0.31 0.08 0.66 0.19 -1.92 97.14 72.44 65.10 
27.41 0 0.00000000 0.00000000 0.00 0.00 0.00 0.13 -0.26 -0.16 0.94 0.45 -1.91 97.24 74.62 64.71 
27.51 0 0.00000000 0.00000000 0.00 0.00 0.00 0.18 -0.18 -0.22 1.03 0.39 -1.59 100.15 79.62 69.35 
27.61 0 0.00000000 0.00000000 0.00 0.00 0.00 0.15 -0.08 -0.40 1.23 -0.31 -1.42 98.79 85.49 71.55 
27.71 0 0.00000000 0.00000000 0.00 0.00 0.00 0.13 0.08 -0.38 1.25 -0.03 -1.19 97.50 94.63 74.50 
27.81 0 0.00000000 0.00000000 0.00 0.00 0.00 0.18 0.18 -0.54 1.04 -0.18 -1.03 100.32 100.47 76.60 
27.91 0 0.00000000 0.00000000 0.00 0.00 0.00 0.14 0.34 -0.51 0.29 -0.94 -0.73 97.96 109.25 80.53 
28.01 0 0.00000000 0.00000000 0.00 0.00 0.00 0.05 0.29 5.61 -0.37 -0.36 -0.70 92.81 106.49 80.89 
28.15 0 0.00000000 0.00000000 0.00 0.00 0.00 0.03 0.28 5.58 -0.67 -1.60 -0.49 91.47 105.93 83.66 
28.28 0 0.00000000 0.00000000 0.00 0.00 0.00 -0.01 0.24 5.49 -0.85 -0.73 0.04 89.34 103.78 90.56 
28.43 0 0.00000000 0.00000000 0.00 0.00 0.00 -0.08 0.18 4.45 -0.58 -0.29 0.11 85.52 100.27 91.37 
28.56 0 0.00000000 0.00000000 0.00 0.00 0.00 -0.12 0.15 -0.51 -0.38 0.04 0.59 83.06 98.76 97.65 
28.67 0 0.00000000 0.00000000 0.00 0.00 0.00 -0.15 0.11 -0.48 -0.17 0.84 0.79 81.69 96.49 100.24 
28.77 0 0.00000000 0.00000000 0.00 0.00 0.00 -0.17 -0.09 -0.55 0.21 1.80 0.77 80.17 84.72 99.95 
28.87 0 0.00000000 0.00000000 0.00 0.00 0.00 -0.05 -0.12 -0.60 0.77 1.84 0.60 86.27 82.89 98.18 
28.98 0 0.00000000 0.00000000 0.00 0.00 0.00 0.09 -0.08 -0.64 0.96 0.60 0.27 93.97 85.12 94.14 
29.08 0 0.00000000 0.00000000 0.00 0.00 0.00 0.15 -0.03 0.27 0.78 -0.65 -0.14 98.42 88.33 88.67 
29.18 0 0.00000000 0.00000000 0.00 0.00 0.00 0.12 0.03 5.36 0.46 -0.65 -0.63 96.96 91.50 81.78 
29.28 0 0.00000000 0.00000000 0.00 0.00 0.00 0.05 0.11 5.51 -0.17 -1.91 -0.67 92.65 96.24 81.33 
29.38 0 0.00000000 0.00000000 0.00 0.00 0.00 -0.07 0.11 5.43 -0.70 -1.80 0.02 87.05 96.66 89.79 
29.49 0 0.00000000 0.00000000 0.00 0.00 0.00 -0.31 0.04 4.55 -0.79 -1.25 0.18 73.67 92.58 92.07 
29.59 0 0.00000000 0.00000000 0.00 0.00 0.00 -0.50 -0.02 3.68 -0.99 -0.40 0.44 62.50 89.08 95.74 
29.69 0 0.00000000 0.00000000 0.00 0.00 0.00 -0.49 -0.13 -0.50 -1.08 1.35 0.53 61.74 82.56 96.94 
29.79 0 0.00000000 0.00000000 0.00 0.00 0.00 -0.28 -0.31 4.54 -0.84 2.25 0.46 72.04 73.09 96.01 
29.90 0 0.00000000 0.00000000 0.00 0.00 0.00 -0.04 -0.35 -0.64 -0.11 1.24 0.37 86.33 70.15 94.96 
30.00 0 0.00000000 0.00000000 0.00 0.00 0.00 0.03 -0.36 2.93 0.90 0.51 0.18 91.64 69.64 92.30 
30.10 0 0.00000000 0.00000000 0.00 0.00 0.00 0.11 -0.29 5.37 1.49 0.93 0.21 96.53 73.27 92.68 
30.20 0 0.00000000 0.00000000 0.00 0.00 0.00 0.21 -0.17 4.93 1.54 0.58 0.09 102.11 80.37 91.15 
30.30 0 0.00000000 0.00000000 0.00 0.00 0.00 0.24 -0.07 5.08 1.11 -0.18 -0.42 103.51 86.23 84.54 
30.40 0 0.00000000 0.00000000 0.00 0.00 0.00 0.31 0.06 4.96 -0.22 -1.46 -0.52 108.31 92.64 83.26 
30.50 0 0.00000000 0.00000000 0.00 0.00 0.00 0.17 0.07 5.44 -1.33 -2.18 -0.57 100.00 94.18 82.64 
30.61 0 0.00000000 0.00000000 0.00 0.00 0.00 -0.07 -0.05 5.30 -1.89 -2.42 -0.64 87.30 87.61 81.49 
30.71 0 0.00000000 0.00000000 0.00 0.00 0.00 -0.34 -0.17 4.41 -1.61 -1.98 -0.32 72.44 80.84 85.08 
30.81 0 0.00000000 0.00000000 0.00 0.00 0.00 -0.45 -0.29 4.22 -0.49 0.95 0.20 64.33 73.63 92.55 
30.92 0 0.00000000 0.00000000 0.00 0.00 0.00 -0.34 -0.36 5.15 0.72 1.36 0.72 69.47 69.59 98.84 
31.02 0 0.00000000 0.00000000 0.00 0.00 0.00 -0.20 -0.36 5.42 1.39 2.42 1.04 77.14 69.30 103.03 
31.12 0 0.00000000 0.00000000 0.00 0.00 0.00 0.05 -0.25 5.23 1.63 2.46 1.30 91.31 74.61 106.84 
31.23 0 0.00000000 0.00000000 0.00 0.00 0.00 0.18 -0.13 5.02 1.52 0.37 0.92 99.74 81.60 102.93 
31.33 0 0.00000000 0.00000000 0.00 0.00 0.00 0.23 0.01 4.99 0.77 -1.95 0.31 102.35 88.79 94.88 
31.43 0 0.00000000 0.00000000 0.00 0.00 0.00 0.14 0.13 5.38 -0.25 -2.98 0.12 98.30 97.17 91.60 
31.53 0 0.00000000 0.00000000 0.00 0.00 0.00 -0.14 0.11 5.03 -0.87 -2.53 0.20 82.21 96.28 92.57 
31.63 0 0.00000000 0.00000000 0.00 0.00 0.00 -0.40 0.02 3.92 -0.91 -1.49 0.14 66.81 90.89 91.85 
31.73 0 0.00000000 0.00000000 0.00 0.00 0.00 -0.60 -0.04 3.49 -0.77 1.43 0.20 55.53 87.53 92.57 
31.83 0 0.00000000 0.00000000 0.00 0.00 0.00 -0.37 -0.12 5.51 -0.59 4.00 0.13 62.49 84.82 92.57 
31.93 0 0.00000000 0.00000000 0.00 0.00 0.00 0.13 -0.16 4.96 -0.39 3.11 0.23 95.32 80.80 92.74 
32.03 0 0.00000000 0.00000000 0.00 0.00 0.00 0.31 -0.16 4.73 0.03 0.25 0.32 107.60 80.89 94.13 
32.13 0 0.00000000 0.00000000 0.00 0.00 0.00 0.31 -0.16 5.18 0.47 -2.08 0.16 107.75 80.88 92.02 
32.24 0 0.00000000 0.00000000 0.00 0.00 0.00 0.18 -0.20 5.47 0.98 -2.08 0.14 100.41 78.59 91.77 
32.34 0 0.00000000 0.00000000 0.00 0.00 0.00 -0.01 -0.11 5.42 1.11 -0.00 0.20 89.59 83.41 92.54 
32.44 0 0.00000000 0.00000000 0.00 0.00 0.00 0.03 0.02 5.50 0.81 -0.31 0.31 91.46 91.12 94.06 
32.54 0 0.00000000 0.00000000 0.00 0.00 0.00 -0.06 0.10 5.41 0.19 -0.50 0.20 87.13 95.44 93.02 
32.64 0 0.00000000 0.00000000 0.00 0.00 0.00 -0.16 0.10 5.29 -0.39 -1.12 -0.16 81.49 95.49 88.39 
32.74 0 0.00000000 0.00000000 0.00 0.00 0.00 -0.28 0.08 4.93 -0.95 -1.21 -0.34 74.00 94.55 85.54 
32.84 0 0.00000000 0.00000000 0.00 0.00 0.00 -0.36 0.03 4.25 -1.15 -0.90 -0.22 69.48 91.73 87.10 
32.94 0 0.00000000 0.00000000 0.00 0.00 0.00 -0.41 -0.05 4.79 -0.96 0.78 0.01 66.40 87.35 90.11 
33.04 0 0.00000000 0.00000000 0.00 0.00 0.00 -0.32 -0.15 5.23 -0.72 1.96 0.20 71.82 81.68 92.57 
33.14 0 0.00000000 0.00000000 0.00 0.00 0.00 -0.10 -0.22 5.54 -0.41 2.07 0.56 84.48 77.44 97.25 
33.24 0 0.00000000 0.00000000 0.00 0.00 0.00 0.09 -0.21 5.42 0.11 1.11 0.74 95.09 77.82 99.64 
33.34 0 0.00000000 0.00000000 0.00 0.00 0.00 0.19 -0.20 5.26 0.88 0.29 0.88 100.92 78.34 101.39 
33.44 0 0.00000000 0.00000000 0.00 0.00 0.00 0.19 -0.16 5.33 1.33 -0.32 0.65 101.11 80.70 98.41 
33.54 0 0.00000000 0.00000000 0.00 0.00 0.00 0.17 -0.05 5.48 0.82 -1.04 0.28 99.92 86.86 93.65 
33.64 0 0.00000000 0.00000000 0.00 0.00 0.00 0.07 0.01 5.59 -0.05 -2.27 -0.15 93.88 90.77 88.08 
33.74 0 0.00000000 0.00000000 0.00 0.00 0.00 -0.11 0.07 -0.59 -0.58 -1.77 -0.47 83.56 93.79 83.83 
33.84 0 0.00000000 0.00000000 0.00 0.00 0.00 -0.32 0.01 4.25 -0.84 -1.04 -0.31 71.83 90.33 86.03 
33.95 0 0.00000000 0.00000000 0.00 0.00 0.00 -0.41 -0.05 4.63 -0.76 0.71 -0.10 66.50 87.12 88.76 
34.05 0 0.00000000 0.00000000 0.00 0.00 0.00 -0.27 -0.13 5.44 -0.75 1.98 0.03 74.37 82.74 90.38 
34.15 0 0.00000000 0.00000000 0.00 0.00 0.00 -0.07 -0.20 0.34 -0.90 1.93 0.17 85.80 78.57 92.17 
34.25 0 0.00000000 0.00000000 0.00 0.00 0.00 0.09 -0.23 5.46 -0.61 0.52 0.27 95.31 76.72 93.55 
34.35 0 0.00000000 0.00000000 0.00 0.00 0.00 0.15 -0.27 0.28 0.30 0.49 0.17 98.40 74.34 92.25 
34.45 0 0.00000000 0.00000000 0.00 0.00 0.00 0.21 -0.25 -0.61 1.07 0.44 0.36 101.81 75.47 94.67 
34.55 0 0.00000000 0.00000000 0.00 0.00 0.00 0.26 -0.22 5.08 1.11 0.89 0.69 105.01 77.29 98.99 
34.65 0 0.00000000 0.00000000 0.00 0.00 0.00 0.34 -0.07 4.79 0.45 -0.53 0.59 109.72 86.19 97.64 
34.75 0 0.00000000 0.00000000 0.00 0.00 0.00 0.24 -0.07 5.37 0.17 -1.43 -0.15 103.70 86.02 88.08 
34.85 0 0.00000000 0.00000000 0.00 0.00 0.00 0.13 -0.05 5.54 -0.14 -2.20 -0.58 97.28 87.03 82.42 
34.95 0 0.00000000 0.00000000 0.00 0.00 0.00 -0.06 -0.04 5.37 -0.46 -1.96 -0.62 86.63 87.87 81.90 
35.05 0 0.00000000 0.00000000 0.00 0.00 0.00 -0.26 -0.04 4.83 -0.71 -0.87 -0.37 75.00 87.54 85.15 
35.15 0 0.00000000 0.00000000 0.00 0.00 0.00 -0.33 -0.09 4.84 -0.89 -0.41 -0.07 71.18 85.01 89.03 
35.25 0 0.00000000 0.00000000 0.00 0.00 0.00 -0.37 -0.15 4.81 -0.87 0.34 0.17 69.00 81.68 92.26 
35.36 0 0.00000000 0.00000000 0.00 0.00 0.00 -0.33 -0.22 5.16 -0.60 1.24 0.38 71.16 77.26 94.90 
35.46 0 0.00000000 0.00000000 0.00 0.00 0.00 -0.19 -0.31 5.54 -0.18 1.26 0.69 78.90 72.13 98.96 
35.56 0 0.00000000 0.00000000 0.00 0.00 0.00 -0.03 -0.32 5.56 0.40 1.26 0.78 88.29 71.85 100.19 
35.66 0 0.00000000 0.00000000 0.00 0.00 0.00 0.06 -0.28 5.50 1.29 1.22 0.59 93.34 74.11 97.69 
35.76 0 0.00000000 0.00000000 0.00 0.00 0.00 0.15 -0.21 5.22 1.34 0.04 0.29 98.52 77.83 93.80 
35.86 0 0.00000000 0.00000000 0.00 0.00 0.00 0.21 -0.19 5.36 0.67 -0.44 -0.31 101.82 79.05 86.01 
35.96 0 0.00000000 0.00000000 0.00 0.00 0.00 0.19 -0.08 5.25 0.12 -0.50 -0.68 100.74 85.60 81.15 
36.06 0 0.00000000 0.00000000 0.00 0.00 0.00 0.14 -0.04 5.42 -0.58 -2.17 -0.67 98.12 87.86 81.34 
36.16 0 0.00000000 0.00000000 0.00 0.00 0.00 -0.04 -0.07 5.35 -0.91 -1.86 -0.48 88.81 86.60 83.39 
36.26 0 0.00000000 0.00000000 0.00 0.00 0.00 -0.22 -0.11 4.92 -0.81 -1.36 -0.08 77.14 83.86 88.96 
36.36 0 0.00000000 0.00000000 0.00 0.00 0.00 -0.37 -0.15 4.55 -0.60 -0.03 0.55 68.84 81.59 97.13 
36.46 0 0.00000000 0.00000000 0.00 0.00 0.00 -0.35 -0.22 5.00 -0.22 0.86 0.94 69.95 77.51 102.16 
36.56 0 0.00000000 0.00000000 0.00 0.00 0.00 -0.25 -0.34 0.28 0.23 1.61 1.19 75.44 70.61 105.50 
36.66 0 0.00000000 0.00000000 0.00 0.00 0.00 -0.08 -0.35 0.28 0.51 2.08 1.16 85.59 69.99 105.03 
36.77 0 0.00000000 0.00000000 0.00 0.00 0.00 0.06 -0.31 5.48 0.96 0.67 0.64 93.70 72.42 98.35 
36.87 0 0.00000000 0.00000000 0.00 0.00 0.00 0.10 -0.28 5.49 1.21 -0.71 -0.07 95.71 73.97 89.06 
36.97 0 0.00000000 0.00000000 0.00 0.00 0.00 0.13 -0.15 5.49 0.75 -1.96 -0.43 97.25 81.69 84.41 
37.07 0 0.00000000 0.00000000 0.00 0.00 0.00 -0.03 -0.02 -0.63 -0.01 -0.36 0.15 88.35 89.01 91.96 
37.17 0 0.00000000 0.00000000 0.00 0.00 0.00 -0.01 -0.03 -0.60 -0.17 0.65 0.68 89.33 88.36 98.88 
37.27 0 0.00000000 0.00000000 0.00 0.00 0.00 0.01 -0.08 -0.55 -0.18 -0.23 0.89 90.42 85.44 101.52 
37.37 0 0.00000000 0.00000000 0.00 0.00 0.00 -0.00 -0.09 -0.49 -0.15 -0.67 0.87 89.74 85.03 101.25 
37.47 0 0.00000000 0.00000000 0.00 0.00 0.00 -0.01 -0.10 -0.38 -0.27 1.19 0.65 89.62 84.22 98.44 
37.57 0 0.00000000 0.00000000 0.00 0.00 0.00 0.07 -0.01 -0.35 1.10 0.03 0.48 99.28 87.46 96.38 
37.68 0 0.00000000 0.00000000 0.00 0.00 0.00 -0.03 -0.15 -0.51 0.34 0.18 0.56 88.11 81.19 97.24 
37.78 0 0.00000000 0.00000000 0.00 0.00 0.00 0.04 -0.02 -0.32 -0.14 -0.92 0.40 92.25 88.70 95.15 
37.88 0 0.00000000 0.00000000 0.00 0.00 0.00 0.12 -0.04 -0.29 0.27 0.37 0.15 96.73 87.64 92.01 
37.98 0 0.00000000 0.00000000 0.00 0.00 0.00 0.13 -0.01 -0.26 -0.05 -0.21 -0.00 97.17 89.64 89.96 
38.08 0 0.00000000 0.00000000 0.00 0.00 0.00 0.13 -0.01 -0.27 0.05 0.01 -0.18 97.34 89.53 87.86 
38.18 0 0.00000000 0.00000000 0.00 0.00 0.00 0.10 0.01 -0.27 0.01 0.05 -0.08 95.54 90.62 88.96 
38.28 0 0.00000000 0.00000000 0.00 0.00 0.00 0.12 0.01 -0.26 0.05 -0.34 0.24 97.06 90.74 93.06 
38.38 0 0.00000000 0.00000000 0.00 0.00 0.00 0.12 0.04 -0.22 0.05 -0.03 0.26 96.59 92.52 93.39 
38.49 0 0.00000000 0.00000000 0.00 0.00 0.00 0.17 0.10 -0.17 0.54 -0.97 0.39 99.76 95.92 95.08 
38.59 0 0.00000000 0.00000000 0.00 0.00 0.00 0.15 0.06 -0.20 -0.00 0.01 0.01 98.69 93.62 90.09 
38.69 0 0.00000000 0.00000000 0.00 0.00 0.00 0.10 0.05 -0.23 0.01 -0.00 0.01 95.56 92.63 90.09 
38.79 0 0.00000000 0.00000000 0.00 0.00 0.00 0.08 0.04 -0.22 0.01 -0.01 0.01 94.63 92.42 90.07 
38.89 0 0.00000000 0.00000000 0.00 0.00 0.00 0.08 0.04 -0.23 0.01 -0.01 0.01 94.47 92.25 90.07 
38.99 0 0.00000000 0.00000000 0.00 0.00 0.00 0.07 0.04 -0.23 0.02 -0.01 0.00 94.30 92.26 90.05 
39.09 0 0.00000000 0.00000000 0.00 0.00 0.00 0.08 0.04 -0.22 0.01 -0.01 0.00 94.31 92.40 90.06 
39.19 0 0.00000000 0.00000000 0.00 0.00 0.00 0.07 0.04 -0.22 0.01 -0.01 0.00 94.22 92.41 90.04 
39.29 0 0.00000000 0.00000000 0.00 0.00 0.00 0.07 0.04 -0.22 0.01 -0.01 0.00 94.24 92.27 90.05 
39.40 0 0.00000000 0.00000000 0.00 0.00 0.00 0.07 0.04 -0.22 0.02 -0.01 0.00 94.15 92.37 90.03 
39.50 0 0.00000000 0.00000000 0.00 0.00 0.00 0.07 0.04 -0.23 0.01 -0.00 0.00 94.13 92.29 90.05 
39.60 0 0.00000000 0.00000000 0.00 0.00 0.00 0.08 0.04 -0.22 0.01 -0.01 0.00 94.31 92.27 90.05 
39.70 0 0.00000000 0.00000000 0.00 0.00 0.00 0.07 0.04 -0.22 0.01 -0.01 0.00 94.25 92.24 90.06 
39.80 0 0.00000000 0.00000000 0.00 0.00 0.00 0.06 0.04 -0.22 0.01 -0.03 0.00 93.43 92.57 90.05 
39.90 0 0.00000000 0.00000000 0.00 0.00 0.00 0.07 0.04 -0.23 0.01 -0.02 0.00 93.94 92.37 90.06 
40.00 0 0.00000000 0.00000000 0.00 0.00 0.00 0.07 0.04 -0.23 0.02 -0.01 0.00 94.10 92.29 90.04 
40.10 0 0.00000000 0.00000000 0.00 0.00 0.00 0.07 0.04 -0.22 0.01 -0.01 0.00 94.15 92.33 90.04 
40.20 0 0.00000000 0.00000000 0.00 0.00 0.00 0.07 0.02 -0.24 0.02 -0.06 0.01 93.73 91.05 90.11 
40.30 0 0.00000000 0.00000000 0.00 0.00 0.00 0.07 0.04 -0.23 0.02 0.00 0.00 94.08 92.17 90.05 
40.40 0 0.00000000 0.00000000 0.00 0.00 0.00 0.07 0.04 -0.23 0.01 -0.01 0.01 94.17 92.43 90.07 
40.50 0 0.00000000 0.00000000 0.00 0.00 0.00 0.07 0.04 -0.23 0.02 -0.01 0.01 94.14 92.33 90.08 
40.61 0 0.00000000 0.00000000 0.00 0.00 0.00 0.05 0.05 -0.20 0.02 0.00 0.00 93.09 93.03 90.00 
40.71 0 0.00000000 0.00000000 0.00 0.00 0.00 0.07 0.05 -0.21 0.01 -0.01 0.00 93.73 92.59 90.03 
40.81 0 0.00000000 0.00000000 0.00 0.00 0.00 0.07 0.04 -0.22 0.02 -0.01 0.01 94.13 92.47 90.06 
40.91 0 0.00000000 0.00000000 0.00 0.00 0.00 0.07 0.04 -0.22 0.01 -0.02 0.01 93.91 92.35 90.08 
41.01 0 0.00000000 0.00000000 0.00 0.00 0.00 0.07 0.04 -0.22 0.01 -0.01 0.00 94.08 92.37 90.05 
41.11 0 0.00000000 0.00000000 0.00 0.00 0.00 0.07 0.05 -0.22 0.02 -0.04 0.01 93.87 92.61 90.08 
41.21 0 0.00000000 0.00000000 0.00 0.00 0.00 0.07 0.04 -0.21 0.01 -0.01 0.00 94.02 92.40 90.05 
41.31 0 0.00000000 0.00000000 0.00 0.00 0.00 0.07 0.01 -0.25 0.02 -0.08 0.01 93.84 90.55 90.10 
41.41 0 0.00000000 0.00000000 0.00 0.00 0.00 0.06 0.04 -0.23 0.01 -0.01 0.00 93.63 92.18 90.06 
41.52 0 0.00000000 0.00000000 0.00 0.00 0.00 0.07 0.03 -0.23 0.01 -0.01 0.00 93.76 91.97 90.06 
41.62 0 0.00000000 0.00000000 0.00 0.00 0.00 0.07 0.04 -0.22 0.02 -0.01 0.00 94.04 92.22 90.04 
41.72 0 0.00000000 0.00000000 0.00 0.00 0.00 0.07 0.05 -0.21 0.00 -0.01 0.00 94.09 93.13 90.01 
41.82 0 0.00000000 0.00000000 0.00 0.00 0.00 0.07 0.03 -0.23 0.02 -0.01 0.00 94.23 91.86 90.04 
41.92 0 0.00000000 0.00000000 0.00 0.00 0.00 0.07 0.04 -0.23 0.01 -0.01 0.00 94.21 92.21 90.05 
42.02 0 0.00000000 0.00000000 0.00 0.00 0.00 0.04 0.08 -0.18 0.01 -0.06 0.01 92.52 94.54 90.09 
42.12 0 0.00000000 0.00000000 0.00 0.00 0.00 0.06 0.05 -0.21 0.02 -0.01 0.00 93.49 93.02 90.06 
42.22 0 0.00000000 0.00000000 0.00 0.00 0.00 0.07 0.04 -0.22 0.01 -0.01 0.00 94.10 92.50 90.05 
42.32 0 0.00000000 0.00000000 0.00 0.00 0.00 0.07 0.04 -0.22 0.02 -0.00 0.01 94.26 92.29 90.08 
42.42 0 0.00000000 0.00000000 0.00 0.00 0.00 0.07 0.05 -0.22 0.01 -0.00 0.00 94.18 93.11 90.05 
42.53 0 0.00000000 0.00000000 0.00 0.00 0.00 0.07 0.04 -0.22 0.02 -0.01 0.00 94.21 92.56 90.05 
42.63 0 0.00000000 0.00000000 0.00 0.00 0.00 0.07 0.04 -0.22 0.01 -0.01 0.01 94.19 92.38 90.08 
42.73 0 0.00000000 0.00000000 0.00 0.00 0.00 0.07 0.04 -0.22 0.02 -0.01 0.00 94.10 92.44 90.06 
42.83 0 0.00000000 0.00000000 0.00 0.00 0.00 0.07 0.05 -0.21 0.01 -0.00 0.01 94.11 92.79 90.07 
42.93 0 0.00000000 0.00000000 0.00 0.00 0.00 0.07 0.04 -0.21 0.02 -0.01 0.00 94.10 92.43 90.06 
43.03 0 0.00000000 0.00000000 0.00 0.00 0.00 0.07 0.04 -0.22 0.01 -0.01 0.00 94.22 92.37 90.05 
43.13 0 0.00000000 0.00000000 0.00 0.00 0.00 0.06 0.04 -0.22 0.00 -0.03 0.00 93.47 92.25 90.06 
43.23 0 0.00000000 0.00000000 0.00 0.00 0.00 0.07 0.04 -0.23 0.01 -0.01 0.01 94.09 92.11 90.08 
43.33 0 0.00000000 0.00000000 0.00 0.00 0.00 0.07 0.04 -0.21 0.02 -0.01 0.00 93.99 92.50 90.06 
43.43 0 0.00000000 0.00000000 0.00 0.00 0.00 0.07 0.04 -0.22 0.01 -0.01 0.01 94.20 92.38 90.07 
43.53 0 0.00000000 0.00000000 0.00 0.00 0.00 0.07 0.04 -0.22 0.02 -0.01 0.00 93.89 92.47 90.05 
43.63 0 0.00000000 0.00000000 0.00 0.00 0.00 0.07 0.04 -0.21 0.02 -0.00 0.00 93.95 92.46 90.03 
43.73 0 0.00000000 0.00000000 0.00 0.00 0.00 0.08 0.03 -0.23 0.01 -0.01 0.00 94.73 91.87 90.02 
43.84 0 0.00000000 0.00000000 0.00 0.00 0.00 0.08 0.04 -0.23 0.02 -0.01 0.01 94.45 92.39 90.08 
43.94 0 0.00000000 0.00000000 0.00 0.00 0.00 0.07 0.04 -0.22 0.01 -0.02 0.01 94.07 92.47 90.07 
44.04 0 0.00000000 0.00000000 0.00 0.00 0.00 0.08 0.04 -0.23 0.01 -0.01 0.00 94.33 92.31 90.06 
44.14 0 0.00000000 0.00000000 0.00 0.00 0.00 0.08 0.04 -0.22 0.01 -0.01 0.01 94.29 92.29 90.08 
44.24 0 0.00000000 0.00000000 0.00 0.00 0.00 0.07 0.04 -0.22 0.01 -0.01 0.00 94.22 92.35 90.07 
44.34 0 0.00000000 0.00000000 0.00 0.00 0.00 0.07 0.04 -0.23 0.02 -0.01 0.00 94.14 92.11 90.05 
44.44 0 0.00000000 0.00000000 0.00 0.00 0.00 0.07 0.04 -0.22 0.01 -0.00 0.00 94.12 92.33 90.06 
44.54 0 0.00000000 0.00000000 0.00 0.00 0.00 0.07 0.04 -0.22 0.01 -0.01 0.00 94.29 92.34 90.04 
44.64 0 0.00000000 0.00000000 0.00 0.00 0.00 0.07 0.04 -0.23 0.02 -0.01 0.00 94.13 92.34 90.02 
44.75 0 0.00000000 0.00000000 0.00 0.00 0.00 0.07 0.04 -0.22 0.01 -0.01 0.00 94.11 92.33 90.02 
44.85 0 0.00000000 0.00000000 0.00 0.00 0.00 0.07 0.04 -0.23 0.02 -0.01 0.00 94.18 92.30 90.06 
44.95 0 0.00000000 0.00000000 0.00 0.00 0.00 0.07 0.04 -0.22 0.01 -0.01 0.00 94.29 92.33 90.04 
45.05 0 0.00000000 0.00000000 0.00 0.00 0.00 0.07 0.04 -0.22 0.02 -0.01 0.00 94.20 92.43 90.03 
45.15 0 0.00000000 0.00000000 0.00 0.00 0.00 0.07 0.04 -0.22 0.02 -0.01 0.00 94.15 92.45 90.06 
45.25 0 0.00000000 0.00000000 0.00 0.00 0.00 0.07 0.04 -0.22 0.01 -0.01 0.00 94.18 92.27 90.02 
45.38 0 0.00000000 0.00000000 0.00 0.00 0.00 0.07 0.04 -0.22 0.01 -0.01 0.00 94.17 92.25 90.05 
45.52 0 0.00000000 0.00000000 0.00 0.00 0.00 0.07 0.04 -0.23 0.01 -0.01 0.01 94.13 92.24 90.07 
45.66 0 0.00000000 0.00000000 0.00 0.00 0.00 0.07 0.04 -0.23 0.02 -0.01 0.00 94.17 92.26 90.05 
45.80 0 0.00000000 0.00000000 0.00 0.00 0.00 0.07 0.04 -0.22 0.01 -0.01 0.00 94.14 92.25 90.06 
45.90 0 0.00000000 0.00000000 0.00 0.00 0.00 0.07 0.04 -0.22 0.01 -0.01 0.00 94.17 92.27 90.06 
46.00 0 0.00000000 0.00000000 0.00 0.00 0.00 0.07 0.04 -0.23 0.01 -0.01 0.00 94.25 92.32 90.04 
46.11 0 0.00000000 0.00000000 0.00 0.00 0.00 0.07 0.04 -0.22 0.01 -0.01 0.01 94.17 92.26 90.07 
46.21 0 0.00000000 0.00000000 0.00 0.00 0.00 0.07 0.04 -0.23 0.02 -0.01 0.01 94.24 92.20 90.09 
46.31 0 0.00000000 0.00000000 0.00 0.00 0.00 0.07 0.04 -0.22 0.01 -0.01 0.00 94.24 92.28 90.06 
46.41 0 0.00000000 0.00000000 0.00 0.00 0.00 0.07 0.04 -0.22 0.02 -0.01 0.00 94.21 92.24 90.06 
46.51 0 0.00000000 0.00000000 0.00 0.00 0.00 0.07 0.04 -0.23 0.01 -0.01 0.01 94.18 92.27 90.07 
46.61 0 0.00000000 0.00000000 0.00 0.00 0.00 0.07 0.04 -0.22 0.01 -0.01 0.00 94.13 92.42 90.05 
46.71 0 0.00000000 0.00000000 0.00 0.00 0.00 0.07 0.04 -0.22 0.02 -0.01 0.00 94.14 92.38 90.04 
46.81 0 0.00000000 0.00000000 0.00 0.00 0.00 0.07 0.04 -0.22 0.01 -0.01 0.00 94.08 92.33 90.05 
46.91 0 0.00000000 0.00000000 0.00 0.00 0.00 0.07 0.04 -0.23 0.01 -0.01 0.00 94.17 92.32 90.04 
47.01 0 0.00000000 0.00000000 0.00 0.00 0.00 0.07 0.04 -0.23 0.02 -0.01 0.00 94.16 92.19 90.03 
47.11 0 0.00000000 0.00000000 0.00 0.00 0.00 0.07 0.04 -0.23 0.02 -0.01 0.00 94.16 92.17 90.03 
47.21 0 0.00000000 0.00000000 0.00 0.00 0.00 0.07 0.04 -0.22 0.01 -0.01 0.01 94.08 92.21 90.07 
47.31 0 0.00000000 0.00000000 0.00 0.00 0.00 0.07 0.04 -0.22 0.02 -0.01 0.01 93.98 92.27 90.07 
47.42 0 0.00000000 0.00000000 0.00 0.00 0.00 0.07 0.04 -0.23 0.01 -0.01 0.00 94.27 92.19 90.01 
47.52 0 0.00000000 0.00000000 0.00 0.00 0.00 0.07 0.04 -0.22 0.01 -0.01 0.00 94.13 92.16 90.05 
47.62 0 0.00000000 0.00000000 0.00 0.00 0.00 0.07 0.04 -0.22 0.01 -0.01 0.01 94.08 92.21 90.08 
47.72 0 0.00000000 0.00000000 0.00 0.00 0.00 0.07 0.04 -0.22 0.02 -0.01 0.00 94.10 92.23 90.06 
47.82 0 0.00000000 0.00000000 0.00 0.00 0.00 0.07 0.04 -0.22 0.01 -0.01 0.00 94.13 92.35 90.04 
47.92 0 0.00000000 0.00000000 0.00 0.00 0.00 0.07 0.04 -0.22 0.01 -0.01 0.01 94.12 92.36 90.08 
48.02 0 0.00000000 0.00000000 0.00 0.00 0.00 0.07 0.04 -0.22 0.02 -0.01 0.00 93.92 92.53 90.02 
48.12 0 0.00000000 0.00000000 0.00 0.00 0.00 0.07 0.04 -0.22 0.01 -0.02 0.00 94.08 92.47 90.06 
48.22 0 0.00000000 0.00000000 0.00 0.00 0.00 0.07 0.04 -0.22 0.01 -0.00 0.00 94.16 92.33 90.04 
48.32 0 0.00000000 0.00000000 0.00 0.00 0.00 0.08 0.04 -0.22 0.02 -0.00 0.00 94.56 92.27 90.05 
48.42 0 0.00000000 0.00000000 0.00 0.00 0.00 0.07 0.04 -0.22 0.01 -0.01 0.00 94.24 92.36 90.06 
