1.78 0 0.00000000 0.00000000 0.00 0.00 0.00 0.09 0.03 -0.06 0.01 -0.01 -0.00 95.28 91.67 89.99 
1.99 0 0.00000000 0.00000000 0.00 0.00 0.00 0.10 0.03 -0.03 0.01 -0.01 0.00 95.52 91.71 90.00 
2.09 0 0.00000000 0.00000000 0.00 0.00 0.00 0.11 0.04 -0.01 0.00 -0.02 -0.00 96.43 92.02 90.00 
2.19 0 0.00000000 0.00000000 0.00 0.00 0.00 0.12 0.04 -0.01 0.01 -0.01 -0.00 96.61 92.17 89.97 
2.29 0 0.00000000 0.00000000 0.00 0.00 0.00 0.12 0.04 -0.01 0.01 -0.01 0.00 96.76 92.19 90.01 
2.39 0 0.00000000 0.00000000 0.00 0.00 0.00 0.12 0.04 -0.01 0.01 -0.01 -0.00 96.76 92.15 89.99 
2.50 0 0.00000000 0.00000000 0.00 0.00 0.00 0.12 0.04 -0.01 0.01 -0.01 -0.00 96.60 92.13 89.99 
2.60 0 0.00000000 0.00000000 0.00 0.00 0.00 0.12 0.04 -0.01 0.01 -0.01 -0.00 96.64 92.17 89.96 
2.70 0 0.00000000 0.00000000 0.00 0.00 0.00 0.11 0.04 -0.01 0.00 -0.01 -0.00 96.59 92.18 89.98 
2.80 0 0.00000000 0.00000000 0.00 0.00 0.00 0.12 0.04 -0.01 0.01 0.00 0.00 96.69 92.34 90.00 
2.90 0 0.00000000 0.00000000 0.00 0.00 0.00 0.12 0.04 0.01 0.01 -0.04 0.00 96.74 92.27 90.01 
3.00 0 0.00000000 0.00000000 0.00 0.00 0.00 0.15 0.04 0.08 0.00 -0.07 0.07 98.83 92.35 90.96 
3.10 0 0.00000000 0.00000000 0.00 0.00 0.00 0.12 0.05 0.14 0.13 -0.93 0.14 97.01 92.71 91.76 
3.20 0 0.00000000 0.00000000 0.00 0.00 0.00 -0.05 0.02 0.05 0.01 -0.26 0.12 87.38 90.94 91.62 
3.30 0 0.00000000 0.00000000 0.00 0.00 0.00 -0.01 0.05 -0.04 0.06 0.47 0.02 89.22 93.10 90.20 
3.40 0 0.00000000 0.00000000 0.00 0.00 0.00 0.03 0.04 0.00 -0.02 0.26 -0.03 91.90 92.37 89.66 
3.50 0 0.00000000 0.00000000 0.00 0.00 0.00 0.06 0.05 0.07 0.09 -0.68 0.07 93.19 92.85 90.86 
3.60 0 0.00000000 0.00000000 0.00 0.00 0.00 0.00 0.06 0.05 -0.01 -0.03 -0.01 90.21 93.26 89.89 
3.71 0 0.00000000 0.00000000 0.00 0.00 0.00 -0.02 0.06 0.07 -0.03 -0.17 0.01 89.11 93.59 90.16 
3.81 0 0.00000000 0.00000000 0.00 0.00 0.00 -0.01 0.05 0.06 0.04 0.07 -0.00 89.49 93.12 89.96 
