0 0 0 0 0 0 3.30 0 0.00000000 0.00000000 0.00 0.00 0.00 0.00 -2.69 0.50 0.00 -0.00 0.00 0 0 0 1200 1200 1200 1200 -99.00 
0 0 0 0 0 0 3.35 0 0.00000000 0.00000000 0.00 0.00 0.00 0.00 -2.69 0.50 0.00 0.00 0.00 0 0 0 1200 1200 1200 1200 -99.00 
0 0 0 0 0 0 3.41 0 0.00000000 0.00000000 0.00 0.00 0.00 0.00 -2.69 0.50 0.00 0.00 -0.00 0 0 0 1200 1200 1200 1200 -99.00 
0 0 0 0 0 0 3.46 0 0.00000000 0.00000000 0.00 0.00 0.00 0.00 -2.69 0.50 0.00 0.00 0.00 0 0 0 1200 1200 1200 1200 -99.00 
0 0 0 0 0 0 3.51 0 0.00000000 0.00000000 0.00 0.00 0.00 0.00 -2.69 0.50 -0.00 -0.01 0.00 0 0 0 1200 1200 1200 1200 -99.00 
0 0 0 0 0 0 3.56 0 0.00000000 0.00000000 0.00 0.00 0.00 0.00 -2.69 0.50 -0.00 0.00 0.00 0 0 0 1200 1200 1200 1200 -99.00 
0 0 0 0 0 0 3.61 0 0.00000000 0.00000000 0.00 0.00 0.00 0.00 -2.69 0.50 0.00 0.00 0.00 0 0 0 1200 1200 1200 1200 -99.00 
0 0 0 0 0 0 3.66 0 0.00000000 0.00000000 0.00 0.00 0.00 0.00 -2.69 0.50 -0.00 0.00 0.00 0 0 0 1200 1200 1200 1200 -99.00 
0 0 0 0 0 0 3.71 0 0.00000000 0.00000000 0.00 0.00 0.00 0.00 -2.69 0.50 0.00 -0.00 -0.00 0 0 0 1200 1200 1200 1200 -99.00 
0 0 0 0 0 0 3.76 0 0.00000000 0.00000000 0.00 0.00 0.00 0.00 -2.69 0.50 0.00 0.00 0.00 0 0 0 1200 1200 1200 1200 -99.00 
0 0 0 0 0 0 3.81 0 0.00000000 0.00000000 0.00 0.00 0.00 0.00 -2.69 0.50 0.00 0.00 0.00 0 0 0 1200 1200 1200 1200 -99.00 
0 0 0 0 0 0 3.88 0 0.00000000 0.00000000 0.00 0.00 0.00 0.00 -2.69 0.50 0.00 -0.00 -0.00 0 0 0 1200 1200 1200 1200 -99.00 
0 0 0 0 0 0 3.93 0 0.00000000 0.00000000 0.00 0.00 0.00 0.00 -2.69 0.50 0.00 -0.00 0.00 0 0 0 1200 1200 1200 1200 -99.00 
80 1 5 23 59 45 3.98 0 0.00000000 0.00000000 0.00 0.00 0.00 0.00 -2.69 0.50 -0.00 0.00 0.00 0 0 0 1200 1200 1200 1200 -99.00 
80 1 5 23 59 45 4.03 0 0.00000000 0.00000000 0.00 0.00 0.00 0.00 -2.69 0.50 0.00 0.00 -0.00 0 0 0 1200 1200 1200 1200 -99.00 
80 1 5 23 59 45 4.08 0 0.00000000 0.00000000 0.00 0.00 0.00 0.00 -2.69 0.50 0.00 0.00 -0.00 0 0 0 1200 1200 1200 1200 -99.00 
80 1 5 23 59 45 4.13 0 0.00000000 0.00000000 0.00 0.00 0.00 0.00 -2.69 0.50 -0.00 0.00 0.00 0 0 0 1200 1200 1200 1200 -99.00 
80 1 5 23 59 45 4.19 0 0.00000000 0.00000000 0.00 0.00 0.00 0.00 -2.69 0.50 0.00 0.00 -0.00 0 0 0 1200 1200 1200 1200 -99.00 
80 1 5 23 59 45 4.24 0 0.00000000 0.00000000 0.00 0.00 0.00 0.00 -2.69 0.50 0.00 0.00 0.00 0 0 0 1200 1200 1200 1200 -99.00 
80 1 5 23 59 45 4.29 0 0.00000000 0.00000000 0.00 0.00 0.00 0.00 -2.69 0.50 0.00 0.00 0.00 0 0 0 1200 1200 1200 1200 -99.00 
80 1 5 23 59 45 4.34 0 0.00000000 0.00000000 0.00 0.00 0.00 0.00 -2.69 0.50 0.00 0.00 0.00 0 0 0 1200 1200 1200 1200 -99.00 
80 1 5 23 59 45 4.39 0 0.00000000 0.00000000 0.00 0.00 0.00 0.00 -2.69 0.50 0.00 0.00 -0.00 0 0 0 1200 1200 1200 1200 -99.00 
80 1 5 23 59 45 4.44 0 0.00000000 0.00000000 0.00 0.00 0.00 0.00 -2.69 0.50 0.00 -0.00 -0.00 0 0 0 1200 1200 1200 1200 -99.00 
80 1 5 23 59 45 4.49 0 0.00000000 0.00000000 0.00 0.00 0.00 0.00 -2.69 0.50 0.00 -0.00 0.00 0 0 0 1200 1200 1200 1200 -99.00 
80 1 5 23 59 45 4.54 0 0.00000000 0.00000000 0.00 0.00 0.00 0.00 -2.69 0.50 0.00 0.00 -0.00 0 0 0 1200 1200 1200 1200 -99.00 
80 1 5 23 59 45 4.59 0 0.00000000 0.00000000 0.00 0.00 0.00 0.00 -2.69 0.50 0.00 -0.00 -0.00 0 0 0 1200 1200 1200 1200 -99.00 
80 1 5 23 59 45 4.64 0 0.00000000 0.00000000 0.00 0.00 0.00 0.00 -2.69 0.50 0.00 0.00 -0.00 0 0 0 1200 1200 1200 1200 -99.00 
80 1 5 23 59 45 4.70 0 0.00000000 0.00000000 0.00 0.00 0.00 0.00 -2.69 0.50 0.00 0.00 -0.00 0 0 0 1200 1200 1200 1200 -99.00 
80 1 5 23 59 45 4.75 0 0.00000000 0.00000000 0.00 0.00 0.00 0.00 -2.69 0.50 -0.00 0.00 -0.00 0 0 0 1200 1200 1200 1200 -99.00 
80 1 5 23 59 45 4.80 0 0.00000000 0.00000000 0.00 0.00 0.00 0.00 -2.69 0.50 0.00 0.00 0.00 0 0 0 1200 1200 1200 1200 -99.00 
80 1 5 23 59 45 4.85 0 0.00000000 0.00000000 0.00 0.00 0.00 0.00 -2.69 0.50 -0.00 -0.00 0.00 0 0 0 1200 1200 1200 1200 -99.00 
80 1 5 23 59 46 4.90 0 0.00000000 0.00000000 0.00 0.00 0.00 0.00 -2.69 0.50 0.00 0.00 0.00 0 0 0 1200 1200 1200 1200 -99.00 
80 1 5 23 59 46 4.95 0 0.00000000 0.00000000 0.00 0.00 0.00 0.00 -2.69 0.50 0.00 0.00 0.00 0 0 0 1200 1200 1200 1200 -99.00 
80 1 5 23 59 46 5.00 0 0.00000000 0.00000000 0.00 0.00 0.00 0.00 -2.69 0.50 0.00 0.00 -0.00 0 0 0 1200 1200 1200 1200 -99.00 
80 1 5 23 59 46 5.05 0 0.00000000 0.00000000 0.00 0.00 0.00 0.00 -2.69 0.50 0.00 0.00 -0.00 0 0 0 1200 1200 1200 1200 -99.00 
80 1 5 23 59 46 5.10 0 0.00000000 0.00000000 0.00 0.00 0.00 0.00 -2.69 0.50 0.00 0.00 -0.00 0 0 0 1200 1200 1200 1200 -99.00 
80 1 5 23 59 46 5.15 0 0.00000000 0.00000000 0.00 0.00 0.00 0.00 -2.69 0.50 -0.00 -0.00 0.00 0 0 0 1200 1200 1200 1200 -99.00 
80 1 5 23 59 46 5.21 0 0.00000000 0.00000000 0.00 0.00 0.00 0.00 -2.69 0.50 0.00 0.00 0.00 0 0 0 1200 1200 1200 1200 -99.00 
80 1 5 23 59 46 5.26 0 0.00000000 0.00000000 0.00 0.00 0.00 0.00 -2.69 0.50 0.00 0.00 -0.00 0 0 0 1200 1200 1200 1200 -99.00 
80 1 5 23 59 46 5.31 0 0.00000000 0.00000000 0.00 0.00 0.00 0.00 -2.69 0.50 0.00 0.00 -0.00 0 0 0 1200 1200 1200 1200 -99.00 
80 1 5 23 59 46 5.36 0 0.00000000 0.00000000 0.00 0.00 0.00 0.00 -2.69 0.50 -0.00 -0.00 -0.00 0 0 0 1200 1200 1200 1200 -99.00 
80 1 5 23 59 46 5.41 0 0.00000000 0.00000000 0.00 0.00 0.00 0.00 -2.69 0.50 0.01 -0.05 0.00 0 0 0 1200 1200 1200 1200 -99.00 
80 1 5 23 59 46 5.46 0 0.00000000 0.00000000 0.00 0.00 0.00 0.00 -2.69 0.50 -0.01 0.00 -0.00 0 0 0 1200 1200 1200 1200 -99.00 
80 1 5 23 59 46 5.51 0 0.00000000 0.00000000 0.00 0.00 0.00 0.00 -2.69 0.50 0.00 -0.01 0.01 0 0 0 1200 1200 1200 1200 -99.00 
80 1 5 23 59 46 5.56 0 0.00000000 0.00000000 0.00 0.00 0.00 0.00 -2.69 0.50 0.00 0.00 -0.00 0 0 0 1200 1200 1200 1200 -99.00 
80 1 5 23 59 46 5.61 0 0.00000000 0.00000000 0.00 0.00 0.00 0.00 -2.69 0.50 0.00 -0.00 -0.00 0 0 0 1200 1200 1200 1200 -99.00 
80 1 5 23 59 46 5.67 0 0.00000000 0.00000000 0.00 0.00 0.00 0.00 -2.69 0.50 0.00 -0.00 -0.00 0 0 0 1200 1200 1200 1200 -99.00 
80 1 5 23 59 46 5.72 0 0.00000000 0.00000000 0.00 0.00 0.00 0.00 -2.69 0.50 0.00 0.00 0.00 0 0 0 1200 1200 1200 1200 -99.00 
80 1 5 23 59 46 5.77 0 0.00000000 0.00000000 0.00 0.00 0.00 0.00 -2.69 0.50 -0.00 -0.00 0.00 0 0 0 1200 1200 1200 1200 -99.00 
80 1 5 23 59 46 5.82 0 0.00000000 0.00000000 0.00 0.00 0.00 0.00 -2.69 0.50 -0.00 -0.01 -0.00 0 0 0 1200 1200 1200 1200 -99.00 
80 1 5 23 59 46 5.87 0 0.00000000 0.00000000 0.00 0.00 0.00 0.00 -2.63 0.44 0.02 -0.01 0.01 0 0 0 1200 1200 1200 1200 -99.00 
80 1 5 23 59 47 5.92 0 0.00000000 0.00000000 0.00 0.00 0.00 0.00 -2.56 0.44 -0.01 -0.03 -0.01 0 0 0 1200 1200 1200 1200 -99.00 
80 1 5 23 59 47 5.97 0 0.00000000 0.00000000 0.00 0.00 0.00 0.06 -2.50 0.44 0.02 -0.03 -0.01 0 0 0 1200 1200 1200 1200 -99.00 
80 1 5 23 59 47 6.03 0 0.00000000 0.00000000 0.00 0.00 0.00 0.06 -2.50 0.44 0.02 -0.03 0.03 0 0 0 1200 1200 1200 1200 -99.00 
80 1 5 23 59 47 6.08 0 0.00000000 0.00000000 0.00 0.00 0.00 0.00 -2.38 0.37 0.02 -0.00 -0.01 0 0 0 1200 1200 1200 1200 -99.00 
80 1 5 23 59 47 6.13 0 0.00000000 0.00000000 0.00 0.00 0.00 0.06 -2.25 0.31 0.02 -0.07 -0.02 0 0 0 1200 1200 1200 1200 -99.00 
80 1 5 23 59 47 6.18 0 0.00000000 0.00000000 0.00 0.00 0.00 0.06 -2.19 0.19 0.02 -0.02 -0.00 0 0 0 1200 1200 1200 1200 -99.00 
80 1 5 23 59 47 6.23 0 0.00000000 0.00000000 0.00 0.00 0.00 0.06 -2.06 0.25 -0.03 -0.05 -0.02 0 0 0 1200 1200 1200 1200 -99.00 
80 1 5 23 59 47 6.28 0 0.00000000 0.00000000 0.00 0.00 0.00 0.12 -1.94 0.37 -0.05 -0.04 -0.01 0 0 0 1200 1200 1200 1200 -99.00 
80 1 5 23 59 47 6.33 0 0.00000000 0.00000000 0.00 0.00 0.00 0.12 -1.88 0.44 -0.01 -0.02 -0.02 0 0 0 1200 1200 1200 1200 -99.00 
80 1 5 23 59 47 6.38 0 0.00000000 0.00000000 0.00 0.00 0.00 0.12 -1.88 0.37 0.05 -0.00 0.01 0 0 0 1200 1200 1200 1200 -99.00 
80 1 5 23 59 47 6.43 0 0.00000000 0.00000000 0.00 0.00 0.00 0.12 -1.81 0.25 0.02 -0.02 -0.00 0 0 0 1200 1200 1200 1200 -99.00 
80 1 5 23 59 47 6.49 0 0.00000000 0.00000000 0.00 0.00 0.00 0.12 -1.81 0.25 -0.00 -0.01 0.00 0 0 0 1200 1200 1200 1200 -99.00 
80 1 5 23 59 47 6.54 0 0.00000000 0.00000000 0.00 0.00 0.00 0.12 -1.81 0.25 -0.01 0.01 -0.01 0 0 0 1200 1200 1200 1200 -99.00 
80 1 5 23 59 47 6.59 0 0.00000000 0.00000000 0.00 0.00 0.00 0.12 -1.81 0.31 0.00 0.02 0.01 0 0 0 1200 1200 1200 1200 -99.00 
80 1 5 23 59 47 6.64 0 0.00000000 0.00000000 0.00 0.00 0.00 0.06 -1.94 0.31 0.01 0.06 0.02 0 0 0 1200 1200 1200 1200 -99.00 
80 1 5 23 59 47 6.69 0 0.00000000 0.00000000 0.00 0.00 0.00 0.06 -2.06 0.31 -0.02 0.03 0.00 0 0 0 1200 1200 1200 1200 -99.00 
80 1 5 23 59 47 6.74 0 0.00000000 0.00000000 0.00 0.00 0.00 0.06 -2.06 0.31 0.02 -0.00 0.02 0 0 0 1200 1200 1200 1200 -99.00 
80 1 5 23 59 47 6.79 0 0.00000000 0.00000000 0.00 0.00 0.00 0.00 -2.06 0.31 0.01 0.00 0.01 0 0 0 1200 1200 1200 1200 -99.00 
80 1 5 23 59 47 6.84 0 0.00000000 0.00000000 0.00 0.00 0.00 0.00 -2.13 0.31 -0.02 0.02 0.01 0 0 0 1200 1200 1200 1200 -99.00 
80 1 5 23 59 47 6.90 0 0.00000000 0.00000000 0.00 0.00 0.00 0.00 -2.19 0.37 -0.02 0.05 0.00 0 0 0 1200 1200 1200 1200 -99.00 
80 1 5 23 59 48 6.95 0 0.00000000 0.00000000 0.00 0.00 0.00 0.00 -2.25 0.37 0.01 0.00 0.00 0 0 0 1200 1200 1200 1200 -99.00 
80 1 5 23 59 48 7.00 0 0.00000000 0.00000000 0.00 0.00 0.00 0.06 -2.25 0.37 -0.01 0.01 -0.02 0 0 0 1200 1200 1200 1200 -99.00 
80 1 5 23 59 48 7.05 0 0.00000000 0.00000000 0.00 0.00 0.00 0.06 -2.25 0.37 0.01 -0.02 -0.01 0 0 0 1200 1200 1200 1200 -99.00 
