3.15 0.06 0.06 0.07 0.07 -0.00 -0.00 0.02 -0.01 0.01 93.51 94.19 90.09 
3.34 0.06 0.06 0.08 0.08 0.02 0.02 0.02 -0.01 0.00 93.56 94.64 90.05 
3.44 0.06 0.06 0.07 0.07 0.01 0.01 0.02 -0.01 0.01 93.50 93.95 90.06 
3.54 0.06 0.06 0.07 0.07 -0.25 -0.24 0.01 -0.02 0.01 93.49 94.13 90.08 
3.64 0.06 0.06 0.07 0.07 -0.00 -0.00 0.01 -0.01 0.01 93.48 94.15 90.10 
3.74 0.06 0.06 0.06 0.06 -0.03 -0.03 0.02 -0.02 0.01 93.70 93.50 90.07 
3.84 0.06 0.06 0.08 0.08 -0.01 -0.01 0.01 -0.01 0.00 93.55 94.42 90.05 
3.94 0.06 0.06 0.07 0.07 0.01 0.01 0.01 -0.01 0.01 93.35 94.23 90.08 
4.04 0.06 0.06 0.07 0.07 0.01 0.01 0.02 -0.01 0.01 93.54 93.97 90.09 
4.15 0.06 0.06 0.08 0.08 0.00 -0.00 0.02 -0.01 0.01 93.48 94.13 90.07 
4.25 0.07 0.07 0.07 0.07 0.01 0.00 0.01 -0.01 0.00 93.88 93.92 90.08 
4.36 0.07 0.07 0.07 0.07 -0.03 -0.03 0.01 -0.00 0.00 93.81 94.26 90.06 
4.46 0.06 0.06 0.07 0.07 -0.04 -0.04 0.01 -0.01 0.01 93.59 94.25 90.08 
4.57 0.07 0.07 0.07 0.07 -0.01 -0.01 0.02 -0.01 0.01 93.91 94.59 90.07 
4.67 0.06 0.06 0.08 0.08 0.02 0.02 0.01 -0.00 0.01 93.71 93.73 90.08 
4.77 0.06 0.06 0.08 0.08 0.01 0.01 0.02 -0.00 0.01 93.53 94.58 90.08 
4.88 0.06 0.06 0.07 0.07 0.01 0.02 0.01 -0.02 0.01 93.36 94.65 90.06 
4.98 0.06 0.06 0.07 0.07 0.00 0.00 0.01 -0.02 0.01 93.55 94.23 90.05 
5.08 0.06 0.06 0.06 0.07 -0.04 -0.03 0.01 -0.02 0.01 93.69 93.74 90.06 
5.18 0.06 0.06 0.08 0.08 -0.03 -0.03 0.01 -0.01 0.01 93.90 93.69 90.09 
5.28 0.07 0.07 0.07 0.07 -0.04 -0.04 0.02 -0.01 0.00 93.93 93.92 90.05 
5.39 0.06 0.06 0.09 0.09 0.05 0.04 0.01 -0.01 0.00 93.38 94.01 90.05 
5.49 0.06 0.06 0.08 0.08 0.05 0.05 0.01 -0.01 0.01 93.34 94.67 90.07 
5.59 0.06 0.06 0.08 0.08 0.02 0.02 0.01 -0.00 0.01 93.28 94.56 90.07 
5.69 0.06 0.06 0.09 0.09 0.08 0.08 0.01 -0.01 0.00 93.35 94.88 90.05 
5.79 0.06 0.06 0.07 0.07 0.03 0.03 0.01 -0.02 0.01 93.46 93.94 90.12 
5.90 0.06 0.06 0.07 0.07 0.02 0.02 0.01 -0.00 0.00 93.84 93.87 90.08 
6.00 0.06 0.06 0.07 0.07 0.02 0.02 0.01 0.00 0.00 93.32 93.90 90.05 
6.10 0.06 0.06 0.08 0.08 0.05 0.05 0.01 -0.00 0.00 93.38 94.72 90.02 
6.20 0.07 0.07 0.08 0.08 -0.04 -0.04 0.01 -0.02 0.01 93.75 94.63 90.08 
6.30 0.06 0.06 0.08 0.08 -0.02 -0.02 0.01 -0.01 0.01 93.47 94.33 90.07 
6.41 0.07 0.07 0.07 0.07 0.03 0.03 0.02 -0.02 0.01 93.85 94.08 90.07 
6.51 0.06 0.06 0.08 0.08 -0.25 -0.24 0.01 0.00 0.01 93.52 93.30 90.08 
6.61 0.06 0.06 0.08 0.08 0.02 0.02 0.02 0.00 0.01 93.56 94.65 90.07 
6.72 0.07 0.06 0.07 0.07 -0.01 -0.01 0.02 -0.01 0.00 93.35 94.88 90.05 
6.82 0.06 0.06 0.07 0.07 0.01 0.01 0.02 -0.02 0.01 93.48 94.79 90.05 
6.92 0.06 0.06 0.07 0.07 -0.01 -0.01 0.02 -0.01 0.00 93.50 93.92 90.05 
7.02 0.06 0.06 0.07 0.07 -0.01 -0.02 0.01 -0.01 0.01 93.52 93.94 90.09 
7.13 0.05 0.05 0.08 0.08 0.06 0.06 0.02 -0.01 0.01 93.14 94.40 90.08 
7.23 0.06 0.06 0.08 0.08 0.05 0.04 0.02 -0.01 0.01 93.53 94.17 90.08 
7.33 0.07 0.07 0.07 0.07 -0.05 -0.05 0.02 -0.01 0.01 93.94 94.18 90.09 
7.43 0.06 0.06 0.07 0.07 -0.02 -0.02 0.01 -0.01 0.01 93.70 93.91 90.08 
7.54 0.06 0.06 0.07 0.07 0.02 0.02 0.01 -0.01 0.01 93.71 93.96 90.07 
7.64 0.06 0.06 0.08 0.08 0.01 0.01 0.02 -0.00 0.00 93.54 94.41 90.04 
7.74 0.06 0.06 0.07 0.07 0.00 0.00 0.01 -0.00 0.00 93.56 94.21 90.05 
7.84 0.06 0.06 0.08 0.08 0.01 0.01 0.02 -0.00 0.00 93.57 95.25 90.06 
7.94 0.07 0.07 0.06 0.06 -0.05 -0.05 0.01 -0.02 0.00 93.48 94.16 90.08 
8.05 0.07 0.07 0.07 0.07 -0.04 -0.04 0.02 -0.02 0.00 93.86 93.70 90.07 
8.15 0.07 0.07 0.07 0.07 -0.02 -0.02 0.02 -0.00 0.00 93.47 94.30 90.07 
8.25 0.06 0.06 0.08 0.08 0.01 0.01 0.01 -0.00 0.01 93.50 94.12 90.09 
8.36 0.07 0.07 0.08 0.08 0.04 0.04 0.02 -0.00 0.01 93.57 94.85 90.07 
8.46 0.07 0.07 0.07 0.07 -0.04 -0.04 0.02 -0.01 0.00 93.93 94.17 90.04 
8.56 0.06 0.06 0.07 0.07 0.00 0.00 0.01 -0.02 0.01 93.13 94.61 90.07 
8.66 0.06 0.06 0.07 0.07 0.02 0.02 0.02 -0.02 0.01 93.25 94.07 90.06 
8.77 0.07 0.07 0.08 0.08 0.01 0.01 0.01 -0.00 0.00 93.74 94.38 90.10 
8.87 0.07 0.07 0.07 0.07 -0.01 -0.01 0.02 -0.01 0.01 93.32 93.98 90.08 
8.97 0.06 0.06 0.08 0.08 0.01 0.01 0.01 -0.00 0.01 93.73 94.60 90.05 
9.08 0.07 0.07 0.08 0.08 -0.02 -0.01 0.01 -0.02 0.01 93.49 93.74 90.08 
9.18 0.07 0.07 0.08 0.08 -0.04 -0.05 0.01 -0.00 0.00 95.27 91.56 90.07 
9.28 0.04 0.04 0.05 0.05 0.07 0.07 0.01 -0.01 0.00 93.04 94.89 90.04 
9.38 0.06 0.06 0.08 0.08 0.03 0.04 0.01 -0.02 0.01 92.92 94.98 90.05 
9.49 0.06 0.06 0.06 0.07 0.01 0.01 0.01 -0.02 0.01 93.74 94.64 90.04 
9.59 0.06 0.06 0.06 0.06 0.00 -0.00 0.01 -0.01 0.01 93.65 93.67 90.06 
9.69 0.07 0.07 0.07 0.07 -0.00 -0.00 0.01 -0.01 0.00 93.49 94.33 90.06 
9.80 0.06 0.06 0.08 0.08 0.03 0.02 0.01 0.00 -0.00 94.15 93.91 90.03 
9.90 0.07 0.07 0.10 0.10 -0.01 -0.02 0.02 -0.01 -0.19 96.41 94.68 87.63 
10.00 0.05 0.05 0.05 0.05 0.04 0.04 0.02 -0.03 -0.15 92.79 92.86 88.18 
10.10 0.07 0.07 0.09 0.09 -0.06 -0.06 0.02 -0.03 -0.07 93.77 95.71 89.04 
10.21 0.05 0.05 0.06 0.06 -0.04 -0.04 0.01 -0.02 0.01 94.22 94.04 90.08 
10.31 0.06 0.06 0.11 0.11 0.01 0.01 0.02 0.02 0.00 93.07 91.93 90.06 
10.41 0.06 0.06 0.09 0.09 -0.06 -0.06 0.02 -0.01 0.01 93.54 93.98 90.07 
10.52 0.07 0.07 0.08 0.08 -0.09 -0.09 0.01 -0.01 0.00 93.62 94.30 90.03 
10.62 0.06 0.06 0.07 0.07 -0.03 -0.03 0.01 -0.02 0.00 93.96 93.78 90.06 
10.72 0.06 0.06 0.06 0.06 -0.07 -0.07 0.01 -0.01 0.01 93.69 93.67 90.06 
10.82 0.06 0.06 0.07 0.07 -0.06 -0.06 0.01 -0.01 0.01 93.43 94.08 90.05 
10.93 0.06 0.06 0.09 0.09 -0.06 -0.06 0.02 -0.00 0.01 93.52 94.36 90.09 
11.03 0.05 0.05 0.08 0.08 0.04 0.04 0.02 -0.01 0.00 93.31 94.19 90.05 
11.13 0.08 0.08 0.07 0.07 -0.16 -0.16 0.01 -0.02 0.00 94.22 95.13 90.06 
11.24 0.06 0.06 0.06 0.06 -0.05 -0.06 0.02 -0.02 0.01 93.91 93.74 90.07 
11.34 0.06 0.06 0.07 0.07 -0.05 -0.05 0.01 -0.01 0.00 93.45 93.92 90.08 
11.44 0.06 0.06 0.09 0.09 -0.08 -0.08 0.01 -0.00 0.00 93.56 94.88 90.05 
11.54 0.06 0.06 0.07 0.07 -0.04 -0.04 0.02 -0.01 0.00 93.77 94.19 90.06 
11.65 0.07 0.07 0.07 0.07 -0.07 -0.07 0.02 -0.02 0.01 93.59 93.84 90.08 
11.75 0.06 0.06 0.07 0.07 -0.06 -0.06 0.02 -0.01 0.00 93.71 93.57 90.05 
11.85 0.07 0.07 0.09 0.09 -0.07 -0.07 0.01 0.01 0.00 93.14 93.58 90.08 
11.96 0.08 0.08 0.08 0.08 -0.19 -0.18 0.01 0.00 0.01 92.50 94.23 90.09 
12.06 0.06 0.06 0.08 0.08 -0.06 -0.06 0.02 -0.01 0.00 93.10 94.18 90.03 
12.16 0.06 0.06 0.08 0.08 -0.06 -0.06 0.02 -0.02 0.01 93.53 94.38 90.09 
12.26 0.07 0.07 0.07 0.07 -0.10 -0.09 0.01 -0.02 0.01 93.47 93.71 90.07 
12.37 0.06 0.06 0.08 0.08 -0.05 -0.06 0.02 -0.01 0.01 93.94 94.17 90.05 
12.47 0.07 0.07 0.08 0.08 -0.09 -0.10 0.01 -0.01 0.01 94.62 94.34 90.02 
12.57 0.05 0.05 0.06 0.06 -0.04 -0.04 0.01 -0.01 0.01 93.59 94.94 90.05 
12.68 0.06 0.06 0.06 0.06 -0.08 -0.08 0.01 -0.01 0.00 93.49 94.80 90.03 
12.78 0.05 0.05 0.07 0.07 -0.03 -0.03 0.02 -0.01 0.01 93.89 93.92 90.04 
12.88 0.06 0.06 0.09 0.09 -0.06 -0.06 0.02 -0.02 0.01 93.71 95.16 90.08 
12.98 0.06 0.06 0.07 0.07 -0.07 -0.07 0.01 -0.02 0.00 93.59 94.02 90.05 
13.08 0.07 0.07 0.08 0.08 -0.09 -0.09 0.01 0.00 0.01 93.56 94.21 90.06 
13.19 0.08 0.08 0.06 0.07 -0.15 -0.15 0.02 -0.01 0.01 93.78 94.44 90.05 
13.29 0.06 0.06 0.08 0.08 -0.04 -0.04 0.01 -0.02 0.01 93.49 94.57 90.08 
13.40 0.05 0.05 0.07 0.07 -0.03 -0.03 0.01 -0.02 0.01 94.24 93.65 90.05 
13.50 0.07 0.07 0.06 0.06 -0.13 -0.13 0.01 -0.00 0.01 94.04 93.85 90.05 
13.60 0.06 0.06 0.08 0.08 -0.08 -0.08 0.02 0.00 0.00 93.56 94.65 90.06 
13.70 0.06 0.06 0.07 0.07 -0.12 -0.12 0.02 -0.01 0.00 93.30 94.63 90.06 
13.81 0.06 0.06 0.07 0.07 -0.04 -0.04 0.01 -0.01 0.01 93.51 94.56 90.04 
13.91 0.06 0.06 0.07 0.07 -0.04 -0.04 0.02 -0.01 0.00 93.43 94.25 90.07 
14.02 0.06 0.06 0.07 0.07 -0.06 -0.06 0.01 -0.01 0.00 93.71 94.14 90.04 
14.12 0.06 0.06 0.08 0.08 -0.02 -0.02 0.02 -0.01 0.00 93.59 94.84 90.05 
14.22 0.07 0.07 0.06 0.06 -0.11 -0.11 0.01 -0.01 0.01 92.89 94.20 90.05 
14.32 0.06 0.06 0.08 0.08 -0.09 -0.08 0.01 -0.01 0.01 93.63 94.33 90.09 
14.43 0.07 0.07 0.08 0.08 -0.09 -0.09 0.01 -0.02 0.01 93.90 93.46 90.10 
14.53 0.05 0.06 0.08 0.08 -0.04 -0.04 0.02 -0.01 0.00 94.11 94.55 90.05 
14.63 0.06 0.06 0.08 0.08 -0.08 -0.08 0.02 -0.01 0.00 93.35 94.03 90.08 
14.74 0.06 0.06 0.08 0.08 -0.06 -0.06 0.02 -0.01 0.01 93.35 94.40 90.06 
14.84 0.06 0.06 0.07 0.07 -0.05 -0.05 0.01 -0.02 0.01 93.56 94.61 90.07 
14.94 0.07 0.07 0.07 0.07 -0.11 -0.11 0.02 -0.01 0.00 93.48 94.12 90.09 
15.05 0.06 0.06 0.07 0.07 -0.10 -0.10 0.01 -0.00 0.00 93.70 94.33 90.05 
15.15 0.06 0.06 0.08 0.08 -0.03 -0.03 0.02 -0.01 0.01 93.14 94.27 90.04 
15.25 0.05 0.05 0.07 0.07 -0.03 -0.03 0.01 -0.02 0.01 93.72 94.55 90.09 
15.36 0.06 0.06 0.08 0.08 -0.07 -0.07 0.01 -0.01 0.01 93.57 94.40 90.10 
15.46 0.06 0.06 0.08 0.08 -0.06 -0.06 0.02 -0.00 0.01 93.30 94.17 90.09 
15.56 0.05 0.05 0.07 0.07 -0.03 -0.03 0.01 -0.01 0.01 93.12 93.97 90.07 
15.67 0.07 0.07 0.08 0.08 -0.05 -0.04 0.01 -0.01 0.00 93.57 94.23 90.08 
15.77 0.07 0.07 0.05 0.05 -0.12 -0.12 0.02 -0.01 0.01 94.10 92.90 90.09 
15.87 0.07 0.07 0.06 0.06 -0.12 -0.11 0.02 0.00 0.00 93.00 95.05 90.08 
15.98 0.07 0.07 0.08 0.08 -0.06 -0.06 0.02 -0.00 0.00 93.67 93.67 90.07 
16.08 0.05 0.05 0.07 0.07 -0.05 -0.05 0.01 -0.01 0.01 93.53 94.19 90.05 
16.18 0.06 0.06 0.08 0.08 -0.03 -0.03 0.01 -0.01 0.01 93.29 94.40 90.09 
16.28 0.06 0.06 0.07 0.07 -0.06 -0.06 0.02 -0.01 0.01 93.28 94.35 90.05 
16.39 0.07 0.07 0.07 0.07 -0.10 -0.10 0.01 -0.01 0.01 93.50 94.15 90.07 
16.49 0.07 0.07 0.07 0.07 -0.25 -0.24 0.02 0.00 0.01 93.68 93.69 90.08 
16.59 0.06 0.06 0.08 0.08 -0.06 -0.06 0.02 -0.00 0.01 93.93 94.33 90.09 
16.70 0.06 0.07 0.07 0.07 -0.10 -0.11 0.01 -0.01 0.01 94.14 94.38 90.06 
16.80 0.07 0.07 0.07 0.07 -0.10 -0.09 0.01 -0.01 0.00 92.96 94.48 90.04 
16.90 0.06 0.06 0.08 0.08 -0.09 -0.09 0.02 -0.01 0.01 93.69 94.57 90.09 
17.00 0.06 0.06 0.07 0.07 -0.09 -0.09 0.02 -0.01 0.01 93.95 94.15 90.03 
17.11 0.06 0.06 0.07 0.07 -0.07 -0.07 0.01 -0.01 0.01 93.50 94.13 90.09 
17.21 0.07 0.07 0.08 0.08 -0.08 -0.08 0.01 -0.00 0.01 93.77 94.64 90.06 
17.31 0.06 0.06 0.08 0.08 -0.04 -0.04 0.01 -0.01 0.01 93.33 94.42 90.08 
17.41 0.06 0.06 0.07 0.07 -0.06 -0.06 0.02 -0.02 0.00 93.75 94.39 90.07 
17.51 0.06 0.06 0.07 0.07 -0.07 -0.07 0.01 -0.01 0.01 93.31 94.57 90.08 
17.62 0.05 0.05 0.07 0.07 -0.05 -0.05 0.01 -0.01 0.01 94.10 93.93 90.05 
17.72 0.06 0.06 0.08 0.08 -0.06 -0.06 0.02 -0.01 0.00 93.69 93.96 90.03 
17.82 0.06 0.06 0.07 0.07 -0.06 -0.06 0.01 -0.00 0.00 93.52 94.32 90.05 
17.92 0.06 0.06 0.08 0.08 -0.09 -0.09 0.02 -0.01 0.01 93.68 94.32 90.06 
18.02 0.06 0.06 0.08 0.08 -0.06 -0.07 0.02 -0.02 0.01 93.73 93.76 90.04 
18.13 0.06 0.06 0.07 0.07 -0.05 -0.05 0.01 -0.01 0.00 93.73 94.35 90.04 
18.23 0.07 0.07 0.08 0.08 -0.09 -0.09 0.02 -0.01 0.01 93.76 94.43 90.08 
18.33 0.06 0.06 0.07 0.07 -0.07 -0.07 0.01 -0.01 0.00 93.72 94.36 90.03 
18.43 0.06 0.06 0.08 0.08 -0.02 -0.02 0.02 -0.01 0.00 93.60 94.44 90.07 
18.53 0.07 0.07 0.08 0.08 -0.08 -0.08 0.01 -0.01 0.00 93.54 94.61 90.05 
18.63 0.08 0.08 0.07 0.07 -0.14 -0.14 0.01 -0.01 0.00 94.65 93.87 90.06 
18.74 0.07 0.07 0.07 0.07 -0.15 -0.15 0.01 -0.01 0.01 93.51 94.36 90.09 
18.84 0.05 0.05 0.08 0.08 -0.05 -0.05 0.02 -0.00 0.00 93.31 93.96 90.07 
18.94 0.07 0.07 0.07 0.07 -0.11 -0.11 0.01 -0.01 0.00 93.69 93.91 90.05 
19.04 0.09 0.09 0.08 0.08 -0.22 -0.21 0.02 -0.01 0.01 92.28 93.57 90.12 
19.15 0.04 0.04 0.08 0.08 0.01 0.01 0.01 0.00 0.00 92.92 94.43 90.05 
19.25 0.06 0.06 0.07 0.07 -0.07 -0.07 0.01 -0.02 0.01 93.55 94.19 90.05 
19.35 0.07 0.07 0.07 0.07 -0.11 -0.11 0.01 -0.01 0.01 93.95 93.72 90.05 
19.46 0.07 0.07 0.07 0.07 -0.10 -0.10 0.02 -0.01 0.01 93.93 94.97 90.05 
19.56 0.06 0.06 0.08 0.08 -0.04 -0.04 0.02 -0.01 0.00 93.31 94.16 90.05 
19.67 0.07 0.07 0.08 0.08 -0.14 -0.14 0.01 -0.01 0.01 93.76 93.99 90.09 
19.77 0.06 0.06 0.08 0.08 -0.04 -0.04 0.01 -0.01 0.01 93.51 94.58 90.08 
19.87 0.06 0.06 0.07 0.07 -0.03 -0.03 0.02 -0.01 0.01 93.75 93.99 90.08 
19.98 0.06 0.06 0.08 0.08 -0.06 -0.06 0.01 -0.01 0.00 93.12 94.44 90.07 
20.08 0.07 0.07 0.08 0.08 -0.08 -0.08 0.01 -0.01 0.01 93.54 93.97 90.07 
20.18 0.07 0.07 0.08 0.08 -0.12 -0.11 0.02 -0.01 0.00 93.51 93.95 90.05 
20.28 0.06 0.06 0.07 0.07 -0.04 -0.04 0.01 -0.01 0.00 93.31 94.21 90.05 
20.39 0.06 0.06 0.07 0.07 -0.04 -0.04 0.02 -0.01 0.00 93.30 94.17 90.07 
20.49 0.06 0.06 0.07 0.07 -0.07 -0.07 0.01 -0.01 0.00 93.55 93.97 90.10 
20.59 0.07 0.07 0.08 0.08 -0.06 -0.06 0.01 -0.01 0.01 93.76 94.18 90.05 
20.69 0.06 0.06 0.08 0.08 -0.01 -0.02 0.01 -0.01 0.01 93.34 94.59 90.10 
20.79 0.06 0.06 0.07 0.07 -0.06 -0.06 0.02 -0.01 0.01 93.50 94.18 90.07 
20.90 0.07 0.06 0.07 0.07 -0.08 -0.07 0.02 -0.02 0.00 93.26 94.50 90.07 
21.00 0.06 0.06 0.07 0.07 -0.07 -0.07 0.02 -0.01 0.01 93.71 94.13 90.08 
21.10 0.07 0.06 0.07 0.07 -0.09 -0.09 0.02 -0.00 0.01 93.13 94.18 90.08 
21.21 0.06 0.06 0.07 0.07 -0.06 -0.06 0.01 -0.01 0.01 93.53 94.37 90.07 
21.31 0.06 0.06 0.07 0.07 -0.09 -0.09 0.02 -0.01 0.01 93.73 94.39 90.06 
21.41 0.07 0.07 0.07 0.07 -0.08 -0.08 0.01 -0.01 0.01 93.33 93.79 90.08 
21.51 0.06 0.06 0.07 0.07 -0.09 -0.09 0.02 -0.01 0.00 93.71 94.15 90.05 
21.61 0.06 0.06 0.07 0.07 -0.01 -0.01 0.01 -0.00 0.00 93.12 94.37 90.05 
21.72 0.07 0.07 0.07 0.07 -0.11 -0.11 0.00 -0.01 0.00 93.56 94.19 90.08 
21.82 0.06 0.06 0.07 0.07 -0.06 -0.06 0.02 -0.01 0.01 93.72 94.18 90.07 
21.93 0.06 0.06 0.07 0.07 -0.08 -0.08 0.02 -0.01 0.00 93.94 94.16 90.05 
22.03 0.07 0.07 0.07 0.07 -0.08 -0.08 0.01 -0.01 0.00 93.72 94.36 90.06 
22.13 0.06 0.06 0.07 0.07 -0.02 -0.03 0.01 -0.01 0.01 93.51 93.94 90.06 
22.23 0.06 0.06 0.08 0.08 -0.05 -0.05 0.01 -0.01 0.00 93.32 94.40 90.04 
22.33 0.06 0.06 0.07 0.07 -0.04 -0.04 0.01 -0.01 0.00 93.56 94.39 90.05 
22.44 0.06 0.06 0.07 0.07 -0.05 -0.05 0.01 -0.01 0.01 93.32 93.99 90.08 
22.54 0.06 0.06 0.07 0.07 -0.04 -0.04 0.02 -0.01 0.01 93.91 94.12 90.07 
22.65 0.06 0.06 0.08 0.08 -0.07 -0.07 0.01 -0.01 0.00 93.54 94.39 90.05 
22.75 0.07 0.07 0.08 0.08 -0.09 -0.08 0.01 -0.01 0.01 93.31 94.17 90.06 
22.85 0.07 0.07 0.07 0.07 -0.08 -0.08 0.02 -0.01 0.01 93.75 93.95 90.05 
22.95 0.06 0.06 0.08 0.08 -0.05 -0.05 0.01 -0.01 0.01 93.49 94.57 90.07 
23.06 0.06 0.06 0.07 0.07 -0.05 -0.05 0.02 -0.01 0.01 93.30 94.39 90.08 
23.16 0.07 0.06 0.08 0.08 -0.07 -0.07 0.01 -0.01 0.01 93.34 93.76 90.08 
23.26 0.06 0.06 0.07 0.07 -0.04 -0.04 0.01 -0.01 0.01 93.47 94.13 90.06 
23.36 0.06 0.06 0.07 0.07 -0.07 -0.07 0.01 -0.01 0.01 93.77 94.45 90.08 
23.46 0.07 0.07 0.07 0.07 -0.11 -0.11 0.01 -0.01 0.00 93.70 94.14 90.03 
23.56 0.07 0.06 0.07 0.07 -0.09 -0.09 0.01 -0.01 0.01 93.72 94.18 90.08 
23.66 0.07 0.07 0.07 0.07 -0.07 -0.07 0.02 -0.01 0.00 93.74 94.19 90.06 
23.76 0.05 0.05 0.06 0.06 -0.03 -0.04 0.01 -0.01 0.01 93.74 94.18 90.06 
23.87 0.07 0.07 0.07 0.07 -0.09 -0.09 0.02 -0.01 0.00 93.75 94.16 90.04 
23.97 0.06 0.06 0.07 0.07 -0.05 -0.05 0.02 -0.00 0.01 93.49 93.92 90.06 
24.07 0.07 0.07 0.08 0.08 -0.11 -0.11 0.02 -0.01 0.01 93.74 94.61 90.06 
24.17 0.06 0.06 0.07 0.07 -0.08 -0.08 0.01 -0.01 0.00 93.31 93.94 90.07 
24.27 0.06 0.06 0.08 0.08 -0.07 -0.07 0.01 -0.02 0.01 93.56 94.61 90.08 
24.37 0.06 0.06 0.07 0.07 -0.06 -0.06 0.02 -0.01 0.01 93.47 94.13 90.07 
24.47 0.06 0.06 0.08 0.08 -0.07 -0.07 0.01 -0.01 0.01 93.52 93.97 90.07 
24.58 0.06 0.06 0.08 0.08 -0.04 -0.04 0.01 -0.01 0.00 93.53 94.35 90.05 
24.68 0.07 0.07 0.07 0.07 -0.08 -0.08 0.02 -0.01 0.00 93.74 94.17 90.07 
24.78 0.06 0.06 0.07 0.07 -0.04 -0.04 0.01 -0.01 0.00 93.29 94.36 90.06 
24.88 0.06 0.06 0.07 0.07 -0.06 -0.06 0.01 -0.01 0.01 93.46 94.12 90.07 
24.99 0.06 0.06 0.07 0.07 -0.04 -0.05 0.02 -0.01 0.01 94.12 94.18 90.09 
25.09 0.06 0.06 0.07 0.07 -0.07 -0.07 0.01 -0.01 0.01 93.51 94.18 90.06 
25.19 0.06 0.06 0.08 0.08 -0.04 -0.05 0.02 -0.01 0.00 93.74 94.15 90.07 
25.29 0.07 0.07 0.07 0.07 -0.10 -0.10 0.01 -0.01 0.01 93.51 94.16 90.07 
25.39 0.06 0.06 0.08 0.08 -0.07 -0.07 0.01 -0.01 0.00 93.54 94.41 90.04 
25.49 0.06 0.06 0.08 0.08 -0.06 -0.06 0.02 -0.01 0.00 93.52 94.39 90.06 
25.59 0.06 0.06 0.08 0.08 -0.07 -0.07 0.02 -0.00 0.00 93.77 94.39 90.07 
25.70 0.07 0.07 0.07 0.07 -0.08 -0.08 0.02 -0.00 0.00 93.95 93.77 90.05 
25.80 0.07 0.07 0.07 0.07 -0.09 -0.09 0.02 -0.01 0.01 93.91 94.16 90.08 
25.90 0.07 0.06 0.07 0.07 -0.11 -0.11 0.01 -0.01 0.00 93.55 94.20 90.08 
26.00 0.06 0.06 0.07 0.07 -0.05 -0.05 0.01 -0.01 0.00 93.33 94.63 90.07 
26.11 0.07 0.07 0.07 0.07 -0.10 -0.10 0.01 -0.01 0.01 93.90 94.37 90.06 
26.21 0.07 0.07 0.07 0.07 -0.09 -0.09 0.01 -0.01 0.01 93.75 93.96 90.06 
26.31 0.07 0.07 0.07 0.07 -0.04 -0.04 0.01 -0.01 0.01 93.69 94.14 90.07 
26.41 -0.04 -0.04 0.02 0.03 0.27 0.26 0.02 -0.01 0.00 92.26 97.41 90.05 
26.51 0.12 0.12 0.09 0.09 -0.32 -0.32 0.01 -0.00 0.00 96.71 93.60 90.03 
26.61 0.06 0.06 0.08 0.08 -0.05 -0.05 0.02 -0.02 0.01 93.33 94.41 90.05 
26.71 0.07 0.07 0.07 0.07 -0.11 -0.11 0.01 -0.02 0.01 93.70 94.13 90.10 
26.82 0.07 0.07 0.08 0.08 -0.11 -0.11 0.01 -0.00 0.01 93.74 93.57 90.08 
26.92 0.05 0.05 0.06 0.06 -0.03 -0.03 0.02 -0.02 0.01 93.25 93.98 90.05 
27.02 0.07 0.07 0.08 0.08 -0.13 -0.13 0.01 -0.01 0.00 93.36 94.20 90.06 
27.12 0.06 0.06 0.07 0.07 -0.05 -0.05 0.01 -0.01 0.01 93.54 94.36 90.06 
27.22 0.07 0.07 0.07 0.07 -0.10 -0.10 0.01 -0.02 0.01 93.77 94.00 90.08 
27.33 0.06 0.06 0.08 0.08 -0.01 -0.01 0.01 -0.00 0.01 93.51 94.35 90.05 
27.43 0.06 0.06 0.07 0.07 -0.08 -0.08 0.01 -0.00 0.01 93.56 94.40 90.05 
27.53 0.02 0.02 0.08 0.08 0.13 0.13 0.01 -0.01 0.01 92.72 96.75 90.03 
27.64 0.05 0.05 0.10 0.10 -0.03 -0.03 0.02 -0.01 0.01 93.19 93.87 90.04 
27.74 0.06 0.06 0.07 0.07 -0.02 -0.02 0.01 -0.01 0.00 93.30 93.96 90.08 
27.84 0.07 0.07 0.07 0.07 -0.10 -0.10 0.01 -0.01 0.01 93.92 94.34 90.08 
27.94 0.07 0.07 0.06 0.07 -0.08 -0.08 0.01 -0.01 0.00 93.74 93.76 90.05 
28.04 0.07 0.07 0.07 0.07 -0.08 -0.08 0.01 -0.01 0.00 93.65 93.67 90.05 
28.15 0.07 0.07 0.08 0.08 -0.09 -0.09 0.02 -0.00 0.01 93.52 94.42 90.07 
28.25 0.07 0.07 0.07 0.07 -0.11 -0.10 0.01 -0.01 0.01 94.15 94.22 90.08 
28.35 0.06 0.06 0.07 0.07 -0.09 -0.09 0.01 -0.01 0.01 93.50 94.16 90.08 
28.45 0.06 0.06 0.07 0.07 -0.07 -0.07 0.01 -0.01 0.00 93.29 93.94 90.08 
28.56 0.07 0.07 0.08 0.08 -0.10 -0.10 0.00 -0.01 0.01 93.97 94.63 90.08 
28.66 0.07 0.07 0.07 0.07 -0.13 -0.13 0.00 -0.01 0.01 93.70 94.55 90.08 
28.76 0.06 0.06 0.07 0.07 -0.04 -0.04 0.01 -0.01 0.00 93.77 94.62 90.08 
28.86 0.07 0.07 0.06 0.06 -0.11 -0.11 0.02 -0.02 0.01 93.94 94.20 90.06 
28.97 0.07 0.07 0.08 0.08 -0.03 -0.03 0.01 -0.00 0.01 93.53 93.77 90.06 
29.07 0.06 0.06 0.08 0.08 -0.05 -0.05 0.02 -0.01 0.01 94.12 94.56 90.07 
29.18 0.06 0.06 0.08 0.08 -0.06 -0.06 0.02 -0.00 0.00 93.79 94.67 90.06 
29.28 0.06 0.06 0.08 0.08 -0.06 -0.06 0.02 -0.01 0.01 93.51 94.39 90.08 
29.38 0.06 0.06 0.07 0.07 -0.11 -0.11 0.01 -0.02 0.01 93.73 94.17 90.09 
29.49 0.06 0.06 0.07 0.07 -0.06 -0.06 0.02 -0.01 0.01 93.74 93.75 90.05 
29.59 0.05 0.06 0.08 0.08 -0.03 -0.03 0.02 -0.00 0.00 93.51 93.90 90.07 
29.69 0.06 0.06 0.08 0.08 -0.04 -0.04 0.01 -0.01 0.01 93.12 94.84 90.03 
29.79 0.06 0.06 0.08 0.08 -0.05 -0.05 0.01 -0.01 0.01 93.55 94.23 90.07 
29.89 0.07 0.06 0.07 0.07 -0.07 -0.07 0.01 -0.01 0.00 93.55 94.20 90.08 
30.00 0.06 0.06 0.07 0.07 -0.07 -0.07 0.02 -0.01 0.00 93.69 94.13 90.07 
30.10 0.06 0.06 0.08 0.08 -0.04 -0.04 0.02 -0.01 0.00 93.53 94.60 90.06 
30.20 0.07 0.07 0.07 0.07 -0.12 -0.12 0.01 -0.01 0.00 93.73 93.95 90.06 
30.31 0.06 0.06 0.07 0.07 -0.09 -0.09 0.01 -0.01 0.00 93.58 94.24 90.04 
30.41 0.06 0.06 0.07 0.07 -0.08 -0.08 0.02 -0.01 0.01 93.75 94.19 90.09 
30.51 0.07 0.07 0.07 0.07 -0.09 -0.09 0.01 -0.01 0.01 93.66 94.33 90.08 
30.62 0.07 0.07 0.08 0.07 -0.07 -0.07 0.02 -0.01 0.00 93.92 93.91 90.05 
30.72 0.06 0.06 0.08 0.08 -0.06 -0.06 0.02 -0.01 0.00 93.29 94.36 90.04 
30.82 0.07 0.07 0.08 0.08 -0.08 -0.08 0.01 -0.00 0.01 93.77 94.66 90.08 
30.92 0.07 0.07 0.07 0.07 -0.10 -0.10 0.01 -0.00 0.00 93.84 94.50 90.05 
31.02 0.07 0.07 0.08 0.08 -0.09 -0.09 0.01 -0.02 0.00 93.76 94.64 90.05 
31.12 0.06 0.06 0.06 0.06 -0.09 -0.09 0.01 -0.02 0.01 93.24 93.88 90.07 
31.23 0.07 0.07 0.09 0.09 -0.08 -0.08 0.02 -0.01 0.01 93.71 94.37 90.09 
31.33 0.07 0.07 0.08 0.08 -0.08 -0.08 0.01 -0.01 0.00 93.79 94.62 90.05 
31.43 0.06 0.06 0.08 0.08 -0.06 -0.06 0.02 -0.00 0.01 93.34 93.74 90.07 
31.53 0.07 0.07 0.08 0.08 -0.07 -0.07 0.02 -0.01 0.01 93.74 94.38 90.07 
31.63 0.06 0.06 0.07 0.07 -0.06 -0.06 0.02 -0.02 0.01 93.33 94.24 90.07 
31.73 0.06 0.06 0.07 0.07 -0.06 -0.06 0.01 -0.01 0.01 93.28 93.92 90.10 
31.84 0.06 0.06 0.08 0.08 -0.06 -0.06 0.01 -0.00 0.00 93.53 94.12 90.07 
31.94 0.07 0.07 0.09 0.08 -0.05 -0.05 0.02 -0.00 0.00 93.81 94.46 90.07 
32.04 0.06 0.06 0.07 0.07 -0.04 -0.04 0.01 -0.01 0.01 93.55 94.17 90.04 
32.14 0.07 0.07 0.08 0.08 -0.06 -0.06 0.01 -0.01 0.01 93.76 94.40 90.10 
32.24 0.07 0.07 0.06 0.06 -0.12 -0.11 0.01 -0.01 0.01 94.00 94.21 90.05 
32.34 0.07 0.07 0.07 0.07 -0.08 -0.08 0.01 -0.02 0.00 93.89 93.89 90.05 
32.45 0.06 0.06 0.08 0.08 -0.02 -0.02 0.02 -0.01 0.01 93.44 93.88 90.05 
32.55 0.06 0.06 0.08 0.08 -0.06 -0.06 0.02 -0.00 0.00 93.38 94.44 90.05 
32.65 0.06 0.06 0.08 0.08 -0.04 -0.04 0.01 0.00 0.00 93.57 94.44 90.03 
32.75 0.09 0.09 0.08 0.08 -0.23 -0.22 0.01 -0.00 0.01 93.31 94.41 90.06 
32.86 0.06 0.06 0.07 0.07 -0.03 -0.03 0.02 -0.01 0.00 93.34 94.21 90.05 
32.96 0.07 0.07 0.08 0.08 -0.07 -0.07 0.02 -0.02 0.01 94.03 94.40 90.08 
33.06 0.06 0.06 0.10 0.10 -0.04 -0.07 0.02 0.00 0.00 99.64 95.53 90.05 
33.16 0.06 0.06 0.09 0.09 -0.04 -0.04 0.02 0.01 0.00 93.55 94.75 90.09 
33.27 0.07 0.07 0.08 0.08 -0.07 -0.06 0.01 -0.01 0.01 93.41 94.11 90.07 
33.37 0.07 0.07 0.08 0.08 -0.11 -0.11 0.01 -0.01 0.00 93.78 94.42 90.04 
33.47 0.06 0.06 0.06 0.07 -0.06 -0.06 0.02 -0.02 0.01 93.49 94.60 90.07 
33.57 0.06 0.06 0.07 0.07 -0.07 -0.07 0.01 -0.01 0.00 93.92 94.35 90.08 
33.67 0.06 0.06 0.08 0.08 -0.06 -0.06 0.01 -0.01 0.01 93.55 94.38 90.08 
33.78 0.06 0.06 0.08 0.08 -0.05 -0.05 0.01 -0.01 0.00 93.35 94.42 90.05 
33.88 0.07 0.07 0.08 0.08 -0.09 -0.09 0.01 -0.01 0.01 93.07 94.38 90.09 
33.98 0.06 0.06 0.06 0.07 -0.09 -0.08 0.02 -0.02 0.01 93.50 93.75 90.06 
34.09 0.06 0.06 0.07 0.07 -0.05 -0.06 0.01 -0.01 0.01 93.94 93.96 90.05 
34.19 0.07 0.07 0.07 0.07 -0.07 -0.07 0.02 -0.00 0.00 93.94 93.92 90.03 
34.29 0.06 0.06 0.08 0.08 -0.08 -0.08 0.01 -0.01 0.00 93.32 93.97 90.04 
34.39 0.06 0.06 0.08 0.08 -0.05 -0.05 0.02 -0.01 0.00 93.52 94.41 90.05 
34.50 0.06 0.06 0.07 0.07 -0.09 -0.09 0.01 -0.02 0.01 93.75 93.99 90.07 
34.60 0.07 0.07 0.07 0.07 -0.07 -0.07 0.01 -0.01 0.01 93.75 94.18 90.07 
34.71 0.05 0.05 0.08 0.08 -0.02 -0.02 0.01 -0.01 0.00 93.77 94.43 90.06 
34.81 0.07 0.07 0.08 0.08 -0.08 -0.08 0.02 0.00 0.00 93.52 94.19 90.04 
34.91 0.06 0.06 0.08 0.08 -0.06 -0.06 0.01 -0.02 0.01 93.78 94.42 90.07 
35.02 0.07 0.07 0.06 0.06 -0.09 -0.09 0.01 -0.02 0.01 93.69 94.33 90.08 
35.12 0.06 0.06 0.08 0.08 -0.04 -0.05 0.01 -0.01 0.01 93.33 94.57 90.07 
35.22 0.06 0.06 0.08 0.08 -0.07 -0.07 0.02 -0.00 0.01 93.73 93.72 90.08 
35.32 0.06 0.06 0.07 0.07 -0.08 -0.09 0.01 -0.00 0.01 93.59 94.02 90.06 
35.42 0.05 0.05 0.07 0.07 0.03 0.02 0.01 -0.01 0.00 92.71 94.01 90.05 
35.53 0.06 0.06 0.08 0.08 -0.07 -0.07 0.02 -0.01 0.00 93.75 94.19 90.04 
35.63 0.06 0.06 0.07 0.07 -0.08 -0.08 0.01 -0.01 0.00 93.72 93.92 90.05 
35.73 0.07 0.07 0.08 0.08 -0.06 -0.06 0.02 -0.01 0.01 93.49 94.35 90.10 
35.83 0.06 0.06 0.08 0.08 -0.01 -0.02 0.01 -0.00 0.00 93.55 94.61 90.05 
35.94 0.07 0.07 0.07 0.07 -0.07 -0.07 0.02 -0.01 0.01 93.57 94.45 90.06 
36.04 0.07 0.07 0.06 0.06 -0.13 -0.13 0.01 -0.01 0.01 93.90 94.14 90.07 
36.14 0.06 0.06 0.07 0.07 -0.05 -0.04 0.01 -0.01 0.01 93.23 93.86 90.08 
36.24 0.06 0.06 0.08 0.08 -0.04 -0.04 0.02 -0.00 0.00 93.51 94.14 90.05 
36.34 0.07 0.07 0.08 0.08 -0.06 -0.07 0.02 -0.01 0.01 93.75 94.59 90.06 
36.45 0.06 0.06 0.08 0.08 -0.06 -0.06 0.02 -0.01 0.01 93.54 94.16 90.12 
36.55 0.06 0.06 0.07 0.07 -0.06 -0.06 0.01 -0.01 0.01 93.54 94.21 90.07 
36.65 0.06 0.06 0.08 0.08 -0.07 -0.07 0.01 -0.02 0.00 93.50 94.33 90.06 
36.75 0.07 0.07 0.08 0.07 -0.09 -0.09 0.01 -0.01 0.00 93.70 94.14 90.07 
36.86 0.07 0.07 0.07 0.07 -0.10 -0.10 0.01 -0.01 0.01 93.72 94.20 90.09 
36.96 0.08 0.08 0.08 0.08 -0.12 -0.11 0.01 -0.01 0.01 93.77 94.42 90.06 
37.06 0.09 0.08 0.09 0.08 -0.21 -0.20 0.01 -0.00 0.00 93.25 93.88 90.06 
37.17 0.05 0.05 0.08 0.08 0.02 0.02 0.02 -0.01 0.00 92.87 94.39 90.05 
37.27 0.06 0.06 0.06 0.06 -0.08 -0.08 0.01 -0.01 0.00 93.69 93.55 90.06 
37.37 0.07 0.07 0.08 0.08 -0.07 -0.07 0.02 -0.02 0.01 93.91 94.37 90.09 
37.47 0.06 0.06 0.08 0.08 -0.04 -0.04 0.01 -0.00 0.00 93.75 94.35 90.05 
37.57 0.06 0.06 0.08 0.08 -0.07 -0.07 0.01 -0.01 0.01 93.35 94.21 90.06 
37.68 0.07 0.07 0.08 0.08 -0.08 -0.08 0.02 -0.01 0.00 93.98 94.42 90.04 
37.78 0.06 0.06 0.06 0.07 -0.09 -0.09 0.01 -0.01 0.01 93.75 94.20 90.08 
37.88 0.06 0.06 0.07 0.07 -0.07 -0.07 0.01 -0.02 0.01 93.68 93.94 90.07 
37.98 0.06 0.06 0.07 0.07 -0.04 -0.04 0.01 -0.01 0.00 93.69 93.73 90.06 
38.08 0.06 0.06 0.08 0.08 -0.02 -0.02 0.01 -0.01 0.00 93.30 94.54 90.04 
38.18 0.07 0.07 0.08 0.08 -0.08 -0.08 0.01 -0.01 0.01 93.55 94.19 90.07 
38.28 0.06 0.06 0.08 0.08 -0.04 -0.04 0.01 -0.01 0.00 93.34 94.40 90.05 
38.39 0.07 0.07 0.07 0.07 -0.08 -0.08 0.02 -0.01 0.00 93.82 94.69 90.04 
38.49 0.07 0.07 0.07 0.07 -0.09 -0.09 0.02 -0.01 0.00 93.73 93.77 90.05 
38.59 0.06 0.06 0.07 0.07 -0.08 -0.08 0.01 -0.01 0.01 93.70 93.95 90.07 
38.69 0.07 0.07 0.07 0.07 -0.08 -0.08 0.01 -0.01 0.00 93.73 93.95 90.05 
38.80 0.07 0.07 0.08 0.08 -0.06 -0.06 0.02 -0.01 0.00 93.73 94.60 90.08 
38.90 0.06 0.06 0.07 0.07 -0.07 -0.07 0.02 -0.01 0.00 93.78 94.64 90.07 
39.01 0.06 0.06 0.06 0.07 -0.07 -0.07 0.01 -0.01 0.01 93.50 94.15 90.04 
39.11 0.06 0.06 0.07 0.07 -0.04 -0.04 0.02 -0.01 0.00 93.53 94.18 90.06 
39.22 0.06 0.06 0.07 0.07 -0.10 -0.11 0.01 -0.01 0.00 93.95 94.35 90.05 
39.32 0.06 0.06 0.08 0.08 -0.06 -0.06 0.02 -0.01 0.00 93.55 94.43 90.06 
39.42 0.07 0.07 0.07 0.07 -0.12 -0.12 0.01 -0.02 0.01 93.91 94.15 90.08 
39.52 0.07 0.07 0.07 0.07 -0.05 -0.05 0.01 -0.01 0.00 93.47 93.91 90.06 
39.63 0.06 0.06 0.08 0.08 -0.10 -0.09 0.01 -0.00 0.00 93.30 94.37 90.06 
39.73 0.07 0.07 0.08 0.08 -0.11 -0.11 0.02 -0.03 0.00 93.96 94.45 90.05 
39.83 0.06 0.06 0.07 0.07 -0.05 -0.05 0.02 0.00 0.00 93.37 93.96 90.03 
39.93 0.07 0.07 0.09 0.09 -0.09 -0.08 0.01 -0.01 -0.01 93.51 93.75 89.98 
40.03 0.08 0.08 0.06 0.06 -0.17 -0.18 0.02 -0.02 0.01 94.59 93.69 90.07 
40.13 0.06 0.06 0.08 0.07 -0.10 -0.10 0.01 0.00 0.00 93.66 94.24 90.04 
40.24 0.07 0.07 0.10 0.10 -0.11 -0.11 0.01 -0.02 -0.02 94.35 95.39 89.62 
40.34 0.07 0.07 0.06 0.06 -0.10 -0.10 0.02 0.03 0.01 92.86 91.42 90.41 
40.45 0.06 0.06 0.07 0.07 -0.09 -0.09 0.01 -0.05 0.01 93.73 93.98 90.07 
40.55 0.07 0.07 0.07 0.07 -0.09 -0.10 0.01 -0.00 0.00 94.37 94.10 90.02 
40.65 0.07 0.07 0.07 0.07 -0.09 -0.09 0.01 -0.01 0.01 93.83 94.05 90.10 
40.76 0.07 0.07 0.06 0.06 -0.10 -0.10 0.01 0.00 0.00 93.72 93.68 90.05 
40.86 0.06 0.06 0.07 0.07 -0.05 -0.05 0.01 -0.00 -0.00 93.15 94.02 90.02 
40.96 0.04 0.04 0.07 0.07 -0.01 -0.01 0.02 -0.01 0.01 92.57 93.79 90.09 
41.06 0.06 0.06 0.07 0.07 -0.06 -0.06 0.02 -0.01 0.01 93.34 94.43 90.07 
41.17 0.06 0.06 0.07 0.07 -0.02 -0.02 0.02 -0.02 0.01 92.84 94.24 90.07 
41.27 0.06 0.06 0.07 0.07 -0.09 -0.09 0.01 0.00 0.00 93.72 93.90 90.05 
41.38 0.06 0.06 0.07 0.07 -0.04 -0.04 0.01 -0.01 0.01 93.38 94.47 90.05 
41.48 0.07 0.07 0.07 0.07 -0.13 -0.13 0.01 -0.02 0.01 93.93 93.76 90.05 
41.59 0.07 0.06 0.06 0.07 -0.10 -0.10 0.01 -0.01 0.01 93.51 93.90 90.04 
41.69 0.07 0.07 0.06 0.07 -0.10 -0.09 0.01 -0.02 0.01 93.96 94.59 90.04 
41.79 0.07 0.07 0.06 0.06 -0.11 -0.11 0.02 -0.00 0.01 93.37 94.23 90.09 
41.90 0.06 0.06 0.08 0.08 -0.04 -0.04 0.01 -0.01 0.00 93.56 94.18 90.02 
42.00 0.07 0.07 0.09 0.09 -0.07 -0.07 0.01 0.00 0.00 93.78 94.88 90.05 
42.10 0.06 0.06 0.06 0.06 -0.08 -0.08 0.01 -0.01 0.01 93.70 93.94 90.06 
42.20 0.07 0.07 0.07 0.07 -0.12 -0.12 0.01 -0.01 0.01 93.86 94.03 90.06 
42.30 0.06 0.06 0.08 0.08 -0.09 -0.09 0.02 -0.01 0.01 94.20 93.56 90.07 
42.40 0.06 0.06 0.08 0.08 -0.06 -0.06 0.02 -0.00 0.00 93.30 94.37 90.03 
42.50 0.06 0.06 0.08 0.08 -0.06 -0.06 0.01 -0.00 0.00 93.54 94.62 90.05 
42.61 0.06 0.06 0.08 0.08 -0.09 -0.09 0.02 -0.02 0.01 93.55 94.41 90.07 
42.71 0.05 0.05 0.07 0.07 -0.06 -0.06 0.02 -0.01 0.01 93.72 94.14 90.07 
42.82 0.06 0.06 0.08 0.08 -0.08 -0.08 0.01 -0.01 0.01 93.55 93.95 90.09 
42.92 0.06 0.06 0.07 0.07 -0.08 -0.07 0.02 -0.01 0.00 93.10 94.36 90.06 
43.02 0.07 0.07 0.08 0.08 -0.13 -0.13 0.01 -0.01 0.01 93.76 94.63 90.07 
43.12 0.06 0.06 0.07 0.07 -0.07 -0.07 0.01 -0.01 0.00 93.48 94.14 90.02 
43.23 0.06 0.06 0.07 0.07 -0.06 -0.07 0.02 -0.01 0.00 93.70 93.91 90.06 
43.33 0.05 0.05 0.09 0.09 0.01 0.00 0.01 -0.02 0.01 92.90 95.02 90.06 
43.43 0.07 0.07 0.07 0.07 -0.10 -0.10 0.02 -0.00 0.00 93.78 94.19 90.04 
43.53 0.06 0.06 0.08 0.08 -0.07 -0.07 0.01 -0.01 0.00 93.77 93.35 90.06 
43.63 0.07 0.07 0.07 0.07 -0.10 -0.10 0.01 -0.00 0.00 93.58 94.21 90.06 
43.74 0.06 0.06 0.06 0.06 -0.07 -0.07 0.01 -0.01 0.00 93.67 93.70 90.06 
43.84 0.06 0.06 0.07 0.07 -0.08 -0.08 0.01 -0.01 0.01 93.91 94.33 90.06 
43.94 0.06 0.06 0.07 0.07 -0.04 -0.04 0.01 -0.02 -0.02 93.26 93.44 89.90 
44.04 0.05 0.05 0.08 0.08 -0.04 -0.04 0.01 -0.01 -0.04 93.10 94.56 89.56 
44.15 0.07 0.07 0.08 0.08 -0.07 -0.07 0.01 -0.01 0.01 93.37 93.85 90.07 
44.25 0.06 0.06 0.08 0.08 -0.07 -0.07 0.01 -0.02 0.00 93.73 94.17 90.03 
44.36 0.06 0.06 0.06 0.07 -0.25 -0.24 0.01 -0.03 0.00 93.57 94.70 90.05 
44.46 0.04 0.04 0.07 0.07 0.02 0.01 0.01 -0.04 -0.00 92.35 94.07 89.96 
44.56 0.07 0.07 0.07 0.07 -0.09 -0.09 0.02 -0.01 0.01 93.76 93.76 90.09 
44.69 0.07 0.07 0.07 0.07 -0.11 -0.10 0.02 -0.01 0.01 93.73 94.14 90.06 
44.82 0.03 0.03 0.04 0.04 0.03 0.02 0.01 -0.01 0.00 91.84 92.34 90.06 
44.95 0.07 0.06 0.08 0.08 -0.08 -0.08 0.01 -0.02 0.01 93.63 94.47 90.08 
45.09 0.07 0.07 0.09 0.09 -0.10 -0.10 0.01 0.00 0.01 93.93 95.27 90.06 
45.19 0.06 0.06 0.06 0.06 -0.09 -0.09 0.01 -0.01 0.00 93.79 93.85 90.05 
45.29 0.07 0.07 0.07 0.07 -0.12 -0.12 0.02 -0.02 0.00 93.94 93.72 90.08 
45.39 0.07 0.07 0.07 0.07 -0.14 -0.14 0.02 -0.01 0.01 93.92 93.92 90.07 
45.49 0.06 0.06 0.07 0.07 -0.04 -0.04 0.01 -0.01 0.01 93.36 94.19 90.06 
45.60 0.07 0.07 0.07 0.07 -0.12 -0.12 0.01 -0.01 0.00 93.53 94.38 90.06 
45.70 0.07 0.07 0.07 0.07 -0.12 -0.12 0.02 -0.01 0.00 93.74 93.97 90.05 
45.80 0.07 0.07 0.06 0.06 -0.17 -0.17 0.01 -0.00 0.00 93.53 94.56 90.05 
45.90 0.06 0.06 0.07 0.07 -0.08 -0.08 0.01 -0.01 0.01 93.93 94.35 90.08 
46.01 0.07 0.07 0.06 0.07 -0.12 -0.12 0.01 -0.01 0.01 94.14 93.73 90.06 
46.11 0.06 0.06 0.07 0.07 -0.10 -0.10 0.01 -0.01 0.01 93.57 94.00 90.07 
46.21 0.06 0.06 0.08 0.08 -0.08 -0.08 0.02 -0.00 0.01 93.55 94.39 90.08 
46.31 0.06 0.06 0.08 0.08 -0.07 -0.07 0.01 -0.01 0.00 93.95 94.17 90.05 
46.41 0.06 0.06 0.07 0.07 -0.10 -0.10 0.02 -0.01 0.01 93.71 93.93 90.07 
46.51 0.07 0.07 0.07 0.07 -0.14 -0.14 0.02 -0.01 0.00 93.73 93.95 90.02 
