0 0 0 2.35 0.00000000 0.00000000 0.00 0.00 0.00 0.06 0.08 0.08 0.02 -0.00 0.01 91.06 91.38 90.06 
0 0 0 2.51 0.00000000 0.00000000 0.00 0.00 0.00 0.06 0.08 0.01 0.01 -0.01 0.00 91.04 91.30 90.04 
0 0 0 2.61 0.00000000 0.00000000 0.00 0.00 0.00 0.07 0.07 0.02 0.01 -0.02 0.01 91.16 91.16 90.06 
0 0 0 2.71 0.00000000 0.00000000 0.00 0.00 0.00 0.07 0.07 0.01 0.02 -0.01 0.01 91.12 91.25 90.05 
0 0 0 2.81 0.00000000 0.00000000 0.00 0.00 0.00 0.08 0.07 0.04 0.01 -0.01 0.01 91.31 91.17 90.05 
0 0 0 2.91 0.00000000 0.00000000 0.00 0.00 0.00 0.07 0.07 0.01 0.02 -0.00 0.01 91.17 91.16 90.05 
0 0 0 3.01 0.00000000 0.00000000 0.00 0.00 0.00 0.07 0.07 0.02 0.02 -0.01 0.00 91.19 91.25 90.04 
0 0 0 3.11 0.00000000 0.00000000 0.00 0.00 0.00 0.07 0.07 0.01 0.01 -0.00 0.00 91.11 91.23 90.05 
0 0 0 3.21 0.00000000 0.00000000 0.00 0.00 0.00 0.06 0.07 -0.04 0.01 -0.01 0.00 91.03 91.16 90.04 
0 0 0 3.31 0.00000000 0.00000000 0.00 0.00 0.00 0.06 0.07 0.01 0.01 -0.01 0.01 91.05 91.25 90.06 
0 0 0 3.42 0.00000000 0.00000000 0.00 0.00 0.00 0.05 0.06 -0.06 0.01 -0.02 0.01 90.90 91.10 90.06 
0 0 0 3.52 0.00000000 0.00000000 0.00 0.00 0.00 0.07 0.07 0.04 0.02 -0.00 0.01 91.24 91.24 90.06 
0 0 0 3.62 0.00000000 0.00000000 0.00 0.00 0.00 0.06 0.07 -0.01 0.01 -0.01 0.01 90.98 91.24 90.05 
0 0 0 3.72 0.00000000 0.00000000 0.00 0.00 0.00 0.07 0.08 0.03 0.02 -0.01 0.00 91.18 91.31 90.04 
0 0 0 3.82 0.00000000 0.00000000 0.00 0.00 0.00 0.03 0.08 -0.08 0.01 -0.01 0.01 90.45 91.42 90.06 
0 0 0 3.92 0.00000000 0.00000000 0.00 0.00 0.00 0.06 0.07 -0.02 0.01 -0.01 0.00 91.05 91.18 90.05 
0 0 0 4.02 0.00000000 0.00000000 0.00 0.00 0.00 0.07 0.08 0.06 0.02 -0.00 0.01 91.18 91.37 90.06 
0 0 0 4.12 0.00000000 0.00000000 0.00 0.00 0.00 0.07 0.07 0.02 0.01 -0.01 0.01 91.24 91.17 90.06 
0 0 0 4.22 0.00000000 0.00000000 0.00 0.00 0.00 0.07 0.08 0.02 0.02 -0.00 0.01 91.18 91.30 90.06 
0 0 0 4.32 0.00000000 0.00000000 0.00 0.00 0.00 0.05 0.07 -0.03 0.01 -0.01 0.01 90.91 91.17 90.07 
0 0 0 4.43 0.00000000 0.00000000 0.00 0.00 0.00 0.07 0.08 0.07 0.02 0.00 0.00 91.26 91.32 90.02 
0 0 0 4.53 0.00000000 0.00000000 0.00 0.00 0.00 0.07 0.07 -0.04 -0.00 -0.01 0.01 91.11 91.11 90.06 
0 0 0 4.63 0.00000000 0.00000000 0.00 0.00 0.00 0.07 0.07 -0.02 0.01 -0.01 0.01 91.18 91.17 90.06 
0 0 0 4.73 0.00000000 0.00000000 0.00 0.00 0.00 0.07 0.08 0.05 0.02 -0.01 0.01 91.12 91.31 90.05 
0 0 0 4.83 0.00000000 0.00000000 0.00 0.00 0.00 0.07 0.07 -0.01 0.02 -0.00 0.00 91.17 91.23 90.04 
0 0 0 4.93 0.00000000 0.00000000 0.00 0.00 0.00 0.06 0.08 0.00 0.02 -0.01 0.01 91.04 91.29 90.07 
0 0 0 5.03 0.00000000 0.00000000 0.00 0.00 0.00 0.08 0.07 0.08 0.01 0.00 0.01 91.37 91.24 90.05 
0 0 0 5.13 0.00000000 0.00000000 0.00 0.00 0.00 0.07 0.08 0.05 0.02 -0.00 0.00 91.12 91.44 90.04 
0 0 0 5.23 0.00000000 0.00000000 0.00 0.00 0.00 0.05 0.07 -0.02 -0.00 -0.01 0.00 90.93 91.19 90.05 
0 0 0 5.33 0.00000000 0.00000000 0.00 0.00 0.00 0.06 0.08 0.05 0.01 -0.02 0.00 91.03 91.29 90.04 
0 0 0 5.44 0.00000000 0.00000000 0.00 0.00 0.00 0.07 0.07 -0.04 0.02 -0.01 0.00 91.18 91.11 90.05 
0 0 0 5.54 0.00000000 0.00000000 0.00 0.00 0.00 0.07 0.07 0.00 0.01 -0.01 0.00 91.11 91.24 90.04 
0 0 0 5.64 0.00000000 0.00000000 0.00 0.00 0.00 0.06 0.07 -0.00 0.02 -0.01 0.00 91.05 91.25 90.04 
0 0 0 5.74 0.00000000 0.00000000 0.00 0.00 0.00 0.07 0.08 0.07 0.02 -0.01 0.01 91.11 91.44 90.07 
