2.14 2.62 2.18 0.99  0.61 -0.46 0.17  -0.39 0.47 10.28  91.05 91.05 90.04 
2.29 1.98 1.98 -1.44  0.73 -0.63 0.18  -0.35 0.35 10.20  90.87 90.86 90.03 
2.39 1.95 2.38 0.12  0.82 -0.57 0.30  -0.43 0.35 10.36  90.85 91.04 90.05 
2.49 2.41 2.41 -0.01  0.92 -0.67 0.26  -0.43 0.43 10.24  91.05 91.05 90.05 
2.59 1.96 2.18 -0.68  0.91 -0.31 0.20  -0.39 0.35 10.32  90.86 90.95 90.04 
2.69 2.61 2.61 1.26  0.29 -0.67 0.23  -0.47 0.47 10.32  91.14 91.14 90.04 
2.79 2.40 2.40 0.45  0.71 -0.70 0.32  -0.43 0.43 10.28  91.05 91.05 90.06 
2.89 1.98 2.64 -1.10  0.67 -0.58 0.22  -0.47 0.35 10.20  90.87 91.15 90.04 
2.99 2.20 1.98 0.52  0.75 -0.50 0.13  -0.35 0.39 10.20  90.96 90.86 90.02 
3.09 1.95 2.38 -0.29  1.00 -0.65 0.21  -0.43 0.35 10.40  90.85 91.04 90.04 
3.19 2.84 2.18 -0.33  0.99 -0.48 0.30  -0.39 0.51 10.28  91.24 90.95 90.05 
3.29 2.40 2.61 0.71  0.85 -0.53 0.19  -0.47 0.43 10.32  91.05 91.14 90.03 
3.39 2.40 2.18 -0.21  0.46 -0.45 0.19  -0.39 0.43 10.32  91.05 90.95 90.03 
3.49 1.97 2.41 -1.09  0.74 -0.67 0.22  -0.43 0.35 10.24  90.86 91.05 90.04 
3.59 2.42 2.42 0.40  0.54 -0.45 0.25  -0.43 0.43 10.20  91.06 91.06 90.04 
3.69 2.40 1.96 0.47  0.78 -0.74 0.16  -0.35 0.43 10.32  91.05 90.85 90.03 
3.79 2.19 2.18 -1.09  0.39 -0.88 0.23  -0.39 0.39 10.28  90.95 90.95 90.04 
3.89 2.41 2.41 0.71  0.85 -0.55 0.17  -0.43 0.43 10.24  91.05 91.05 90.03 
4.00 2.62 2.40 0.58  0.52 -0.64 0.17  -0.43 0.47 10.28  91.14 91.05 90.03 
4.10 2.19 2.18 -1.58  0.84 -0.51 0.31  -0.39 0.39 10.28  91.14 90.95 90.04 
4.20 2.64 2.42 0.49  0.65 -0.42 0.16  -0.43 0.47 10.20  90.96 90.86 90.03 
4.30 2.41 1.97 -0.32  0.48 -0.68 0.22  -0.35 0.43 10.24  91.05 90.86 90.04 
4.41 2.65 2.43 -0.30  0.46 -0.84 0.24  -0.43 0.47 10.16  91.16 91.06 90.04 
4.51 2.40 2.39 0.70  0.94 -0.63 0.19  -0.43 0.43 10.32  90.86 91.04 90.03 
4.61 2.64 1.98 0.20  0.67 -0.65 0.18  -0.35 0.47 10.20  91.05 91.23 90.04 
4.72 2.40 2.40 -0.65  0.64 -0.54 0.13  -0.43 0.43 10.28  91.15 90.77 90.03 
4.82 2.83 2.17 0.93  0.63 -0.78 0.35  -0.39 0.51 10.32  91.06 91.16 90.03 
4.92 1.73 2.16 -0.30  0.60 -0.45 0.14  -0.39 0.31 10.40  90.75 90.94 90.02 
5.02 2.39 2.38 -0.52  1.02 -0.38 0.11  -0.43 0.43 10.36  91.04 91.04 90.02 
5.12 2.20 2.42 0.35  0.67 -0.67 0.28  -0.43 0.39 10.20  91.16 90.87 90.03 
5.23 1.75 2.18 -1.31  0.65 -0.53 0.20  -0.39 0.31 10.28  91.15 90.96 90.02 
5.33 2.19 2.18 -1.18  0.63 -0.63 0.26  -0.39 0.39 10.28  91.05 90.76 90.04 
5.44 1.76 2.19 -0.21  0.93 -0.52 0.18  -0.39 0.31 10.24  90.85 91.04 90.02 
5.54 2.41 1.97 -0.36  0.73 -0.57 0.28  -0.35 0.43 10.24  90.86 91.05 90.04 
5.64 2.65 2.43 0.09  0.73 -0.61 0.15  -0.43 0.47 10.16  91.16 91.06 90.03 
5.75 1.97 2.63 0.39  0.81 -0.42 0.08  -0.47 0.35 10.24  91.05 90.96 90.04 
5.85 2.40 2.39 -0.67  0.81 -0.39 0.33  -0.43 0.43 10.32  91.04 91.13 90.05 
5.95 2.63 2.63 -0.35  0.97 -0.42 0.18  -0.47 0.47 10.24  91.14 90.95 90.03 
6.06 2.20 2.42 1.07  1.06 -0.35 0.16  -0.43 0.39 10.20  91.05 90.95 90.03 
6.16 2.40 2.62 -0.46  0.51 -0.56 0.25  -0.47 0.43 10.28  91.24 91.05 90.05 
6.26 2.40 2.39 0.01  0.82 -0.33 0.25  -0.43 0.43 10.32  90.85 90.94 90.04 
6.36 2.56 1.92 0.27  0.60 -0.25 0.25  -0.35 0.47 10.51  91.12 90.84 90.04 
6.47 1.97 2.40 -0.83  0.67 -0.51 0.25  -0.43 0.35 10.28  91.05 90.86 90.04 
6.57 2.19 2.18 -0.50  0.39 -0.24 0.19  -0.39 0.39 10.28  91.05 90.77 90.03 
6.68 2.60 2.60 1.22  0.78 -0.51 0.12  -0.47 0.47 10.36  91.24 90.95 90.03 
6.78 2.85 2.63 0.08  0.92 -0.74 0.16  -0.47 0.51 10.24  91.14 90.86 90.03 
6.89 2.41 2.41 0.37  0.51 -0.88 0.21  -0.43 0.43 10.24  90.86 90.95 90.04 
6.99 1.93 2.57 0.53  0.64 -0.63 0.31  -0.47 0.35 10.47  91.25 90.96 90.04 
7.09 2.17 1.95 -1.09  0.44 -0.69 0.23  -0.35 0.39 10.36  90.95 90.85 90.04 
7.19 2.19 2.63 -0.58  0.44 -0.72 0.21  -0.47 0.39 10.24  90.86 91.04 90.03 
7.30 2.63 2.19 0.43  0.89 -0.82 0.28  -0.39 0.47 10.24  90.95 90.95 90.05 
7.40 2.18 3.26 0.34  0.68 -0.59 0.11  -0.59 0.39 10.32  91.15 90.96 90.04 
7.50 1.95 2.17 -0.65  0.89 -0.70 0.31  -0.39 0.35 10.36  90.95 90.95 90.05 
7.61 2.40 2.40 0.27  0.95 -0.47 0.17  -0.43 0.43 10.28  90.86 91.05 90.03 
7.71 2.63 2.41 -0.21  0.36 -0.74 0.37  -0.43 0.47 10.24  91.14 91.04 90.06 
7.81 2.42 1.98 -0.21  0.43 -0.59 0.15  -0.35 0.43 10.20  91.05 90.96 90.03 
7.92 1.95 1.95 -0.51  0.56 -0.62 0.26  -0.35 0.35 10.36  90.96 91.15 90.05 
8.02 2.41 1.97 -0.66  0.56 -0.20 0.18  -0.35 0.43 10.24  90.86 91.05 90.04 
8.12 3.07 2.19 1.15  0.70 -0.53 0.39  -0.39 0.55 10.24  91.04 91.23 90.05 
8.23 1.77 1.77 -0.51  0.64 -0.51 0.17  -0.31 0.31 10.16  90.74 90.93 90.03 
8.33 1.97 2.19 -1.50  0.83 -0.54 0.21  -0.39 0.35 10.24  90.85 91.13 90.07 
8.43 2.39 2.17 0.65  0.52 -0.51 0.27  -0.39 0.43 10.36  90.86 90.86 90.03 
8.53 2.84 2.40 1.21  0.72 -0.65 0.21  -0.43 0.51 10.28  91.04 90.85 90.03 
8.64 2.19 2.40 -1.05  0.55 -0.39 0.27  -0.43 0.39 10.28  90.86 91.04 90.06 
8.74 2.39 2.17 0.48  0.55 -0.67 0.26  -0.39 0.43 10.36  91.05 91.05 90.01 
8.84 2.40 2.40 -0.02  0.91 -0.46 0.25  -0.43 0.43 10.28  91.06 91.06 90.04 
8.94 2.18 2.83 0.04  0.60 -0.53 0.27  -0.51 0.39 10.32  91.04 91.04 90.05 
9.05 2.63 2.19 0.63  0.91 -0.35 0.14  -0.39 0.47 10.24  90.86 91.05 90.04 
9.15 2.62 2.18 0.05  0.37 -0.60 0.25  -0.39 0.47 10.28  90.96 91.06 90.04 
9.25 2.19 2.41 -0.57  0.43 -0.97 0.32  -0.43 0.39 10.24  90.96 90.86 90.04 
9.35 1.75 1.75 -0.24  0.57 -0.80 0.19  -0.31 0.31 10.28  90.86 90.95 90.04 
9.46 2.37 2.80 0.68  0.55 -0.66 0.24  -0.51 0.43 10.43  90.85 91.04 90.03 
9.56 2.20 2.20 -1.34  0.81 -0.39 0.18  -0.39 0.39 10.20  91.05 90.95 90.03 
9.66 2.18 2.18 0.25  0.89 -0.55 0.12  -0.39 0.39 10.32  91.16 90.87 90.05 
9.76 2.62 2.62 1.01  0.62 -0.38 0.25  -0.47 0.47 10.28  91.15 90.86 90.04 
9.86 1.52 2.39 -1.27  0.72 -0.45 0.17  -0.43 0.27 10.36  90.66 91.04 90.03 
9.97 2.19 1.97 0.06  0.88 -0.21 0.10  -0.35 0.39 10.28  90.95 91.04 90.05 
10.07 2.63 2.19 -0.10  0.77 -0.67 0.27  -0.39 0.47 10.24  91.14 90.95 90.05 
10.17 2.42 1.98 -1.57  0.72 -0.32 0.27  -0.35 0.43 10.20  91.24 90.86 90.02 
10.27 2.17 2.38 -0.42  0.58 -0.41 0.32  -0.43 0.39 10.36  91.05 91.14 90.03 
10.37 2.38 2.16 -0.34  0.91 -0.57 0.25  -0.39 0.43 10.40  90.86 91.14 90.06 
10.48 2.17 2.17 -0.93  0.44 -0.75 0.14  -0.39 0.39 10.36  91.04 91.13 90.04 
10.58 2.43 2.43 0.96  0.74 -0.25 0.17  -0.43 0.43 10.16  91.05 90.85 90.03 
10.68 2.19 1.75 -0.64  0.89 -0.16 0.23  -0.31 0.39 10.28  90.77 90.96 90.03 
10.78 2.16 2.38 -0.48  0.58 -0.53 0.11  -0.43 0.39 10.40  91.05 90.96 90.03 
10.89 2.40 2.62 1.01  0.84 -0.48 0.17  -0.47 0.43 10.28  90.93 90.93 90.01 
10.99 2.63 2.63 0.53  0.81 -0.37 0.21  -0.47 0.47 10.24  91.06 91.06 90.03 
11.09 2.64 1.98 0.11  0.63 -0.74 0.20  -0.35 0.47 10.20  91.15 90.96 90.04 
11.19 2.17 2.38 0.29  0.73 -0.43 0.21  -0.43 0.39 10.36  90.95 91.04 90.04 
11.30 1.97 2.40 -0.98  0.95 -0.35 0.14  -0.43 0.35 10.28  91.01 91.01 90.03 
11.40 2.18 2.18 -1.25  0.95 -0.15 0.19  -0.39 0.39 10.32  91.13 91.03 90.04 
11.50 1.97 1.97 0.23  0.88 -0.58 0.31  -0.35 0.35 10.24  91.15 90.86 90.03 
11.61 2.18 2.18 -0.69  0.79 -0.76 0.24  -0.39 0.39 10.32  90.95 91.14 90.03 
11.71 2.40 1.74 -0.92  0.53 -0.51 0.16  -0.31 0.43 10.32  90.95 91.14 90.04 
11.81 1.95 3.24 0.69  0.61 -0.51 0.22  -0.59 0.35 10.40  91.14 90.48 90.02 
11.92 2.43 2.21 -0.21  0.88 -0.59 0.22  -0.39 0.43 10.16  90.95 90.95 90.04 
12.02 2.41 2.19 0.02  0.60 -0.57 0.19  -0.39 0.43 10.24  91.05 90.95 90.05 
12.12 2.21 2.21 0.90  0.86 -0.74 0.20  -0.39 0.39 10.16  90.95 90.95 90.05 
12.22 2.16 2.38 -0.05  0.65 -0.67 0.15  -0.43 0.39 10.40  90.96 91.06 90.06 
12.32 2.62 2.62 0.53  0.91 -0.53 0.30  -0.47 0.47 10.28  91.03 90.94 90.04 
12.43 2.41 2.41 0.70  0.55 -0.57 0.20  -0.43 0.43 10.24  90.96 91.06 90.02 
12.53 2.18 2.18 -1.52  0.85 -0.47 0.14  -0.39 0.39 10.32  90.95 90.95 90.04 
12.63 1.96 2.18 -1.48  1.24 -0.32 0.24  -0.39 0.35 10.32  90.86 90.95 90.04 
12.73 2.41 2.19 0.49  0.94 -0.49 0.18  -0.39 0.43 10.24  91.14 91.13 90.04 
12.83 2.44 2.22 0.21  0.66 -0.05 0.32  -0.39 0.43 10.12  90.95 90.85 90.02 
12.94 2.40 2.40 -0.39  0.63 -0.53 0.18  -0.43 0.43 10.28  91.06 91.06 90.04 
13.04 2.60 2.38 0.39  0.74 -0.83 0.28  -0.43 0.47 10.36  90.96 90.96 90.05 
13.14 2.62 2.40 -0.17  0.47 -0.51 0.36  -0.43 0.47 10.28  91.04 91.04 90.05 
13.24 2.17 2.38 0.03  1.16 -0.32 0.18  -0.43 0.39 10.36  91.05 91.05 90.03 
13.35 2.21 2.65 1.03  1.02 -0.37 0.18  -0.47 0.39 10.16  91.04 91.13 90.04 
13.45 2.41 2.19 -0.66  0.71 -0.43 0.23  -0.39 0.43 10.24  90.96 91.25 90.02 
13.55 2.16 2.38 0.11  0.85 -0.48 0.32  -0.43 0.39 10.40  90.87 91.06 90.04 
13.65 2.40 2.39 0.83  0.85 -0.77 0.14  -0.43 0.43 10.32  90.86 91.14 90.02 
13.76 2.86 2.42 -0.26  0.84 -0.65 0.29  -0.43 0.51 10.20  91.04 91.04 90.04 
13.86 2.66 1.77 -0.51  0.54 -0.60 0.27  -0.31 0.47 10.12  91.14 91.04 90.04 
13.96 1.75 2.40 -0.36  0.80 -0.56 0.09  -0.43 0.31 10.28  90.76 91.05 90.02 
14.06 2.40 2.18 -0.14  0.80 -0.63 0.31  -0.39 0.43 10.28  90.85 91.13 90.04 
14.16 2.39 2.17 0.36  0.65 -0.84 0.34  -0.39 0.43 10.36  90.76 91.14 90.04 
14.27 2.63 2.19 0.19  1.06 -0.63 0.23  -0.39 0.47 10.24  91.05 90.86 90.05 
14.37 2.42 2.86 -0.45  0.86 -0.51 0.30  -0.51 0.43 10.20  91.05 90.86 90.04 
14.47 1.95 2.59 0.36  0.88 -0.33 0.30  -0.47 0.35 10.40  91.16 91.06 90.04 
14.57 2.39 2.38 1.01  0.75 -0.53 0.29  -0.43 0.43 10.36  90.95 91.13 90.05 
14.68 2.40 2.39 -0.16  0.87 -0.28 0.25  -0.43 0.43 10.32  90.94 90.94 90.03 
14.78 2.22 2.44 0.37  0.61 -0.61 0.27  -0.43 0.39 10.12  91.15 91.06 90.04 
14.89 2.17 2.60 0.27  0.62 -0.53 0.32  -0.47 0.39 10.36  91.05 91.05 90.06 
14.99 2.83 2.39 -0.14  0.63 -0.56 0.22  -0.43 0.51 10.32  90.75 90.94 90.03 
15.09 2.42 2.20 0.47  0.83 -0.37 0.25  -0.39 0.43 10.20  91.14 91.04 90.03 
15.19 2.64 1.98 0.39  0.77 -0.49 0.18  -0.35 0.47 10.20  91.15 91.05 90.03 
15.29 2.01 2.00 -1.27  0.64 -0.81 0.18  -0.35 0.35 10.08  91.05 91.05 90.06 
15.40 1.93 2.36 -0.02  0.32 -0.87 0.18  -0.43 0.35 10.47  90.98 90.98 90.02 
15.50 2.83 2.39 0.46  0.68 -0.69 0.24  -0.43 0.51 10.32  90.95 90.95 90.04 
15.60 3.04 2.17 -0.16  0.67 -0.61 0.22  -0.39 0.55 10.36  90.95 91.13 90.06 
15.71 2.21 2.43 0.38  0.49 -0.57 0.11  -0.43 0.39 10.16  90.94 90.66 90.03 
15.81 1.97 2.84 0.54  0.82 -0.49 0.18  -0.51 0.35 10.28  90.96 90.96 90.03 
15.91 1.47 2.52 -1.44  0.46 -0.33 0.23  -0.47 0.27 10.71  90.74 90.65 90.01 
16.01 2.40 1.96 -0.27  0.56 -0.64 0.18  -0.35 0.43 10.32  91.05 90.85 90.03 
16.11 2.19 2.63 0.15  0.72 -0.40 0.21  -0.47 0.39 10.24  91.05 91.05 90.03 
16.21 3.17 1.36 -0.44  0.39 -1.44 0.18  -0.24 0.55 9.92  90.98 90.49 90.03 
16.31 1.98 1.98 -0.28  0.73 -0.68 0.32  -0.35 0.35 10.20  90.86 91.33 90.05 
16.41 2.15 2.58 0.26  0.61 -0.72 0.26  -0.47 0.39 10.43  90.96 90.77 90.05 
16.51 2.58 1.94 -0.72  0.79 -0.67 0.20  -0.35 0.47 10.43  90.96 91.05 90.02 
16.61 2.63 2.41 0.88  0.59 -0.45 0.30  -0.43 0.47 10.24  91.04 91.04 90.04 
16.72 2.43 1.99 0.22  1.02 -0.34 0.17  -0.35 0.43 10.16  91.14 90.95 90.02 
16.82 1.74 2.17 -1.70  0.86 -0.49 0.18  -0.39 0.31 10.36  91.06 90.87 90.04 
16.92 2.17 2.17 0.66  0.79 -0.26 0.19  -0.39 0.39 10.36  91.05 91.05 90.04 
17.02 2.38 2.81 0.78  0.39 -0.39 0.20  -0.51 0.43 10.40  91.14 91.04 90.04 
17.12 2.62 1.97 -0.20  0.46 -0.75 0.20  -0.35 0.47 10.28  91.23 91.13 90.03 
17.22 2.40 2.40 -0.01  0.69 -0.18 0.23  -0.43 0.43 10.28  91.15 90.86 90.04 
17.32 2.43 1.99 -0.48  0.75 -0.42 0.25  -0.35 0.43 10.16  91.06 90.87 90.04 
17.43 1.99 1.99 -1.41  0.41 -0.65 0.25  -0.35 0.35 10.16  90.95 91.05 90.04 
17.53 2.40 2.61 1.00  0.61 -0.50 0.21  -0.47 0.43 10.32  90.85 90.95 90.04 
17.63 1.75 1.75 -0.32  0.68 -0.70 0.25  -0.31 0.31 10.28  90.94 91.22 90.05 
17.73 2.20 2.20 -0.98  0.59 -0.79 0.19  -0.39 0.39 10.20  91.14 90.95 90.03 
17.83 1.97 1.97 0.01  0.59 -0.70 0.26  -0.35 0.35 10.28  91.06 91.06 90.07 
17.93 1.96 2.18 -0.65  1.00 -0.48 0.26  -0.39 0.35 10.32  90.95 91.04 90.06 
18.03 1.97 2.40 -1.18  0.74 -0.47 0.09  -0.43 0.35 10.28  91.04 90.95 90.03 
18.14 2.18 2.39 0.36  0.58 -0.66 0.22  -0.43 0.39 10.32  91.05 91.05 90.04 
18.24 2.20 1.98 -0.09  0.27 -0.39 0.19  -0.35 0.39 10.20  91.04 91.04 90.03 
18.34 3.26 2.39 0.37  0.58 -0.46 0.07  -0.43 0.59 10.32  90.96 91.05 90.04 
18.44 2.61 3.48 1.41  0.52 -0.70 0.28  -0.63 0.47 10.32  91.98 91.28 90.04 
18.54 2.22 2.22 0.00  1.08 -0.67 0.27  -0.39 0.39 10.12  91.04 91.04 90.06 
18.64 2.19 2.41 -0.94  0.86 -0.86 0.19  -0.43 0.39 10.24  90.86 91.04 90.02 
18.74 2.36 2.57 0.91  0.91 -0.72 0.38  -0.47 0.43 10.47  91.03 91.12 90.07 
18.84 2.40 2.62 1.14  0.68 -0.53 0.30  -0.47 0.43 10.28  91.14 91.05 90.05 
18.95 2.20 1.98 -0.73  0.72 -0.25 0.23  -0.35 0.39 10.20  91.07 91.06 90.05 
19.05 2.43 2.43 0.55  0.82 -0.27 0.16  -0.43 0.43 10.16  90.95 90.85 90.03 
19.15 2.65 2.65 0.57  0.70 -0.80 0.13  -0.47 0.47 10.16  90.96 90.96 90.05 
19.25 2.40 2.39 -1.03  0.51 -0.93 0.22  -0.43 0.43 10.32  91.04 90.95 90.03 
19.35 2.85 3.07 1.88  0.77 -0.89 0.16  -0.55 0.51 10.24  91.13 91.04 90.06 
19.45 2.40 2.62 0.20  0.59 -0.21 0.04  -0.47 0.43 10.28  90.86 91.05 90.03 
19.58 2.19 2.41 -0.35  0.72 -0.47 0.24  -0.43 0.39 10.24  90.96 91.05 90.04 
19.71 2.82 2.60 0.89  0.61 -0.49 0.28  -0.47 0.51 10.36  91.23 91.13 90.05 
19.84 1.72 3.01 -0.47  0.62 -0.45 0.25  -0.55 0.31 10.43  90.75 91.31 90.04 
19.97 2.61 2.39 1.16  0.70 -0.45 0.33  -0.43 0.47 10.32  91.14 91.04 90.06 
20.07 2.39 1.95 -0.34  0.65 -0.42 0.20  -0.35 0.43 10.36  91.05 91.05 90.04 
20.18 2.19 2.40 -0.71  0.68 -0.76 0.29  -0.43 0.39 10.28  91.24 90.95 90.04 
20.28 2.40 2.40 0.54  0.63 -0.62 0.25  -0.43 0.43 10.28  91.05 91.05 90.04 
20.38 2.41 1.97 -0.80  0.95 -0.15 0.13  -0.35 0.43 10.24  91.14 90.85 90.04 
20.48 1.53 2.40 -1.42  0.67 -0.36 0.10  -0.43 0.27 10.28  90.77 91.15 90.04 
20.58 2.40 2.18 0.58  0.67 -0.74 0.20  -0.39 0.43 10.32  90.87 90.77 90.05 
20.68 2.40 2.18 -0.39  0.73 -0.53 0.25  -0.39 0.43 10.28  91.05 90.76 90.06 
20.78 2.41 2.41 -0.48  0.36 -0.40 0.32  -0.43 0.43 10.24  91.03 91.03 90.05 
20.88 1.76 1.32 -1.08  0.91 -0.55 0.07  -0.24 0.31 10.24  90.77 90.57 90.01 
20.99 2.64 2.42 0.10  0.87 -0.63 0.26  -0.43 0.47 10.20  91.05 91.04 90.04 
21.09 2.61 2.18 -0.05  0.78 -0.73 0.18  -0.39 0.47 10.32  91.06 91.16 90.04 
21.19 2.18 1.96 -0.19  0.37 -0.62 0.20  -0.35 0.39 10.32  91.24 90.96 90.04 
21.29 2.16 2.81 -0.05  0.46 -0.45 0.11  -0.51 0.39 10.40  90.94 90.94 90.02 
21.39 2.41 2.63 -0.16  1.05 -0.67 0.21  -0.47 0.43 10.24  91.05 90.86 90.03 
21.49 2.39 2.17 0.16  0.69 -0.53 0.31  -0.39 0.43 10.36  91.05 91.05 90.02 
21.59 1.75 2.18 -0.92  0.70 -0.45 0.14  -0.39 0.31 10.28  90.76 90.95 90.02 
21.69 2.40 2.18 -0.37  0.50 -0.65 0.17  -0.39 0.43 10.28  91.05 91.05 90.02 
21.79 1.96 2.18 0.52  0.55 -0.67 0.31  -0.39 0.35 10.32  90.96 90.86 90.03 
21.89 2.62 2.40 0.75  0.55 -0.86 0.24  -0.43 0.47 10.28  90.96 91.15 90.02 
21.99 1.69 2.32 -0.95  0.80 0.81 0.12  -0.43 0.31 10.63  90.83 92.20 90.05 
22.09 2.86 2.64 1.34  0.92 -0.51 0.20  -0.47 0.51 10.20  90.75 90.75 90.01 
22.19 2.20 2.42 -0.66  1.37 0.34 0.08  -0.43 0.39 10.20  91.04 91.22 90.02 
22.30 0.22 3.49 -1.95  0.70 -0.62 0.25  -0.63 0.04 10.28  91.28 89.15 90.04 
22.40 2.20 2.86 1.00  1.07 -0.51 0.11  -0.51 0.39 10.20  91.07 90.87 90.03 
22.50 2.19 2.84 -0.43  1.58 0.47 0.16  -0.51 0.39 10.28  91.15 90.67 90.04 
22.60 3.39 1.81 0.44  0.75 0.03 0.43  -0.31 0.59 9.92  91.45 91.26 90.03 
22.70 2.67 1.78 0.07  0.79 -0.54 0.15  -0.31 0.47 10.08  91.15 91.06 90.04 
22.80 2.41 2.63 -0.12  0.71 -0.37 0.22  -0.47 0.43 10.24  90.86 90.85 90.04 
22.90 0.86 1.94 -1.82  0.91 -0.74 0.20  -0.35 0.16 10.43  90.38 90.85 90.04 
23.00 2.40 1.97 0.83  0.78 -0.78 0.16  -0.35 0.43 10.28  90.95 91.05 90.02 
23.10 2.64 2.42 0.46  0.53 -0.34 0.23  -0.43 0.47 10.20  90.95 91.14 90.04 
23.20 2.21 2.43 -0.57  0.70 -0.60 0.18  -0.43 0.39 10.16  90.86 90.96 90.03 
23.31 1.95 2.17 0.44  0.68 -0.60 0.19  -0.39 0.35 10.36  91.06 90.96 90.05 
23.41 2.18 2.61 -0.73  0.82 -0.48 0.10  -0.47 0.39 10.32  91.06 91.06 90.02 
23.51 1.97 2.63 -0.79  0.67 -0.52 0.19  -0.47 0.35 10.24  91.05 91.05 90.06 
23.61 1.96 2.18 0.11  0.69 -0.64 0.18  -0.39 0.35 10.32  90.86 90.95 90.03 
23.71 2.40 2.83 0.43  0.74 -0.51 0.16  -0.51 0.43 10.32  90.96 90.77 90.02 
23.81 2.40 2.18 -0.26  0.66 -0.50 0.27  -0.39 0.43 10.32  91.05 90.95 90.05 
23.91 2.40 2.18 0.59  0.67 -0.69 0.33  -0.39 0.43 10.28  91.14 91.24 90.02 
24.01 2.40 2.39 -0.44  0.59 -0.67 0.30  -0.43 0.43 10.32  91.04 91.04 90.03 
24.11 2.20 2.42 -0.53  0.87 -0.60 0.18  -0.43 0.39 10.20  90.96 91.05 90.03 
24.22 2.42 2.64 1.08  0.46 -0.63 0.13  -0.47 0.43 10.20  90.94 91.22 90.06 
24.32 2.63 2.19 -0.34  0.60 -0.86 0.28  -0.39 0.47 10.24  91.04 91.13 90.04 
24.42 2.63 2.63 -0.39  0.25 -0.61 0.30  -0.47 0.47 10.24  90.87 91.06 90.05 
24.52 2.61 2.18 0.71  0.71 -0.63 0.27  -0.39 0.47 10.32  90.96 91.15 90.05 
24.62 2.40 2.84 0.14  0.60 -0.39 0.33  -0.51 0.43 10.28  91.06 91.15 90.04 
24.72 1.97 2.41 -0.62  0.64 -0.65 0.18  -0.43 0.35 10.24  90.96 91.06 90.02 
24.82 2.19 2.41 0.78  0.71 -0.60 0.27  -0.43 0.39 10.24  91.05 91.15 90.05 
24.93 2.87 1.99 -0.17  0.66 -0.64 0.26  -0.35 0.51 10.16  91.25 90.87 90.02 
25.03 1.76 2.42 -0.45  0.69 -0.53 0.31  -0.43 0.31 10.20  91.15 90.96 90.05 
25.13 1.52 2.17 0.09  0.74 -0.75 0.25  -0.39 0.27 10.36  91.16 91.06 90.03 
25.23 1.96 2.83 -0.90  0.47 -0.82 0.11  -0.51 0.35 10.32  90.76 90.95 90.02 
25.33 2.40 2.18 -0.30  0.74 -0.63 0.25  -0.39 0.43 10.28  90.94 91.13 90.03 
25.43 2.19 2.18 0.29  0.46 -0.64 0.26  -0.39 0.39 10.28  91.06 90.86 90.06 
25.53 2.16 2.59 -0.35  0.77 -0.22 0.19  -0.47 0.39 10.40  91.06 90.87 90.04 
25.63 2.19 2.41 -0.14  0.67 -0.87 0.35  -0.43 0.39 10.24  90.96 91.05 90.06 
25.73 2.83 2.83 2.00  0.52 -0.33 0.23  -0.51 0.51 10.32  91.14 91.04 90.04 
25.83 3.14 2.24 0.20  0.55 -0.03 0.24  -0.39 0.55 10.00  91.66 90.97 90.04 
25.93 2.40 1.74 -0.14  0.81 -0.25 0.19  -0.31 0.43 10.32  91.04 91.13 90.04 
26.03 1.94 2.15 0.10  0.65 -0.33 0.20  -0.39 0.35 10.43  91.07 91.16 90.05 
26.14 1.97 2.62 -0.54  0.81 -0.73 0.18  -0.47 0.35 10.28  91.05 90.77 90.03 
26.24 2.21 2.21 -0.44  0.67 -0.51 0.27  -0.39 0.39 10.16  90.85 91.13 90.03 
26.34 2.57 1.93 0.43  0.69 -0.20 0.15  -0.35 0.47 10.47  90.95 91.14 90.04 
26.44 2.62 2.40 -0.10  0.68 -0.70 0.20  -0.43 0.47 10.28  91.14 91.04 90.05 
26.54 2.19 1.97 -0.38  0.77 -0.48 0.11  -0.35 0.39 10.24  91.15 91.05 90.03 
26.64 2.45 2.00 0.98  0.52 -0.53 0.22  -0.35 0.43 10.08  91.05 90.76 90.03 
26.74 1.96 2.61 -0.74  0.24 -0.67 0.36  -0.47 0.35 10.32  91.17 90.97 90.04 
26.84 1.97 2.40 -0.01  0.89 -0.36 0.16  -0.43 0.35 10.28  91.05 90.67 90.03 
26.95 2.18 2.61 0.50  0.59 -0.45 0.17  -0.47 0.39 10.32  90.86 91.05 90.03 
27.05 2.42 2.20 -0.73  0.46 -0.43 0.24  -0.39 0.43 10.20  90.95 90.95 90.04 
27.15 2.63 1.97 -0.18  0.81 -0.45 0.26  -0.35 0.47 10.24  91.14 91.04 90.05 
27.25 1.96 2.39 0.57  0.46 -0.66 0.23  -0.43 0.35 10.32  91.05 90.95 90.03 
27.35 1.95 2.38 -0.72  0.87 -0.69 0.13  -0.43 0.35 10.36  90.95 91.14 90.02 
27.45 2.38 2.59 0.26  0.53 -0.51 0.18  -0.47 0.43 10.40  90.95 90.95 90.04 
27.55 2.21 2.43 -144.81  0.96 -0.53 0.22  -0.43 0.39 10.16  91.15 91.15 90.05 
27.65 2.64 2.42 -0.10  0.65 -0.45 0.31  -0.43 0.47 10.20  91.15 91.06 90.05 
27.75 2.19 2.62 0.54  0.53 -0.62 0.22  -0.47 0.39 10.28  91.05 90.96 90.04 
27.85 2.16 2.38 0.39  0.76 -0.71 0.18  -0.43 0.39 10.40  90.96 90.86 90.05 
27.95 2.39 2.60 -0.56  0.88 -0.47 0.17  -0.47 0.43 10.36  90.86 91.05 90.04 
28.06 2.85 2.19 0.26  1.28 -0.23 0.21  -0.39 0.51 10.24  90.77 91.15 90.02 
28.16 2.43 2.87 0.91  0.65 -0.62 0.10  -0.51 0.43 10.16  90.86 91.05 90.05 
28.26 2.22 2.00 -0.74  0.95 -0.54 0.26  -0.35 0.39 10.12  90.97 90.87 90.06 
28.36 1.95 2.38 -0.46  0.61 -0.34 0.23  -0.43 0.35 10.36  90.95 90.95 90.04 
28.46 2.63 1.97 0.65  0.77 -0.44 0.27  -0.35 0.47 10.24  91.04 90.94 90.02 
28.56 2.84 2.18 -0.03  0.36 -0.63 0.29  -0.39 0.51 10.28  91.04 91.22 90.04 
28.66 2.17 1.73 -0.37  0.94 -0.60 0.13  -0.31 0.39 10.36  91.14 91.04 90.04 
28.76 2.63 2.41 0.87  0.70 -0.38 0.18  -0.43 0.47 10.24  91.06 90.86 90.04 
28.86 2.17 2.38 -0.96  0.67 -0.70 0.25  -0.43 0.39 10.36  91.15 90.96 90.05 
28.97 2.84 2.18 0.37  0.90 -0.40 0.17  -0.39 0.51 10.28  91.12 91.12 90.02 
29.07 2.42 1.98 0.58  0.88 -0.25 0.14  -0.35 0.43 10.20  90.85 90.95 90.01 
29.17 2.18 2.39 -0.52  0.21 -0.53 0.22  -0.43 0.39 10.32  91.05 91.05 90.04 
29.27 2.86 2.20 0.06  0.82 -0.67 0.26  -0.39 0.51 10.20  91.04 91.13 90.03 
29.37 2.40 2.18 0.04  0.53 -0.46 0.08  -0.39 0.43 10.32  91.14 90.85 90.03 
29.47 1.95 2.59 -0.85  0.72 -0.38 0.14  -0.47 0.35 10.40  91.05 90.96 90.03 
29.57 2.16 2.16 -0.19  0.64 -0.62 0.19  -0.39 0.39 10.40  90.86 91.04 90.03 
29.68 2.63 2.19 1.37  0.67 -0.67 0.33  -0.39 0.47 10.24  90.86 91.05 90.04 
29.78 2.41 2.19 -0.62  0.86 -0.32 0.23  -0.39 0.43 10.24  91.25 90.87 90.03 
29.88 2.39 2.60 -0.03  0.51 -0.60 0.30  -0.47 0.43 10.36  91.14 90.95 90.06 
29.98 1.74 2.17 -0.32  0.74 -0.69 0.34  -0.39 0.31 10.36  90.95 90.95 90.06 
30.08 2.40 2.40 -0.18  0.70 -0.40 0.29  -0.43 0.43 10.28  91.04 91.04 90.04 
30.18 2.40 2.39 -0.05  0.70 -0.61 0.30  -0.43 0.43 10.32  90.93 90.93 90.05 
30.28 2.41 2.19 0.27  0.33 -0.39 0.18  -0.39 0.43 10.24  91.05 91.05 90.04 
30.38 1.97 2.63 -1.24  0.81 -0.32 0.11  -0.47 0.35 10.24  90.86 91.15 90.02 
30.48 2.41 1.97 0.29  0.72 -0.34 0.13  -0.35 0.43 10.24  90.93 91.12 90.03 
30.58 2.56 2.35 0.78  0.85 -0.54 0.22  -0.43 0.47 10.51  91.15 91.05 90.04 
30.68 2.61 2.61 -0.15  0.69 -0.56 0.28  -0.47 0.47 10.32  90.85 90.94 90.04 
30.78 1.96 2.39 -0.74  0.86 -0.24 0.10  -0.43 0.35 10.32  91.05 90.95 90.05 
30.89 2.45 2.00 0.48  0.38 -0.44 0.22  -0.35 0.43 10.08  91.13 91.04 90.04 
30.99 2.42 2.20 -0.39  0.57 -0.72 0.18  -0.39 0.43 10.20  91.05 90.96 90.05 
31.09 2.42 2.20 0.06  0.63 -0.42 0.18  -0.39 0.43 10.20  91.06 90.96 90.03 
31.19 1.74 2.61 -0.12  0.80 -0.64 0.18  -0.47 0.31 10.32  90.86 90.85 90.05 
31.29 1.98 2.20 -1.20  0.59 -0.64 0.25  -0.39 0.35 10.20  90.86 90.86 90.05 
31.39 2.85 2.19 0.70  0.81 -0.32 0.23  -0.39 0.51 10.24  91.14 91.04 90.03 
31.49 1.99 2.43 0.75  0.74 -0.59 0.21  -0.43 0.35 10.16  91.05 91.14 90.04 
31.59 1.51 2.38 -1.61  0.44 -0.49 0.19  -0.43 0.27 10.40  91.16 91.06 90.04 
31.69 1.95 2.17 -0.99  0.94 -0.47 0.21  -0.39 0.35 10.36  90.85 90.95 90.04 
31.79 2.61 1.96 0.24  0.50 -0.39 0.18  -0.35 0.47 10.32  91.14 90.85 90.01 
31.89 2.60 2.17 -0.33  0.85 -0.66 0.21  -0.39 0.47 10.36  91.04 91.04 90.03 
31.99 2.42 2.20 -0.00  0.81 -0.32 0.26  -0.39 0.43 10.20  91.14 91.04 90.06 
32.10 1.95 2.38 -0.03  0.61 -0.53 0.12  -0.43 0.35 10.40  90.86 90.95 90.02 
32.20 2.59 2.16 -0.04  0.68 -0.54 0.32  -0.39 0.47 10.40  91.15 90.96 90.04 
32.30 2.61 3.04 1.09  0.64 -0.67 0.29  -0.55 0.47 10.32  90.95 90.95 90.03 
