0 0 0 0 0 0 1.56 0 0.00000000 0.00000000 0.00 0.00 0.00 0.00 0.00 0.00 
0 0 0 0 0 0 1.65 0 0.00000000 0.00000000 0.00 0.00 0.00 0.00 0.00 0.00 
0 0 0 0 0 0 1.67 0 0.00000000 0.00000000 0.00 0.00 0.00 0.00 0.00 0.00 
0 0 0 0 0 0 1.70 0 0.00000000 0.00000000 0.00 0.00 0.00 0.00 0.00 0.00 
0 0 0 0 0 0 1.72 0 0.00000000 0.00000000 0.00 0.00 0.00 0.00 0.00 0.00 
0 0 0 0 0 0 1.74 0 0.00000000 0.00000000 0.00 0.00 0.00 0.00 0.00 0.00 
0 0 0 0 0 0 1.76 0 0.00000000 0.00000000 0.00 0.00 0.00 0.00 0.00 0.00 
0 0 0 0 0 0 1.78 0 0.00000000 0.00000000 0.00 0.00 0.00 0.00 0.00 0.00 
0 0 0 0 0 0 1.81 0 0.00000000 0.00000000 0.00 0.00 0.00 0.00 0.00 0.00 
0 0 0 0 0 0 1.84 0 0.00000000 0.00000000 0.00 0.00 0.00 0.00 0.00 0.00 
0 0 0 0 0 0 1.86 0 0.00000000 0.00000000 0.00 0.00 0.00 0.00 0.00 0.00 
0 0 0 0 0 0 1.88 0 0.00000000 0.00000000 0.00 0.00 0.00 0.00 0.00 0.00 
0 0 0 0 0 0 1.90 0 0.00000000 0.00000000 0.00 0.00 0.00 0.00 0.00 0.00 
0 0 0 0 0 0 1.92 0 0.00000000 0.00000000 0.00 0.00 0.00 0.00 0.00 0.00 
0 0 0 0 0 0 1.95 0 0.00000000 0.00000000 0.00 0.00 0.00 0.00 0.00 0.00 
0 0 0 0 0 0 1.97 0 0.00000000 0.00000000 0.00 0.00 0.00 0.00 0.00 0.00 
0 0 0 0 0 0 2.00 0 0.00000000 0.00000000 0.00 0.00 0.00 0.00 0.00 0.00 
0 0 0 0 0 0 2.02 0 0.00000000 0.00000000 0.00 0.00 0.00 58.89 41.97 90.00 
0 0 0 0 0 0 2.05 0 0.00000000 0.00000000 0.00 0.00 0.00 58.89 41.97 90.00 
0 0 0 0 0 0 2.07 0 0.00000000 0.00000000 0.00 0.00 0.00 58.89 41.97 90.00 
0 0 0 0 0 0 2.09 0 0.00000000 0.00000000 0.00 0.00 0.00 58.89 41.97 90.00 
0 0 0 0 0 0 2.11 0 0.00000000 0.00000000 0.00 0.00 0.00 58.89 41.97 90.00 
0 0 0 0 0 0 2.14 0 0.00000000 0.00000000 0.00 0.00 0.00 58.89 41.97 90.00 
0 0 0 0 0 0 2.16 0 0.00000000 0.00000000 0.00 0.00 0.00 58.89 41.97 90.00 
0 0 0 0 0 0 2.19 0 0.00000000 0.00000000 0.00 0.00 0.00 58.89 41.97 90.00 
0 0 0 0 0 0 2.21 0 0.00000000 0.00000000 0.00 0.00 0.00 58.89 41.97 90.00 
0 0 0 0 0 0 2.23 0 0.00000000 0.00000000 0.00 0.00 0.00 58.89 41.97 90.00 
0 0 0 0 0 0 2.26 0 0.00000000 0.00000000 0.00 0.00 0.00 58.89 41.97 90.00 
0 0 0 0 0 0 2.28 0 0.00000000 0.00000000 0.00 0.00 0.00 58.89 41.97 90.00 
0 0 0 0 0 0 2.31 0 0.00000000 0.00000000 0.00 0.00 0.00 58.89 41.97 90.00 
0 0 0 0 0 0 2.33 0 0.00000000 0.00000000 0.00 0.00 0.00 58.89 41.97 90.00 
0 0 0 0 0 0 2.35 0 0.00000000 0.00000000 0.00 0.00 0.00 58.89 41.97 90.00 
0 0 0 0 0 0 2.37 0 0.00000000 0.00000000 0.00 0.00 0.00 58.89 41.97 90.00 
0 0 0 0 0 0 2.40 0 0.00000000 0.00000000 0.00 0.00 0.00 58.89 41.97 90.00 
0 0 0 0 0 0 2.42 0 0.00000000 0.00000000 0.00 0.00 0.00 58.89 41.97 90.00 
0 0 0 0 0 0 2.45 0 0.00000000 0.00000000 0.00 0.00 0.00 58.89 41.97 90.00 
0 0 0 0 0 0 2.47 0 0.00000000 0.00000000 0.00 0.00 0.00 58.89 41.97 90.00 
0 0 0 0 0 0 2.49 0 0.00000000 0.00000000 0.00 0.00 0.00 58.89 41.97 90.00 
0 0 0 0 0 0 2.51 0 0.00000000 0.00000000 0.00 0.00 0.00 58.89 41.97 90.00 
0 0 0 0 0 0 2.54 0 0.00000000 0.00000000 0.00 0.00 0.00 58.89 41.97 90.00 
0 0 0 0 0 0 2.56 0 0.00000000 0.00000000 0.00 0.00 0.00 58.89 41.97 90.00 
0 0 0 0 0 0 2.58 0 0.00000000 0.00000000 0.00 0.00 0.00 58.89 41.97 90.00 
0 0 0 0 0 0 2.61 0 0.00000000 0.00000000 0.00 0.00 0.00 58.89 41.97 90.00 
0 0 0 0 0 0 2.63 0 0.00000000 0.00000000 0.00 0.00 0.00 58.89 41.97 90.00 
0 0 0 0 0 0 2.66 0 0.00000000 0.00000000 0.00 0.00 0.00 58.89 41.97 90.00 
0 0 0 0 0 0 2.69 0 0.00000000 0.00000000 0.00 0.00 0.00 58.89 41.97 90.00 
0 0 0 0 0 0 2.72 0 0.00000000 0.00000000 0.00 0.00 0.00 58.89 41.97 90.00 
0 0 0 0 0 0 2.75 0 0.00000000 0.00000000 0.00 0.00 0.00 58.89 41.97 90.00 
0 0 0 0 0 0 2.77 0 0.00000000 0.00000000 0.00 0.00 0.00 58.89 41.97 90.00 
0 0 0 0 0 0 2.80 0 0.00000000 0.00000000 0.00 0.00 0.00 58.89 41.97 90.00 
0 0 0 0 0 0 2.82 0 0.00000000 0.00000000 0.00 0.00 0.00 58.89 41.97 90.00 
0 0 0 0 0 0 2.84 0 0.00000000 0.00000000 0.00 0.00 0.00 58.89 41.97 90.00 
0 0 0 0 0 0 2.87 0 0.00000000 0.00000000 0.00 0.00 0.00 58.89 41.97 90.00 
0 0 0 0 0 0 2.89 0 0.00000000 0.00000000 0.00 0.00 0.00 58.89 41.97 90.00 
0 0 0 0 0 0 2.91 0 0.00000000 0.00000000 0.00 0.00 0.00 58.89 41.97 90.00 
0 0 0 0 0 0 2.93 0 0.00000000 0.00000000 0.00 0.00 0.00 58.89 41.97 90.00 
0 0 0 0 0 0 2.97 0 0.00000000 0.00000000 0.00 0.00 0.00 58.89 41.97 90.00 
0 0 0 0 0 0 2.99 0 0.00000000 0.00000000 0.00 0.00 0.00 58.89 41.97 90.00 
0 0 0 0 0 0 3.02 0 0.00000000 0.00000000 0.00 0.00 0.00 59.53 41.31 90.00 
0 0 0 0 0 0 3.04 0 0.00000000 0.00000000 0.00 0.00 0.00 59.53 41.31 90.00 
0 0 0 0 0 0 3.07 0 0.00000000 0.00000000 0.00 0.00 0.00 59.53 41.31 90.00 
0 0 0 0 0 0 3.09 0 0.00000000 0.00000000 0.00 0.00 0.00 59.53 41.31 90.00 
0 0 0 0 0 0 3.11 0 0.00000000 0.00000000 0.00 0.00 0.00 59.53 41.31 90.00 
0 0 0 0 0 0 3.14 0 0.00000000 0.00000000 0.00 0.00 0.00 59.53 41.31 90.00 
0 0 0 0 0 0 3.16 0 0.00000000 0.00000000 0.00 0.00 0.00 59.53 41.31 90.00 
0 0 0 0 0 0 3.19 0 0.00000000 0.00000000 0.00 0.00 0.00 59.53 41.31 90.00 
0 0 0 0 0 0 3.21 0 0.00000000 0.00000000 0.00 0.00 0.00 59.53 41.31 90.00 
0 0 0 0 0 0 3.23 0 0.00000000 0.00000000 0.00 0.00 0.00 59.53 41.31 90.00 
0 0 0 0 0 0 3.25 0 0.00000000 0.00000000 0.00 0.00 0.00 59.53 41.31 90.00 
0 0 0 0 0 0 3.28 0 0.00000000 0.00000000 0.00 0.00 0.00 59.53 41.31 90.00 
0 0 0 0 0 0 3.30 0 0.00000000 0.00000000 0.00 0.00 0.00 59.53 41.31 90.00 
0 0 0 0 0 0 3.33 0 0.00000000 0.00000000 0.00 0.00 0.00 59.53 41.31 90.00 
0 0 0 0 0 0 3.35 0 0.00000000 0.00000000 0.00 0.00 0.00 59.53 41.31 90.00 
0 0 0 0 0 0 3.37 0 0.00000000 0.00000000 0.00 0.00 0.00 59.53 41.31 90.00 
0 0 0 0 0 0 3.40 0 0.00000000 0.00000000 0.00 0.00 0.00 59.53 41.31 90.00 
0 0 0 0 0 0 3.42 0 0.00000000 0.00000000 0.00 0.00 0.00 59.53 41.31 90.00 
0 0 0 0 0 0 3.44 0 0.00000000 0.00000000 0.00 0.00 0.00 59.53 41.31 90.00 
0 0 0 0 0 0 3.47 0 0.00000000 0.00000000 0.00 0.00 0.00 59.53 41.31 90.00 
0 0 0 0 0 0 3.49 0 0.00000000 0.00000000 0.00 0.00 0.00 59.53 41.31 90.00 
0 0 0 0 0 0 3.51 0 0.00000000 0.00000000 0.00 0.00 0.00 59.53 41.31 90.00 
0 0 0 0 0 0 3.54 0 0.00000000 0.00000000 0.00 0.00 0.00 59.53 41.31 90.00 
0 0 0 0 0 0 3.56 0 0.00000000 0.00000000 0.00 0.00 0.00 59.53 41.31 90.00 
0 0 0 0 0 0 3.58 0 0.00000000 0.00000000 0.00 0.00 0.00 59.53 41.31 90.00 
0 0 0 0 0 0 3.61 0 0.00000000 0.00000000 0.00 0.00 0.00 59.53 41.31 90.00 
0 0 0 0 0 0 3.63 0 0.00000000 0.00000000 0.00 0.00 0.00 59.53 41.31 90.00 
0 0 0 0 0 0 3.65 0 0.00000000 0.00000000 0.00 0.00 0.00 59.53 41.31 90.00 
0 0 0 0 0 0 3.68 0 0.00000000 0.00000000 0.00 0.00 0.00 59.53 41.31 90.00 
0 0 0 0 0 0 3.70 0 0.00000000 0.00000000 0.00 0.00 0.00 59.53 41.31 90.00 
0 0 0 0 0 0 3.72 0 0.00000000 0.00000000 0.00 0.00 0.00 59.53 41.31 90.00 
0 0 0 0 0 0 3.75 0 0.00000000 0.00000000 0.00 0.00 0.00 59.53 41.31 90.00 
0 0 0 0 0 0 3.77 0 0.00000000 0.00000000 0.00 0.00 0.00 59.53 41.31 90.00 
0 0 0 0 0 0 3.80 0 0.00000000 0.00000000 0.00 0.00 0.00 59.53 41.31 90.00 
0 0 0 0 0 0 3.82 0 0.00000000 0.00000000 0.00 0.00 0.00 59.53 41.31 90.00 
0 0 0 0 0 0 3.84 0 0.00000000 0.00000000 0.00 0.00 0.00 59.53 41.31 90.00 
0 0 0 0 0 0 3.86 0 0.00000000 0.00000000 0.00 0.00 0.00 59.53 41.31 90.00 
0 0 0 0 0 0 3.89 0 0.00000000 0.00000000 0.00 0.00 0.00 59.53 41.31 90.00 
0 0 0 0 0 0 3.91 0 0.00000000 0.00000000 0.00 0.00 0.00 59.53 41.31 90.00 
0 0 0 0 0 0 3.94 0 0.00000000 0.00000000 0.00 0.00 0.00 59.53 41.31 90.00 
0 0 0 0 0 0 3.96 0 0.00000000 0.00000000 0.00 0.00 0.00 59.53 41.31 90.00 
0 0 0 0 0 0 3.98 0 0.00000000 0.00000000 0.00 0.00 0.00 59.53 41.31 90.00 
0 0 0 0 0 0 4.01 0 0.00000000 0.00000000 0.00 0.00 0.00 63.66 41.11 90.00 
0 0 0 0 0 0 4.03 0 0.00000000 0.00000000 0.00 0.00 0.00 63.66 41.11 90.00 
0 0 0 0 0 0 4.06 0 0.00000000 0.00000000 0.00 0.00 0.00 63.66 41.11 90.00 
0 0 0 0 0 0 4.08 0 0.00000000 0.00000000 0.00 0.00 0.00 63.66 41.11 90.00 
0 0 0 0 0 0 4.13 0 0.00000000 0.00000000 0.00 0.00 0.00 63.66 41.11 90.00 
0 0 0 0 0 0 4.15 0 0.00000000 0.00000000 0.00 0.00 0.00 63.66 41.11 90.00 
0 0 0 0 0 0 4.17 0 0.00000000 0.00000000 0.00 0.00 0.00 63.66 41.11 90.00 
0 0 0 0 0 0 4.20 0 0.00000000 0.00000000 0.00 0.00 0.00 63.66 41.11 90.00 
0 0 0 0 0 0 4.22 0 0.00000000 0.00000000 0.00 0.00 0.00 63.66 41.11 90.00 
0 0 0 0 0 0 4.24 0 0.00000000 0.00000000 0.00 0.00 0.00 63.66 41.11 90.00 
0 0 0 0 0 0 4.28 0 0.00000000 0.00000000 0.00 0.00 0.00 63.66 41.11 90.00 
0 0 0 0 0 0 4.30 0 0.00000000 0.00000000 0.00 0.00 0.00 63.66 41.11 90.00 
0 0 0 0 0 0 4.32 0 0.00000000 0.00000000 0.00 0.00 0.00 63.66 41.11 90.00 
0 0 0 0 0 0 4.35 0 0.00000000 0.00000000 0.00 0.00 0.00 63.66 41.11 90.00 
0 0 0 0 0 0 4.37 0 0.00000000 0.00000000 0.00 0.00 0.00 63.66 41.11 90.00 
0 0 0 0 0 0 4.39 0 0.00000000 0.00000000 0.00 0.00 0.00 63.66 41.11 90.00 
0 0 0 0 0 0 4.42 0 0.00000000 0.00000000 0.00 0.00 0.00 63.66 41.11 90.00 
0 0 0 0 0 0 4.46 0 0.00000000 0.00000000 0.00 0.00 0.00 63.66 41.11 90.00 
0 0 0 0 0 0 4.58 0 0.00000000 0.00000000 0.00 0.00 0.00 63.66 41.11 90.00 
0 0 0 0 0 0 4.70 0 0.00000000 0.00000000 0.00 0.00 0.00 63.66 41.11 90.00 
0 0 0 0 0 0 4.83 0 0.00000000 0.00000000 0.00 0.00 0.00 63.66 41.11 90.00 
0 0 0 0 0 0 4.95 0 0.00000000 0.00000000 0.00 0.00 0.00 63.66 41.11 90.00 
0 0 0 0 0 0 5.04 0 0.00000000 0.00000000 0.00 0.00 0.00 60.83 36.95 90.00 
0 0 0 0 0 0 5.06 0 0.00000000 0.00000000 0.00 0.00 0.00 60.83 36.95 90.00 
0 0 0 0 0 0 5.09 0 0.00000000 0.00000000 0.00 0.00 0.00 60.83 36.95 90.00 
0 0 0 0 0 0 5.11 0 0.00000000 0.00000000 0.00 0.00 0.00 60.83 36.95 90.00 
0 0 0 0 0 0 5.14 0 0.00000000 0.00000000 0.00 0.00 0.00 60.83 36.95 90.00 
0 0 0 0 0 0 5.16 0 0.00000000 0.00000000 0.00 0.00 0.00 60.83 36.95 90.00 
0 0 0 0 0 0 5.18 0 0.00000000 0.00000000 0.00 0.00 0.00 60.83 36.95 90.00 
0 0 0 0 0 0 5.21 0 0.00000000 0.00000000 0.00 0.00 0.00 60.83 36.95 90.00 
0 0 0 0 0 0 5.23 0 0.00000000 0.00000000 0.00 0.00 0.00 60.83 36.95 90.00 
0 0 0 0 0 0 5.26 0 0.00000000 0.00000000 0.00 0.00 0.00 60.83 36.95 90.00 
0 0 0 0 0 0 5.28 0 0.00000000 0.00000000 0.00 0.00 0.00 60.83 36.95 90.00 
0 0 0 0 0 0 5.30 0 0.00000000 0.00000000 0.00 0.00 0.00 60.83 36.95 90.00 
0 0 0 0 0 0 5.32 0 0.00000000 0.00000000 0.00 0.00 0.00 60.83 36.95 90.00 
0 0 0 0 0 0 5.35 0 0.00000000 0.00000000 0.00 0.00 0.00 60.83 36.95 90.00 
0 0 0 0 0 0 5.37 0 0.00000000 0.00000000 0.00 0.00 0.00 60.83 36.95 90.00 
0 0 0 0 0 0 5.39 0 0.00000000 0.00000000 0.00 0.00 0.00 60.83 36.95 90.00 
0 0 0 0 0 0 5.42 0 0.00000000 0.00000000 0.00 0.00 0.00 60.83 36.95 90.00 
0 0 0 0 0 0 5.44 0 0.00000000 0.00000000 0.00 0.00 0.00 60.83 36.95 90.00 
0 0 0 0 0 0 5.46 0 0.00000000 0.00000000 0.00 0.00 0.00 60.83 36.95 90.00 
0 0 0 0 0 0 5.49 0 0.00000000 0.00000000 0.00 0.00 0.00 60.83 36.95 90.00 
0 0 0 0 0 0 5.51 0 0.00000000 0.00000000 0.00 0.00 0.00 60.83 36.95 90.00 
0 0 0 0 0 0 5.53 0 0.00000000 0.00000000 0.00 0.00 0.00 60.83 36.95 90.00 
0 0 0 0 0 0 5.56 0 0.00000000 0.00000000 0.00 0.00 0.00 60.83 36.95 90.00 
0 0 0 0 0 0 5.58 0 0.00000000 0.00000000 0.00 0.00 0.00 60.83 36.95 90.00 
0 0 0 0 0 0 5.61 0 0.00000000 0.00000000 0.00 0.00 0.00 60.83 36.95 90.00 
0 0 0 0 0 0 5.63 0 0.00000000 0.00000000 0.00 0.00 0.00 60.83 36.95 90.00 
0 0 0 0 0 0 5.65 0 0.00000000 0.00000000 0.00 0.00 0.00 60.83 36.95 90.00 
0 0 0 0 0 0 5.67 0 0.00000000 0.00000000 0.00 0.00 0.00 60.83 36.95 90.00 
0 0 0 0 0 0 5.70 0 0.00000000 0.00000000 0.00 0.00 0.00 60.83 36.95 90.00 
0 0 0 0 0 0 5.72 0 0.00000000 0.00000000 0.00 0.00 0.00 60.83 36.95 90.00 
0 0 0 0 0 0 5.75 0 0.00000000 0.00000000 0.00 0.00 0.00 60.83 36.95 90.00 
0 0 0 0 0 0 5.77 0 0.00000000 0.00000000 0.00 0.00 0.00 60.83 36.95 90.00 
0 0 0 0 0 0 5.79 0 0.00000000 0.00000000 0.00 0.00 0.00 60.83 36.95 90.00 
0 0 0 0 0 0 5.82 0 0.00000000 0.00000000 0.00 0.00 0.00 60.83 36.95 90.00 
0 0 0 0 0 0 5.84 0 0.00000000 0.00000000 0.00 0.00 0.00 60.83 36.95 90.00 
0 0 0 0 0 0 5.86 0 0.00000000 0.00000000 0.00 0.00 0.00 60.83 36.95 90.00 
0 0 0 0 0 0 5.89 0 0.00000000 0.00000000 0.00 0.00 0.00 60.83 36.95 90.00 
0 0 0 0 0 0 5.91 0 0.00000000 0.00000000 0.00 0.00 0.00 60.83 36.95 90.00 
0 0 0 0 0 0 5.93 0 0.00000000 0.00000000 0.00 0.00 0.00 60.83 36.95 90.00 
0 0 0 0 0 0 5.96 0 0.00000000 0.00000000 0.00 0.00 0.00 60.83 36.95 90.00 
0 0 0 0 0 0 5.98 0 0.00000000 0.00000000 0.00 0.00 0.00 60.83 36.95 90.00 
0 0 0 0 0 0 6.02 0 0.00000000 0.00000000 0.00 0.00 0.00 60.55 41.46 90.00 
0 0 0 0 0 0 6.05 0 0.00000000 0.00000000 0.00 0.00 0.00 60.55 41.46 90.00 
0 0 0 0 0 0 6.10 0 0.00000000 0.00000000 0.00 0.00 0.00 60.55 41.46 90.00 
0 0 0 0 0 0 6.12 0 0.00000000 0.00000000 0.00 0.00 0.00 60.55 41.46 90.00 
0 0 0 0 0 0 6.15 0 0.00000000 0.00000000 0.00 0.00 0.00 60.55 41.46 90.00 
0 0 0 0 0 0 6.17 0 0.00000000 0.00000000 0.00 0.00 0.00 60.55 41.46 90.00 
0 0 0 0 0 0 6.19 0 0.00000000 0.00000000 0.00 0.00 0.00 60.55 41.46 90.00 
0 0 0 0 0 0 6.22 0 0.00000000 0.00000000 0.00 0.00 0.00 60.55 41.46 90.00 
0 0 0 0 0 0 6.24 0 0.00000000 0.00000000 0.00 0.00 0.00 60.55 41.46 90.00 
0 0 0 0 0 0 6.26 0 0.00000000 0.00000000 0.00 0.00 0.00 60.55 41.46 90.00 
0 0 0 0 0 0 6.29 0 0.00000000 0.00000000 0.00 0.00 0.00 60.55 41.46 90.00 
0 0 0 0 0 0 6.31 0 0.00000000 0.00000000 0.00 0.00 0.00 60.55 41.46 90.00 
0 0 0 0 0 0 6.33 0 0.00000000 0.00000000 0.00 0.00 0.00 60.55 41.46 90.00 
0 0 0 0 0 0 6.36 0 0.00000000 0.00000000 0.00 0.00 0.00 60.55 41.46 90.00 
0 0 0 0 0 0 6.38 0 0.00000000 0.00000000 0.00 0.00 0.00 60.55 41.46 90.00 
0 0 0 0 0 0 6.40 0 0.00000000 0.00000000 0.00 0.00 0.00 60.55 41.46 90.00 
0 0 0 0 0 0 6.43 0 0.00000000 0.00000000 0.00 0.00 0.00 60.55 41.46 90.00 
0 0 0 0 0 0 6.45 0 0.00000000 0.00000000 0.00 0.00 0.00 60.55 41.46 90.00 
0 0 0 0 0 0 6.47 0 0.00000000 0.00000000 0.00 0.00 0.00 60.55 41.46 90.00 
0 0 0 0 0 0 6.50 0 0.00000000 0.00000000 0.00 0.00 0.00 60.55 41.46 90.00 
0 0 0 0 0 0 6.52 0 0.00000000 0.00000000 0.00 0.00 0.00 60.55 41.46 90.00 
0 0 0 0 0 0 6.54 0 0.00000000 0.00000000 0.00 0.00 0.00 60.55 41.46 90.00 
0 0 0 0 0 0 6.57 0 0.00000000 0.00000000 0.00 0.00 0.00 60.55 41.46 90.00 
0 0 0 0 0 0 6.59 0 0.00000000 0.00000000 0.00 0.00 0.00 60.55 41.46 90.00 
0 0 0 0 0 0 6.61 0 0.00000000 0.00000000 0.00 0.00 0.00 60.55 41.46 90.00 
0 0 0 0 0 0 6.63 0 0.00000000 0.00000000 0.00 0.00 0.00 60.55 41.46 90.00 
0 0 0 0 0 0 6.65 0 0.00000000 0.00000000 0.00 0.00 0.00 60.55 41.46 90.00 
0 0 0 0 0 0 6.68 0 0.00000000 0.00000000 0.00 0.00 0.00 60.55 41.46 90.00 
0 0 0 0 0 0 6.70 0 0.00000000 0.00000000 0.00 0.00 0.00 60.55 41.46 90.00 
0 0 0 0 0 0 6.73 0 0.00000000 0.00000000 0.00 0.00 0.00 60.55 41.46 90.00 
0 0 0 0 0 0 6.75 0 0.00000000 0.00000000 0.00 0.00 0.00 60.55 41.46 90.00 
0 0 0 0 0 0 6.77 0 0.00000000 0.00000000 0.00 0.00 0.00 60.55 41.46 90.00 
0 0 0 0 0 0 6.80 0 0.00000000 0.00000000 0.00 0.00 0.00 60.55 41.46 90.00 
0 0 0 0 0 0 6.82 0 0.00000000 0.00000000 0.00 0.00 0.00 60.55 41.46 90.00 
0 0 0 0 0 0 6.84 0 0.00000000 0.00000000 0.00 0.00 0.00 60.55 41.46 90.00 
0 0 0 0 0 0 6.86 0 0.00000000 0.00000000 0.00 0.00 0.00 60.55 41.46 90.00 
0 0 0 0 0 0 6.89 0 0.00000000 0.00000000 0.00 0.00 0.00 60.55 41.46 90.00 
0 0 0 0 0 0 6.91 0 0.00000000 0.00000000 0.00 0.00 0.00 60.55 41.46 90.00 
0 0 0 0 0 0 6.94 0 0.00000000 0.00000000 0.00 0.00 0.00 60.55 41.46 90.00 
0 0 0 0 0 0 6.96 0 0.00000000 0.00000000 0.00 0.00 0.00 60.55 41.46 90.00 
0 0 0 0 0 0 6.98 0 0.00000000 0.00000000 0.00 0.00 0.00 60.55 41.46 90.00 
0 0 0 0 0 0 7.01 0 0.00000000 0.00000000 0.00 0.00 0.00 51.53 44.18 90.00 
0 0 0 0 0 0 7.03 0 0.00000000 0.00000000 0.00 0.00 0.00 51.53 44.18 90.00 
0 0 0 0 0 0 7.06 0 0.00000000 0.00000000 0.00 0.00 0.00 51.53 44.18 90.00 
0 0 0 0 0 0 7.08 0 0.00000000 0.00000000 0.00 0.00 0.00 51.53 44.18 90.00 
0 0 0 0 0 0 7.11 0 0.00000000 0.00000000 0.00 0.00 0.00 51.53 44.18 90.00 
0 0 0 0 0 0 7.13 0 0.00000000 0.00000000 0.00 0.00 0.00 51.53 44.18 90.00 
0 0 0 0 0 0 7.15 0 0.00000000 0.00000000 0.00 0.00 0.00 51.53 44.18 90.00 
0 0 0 0 0 0 7.18 0 0.00000000 0.00000000 0.00 0.00 0.00 51.53 44.18 90.00 
0 0 0 0 0 0 7.20 0 0.00000000 0.00000000 0.00 0.00 0.00 51.53 44.18 90.00 
0 0 0 0 0 0 7.22 0 0.00000000 0.00000000 0.00 0.00 0.00 51.53 44.18 90.00 
0 0 0 0 0 0 7.25 0 0.00000000 0.00000000 0.00 0.00 0.00 51.53 44.18 90.00 
0 0 0 0 0 0 7.27 0 0.00000000 0.00000000 0.00 0.00 0.00 51.53 44.18 90.00 
0 0 0 0 0 0 7.29 0 0.00000000 0.00000000 0.00 0.00 0.00 51.53 44.18 90.00 
0 0 0 0 0 0 7.32 0 0.00000000 0.00000000 0.00 0.00 0.00 51.53 44.18 90.00 
0 0 0 0 0 0 7.34 0 0.00000000 0.00000000 0.00 0.00 0.00 51.53 44.18 90.00 
0 0 0 0 0 0 7.36 0 0.00000000 0.00000000 0.00 0.00 0.00 51.53 44.18 90.00 
0 0 0 0 0 0 7.40 0 0.00000000 0.00000000 0.00 0.00 0.00 51.53 44.18 90.00 
0 0 0 0 0 0 7.43 0 0.00000000 0.00000000 0.00 0.00 0.00 51.53 44.18 90.00 
0 0 0 0 0 0 7.46 0 0.00000000 0.00000000 0.00 0.00 0.00 51.53 44.18 90.00 
0 0 0 0 0 0 7.49 0 0.00000000 0.00000000 0.00 0.00 0.00 51.53 44.18 90.00 
0 0 0 0 0 0 7.51 0 0.00000000 0.00000000 0.00 0.00 0.00 51.53 44.18 90.00 
0 0 0 0 0 0 7.53 0 0.00000000 0.00000000 0.00 0.00 0.00 51.53 44.18 90.00 
0 0 0 0 0 0 7.56 0 0.00000000 0.00000000 0.00 0.00 0.00 51.53 44.18 90.00 
0 0 0 0 0 0 7.58 0 0.00000000 0.00000000 0.00 0.00 0.00 51.53 44.18 90.00 
0 0 0 0 0 0 7.60 0 0.00000000 0.00000000 0.00 0.00 0.00 51.53 44.18 90.00 
0 0 0 0 0 0 7.63 0 0.00000000 0.00000000 0.00 0.00 0.00 51.53 44.18 90.00 
0 0 0 0 0 0 7.65 0 0.00000000 0.00000000 0.00 0.00 0.00 51.53 44.18 90.00 
0 0 0 0 0 0 7.67 0 0.00000000 0.00000000 0.00 0.00 0.00 51.53 44.18 90.00 
0 0 0 0 0 0 7.70 0 0.00000000 0.00000000 0.00 0.00 0.00 51.53 44.18 90.00 
0 0 0 0 0 0 7.72 0 0.00000000 0.00000000 0.00 0.00 0.00 51.53 44.18 90.00 
0 0 0 0 0 0 7.75 0 0.00000000 0.00000000 0.00 0.00 0.00 51.53 44.18 90.00 
0 0 0 0 0 0 7.77 0 0.00000000 0.00000000 0.00 0.00 0.00 51.53 44.18 90.00 
0 0 0 0 0 0 7.79 0 0.00000000 0.00000000 0.00 0.00 0.00 51.53 44.18 90.00 
0 0 0 0 0 0 7.81 0 0.00000000 0.00000000 0.00 0.00 0.00 51.53 44.18 90.00 
0 0 0 0 0 0 7.84 0 0.00000000 0.00000000 0.00 0.00 0.00 51.53 44.18 90.00 
0 0 0 0 0 0 7.86 0 0.00000000 0.00000000 0.00 0.00 0.00 51.53 44.18 90.00 
0 0 0 0 0 0 7.89 0 0.00000000 0.00000000 0.00 0.00 0.00 51.53 44.18 90.00 
0 0 0 0 0 0 7.91 0 0.00000000 0.00000000 0.00 0.00 0.00 51.53 44.18 90.00 
0 0 0 0 0 0 7.93 0 0.00000000 0.00000000 0.00 0.00 0.00 51.53 44.18 90.00 
0 0 0 0 0 0 7.96 0 0.00000000 0.00000000 0.00 0.00 0.00 51.53 44.18 90.00 
0 0 0 0 0 0 7.98 0 0.00000000 0.00000000 0.00 0.00 0.00 51.53 44.18 90.00 
0 0 0 0 0 0 8.01 0 0.00000000 0.00000000 0.00 0.00 0.00 55.04 45.65 90.00 
0 0 0 0 0 0 8.03 0 0.00000000 0.00000000 0.00 0.00 0.00 55.04 45.65 90.00 
