2.98 0.06 0.06 0.08 0.07 0.03 0.01 0.01 0.00 0.00 94.04 94.39 90.03 
3.15 0.02 0.04 0.07 0.08 0.16 0.08 0.01 -0.06 -0.47 92.33 94.30 84.42 
3.25 0.07 0.07 0.09 0.09 -0.16 -0.19 -0.04 -0.07 -0.46 94.27 95.24 84.43 
3.35 0.13 0.11 0.03 0.03 -0.56 -0.45 0.07 -0.02 -0.29 96.25 91.95 86.47 
3.45 0.10 0.12 0.06 0.07 -0.40 -0.47 0.01 -0.04 -0.07 96.64 93.98 89.16 
3.55 0.05 0.07 0.08 0.10 -0.15 -0.20 -0.00 0.03 0.04 93.87 95.58 90.45 
3.65 0.08 0.06 0.09 0.08 -0.27 -0.21 0.00 0.02 0.00 93.46 94.50 90.05 
3.75 0.05 0.05 0.07 0.07 -0.19 -0.18 -0.01 0.00 0.01 93.00 94.06 90.06 
3.85 0.06 0.06 0.06 0.06 -0.23 -0.25 0.01 0.00 0.00 93.65 93.60 90.01 
3.95 0.06 0.05 0.05 0.07 -0.23 -0.17 0.02 -0.03 -0.09 92.98 93.85 88.96 
4.05 0.06 0.05 0.06 0.07 -0.25 -0.21 -0.02 -0.06 -0.10 93.12 93.82 88.78 
4.16 0.09 0.12 0.07 0.08 -0.39 -0.54 -0.08 -0.09 -0.07 95.85 94.41 88.99 
4.26 0.05 0.03 0.05 0.03 -0.28 -0.24 -0.04 -0.01 -0.03 91.99 91.80 89.61 
4.36 0.05 0.05 0.06 0.06 -0.29 -0.31 0.01 -0.01 -0.01 93.04 93.69 89.83 
4.46 0.04 0.04 0.06 0.07 -0.28 -0.28 -0.03 -0.08 -0.03 92.61 94.32 89.66 
4.57 0.03 0.03 0.05 0.06 -0.24 -0.22 -0.08 -0.15 -0.06 91.60 93.31 89.31 
4.67 0.03 0.03 0.03 0.03 -0.31 -0.32 -0.09 -0.14 -0.06 91.99 91.77 89.36 
4.78 0.02 0.02 0.03 0.03 -0.25 -0.25 -0.08 -0.15 -0.03 91.12 92.02 89.66 
4.88 0.02 0.01 0.01 0.01 -0.33 -0.29 -0.03 -0.22 -0.07 90.56 90.51 89.18 
4.98 0.01 0.02 -0.04 -0.03 -0.34 -0.37 0.06 -0.44 -0.09 90.93 88.61 88.95 
5.09 -0.01 0.01 -0.09 -0.09 -0.23 -0.30 0.06 -0.61 -0.11 91.11 85.72 88.63 
5.19 0.04 0.04 -0.13 -0.13 -0.42 -0.40 -0.04 -0.41 -0.05 91.88 82.64 89.41 
5.29 0.00 0.01 -0.18 -0.18 -0.25 -0.29 -0.11 -0.70 -0.07 90.62 79.50 89.15 
5.40 0.00 0.00 -0.25 -0.25 -0.26 -0.27 -0.02 -0.62 -0.11 89.70 76.11 88.71 
5.50 -0.01 -0.01 -0.31 -0.31 0.01 -0.14 0.21 -0.77 -0.06 89.50 73.73 89.20 
5.61 0.06 0.06 -0.47 -0.47 -0.49 -0.47 -0.02 -0.49 0.03 93.39 64.32 90.23 
5.71 0.00 -0.01 -0.47 -0.50 -0.25 -0.24 -0.31 -0.13 0.08 89.33 61.17 90.94 
5.81 -0.03 -0.03 -0.41 -0.41 -0.06 -0.06 -0.11 0.01 0.03 88.35 66.34 90.38 
5.91 0.00 -0.01 -0.43 -0.43 -0.37 -0.28 0.12 -0.04 -0.01 89.25 65.33 89.92 
6.02 -0.00 -0.00 -0.48 -0.47 -0.30 -0.34 0.02 0.08 0.01 89.89 63.54 90.09 
6.12 -0.02 -0.01 -0.39 -0.40 -0.10 -0.20 -0.05 0.21 -0.00 89.15 66.93 89.98 
6.22 0.00 0.00 -0.41 -0.39 -0.37 -0.35 0.13 0.02 0.03 90.00 67.68 90.33 
6.33 -0.01 -0.00 -0.42 -0.42 -0.20 -0.26 -0.02 0.03 0.03 90.25 65.79 90.36 
6.43 -0.03 -0.02 -0.38 -0.37 -0.18 -0.20 -0.05 0.04 0.02 89.04 67.80 90.27 
6.53 -0.02 -0.02 -0.40 -0.40 -0.25 -0.25 0.02 -0.05 -0.00 88.94 67.26 89.97 
6.64 0.00 0.00 -0.41 -0.41 -0.41 -0.40 -0.01 -0.04 -0.01 89.55 66.54 89.88 
6.74 -0.03 -0.03 -0.40 -0.41 -0.24 -0.23 -0.03 0.08 0.01 88.38 66.30 90.17 
6.84 -0.04 -0.04 -0.39 -0.39 -0.19 -0.20 -0.14 0.28 0.01 87.89 67.64 90.21 
6.95 -0.04 -0.05 -0.34 -0.34 -0.33 -0.30 -0.02 0.39 -0.01 87.07 71.08 89.85 
7.05 -0.03 -0.02 -0.25 -0.25 -0.31 -0.39 0.13 0.68 0.01 88.52 75.12 90.18 
7.16 -0.02 -0.02 -0.19 -0.20 -0.35 -0.34 0.13 0.88 0.05 88.86 78.59 90.58 
7.26 -0.00 -0.02 -0.14 -0.14 -0.38 -0.32 0.12 0.62 -0.04 88.99 82.25 89.52 
7.36 0.00 0.00 -0.02 -0.03 -0.32 -0.35 0.11 1.27 -0.21 90.13 88.19 87.47 
7.46 0.06 0.03 0.20 0.18 -0.65 -0.46 0.14 1.02 -0.26 91.35 98.45 86.80 
7.57 0.03 0.04 0.18 0.17 -0.42 -0.46 0.22 0.67 -0.18 91.39 99.80 87.79 
7.67 0.05 0.08 0.30 0.32 -0.42 -0.70 0.15 1.09 0.11 93.04 108.32 90.83 
7.78 0.08 0.09 0.36 0.35 -0.42 -0.44 0.04 0.51 0.13 93.91 110.40 91.76 
7.88 0.03 0.04 0.39 0.38 -0.24 -0.30 -0.20 0.09 -0.01 93.55 112.27 89.84 
7.99 0.02 0.02 0.38 0.38 -0.41 -0.41 -0.22 0.13 -0.24 92.31 109.98 87.13 
8.09 -0.02 -0.03 0.43 0.44 -0.36 -0.32 -0.18 0.09 -0.16 88.56 115.23 88.09 
8.19 -0.03 -0.01 0.42 0.42 -0.42 -0.48 0.01 0.24 -0.01 90.48 114.23 89.83 
8.29 -0.02 -0.01 0.45 0.45 -0.47 -0.49 0.02 0.01 -0.03 89.40 116.45 89.73 
8.40 -0.01 -0.02 0.47 0.47 -0.50 -0.49 -0.04 -0.07 -0.06 89.47 117.04 89.26 
8.50 -0.02 -0.02 0.45 0.46 -0.53 -0.53 -0.05 -0.07 -0.01 88.82 116.11 89.80 
8.60 -0.02 -0.02 0.46 0.45 -0.53 -0.56 0.04 0.00 -0.01 89.03 115.59 89.88 
8.71 -0.03 -0.03 0.47 0.46 -0.54 -0.54 0.04 0.04 -0.04 88.90 115.96 89.51 
8.81 -0.03 -0.02 0.46 0.45 -0.55 -0.53 0.01 0.01 -0.03 88.62 116.04 89.66 
8.91 -0.02 -0.01 0.45 0.45 -0.59 -0.59 -0.02 -0.01 -0.08 89.43 116.03 89.07 
9.02 -0.03 -0.03 0.45 0.44 -0.59 -0.58 -0.01 0.15 -0.09 88.47 115.21 89.10 
9.12 -0.05 -0.05 0.47 0.46 -0.57 -0.56 -0.07 0.03 -0.13 86.54 116.88 88.45 
9.22 -0.05 -0.05 0.48 0.48 -0.66 -0.66 -0.04 -0.12 0.01 87.40 116.84 89.88 
9.32 -0.05 -0.05 0.41 0.41 -0.59 -0.59 0.20 -0.39 0.06 86.86 113.56 90.76 
9.43 -0.01 -0.01 0.38 0.38 -0.65 -0.64 0.20 -0.34 0.14 89.37 111.62 91.63 
9.53 -0.02 -0.02 0.28 0.30 -0.54 -0.54 0.05 -0.76 0.11 88.67 107.37 91.33 
9.63 -0.03 -0.03 0.16 0.17 -0.48 -0.48 -0.05 -1.33 -0.02 87.86 100.78 89.98 
9.73 -0.01 -0.02 0.07 0.07 -0.56 -0.54 0.01 -0.72 -0.03 88.99 94.16 89.61 
9.84 -0.01 -0.03 -0.01 -0.01 -0.51 -0.45 0.17 -1.02 0.01 86.53 90.35 90.14 
9.94 0.03 0.02 -0.09 -0.10 -0.64 -0.59 0.22 0.06 0.04 90.40 84.35 90.41 
10.04 0.03 0.04 -0.08 -0.08 -0.48 -0.51 0.11 0.01 0.12 92.25 84.90 91.50 
10.14 0.02 0.02 -0.05 -0.04 -0.38 -0.39 -0.06 0.12 0.08 91.00 87.43 91.02 
10.25 -0.00 -0.00 -0.06 -0.07 -0.36 -0.38 -0.03 0.10 -0.04 89.87 85.23 89.69 
10.35 -0.00 -0.01 -0.06 -0.06 -0.38 -0.36 -0.03 -0.10 -0.05 89.20 86.82 89.36 
10.46 -0.00 -0.00 -0.07 -0.07 -0.44 -0.44 -0.16 -0.04 -0.04 90.04 87.05 89.43 
10.56 -0.01 -0.02 -0.09 -0.10 -0.58 -0.54 -0.44 0.36 -0.00 88.22 85.27 89.92 
10.66 -0.12 -0.11 -0.01 -0.02 -0.21 -0.28 -1.00 0.26 -0.10 84.16 88.48 89.03 
10.77 -0.27 -0.26 -0.09 -0.08 -0.36 -0.41 -1.26 -0.54 -0.25 77.24 86.70 87.04 
10.87 -0.37 -0.35 -0.04 -0.04 -0.21 -0.30 -1.01 -0.44 -0.33 69.68 87.86 85.98 
10.97 -0.42 -0.42 -0.03 -0.04 -0.67 -0.64 -0.60 -0.17 -0.16 66.18 86.77 87.76 
11.08 -0.41 -0.49 -0.09 -0.09 -1.02 -0.55 -0.33 0.37 0.04 59.96 83.45 90.23 
11.18 -0.47 -0.46 -0.06 -0.05 -0.83 -0.93 -0.08 0.18 0.12 62.42 85.84 91.61 
11.28 -0.48 -0.49 -0.05 -0.06 -0.76 -0.73 -0.03 0.15 0.05 61.38 85.85 90.72 
11.39 -0.48 -0.49 -0.05 -0.05 -0.84 -0.78 -0.08 0.00 -0.02 61.82 86.52 89.90 
11.49 -0.48 -0.48 -0.05 -0.05 -0.88 -0.89 -0.06 -0.04 -0.03 62.60 86.90 89.68 
11.59 -0.50 -0.51 -0.06 -0.06 -0.79 -0.76 -0.04 0.04 0.03 61.03 86.75 90.36 
11.69 -0.51 -0.52 -0.06 -0.07 -0.71 -0.68 -0.03 -0.01 0.00 60.04 85.75 90.03 
11.80 -0.52 -0.52 -0.07 -0.07 -0.69 -0.70 -0.03 -0.03 0.01 60.58 86.14 90.15 
11.90 -0.43 -0.49 0.07 -0.01 -1.76 -1.13 -0.03 0.05 0.01 60.17 86.22 90.08 
12.01 -0.49 -0.42 -0.04 -0.02 -0.88 -1.21 0.00 0.08 0.02 62.37 88.02 90.41 
12.11 -0.51 -0.51 -0.06 -0.05 -0.81 -0.84 -0.01 -0.00 -0.01 60.66 86.79 89.98 
12.21 -0.52 -0.53 -0.05 -0.05 -0.74 -0.71 0.00 -0.01 -0.00 59.55 86.85 89.97 
12.31 -0.52 -0.53 -0.05 -0.06 -0.78 -0.74 -0.00 0.01 -0.01 59.44 86.54 89.91 
12.42 -0.52 -0.52 -0.06 -0.07 -0.76 -0.73 0.05 0.06 -0.01 59.76 85.78 89.98 
12.52 -0.47 -0.47 -0.02 -0.03 -0.95 -0.92 0.45 0.25 0.04 62.56 87.68 90.38 
12.63 -0.41 -0.41 0.00 0.00 -0.88 -1.06 0.88 0.30 0.12 66.58 90.38 91.53 
12.73 -0.32 -0.32 0.06 0.06 -1.04 -1.02 1.25 0.18 0.21 70.95 93.38 92.33 
12.83 -0.22 -0.22 0.06 0.06 -0.65 -0.62 1.17 0.25 0.25 76.95 92.85 93.05 
12.93 -0.11 -0.11 0.08 0.08 -1.17 -1.17 0.99 0.01 0.09 83.60 94.66 91.08 
13.04 -0.01 -0.01 0.09 0.08 -0.59 -0.63 0.93 0.03 -0.17 89.49 93.73 88.20 
13.14 0.06 0.05 0.09 0.10 -0.31 -0.48 0.92 0.02 -0.16 92.08 95.60 87.97 
13.24 0.18 0.17 0.16 0.15 -0.55 -0.52 0.94 0.30 0.06 99.62 98.52 90.29 
13.35 0.28 0.28 0.11 0.10 -0.26 -0.26 0.92 0.28 0.32 105.39 96.20 93.53 
13.45 0.35 0.35 0.09 0.10 -0.33 -0.31 0.60 0.27 0.32 109.82 95.78 94.12 
13.55 0.37 0.39 0.11 0.10 -0.06 -0.11 0.21 0.15 0.09 114.00 94.94 91.32 
13.65 0.38 0.40 0.13 0.13 -0.01 -0.06 0.00 0.13 -0.06 112.75 97.25 89.31 
13.76 0.38 0.38 0.14 0.12 -0.01 -0.02 -0.01 0.02 -0.05 111.54 96.76 89.55 
13.86 0.37 0.37 0.15 0.15 0.00 -0.02 0.01 0.03 -0.04 111.44 98.65 89.48 
13.96 0.39 0.39 0.16 0.16 -0.03 -0.03 -0.01 -0.08 -0.01 112.04 99.24 89.85 
14.06 0.39 0.40 0.15 0.15 -0.06 -0.08 -0.03 -0.10 -0.00 112.52 98.62 89.98 
14.17 0.42 0.42 0.16 0.15 -0.14 -0.17 -0.01 -0.02 0.00 113.71 98.19 89.94 
14.27 0.42 0.42 0.14 0.14 -0.21 -0.23 -0.17 -0.07 0.07 113.45 98.51 90.79 
14.37 0.34 0.34 0.09 0.10 -0.22 -0.13 -0.45 -0.28 0.00 109.41 96.17 90.19 
14.47 0.27 0.26 0.09 0.09 -0.09 -0.08 -0.44 -0.32 -0.06 104.92 95.34 89.27 
14.58 0.23 0.24 0.09 0.09 -0.24 -0.26 -0.41 -0.14 -0.10 103.69 95.34 88.86 
14.68 0.18 0.18 0.08 0.08 -0.22 -0.22 -0.43 -0.22 -0.11 100.93 95.02 88.70 
14.78 0.16 0.16 0.08 0.08 -0.36 -0.37 -0.41 -0.02 -0.09 99.14 94.77 88.89 
14.89 0.10 0.10 0.09 0.08 -0.45 -0.35 -0.44 -0.08 -0.09 96.41 94.32 88.93 
14.99 0.05 0.05 0.06 0.05 -0.36 -0.37 -0.37 -0.25 -0.13 93.12 92.82 88.48 
15.09 0.02 0.02 0.02 0.01 -0.49 -0.44 -0.27 -0.12 -0.11 87.67 89.01 88.73 
15.19 0.02 0.05 0.02 0.07 -0.57 -0.77 -0.26 -0.22 -0.02 91.35 92.46 89.53 
15.30 -0.03 -0.03 0.01 0.01 -0.57 -0.57 -0.18 -0.10 -0.03 88.51 90.64 89.58 
15.40 -0.01 -0.01 0.03 0.02 -0.71 -0.70 0.06 0.08 -0.03 89.22 90.69 89.64 
15.50 -0.02 -0.01 0.02 0.01 -0.62 -0.63 0.08 0.21 -0.01 89.18 90.82 89.82 
15.60 -0.01 -0.01 0.13 0.13 -0.64 -0.70 0.01 0.89 0.07 89.65 96.15 90.68 
15.71 -0.04 -0.03 0.18 0.18 -0.50 -0.54 0.04 0.81 0.01 88.20 100.25 90.14 
15.81 -0.00 0.00 0.27 0.27 -0.61 -0.63 0.24 0.77 -0.09 90.16 104.75 88.78 
15.91 0.03 0.03 0.36 0.35 -0.84 -0.83 0.23 0.69 0.02 91.92 109.81 90.12 
16.01 0.14 0.08 0.46 0.42 -0.93 -0.72 0.06 0.49 -0.02 92.60 113.13 89.68 
16.12 0.06 0.06 0.47 0.46 -0.63 -0.62 -0.04 0.34 -0.09 92.83 115.69 88.90 
16.22 0.03 0.04 0.48 0.48 -0.61 -0.64 -0.09 0.22 -0.07 91.77 117.38 89.18 
16.32 0.01 -0.01 0.51 0.52 -0.55 -0.52 -0.00 0.52 0.01 90.20 118.86 90.21 
16.42 0.03 0.02 0.56 0.55 -0.60 -0.59 0.13 0.16 -0.00 91.29 121.66 89.98 
16.52 0.04 0.02 0.58 0.58 -0.60 -0.57 -0.07 0.27 -0.03 91.41 123.87 89.82 
16.62 0.03 0.02 0.55 0.56 -0.63 -0.61 -0.07 -0.01 -0.07 90.36 122.13 89.18 
16.73 0.02 0.02 0.59 0.59 -0.64 -0.63 0.05 -0.01 0.01 91.43 123.01 89.99 
16.83 0.01 0.02 0.61 0.59 -0.63 -0.65 0.01 -0.11 0.02 92.15 123.42 90.21 
16.93 0.01 0.01 0.55 0.55 -0.62 -0.61 0.02 -0.04 0.01 90.40 121.21 90.18 
17.03 0.03 0.04 0.57 0.55 -0.66 -0.66 0.07 -0.04 0.02 92.05 120.95 90.22 
17.14 0.02 0.02 0.55 0.55 -0.62 -0.62 -0.01 0.00 0.00 91.12 121.71 90.09 
17.24 0.02 0.02 0.55 0.55 -0.61 -0.62 0.02 -0.04 0.02 91.44 122.01 90.19 
17.34 0.02 0.03 0.56 0.56 -0.62 -0.64 0.01 -0.06 0.01 92.17 121.87 90.07 
17.45 0.02 0.02 0.53 0.53 -0.59 -0.59 -0.00 -0.01 -0.01 90.97 120.16 89.88 
17.55 0.01 0.02 0.53 0.54 -0.60 -0.62 0.00 -0.27 0.02 91.35 121.42 90.31 
17.65 0.04 0.03 0.51 0.50 -0.63 -0.60 0.27 -0.45 0.14 91.04 119.13 91.54 
17.76 0.07 0.08 0.46 0.47 -0.54 -0.55 0.22 -0.51 0.25 94.00 116.92 93.19 
17.86 0.08 0.08 0.34 0.36 -0.51 -0.51 -0.16 -1.04 0.15 94.95 112.06 91.91 
17.96 0.03 0.04 0.22 0.23 -0.43 -0.43 -0.25 -1.44 -0.05 92.43 104.29 89.64 
18.07 -0.01 0.00 0.07 0.07 -0.41 -0.44 -0.21 -1.59 -0.18 89.88 95.38 87.83 
18.17 -0.01 0.00 -0.05 -0.05 -0.52 -0.58 -0.23 -1.22 -0.15 95.01 89.27 88.13 
18.27 -0.02 -0.02 -0.18 -0.18 -0.57 -0.58 -0.09 -1.23 -0.18 88.51 80.29 87.91 
18.37 -0.02 -0.02 -0.27 -0.25 -0.61 -0.61 0.00 -1.53 -0.15 89.69 76.12 88.10 
18.47 0.10 0.03 -0.42 -0.42 -1.17 -0.79 0.19 -1.24 -0.16 91.76 65.96 88.13 
18.57 0.07 0.05 -0.64 -0.62 -0.75 -0.66 0.19 -0.85 0.01 91.68 56.20 89.75 
18.67 0.05 0.09 -0.69 -0.66 -0.60 -0.78 0.13 -0.48 0.06 94.16 52.14 90.76 
18.78 0.05 0.05 -0.66 -0.69 -0.61 -0.60 -0.07 -0.22 0.10 92.26 49.08 91.23 
18.88 0.02 0.03 -0.74 -0.77 -0.51 -0.55 -0.15 -0.31 0.03 91.22 44.80 90.42 
18.99 -0.01 -0.01 -0.62 -0.64 -0.36 -0.41 0.00 -0.06 0.05 90.06 51.49 90.49 
19.09 0.02 0.00 -0.69 -0.67 -0.68 -0.57 0.11 -0.26 0.11 89.72 51.28 91.41 
19.19 0.02 0.01 -0.78 -0.77 -0.57 -0.54 0.06 -0.16 0.12 90.58 46.12 91.49 
19.29 -0.02 0.00 -0.80 -0.83 -0.42 -0.50 -0.03 -0.32 0.12 90.41 42.56 91.48 
19.39 -0.05 -0.05 -0.83 -0.83 -0.42 -0.42 -0.11 -0.31 0.07 87.50 42.29 90.80 
19.49 -0.05 -0.07 -0.85 -0.86 -0.48 -0.40 -0.15 -0.29 0.06 85.99 40.75 90.70 
19.59 -0.11 -0.10 -0.91 -0.91 -0.30 -0.35 -0.08 -0.22 0.08 85.21 38.50 90.85 
19.69 -0.10 -0.11 -0.87 -0.87 -0.37 -0.31 0.09 -0.02 0.03 83.60 40.45 90.45 
19.80 -0.05 -0.07 -0.91 -0.88 -0.61 -0.48 0.07 -0.29 -0.02 84.79 41.89 89.80 
19.90 -0.10 -0.08 -0.92 -0.92 -0.36 -0.44 0.00 -0.05 0.03 86.33 37.80 90.34 
20.00 -0.10 -0.10 -0.92 -0.92 -0.35 -0.35 -0.01 0.09 0.05 84.29 37.14 90.59 
20.11 -0.11 -0.11 -0.88 -0.89 -0.30 -0.29 0.03 0.09 0.02 84.13 37.64 90.25 
20.21 -0.04 -0.06 -0.95 -0.95 -0.56 -0.54 0.07 0.30 0.04 85.39 36.22 90.25 
20.31 -0.09 -0.09 -0.88 -0.83 -0.40 -0.34 0.05 0.58 0.22 85.55 46.80 92.66 
20.42 -0.12 -0.11 -0.70 -0.73 -0.20 -0.30 0.06 1.13 0.19 84.46 47.87 92.26 
20.52 -0.11 -0.11 -0.60 -0.59 -0.20 -0.11 0.13 1.08 0.10 83.19 56.96 91.39 
20.62 -0.08 -0.07 -0.39 -0.39 -0.26 -0.45 0.15 1.19 0.06 86.52 66.97 90.82 
20.73 -0.04 -0.05 -0.28 -0.29 -0.56 -0.49 0.18 1.31 0.04 86.77 71.81 90.37 
20.83 -0.03 -0.03 -0.20 -0.22 -0.47 -0.50 0.12 1.39 0.02 88.31 76.03 90.21 
20.93 -0.04 -0.04 -0.06 -0.07 -0.38 -0.42 0.02 0.81 -0.03 88.10 84.89 89.87 
21.04 -0.03 -0.03 -0.03 -0.04 -0.49 -0.49 0.01 0.43 -0.13 88.22 87.24 88.58 
21.14 -0.03 -0.03 -0.00 -0.01 -0.49 -0.47 0.01 0.13 -0.12 87.60 89.69 88.54 
21.24 -0.03 -0.02 0.02 0.03 -0.54 -0.56 0.08 -0.13 -0.03 88.63 91.50 89.65 
21.34 -0.01 -0.00 0.01 0.00 -0.53 -0.55 0.47 -0.00 -0.03 89.76 90.49 89.61 
21.44 0.06 0.05 0.03 0.04 -0.41 -0.56 0.97 0.36 0.08 92.03 92.11 90.69 
21.54 0.18 0.17 0.08 0.08 -0.55 -0.50 1.29 0.58 0.23 99.07 94.47 92.68 
21.64 0.30 0.30 0.11 0.13 -0.16 -0.43 1.06 0.41 0.27 106.97 97.38 93.23 
21.74 0.39 0.40 0.10 0.10 -0.28 -0.30 0.56 0.10 0.16 112.57 96.19 92.12 
21.84 0.44 0.43 0.10 0.10 -0.15 -0.13 0.32 0.02 -0.03 114.85 95.25 89.83 
21.94 0.42 0.42 0.13 0.12 0.00 -0.01 0.33 0.19 -0.12 114.23 97.03 88.52 
22.04 0.50 0.50 0.17 0.17 -0.05 -0.06 0.44 0.33 -0.16 118.08 99.25 88.14 
22.15 0.53 0.53 0.25 0.24 0.06 0.03 0.38 0.28 -0.08 119.99 103.28 88.79 
22.25 0.53 0.53 0.22 0.23 0.04 0.07 0.07 0.02 0.04 119.73 103.50 90.45 
22.35 0.49 0.48 0.21 0.21 0.10 0.13 0.10 -0.12 0.01 116.91 102.02 90.24 
22.45 0.64 0.58 0.24 0.23 -0.22 -0.04 0.37 -0.11 0.02 119.81 103.07 90.15 
22.56 0.67 0.65 0.23 0.22 -0.15 -0.09 0.21 -0.04 0.08 125.66 102.59 91.01 
22.66 0.63 0.63 0.19 0.19 -0.06 -0.07 -0.12 -0.11 -0.02 126.30 101.03 89.78 
22.76 0.54 0.54 0.21 0.21 0.14 0.13 -0.09 -0.07 -0.10 121.57 101.83 88.80 
22.86 0.61 0.60 0.24 0.24 -0.06 -0.02 0.05 -0.02 -0.02 123.18 103.32 89.71 
22.96 0.57 0.57 0.23 0.24 0.05 0.06 -0.16 -0.09 -0.00 122.80 103.73 89.93 
23.06 0.50 0.50 0.20 0.21 0.07 0.07 -0.54 0.02 0.06 120.56 102.13 90.89 
23.17 0.46 0.44 0.16 0.17 0.02 0.07 -0.65 -0.31 -0.03 115.35 99.92 89.60 
23.27 0.40 0.39 0.15 0.15 -0.10 -0.06 -0.57 -0.54 -0.17 111.14 98.74 88.05 
23.37 0.33 0.34 0.19 0.18 -0.00 -0.05 -0.91 -0.04 -0.22 109.73 100.34 87.35 
23.47 0.21 0.21 0.15 0.16 -0.24 -0.25 -1.10 0.07 -0.23 102.60 99.53 87.35 
23.57 0.04 0.07 0.14 0.13 -0.29 -0.20 -1.26 -0.16 -0.23 94.73 98.01 87.32 
23.68 -0.11 -0.10 0.11 0.11 -0.15 -0.20 -1.48 -0.35 -0.41 86.14 97.22 85.31 
23.78 -0.19 -0.18 0.09 0.09 -0.69 -0.73 -1.35 -0.38 -0.60 80.31 95.64 82.79 
23.88 -0.29 -0.29 0.10 0.11 -0.65 -0.68 -0.86 -0.25 -0.43 73.84 96.35 84.61 
23.98 -0.33 -0.37 0.11 0.12 -1.12 -0.92 -0.58 -0.01 -0.23 68.87 96.72 87.21 
24.08 -0.31 -0.37 0.07 0.08 -1.21 -1.01 -0.39 0.47 0.02 69.08 94.67 90.21 
24.18 -0.46 -0.46 0.06 0.08 -0.74 -0.75 -0.27 -0.15 0.09 63.78 94.45 91.04 
24.28 -0.48 -0.47 0.03 0.03 -0.80 -0.78 -0.30 -0.12 0.06 62.71 91.98 90.91 
24.39 -0.50 -0.50 0.03 0.03 -0.77 -0.77 -0.15 -0.14 -0.03 61.53 92.15 89.77 
24.49 -0.51 -0.51 0.04 0.04 -0.83 -0.82 -0.06 -0.08 -0.05 60.73 91.97 89.39 
24.59 -0.53 -0.53 0.04 0.03 -0.79 -0.80 -0.03 -0.01 -0.01 60.01 91.81 89.81 
24.70 -0.50 -0.51 0.03 0.03 -0.91 -0.88 -0.01 -0.04 0.02 60.38 92.06 90.15 
24.80 -0.52 -0.51 0.06 0.06 -0.90 -0.94 0.08 -0.03 0.01 61.30 92.78 90.07 
24.90 -0.45 -0.45 0.05 0.05 -1.10 -1.11 0.19 0.02 0.06 64.05 92.96 90.52 
25.00 -0.42 -0.43 0.14 0.13 -1.21 -1.28 0.59 0.46 0.27 65.12 97.66 93.26 
25.10 -0.38 -0.39 0.19 0.19 -1.17 -1.13 0.84 1.02 0.67 66.66 100.08 97.79 
25.20 -0.30 -0.31 0.25 0.25 -0.77 -0.74 0.81 0.94 0.66 71.46 104.18 98.24 
25.31 -0.23 -0.22 0.38 0.37 -0.88 -0.88 0.77 0.94 0.45 76.55 110.55 95.43 
25.41 -0.12 -0.13 0.46 0.49 -0.80 -0.79 0.26 1.00 0.33 81.24 119.71 94.27 
25.51 -0.13 -0.14 0.53 0.54 -0.71 -0.67 0.31 0.89 0.20 81.19 119.48 92.45 
25.62 -0.11 -0.12 0.57 0.58 -0.58 -0.56 0.45 0.16 0.08 81.17 121.96 91.26 
25.72 -0.01 -0.02 0.62 0.65 -0.69 -0.73 0.32 0.33 0.17 88.02 129.67 92.07 
25.82 0.03 0.02 0.65 0.64 -0.64 -0.60 0.18 0.17 0.21 92.03 127.75 92.61 
25.92 0.03 0.01 0.59 0.59 -0.56 -0.54 0.00 0.01 -0.05 89.94 124.09 89.74 
26.03 0.01 0.02 0.65 0.64 -0.54 -0.55 0.07 -0.04 -0.12 91.32 126.08 88.63 
26.13 0.01 0.02 0.69 0.67 -0.56 -0.57 0.09 -0.04 -0.06 91.21 127.78 89.18 
26.24 0.01 0.02 0.64 0.64 -0.58 -0.58 0.00 0.00 0.02 91.37 127.59 90.26 
26.34 0.02 0.03 0.65 0.65 -0.60 -0.60 0.03 -0.01 0.01 91.50 127.05 90.08 
26.44 0.01 0.01 0.63 0.64 -0.57 -0.56 -0.04 -0.16 -0.08 90.41 126.55 89.01 
26.54 -0.05 -0.03 0.55 0.56 -0.48 -0.52 0.05 -0.68 -0.20 89.41 122.32 87.84 
26.65 -0.03 -0.03 0.53 0.54 -0.59 -0.60 0.06 -1.06 -0.35 88.57 121.38 85.73 
26.75 -0.01 -0.02 0.47 0.47 -0.78 -0.70 0.02 -1.39 -0.18 88.65 117.38 87.62 
26.85 -0.01 -0.02 0.32 0.33 -0.77 -0.76 -0.17 -1.11 -0.05 89.00 109.19 89.40 
26.95 -0.06 -0.05 0.17 0.19 -0.74 -0.75 -0.30 -1.24 -0.06 87.61 102.20 89.41 
27.06 -0.10 -0.09 0.02 0.03 -0.60 -0.66 -0.35 -1.36 -0.10 85.50 93.14 88.81 
27.16 -0.13 -0.11 -0.04 -0.03 -0.75 -0.87 -0.40 -0.98 -0.04 85.17 86.51 89.36 
27.26 -0.18 -0.18 -0.15 -0.15 -0.63 -0.63 -0.18 -0.60 0.18 79.91 81.66 91.82 
27.36 -0.23 -0.24 -0.21 -0.24 -0.48 -0.41 0.08 -0.21 0.34 77.39 75.93 93.88 
27.46 -0.19 -0.21 -0.24 -0.24 -0.59 -0.49 0.27 0.19 0.41 77.79 75.98 94.90 
27.57 -0.16 -0.17 -0.16 -0.17 -0.67 -0.61 0.29 0.25 0.45 79.88 79.29 95.27 
27.67 -0.16 -0.16 -0.15 -0.15 -0.38 -0.39 0.30 0.33 0.52 81.16 81.44 96.20 
27.77 -0.12 -0.13 -0.11 -0.11 -0.54 -0.50 0.30 0.31 0.43 82.23 83.37 95.31 
27.87 -0.10 -0.11 -0.09 -0.09 -0.41 -0.35 0.26 0.26 0.30 83.26 84.23 93.71 
27.98 -0.08 -0.09 -0.09 -0.09 -0.44 -0.43 0.24 0.29 0.12 85.20 84.55 91.59 
28.08 -0.06 -0.07 -0.01 -0.02 -0.31 -0.30 0.25 0.39 0.01 86.43 88.04 90.27 
28.18 -0.05 -0.05 0.05 0.04 -0.18 -0.19 0.29 0.53 0.04 86.64 92.49 90.41 
28.28 -0.03 -0.03 0.10 0.10 -0.24 -0.24 0.19 0.40 0.02 88.43 95.66 90.44 
28.39 -0.01 -0.02 0.13 0.13 -0.26 -0.23 0.03 0.16 -0.11 88.55 97.19 88.93 
28.49 -0.02 -0.02 0.11 0.11 -0.30 -0.29 -0.14 -0.11 -0.24 88.64 96.27 87.30 
28.59 -0.03 -0.03 0.10 0.10 -0.44 -0.42 -0.27 -0.33 -0.30 87.84 95.21 86.38 
28.69 -0.11 -0.09 0.07 0.07 -0.35 -0.33 -0.27 -0.10 -0.26 84.50 93.03 86.78 
28.80 -0.11 -0.11 0.10 0.10 -0.38 -0.37 -0.12 0.08 -0.22 83.52 95.19 87.27 
28.90 -0.07 -0.08 0.10 0.10 -0.77 -0.71 0.02 -0.08 -0.17 85.44 95.49 87.98 
29.00 -0.08 -0.07 0.09 0.10 -0.71 -0.74 0.05 -0.31 -0.11 85.52 95.79 88.55 
29.10 -0.06 -0.06 0.07 0.07 -0.82 -0.82 -0.03 -0.04 0.09 86.27 94.04 90.72 
29.20 -0.07 -0.06 0.13 0.12 -0.90 -0.94 -0.12 0.16 0.12 86.68 96.92 91.48 
29.31 0.36 0.09 0.48 0.38 -2.41 -2.71 0.07 0.06 0.22 70.56 113.97 92.39 
29.41 -0.20 -0.23 0.06 0.05 0.02 0.04 0.45 -0.26 0.23 68.99 80.58 93.26 
29.51 -0.09 -0.07 0.01 0.01 -0.35 -0.42 0.60 -0.00 0.11 85.96 90.42 91.43 
29.61 0.03 0.02 0.08 0.08 -0.75 -0.70 -0.13 -0.55 0.01 91.22 94.60 90.10 
29.71 -0.15 -0.14 -0.14 -0.06 -0.12 -0.01 0.03 -0.10 0.19 82.05 91.72 92.32 
29.81 -0.00 -0.01 0.02 0.01 -0.53 -0.50 0.24 0.44 0.17 89.16 89.38 91.96 
29.92 0.51 0.37 -0.14 -0.21 -1.42 -1.17 0.27 0.09 0.21 96.10 85.01 92.51 
30.02 -0.02 0.05 0.02 0.04 -0.17 -0.42 0.40 0.34 0.14 92.21 92.10 91.79 
30.12 -0.18 -0.34 0.06 -0.10 0.38 0.35 -0.01 0.04 0.06 106.77 101.97 90.92 
30.23 0.03 0.06 0.10 0.06 -0.17 -0.34 0.02 -0.00 0.00 93.22 93.29 90.05 
30.33 0.04 0.03 0.08 0.08 -0.21 -0.19 0.03 -0.01 0.00 91.82 94.86 90.04 
30.43 0.06 0.07 0.07 0.07 -0.36 -0.38 0.01 0.01 0.00 93.80 94.05 90.06 
30.53 0.05 0.06 0.08 0.08 -0.32 -0.36 -0.00 0.02 0.00 93.62 93.53 90.05 
30.63 0.06 0.06 0.07 0.07 -0.35 -0.36 -0.01 0.02 0.00 93.55 94.20 90.03 
30.74 0.06 0.06 0.07 0.08 -0.41 -0.39 -0.01 0.00 0.00 93.19 94.59 90.04 
30.84 0.05 0.06 0.06 0.07 -0.33 -0.35 0.01 -0.03 0.00 93.33 94.37 90.06 
30.94 0.05 0.06 0.08 0.07 -0.32 -0.35 0.02 -0.02 0.01 93.62 94.44 90.06 
31.04 0.07 0.07 0.09 0.07 -0.37 -0.39 0.03 -0.01 0.01 93.48 94.34 90.05 
31.15 0.06 0.06 0.08 0.07 -0.36 -0.40 0.02 -0.01 0.01 93.80 94.18 90.05 
31.25 0.06 0.06 0.08 0.08 -0.35 -0.35 0.02 -0.01 0.01 93.58 94.47 90.06 
31.35 0.07 0.07 0.07 0.07 -0.40 -0.39 0.01 -0.01 0.01 93.50 94.34 90.06 
31.45 0.06 0.06 0.07 0.07 -0.38 -0.38 0.01 -0.01 0.00 93.59 94.12 90.06 
31.56 0.06 0.06 0.07 0.07 -0.37 -0.38 0.01 -0.00 0.00 93.46 93.93 90.08 
31.66 0.06 0.06 0.08 0.08 -0.35 -0.36 0.01 -0.01 0.00 93.61 94.12 90.05 
31.76 0.06 0.06 0.07 0.07 -0.36 -0.35 0.02 -0.01 0.00 93.54 94.07 90.05 
31.87 0.07 0.07 0.07 0.07 -0.41 -0.40 0.01 -0.02 0.01 93.47 94.81 90.07 
31.97 0.06 0.06 0.08 0.08 -0.40 -0.39 0.01 -0.02 0.00 93.39 94.53 90.04 
32.07 0.06 0.06 0.08 0.07 -0.37 -0.37 0.01 0.00 0.00 93.58 94.40 90.07 
32.18 0.06 0.06 0.08 0.08 -0.41 -0.39 0.02 0.00 0.00 94.22 93.95 90.04 
32.28 0.07 0.07 0.07 0.08 -0.41 -0.38 0.01 -0.01 0.01 93.69 94.48 90.06 
32.38 0.06 0.06 0.08 0.08 -0.40 -0.39 0.01 -0.02 0.00 93.54 94.41 90.02 
32.49 0.06 0.06 0.07 0.07 -0.38 -0.38 0.01 -0.01 0.01 93.51 93.89 90.08 
32.59 0.06 0.07 0.07 0.07 -0.41 -0.43 0.01 -0.01 0.00 93.72 94.20 90.04 
32.69 0.06 0.06 0.08 0.08 -0.37 -0.38 0.02 -0.00 0.00 93.64 94.29 90.05 
32.80 0.07 0.07 0.07 0.07 -0.39 -0.38 0.01 -0.02 0.01 93.49 94.32 90.07 
32.90 0.07 0.07 0.07 0.07 -0.42 -0.41 0.01 -0.01 0.01 93.75 94.18 90.06 
33.01 0.06 0.06 0.08 0.07 -0.36 -0.35 0.02 -0.01 0.00 93.39 93.99 90.05 
33.11 0.06 0.06 0.07 0.07 -0.36 -0.39 0.01 -0.01 0.00 93.52 93.95 90.05 
33.21 0.06 0.06 0.08 0.08 -0.38 -0.39 0.01 -0.01 0.01 93.64 94.46 90.06 
33.31 0.06 0.06 0.08 0.08 -0.40 -0.40 0.02 -0.01 0.01 93.45 94.12 90.05 
33.42 0.06 0.06 0.07 0.07 -0.38 -0.37 0.01 -0.02 0.01 93.57 94.58 90.07 
33.52 0.06 0.06 0.08 0.08 -0.38 -0.37 0.02 -0.02 0.01 93.81 94.32 90.06 
33.62 0.07 0.07 0.07 0.07 -0.35 -0.39 0.01 -0.01 0.00 93.97 93.92 90.06 
33.72 0.06 0.06 0.07 0.08 -0.38 -0.37 0.02 -0.01 0.00 93.44 94.35 90.06 
33.83 0.07 0.07 0.07 0.08 -0.39 -0.39 0.01 -0.01 0.00 93.59 94.19 90.05 
33.93 0.07 0.06 0.07 0.08 -0.39 -0.38 0.01 -0.01 0.00 93.62 94.31 90.06 
34.03 0.07 0.07 0.07 0.07 -0.41 -0.40 0.02 -0.01 0.00 93.75 94.27 90.06 
34.14 0.06 0.06 0.08 0.07 -0.33 -0.34 0.01 -0.01 0.00 93.19 93.93 90.06 
34.24 0.06 0.06 0.08 0.08 -0.38 -0.39 0.01 -0.01 0.00 93.50 93.97 90.04 
34.34 0.07 0.06 0.07 0.08 -0.37 -0.35 0.01 -0.02 0.01 93.52 94.35 90.05 
34.45 0.07 0.06 0.07 0.08 -0.42 -0.41 0.01 -0.02 0.01 93.82 94.56 90.07 
34.55 0.06 0.06 0.08 0.08 -0.38 -0.39 0.01 -0.01 0.00 93.76 94.27 90.03 
34.65 0.07 0.06 0.08 0.07 -0.40 -0.38 0.02 -0.01 0.00 93.67 94.10 90.05 
34.75 0.06 0.06 0.08 0.08 -0.33 -0.34 0.02 -0.00 0.00 93.52 94.26 90.05 
34.86 0.07 0.06 0.07 0.08 -0.40 -0.47 0.01 -0.01 0.00 93.59 94.29 90.04 
34.96 0.07 0.06 0.08 0.08 -0.38 -0.37 0.01 -0.02 0.00 93.57 94.31 90.02 
35.07 0.06 0.06 0.07 0.07 -0.38 -0.38 0.01 -0.01 0.00 93.61 94.14 90.08 
35.17 0.05 0.06 0.08 0.07 -0.36 -0.38 0.01 -0.01 0.01 93.64 94.11 90.06 
35.27 0.06 0.06 0.08 0.08 -0.34 -0.34 0.02 -0.00 0.01 93.66 94.31 90.06 
35.37 0.07 0.06 0.07 0.07 -0.38 -0.35 0.01 -0.01 0.00 93.47 94.21 90.06 
35.48 0.07 0.07 0.07 0.07 -0.40 -0.39 0.01 -0.01 0.00 93.63 94.42 90.03 
35.58 0.06 0.06 0.07 0.07 -0.34 -0.35 0.01 -0.02 0.00 93.53 94.05 90.04 
35.69 0.06 0.06 0.07 0.07 -0.37 -0.38 0.01 -0.01 0.01 93.60 94.29 90.07 
35.79 0.07 0.06 0.08 0.08 -0.40 -0.38 0.01 -0.00 0.00 93.37 94.37 90.05 
35.89 0.06 0.06 0.07 0.07 -0.38 -0.38 0.01 -0.01 0.00 93.53 94.45 90.05 
36.00 0.06 0.06 0.06 0.07 -0.39 -0.38 0.01 -0.01 0.01 93.77 94.33 90.06 
36.10 0.07 0.07 0.08 0.07 -0.41 -0.39 0.02 -0.01 0.00 93.75 94.22 90.05 
36.20 0.06 0.06 0.07 0.07 -0.37 -0.36 0.01 -0.01 0.01 93.49 94.09 90.06 
36.30 0.06 0.06 0.07 0.07 -0.37 -0.38 0.02 -0.01 0.00 93.79 94.09 90.05 
36.40 0.07 0.06 0.07 0.08 -0.39 -0.36 0.01 -0.01 0.00 93.66 94.71 90.05 
36.51 0.07 0.06 0.07 0.07 -0.40 -0.37 0.01 -0.01 0.01 93.43 94.08 90.05 
36.61 0.06 0.06 0.07 0.07 -0.34 -0.34 0.01 -0.01 0.00 93.76 94.28 90.06 
36.71 0.05 0.06 0.08 0.07 -0.34 -0.37 0.01 -0.02 0.00 93.33 94.11 90.04 
36.81 0.07 0.07 0.08 0.07 -0.40 -0.39 0.01 -0.00 0.00 93.72 94.14 90.05 
36.92 0.06 0.06 0.08 0.08 -0.38 -0.40 0.01 -0.01 0.01 93.61 94.34 90.06 
37.02 0.05 0.05 0.09 0.05 -0.31 -0.32 0.01 -0.04 0.00 93.36 94.50 90.07 
37.12 0.06 0.06 0.08 0.09 -0.37 -0.39 0.00 -0.01 0.00 93.68 94.99 90.05 
37.23 0.07 0.06 0.06 0.06 -0.40 -0.38 0.02 -0.02 0.01 93.50 93.84 90.09 
37.33 0.07 0.07 0.07 0.07 -0.37 -0.38 0.01 -0.00 0.00 93.59 93.97 90.08 
37.43 0.06 0.06 0.08 0.08 -0.36 -0.37 0.01 -0.01 0.00 93.64 93.85 90.03 
37.54 0.06 0.07 0.07 0.07 -0.39 -0.41 0.01 -0.01 0.01 93.81 93.89 90.05 
37.67 0.07 0.07 0.07 0.07 -0.43 -0.41 0.01 -0.00 0.00 93.79 94.18 90.03 
37.80 0.05 0.06 0.08 0.08 -0.32 -0.39 0.01 -0.01 0.00 93.66 94.36 90.05 
37.94 0.06 0.06 0.08 0.08 -0.37 -0.34 0.01 -0.01 0.01 93.15 94.56 90.06 
38.07 0.06 0.06 0.08 0.08 -0.37 -0.37 0.01 -0.01 0.00 93.52 94.39 90.05 
38.17 0.07 0.07 0.08 0.07 -0.40 -0.40 0.01 -0.01 0.00 93.73 94.21 90.06 
38.28 0.06 0.06 0.08 0.08 -0.33 -0.33 0.02 -0.01 0.01 93.58 94.41 90.06 
38.38 0.06 0.06 0.08 0.08 -0.35 -0.36 0.01 -0.01 0.00 93.45 94.41 90.04 
38.48 0.06 0.06 0.07 0.07 -0.39 -0.38 0.01 -0.01 0.00 93.82 94.30 90.03 
38.58 0.07 0.06 0.07 0.07 -0.39 -0.37 0.01 -0.01 0.01 93.65 94.12 90.08 
38.68 0.06 0.06 0.07 0.07 -0.37 -0.36 0.01 -0.01 0.00 93.37 94.14 90.05 
38.78 0.06 0.06 0.07 0.07 -0.35 -0.38 0.01 -0.00 0.00 93.69 94.04 90.05 
38.89 0.06 0.06 0.08 0.07 -0.39 -0.38 0.01 -0.01 0.00 93.30 93.73 90.05 
38.99 0.06 0.06 0.06 0.08 -0.39 -0.37 0.02 -0.01 0.00 93.36 94.64 90.05 
39.09 0.06 0.06 0.08 0.08 -0.36 -0.36 0.02 -0.02 0.01 93.56 94.66 90.06 
39.20 0.07 0.07 0.07 0.07 -0.40 -0.39 0.01 -0.01 0.01 94.00 94.42 90.07 
39.30 0.07 0.07 0.07 0.07 -0.42 -0.42 0.01 -0.01 0.00 93.67 93.71 90.06 
39.40 0.05 0.06 0.09 0.08 -0.34 -0.38 0.01 -0.00 0.00 93.71 93.88 90.05 
39.51 0.06 0.06 0.07 0.07 -0.38 -0.36 0.01 -0.02 0.01 93.46 94.56 90.05 
39.61 0.07 0.07 0.07 0.08 -0.38 -0.37 0.01 -0.02 0.00 93.51 94.92 90.05 
39.72 0.07 0.07 0.08 0.07 -0.42 -0.40 0.01 -0.01 0.00 93.73 94.03 90.07 
39.82 0.06 0.06 0.08 0.08 -0.37 -0.38 0.01 -0.00 0.01 93.66 94.53 90.07 
39.92 0.06 0.06 0.08 0.07 -0.38 -0.40 0.01 -0.00 0.00 93.58 93.87 90.05 
40.02 0.06 0.06 0.08 0.07 -0.35 -0.37 0.02 -0.00 0.00 93.48 94.19 90.03 
40.13 0.06 0.06 0.07 0.07 -0.33 -0.33 0.01 -0.01 0.00 93.48 94.36 90.06 
40.23 0.06 0.07 0.07 0.05 -0.39 -0.45 0.01 -0.04 0.01 94.35 94.11 90.04 
40.33 0.05 0.05 0.08 0.09 -0.32 -0.30 0.01 -0.02 -0.00 93.08 95.17 89.96 
40.43 0.07 0.07 0.09 0.08 -0.42 -0.43 0.02 0.01 0.00 95.13 93.67 90.09 
40.53 0.03 0.04 0.05 0.07 -0.25 -0.25 0.01 -0.03 0.01 92.08 94.11 90.09 
40.64 0.06 0.07 0.06 0.07 -0.37 -0.40 0.01 -0.00 0.00 92.90 94.32 90.06 
40.74 0.08 0.08 0.10 0.08 -0.47 -0.46 0.01 -0.02 0.01 94.29 94.27 90.07 
40.85 0.05 0.06 0.06 0.06 -0.33 -0.37 -0.00 -0.02 0.01 93.96 94.08 90.16 
40.95 0.06 0.06 0.07 0.07 -0.40 -0.39 -0.00 -0.02 0.01 93.86 93.90 90.08 
41.06 0.05 0.05 0.05 0.05 -0.36 -0.36 0.01 -0.02 0.01 93.50 93.85 90.14 
41.16 0.05 0.05 0.07 0.05 -0.35 -0.33 0.01 -0.02 0.02 92.81 93.60 90.23 
41.26 0.04 0.06 0.03 0.05 -0.31 -0.35 0.01 -0.01 0.03 93.17 92.69 90.31 
