3.44 0.15 0.07 0.06 0.07 -0.00 0.06 0.01 -0.03 0.00 92.82 92.88 90.01 
3.62 0.06 0.07 0.06 0.07 -0.03 -0.01 0.01 -0.01 0.00 93.99 93.73 90.01 
3.72 0.07 0.07 0.06 0.07 -0.02 -0.02 0.01 -0.02 0.00 94.08 93.86 90.04 
3.82 0.07 0.07 0.08 0.07 0.02 0.02 0.01 -0.02 0.00 93.85 94.10 90.04 
3.92 0.02 0.06 0.06 0.07 0.03 0.01 0.01 0.00 0.00 93.37 93.75 90.04 
4.02 0.10 0.07 0.09 0.07 0.04 0.06 0.02 -0.01 0.00 93.79 94.13 90.04 
4.12 0.06 0.06 0.07 0.07 0.02 0.03 0.02 -0.02 0.00 93.63 94.16 90.04 
4.23 0.07 0.06 0.07 0.07 0.03 0.03 0.02 -0.01 0.00 93.54 94.12 90.02 
4.33 0.06 0.06 0.07 0.07 0.01 0.04 0.01 -0.01 0.00 93.62 94.27 89.99 
4.46 0.06 0.06 0.07 0.07 0.02 0.01 0.01 -0.01 0.00 93.59 94.18 90.02 
4.59 0.07 0.06 0.07 0.07 0.01 0.02 0.01 -0.01 0.00 93.68 94.15 90.04 
4.73 0.06 0.06 0.07 0.07 0.04 0.01 0.01 -0.01 0.00 93.63 94.13 90.04 
4.86 0.06 0.06 0.07 0.07 0.02 0.03 0.01 -0.01 0.00 93.61 94.07 90.05 
4.96 0.07 0.06 0.08 0.07 0.02 0.03 0.01 -0.01 0.00 93.67 94.12 90.03 
5.06 0.07 0.06 0.07 0.07 0.02 0.03 0.01 -0.01 0.00 93.53 94.01 90.04 
5.16 0.07 0.07 0.08 0.07 0.02 0.02 0.02 -0.01 0.00 93.75 94.22 90.03 
5.27 0.06 0.06 0.08 0.07 0.03 0.03 0.02 -0.01 0.00 93.57 94.09 90.06 
5.37 0.09 0.06 0.03 0.07 0.06 0.09 0.01 -0.00 0.00 93.22 94.39 90.05 
5.48 0.13 0.07 0.11 0.07 -0.05 -0.01 0.01 -0.02 0.00 93.64 93.38 90.04 
5.58 0.07 0.07 0.06 0.07 -0.00 -0.00 0.02 -0.01 0.00 93.87 94.19 90.03 
5.68 0.06 0.06 0.07 0.07 0.01 -0.00 0.01 -0.01 0.00 93.71 94.11 90.05 
5.79 0.07 0.06 0.07 0.07 -0.01 -0.00 0.01 -0.01 0.00 93.65 94.10 90.06 
5.89 0.06 0.06 0.07 0.07 -0.00 0.02 0.01 -0.02 0.00 93.65 94.09 90.05 
5.99 0.06 0.06 0.07 0.07 0.00 0.00 0.01 -0.00 0.00 93.69 94.14 90.06 
6.10 0.06 0.06 0.07 0.07 0.07 0.07 0.01 -0.02 0.00 93.45 94.28 90.02 
6.20 0.06 0.06 0.07 0.07 0.02 0.04 0.01 -0.01 0.00 93.38 94.19 90.04 
6.31 0.10 0.07 0.17 0.09 0.02 0.03 0.01 -0.01 0.00 93.54 94.07 90.05 
6.41 0.06 0.07 0.08 0.08 0.01 0.01 0.01 -0.01 0.00 93.76 94.43 90.02 
6.51 0.05 0.06 0.07 0.08 0.01 0.00 0.01 -0.01 0.00 93.64 94.35 90.03 
6.62 0.06 0.06 0.07 0.07 0.00 0.00 0.01 -0.02 0.00 93.59 94.26 90.04 
6.72 0.06 0.07 0.07 0.07 -0.01 -0.01 0.01 -0.02 0.01 93.79 94.04 90.06 
6.82 0.06 0.06 0.08 0.08 -0.00 -0.01 0.01 -0.01 0.00 93.61 94.37 90.03 
6.93 0.09 0.07 0.06 0.07 0.01 0.03 0.02 -0.01 0.00 93.57 93.99 90.04 
7.03 0.08 0.06 0.03 0.06 0.02 0.03 0.01 -0.02 0.00 93.45 93.59 90.03 
7.13 0.07 0.06 0.08 0.07 0.01 0.01 0.01 -0.01 -0.00 93.68 93.91 89.99 
7.23 0.07 0.06 0.07 0.07 -0.02 -0.02 0.01 -0.01 0.00 93.66 94.04 90.05 
7.34 0.07 0.07 0.08 0.07 0.02 0.02 0.02 -0.02 0.00 93.73 94.17 90.05 
7.44 0.06 0.06 0.08 0.07 -0.00 0.00 0.01 -0.01 0.00 93.57 94.12 90.04 
7.54 0.06 0.06 0.07 0.07 -0.00 -0.00 0.01 -0.00 0.00 93.64 94.17 90.01 
7.64 0.07 0.06 0.08 0.07 0.00 0.00 0.01 -0.00 0.00 93.69 94.15 90.00 
7.75 0.07 0.06 0.06 0.07 0.04 0.04 0.02 -0.02 0.00 93.44 94.20 90.03 
7.85 0.07 0.07 0.08 0.07 -0.00 -0.00 0.01 -0.01 0.00 93.68 94.19 90.05 
7.96 0.07 0.06 0.08 0.07 0.03 0.02 0.01 -0.01 0.00 93.70 94.08 90.05 
8.06 0.07 0.06 0.08 0.07 0.01 0.01 0.01 -0.00 0.00 93.67 94.18 90.04 
8.16 0.06 0.06 0.07 0.07 0.02 -0.01 0.01 0.01 0.00 93.67 94.15 90.01 
8.26 0.05 0.06 0.06 0.07 0.16 0.16 0.01 -0.02 0.00 93.42 94.01 90.04 
8.36 0.07 0.06 0.07 0.07 0.02 0.03 0.02 -0.01 0.00 93.60 94.21 90.03 
8.47 0.07 0.06 0.08 0.07 0.02 0.02 0.01 -0.01 0.00 93.61 94.03 90.03 
8.57 0.06 0.06 0.06 0.07 0.04 0.04 0.01 -0.00 0.00 93.62 94.18 90.05 
8.68 0.08 0.07 0.07 0.07 -0.03 -0.02 0.01 -0.00 0.00 93.68 94.22 90.04 
8.78 0.04 0.06 0.07 0.08 0.02 0.01 0.01 -0.01 0.00 93.74 94.55 90.05 
8.88 0.05 0.06 0.06 0.07 0.01 0.00 0.02 -0.02 0.00 93.53 94.10 90.05 
8.98 0.07 0.05 0.06 0.07 0.08 0.10 0.02 -0.01 0.00 92.60 94.10 90.03 
9.09 0.03 0.06 0.08 0.07 0.05 0.03 0.00 0.01 0.00 93.54 94.18 90.00 
9.19 0.09 0.06 0.07 0.07 0.01 0.02 0.02 -0.01 0.00 93.40 94.10 90.01 
9.29 0.07 0.06 0.08 0.07 0.01 0.01 0.01 -0.02 0.00 93.63 94.15 90.05 
9.40 0.06 0.06 0.06 0.07 0.01 0.01 0.01 -0.01 0.00 93.64 94.04 90.03 
9.50 0.06 0.06 0.07 0.07 0.02 0.02 0.01 -0.01 0.00 93.62 94.08 90.06 
9.60 0.07 0.06 0.08 0.08 0.24 0.24 0.01 -0.00 0.00 93.64 94.41 90.03 
9.70 0.07 0.07 0.08 0.08 0.00 -0.00 0.01 0.00 0.00 93.74 94.31 90.03 
9.81 0.07 0.06 0.07 0.07 -0.01 -0.01 0.01 -0.01 0.01 93.70 94.20 90.08 
9.91 0.07 0.06 0.07 0.07 0.01 0.01 0.01 -0.02 0.00 93.69 94.19 90.03 
10.01 0.06 0.06 0.08 0.08 0.01 0.01 0.01 -0.01 0.00 93.60 94.36 90.01 
10.11 0.09 0.07 0.00 0.05 -0.13 -0.11 0.02 -0.03 -0.02 94.21 92.96 89.71 
10.22 0.06 0.07 0.11 0.06 -0.02 -0.04 0.01 -0.02 -0.19 93.87 93.03 87.69 
10.32 0.05 0.08 0.05 0.10 -0.18 -0.21 0.01 -0.01 0.06 95.00 95.95 90.48 
10.42 0.04 0.07 0.03 0.06 -0.04 -0.05 -0.00 -0.00 0.09 93.87 93.64 91.06 
10.52 0.07 0.07 0.07 0.07 -0.13 -0.13 0.01 -0.01 0.00 93.72 93.73 90.08 
10.63 0.05 0.06 0.07 0.07 -0.06 -0.07 0.00 -0.01 0.00 93.83 93.93 90.04 
10.73 0.06 0.06 0.08 0.07 -0.06 -0.07 0.01 -0.01 0.00 93.70 94.19 90.03 
10.83 0.07 0.06 0.08 0.07 -0.05 -0.04 0.01 -0.01 0.00 93.54 94.23 90.02 
10.93 0.06 0.07 0.07 0.07 -0.07 -0.07 0.01 -0.01 0.00 93.73 94.20 90.05 
11.04 0.06 0.06 0.08 0.07 -0.04 -0.04 0.01 -0.01 0.00 93.66 94.17 90.03 
11.14 0.05 0.06 0.07 0.07 -0.03 -0.04 0.01 -0.00 0.00 93.64 94.18 90.02 
11.24 0.05 0.06 0.08 0.08 -0.05 -0.06 0.01 0.01 0.11 93.52 94.82 91.15 
11.35 0.01 0.03 0.09 0.11 0.20 0.20 -0.11 -0.01 -0.12 91.65 96.36 88.38 
11.45 0.50 0.08 0.20 0.11 -0.09 0.22 -0.21 0.10 -0.08 90.45 95.54 88.94 
11.55 0.06 0.05 0.11 0.11 -0.06 -0.05 -0.22 0.13 -0.02 92.57 96.24 89.64 
11.66 0.05 0.06 0.10 0.11 -0.26 -0.20 -0.11 -0.12 0.09 93.76 96.16 91.01 
11.76 0.06 0.10 0.10 -0.03 -0.30 -0.31 0.39 0.62 -0.31 95.92 86.74 87.38 
11.86 0.35 0.09 0.20 0.13 -0.18 -0.03 0.39 0.19 -0.01 95.21 97.67 89.86 
11.97 0.17 0.08 0.12 0.15 0.08 0.14 0.80 0.24 0.11 93.91 99.17 91.23 
12.07 0.19 0.14 0.24 0.19 0.34 0.36 0.70 0.21 0.15 97.21 100.58 91.59 
12.17 0.32 0.25 0.16 0.16 0.23 -0.02 0.37 -0.06 0.04 103.40 99.32 90.53 
12.27 0.23 0.26 0.26 0.23 0.31 0.28 -0.06 -0.04 -0.04 105.37 103.12 89.16 
12.38 0.28 0.26 0.25 0.20 0.25 0.24 0.22 0.08 0.02 104.73 100.71 89.74 
12.48 0.33 0.28 0.16 0.19 0.28 0.31 0.52 -0.15 0.18 105.24 101.03 92.23 
12.59 0.40 0.37 0.18 0.17 0.37 0.38 0.49 0.04 0.08 110.95 100.02 90.95 
12.69 0.43 0.39 0.22 0.18 0.45 0.38 0.41 0.01 0.09 111.88 100.02 91.06 
12.79 0.35 0.37 0.15 0.17 0.56 0.56 0.39 -0.28 0.17 111.26 99.52 91.98 
12.89 0.49 0.43 0.13 0.13 0.54 0.57 0.32 0.04 0.07 114.20 97.81 90.98 
13.00 0.54 0.46 0.18 0.15 0.52 0.54 0.17 -0.08 0.02 115.83 98.57 90.12 
13.10 0.43 0.47 0.16 0.15 0.58 0.56 -0.36 0.06 0.01 117.48 98.65 90.19 
13.20 0.52 0.48 0.12 0.14 0.16 0.33 -0.68 0.33 0.02 117.15 98.01 90.39 
13.31 0.25 0.36 0.19 0.15 0.24 0.18 -1.59 0.03 -0.16 110.65 98.86 88.10 
13.41 0.07 0.18 0.16 0.17 -0.12 -0.21 -1.95 -0.21 -0.19 101.37 99.63 87.73 
13.51 -0.04 0.01 0.16 0.15 0.02 -0.03 -1.51 -0.27 -0.01 90.97 98.76 89.87 
13.62 -0.22 -0.13 0.08 0.13 -0.21 -0.31 -1.01 -0.02 0.10 83.37 98.21 91.18 
13.72 -0.28 -0.23 0.12 0.14 0.40 0.37 -0.71 -0.12 -0.03 77.52 98.31 89.91 
13.82 -0.34 -0.30 0.17 0.14 -0.13 -0.17 -0.66 0.21 -0.14 73.42 97.56 88.34 
13.93 -0.42 -0.36 0.18 0.17 -0.38 -0.13 -0.53 0.15 -0.17 69.83 99.43 87.82 
14.03 -0.46 -0.40 0.18 0.17 -0.05 -0.11 -0.32 -0.07 -0.10 66.87 99.83 88.81 
14.13 -0.43 -0.45 0.15 0.16 -0.18 -0.16 -0.12 0.09 -0.01 64.25 99.41 89.92 
14.23 -0.43 -0.44 0.17 0.17 -0.17 -0.15 0.16 0.14 0.10 64.36 99.51 91.13 
14.34 -0.37 -0.40 0.21 0.20 -0.32 -0.28 0.50 0.07 0.28 66.48 101.09 92.98 
14.44 -0.29 -0.34 0.22 0.21 0.23 -0.37 1.36 -0.24 0.50 70.08 102.18 95.64 
14.55 -0.23 -0.27 0.16 0.20 0.60 0.66 2.01 -0.29 0.60 74.10 101.62 97.38 
14.65 0.11 -0.09 0.24 0.16 0.90 0.90 1.71 0.29 0.40 83.06 98.28 94.81 
14.75 0.16 0.07 0.29 0.21 0.67 0.66 1.10 -0.08 0.24 93.74 101.99 92.87 
14.85 0.15 0.16 0.12 0.18 0.98 1.01 0.75 -0.15 0.20 99.26 100.86 92.40 
14.96 0.34 0.27 0.16 0.16 1.01 0.91 0.59 0.02 0.09 104.87 99.04 91.09 
15.06 0.28 0.30 0.14 0.16 0.97 0.98 0.46 0.02 -0.00 107.11 99.34 89.95 
15.16 0.43 0.37 0.19 0.17 0.99 0.99 0.56 -0.16 0.01 110.72 99.72 90.04 
15.26 0.48 0.44 0.18 0.17 1.04 1.04 0.50 -0.14 0.01 115.01 99.95 90.09 
15.37 0.46 0.48 0.13 0.15 0.98 0.98 0.31 -0.14 0.00 117.72 98.50 90.15 
15.47 0.52 0.49 0.15 0.14 1.02 1.02 0.33 -0.40 -0.02 118.08 98.24 89.79 
15.57 0.58 0.55 0.10 0.11 0.98 0.99 0.36 -0.19 0.02 121.23 96.19 90.21 
15.68 0.73 0.66 0.03 0.05 0.52 0.58 -0.28 0.29 -0.10 127.23 93.00 89.09 
15.78 0.33 0.49 0.15 0.09 0.84 0.77 -0.75 0.19 -0.25 119.41 94.48 87.14 
15.88 0.30 0.34 0.11 0.11 0.73 0.72 -1.05 -0.01 -0.37 109.88 96.52 85.73 
15.98 0.37 0.36 0.20 0.16 0.55 0.54 -1.15 0.49 -0.55 110.44 98.64 83.81 
16.09 0.28 0.26 0.29 0.23 0.58 0.57 -0.91 -0.31 -0.32 104.42 102.85 85.74 
16.19 0.09 0.16 0.19 0.23 0.22 0.18 -0.38 -0.09 0.14 99.37 103.29 91.63 
16.29 0.10 0.14 0.21 0.21 0.13 0.10 0.23 -0.21 0.15 98.27 101.81 91.97 
16.40 0.17 0.13 0.17 0.17 0.28 0.30 -0.07 -0.29 -0.05 97.24 100.02 89.61 
16.50 0.15 0.14 0.20 0.18 0.13 0.13 -0.27 -0.18 -0.12 98.12 99.88 88.35 
16.60 0.10 0.11 0.14 0.17 0.15 0.14 -0.23 -0.26 -0.12 96.44 99.85 88.60 
16.70 0.03 0.08 0.17 0.16 -0.18 0.03 -0.35 0.09 -0.13 95.37 99.00 88.43 
16.81 0.03 0.05 0.14 0.16 0.07 0.06 0.26 -0.21 -0.04 92.97 99.42 89.53 
16.91 0.11 0.09 0.21 0.17 0.03 0.02 0.11 0.09 -0.01 94.98 99.65 89.92 
17.01 0.10 0.10 0.14 0.14 -0.06 -0.06 -0.02 0.03 -0.04 95.65 98.33 89.46 
17.11 0.05 0.08 0.11 0.14 0.14 0.12 -0.07 -0.03 0.08 94.74 98.51 90.86 
17.21 0.08 0.05 0.13 0.15 0.21 0.23 -0.23 -0.12 0.05 92.82 98.48 90.83 
17.32 0.18 0.06 0.24 0.10 -0.09 -0.01 0.29 0.15 0.00 91.97 94.27 89.96 
17.42 -0.27 0.06 -0.19 0.05 -0.05 -0.28 0.12 -0.07 -0.02 96.47 95.19 89.76 
17.52 -1.49 0.08 1.55 0.02 -0.16 -0.60 0.19 -0.57 -0.03 110.25 75.96 89.60 
17.62 -0.09 0.14 0.20 0.09 -0.42 -0.64 -0.02 0.03 0.02 97.98 95.30 90.25 
17.72 0.10 0.09 0.02 0.06 -0.13 -0.11 0.09 0.12 -0.02 95.01 94.14 89.86 
17.82 0.06 0.07 0.06 0.06 -0.06 -0.06 0.02 -0.02 -0.14 93.88 93.41 88.43 
17.92 0.08 0.08 0.07 0.08 -0.07 -0.06 0.01 -0.01 0.00 94.50 94.34 90.05 
18.02 0.08 0.07 0.07 0.08 -0.06 -0.05 0.01 -0.03 0.00 93.86 94.32 90.04 
18.12 0.02 0.07 0.10 0.08 -0.08 -0.12 0.02 -0.03 0.00 94.65 94.69 90.04 
18.23 0.07 0.07 0.07 0.07 -0.06 -0.05 0.01 -0.00 0.00 93.76 94.23 90.06 
18.33 0.07 0.06 0.08 0.07 -0.05 -0.04 0.01 0.00 0.00 93.64 94.10 90.03 
18.43 0.05 0.06 0.06 0.07 -0.02 -0.03 0.01 -0.01 0.00 93.62 94.03 90.02 
18.53 0.07 0.06 0.07 0.07 0.02 0.03 0.01 -0.02 0.00 93.62 94.27 90.03 
18.64 0.06 0.06 0.08 0.07 -0.01 -0.01 0.01 -0.01 0.00 93.62 94.14 90.02 
18.74 0.06 0.06 0.08 0.07 -0.00 -0.00 0.01 -0.00 0.00 93.67 94.13 90.02 
18.84 0.04 0.06 0.07 0.07 -0.01 0.01 0.01 0.00 0.00 93.53 94.04 90.02 
18.94 0.05 0.06 0.05 0.07 0.03 0.03 0.01 -0.04 0.00 93.53 94.16 90.04 
19.04 0.06 0.06 0.08 0.07 -0.00 -0.01 0.01 -0.02 0.01 93.69 94.24 90.07 
19.15 0.06 0.06 0.08 0.07 0.01 0.01 0.01 -0.02 0.00 93.49 94.00 90.01 
19.25 0.07 0.06 0.07 0.07 0.04 0.04 0.01 -0.02 0.00 93.51 94.23 90.05 
19.35 0.03 0.06 0.06 0.07 0.03 0.00 0.00 -0.01 0.00 93.70 94.03 90.03 
19.46 0.12 0.06 0.11 0.07 0.02 0.05 0.01 -0.00 0.00 93.07 93.79 90.05 
19.56 0.08 0.08 0.10 0.07 -0.10 -0.11 0.01 0.01 0.00 94.28 93.71 90.03 
19.66 0.07 0.06 0.08 0.07 -0.03 -0.03 -0.01 -0.01 0.00 93.44 93.68 90.02 
19.76 0.06 0.06 0.07 0.07 0.01 0.00 0.02 -0.01 0.00 93.50 94.01 90.02 
19.86 0.00 0.05 0.04 0.07 0.05 0.01 0.03 0.00 0.00 93.69 94.60 90.05 
19.96 0.07 0.06 0.08 0.07 -0.02 -0.02 0.02 0.02 0.00 93.47 94.09 90.04 
20.06 0.07 0.07 0.02 0.06 -0.04 -0.03 0.01 0.02 0.00 93.84 94.10 90.06 
20.16 0.05 0.06 0.08 0.08 -0.07 -0.09 0.02 -0.01 0.00 93.74 94.25 90.01 
20.27 0.06 0.06 0.08 0.07 -0.08 -0.08 0.02 -0.02 0.00 93.49 94.25 90.07 
20.37 0.07 0.07 0.06 0.07 -0.07 -0.07 0.01 -0.02 0.00 93.71 94.29 90.05 
20.48 0.06 0.06 0.07 0.07 -0.07 -0.08 -0.00 0.00 0.00 93.61 94.04 90.04 
20.58 0.05 0.06 0.08 0.07 -0.03 -0.04 0.00 -0.01 0.00 93.37 94.17 90.05 
20.68 0.07 0.06 0.08 0.08 -0.09 -0.08 0.01 -0.01 0.00 93.66 94.35 90.06 
20.78 0.07 0.07 0.08 0.08 -0.05 -0.04 0.01 -0.02 0.00 93.67 94.34 90.04 
20.88 0.07 0.07 0.07 0.07 -0.07 -0.07 0.01 -0.01 0.00 93.72 94.22 90.00 
20.99 0.06 0.06 0.07 0.07 -0.05 -0.05 0.01 -0.02 0.00 93.59 94.26 90.02 
21.09 0.07 0.06 0.07 0.07 -0.03 -0.03 0.01 -0.02 0.00 93.53 94.29 90.04 
21.19 0.06 0.06 0.08 0.07 -0.04 -0.05 0.02 0.00 0.00 93.59 94.12 90.03 
21.29 0.08 0.06 0.04 0.07 -0.03 -0.01 0.01 -0.02 0.00 93.05 94.52 90.03 
21.40 0.06 0.06 0.07 0.07 -0.06 -0.06 0.01 -0.02 0.00 93.58 94.16 90.01 
21.50 0.06 0.06 0.07 0.07 -0.06 -0.06 0.01 -0.02 0.01 93.55 94.08 90.04 
21.60 0.06 0.06 0.07 0.07 -0.04 -0.04 0.01 -0.01 0.00 93.59 94.15 90.03 
21.70 0.05 0.06 0.07 0.07 -0.06 -0.05 0.01 0.00 0.00 93.53 94.25 90.05 
21.81 0.07 0.06 0.07 0.07 -0.05 -0.05 0.01 -0.00 0.00 93.56 94.07 90.04 
21.91 0.07 0.06 0.07 0.07 -0.06 -0.06 0.01 0.00 0.00 93.58 94.14 90.00 
22.01 0.07 0.06 0.06 0.07 -0.08 -0.07 0.01 -0.01 0.00 93.69 94.30 90.04 
22.11 0.07 0.06 0.08 0.07 -0.06 -0.06 0.01 -0.01 0.00 93.63 94.15 90.07 
22.22 0.05 0.06 0.08 0.07 -0.10 -0.07 0.01 -0.01 0.00 93.60 94.20 90.03 
22.32 0.07 0.06 0.07 0.07 -0.09 -0.09 0.01 -0.01 0.00 93.62 94.04 90.04 
22.42 0.06 0.06 0.07 0.07 -0.08 -0.06 0.01 -0.01 0.00 93.61 94.01 90.03 
22.52 0.06 0.06 0.06 0.07 -0.07 -0.07 0.01 -0.02 0.00 93.64 94.27 90.04 
22.62 0.06 0.06 0.07 0.07 -0.03 -0.03 0.02 -0.01 0.00 93.48 94.20 90.05 
22.72 0.06 0.06 0.07 0.07 -0.05 -0.05 0.01 -0.02 0.00 93.53 94.26 90.05 
22.83 0.06 0.06 0.08 0.07 0.01 0.00 0.01 0.00 0.00 93.57 94.19 90.03 
22.93 0.06 0.06 0.08 0.07 0.01 -0.02 0.01 -0.01 0.00 93.61 94.04 90.00 
23.03 0.06 0.06 0.07 0.07 0.00 0.00 0.01 -0.02 0.01 93.65 94.21 90.03 
23.14 0.06 0.06 0.07 0.07 -0.01 -0.01 0.01 -0.02 0.00 93.61 94.32 90.05 
23.24 0.06 0.06 0.07 0.07 0.02 0.02 0.01 -0.01 0.00 93.48 94.09 90.04 
23.34 0.04 0.07 0.08 0.08 -0.17 -0.19 0.02 -0.00 0.01 94.19 94.24 90.07 
23.44 0.06 0.06 0.08 0.07 0.00 -0.00 0.01 0.00 0.00 93.75 94.02 90.04 
23.55 0.06 0.07 0.07 0.07 -0.02 -0.02 0.02 -0.01 0.00 93.91 94.05 90.05 
23.65 0.07 0.07 0.07 0.07 -0.03 -0.03 0.01 -0.02 0.00 93.70 94.12 90.04 
23.75 0.06 0.06 0.08 0.07 0.03 0.03 0.02 -0.01 0.00 93.29 93.89 90.05 
23.86 0.05 0.05 0.07 0.07 0.01 0.01 0.01 -0.01 0.00 93.00 94.12 90.02 
23.96 0.05 0.06 0.08 0.07 0.00 -0.00 0.01 -0.01 0.00 93.35 94.10 90.03 
24.06 0.07 0.06 0.08 0.07 -0.00 -0.00 0.01 0.00 0.00 93.72 94.07 90.02 
24.16 0.07 0.07 0.08 0.07 -0.04 -0.03 0.01 -0.01 0.00 93.79 94.26 90.02 
24.26 0.06 0.06 0.06 0.07 -0.01 -0.01 0.01 -0.02 0.00 93.68 94.30 90.03 
24.37 0.06 0.06 0.08 0.07 0.02 -0.02 0.02 -0.01 0.00 93.51 94.18 90.04 
24.47 0.07 0.06 0.07 0.07 0.02 0.02 0.01 -0.00 0.00 93.53 94.10 90.05 
24.57 0.06 0.06 0.08 0.07 0.00 0.00 0.01 -0.00 0.00 93.58 94.13 90.04 
24.68 0.06 0.06 0.07 0.07 -0.03 -0.03 0.01 -0.01 0.01 93.67 94.10 90.04 
24.78 0.07 0.07 0.06 0.07 -0.02 -0.01 0.01 -0.02 0.00 93.76 94.31 90.03 
24.88 0.07 0.06 0.07 0.07 -0.03 0.01 0.01 -0.02 0.00 93.59 94.11 90.08 
24.98 0.08 0.06 0.08 0.07 -0.02 -0.02 0.01 0.00 0.00 93.42 94.12 90.05 
25.09 0.05 0.06 0.09 0.08 -0.01 -0.01 0.01 0.01 0.00 93.56 94.14 89.99 
25.19 0.06 0.06 0.08 0.07 -0.00 -0.00 0.01 -0.02 0.00 93.61 94.13 90.02 
25.29 0.06 0.07 0.08 0.07 -0.04 -0.05 0.01 -0.02 0.00 94.01 94.28 90.04 
25.40 0.06 0.06 0.07 0.07 -0.03 -0.02 0.02 -0.01 0.00 93.70 94.23 90.06 
25.50 0.07 0.06 0.06 0.07 -0.02 -0.01 0.01 -0.01 0.00 93.59 94.17 90.06 
25.60 0.07 0.06 0.09 0.08 -0.03 -0.04 0.01 0.00 0.00 93.71 94.26 90.06 
25.70 0.06 0.06 0.08 0.07 -0.03 -0.03 0.02 0.00 0.00 93.65 94.16 90.02 
25.81 0.06 0.07 0.06 0.07 -0.04 -0.04 0.01 -0.02 0.00 93.74 94.13 90.01 
25.91 0.06 0.06 0.06 0.07 -0.02 -0.02 0.01 -0.02 0.01 93.63 94.14 90.06 
26.01 0.06 0.06 0.06 0.07 0.01 0.01 0.01 -0.00 0.00 93.51 93.99 90.01 
26.12 0.05 0.06 0.08 0.07 -0.02 -0.02 0.01 -0.00 0.00 93.48 94.29 90.03 
26.22 0.05 0.06 0.08 0.07 0.04 0.03 0.02 -0.01 0.00 93.57 94.18 90.04 
26.32 0.05 0.06 0.07 0.07 -0.02 -0.03 0.01 -0.02 0.00 93.82 94.11 90.04 
26.43 0.06 0.06 0.07 0.07 -0.01 -0.01 0.01 -0.01 0.00 93.74 94.06 90.04 
26.53 0.06 0.06 0.07 0.07 -0.01 -0.01 0.01 0.00 0.00 93.57 93.98 90.06 
26.63 0.07 0.06 0.07 0.07 0.00 -0.01 0.01 -0.01 0.00 93.60 94.23 90.03 
26.73 0.06 0.06 0.07 0.07 0.00 0.00 0.01 -0.00 0.00 93.64 94.20 90.01 
26.84 0.07 0.06 0.07 0.07 -0.02 -0.01 0.02 -0.01 0.00 93.65 94.13 90.02 
26.94 0.06 0.06 0.07 0.07 0.01 0.01 0.01 -0.02 0.00 93.66 94.10 90.05 
27.04 0.07 0.06 0.07 0.07 -0.05 -0.04 0.01 -0.00 0.00 93.69 94.31 90.06 
27.15 0.07 0.06 0.08 0.07 -0.03 -0.02 0.01 -0.00 0.00 93.61 94.14 90.03 
27.25 0.04 0.06 0.08 0.07 -0.02 -0.03 0.01 -0.01 0.00 93.66 94.19 90.04 
27.35 0.07 0.06 0.07 0.07 -0.02 -0.02 0.01 -0.01 0.00 93.54 94.21 90.04 
27.45 0.06 0.06 0.06 0.07 0.00 0.01 0.01 -0.02 0.01 93.58 94.21 90.06 
27.56 0.06 0.06 0.07 0.07 0.00 -0.00 0.01 -0.00 0.00 93.49 94.14 90.03 
27.66 0.06 0.06 0.08 0.07 -0.03 -0.03 0.01 -0.00 0.00 93.54 94.02 90.02 
27.76 0.07 0.06 0.08 0.07 -0.03 -0.03 0.02 -0.01 0.00 93.52 94.22 90.04 
27.90 0.07 0.06 0.08 0.07 -0.01 -0.03 0.01 -0.00 0.00 93.64 94.27 90.03 
28.03 0.06 0.06 0.07 0.07 0.00 -0.01 0.01 -0.02 0.00 93.63 94.22 90.04 
28.16 0.06 0.06 0.07 0.07 -0.02 -0.00 0.01 -0.01 0.00 93.61 94.18 90.04 
28.29 0.06 0.06 0.07 0.07 -0.02 -0.02 0.01 -0.02 0.00 93.63 94.18 90.03 
28.39 0.06 0.06 0.07 0.07 -0.00 -0.00 0.01 -0.02 0.00 93.60 94.17 90.05 
28.50 0.05 0.06 0.12 0.09 0.00 -0.02 0.00 -0.00 0.00 93.87 94.68 90.03 
28.60 0.08 0.07 0.07 0.08 -0.04 -0.03 0.01 -0.01 0.00 94.16 94.64 90.04 
28.70 0.06 0.07 0.07 0.07 -0.02 -0.03 0.01 -0.00 0.00 93.87 94.22 90.03 
28.80 0.06 0.06 0.07 0.07 0.00 0.00 0.00 -0.02 0.00 93.72 94.15 90.03 
28.90 0.06 0.06 0.07 0.07 -0.04 -0.02 0.02 -0.00 0.00 93.57 94.10 90.03 
29.01 0.06 0.06 0.07 0.07 -0.02 -0.02 0.01 -0.02 0.00 93.64 94.03 90.03 
29.11 0.03 0.06 0.11 0.08 0.05 0.02 0.01 0.00 0.00 93.57 94.08 90.05 
29.21 0.07 0.06 0.08 0.07 -0.01 0.00 0.02 -0.00 0.00 93.40 94.23 90.03 
29.31 0.03 0.06 0.07 0.07 0.02 -0.01 0.02 -0.01 0.00 93.38 94.15 90.03 
29.41 0.06 0.06 0.07 0.07 -0.01 -0.01 0.01 -0.02 0.00 93.57 94.09 90.01 
29.51 0.09 0.08 0.08 0.07 -0.05 -0.04 0.01 -0.02 0.01 94.22 94.02 90.05 
29.62 0.04 0.06 0.08 0.07 -0.07 -0.09 0.01 -0.01 0.00 93.68 94.09 90.03 
29.72 0.07 0.06 0.07 0.07 -0.02 -0.02 0.01 -0.01 0.00 93.47 93.84 90.05 
29.82 0.06 0.07 0.09 0.07 -0.06 -0.07 0.01 0.00 0.00 93.89 93.99 90.03 
29.93 0.02 0.06 0.08 0.08 -0.00 -0.04 0.01 0.00 0.01 94.04 94.43 90.03 
30.03 0.06 0.06 0.07 0.07 -0.03 -0.04 0.01 -0.02 0.00 93.62 94.27 90.02 
30.14 0.05 0.06 0.07 0.07 -0.03 -0.02 0.02 -0.02 0.00 93.58 94.22 90.03 
30.24 0.06 0.06 0.08 0.07 -0.01 -0.01 0.01 -0.02 0.01 93.54 94.12 90.06 
30.34 0.06 0.06 0.07 0.07 -0.03 -0.04 0.01 -0.00 0.00 93.61 93.95 90.04 
30.44 0.06 0.06 0.08 0.07 0.00 -0.00 0.01 -0.00 0.00 93.65 93.84 90.04 
30.54 0.06 0.06 0.08 0.07 -0.01 -0.01 0.01 -0.02 0.01 93.55 93.98 90.03 
30.65 0.10 0.07 0.09 0.08 -0.08 -0.01 0.01 -0.02 0.00 93.56 94.33 90.04 
30.75 0.07 0.06 0.07 0.07 -0.05 -0.04 0.01 -0.01 0.00 93.64 94.16 90.05 
30.85 0.07 0.06 0.07 0.07 -0.04 -0.04 0.02 -0.01 0.00 93.63 94.00 90.04 
30.95 0.07 0.06 0.08 0.07 -0.02 -0.02 0.01 -0.00 0.00 93.62 93.91 90.02 
31.06 0.07 0.07 0.06 0.08 -0.04 -0.03 0.02 -0.02 0.00 93.71 94.54 90.04 
31.16 0.06 0.06 0.06 0.07 -0.04 -0.04 0.02 -0.02 0.00 93.72 94.26 90.04 
31.26 0.06 0.06 0.06 0.07 -0.01 -0.01 0.01 -0.02 0.00 93.71 94.22 90.03 
31.36 0.06 0.06 0.07 0.07 -0.02 -0.02 0.01 -0.01 0.00 93.62 94.11 90.05 
31.47 0.09 0.07 0.05 0.07 -0.06 -0.05 0.01 -0.00 0.00 93.60 93.85 90.07 
31.57 0.06 0.06 0.08 0.07 0.01 0.01 0.01 -0.01 0.00 93.61 94.04 90.05 
31.68 0.01 0.07 0.12 0.08 -0.05 -0.10 0.01 -0.02 0.01 94.37 94.43 90.04 
31.78 0.06 0.06 0.07 0.07 0.00 -0.00 0.01 -0.01 0.00 93.63 94.30 90.05 
31.88 0.06 0.06 0.08 0.07 -0.00 -0.01 0.01 0.00 0.00 93.56 94.11 90.01 
31.98 0.07 0.06 0.08 0.07 -0.01 -0.01 0.00 0.00 0.00 93.58 94.09 90.02 
32.09 0.06 0.06 0.08 0.08 -0.00 -0.00 0.01 -0.01 0.00 93.60 94.26 90.05 
32.19 0.06 0.06 0.07 0.07 -0.00 -0.01 0.01 -0.02 0.00 93.67 94.14 90.03 
32.29 0.06 0.06 0.06 0.07 -0.02 -0.02 0.01 -0.02 0.00 93.68 94.19 90.05 
32.39 0.06 0.06 0.07 0.07 -0.00 -0.00 0.01 -0.01 0.00 93.59 94.16 90.05 
32.50 0.06 0.06 0.09 0.07 -0.02 -0.02 0.01 0.00 0.00 93.47 94.02 90.05 
32.60 0.05 0.06 0.08 0.07 -0.03 -0.02 0.02 -0.00 0.00 93.70 94.22 90.06 
32.70 0.06 0.06 0.07 0.07 -0.02 -0.02 0.01 -0.01 0.00 93.63 94.19 90.02 
32.81 0.06 0.06 0.08 0.07 -0.03 -0.03 0.01 -0.01 0.00 93.72 94.20 90.03 
32.91 0.06 0.06 0.07 0.07 -0.02 -0.02 0.01 -0.01 0.00 93.70 94.30 90.05 
33.01 0.07 0.06 0.07 0.07 -0.00 -0.00 0.02 -0.01 0.00 93.51 94.17 90.03 
33.12 0.05 0.05 0.08 0.07 0.04 0.04 0.01 -0.01 0.00 93.17 93.79 90.03 
33.22 0.07 0.06 0.07 0.07 0.02 0.03 0.02 -0.01 0.00 93.38 93.98 90.00 
33.32 0.03 0.06 0.07 0.07 0.01 -0.00 0.01 -0.01 0.00 93.54 94.05 90.05 
33.43 0.05 0.06 0.08 0.07 0.03 0.02 0.01 -0.01 0.00 93.39 93.96 90.03 
33.53 0.07 0.06 0.08 0.07 -0.02 -0.01 0.01 -0.01 0.01 93.47 94.11 90.06 
33.63 0.06 0.06 0.07 0.07 -0.05 -0.05 0.02 -0.01 0.00 93.62 94.06 90.04 
33.73 0.06 0.06 0.06 0.07 -0.01 -0.01 0.01 -0.01 0.00 93.62 94.16 90.03 
33.84 0.08 0.07 0.11 0.07 -0.10 -0.09 0.02 -0.01 0.01 94.04 93.91 90.07 
33.94 0.04 0.07 0.07 0.08 -0.08 -0.10 0.01 -0.02 0.00 94.36 94.36 90.05 
34.04 0.07 0.07 0.08 0.08 -0.03 -0.02 0.01 0.00 0.00 93.72 94.36 90.04 
34.15 0.07 0.06 0.08 0.07 0.01 -0.00 0.02 -0.02 0.00 93.63 94.16 90.02 
34.25 0.05 0.06 0.06 0.07 -0.00 -0.01 0.01 -0.02 0.00 93.68 94.14 90.02 
34.35 0.06 0.06 0.05 0.07 -0.04 0.01 0.01 -0.01 0.01 93.53 94.03 90.06 
34.46 0.09 0.07 0.05 0.06 -0.02 -0.01 0.02 -0.01 0.00 93.60 93.82 90.06 
34.56 0.07 0.06 0.08 0.07 -0.01 -0.00 0.01 0.00 0.00 93.59 93.95 90.04 
34.67 0.06 0.06 0.06 0.07 -0.02 0.03 0.02 -0.01 0.00 93.17 94.00 90.04 
34.77 0.06 0.06 0.08 0.07 -0.05 -0.05 0.01 -0.02 0.00 93.43 93.82 90.07 
34.88 0.05 0.06 0.07 0.07 -0.03 -0.03 0.01 -0.02 0.00 93.55 94.00 90.06 
34.98 0.09 0.06 0.09 0.08 0.01 0.02 0.01 -0.02 0.00 93.67 94.45 90.05 
35.08 0.07 0.07 0.09 0.08 0.00 0.01 0.01 -0.00 0.00 93.77 94.35 90.04 
35.18 0.06 0.06 0.07 0.07 0.02 0.02 0.01 -0.01 0.00 93.58 94.13 90.03 
35.28 0.07 0.06 0.07 0.07 -0.01 -0.01 0.01 -0.02 0.01 93.62 94.28 90.02 
35.39 0.05 0.06 0.08 0.07 0.01 -0.02 0.02 -0.02 0.00 93.61 94.18 90.03 
35.49 0.06 0.06 0.07 0.07 -0.01 -0.01 0.01 -0.01 0.00 93.67 94.20 90.08 
35.59 0.07 0.06 0.09 0.08 -0.04 -0.04 0.02 0.00 0.00 93.68 94.18 90.02 
35.70 0.05 0.06 0.07 0.07 -0.01 -0.01 0.02 -0.00 0.00 93.54 94.18 90.03 
35.80 0.06 0.07 0.08 0.08 -0.02 -0.03 0.01 -0.01 0.00 93.75 94.32 90.05 
35.90 0.06 0.06 0.07 0.07 0.01 0.01 0.01 -0.02 0.00 93.67 94.32 90.04 
36.01 0.05 0.06 0.07 0.07 -0.00 -0.01 0.01 -0.01 0.00 93.74 94.10 90.03 
36.11 0.06 0.06 0.07 0.07 -0.01 -0.01 0.02 0.00 0.00 93.60 94.17 90.02 
36.22 0.07 0.06 0.06 0.07 0.02 0.03 0.01 -0.02 0.00 93.47 94.20 90.04 
36.32 0.06 0.06 0.07 0.07 0.01 0.01 0.02 -0.01 0.00 93.52 94.07 90.03 
36.42 0.06 0.06 0.06 0.07 0.02 0.01 0.01 -0.01 0.00 93.58 94.27 90.06 
36.53 0.07 0.06 0.05 0.06 -0.04 -0.03 0.02 -0.01 0.00 93.54 93.72 90.09 
36.63 0.07 0.06 0.08 0.07 -0.01 -0.01 0.01 0.04 0.00 93.71 94.04 90.03 
36.73 0.07 0.07 0.07 0.07 -0.07 -0.07 0.01 -0.00 0.00 93.83 94.00 90.01 
36.83 0.07 0.06 0.05 0.07 0.00 0.01 0.02 -0.03 0.00 93.48 94.27 90.03 
36.94 0.05 0.06 0.07 0.07 0.01 0.01 0.01 -0.03 0.01 93.41 94.08 90.04 
37.04 0.05 0.06 0.07 0.07 -0.01 -0.02 0.01 -0.01 0.00 93.62 93.94 90.05 
37.14 0.06 0.06 0.08 0.07 -0.03 -0.03 0.01 -0.01 0.00 93.45 93.84 90.01 
37.25 0.08 0.06 0.08 0.07 -0.02 0.00 0.01 -0.01 0.00 93.30 94.09 90.05 
37.35 0.05 0.06 0.07 0.07 0.01 0.00 0.01 -0.01 0.00 93.40 94.16 90.04 
37.45 0.07 0.06 0.07 0.07 0.03 0.04 0.01 -0.01 0.00 93.48 94.27 90.06 
37.55 0.05 0.06 0.08 0.07 0.03 0.03 0.02 -0.01 0.00 93.32 94.19 90.03 
37.66 0.07 0.06 0.07 0.07 -0.01 0.00 0.00 0.00 0.00 93.60 94.09 90.05 
37.76 0.06 0.07 0.07 0.07 -0.04 -0.05 0.01 -0.01 0.00 93.86 94.15 90.04 
37.86 0.07 0.07 0.06 0.07 -0.02 -0.02 0.01 -0.02 0.00 93.83 94.22 90.03 
37.97 0.07 0.07 0.07 0.07 -0.03 -0.02 0.02 -0.02 0.00 93.73 94.04 90.05 
38.07 0.07 0.06 0.07 0.07 -0.02 -0.02 0.01 -0.02 0.00 93.69 94.05 90.03 
38.17 0.06 0.06 0.07 0.07 -0.00 0.02 0.01 -0.01 0.00 93.61 94.15 90.04 
38.28 0.07 0.06 0.07 0.07 -0.00 0.00 0.02 -0.01 0.00 93.49 94.18 90.06 
38.38 0.06 0.06 0.06 0.07 -0.00 -0.00 0.02 -0.01 0.00 93.54 94.23 90.04 
38.48 0.06 0.06 0.07 0.07 -0.02 -0.02 0.02 -0.01 0.00 93.62 94.06 90.02 
38.58 0.07 0.06 0.07 0.07 -0.02 -0.02 0.01 -0.01 0.00 93.61 94.16 90.05 
38.69 0.05 0.06 0.08 0.07 0.01 0.01 0.01 -0.01 0.00 93.55 94.07 90.04 
38.79 0.06 0.06 0.07 0.07 0.00 -0.00 0.01 -0.00 0.00 93.57 94.11 90.03 
38.89 0.09 0.07 0.06 0.07 -0.20 -0.18 0.02 -0.01 0.00 93.67 94.13 90.01 
38.99 0.06 0.07 0.06 0.07 -0.09 -0.09 0.02 -0.02 0.00 93.81 94.28 90.02 
39.10 0.06 0.06 0.07 0.07 -0.05 -0.05 0.01 -0.02 0.00 93.58 94.19 90.02 
39.20 0.07 0.06 0.07 0.07 -0.05 -0.05 0.01 0.00 0.00 93.52 94.08 90.03 
39.30 0.09 0.07 0.09 0.07 -0.07 -0.06 0.01 -0.01 0.00 93.59 94.00 90.01 
39.40 0.06 0.06 0.07 0.07 -0.06 -0.06 0.01 -0.01 0.00 93.61 94.18 90.02 
39.50 0.06 0.06 0.07 0.07 -0.06 -0.07 0.01 -0.01 0.00 93.60 94.10 90.03 
39.61 0.06 0.06 0.05 0.07 -0.07 -0.07 0.01 -0.01 0.00 93.55 93.96 90.05 
39.71 0.07 0.06 0.08 0.07 -0.03 -0.03 0.01 -0.01 0.00 93.70 94.10 90.05 
39.81 0.07 0.06 0.07 0.07 -0.05 -0.04 0.01 -0.01 0.00 93.50 94.17 90.01 
39.91 0.07 0.06 0.07 0.07 -0.08 -0.08 0.01 -0.01 0.00 93.69 94.28 90.03 
40.02 0.04 0.06 0.08 0.08 -0.06 -0.07 0.01 -0.02 0.00 93.64 94.27 90.04 
40.12 0.07 0.06 0.07 0.07 -0.04 -0.05 0.01 -0.02 0.00 93.64 94.26 90.03 
40.22 0.05 0.06 0.07 0.07 -0.03 -0.03 0.01 -0.01 0.00 93.52 94.19 90.05 
40.32 0.07 0.06 0.08 0.07 0.02 0.02 0.01 -0.00 0.00 93.50 94.15 90.03 
40.43 0.06 0.06 0.08 0.07 0.02 0.02 0.02 -0.01 0.00 93.58 94.23 90.04 
40.53 0.07 0.06 0.08 0.07 0.03 0.03 0.01 -0.02 0.00 93.56 94.01 90.04 
40.63 0.06 0.06 0.07 0.07 0.00 0.00 0.01 -0.01 0.00 93.76 94.12 90.02 
40.74 0.08 0.07 0.07 0.07 0.01 0.01 0.01 -0.01 0.00 93.79 94.35 90.04 
40.84 0.06 0.06 0.07 0.07 0.01 0.01 0.01 -0.00 0.00 93.64 94.21 90.03 
40.94 0.06 0.06 0.08 0.07 0.05 0.05 0.01 -0.01 0.00 93.54 94.17 90.04 
41.05 0.06 0.06 0.08 0.08 0.05 0.05 0.01 -0.01 0.00 93.56 94.31 90.05 
41.15 0.05 0.06 0.06 0.07 0.02 0.01 0.02 -0.02 0.00 93.61 94.23 90.04 
41.26 0.07 0.06 0.07 0.07 0.02 0.02 0.01 -0.01 0.00 93.67 94.09 90.07 
41.36 0.07 0.06 0.08 0.07 0.02 0.02 0.02 -0.00 0.00 93.67 94.10 90.03 
41.46 0.07 0.06 0.07 0.07 0.01 0.01 0.01 -0.01 0.00 93.60 94.16 90.03 
41.57 0.06 0.06 0.07 0.07 0.02 0.02 0.01 -0.02 0.00 93.66 94.22 90.03 
41.67 0.06 0.06 0.06 0.07 0.02 0.02 0.01 -0.02 0.00 93.52 94.11 90.04 
41.77 0.06 0.06 0.07 0.07 0.01 0.01 0.01 -0.01 0.00 93.63 94.19 90.07 
41.88 0.04 0.07 0.14 0.09 0.27 0.22 0.02 0.01 0.00 94.13 94.51 90.05 
41.98 0.08 0.07 0.07 0.08 -0.00 0.01 0.02 0.00 0.00 93.84 94.39 90.03 
42.08 0.06 0.06 0.07 0.07 -0.01 -0.02 0.01 -0.01 0.00 93.79 94.28 90.03 
42.18 0.01 0.06 0.04 0.07 0.17 0.14 0.02 -0.02 0.00 93.77 94.23 90.04 
42.28 0.06 0.06 0.07 0.07 0.07 0.07 0.02 -0.01 0.00 93.37 94.11 90.03 
42.39 0.06 0.06 0.10 0.07 -0.04 0.01 0.01 -0.00 0.00 93.33 93.64 90.03 
42.49 0.05 0.06 0.08 0.07 0.00 -0.01 0.01 0.00 0.00 93.17 93.96 90.02 
42.59 0.07 0.06 0.08 0.07 -0.06 -0.03 0.01 -0.00 0.00 93.59 94.21 90.05 
42.69 0.06 0.06 0.07 0.07 -0.01 -0.01 0.01 -0.03 0.01 93.42 94.22 90.05 
42.79 0.06 0.06 0.06 0.07 -0.04 -0.04 0.01 -0.01 0.01 93.53 94.24 90.05 
42.90 0.06 0.06 0.07 0.07 -0.05 -0.05 0.01 -0.02 0.00 93.50 94.06 90.03 
43.00 0.07 0.06 0.07 0.07 -0.05 -0.05 0.01 -0.01 0.00 93.52 93.98 90.00 
43.10 0.09 0.08 0.08 0.09 -0.14 -0.16 0.01 0.01 0.00 94.52 95.27 90.00 
43.20 0.09 0.07 0.11 0.09 -0.04 -0.03 0.01 0.00 0.00 94.22 95.00 90.04 
43.31 0.06 0.06 0.06 0.08 0.00 0.00 0.01 -0.02 0.00 93.80 94.46 90.01 
43.41 0.06 0.06 0.08 0.07 -0.02 -0.03 0.01 -0.01 0.01 93.68 94.26 90.05 
43.52 0.06 0.06 0.08 0.07 -0.01 -0.01 0.01 0.00 0.00 93.64 94.18 90.03 
43.62 0.06 0.06 0.07 0.07 0.00 0.01 0.02 -0.00 0.00 93.33 94.02 90.04 
43.72 0.08 0.08 0.09 0.08 -0.12 -0.12 0.01 -0.01 0.00 94.48 94.22 90.01 
43.82 0.06 0.07 0.06 0.07 -0.06 -0.06 0.02 -0.01 0.00 93.91 94.33 90.03 
43.93 0.06 0.06 0.07 0.07 -0.03 -0.04 0.01 -0.02 0.00 93.62 94.17 90.05 
44.03 0.08 0.06 0.05 0.07 0.23 0.25 0.01 -0.02 0.00 93.62 93.89 90.05 
44.13 0.07 0.07 0.06 0.07 0.22 0.23 0.01 -0.00 0.00 93.70 94.11 90.06 
44.23 0.07 0.07 0.07 0.07 -0.01 -0.01 0.02 0.00 0.00 93.75 94.17 90.01 
44.34 0.05 0.06 0.08 0.07 0.02 0.01 0.01 -0.02 0.00 93.73 94.18 90.01 
44.44 0.06 0.06 0.07 0.07 -0.01 -0.02 0.01 -0.01 0.00 93.60 93.99 90.04 
44.54 0.09 0.07 0.07 0.07 0.01 0.03 0.01 -0.01 0.00 93.51 94.27 90.05 
44.64 0.06 0.06 0.08 0.07 0.01 0.00 0.01 0.00 0.00 93.71 94.17 90.05 
44.74 0.06 0.06 0.07 0.07 0.00 -0.00 0.01 -0.01 0.00 93.68 94.14 90.01 
44.84 0.07 0.06 0.08 0.07 0.03 0.03 0.02 -0.01 0.00 93.67 94.24 90.04 
44.95 0.06 0.06 0.07 0.07 -0.04 -0.04 0.01 -0.02 0.00 93.72 94.21 90.03 
45.05 0.07 0.06 0.07 0.07 -0.01 -0.01 0.01 -0.01 0.00 93.59 94.11 90.02 
45.15 0.06 0.06 0.06 0.07 -0.01 -0.01 0.01 -0.01 0.00 93.64 94.04 90.03 
45.25 0.06 0.06 0.07 0.07 -0.00 -0.01 0.01 -0.00 0.00 93.69 94.17 90.06 
45.36 0.06 0.06 0.07 0.07 -0.03 -0.04 0.01 -0.01 0.00 93.55 94.16 90.06 
45.46 0.06 0.06 0.07 0.07 -0.02 -0.02 0.01 -0.02 0.01 93.57 94.15 90.05 
45.56 0.06 0.06 0.07 0.07 -0.00 -0.02 0.00 -0.02 0.00 93.68 94.17 90.02 
45.66 0.06 0.06 0.08 0.07 -0.01 -0.01 0.01 -0.01 0.00 93.66 94.12 90.06 
45.77 0.06 0.06 0.06 0.08 -0.01 -0.01 0.01 -0.00 0.01 93.41 94.43 90.05 
45.87 0.06 0.06 0.08 0.07 0.01 0.01 0.01 -0.01 0.00 93.52 94.23 90.03 
45.97 0.09 0.07 0.11 0.08 -0.02 -0.01 0.01 -0.01 0.01 93.56 94.24 90.05 
46.07 0.06 0.06 0.06 0.08 0.01 0.01 0.02 -0.02 0.00 93.63 94.35 90.02 
46.18 0.07 0.06 0.07 0.07 0.00 0.01 0.01 -0.01 0.00 93.40 94.25 90.04 
46.28 0.07 0.06 0.07 0.07 -0.00 -0.01 0.01 -0.01 0.00 93.50 94.07 90.02 
46.38 0.07 0.06 0.08 0.07 -0.00 -0.00 0.01 -0.01 0.00 93.63 94.11 90.01 
46.49 0.07 0.06 0.08 0.07 -0.01 -0.01 0.01 -0.02 0.00 93.46 94.17 90.05 
46.59 0.05 0.06 0.06 0.07 0.00 0.00 0.02 -0.02 0.01 93.21 94.15 90.07 
46.69 0.06 0.06 0.08 0.07 -0.02 -0.02 0.00 -0.02 0.01 93.53 94.23 90.06 
46.79 0.07 0.06 0.07 0.07 -0.04 -0.04 0.01 -0.01 0.00 93.56 94.11 90.01 
46.89 0.06 0.06 0.07 0.07 0.02 0.02 0.01 0.00 0.00 93.57 94.13 90.04 
47.00 0.07 0.06 0.08 0.07 -0.05 -0.04 0.01 -0.01 0.00 93.58 94.12 90.03 
