0 0 0 2.64 0.00000000 0.00000000 0.00 0.00 0.00 0.11 0.10 -0.11 0.05 -0.01 0.01 30.00 30.00 30.00 
0 0 0 2.80 0.00000000 0.00000000 0.00 0.00 0.00 0.04 0.14 0.30 -0.11 0.01 0.10 30.00 30.00 30.00 
0 0 0 2.90 0.00000000 0.00000000 0.00 0.00 0.00 0.09 0.10 -0.03 -0.03 -0.00 -0.00 30.00 30.00 30.00 
0 0 0 3.01 0.00000000 0.00000000 0.00 0.00 0.00 -0.03 0.13 0.36 0.03 -0.01 0.00 30.00 30.00 30.00 
0 0 0 3.11 0.00000000 0.00000000 0.00 0.00 0.00 0.09 0.12 0.06 0.01 -0.01 -0.02 30.00 30.00 30.00 
0 0 0 3.21 0.00000000 0.00000000 0.00 0.00 0.00 0.11 0.11 -0.05 -0.07 -0.01 0.00 30.00 30.00 30.00 
0 0 0 3.31 0.00000000 0.00000000 0.00 0.00 0.00 0.06 0.07 -0.06 -0.32 0.05 -0.05 30.00 30.00 30.00 
0 0 0 3.41 0.00000000 0.00000000 0.00 0.00 0.00 -0.11 0.10 0.28 -0.13 -0.10 -0.04 30.00 30.00 30.00 
0 0 0 3.51 0.00000000 0.00000000 0.00 0.00 0.00 0.06 0.17 0.15 0.04 0.03 -0.05 30.00 30.00 30.00 
0 0 0 3.61 0.00000000 0.00000000 0.00 0.00 0.00 0.02 0.14 0.16 0.00 0.01 0.04 30.00 30.00 30.00 
0 0 0 3.71 0.00000000 0.00000000 0.00 0.00 0.00 0.00 0.10 0.04 -0.02 -0.03 -0.03 30.00 30.00 30.00 
0 0 0 3.82 0.00000000 0.00000000 0.00 0.00 0.00 0.06 0.09 -0.22 -0.03 -0.05 -0.03 30.00 30.00 30.00 
0 0 0 3.92 0.00000000 0.00000000 0.00 0.00 0.00 0.02 0.10 -0.06 -0.03 -0.03 0.02 30.00 30.00 30.00 
0 0 0 4.02 0.00000000 0.00000000 0.00 0.00 0.00 -0.00 0.10 0.04 -0.14 -0.09 -0.05 30.00 30.00 30.00 
0 0 0 4.12 0.00000000 0.00000000 0.00 0.00 0.00 -0.02 0.12 0.39 0.13 -0.99 -0.08 30.00 30.00 30.00 
0 0 0 4.22 0.00000000 0.00000000 0.00 0.00 0.00 0.09 -0.21 -0.56 0.22 -1.40 0.03 30.00 30.00 30.00 
0 0 0 4.32 0.00000000 0.00000000 0.00 0.00 0.00 0.05 -0.22 -0.06 -0.41 -0.84 0.05 30.00 30.00 30.00 
0 0 0 4.42 0.00000000 0.00000000 0.00 0.00 0.00 -0.05 -0.25 0.35 -0.47 -0.90 0.01 30.00 30.00 30.00 
0 0 0 4.52 0.00000000 0.00000000 0.00 0.00 0.00 -0.09 -0.32 0.61 -0.08 -0.52 0.02 30.00 30.00 30.00 
0 0 0 4.62 0.00000000 0.00000000 0.00 0.00 0.00 -0.06 -0.33 0.68 0.16 0.01 0.01 30.00 30.00 30.00 
0 0 0 4.72 0.00000000 0.00000000 0.00 0.00 0.00 -0.03 -0.34 0.60 0.09 -0.00 -0.01 30.00 30.00 30.00 
0 0 0 4.83 0.00000000 0.00000000 0.00 0.00 0.00 -0.05 -0.35 0.56 -0.09 -0.07 0.02 30.00 30.00 30.00 
0 0 0 4.93 0.00000000 0.00000000 0.00 0.00 0.00 -0.06 -0.36 0.54 -0.09 -0.11 0.01 30.00 30.00 30.00 
0 0 0 5.03 0.00000000 0.00000000 0.00 0.00 0.00 -0.06 -0.43 0.10 0.13 0.33 0.01 30.00 30.00 30.00 
0 0 0 5.13 0.00000000 0.00000000 0.00 0.00 0.00 -0.04 -0.32 0.32 0.16 1.66 0.00 30.00 30.00 30.00 
0 0 0 5.23 0.00000000 0.00000000 0.00 0.00 0.00 -0.05 -0.04 0.49 -0.05 1.19 -0.28 30.00 30.00 30.00 
0 0 0 5.33 0.00000000 0.00000000 0.00 0.00 0.00 -0.03 0.06 0.70 -0.10 0.57 -0.13 30.00 30.00 30.00 
0 0 0 5.43 0.00000000 0.00000000 0.00 0.00 0.00 -0.01 0.12 0.30 0.07 0.70 0.01 30.00 30.00 30.00 
0 0 0 5.53 0.00000000 0.00000000 0.00 0.00 0.00 -0.03 0.09 -0.14 0.06 0.15 0.06 30.00 30.00 30.00 
0 0 0 5.63 0.00000000 0.00000000 0.00 0.00 0.00 -0.03 0.08 -0.14 0.04 0.08 0.03 30.00 30.00 30.00 
0 0 0 5.73 0.00000000 0.00000000 0.00 0.00 0.00 -0.02 0.13 -0.15 -0.02 0.47 -0.05 30.00 30.00 30.00 
0 0 0 5.84 0.00000000 0.00000000 0.00 0.00 0.00 -0.03 0.24 0.33 -0.11 0.80 -0.10 30.00 30.00 30.00 
0 0 0 5.94 0.00000000 0.00000000 0.00 0.00 0.00 -0.14 0.36 0.45 -0.17 1.23 -0.05 30.00 30.00 30.00 
0 0 0 6.04 0.00000000 0.00000000 0.00 0.00 0.00 -0.07 0.31 -0.22 0.01 0.18 -0.04 30.00 30.00 30.00 
0 0 0 6.14 0.00000000 0.00000000 0.00 0.00 0.00 -0.05 0.35 -0.42 0.25 0.58 -0.03 30.00 30.00 30.00 
0 0 0 6.24 0.00000000 0.00000000 0.00 0.00 0.00 0.00 0.46 -0.30 0.36 0.55 0.15 30.00 30.00 30.00 
0 0 0 6.34 0.00000000 0.00000000 0.00 0.00 0.00 0.04 0.42 -0.49 0.20 0.15 0.10 30.00 30.00 30.00 
0 0 0 6.44 0.00000000 0.00000000 0.00 0.00 0.00 0.03 0.46 -0.21 0.28 0.38 0.21 30.00 30.00 30.00 
0 0 0 6.54 0.00000000 0.00000000 0.00 0.00 0.00 0.04 0.46 -0.22 0.30 0.37 0.17 30.00 30.00 30.00 
0 0 0 6.64 0.00000000 0.00000000 0.00 0.00 0.00 0.06 0.50 -0.02 0.15 0.00 0.08 30.00 30.00 30.00 
0 0 0 6.74 0.00000000 0.00000000 0.00 0.00 0.00 0.09 0.50 -0.15 -0.02 0.01 -0.04 30.00 30.00 30.00 
0 0 0 6.84 0.00000000 0.00000000 0.00 0.00 0.00 0.09 0.53 -0.03 0.01 -0.08 -0.00 30.00 30.00 30.00 
0 0 0 6.95 0.00000000 0.00000000 0.00 0.00 0.00 0.11 0.51 -0.18 0.05 -0.00 0.03 30.00 30.00 30.00 
0 0 0 7.05 0.00000000 0.00000000 0.00 0.00 0.00 0.09 0.51 -0.13 0.04 0.00 -0.00 30.00 30.00 30.00 
0 0 0 7.15 0.00000000 0.00000000 0.00 0.00 0.00 0.09 0.50 -0.17 -0.06 -0.10 -0.04 30.00 30.00 30.00 
0 0 0 7.25 0.00000000 0.00000000 0.00 0.00 0.00 0.10 0.54 -0.10 0.00 -0.08 -0.02 30.00 30.00 30.00 
0 0 0 7.35 0.00000000 0.00000000 0.00 0.00 0.00 0.10 0.50 -0.19 0.00 -0.16 0.04 30.00 30.00 30.00 
0 0 0 7.45 0.00000000 0.00000000 0.00 0.00 0.00 0.02 0.48 -0.01 -0.04 -0.73 -0.03 30.00 30.00 30.00 
0 0 0 7.55 0.00000000 0.00000000 0.00 0.00 0.00 0.00 0.37 -0.05 -0.16 -1.13 -0.05 30.00 30.00 30.00 
0 0 0 7.65 0.00000000 0.00000000 0.00 0.00 0.00 0.02 0.37 -0.03 -0.38 -0.45 -0.19 30.00 30.00 30.00 
0 0 0 7.75 0.00000000 0.00000000 0.00 0.00 0.00 -0.05 0.32 -0.04 -0.78 -0.56 -0.25 30.00 30.00 30.00 
0 0 0 7.85 0.00000000 0.00000000 0.00 0.00 0.00 -0.15 0.21 -0.16 -0.78 -0.73 -0.22 30.00 30.00 30.00 
0 0 0 7.95 0.00000000 0.00000000 0.00 0.00 0.00 -0.23 0.18 -0.05 -0.43 -0.52 -0.04 30.00 30.00 30.00 
0 0 0 8.05 0.00000000 0.00000000 0.00 0.00 0.00 -0.23 0.12 -0.29 -0.40 -0.36 -0.05 30.00 30.00 30.00 
0 0 0 8.15 0.00000000 0.00000000 0.00 0.00 0.00 -0.28 0.13 -0.08 -0.44 -0.19 -0.07 30.00 30.00 30.00 
0 0 0 8.26 0.00000000 0.00000000 0.00 0.00 0.00 -0.33 0.11 -0.01 -0.41 -0.29 -0.05 30.00 30.00 30.00 
0 0 0 8.36 0.00000000 0.00000000 0.00 0.00 0.00 -0.35 0.04 -0.37 -0.31 -0.34 -0.09 30.00 30.00 30.00 
0 0 0 8.46 0.00000000 0.00000000 0.00 0.00 0.00 -0.39 0.10 0.22 -0.23 -0.09 0.02 30.00 30.00 30.00 
0 0 0 8.56 0.00000000 0.00000000 0.00 0.00 0.00 -0.39 0.03 -0.21 -0.29 -0.00 0.04 30.00 30.00 30.00 
0 0 0 8.66 0.00000000 0.00000000 0.00 0.00 0.00 -0.44 0.03 -0.17 -0.22 -0.04 0.01 30.00 30.00 30.00 
0 0 0 8.76 0.00000000 0.00000000 0.00 0.00 0.00 -0.46 0.03 -0.15 -0.11 -0.08 -0.01 30.00 30.00 30.00 
0 0 0 8.86 0.00000000 0.00000000 0.00 0.00 0.00 -0.45 0.03 -0.14 -0.00 -0.03 -0.01 30.00 30.00 30.00 
0 0 0 8.96 0.00000000 0.00000000 0.00 0.00 0.00 -0.47 0.03 -0.09 -0.02 -0.02 0.00 30.00 30.00 30.00 
0 0 0 9.06 0.00000000 0.00000000 0.00 0.00 0.00 -0.47 0.01 -0.19 -0.04 -0.01 0.02 30.00 30.00 30.00 
0 0 0 9.16 0.00000000 0.00000000 0.00 0.00 0.00 -0.44 0.03 -0.47 0.25 0.10 0.04 30.00 30.00 30.00 
0 0 0 9.27 0.00000000 0.00000000 0.00 0.00 0.00 -0.37 0.08 -0.52 0.72 0.17 0.08 30.00 30.00 30.00 
0 0 0 9.37 0.00000000 0.00000000 0.00 0.00 0.00 -0.32 0.05 -0.14 0.98 0.51 0.13 30.00 30.00 30.00 
0 0 0 9.47 0.00000000 0.00000000 0.00 0.00 0.00 -0.22 0.08 -0.30 1.04 0.43 0.15 30.00 30.00 30.00 
0 0 0 9.57 0.00000000 0.00000000 0.00 0.00 0.00 -0.12 0.11 -0.11 0.75 -0.24 0.11 30.00 30.00 30.00 
0 0 0 9.68 0.00000000 0.00000000 0.00 0.00 0.00 -0.07 0.09 -0.11 0.63 -0.27 -0.01 30.00 30.00 30.00 
0 0 0 9.78 0.00000000 0.00000000 0.00 0.00 0.00 0.00 0.07 -0.01 0.59 0.18 0.05 30.00 30.00 30.00 
0 0 0 9.88 0.00000000 0.00000000 0.00 0.00 0.00 0.05 0.10 0.08 0.43 0.04 0.04 30.00 30.00 30.00 
0 0 0 9.98 0.00000000 0.00000000 0.00 0.00 0.00 0.07 0.12 0.30 0.27 -0.20 0.03 30.00 30.00 30.00 
0 0 0 10.08 0.00000000 0.00000000 0.00 0.00 0.00 0.11 0.08 0.10 0.27 0.20 -0.00 30.00 30.00 30.00 
0 0 0 10.18 0.00000000 0.00000000 0.00 0.00 0.00 0.12 0.09 0.13 0.24 -0.36 -0.02 30.00 30.00 30.00 
0 0 0 10.28 0.00000000 0.00000000 0.00 0.00 0.00 0.13 0.07 0.28 0.25 -0.12 -0.01 30.00 30.00 30.00 
0 0 0 10.38 0.00000000 0.00000000 0.00 0.00 0.00 0.15 0.11 0.50 0.60 0.38 -0.02 30.00 30.00 30.00 
0 0 0 10.48 0.00000000 0.00000000 0.00 0.00 0.00 0.25 0.10 0.33 0.70 0.12 0.04 30.00 30.00 30.00 
0 0 0 10.58 0.00000000 0.00000000 0.00 0.00 0.00 0.33 0.11 0.26 0.53 0.09 -0.01 30.00 30.00 30.00 
0 0 0 10.68 0.00000000 0.00000000 0.00 0.00 0.00 0.36 0.09 0.30 0.39 -0.22 -0.06 30.00 30.00 30.00 
0 0 0 10.78 0.00000000 0.00000000 0.00 0.00 0.00 0.42 0.09 -0.83 0.36 0.13 -0.04 30.00 30.00 30.00 
0 0 0 10.88 0.00000000 0.00000000 0.00 0.00 0.00 0.45 0.11 0.49 0.19 0.16 -0.07 30.00 30.00 30.00 
0 0 0 10.98 0.00000000 0.00000000 0.00 0.00 0.00 0.46 0.13 0.47 0.07 0.03 -0.05 30.00 30.00 30.00 
0 0 0 11.09 0.00000000 0.00000000 0.00 0.00 0.00 0.46 0.13 0.44 0.03 0.09 -0.04 30.00 30.00 30.00 
0 0 0 11.19 0.00000000 0.00000000 0.00 0.00 0.00 0.44 0.14 0.53 0.05 0.07 0.03 30.00 30.00 30.00 
0 0 0 11.29 0.00000000 0.00000000 0.00 0.00 0.00 0.42 0.14 0.54 0.02 0.03 0.01 30.00 30.00 30.00 
0 0 0 11.39 0.00000000 0.00000000 0.00 0.00 0.00 0.42 0.12 0.51 0.13 0.11 0.03 30.00 30.00 30.00 
0 0 0 11.49 0.00000000 0.00000000 0.00 0.00 0.00 0.49 0.13 0.49 0.11 0.11 0.01 30.00 30.00 30.00 
0 0 0 11.59 0.00000000 0.00000000 0.00 0.00 0.00 0.46 0.16 0.66 -0.12 0.09 -0.01 30.00 30.00 30.00 
0 0 0 11.69 0.00000000 0.00000000 0.00 0.00 0.00 0.42 0.14 0.59 -0.25 -0.01 0.03 30.00 30.00 30.00 
0 0 0 11.79 0.00000000 0.00000000 0.00 0.00 0.00 0.42 0.12 0.52 -0.28 -0.03 0.07 30.00 30.00 30.00 
0 0 0 11.89 0.00000000 0.00000000 0.00 0.00 0.00 0.38 0.12 0.54 -0.72 -0.25 0.07 30.00 30.00 30.00 
0 0 0 11.99 0.00000000 0.00000000 0.00 0.00 0.00 0.26 0.07 0.50 -0.93 -0.27 0.08 30.00 30.00 30.00 
0 0 0 12.10 0.00000000 0.00000000 0.00 0.00 0.00 0.17 0.03 0.28 -0.96 -0.29 0.01 30.00 30.00 30.00 
0 0 0 12.20 0.00000000 0.00000000 0.00 0.00 0.00 0.09 0.03 0.33 -1.02 -0.84 -0.03 30.00 30.00 30.00 
0 0 0 12.30 0.00000000 0.00000000 0.00 0.00 0.00 -0.01 0.03 0.61 -0.84 -0.84 -0.05 30.00 30.00 30.00 
0 0 0 12.40 0.00000000 0.00000000 0.00 0.00 0.00 -0.07 -0.08 0.41 -0.27 -0.64 0.03 30.00 30.00 30.00 
0 0 0 12.50 0.00000000 0.00000000 0.00 0.00 0.00 -0.10 -0.16 0.54 -0.00 -0.26 0.09 30.00 30.00 30.00 
0 0 0 12.60 0.00000000 0.00000000 0.00 0.00 0.00 -0.08 -0.31 0.15 -0.15 -1.08 0.00 30.00 30.00 30.00 
0 0 0 12.70 0.00000000 0.00000000 0.00 0.00 0.00 -0.09 -0.34 0.75 -0.19 -0.70 -0.10 30.00 30.00 30.00 
0 0 0 12.80 0.00000000 0.00000000 0.00 0.00 0.00 -0.12 -0.44 0.88 -0.11 -0.82 -0.02 30.00 30.00 30.00 
0 0 0 12.90 0.00000000 0.00000000 0.00 0.00 0.00 -0.10 -0.46 1.15 0.12 -0.40 0.08 30.00 30.00 30.00 
0 0 0 13.00 0.00000000 0.00000000 0.00 0.00 0.00 -0.10 -0.57 0.71 0.13 -0.50 0.14 30.00 30.00 30.00 
0 0 0 13.10 0.00000000 0.00000000 0.00 0.00 0.00 -0.13 -0.60 0.78 0.02 -0.18 0.19 30.00 30.00 30.00 
0 0 0 13.20 0.00000000 0.00000000 0.00 0.00 0.00 -0.18 -0.59 1.00 0.01 -0.12 0.13 30.00 30.00 30.00 
0 0 0 13.30 0.00000000 0.00000000 0.00 0.00 0.00 -0.17 -0.59 1.10 0.05 0.17 0.03 30.00 30.00 30.00 
0 0 0 13.40 0.00000000 0.00000000 0.00 0.00 0.00 -0.13 -0.55 1.41 -0.02 0.30 -0.02 30.00 30.00 30.00 
0 0 0 13.51 0.00000000 0.00000000 0.00 0.00 0.00 -0.13 -0.51 1.60 -0.00 0.27 -0.01 30.00 30.00 30.00 
0 0 0 13.61 0.00000000 0.00000000 0.00 0.00 0.00 -0.14 -0.60 0.96 0.11 0.32 0.02 30.00 30.00 30.00 
0 0 0 13.71 0.00000000 0.00000000 0.00 0.00 0.00 -0.15 -0.59 0.52 0.19 0.92 0.08 30.00 30.00 30.00 
0 0 0 13.81 0.00000000 0.00000000 0.00 0.00 0.00 -0.10 -0.32 1.64 0.06 2.31 0.19 30.00 30.00 30.00 
0 0 0 13.91 0.00000000 0.00000000 0.00 0.00 0.00 -0.14 -0.25 0.61 0.22 1.45 -0.01 30.00 30.00 30.00 
0 0 0 14.01 0.00000000 0.00000000 0.00 0.00 0.00 -0.05 -0.15 0.43 0.79 1.07 -0.18 30.00 30.00 30.00 
0 0 0 14.11 0.00000000 0.00000000 0.00 0.00 0.00 0.04 0.01 0.48 0.92 0.86 -0.26 30.00 30.00 30.00 
0 0 0 14.21 0.00000000 0.00000000 0.00 0.00 0.00 0.15 0.08 0.50 0.66 0.28 -0.28 30.00 30.00 30.00 
0 0 0 14.31 0.00000000 0.00000000 0.00 0.00 0.00 0.19 0.10 0.25 0.55 0.36 -0.20 30.00 30.00 30.00 
0 0 0 14.41 0.00000000 0.00000000 0.00 0.00 0.00 0.22 0.19 0.55 0.67 0.18 -0.16 30.00 30.00 30.00 
0 0 0 14.51 0.00000000 0.00000000 0.00 0.00 0.00 0.33 0.17 0.28 0.70 0.52 -0.06 30.00 30.00 30.00 
0 0 0 14.61 0.00000000 0.00000000 0.00 0.00 0.00 0.43 0.19 0.16 0.52 0.32 -0.04 30.00 30.00 30.00 
0 0 0 14.71 0.00000000 0.00000000 0.00 0.00 0.00 0.45 0.23 0.28 0.17 0.10 -0.08 30.00 30.00 30.00 
0 0 0 14.81 0.00000000 0.00000000 0.00 0.00 0.00 0.42 0.24 0.37 0.00 -0.07 -0.06 30.00 30.00 30.00 
0 0 0 14.92 0.00000000 0.00000000 0.00 0.00 0.00 0.44 0.22 0.20 0.03 -0.36 0.02 30.00 30.00 30.00 
0 0 0 15.02 0.00000000 0.00000000 0.00 0.00 0.00 0.43 0.22 0.34 -0.05 -0.19 0.10 30.00 30.00 30.00 
0 0 0 15.12 0.00000000 0.00000000 0.00 0.00 0.00 0.43 0.17 0.16 -0.44 -0.50 0.05 30.00 30.00 30.00 
0 0 0 15.22 0.00000000 0.00000000 0.00 0.00 0.00 0.31 0.16 0.35 -0.86 -0.33 0.07 30.00 30.00 30.00 
0 0 0 15.32 0.00000000 0.00000000 0.00 0.00 0.00 0.16 0.15 0.48 -1.15 0.40 0.07 30.00 30.00 30.00 
0 0 0 15.42 0.00000000 0.00000000 0.00 0.00 0.00 -0.21 -0.02 0.30 -1.55 -0.04 -0.02 30.00 30.00 30.00 
0 0 0 15.52 0.00000000 0.00000000 0.00 0.00 0.00 -0.11 0.08 0.26 -1.67 -0.94 -0.14 30.00 30.00 30.00 
0 0 0 15.62 0.00000000 0.00000000 0.00 0.00 0.00 -0.24 0.00 0.15 -1.34 -0.73 -0.07 30.00 30.00 30.00 
0 0 0 15.72 0.00000000 0.00000000 0.00 0.00 0.00 -0.38 -0.10 -0.02 -0.75 -0.23 0.03 30.00 30.00 30.00 
0 0 0 15.82 0.00000000 0.00000000 0.00 0.00 0.00 -0.41 -0.07 0.11 -0.28 -0.03 0.06 30.00 30.00 30.00 
0 0 0 15.92 0.00000000 0.00000000 0.00 0.00 0.00 -0.43 -0.07 0.16 0.02 -0.00 0.07 30.00 30.00 30.00 
0 0 0 16.02 0.00000000 0.00000000 0.00 0.00 0.00 -0.44 -0.08 0.04 0.01 0.21 0.01 30.00 30.00 30.00 
0 0 0 16.12 0.00000000 0.00000000 0.00 0.00 0.00 -0.43 -0.07 -0.01 -0.15 -0.01 -0.06 30.00 30.00 30.00 
0 0 0 16.22 0.00000000 0.00000000 0.00 0.00 0.00 -0.42 -0.05 -0.10 -0.18 -0.03 -0.08 30.00 30.00 30.00 
0 0 0 16.32 0.00000000 0.00000000 0.00 0.00 0.00 -0.42 -0.07 -0.40 0.02 0.01 -0.00 30.00 30.00 30.00 
0 0 0 16.43 0.00000000 0.00000000 0.00 0.00 0.00 -0.44 -0.05 0.03 0.23 0.08 0.06 30.00 30.00 30.00 
0 0 0 16.53 0.00000000 0.00000000 0.00 0.00 0.00 -0.41 -0.06 -0.16 0.19 0.06 0.05 30.00 30.00 30.00 
0 0 0 16.63 0.00000000 0.00000000 0.00 0.00 0.00 -0.39 -0.09 -0.42 -0.28 -0.05 -0.05 30.00 30.00 30.00 
0 0 0 16.73 0.00000000 0.00000000 0.00 0.00 0.00 -0.46 -0.09 -0.10 -0.45 -0.25 -0.14 30.00 30.00 30.00 
0 0 0 16.83 0.00000000 0.00000000 0.00 0.00 0.00 -0.47 -0.10 -0.19 -0.02 -0.24 0.05 30.00 30.00 30.00 
0 0 0 16.93 0.00000000 0.00000000 0.00 0.00 0.00 -0.42 -0.06 -0.43 0.03 -0.01 -0.01 30.00 30.00 30.00 
0 0 0 17.03 0.00000000 0.00000000 0.00 0.00 0.00 -0.42 -0.06 -0.38 0.18 0.30 0.12 30.00 30.00 30.00 
0 0 0 17.14 0.00000000 0.00000000 0.00 0.00 0.00 -0.43 -0.03 -0.03 0.24 0.27 0.09 30.00 30.00 30.00 
0 0 0 17.24 0.00000000 0.00000000 0.00 0.00 0.00 -0.39 -0.00 -0.25 0.13 0.20 0.02 30.00 30.00 30.00 
0 0 0 17.34 0.00000000 0.00000000 0.00 0.00 0.00 -0.37 -0.01 -0.33 0.18 0.17 0.05 30.00 30.00 30.00 
0 0 0 17.44 0.00000000 0.00000000 0.00 0.00 0.00 -0.39 -0.04 -0.28 0.62 -0.01 0.12 30.00 30.00 30.00 
0 0 0 17.54 0.00000000 0.00000000 0.00 0.00 0.00 -0.27 0.03 -0.27 1.00 0.35 0.23 30.00 30.00 30.00 
0 0 0 17.64 0.00000000 0.00000000 0.00 0.00 0.00 -0.18 0.05 -0.49 0.82 0.54 0.17 30.00 30.00 30.00 
0 0 0 17.75 0.00000000 0.00000000 0.00 0.00 0.00 -0.12 0.12 -0.02 0.53 0.08 -0.03 30.00 30.00 30.00 
0 0 0 17.85 0.00000000 0.00000000 0.00 0.00 0.00 -0.09 0.09 -0.07 0.57 0.07 -0.03 30.00 30.00 30.00 
0 0 0 17.95 0.00000000 0.00000000 0.00 0.00 0.00 0.00 0.15 0.19 0.70 0.20 0.07 30.00 30.00 30.00 
0 0 0 18.05 0.00000000 0.00000000 0.00 0.00 0.00 0.05 0.10 -0.03 0.75 0.52 0.12 30.00 30.00 30.00 
0 0 0 18.15 0.00000000 0.00000000 0.00 0.00 0.00 0.13 0.11 -0.06 0.86 0.30 0.05 30.00 30.00 30.00 
0 0 0 18.25 0.00000000 0.00000000 0.00 0.00 0.00 0.22 0.19 0.32 0.94 0.26 0.01 30.00 30.00 30.00 
0 0 0 18.35 0.00000000 0.00000000 0.00 0.00 0.00 0.30 0.21 0.32 0.74 -0.02 -0.01 30.00 30.00 30.00 
0 0 0 18.45 0.00000000 0.00000000 0.00 0.00 0.00 0.40 0.19 0.22 0.30 -0.06 -0.07 30.00 30.00 30.00 
0 0 0 18.55 0.00000000 0.00000000 0.00 0.00 0.00 0.38 0.21 0.37 0.13 0.04 -0.11 30.00 30.00 30.00 
0 0 0 18.65 0.00000000 0.00000000 0.00 0.00 0.00 0.44 0.18 0.18 0.19 -0.14 -0.03 30.00 30.00 30.00 
0 0 0 18.76 0.00000000 0.00000000 0.00 0.00 0.00 0.48 0.18 0.13 -0.31 -0.33 -0.14 30.00 30.00 30.00 
0 0 0 18.86 0.00000000 0.00000000 0.00 0.00 0.00 0.32 0.19 0.51 -1.11 -1.26 -0.14 30.00 30.00 30.00 
0 0 0 18.96 0.00000000 0.00000000 0.00 0.00 0.00 0.19 0.04 0.57 -1.20 -1.10 0.05 30.00 30.00 30.00 
0 0 0 19.06 0.00000000 0.00000000 0.00 0.00 0.00 0.06 -0.12 0.23 -0.70 -1.27 0.22 30.00 30.00 30.00 
0 0 0 19.16 0.00000000 0.00000000 0.00 0.00 0.00 0.00 -0.23 0.39 -0.40 -0.87 0.18 30.00 30.00 30.00 
0 0 0 19.26 0.00000000 0.00000000 0.00 0.00 0.00 -0.01 -0.28 0.58 -0.24 -0.53 0.10 30.00 30.00 30.00 
0 0 0 19.36 0.00000000 0.00000000 0.00 0.00 0.00 0.00 -0.33 0.84 -0.03 0.03 0.19 30.00 30.00 30.00 
0 0 0 19.46 0.00000000 0.00000000 0.00 0.00 0.00 -0.01 -0.38 0.48 0.12 0.55 0.21 30.00 30.00 30.00 
0 0 0 19.56 0.00000000 0.00000000 0.00 0.00 0.00 -0.05 -0.34 0.59 0.14 0.42 0.12 30.00 30.00 30.00 
0 0 0 19.66 0.00000000 0.00000000 0.00 0.00 0.00 -0.03 -0.39 -0.00 0.06 0.14 0.09 30.00 30.00 30.00 
0 0 0 19.76 0.00000000 0.00000000 0.00 0.00 0.00 0.00 -0.29 -0.05 0.03 0.39 0.16 30.00 30.00 30.00 
0 0 0 19.86 0.00000000 0.00000000 0.00 0.00 0.00 -0.07 -0.13 0.39 -0.04 0.22 0.14 30.00 30.00 30.00 
0 0 0 19.96 0.00000000 0.00000000 0.00 0.00 0.00 -0.05 0.05 1.09 0.14 0.46 0.04 30.00 30.00 30.00 
0 0 0 20.07 0.00000000 0.00000000 0.00 0.00 0.00 -0.02 0.06 0.28 0.13 0.02 0.18 30.00 30.00 30.00 
0 0 0 20.17 0.00000000 0.00000000 0.00 0.00 0.00 -0.01 0.03 0.01 0.09 0.00 0.12 30.00 30.00 30.00 
0 0 0 20.27 0.00000000 0.00000000 0.00 0.00 0.00 -0.02 0.12 0.33 0.17 0.06 -0.04 30.00 30.00 30.00 
0 0 0 20.37 0.00000000 0.00000000 0.00 0.00 0.00 0.06 0.16 0.36 -0.01 0.40 -0.02 30.00 30.00 30.00 
0 0 0 20.47 0.00000000 0.00000000 0.00 0.00 0.00 0.03 0.08 -0.29 -0.31 0.08 -0.10 30.00 30.00 30.00 
0 0 0 20.57 0.00000000 0.00000000 0.00 0.00 0.00 -0.39 0.05 0.30 0.39 -0.90 -0.08 30.00 30.00 30.00 
0 0 0 20.67 0.00000000 0.00000000 0.00 0.00 0.00 0.02 0.19 -0.08 0.11 -0.26 -0.02 30.00 30.00 30.00 
0 0 0 20.77 0.00000000 0.00000000 0.00 0.00 0.00 0.00 0.08 -0.31 0.20 0.48 0.21 30.00 30.00 30.00 
0 0 0 20.87 0.00000000 0.00000000 0.00 0.00 0.00 0.00 0.10 -0.22 0.00 -0.06 0.32 30.00 30.00 30.00 
0 0 0 20.98 0.00000000 0.00000000 0.00 0.00 0.00 0.05 0.08 -0.24 0.17 -0.05 -0.05 30.00 30.00 30.00 
0 0 0 21.08 0.00000000 0.00000000 0.00 0.00 0.00 0.03 0.12 0.00 0.10 -0.03 -0.01 30.00 30.00 30.00 
0 0 0 21.18 0.00000000 0.00000000 0.00 0.00 0.00 0.22 0.15 -1.31 0.03 0.00 0.00 30.00 30.00 30.00 
0 0 0 21.28 0.00000000 0.00000000 0.00 0.00 0.00 0.26 0.10 -1.25 0.20 -0.04 0.01 30.00 30.00 30.00 
0 0 0 21.38 0.00000000 0.00000000 0.00 0.00 0.00 0.12 0.12 -0.23 0.10 -0.01 0.01 30.00 30.00 30.00 
0 0 0 21.48 0.00000000 0.00000000 0.00 0.00 0.00 0.10 0.10 -0.17 0.10 -0.03 0.01 30.00 30.00 30.00 
0 0 0 21.59 0.00000000 0.00000000 0.00 0.00 0.00 0.06 0.11 -0.02 0.11 -0.03 0.01 30.00 30.00 30.00 
0 0 0 21.69 0.00000000 0.00000000 0.00 0.00 0.00 0.09 0.10 -0.14 0.04 -0.01 0.01 30.00 30.00 30.00 
0 0 0 21.79 0.00000000 0.00000000 0.00 0.00 0.00 0.07 0.10 -0.83 0.02 -0.01 0.00 30.00 30.00 30.00 
0 0 0 21.90 0.00000000 0.00000000 0.00 0.00 0.00 0.07 0.10 -0.08 -0.00 -0.01 0.00 30.00 30.00 30.00 
0 0 0 22.00 0.00000000 0.00000000 0.00 0.00 0.00 0.07 0.10 -0.05 0.03 -0.01 0.01 30.00 30.00 30.00 
0 0 0 22.10 0.00000000 0.00000000 0.00 0.00 0.00 0.05 0.11 0.11 -0.00 -0.00 0.00 30.00 30.00 30.00 
0 0 0 22.21 0.00000000 0.00000000 0.00 0.00 0.00 0.10 0.10 -0.20 0.06 -0.02 0.01 30.00 30.00 30.00 
0 0 0 22.31 0.00000000 0.00000000 0.00 0.00 0.00 0.09 0.10 -0.13 0.03 -0.01 0.01 30.00 30.00 30.00 
0 0 0 22.41 0.00000000 0.00000000 0.00 0.00 0.00 0.04 0.11 0.04 -0.01 -0.01 0.00 30.00 30.00 30.00 
0 0 0 22.51 0.00000000 0.00000000 0.00 0.00 0.00 0.07 0.11 -0.05 -0.00 -0.01 0.00 30.00 30.00 30.00 
0 0 0 22.61 0.00000000 0.00000000 0.00 0.00 0.00 0.08 0.11 -0.06 0.02 -0.01 0.00 30.00 30.00 30.00 
0 0 0 22.71 0.00000000 0.00000000 0.00 0.00 0.00 0.07 0.10 -0.11 0.02 -0.01 0.01 30.00 30.00 30.00 
0 0 0 22.81 0.00000000 0.00000000 0.00 0.00 0.00 0.04 0.10 0.05 -0.03 -0.01 0.00 30.00 30.00 30.00 
0 0 0 22.91 0.00000000 0.00000000 0.00 0.00 0.00 0.09 0.10 -0.13 0.03 -0.01 0.00 30.00 30.00 30.00 
0 0 0 23.01 0.00000000 0.00000000 0.00 0.00 0.00 0.09 0.10 -0.13 0.03 -0.01 0.01 30.00 30.00 30.00 
0 0 0 23.12 0.00000000 0.00000000 0.00 0.00 0.00 0.04 0.10 0.04 -0.03 0.00 0.00 30.00 30.00 30.00 
0 0 0 23.22 0.00000000 0.00000000 0.00 0.00 0.00 0.08 0.10 -0.10 0.01 -0.01 0.00 30.00 30.00 30.00 
0 0 0 23.32 0.00000000 0.00000000 0.00 0.00 0.00 0.08 0.10 -0.05 0.02 -0.00 0.01 30.00 30.00 30.00 
0 0 0 23.42 0.00000000 0.00000000 0.00 0.00 0.00 0.07 0.10 -0.05 0.00 -0.01 0.01 30.00 30.00 30.00 
0 0 0 23.52 0.00000000 0.00000000 0.00 0.00 0.00 0.07 0.10 -0.07 0.02 -0.01 0.00 30.00 30.00 30.00 
0 0 0 23.62 0.00000000 0.00000000 0.00 0.00 0.00 0.09 0.09 -0.19 0.04 -0.01 0.01 30.00 30.00 30.00 
0 0 0 23.72 0.00000000 0.00000000 0.00 0.00 0.00 0.08 0.10 -0.10 0.01 -0.01 0.00 30.00 30.00 30.00 
0 0 0 23.83 0.00000000 0.00000000 0.00 0.00 0.00 0.07 0.11 -0.07 0.01 -0.01 0.00 30.00 30.00 30.00 
0 0 0 23.93 0.00000000 0.00000000 0.00 0.00 0.00 0.08 0.10 -0.12 0.01 -0.01 0.00 30.00 30.00 30.00 
0 0 0 24.03 0.00000000 0.00000000 0.00 0.00 0.00 0.06 0.10 -0.02 0.00 -0.01 0.00 30.00 30.00 30.00 
0 0 0 24.13 0.00000000 0.00000000 0.00 0.00 0.00 0.07 0.10 -0.04 0.01 -0.01 0.00 30.00 30.00 30.00 
0 0 0 24.23 0.00000000 0.00000000 0.00 0.00 0.00 0.08 0.10 -0.09 0.02 -0.01 0.01 30.00 30.00 30.00 
0 0 0 24.33 0.00000000 0.00000000 0.00 0.00 0.00 0.08 0.10 -0.14 0.01 -0.01 0.00 30.00 30.00 30.00 
0 0 0 24.43 0.00000000 0.00000000 0.00 0.00 0.00 0.06 0.10 -0.00 -0.01 -0.00 0.00 30.00 30.00 30.00 
0 0 0 24.53 0.00000000 0.00000000 0.00 0.00 0.00 0.05 0.11 0.05 -0.01 -0.00 0.00 30.00 30.00 30.00 
0 0 0 24.63 0.00000000 0.00000000 0.00 0.00 0.00 0.07 0.10 -0.03 0.02 -0.01 0.00 30.00 30.00 30.00 
0 0 0 24.73 0.00000000 0.00000000 0.00 0.00 0.00 0.06 0.10 -0.03 -0.00 -0.01 0.00 30.00 30.00 30.00 
0 0 0 24.84 0.00000000 0.00000000 0.00 0.00 0.00 0.06 0.11 -0.00 -0.02 0.00 0.00 30.00 30.00 30.00 
0 0 0 24.94 0.00000000 0.00000000 0.00 0.00 0.00 0.09 0.09 -0.14 0.04 -0.02 0.01 30.00 30.00 30.00 
0 0 0 25.04 0.00000000 0.00000000 0.00 0.00 0.00 0.06 0.10 -0.02 0.01 -0.01 0.01 30.00 30.00 30.00 
0 0 0 25.14 0.00000000 0.00000000 0.00 0.00 0.00 0.05 0.10 0.02 -0.02 -0.00 0.00 30.00 30.00 30.00 
0 0 0 25.24 0.00000000 0.00000000 0.00 0.00 0.00 0.06 0.11 0.02 0.02 -0.01 0.00 30.00 30.00 30.00 
0 0 0 25.34 0.00000000 0.00000000 0.00 0.00 0.00 0.08 0.10 -0.11 0.03 -0.01 0.01 30.00 30.00 30.00 
0 0 0 25.44 0.00000000 0.00000000 0.00 0.00 0.00 0.07 0.10 -0.06 0.01 -0.01 0.00 30.00 30.00 30.00 
0 0 0 25.54 0.00000000 0.00000000 0.00 0.00 0.00 0.05 0.10 0.02 0.01 -0.01 0.00 30.00 30.00 30.00 
0 0 0 25.64 0.00000000 0.00000000 0.00 0.00 0.00 0.08 0.10 -0.07 0.02 -0.01 0.01 30.00 30.00 30.00 
0 0 0 25.74 0.00000000 0.00000000 0.00 0.00 0.00 0.07 0.10 -0.06 0.03 -0.01 0.00 30.00 30.00 30.00 
0 0 0 25.84 0.00000000 0.00000000 0.00 0.00 0.00 0.05 0.11 0.05 -0.02 -0.01 0.00 30.00 30.00 30.00 
0 0 0 25.94 0.00000000 0.00000000 0.00 0.00 0.00 0.06 0.11 0.03 0.03 -0.02 0.01 30.00 30.00 30.00 
0 0 0 26.04 0.00000000 0.00000000 0.00 0.00 0.00 0.09 0.10 -0.14 0.03 -0.01 0.01 30.00 30.00 30.00 
0 0 0 26.14 0.00000000 0.00000000 0.00 0.00 0.00 0.06 0.11 -0.01 0.01 -0.01 0.00 30.00 30.00 30.00 
0 0 0 26.25 0.00000000 0.00000000 0.00 0.00 0.00 0.06 0.11 0.02 0.01 -0.01 0.00 30.00 30.00 30.00 
0 0 0 26.35 0.00000000 0.00000000 0.00 0.00 0.00 0.06 0.10 -0.01 0.05 -0.01 0.00 30.00 30.00 30.00 
0 0 0 26.45 0.00000000 0.00000000 0.00 0.00 0.00 0.07 0.11 -0.01 -0.01 -0.01 0.01 30.00 30.00 30.00 
0 0 0 26.55 0.00000000 0.00000000 0.00 0.00 0.00 0.06 0.11 0.03 -0.01 -0.00 0.00 30.00 30.00 30.00 
0 0 0 26.66 0.00000000 0.00000000 0.00 0.00 0.00 0.09 0.10 -0.09 0.03 -0.01 0.01 30.00 30.00 30.00 
0 0 0 26.76 0.00000000 0.00000000 0.00 0.00 0.00 0.08 0.10 -0.07 0.02 -0.01 0.01 30.00 30.00 30.00 
0 0 0 26.86 0.00000000 0.00000000 0.00 0.00 0.00 0.07 0.10 -0.03 0.02 -0.01 0.00 30.00 30.00 30.00 
0 0 0 26.96 0.00000000 0.00000000 0.00 0.00 0.00 0.08 0.10 -0.11 0.03 -0.01 0.01 30.00 30.00 30.00 
0 0 0 27.06 0.00000000 0.00000000 0.00 0.00 0.00 0.08 0.10 -0.13 0.04 -0.01 0.01 30.00 30.00 30.00 
0 0 0 27.17 0.00000000 0.00000000 0.00 0.00 0.00 0.07 0.11 0.02 -0.00 -0.01 0.01 30.00 30.00 30.00 
0 0 0 27.27 0.00000000 0.00000000 0.00 0.00 0.00 0.09 0.10 -0.15 0.04 -0.02 0.00 30.00 30.00 30.00 
0 0 0 27.37 0.00000000 0.00000000 0.00 0.00 0.00 0.08 0.10 -0.08 0.02 -0.01 0.01 30.00 30.00 30.00 
0 0 0 27.47 0.00000000 0.00000000 0.00 0.00 0.00 0.07 0.11 -0.03 0.02 -0.01 0.00 30.00 30.00 30.00 
0 0 0 27.57 0.00000000 0.00000000 0.00 0.00 0.00 0.07 0.10 -0.07 0.04 -0.01 0.01 30.00 30.00 30.00 
0 0 0 27.68 0.00000000 0.00000000 0.00 0.00 0.00 0.06 0.10 -0.06 -0.00 -0.00 0.00 30.00 30.00 30.00 
0 0 0 27.78 0.00000000 0.00000000 0.00 0.00 0.00 0.08 0.11 -0.04 0.02 -0.01 0.00 30.00 30.00 30.00 
0 0 0 27.89 0.00000000 0.00000000 0.00 0.00 0.00 0.06 0.11 -0.01 0.02 -0.01 0.00 30.00 30.00 30.00 
0 0 0 27.99 0.00000000 0.00000000 0.00 0.00 0.00 0.05 0.10 0.02 -0.00 -0.01 0.00 30.00 30.00 30.00 
0 0 0 28.09 0.00000000 0.00000000 0.00 0.00 0.00 0.05 0.11 0.09 -0.01 -0.01 0.01 30.00 30.00 30.00 
0 0 0 28.20 0.00000000 0.00000000 0.00 0.00 0.00 0.06 0.10 -0.01 0.00 -0.02 0.01 30.00 30.00 30.00 
0 0 0 28.30 0.00000000 0.00000000 0.00 0.00 0.00 0.06 0.10 -0.01 -0.01 -0.01 0.00 30.00 30.00 30.00 
0 0 0 28.40 0.00000000 0.00000000 0.00 0.00 0.00 0.05 0.10 -0.03 -0.01 -0.01 0.01 30.00 30.00 30.00 
0 0 0 28.50 0.00000000 0.00000000 0.00 0.00 0.00 0.07 0.10 -0.11 0.01 -0.01 0.00 30.00 30.00 30.00 
0 0 0 28.60 0.00000000 0.00000000 0.00 0.00 0.00 0.06 0.10 -0.04 0.01 -0.01 0.01 30.00 30.00 30.00 
0 0 0 28.70 0.00000000 0.00000000 0.00 0.00 0.00 0.07 0.10 -0.03 0.01 -0.01 0.00 30.00 30.00 30.00 
0 0 0 28.81 0.00000000 0.00000000 0.00 0.00 0.00 0.06 0.10 -0.01 0.02 -0.01 0.00 30.00 30.00 30.00 
0 0 0 28.91 0.00000000 0.00000000 0.00 0.00 0.00 0.07 0.11 -0.01 0.01 -0.01 0.00 30.00 30.00 30.00 
0 0 0 29.01 0.00000000 0.00000000 0.00 0.00 0.00 0.06 0.11 -0.02 -0.01 -0.01 0.01 30.00 30.00 30.00 
0 0 0 29.11 0.00000000 0.00000000 0.00 0.00 0.00 0.08 0.10 -0.09 0.02 -0.01 0.01 30.00 30.00 30.00 
0 0 0 29.22 0.00000000 0.00000000 0.00 0.00 0.00 0.05 0.10 0.01 -0.03 -0.01 0.00 30.00 30.00 30.00 
0 0 0 29.32 0.00000000 0.00000000 0.00 0.00 0.00 0.05 0.11 0.04 -0.01 -0.00 0.00 30.00 30.00 30.00 
0 0 0 29.43 0.00000000 0.00000000 0.00 0.00 0.00 0.06 0.10 -0.02 0.00 -0.00 0.01 30.00 30.00 30.00 
0 0 0 29.53 0.00000000 0.00000000 0.00 0.00 0.00 0.07 0.11 -0.02 0.01 -0.01 0.00 30.00 30.00 30.00 
0 0 0 29.63 0.00000000 0.00000000 0.00 0.00 0.00 0.07 0.10 -0.05 0.01 -0.01 0.00 30.00 30.00 30.00 
0 0 0 29.73 0.00000000 0.00000000 0.00 0.00 0.00 0.07 0.10 -0.07 0.00 -0.01 0.01 30.00 30.00 30.00 
0 0 0 29.84 0.00000000 0.00000000 0.00 0.00 0.00 0.06 0.10 -0.06 -0.02 -0.01 0.00 30.00 30.00 30.00 
0 0 0 29.94 0.00000000 0.00000000 0.00 0.00 0.00 0.06 0.10 -0.06 0.00 -0.01 0.00 30.00 30.00 30.00 
0 0 0 30.04 0.00000000 0.00000000 0.00 0.00 0.00 0.07 0.10 -0.05 0.00 -0.01 0.01 30.00 30.00 30.00 
0 0 0 30.14 0.00000000 0.00000000 0.00 0.00 0.00 0.06 0.10 -0.06 0.00 -0.00 0.00 30.00 30.00 30.00 
0 0 0 30.25 0.00000000 0.00000000 0.00 0.00 0.00 0.07 0.10 -0.05 0.01 -0.01 0.00 30.00 30.00 30.00 
0 0 0 30.35 0.00000000 0.00000000 0.00 0.00 0.00 0.08 0.10 -0.10 0.01 -0.01 0.01 30.00 30.00 30.00 
0 0 0 30.45 0.00000000 0.00000000 0.00 0.00 0.00 0.06 0.11 0.00 -0.01 -0.01 0.01 30.00 30.00 30.00 
0 0 0 30.55 0.00000000 0.00000000 0.00 0.00 0.00 0.07 0.10 -0.05 0.01 -0.01 0.01 30.00 30.00 30.00 
0 0 0 30.65 0.00000000 0.00000000 0.00 0.00 0.00 0.07 0.11 -0.06 0.03 -0.01 0.01 30.00 30.00 30.00 
0 0 0 30.75 0.00000000 0.00000000 0.00 0.00 0.00 0.08 0.11 -0.04 0.03 -0.01 0.00 30.00 30.00 30.00 
0 0 0 30.85 0.00000000 0.00000000 0.00 0.00 0.00 0.06 0.10 -0.04 -0.01 -0.00 0.00 30.00 30.00 30.00 
0 0 0 30.95 0.00000000 0.00000000 0.00 0.00 0.00 0.06 0.10 -0.00 -0.01 -0.01 0.00 30.00 30.00 30.00 
0 0 0 31.06 0.00000000 0.00000000 0.00 0.00 0.00 0.07 0.10 -0.05 0.01 -0.00 0.00 30.00 30.00 30.00 
0 0 0 31.16 0.00000000 0.00000000 0.00 0.00 0.00 0.07 0.10 -0.07 0.02 -0.01 0.00 30.00 30.00 30.00 
0 0 0 31.26 0.00000000 0.00000000 0.00 0.00 0.00 0.05 0.11 0.02 0.02 -0.01 0.01 30.00 30.00 30.00 
0 0 0 31.37 0.00000000 0.00000000 0.00 0.00 0.00 0.08 0.09 -0.15 0.04 -0.01 0.01 30.00 30.00 30.00 
0 0 0 31.47 0.00000000 0.00000000 0.00 0.00 0.00 0.07 0.11 -0.04 0.03 -0.01 0.01 30.00 30.00 30.00 
0 0 0 31.57 0.00000000 0.00000000 0.00 0.00 0.00 0.10 0.15 0.06 -0.35 0.08 -0.02 30.00 30.00 30.00 
0 0 0 31.67 0.00000000 0.00000000 0.00 0.00 0.00 0.03 0.14 0.13 -0.03 -0.03 -0.10 30.00 30.00 30.00 
0 0 0 31.77 0.00000000 0.00000000 0.00 0.00 0.00 -0.03 0.10 0.11 -0.13 -0.07 -0.32 30.00 30.00 30.00 
0 0 0 31.87 0.00000000 0.00000000 0.00 0.00 0.00 0.07 0.07 -0.44 -0.07 -0.04 0.00 30.00 30.00 30.00 
0 0 0 31.97 0.00000000 0.00000000 0.00 0.00 0.00 0.06 0.09 -0.35 0.06 0.02 -0.04 30.00 30.00 30.00 
0 0 0 32.07 0.00000000 0.00000000 0.00 0.00 0.00 0.06 0.04 -0.50 -0.03 -0.02 0.12 30.00 30.00 30.00 
0 0 0 32.17 0.00000000 0.00000000 0.00 0.00 0.00 -0.00 0.11 0.04 -0.07 -0.08 0.02 30.00 30.00 30.00 
0 0 0 32.27 0.00000000 0.00000000 0.00 0.00 0.00 0.16 -0.68 -0.88 -0.02 -1.55 0.03 30.00 30.00 30.00 
0 0 0 32.41 0.00000000 0.00000000 0.00 0.00 0.00 0.00 -0.07 -0.01 0.06 -0.56 0.03 30.00 30.00 30.00 
0 0 0 32.54 0.00000000 0.00000000 0.00 0.00 0.00 -0.02 -0.17 0.00 -0.20 -0.30 0.00 30.00 30.00 30.00 
0 0 0 32.68 0.00000000 0.00000000 0.00 0.00 0.00 -0.02 -0.16 0.16 -0.14 -0.00 0.04 30.00 30.00 30.00 
0 0 0 32.81 0.00000000 0.00000000 0.00 0.00 0.00 -0.02 -0.20 -0.01 0.03 -0.19 0.03 30.00 30.00 30.00 
0 0 0 32.91 0.00000000 0.00000000 0.00 0.00 0.00 -0.04 -0.17 0.34 -0.05 0.06 0.05 30.00 30.00 30.00 
0 0 0 33.02 0.00000000 0.00000000 0.00 0.00 0.00 -0.05 -0.15 0.40 0.02 -0.01 0.04 30.00 30.00 30.00 
0 0 0 33.12 0.00000000 0.00000000 0.00 0.00 0.00 -0.02 -0.20 0.05 0.05 -0.09 0.03 30.00 30.00 30.00 
0 0 0 33.22 0.00000000 0.00000000 0.00 0.00 0.00 -0.03 -0.17 0.35 -0.03 0.04 0.03 30.00 30.00 30.00 
0 0 0 33.32 0.00000000 0.00000000 0.00 0.00 0.00 -0.04 -0.20 0.18 0.08 0.04 0.04 30.00 30.00 30.00 
0 0 0 33.42 0.00000000 0.00000000 0.00 0.00 0.00 -0.04 -0.18 0.29 0.12 0.22 0.01 30.00 30.00 30.00 
0 0 0 33.52 0.00000000 0.00000000 0.00 0.00 0.00 -0.02 -0.12 0.57 -0.02 0.37 -0.02 30.00 30.00 30.00 
0 0 0 33.62 0.00000000 0.00000000 0.00 0.00 0.00 -0.01 -0.14 -0.00 0.12 0.03 0.01 30.00 30.00 30.00 
0 0 0 33.72 0.00000000 0.00000000 0.00 0.00 0.00 -0.01 -0.14 0.04 -0.15 0.46 -0.02 30.00 30.00 30.00 
0 0 0 33.82 0.00000000 0.00000000 0.00 0.00 0.00 0.03 0.06 1.22 0.18 0.66 -0.03 30.00 30.00 30.00 
0 0 0 33.92 0.00000000 0.00000000 0.00 0.00 0.00 -0.02 0.01 0.21 0.00 0.37 -0.02 30.00 30.00 30.00 
0 0 0 34.02 0.00000000 0.00000000 0.00 0.00 0.00 0.01 -0.04 -0.21 0.04 0.09 0.00 30.00 30.00 30.00 
0 0 0 34.12 0.00000000 0.00000000 0.00 0.00 0.00 -0.00 -0.06 -0.25 0.01 0.16 -0.02 30.00 30.00 30.00 
0 0 0 34.22 0.00000000 0.00000000 0.00 0.00 0.00 1.28 0.59 -2.48 0.22 0.13 0.03 30.00 30.00 30.00 
0 0 0 34.32 0.00000000 0.00000000 0.00 0.00 0.00 0.01 0.07 -0.33 0.20 0.08 -0.06 30.00 30.00 30.00 
0 0 0 34.43 0.00000000 0.00000000 0.00 0.00 0.00 0.01 0.11 -0.13 0.12 -0.01 0.04 30.00 30.00 30.00 
0 0 0 34.53 0.00000000 0.00000000 0.00 0.00 0.00 0.00 0.09 -0.10 0.05 0.01 0.02 30.00 30.00 30.00 
0 0 0 34.63 0.00000000 0.00000000 0.00 0.00 0.00 0.01 0.08 -0.19 0.10 0.50 -0.05 30.00 30.00 30.00 
0 0 0 34.73 0.00000000 0.00000000 0.00 0.00 0.00 0.03 0.17 -0.12 0.60 0.21 -0.02 30.00 30.00 30.00 
0 0 0 34.83 0.00000000 0.00000000 0.00 0.00 0.00 0.08 0.20 0.24 1.09 -0.08 0.16 30.00 30.00 30.00 
0 0 0 34.93 0.00000000 0.00000000 0.00 0.00 0.00 0.33 0.11 -0.72 0.98 -0.10 0.25 30.00 30.00 30.00 
0 0 0 35.03 0.00000000 0.00000000 0.00 0.00 0.00 0.31 0.12 0.05 0.55 -0.18 0.01 30.00 30.00 30.00 
0 0 0 35.13 0.00000000 0.00000000 0.00 0.00 0.00 0.34 0.11 0.03 0.18 -0.39 -0.15 30.00 30.00 30.00 
0 0 0 35.23 0.00000000 0.00000000 0.00 0.00 0.00 0.32 0.16 0.49 0.09 -0.14 -0.15 30.00 30.00 30.00 
0 0 0 35.33 0.00000000 0.00000000 0.00 0.00 0.00 0.37 0.14 0.27 0.24 -0.05 -0.05 30.00 30.00 30.00 
0 0 0 35.43 0.00000000 0.00000000 0.00 0.00 0.00 0.37 0.15 0.39 0.11 0.11 0.02 30.00 30.00 30.00 
0 0 0 35.53 0.00000000 0.00000000 0.00 0.00 0.00 0.36 0.11 0.22 -0.10 -0.15 0.03 30.00 30.00 30.00 
0 0 0 35.63 0.00000000 0.00000000 0.00 0.00 0.00 0.31 0.12 0.34 -0.04 -0.06 0.03 30.00 30.00 30.00 
0 0 0 35.73 0.00000000 0.00000000 0.00 0.00 0.00 0.34 0.08 0.21 0.08 -0.01 0.05 30.00 30.00 30.00 
0 0 0 35.83 0.00000000 0.00000000 0.00 0.00 0.00 0.35 0.09 0.25 0.08 0.04 -0.01 30.00 30.00 30.00 
0 0 0 35.94 0.00000000 0.00000000 0.00 0.00 0.00 0.34 0.12 0.38 0.04 0.03 -0.05 30.00 30.00 30.00 
0 0 0 36.04 0.00000000 0.00000000 0.00 0.00 0.00 0.34 0.11 0.33 -0.05 -0.00 -0.02 30.00 30.00 30.00 
0 0 0 36.14 0.00000000 0.00000000 0.00 0.00 0.00 0.32 0.12 0.37 -0.03 0.00 -0.04 30.00 30.00 30.00 
0 0 0 36.24 0.00000000 0.00000000 0.00 0.00 0.00 0.33 0.11 0.32 0.01 0.02 -0.02 30.00 30.00 30.00 
0 0 0 36.34 0.00000000 0.00000000 0.00 0.00 0.00 0.34 0.14 0.40 0.04 0.01 -0.04 30.00 30.00 30.00 
0 0 0 36.44 0.00000000 0.00000000 0.00 0.00 0.00 0.35 0.12 0.34 0.01 -0.02 -0.01 30.00 30.00 30.00 
0 0 0 36.54 0.00000000 0.00000000 0.00 0.00 0.00 0.34 0.10 0.23 -0.02 0.03 -0.01 30.00 30.00 30.00 
0 0 0 36.64 0.00000000 0.00000000 0.00 0.00 0.00 0.32 0.14 0.44 0.03 0.02 0.00 30.00 30.00 30.00 
0 0 0 36.74 0.00000000 0.00000000 0.00 0.00 0.00 0.33 0.11 0.29 -0.01 0.01 0.01 30.00 30.00 30.00 
0 0 0 36.84 0.00000000 0.00000000 0.00 0.00 0.00 0.34 0.10 0.22 0.00 0.00 -0.01 30.00 30.00 30.00 
0 0 0 36.94 0.00000000 0.00000000 0.00 0.00 0.00 0.33 0.14 0.41 0.02 0.02 0.00 30.00 30.00 30.00 
0 0 0 37.04 0.00000000 0.00000000 0.00 0.00 0.00 0.32 0.10 0.28 -0.02 -0.01 0.03 30.00 30.00 30.00 
0 0 0 37.15 0.00000000 0.00000000 0.00 0.00 0.00 0.31 0.11 0.34 -0.02 0.01 -0.02 30.00 30.00 30.00 
0 0 0 37.25 0.00000000 0.00000000 0.00 0.00 0.00 0.33 0.11 0.29 -0.02 -0.03 -0.02 30.00 30.00 30.00 
0 0 0 37.35 0.00000000 0.00000000 0.00 0.00 0.00 0.31 0.13 0.44 -0.00 -0.03 -0.00 30.00 30.00 30.00 
0 0 0 37.45 0.00000000 0.00000000 0.00 0.00 0.00 0.32 0.12 0.38 0.01 -0.01 0.02 30.00 30.00 30.00 
0 0 0 37.55 0.00000000 0.00000000 0.00 0.00 0.00 0.31 0.09 0.26 -0.01 -0.04 0.01 30.00 30.00 30.00 
0 0 0 37.65 0.00000000 0.00000000 0.00 0.00 0.00 0.32 0.12 0.38 0.04 0.01 0.01 30.00 30.00 30.00 
0 0 0 37.75 0.00000000 0.00000000 0.00 0.00 0.00 0.32 0.11 0.32 0.01 -0.03 -0.01 30.00 30.00 30.00 
0 0 0 37.85 0.00000000 0.00000000 0.00 0.00 0.00 0.31 0.12 0.35 0.02 -0.03 0.02 30.00 30.00 30.00 
0 0 0 37.95 0.00000000 0.00000000 0.00 0.00 0.00 0.32 0.10 0.26 0.01 -0.02 -0.00 30.00 30.00 30.00 
0 0 0 38.05 0.00000000 0.00000000 0.00 0.00 0.00 0.33 0.11 0.29 0.04 0.00 -0.00 30.00 30.00 30.00 
0 0 0 38.15 0.00000000 0.00000000 0.00 0.00 0.00 0.32 0.11 0.31 0.01 -0.03 0.00 30.00 30.00 30.00 
0 0 0 38.25 0.00000000 0.00000000 0.00 0.00 0.00 0.32 0.11 0.30 -0.02 -0.03 0.00 30.00 30.00 30.00 
0 0 0 38.36 0.00000000 0.00000000 0.00 0.00 0.00 0.31 0.11 0.37 -0.01 -0.04 0.00 30.00 30.00 30.00 
0 0 0 38.46 0.00000000 0.00000000 0.00 0.00 0.00 0.30 0.09 0.26 0.00 -0.01 -0.01 30.00 30.00 30.00 
0 0 0 38.56 0.00000000 0.00000000 0.00 0.00 0.00 0.32 0.11 0.31 0.04 -0.03 -0.02 30.00 30.00 30.00 
0 0 0 38.66 0.00000000 0.00000000 0.00 0.00 0.00 0.33 0.12 0.35 0.04 0.02 0.00 30.00 30.00 30.00 
0 0 0 38.76 0.00000000 0.00000000 0.00 0.00 0.00 0.32 0.08 0.21 -0.03 0.04 0.04 30.00 30.00 30.00 
0 0 0 38.86 0.00000000 0.00000000 0.00 0.00 0.00 0.30 0.09 0.26 -0.01 0.03 -0.00 30.00 30.00 30.00 
0 0 0 38.96 0.00000000 0.00000000 0.00 0.00 0.00 0.30 0.11 0.34 0.02 0.02 0.01 30.00 30.00 30.00 
0 0 0 39.06 0.00000000 0.00000000 0.00 0.00 0.00 0.33 0.10 0.26 0.05 -0.05 0.00 30.00 30.00 30.00 
0 0 0 39.16 0.00000000 0.00000000 0.00 0.00 0.00 0.32 0.11 0.32 0.04 -0.08 0.02 30.00 30.00 30.00 
0 0 0 39.26 0.00000000 0.00000000 0.00 0.00 0.00 0.32 0.09 0.25 0.00 -0.00 0.02 30.00 30.00 30.00 
0 0 0 39.36 0.00000000 0.00000000 0.00 0.00 0.00 0.31 0.10 0.36 -0.01 -0.04 -0.01 30.00 30.00 30.00 
0 0 0 39.46 0.00000000 0.00000000 0.00 0.00 0.00 0.31 0.09 0.28 0.00 -0.03 -0.03 30.00 30.00 30.00 
0 0 0 39.56 0.00000000 0.00000000 0.00 0.00 0.00 0.33 0.09 0.20 -0.02 -0.03 -0.02 30.00 30.00 30.00 
0 0 0 39.66 0.00000000 0.00000000 0.00 0.00 0.00 0.30 0.11 0.37 -0.07 0.00 -0.02 30.00 30.00 30.00 
0 0 0 39.77 0.00000000 0.00000000 0.00 0.00 0.00 0.28 0.08 0.23 -0.23 -0.08 -0.08 30.00 30.00 30.00 
0 0 0 39.87 0.00000000 0.00000000 0.00 0.00 0.00 0.30 0.07 0.06 -0.65 -0.22 -0.22 30.00 30.00 30.00 
0 0 0 39.97 0.00000000 0.00000000 0.00 0.00 0.00 0.16 0.14 0.47 -1.01 0.09 -0.16 30.00 30.00 30.00 
0 0 0 40.07 0.00000000 0.00000000 0.00 0.00 0.00 0.03 0.07 0.20 -0.93 -0.06 -0.16 30.00 30.00 30.00 
0 0 0 40.17 0.00000000 0.00000000 0.00 0.00 0.00 -0.02 0.10 -0.03 -0.43 -0.03 -0.13 30.00 30.00 30.00 
0 0 0 40.27 0.00000000 0.00000000 0.00 0.00 0.00 -0.03 0.11 -0.05 -0.07 -0.22 -0.10 30.00 30.00 30.00 
0 0 0 40.37 0.00000000 0.00000000 0.00 0.00 0.00 -0.00 0.09 -0.36 -0.04 -0.03 -0.01 30.00 30.00 30.00 
0 0 0 40.47 0.00000000 0.00000000 0.00 0.00 0.00 -0.04 0.05 -0.37 -0.17 -0.14 -0.02 30.00 30.00 30.00 
0 0 0 40.57 0.00000000 0.00000000 0.00 0.00 0.00 -0.05 0.04 -0.33 -0.14 -0.06 -0.05 30.00 30.00 30.00 
0 0 0 40.67 0.00000000 0.00000000 0.00 0.00 0.00 -0.07 0.07 -0.21 -0.03 -0.02 -0.02 30.00 30.00 30.00 
0 0 0 40.77 0.00000000 0.00000000 0.00 0.00 0.00 -0.07 0.03 -0.38 -0.02 -0.00 -0.02 30.00 30.00 30.00 
0 0 0 40.87 0.00000000 0.00000000 0.00 0.00 0.00 -0.06 0.05 -0.37 -0.06 -0.05 -0.06 30.00 30.00 30.00 
0 0 0 40.97 0.00000000 0.00000000 0.00 0.00 0.00 -0.06 0.05 -0.44 -0.12 -0.26 -0.06 30.00 30.00 30.00 
0 0 0 41.07 0.00000000 0.00000000 0.00 0.00 0.00 -0.12 -0.07 -0.16 0.36 -1.35 -0.16 30.00 30.00 30.00 
0 0 0 41.17 0.00000000 0.00000000 0.00 0.00 0.00 -0.04 -0.08 0.73 0.63 -0.89 0.00 30.00 30.00 30.00 
0 0 0 41.28 0.00000000 0.00000000 0.00 0.00 0.00 0.05 -0.16 0.40 0.49 -0.77 0.08 30.00 30.00 30.00 
0 0 0 41.38 0.00000000 0.00000000 0.00 0.00 0.00 0.06 -0.25 0.78 0.22 0.14 0.17 30.00 30.00 30.00 
0 0 0 41.48 0.00000000 0.00000000 0.00 0.00 0.00 0.04 -0.35 0.17 -0.14 -0.05 0.19 30.00 30.00 30.00 
0 0 0 41.58 0.00000000 0.00000000 0.00 0.00 0.00 -0.00 -0.44 -0.09 -0.27 -0.19 0.07 30.00 30.00 30.00 
0 0 0 41.68 0.00000000 0.00000000 0.00 0.00 0.00 -0.03 -0.33 0.50 0.04 0.03 0.04 30.00 30.00 30.00 
0 0 0 41.78 0.00000000 0.00000000 0.00 0.00 0.00 0.01 -0.37 0.10 0.22 0.17 0.07 30.00 30.00 30.00 
0 0 0 41.88 0.00000000 0.00000000 0.00 0.00 0.00 0.07 -0.44 -0.51 0.22 1.32 0.09 30.00 30.00 30.00 
0 0 0 41.98 0.00000000 0.00000000 0.00 0.00 0.00 0.06 -0.14 0.22 -0.02 1.43 -0.06 30.00 30.00 30.00 
0 0 0 42.08 0.00000000 0.00000000 0.00 0.00 0.00 0.01 0.02 0.66 -0.21 0.56 -0.13 30.00 30.00 30.00 
0 0 0 42.18 0.00000000 0.00000000 0.00 0.00 0.00 0.02 0.06 0.06 -0.24 0.36 0.00 30.00 30.00 30.00 
0 0 0 42.29 0.00000000 0.00000000 0.00 0.00 0.00 -0.01 0.10 -0.13 -0.04 0.18 -0.06 30.00 30.00 30.00 
0 0 0 42.39 0.00000000 0.00000000 0.00 0.00 0.00 -0.04 0.07 -0.10 0.18 0.11 -0.14 30.00 30.00 30.00 
0 0 0 42.49 0.00000000 0.00000000 0.00 0.00 0.00 0.01 0.12 -0.29 0.30 0.38 -0.17 30.00 30.00 30.00 
0 0 0 42.59 0.00000000 0.00000000 0.00 0.00 0.00 0.02 0.18 -0.19 0.22 0.18 -0.15 30.00 30.00 30.00 
0 0 0 42.69 0.00000000 0.00000000 0.00 0.00 0.00 0.06 0.15 -0.39 0.24 -0.17 -0.19 30.00 30.00 30.00 
0 0 0 42.79 0.00000000 0.00000000 0.00 0.00 0.00 0.06 0.16 -0.32 0.13 -0.01 -0.04 30.00 30.00 30.00 
0 0 0 42.89 0.00000000 0.00000000 0.00 0.00 0.00 0.11 0.10 -0.66 -0.06 -0.25 -0.13 30.00 30.00 30.00 
0 0 0 42.99 0.00000000 0.00000000 0.00 0.00 0.00 0.16 0.07 -0.93 0.01 -0.07 -0.13 30.00 30.00 30.00 
0 0 0 43.09 0.00000000 0.00000000 0.00 0.00 0.00 0.06 0.23 0.12 -0.06 -0.29 -0.28 30.00 30.00 30.00 
0 0 0 43.20 0.00000000 0.00000000 0.00 0.00 0.00 0.00 0.04 -0.50 -0.48 0.12 0.11 30.00 30.00 30.00 
0 0 0 43.30 0.00000000 0.00000000 0.00 0.00 0.00 -0.09 0.00 -0.29 0.02 -0.03 0.34 30.00 30.00 30.00 
0 0 0 43.40 0.00000000 0.00000000 0.00 0.00 0.00 -0.01 0.08 -0.45 -0.45 0.11 0.43 30.00 30.00 30.00 
0 0 0 43.50 0.00000000 0.00000000 0.00 0.00 0.00 -0.02 0.08 -0.50 -0.02 -0.03 0.31 30.00 30.00 30.00 
0 0 0 43.60 0.00000000 0.00000000 0.00 0.00 0.00 -0.10 0.18 0.36 0.70 -0.18 0.75 30.00 30.00 30.00 
0 0 0 43.70 0.00000000 0.00000000 0.00 0.00 0.00 -0.01 0.21 -0.83 0.35 -0.00 0.67 30.00 30.00 30.00 
0 0 0 43.80 0.00000000 0.00000000 0.00 0.00 0.00 0.02 0.04 -0.04 -0.05 -0.00 -0.05 30.00 30.00 30.00 
0 0 0 43.90 0.00000000 0.00000000 0.00 0.00 0.00 0.02 0.18 0.62 0.44 -0.17 -0.06 30.00 30.00 30.00 
0 0 0 44.00 0.00000000 0.00000000 0.00 0.00 0.00 0.09 0.10 -0.07 -0.32 0.18 -0.03 30.00 30.00 30.00 
0 0 0 44.10 0.00000000 0.00000000 0.00 0.00 0.00 0.07 0.09 -0.03 0.21 -0.11 0.02 30.00 30.00 30.00 
0 0 0 44.20 0.00000000 0.00000000 0.00 0.00 0.00 0.13 0.09 -0.36 -0.09 0.05 -0.01 30.00 30.00 30.00 
0 0 0 44.30 0.00000000 0.00000000 0.00 0.00 0.00 0.05 0.11 0.09 0.02 0.01 0.00 30.00 30.00 30.00 
0 0 0 44.40 0.00000000 0.00000000 0.00 0.00 0.00 0.09 0.08 -0.16 0.01 -0.02 0.01 30.00 30.00 30.00 
0 0 0 44.50 0.00000000 0.00000000 0.00 0.00 0.00 0.11 0.08 -0.27 0.02 -0.00 0.00 30.00 30.00 30.00 
0 0 0 44.61 0.00000000 0.00000000 0.00 0.00 0.00 0.05 0.09 0.09 -0.06 0.02 -0.00 30.00 30.00 30.00 
0 0 0 44.71 0.00000000 0.00000000 0.00 0.00 0.00 0.12 0.09 -0.29 0.11 -0.03 0.01 30.00 30.00 30.00 
0 0 0 44.81 0.00000000 0.00000000 0.00 0.00 0.00 0.08 0.09 -0.05 -0.04 0.03 0.00 30.00 30.00 30.00 
0 0 0 44.91 0.00000000 0.00000000 0.00 0.00 0.00 0.08 0.07 -0.15 0.05 -0.03 0.01 30.00 30.00 30.00 
0 0 0 45.01 0.00000000 0.00000000 0.00 0.00 0.00 0.08 0.09 -0.09 0.02 -0.02 0.01 30.00 30.00 30.00 
0 0 0 45.11 0.00000000 0.00000000 0.00 0.00 0.00 0.07 0.09 0.03 -0.00 0.00 0.00 30.00 30.00 30.00 
0 0 0 45.21 0.00000000 0.00000000 0.00 0.00 0.00 0.10 0.07 -0.17 0.07 -0.04 0.01 30.00 30.00 30.00 
0 0 0 45.31 0.00000000 0.00000000 0.00 0.00 0.00 0.08 0.09 -0.00 -0.02 0.00 0.00 30.00 30.00 30.00 
0 0 0 45.41 0.00000000 0.00000000 0.00 0.00 0.00 0.15 0.09 -0.42 0.03 -0.02 0.01 30.00 30.00 30.00 
0 0 0 45.51 0.00000000 0.00000000 0.00 0.00 0.00 0.09 0.09 -0.05 -0.00 -0.01 0.00 30.00 30.00 30.00 
0 0 0 45.61 0.00000000 0.00000000 0.00 0.00 0.00 0.08 0.09 -0.06 0.02 -0.01 0.01 30.00 30.00 30.00 
0 0 0 45.71 0.00000000 0.00000000 0.00 0.00 0.00 0.08 0.09 -0.06 0.01 -0.01 0.00 30.00 30.00 30.00 
0 0 0 45.81 0.00000000 0.00000000 0.00 0.00 0.00 0.08 0.10 0.01 0.01 -0.00 0.00 30.00 30.00 30.00 
0 0 0 45.91 0.00000000 0.00000000 0.00 0.00 0.00 0.10 0.07 -0.16 0.03 -0.02 0.01 30.00 30.00 30.00 
0 0 0 46.02 0.00000000 0.00000000 0.00 0.00 0.00 0.08 0.08 -0.06 -0.01 0.00 0.00 30.00 30.00 30.00 
0 0 0 46.12 0.00000000 0.00000000 0.00 0.00 0.00 0.08 0.09 -0.03 0.02 -0.02 0.00 30.00 30.00 30.00 
0 0 0 46.22 0.00000000 0.00000000 0.00 0.00 0.00 0.08 0.10 -0.01 0.00 0.00 0.00 30.00 30.00 30.00 
0 0 0 46.32 0.00000000 0.00000000 0.00 0.00 0.00 0.09 0.08 -0.07 0.04 -0.02 0.01 30.00 30.00 30.00 
0 0 0 46.42 0.00000000 0.00000000 0.00 0.00 0.00 0.08 0.09 -0.02 -0.01 0.00 0.00 30.00 30.00 30.00 
0 0 0 46.52 0.00000000 0.00000000 0.00 0.00 0.00 0.08 0.09 -0.01 0.01 -0.01 0.01 30.00 30.00 30.00 
0 0 0 46.62 0.00000000 0.00000000 0.00 0.00 0.00 0.12 0.09 -0.18 0.02 -0.00 0.00 30.00 30.00 30.00 
0 0 0 46.72 0.00000000 0.00000000 0.00 0.00 0.00 0.03 0.09 0.14 0.03 0.01 0.00 30.00 30.00 30.00 
0 0 0 46.82 0.00000000 0.00000000 0.00 0.00 0.00 0.13 0.04 -0.44 0.07 -0.02 0.06 30.00 30.00 30.00 
0 0 0 46.92 0.00000000 0.00000000 0.00 0.00 0.00 0.07 0.11 0.11 -0.05 0.03 -0.00 30.00 30.00 30.00 
0 0 0 47.02 0.00000000 0.00000000 0.00 0.00 0.00 0.10 0.07 -0.13 0.06 -0.03 0.01 30.00 30.00 30.00 
0 0 0 47.12 0.00000000 0.00000000 0.00 0.00 0.00 0.08 0.09 -0.01 -0.01 0.00 0.00 30.00 30.00 30.00 
0 0 0 47.22 0.00000000 0.00000000 0.00 0.00 0.00 0.09 0.10 -0.02 0.04 -0.02 0.01 30.00 30.00 30.00 
0 0 0 47.32 0.00000000 0.00000000 0.00 0.00 0.00 0.04 0.09 0.10 0.00 -0.00 0.00 30.00 30.00 30.00 
0 0 0 47.42 0.00000000 0.00000000 0.00 0.00 0.00 0.10 0.06 -0.16 -0.01 0.00 0.00 30.00 30.00 30.00 
0 0 0 47.53 0.00000000 0.00000000 0.00 0.00 0.00 0.08 0.08 -0.02 0.03 -0.01 0.01 30.00 30.00 30.00 
0 0 0 47.63 0.00000000 0.00000000 0.00 0.00 0.00 0.08 0.09 -0.01 -0.01 0.00 0.00 30.00 30.00 30.00 
0 0 0 47.73 0.00000000 0.00000000 0.00 0.00 0.00 0.08 0.09 -0.01 0.04 -0.02 0.01 30.00 30.00 30.00 
0 0 0 47.83 0.00000000 0.00000000 0.00 0.00 0.00 0.08 0.09 -0.00 -0.02 0.01 -0.00 30.00 30.00 30.00 
0 0 0 47.93 0.00000000 0.00000000 0.00 0.00 0.00 0.09 0.09 -0.08 0.05 -0.02 0.01 30.00 30.00 30.00 
0 0 0 48.03 0.00000000 0.00000000 0.00 0.00 0.00 0.09 0.08 -0.12 -0.01 -0.00 0.01 30.00 30.00 30.00 
0 0 0 48.13 0.00000000 0.00000000 0.00 0.00 0.00 0.08 0.10 -0.01 0.02 -0.02 0.01 30.00 30.00 30.00 
0 0 0 48.23 0.00000000 0.00000000 0.00 0.00 0.00 0.08 0.09 -0.01 0.02 -0.01 0.00 30.00 30.00 30.00 
0 0 0 48.33 0.00000000 0.00000000 0.00 0.00 0.00 0.09 0.09 -0.06 0.00 -0.00 0.01 30.00 30.00 30.00 
0 0 0 48.43 0.00000000 0.00000000 0.00 0.00 0.00 0.10 0.10 -0.10 0.03 -0.02 0.01 30.00 30.00 30.00 
0 0 0 48.53 0.00000000 0.00000000 0.00 0.00 0.00 0.08 0.08 -0.06 -0.01 -0.00 0.00 30.00 30.00 30.00 
0 0 0 48.63 0.00000000 0.00000000 0.00 0.00 0.00 0.09 0.07 -0.10 0.06 -0.04 0.01 30.00 30.00 30.00 
0 0 0 48.73 0.00000000 0.00000000 0.00 0.00 0.00 0.09 0.08 -0.12 -0.01 -0.00 0.01 30.00 30.00 30.00 
0 0 0 48.84 0.00000000 0.00000000 0.00 0.00 0.00 0.08 0.10 0.02 0.03 -0.02 0.00 30.00 30.00 30.00 
0 0 0 48.97 0.00000000 0.00000000 0.00 0.00 0.00 0.08 0.10 0.04 0.03 -0.02 0.01 30.00 30.00 30.00 
0 0 0 49.11 0.00000000 0.00000000 0.00 0.00 0.00 0.08 0.10 0.03 0.01 -0.01 0.00 30.00 30.00 30.00 
0 0 0 49.24 0.00000000 0.00000000 0.00 0.00 0.00 0.07 0.10 0.06 0.02 -0.01 0.00 30.00 30.00 30.00 
0 0 0 49.38 0.00000000 0.00000000 0.00 0.00 0.00 0.08 0.09 -0.02 -0.00 -0.00 0.01 30.00 30.00 30.00 
0 0 0 49.48 0.00000000 0.00000000 0.00 0.00 0.00 0.10 0.08 -0.16 0.04 -0.02 0.01 30.00 30.00 30.00 
0 0 0 49.58 0.00000000 0.00000000 0.00 0.00 0.00 0.07 0.10 0.02 -0.00 0.00 0.00 30.00 30.00 30.00 
0 0 0 49.69 0.00000000 0.00000000 0.00 0.00 0.00 0.09 0.09 -0.13 0.03 -0.02 0.01 30.00 30.00 30.00 
0 0 0 49.79 0.00000000 0.00000000 0.00 0.00 0.00 0.09 0.09 -0.02 -0.00 0.00 0.00 30.00 30.00 30.00 
0 0 0 49.89 0.00000000 0.00000000 0.00 0.00 0.00 0.09 0.09 -0.05 0.03 -0.02 0.01 30.00 30.00 30.00 
0 0 0 49.99 0.00000000 0.00000000 0.00 0.00 0.00 0.08 0.09 -0.02 -0.01 -0.00 0.00 30.00 30.00 30.00 
0 0 0 50.09 0.00000000 0.00000000 0.00 0.00 0.00 0.09 0.09 -0.08 0.03 -0.02 0.01 30.00 30.00 30.00 
0 0 0 50.19 0.00000000 0.00000000 0.00 0.00 0.00 0.09 0.08 -0.09 0.03 -0.01 0.00 30.00 30.00 30.00 
0 0 0 50.29 0.00000000 0.00000000 0.00 0.00 0.00 0.07 0.10 0.06 -0.00 0.00 0.00 30.00 30.00 30.00 
0 0 0 50.39 0.00000000 0.00000000 0.00 0.00 0.00 0.09 0.09 -0.09 0.03 -0.03 0.01 30.00 30.00 30.00 
0 0 0 50.50 0.00000000 0.00000000 0.00 0.00 0.00 0.07 0.09 -0.02 -0.02 0.01 0.00 30.00 30.00 30.00 
0 0 0 50.60 0.00000000 0.00000000 0.00 0.00 0.00 0.09 0.08 -0.09 0.04 -0.03 0.01 30.00 30.00 30.00 
0 0 0 50.70 0.00000000 0.00000000 0.00 0.00 0.00 0.08 0.08 -0.06 0.00 -0.00 0.00 30.00 30.00 30.00 
0 0 0 50.80 0.00000000 0.00000000 0.00 0.00 0.00 0.08 0.09 -0.04 0.03 -0.02 0.01 30.00 30.00 30.00 
0 0 0 50.90 0.00000000 0.00000000 0.00 0.00 0.00 0.08 0.07 -0.09 -0.01 -0.00 0.00 30.00 30.00 30.00 
0 0 0 51.00 0.00000000 0.00000000 0.00 0.00 0.00 0.07 0.09 0.05 -0.00 -0.00 0.00 30.00 30.00 30.00 
0 0 0 51.10 0.00000000 0.00000000 0.00 0.00 0.00 0.09 0.09 -0.02 0.01 -0.01 0.01 30.00 30.00 30.00 
0 0 0 51.20 0.00000000 0.00000000 0.00 0.00 0.00 0.08 0.08 -0.07 -0.00 -0.00 0.00 30.00 30.00 30.00 
0 0 0 51.30 0.00000000 0.00000000 0.00 0.00 0.00 0.09 0.09 -0.09 0.04 -0.02 0.01 30.00 30.00 30.00 
0 0 0 51.40 0.00000000 0.00000000 0.00 0.00 0.00 0.08 0.10 0.03 -0.00 -0.00 0.01 30.00 30.00 30.00 
0 0 0 51.50 0.00000000 0.00000000 0.00 0.00 0.00 0.08 0.08 -0.05 0.03 -0.02 0.00 30.00 30.00 30.00 
0 0 0 51.61 0.00000000 0.00000000 0.00 0.00 0.00 0.08 0.09 -0.02 -0.00 -0.01 0.01 30.00 30.00 30.00 
0 0 0 51.71 0.00000000 0.00000000 0.00 0.00 0.00 0.08 0.09 -0.05 0.01 -0.00 0.00 30.00 30.00 30.00 
0 0 0 51.81 0.00000000 0.00000000 0.00 0.00 0.00 0.08 0.08 -0.07 0.02 -0.01 0.00 30.00 30.00 30.00 
0 0 0 51.91 0.00000000 0.00000000 0.00 0.00 0.00 0.08 0.10 0.01 -0.01 0.01 0.00 30.00 30.00 30.00 
0 0 0 52.01 0.00000000 0.00000000 0.00 0.00 0.00 0.08 0.08 -0.08 0.04 -0.02 0.01 30.00 30.00 30.00 
0 0 0 52.11 0.00000000 0.00000000 0.00 0.00 0.00 0.09 0.08 -0.13 -0.01 -0.00 0.00 30.00 30.00 30.00 
0 0 0 52.21 0.00000000 0.00000000 0.00 0.00 0.00 0.09 0.09 -0.06 0.04 -0.02 0.01 30.00 30.00 30.00 
0 0 0 52.31 0.00000000 0.00000000 0.00 0.00 0.00 0.08 0.09 -0.05 -0.00 0.00 0.00 30.00 30.00 30.00 
0 0 0 52.41 0.00000000 0.00000000 0.00 0.00 0.00 0.07 0.09 -0.01 0.01 -0.01 0.01 30.00 30.00 30.00 
0 0 0 52.51 0.00000000 0.00000000 0.00 0.00 0.00 0.08 0.08 -0.10 0.02 -0.02 0.01 30.00 30.00 30.00 
0 0 0 52.61 0.00000000 0.00000000 0.00 0.00 0.00 0.08 0.08 -0.06 0.02 -0.01 0.00 30.00 30.00 30.00 
0 0 0 52.71 0.00000000 0.00000000 0.00 0.00 0.00 0.10 0.08 -0.13 0.05 -0.03 0.01 30.00 30.00 30.00 
0 0 0 52.81 0.00000000 0.00000000 0.00 0.00 0.00 0.07 0.08 -0.02 -0.00 0.00 0.00 30.00 30.00 30.00 
0 0 0 52.91 0.00000000 0.00000000 0.00 0.00 0.00 0.08 0.10 0.04 0.03 -0.02 0.01 30.00 30.00 30.00 
0 0 0 53.02 0.00000000 0.00000000 0.00 0.00 0.00 0.09 0.09 -0.03 0.01 -0.01 0.00 30.00 30.00 30.00 
0 0 0 53.12 0.00000000 0.00000000 0.00 0.00 0.00 0.08 0.09 -0.06 0.02 -0.01 0.01 30.00 30.00 30.00 
0 0 0 53.22 0.00000000 0.00000000 0.00 0.00 0.00 0.08 0.09 -0.04 0.01 -0.01 0.00 30.00 30.00 30.00 
0 0 0 53.32 0.00000000 0.00000000 0.00 0.00 0.00 0.07 0.09 0.03 -0.00 -0.00 0.00 30.00 30.00 30.00 
0 0 0 53.42 0.00000000 0.00000000 0.00 0.00 0.00 0.10 0.08 -0.16 0.04 -0.02 0.01 30.00 30.00 30.00 
0 0 0 53.52 0.00000000 0.00000000 0.00 0.00 0.00 0.08 0.09 -0.01 -0.01 0.00 0.00 30.00 30.00 30.00 
0 0 0 53.62 0.00000000 0.00000000 0.00 0.00 0.00 0.08 0.09 -0.00 0.03 -0.02 0.01 30.00 30.00 30.00 
0 0 0 53.72 0.00000000 0.00000000 0.00 0.00 0.00 0.08 0.09 -0.04 -0.01 -0.00 0.00 30.00 30.00 30.00 
0 0 0 53.82 0.00000000 0.00000000 0.00 0.00 0.00 0.07 0.09 -0.02 0.02 -0.01 0.01 30.00 30.00 30.00 
0 0 0 53.92 0.00000000 0.00000000 0.00 0.00 0.00 0.09 0.09 -0.04 0.02 -0.01 0.01 30.00 30.00 30.00 
0 0 0 54.02 0.00000000 0.00000000 0.00 0.00 0.00 0.08 0.09 0.00 0.01 -0.01 0.01 30.00 30.00 30.00 
0 0 0 54.12 0.00000000 0.00000000 0.00 0.00 0.00 0.09 0.07 -0.14 0.03 -0.02 0.01 30.00 30.00 30.00 
0 0 0 54.22 0.00000000 0.00000000 0.00 0.00 0.00 0.08 0.09 -0.03 -0.00 -0.00 0.00 30.00 30.00 30.00 
0 0 0 54.32 0.00000000 0.00000000 0.00 0.00 0.00 0.08 0.09 -0.02 0.04 -0.02 0.01 30.00 30.00 30.00 
0 0 0 54.42 0.00000000 0.00000000 0.00 0.00 0.00 0.08 0.09 -0.00 -0.00 0.01 0.00 30.00 30.00 30.00 
0 0 0 54.53 0.00000000 0.00000000 0.00 0.00 0.00 0.07 0.08 -0.03 0.01 -0.01 0.00 30.00 30.00 30.00 
0 0 0 54.63 0.00000000 0.00000000 0.00 0.00 0.00 0.08 0.09 -0.01 0.00 -0.01 0.00 30.00 30.00 30.00 
0 0 0 54.73 0.00000000 0.00000000 0.00 0.00 0.00 0.07 0.09 0.02 -0.00 -0.01 0.00 30.00 30.00 30.00 
0 0 0 54.83 0.00000000 0.00000000 0.00 0.00 0.00 0.10 0.08 -0.11 0.04 -0.02 0.01 30.00 30.00 30.00 
0 0 0 54.93 0.00000000 0.00000000 0.00 0.00 0.00 0.08 0.08 -0.04 -0.00 0.01 0.00 30.00 30.00 30.00 
0 0 0 55.03 0.00000000 0.00000000 0.00 0.00 0.00 0.09 0.09 -0.05 0.03 -0.02 0.01 30.00 30.00 30.00 
0 0 0 55.13 0.00000000 0.00000000 0.00 0.00 0.00 0.08 0.08 -0.06 0.01 -0.01 0.00 30.00 30.00 30.00 
0 0 0 55.23 0.00000000 0.00000000 0.00 0.00 0.00 0.08 0.09 0.00 0.02 -0.01 0.00 30.00 30.00 30.00 
0 0 0 55.33 0.00000000 0.00000000 0.00 0.00 0.00 0.08 0.09 -0.00 0.03 -0.00 0.00 30.00 30.00 30.00 
0 0 0 55.43 0.00000000 0.00000000 0.00 0.00 0.00 0.08 0.10 0.03 -0.00 -0.00 0.01 30.00 30.00 30.00 
0 0 0 55.53 0.00000000 0.00000000 0.00 0.00 0.00 0.10 0.08 -0.14 0.04 -0.03 0.01 30.00 30.00 30.00 
0 0 0 55.63 0.00000000 0.00000000 0.00 0.00 0.00 0.07 0.09 0.05 -0.01 0.01 0.00 30.00 30.00 30.00 
0 0 0 55.73 0.00000000 0.00000000 0.00 0.00 0.00 0.09 0.09 -0.09 0.03 -0.02 0.01 30.00 30.00 30.00 
0 0 0 55.83 0.00000000 0.00000000 0.00 0.00 0.00 0.08 0.08 -0.05 -0.01 -0.00 0.00 30.00 30.00 30.00 
0 0 0 55.94 0.00000000 0.00000000 0.00 0.00 0.00 0.08 0.10 0.00 0.01 -0.00 0.00 30.00 30.00 30.00 
0 0 0 56.04 0.00000000 0.00000000 0.00 0.00 0.00 0.09 0.10 -0.02 0.02 -0.01 0.01 30.00 30.00 30.00 
0 0 0 56.14 0.00000000 0.00000000 0.00 0.00 0.00 0.09 0.08 -0.12 0.01 -0.01 0.01 30.00 30.00 30.00 
0 0 0 56.24 0.00000000 0.00000000 0.00 0.00 0.00 0.09 0.09 -0.08 0.02 -0.02 0.01 30.00 30.00 30.00 
0 0 0 56.34 0.00000000 0.00000000 0.00 0.00 0.00 0.07 0.09 0.00 -0.01 0.01 0.00 30.00 30.00 30.00 
0 0 0 56.44 0.00000000 0.00000000 0.00 0.00 0.00 0.09 0.09 -0.07 0.04 -0.02 0.01 30.00 30.00 30.00 
0 0 0 56.54 0.00000000 0.00000000 0.00 0.00 0.00 0.09 0.08 -0.10 0.01 -0.01 0.00 30.00 30.00 30.00 
0 0 0 56.64 0.00000000 0.00000000 0.00 0.00 0.00 0.08 0.10 0.04 0.02 -0.01 0.01 30.00 30.00 30.00 
0 0 0 56.74 0.00000000 0.00000000 0.00 0.00 0.00 0.08 0.10 -0.00 0.01 -0.00 0.00 30.00 30.00 30.00 
0 0 0 56.84 0.00000000 0.00000000 0.00 0.00 0.00 0.09 0.08 -0.08 0.01 -0.00 0.01 30.00 30.00 30.00 
0 0 0 56.94 0.00000000 0.00000000 0.00 0.00 0.00 0.09 0.09 -0.09 0.02 -0.01 0.01 30.00 30.00 30.00 
0 0 0 57.04 0.00000000 0.00000000 0.00 0.00 0.00 0.07 0.10 0.07 0.00 -0.00 0.00 30.00 30.00 30.00 
0 0 0 57.14 0.00000000 0.00000000 0.00 0.00 0.00 0.09 0.09 -0.07 0.02 -0.02 0.01 30.00 30.00 30.00 
0 0 0 57.24 0.00000000 0.00000000 0.00 0.00 0.00 0.07 0.09 -0.00 -0.00 -0.00 0.01 30.00 30.00 30.00 
0 0 0 57.34 0.00000000 0.00000000 0.00 0.00 0.00 0.07 0.09 0.01 0.02 -0.01 0.00 30.00 30.00 30.00 
0 0 0 57.45 0.00000000 0.00000000 0.00 0.00 0.00 0.09 0.09 -0.09 0.02 -0.01 0.01 30.00 30.00 30.00 
0 0 0 57.55 0.00000000 0.00000000 0.00 0.00 0.00 0.09 0.08 -0.08 0.03 -0.02 0.01 30.00 30.00 30.00 
0 0 0 57.65 0.00000000 0.00000000 0.00 0.00 0.00 0.10 0.08 -0.15 0.03 -0.02 0.01 30.00 30.00 30.00 
0 0 0 57.75 0.00000000 0.00000000 0.00 0.00 0.00 0.07 0.10 0.08 -0.00 -0.00 0.00 30.00 30.00 30.00 
0 0 0 57.85 0.00000000 0.00000000 0.00 0.00 0.00 0.09 0.09 -0.01 0.03 -0.02 0.01 30.00 30.00 30.00 
0 0 0 57.95 0.00000000 0.00000000 0.00 0.00 0.00 0.09 0.08 -0.11 0.01 -0.00 0.01 30.00 30.00 30.00 
0 0 0 58.05 0.00000000 0.00000000 0.00 0.00 0.00 0.09 0.09 -0.09 0.01 -0.00 0.00 30.00 30.00 30.00 
0 0 0 58.15 0.00000000 0.00000000 0.00 0.00 0.00 0.08 0.09 -0.07 0.01 -0.01 0.01 30.00 30.00 30.00 
0 0 0 58.25 0.00000000 0.00000000 0.00 0.00 0.00 0.08 0.08 -0.05 0.03 -0.02 0.01 30.00 30.00 30.00 
0 0 0 58.35 0.00000000 0.00000000 0.00 0.00 0.00 0.09 0.08 -0.11 0.02 -0.01 0.01 30.00 30.00 30.00 
0 0 0 58.45 0.00000000 0.00000000 0.00 0.00 0.00 0.08 0.09 -0.01 0.00 0.01 0.00 30.00 30.00 30.00 
0 0 0 58.55 0.00000000 0.00000000 0.00 0.00 0.00 0.09 0.09 -0.05 0.03 -0.01 0.01 30.00 30.00 30.00 
0 0 0 58.65 0.00000000 0.00000000 0.00 0.00 0.00 0.09 0.08 -0.08 -0.01 0.00 0.00 30.00 30.00 30.00 
0 0 0 58.75 0.00000000 0.00000000 0.00 0.00 0.00 0.08 0.09 -0.03 0.01 -0.02 0.01 30.00 30.00 30.00 
0 0 0 58.86 0.00000000 0.00000000 0.00 0.00 0.00 0.07 0.10 0.10 -0.01 -0.00 0.00 30.00 30.00 30.00 
0 0 0 58.96 0.00000000 0.00000000 0.00 0.00 0.00 0.09 0.09 -0.03 0.05 -0.03 0.01 30.00 30.00 30.00 
0 0 0 59.06 0.00000000 0.00000000 0.00 0.00 0.00 0.08 0.09 -0.02 0.02 -0.02 0.01 30.00 30.00 30.00 
0 0 0 59.16 0.00000000 0.00000000 0.00 0.00 0.00 0.08 0.08 -0.08 -0.00 -0.01 0.00 30.00 30.00 30.00 
0 0 0 59.26 0.00000000 0.00000000 0.00 0.00 0.00 0.09 0.08 -0.10 0.02 -0.02 0.01 30.00 30.00 30.00 
0 0 0 59.36 0.00000000 0.00000000 0.00 0.00 0.00 0.07 0.09 0.02 -0.00 0.00 0.00 30.00 30.00 30.00 
0 0 0 59.46 0.00000000 0.00000000 0.00 0.00 0.00 0.07 0.08 -0.01 0.01 -0.01 0.01 30.00 30.00 30.00 
0 0 0 59.56 0.00000000 0.00000000 0.00 0.00 0.00 0.08 0.09 0.00 -0.00 -0.00 0.00 30.00 30.00 30.00 
0 0 0 59.66 0.00000000 0.00000000 0.00 0.00 0.00 0.09 0.08 -0.10 0.03 -0.01 0.01 30.00 30.00 30.00 
0 0 0 59.76 0.00000000 0.00000000 0.00 0.00 0.00 0.10 0.08 -0.14 0.00 -0.01 0.00 30.00 30.00 30.00 
0 0 0 59.86 0.00000000 0.00000000 0.00 0.00 0.00 0.07 0.10 0.05 0.01 0.00 0.00 30.00 30.00 30.00 
0 0 0 59.96 0.00000000 0.00000000 0.00 0.00 0.00 0.09 0.08 -0.11 0.03 -0.02 0.00 30.00 30.00 30.00 
0 0 0 60.06 0.00000000 0.00000000 0.00 0.00 0.00 0.08 0.08 -0.05 0.00 -0.00 0.00 30.00 30.00 30.00 
0 0 0 60.16 0.00000000 0.00000000 0.00 0.00 0.00 0.08 0.11 0.03 0.02 -0.01 0.01 30.00 30.00 30.00 
0 0 0 60.27 0.00000000 0.00000000 0.00 0.00 0.00 0.09 0.09 -0.05 -0.00 -0.01 0.00 30.00 30.00 30.00 
0 0 0 60.37 0.00000000 0.00000000 0.00 0.00 0.00 0.08 0.08 -0.09 0.03 -0.02 0.01 30.00 30.00 30.00 
0 0 0 60.47 0.00000000 0.00000000 0.00 0.00 0.00 0.08 0.09 0.01 0.05 -0.03 0.01 30.00 30.00 30.00 
0 0 0 60.57 0.00000000 0.00000000 0.00 0.00 0.00 0.06 0.10 0.12 -0.00 0.01 -0.00 30.00 30.00 30.00 
0 0 0 60.67 0.00000000 0.00000000 0.00 0.00 0.00 0.10 0.08 -0.19 0.02 -0.01 0.01 30.00 30.00 30.00 
0 0 0 60.77 0.00000000 0.00000000 0.00 0.00 0.00 0.09 0.08 -0.08 -0.00 0.00 0.00 30.00 30.00 30.00 
0 0 0 60.87 0.00000000 0.00000000 0.00 0.00 0.00 0.07 0.09 0.02 0.01 -0.02 0.00 30.00 30.00 30.00 
0 0 0 60.97 0.00000000 0.00000000 0.00 0.00 0.00 0.09 0.09 -0.04 0.01 -0.00 0.00 30.00 30.00 30.00 
0 0 0 61.07 0.00000000 0.00000000 0.00 0.00 0.00 0.10 0.08 -0.13 0.03 -0.01 0.01 30.00 30.00 30.00 
0 0 0 61.17 0.00000000 0.00000000 0.00 0.00 0.00 0.08 0.09 -0.03 0.00 -0.00 0.00 30.00 30.00 30.00 
0 0 0 61.27 0.00000000 0.00000000 0.00 0.00 0.00 0.07 0.09 0.04 0.00 -0.00 0.00 30.00 30.00 30.00 
0 0 0 61.37 0.00000000 0.00000000 0.00 0.00 0.00 0.09 0.07 -0.14 0.02 -0.01 0.01 30.00 30.00 30.00 
0 0 0 61.47 0.00000000 0.00000000 0.00 0.00 0.00 0.08 0.09 -0.07 -0.01 -0.00 0.00 30.00 30.00 30.00 
0 0 0 61.57 0.00000000 0.00000000 0.00 0.00 0.00 0.08 0.08 -0.04 0.03 -0.02 0.01 30.00 30.00 30.00 
0 0 0 61.67 0.00000000 0.00000000 0.00 0.00 0.00 0.08 0.08 -0.10 0.00 -0.01 0.00 30.00 30.00 30.00 
0 0 0 61.78 0.00000000 0.00000000 0.00 0.00 0.00 0.08 0.08 -0.08 0.03 -0.03 0.01 30.00 30.00 30.00 
0 0 0 61.88 0.00000000 0.00000000 0.00 0.00 0.00 0.09 0.08 -0.15 0.00 -0.01 0.01 30.00 30.00 30.00 
0 0 0 61.98 0.00000000 0.00000000 0.00 0.00 0.00 0.07 0.10 0.08 -0.01 0.00 0.00 30.00 30.00 30.00 
0 0 0 62.08 0.00000000 0.00000000 0.00 0.00 0.00 0.10 0.08 -0.11 0.04 -0.02 0.01 30.00 30.00 30.00 
0 0 0 62.18 0.00000000 0.00000000 0.00 0.00 0.00 0.08 0.09 -0.01 -0.01 -0.00 0.00 30.00 30.00 30.00 
0 0 0 62.28 0.00000000 0.00000000 0.00 0.00 0.00 0.08 0.09 -0.04 0.03 -0.02 0.00 30.00 30.00 30.00 
0 0 0 62.38 0.00000000 0.00000000 0.00 0.00 0.00 0.09 0.08 -0.08 -0.00 -0.00 0.00 30.00 30.00 30.00 
0 0 0 62.48 0.00000000 0.00000000 0.00 0.00 0.00 0.09 0.09 -0.08 0.03 -0.01 0.01 30.00 30.00 30.00 
0 0 0 62.58 0.00000000 0.00000000 0.00 0.00 0.00 0.08 0.10 0.04 -0.00 -0.01 0.00 30.00 30.00 30.00 
0 0 0 62.68 0.00000000 0.00000000 0.00 0.00 0.00 0.07 0.10 0.07 -0.01 -0.00 0.00 30.00 30.00 30.00 
0 0 0 62.78 0.00000000 0.00000000 0.00 0.00 0.00 0.09 0.09 -0.04 0.03 -0.01 0.01 30.00 30.00 30.00 
0 0 0 62.88 0.00000000 0.00000000 0.00 0.00 0.00 0.08 0.09 -0.04 -0.01 0.01 0.00 30.00 30.00 30.00 
0 0 0 62.98 0.00000000 0.00000000 0.00 0.00 0.00 0.08 0.10 -0.01 0.03 -0.02 0.00 30.00 30.00 30.00 
0 0 0 63.08 0.00000000 0.00000000 0.00 0.00 0.00 0.08 0.08 -0.06 0.00 0.00 0.00 30.00 30.00 30.00 
0 0 0 63.19 0.00000000 0.00000000 0.00 0.00 0.00 0.08 0.08 -0.08 0.03 -0.02 0.01 30.00 30.00 30.00 
0 0 0 63.29 0.00000000 0.00000000 0.00 0.00 0.00 0.08 0.10 0.00 0.00 0.00 0.00 30.00 30.00 30.00 
0 0 0 63.39 0.00000000 0.00000000 0.00 0.00 0.00 0.07 0.10 0.05 -0.02 0.01 0.00 30.00 30.00 30.00 
0 0 0 63.49 0.00000000 0.00000000 0.00 0.00 0.00 0.10 0.07 -0.17 0.03 -0.02 0.01 30.00 30.00 30.00 
0 0 0 63.59 0.00000000 0.00000000 0.00 0.00 0.00 0.08 0.08 -0.04 -0.00 0.00 0.00 30.00 30.00 30.00 
0 0 0 63.69 0.00000000 0.00000000 0.00 0.00 0.00 0.10 0.09 -0.13 0.03 -0.01 0.01 30.00 30.00 30.00 
0 0 0 63.79 0.00000000 0.00000000 0.00 0.00 0.00 0.08 0.08 -0.03 0.00 -0.00 0.00 30.00 30.00 30.00 
0 0 0 63.89 0.00000000 0.00000000 0.00 0.00 0.00 0.08 0.09 -0.05 0.02 -0.01 0.01 30.00 30.00 30.00 
0 0 0 63.99 0.00000000 0.00000000 0.00 0.00 0.00 0.07 0.09 -0.02 0.01 -0.01 0.00 30.00 30.00 30.00 
0 0 0 64.09 0.00000000 0.00000000 0.00 0.00 0.00 0.08 0.10 0.02 -0.01 0.00 0.00 30.00 30.00 30.00 
0 0 0 64.20 0.00000000 0.00000000 0.00 0.00 0.00 0.09 0.08 -0.15 0.02 -0.02 0.00 30.00 30.00 30.00 
0 0 0 64.30 0.00000000 0.00000000 0.00 0.00 0.00 0.07 0.09 0.02 -0.01 0.00 0.00 30.00 30.00 30.00 
0 0 0 64.40 0.00000000 0.00000000 0.00 0.00 0.00 0.09 0.09 -0.06 0.03 -0.02 0.01 30.00 30.00 30.00 
0 0 0 64.50 0.00000000 0.00000000 0.00 0.00 0.00 0.08 0.08 -0.11 -0.00 -0.01 0.00 30.00 30.00 30.00 
0 0 0 64.60 0.00000000 0.00000000 0.00 0.00 0.00 0.09 0.08 -0.13 0.03 -0.03 0.01 30.00 30.00 30.00 
0 0 0 64.70 0.00000000 0.00000000 0.00 0.00 0.00 0.08 0.09 0.02 -0.01 0.01 0.00 30.00 30.00 30.00 
0 0 0 64.80 0.00000000 0.00000000 0.00 0.00 0.00 0.08 0.09 -0.02 0.03 -0.01 0.00 30.00 30.00 30.00 
0 0 0 64.91 0.00000000 0.00000000 0.00 0.00 0.00 0.09 0.09 -0.08 0.02 -0.01 0.00 30.00 30.00 30.00 
0 0 0 65.01 0.00000000 0.00000000 0.00 0.00 0.00 0.08 0.09 -0.01 0.01 -0.01 0.00 30.00 30.00 30.00 
0 0 0 65.11 0.00000000 0.00000000 0.00 0.00 0.00 0.10 0.08 -0.15 0.04 -0.03 0.01 30.00 30.00 30.00 
0 0 0 65.21 0.00000000 0.00000000 0.00 0.00 0.00 0.07 0.09 0.02 0.00 -0.00 0.00 30.00 30.00 30.00 
0 0 0 65.31 0.00000000 0.00000000 0.00 0.00 0.00 0.09 0.08 -0.09 0.04 -0.02 0.01 30.00 30.00 30.00 
0 0 0 65.41 0.00000000 0.00000000 0.00 0.00 0.00 0.07 0.10 0.08 -0.00 0.00 0.00 30.00 30.00 30.00 
0 0 0 65.52 0.00000000 0.00000000 0.00 0.00 0.00 0.09 0.08 -0.12 0.03 -0.02 0.01 30.00 30.00 30.00 
0 0 0 65.65 0.00000000 0.00000000 0.00 0.00 0.00 0.08 0.08 -0.06 0.03 -0.02 0.01 30.00 30.00 30.00 
0 0 0 65.79 0.00000000 0.00000000 0.00 0.00 0.00 0.08 0.09 -0.03 0.03 -0.02 0.01 30.00 30.00 30.00 
0 0 0 65.93 0.00000000 0.00000000 0.00 0.00 0.00 0.08 0.09 -0.09 0.02 -0.01 0.00 30.00 30.00 30.00 
0 0 0 66.06 0.00000000 0.00000000 0.00 0.00 0.00 0.08 0.09 0.01 0.00 -0.00 0.00 30.00 30.00 30.00 
0 0 0 66.16 0.00000000 0.00000000 0.00 0.00 0.00 0.09 0.11 0.02 0.02 -0.01 0.00 30.00 30.00 30.00 
0 0 0 66.26 0.00000000 0.00000000 0.00 0.00 0.00 0.08 0.09 -0.04 -0.00 -0.00 0.00 30.00 30.00 30.00 
0 0 0 66.37 0.00000000 0.00000000 0.00 0.00 0.00 0.09 0.09 -0.04 0.02 -0.02 0.00 30.00 30.00 30.00 
0 0 0 66.47 0.00000000 0.00000000 0.00 0.00 0.00 0.08 0.09 -0.05 0.01 -0.01 0.00 30.00 30.00 30.00 
0 0 0 66.57 0.00000000 0.00000000 0.00 0.00 0.00 0.08 0.08 -0.03 0.02 -0.01 0.01 30.00 30.00 30.00 
0 0 0 66.67 0.00000000 0.00000000 0.00 0.00 0.00 0.08 0.09 -0.05 0.00 -0.00 0.01 30.00 30.00 30.00 
0 0 0 66.77 0.00000000 0.00000000 0.00 0.00 0.00 0.08 0.10 0.00 -0.00 0.00 0.00 30.00 30.00 30.00 
0 0 0 66.87 0.00000000 0.00000000 0.00 0.00 0.00 0.09 0.09 -0.09 0.02 -0.02 0.01 30.00 30.00 30.00 
0 0 0 66.97 0.00000000 0.00000000 0.00 0.00 0.00 0.08 0.08 -0.03 0.01 -0.01 0.01 30.00 30.00 30.00 
0 0 0 67.08 0.00000000 0.00000000 0.00 0.00 0.00 0.09 0.09 -0.10 0.03 -0.01 0.01 30.00 30.00 30.00 
0 0 0 67.18 0.00000000 0.00000000 0.00 0.00 0.00 0.08 0.09 -0.01 -0.00 -0.00 0.00 30.00 30.00 30.00 
0 0 0 67.28 0.00000000 0.00000000 0.00 0.00 0.00 0.09 0.09 -0.06 0.03 -0.02 0.01 30.00 30.00 30.00 
0 0 0 67.38 0.00000000 0.00000000 0.00 0.00 0.00 0.07 0.10 0.03 0.01 -0.00 0.00 30.00 30.00 30.00 
0 0 0 67.48 0.00000000 0.00000000 0.00 0.00 0.00 0.08 0.09 -0.04 0.03 -0.02 0.01 30.00 30.00 30.00 
0 0 0 67.58 0.00000000 0.00000000 0.00 0.00 0.00 0.10 0.08 -0.11 0.02 -0.02 0.01 30.00 30.00 30.00 
0 0 0 67.68 0.00000000 0.00000000 0.00 0.00 0.00 0.08 0.09 0.01 -0.00 -0.00 0.00 30.00 30.00 30.00 
0 0 0 67.79 0.00000000 0.00000000 0.00 0.00 0.00 0.09 0.09 -0.11 0.03 -0.02 0.01 30.00 30.00 30.00 
0 0 0 67.89 0.00000000 0.00000000 0.00 0.00 0.00 0.08 0.08 -0.03 -0.01 0.01 0.00 30.00 30.00 30.00 
0 0 0 67.99 0.00000000 0.00000000 0.00 0.00 0.00 0.09 0.08 -0.14 0.02 -0.02 0.01 30.00 30.00 30.00 
0 0 0 68.09 0.00000000 0.00000000 0.00 0.00 0.00 0.08 0.09 -0.06 -0.01 0.01 0.00 30.00 30.00 30.00 
0 0 0 68.19 0.00000000 0.00000000 0.00 0.00 0.00 0.07 0.10 0.10 0.01 -0.01 0.00 30.00 30.00 30.00 
0 0 0 68.29 0.00000000 0.00000000 0.00 0.00 0.00 0.10 0.09 -0.08 0.01 -0.01 0.01 30.00 30.00 30.00 
0 0 0 68.39 0.00000000 0.00000000 0.00 0.00 0.00 0.09 0.09 -0.83 0.01 -0.01 0.01 30.00 30.00 30.00 
0 0 0 68.49 0.00000000 0.00000000 0.00 0.00 0.00 0.09 0.09 -0.09 0.04 -0.02 0.01 30.00 30.00 30.00 
0 0 0 68.59 0.00000000 0.00000000 0.00 0.00 0.00 0.08 0.10 0.02 0.01 -0.00 0.00 30.00 30.00 30.00 
0 0 0 68.69 0.00000000 0.00000000 0.00 0.00 0.00 0.10 0.08 -0.11 0.04 -0.03 0.01 30.00 30.00 30.00 
0 0 0 68.79 0.00000000 0.00000000 0.00 0.00 0.00 0.06 0.10 0.04 -0.01 0.00 0.00 30.00 30.00 30.00 
0 0 0 68.89 0.00000000 0.00000000 0.00 0.00 0.00 0.10 0.09 -0.14 0.03 -0.02 0.01 30.00 30.00 30.00 
0 0 0 68.99 0.00000000 0.00000000 0.00 0.00 0.00 0.08 0.09 0.00 0.00 -0.01 0.00 30.00 30.00 30.00 
0 0 0 69.10 0.00000000 0.00000000 0.00 0.00 0.00 0.08 0.09 -0.00 0.02 -0.01 0.01 30.00 30.00 30.00 
0 0 0 69.20 0.00000000 0.00000000 0.00 0.00 0.00 0.09 0.09 -0.06 0.02 -0.01 0.00 30.00 30.00 30.00 
0 0 0 69.30 0.00000000 0.00000000 0.00 0.00 0.00 0.08 0.09 -0.01 0.02 -0.01 0.00 30.00 30.00 30.00 
0 0 0 69.40 0.00000000 0.00000000 0.00 0.00 0.00 0.09 0.09 -0.09 -0.00 0.00 0.00 30.00 30.00 30.00 
0 0 0 69.51 0.00000000 0.00000000 0.00 0.00 0.00 0.08 0.08 -0.05 0.03 -0.01 0.01 30.00 30.00 30.00 
0 0 0 69.61 0.00000000 0.00000000 0.00 0.00 0.00 0.09 0.08 -0.13 0.03 -0.01 0.00 30.00 30.00 30.00 
0 0 0 69.71 0.00000000 0.00000000 0.00 0.00 0.00 0.08 0.09 -0.03 0.00 -0.01 0.00 30.00 30.00 30.00 
0 0 0 69.81 0.00000000 0.00000000 0.00 0.00 0.00 0.08 0.08 -0.05 0.02 -0.01 0.01 30.00 30.00 30.00 
0 0 0 69.92 0.00000000 0.00000000 0.00 0.00 0.00 0.08 0.09 -0.03 -0.00 -0.00 0.00 30.00 30.00 30.00 
0 0 0 70.02 0.00000000 0.00000000 0.00 0.00 0.00 0.09 0.09 -0.04 0.03 -0.02 0.01 30.00 30.00 30.00 
0 0 0 70.12 0.00000000 0.00000000 0.00 0.00 0.00 0.08 0.08 -0.07 -0.00 0.04 0.00 30.00 30.00 30.00 
0 0 0 70.22 0.00000000 0.00000000 0.00 0.00 0.00 0.09 0.08 -0.08 0.03 -0.02 0.01 30.00 30.00 30.00 
0 0 0 70.32 0.00000000 0.00000000 0.00 0.00 0.00 0.09 0.09 -0.06 0.00 -0.00 0.00 30.00 30.00 30.00 
0 0 0 70.43 0.00000000 0.00000000 0.00 0.00 0.00 0.08 0.09 0.02 0.03 -0.02 0.00 30.00 30.00 30.00 
0 0 0 70.53 0.00000000 0.00000000 0.00 0.00 0.00 0.09 0.09 -0.04 0.02 -0.01 0.01 30.00 30.00 30.00 
0 0 0 70.63 0.00000000 0.00000000 0.00 0.00 0.00 0.08 0.09 0.00 0.00 -0.00 0.00 30.00 30.00 30.00 
0 0 0 70.73 0.00000000 0.00000000 0.00 0.00 0.00 0.09 0.07 -0.10 0.04 -0.03 0.00 30.00 30.00 30.00 
0 0 0 70.83 0.00000000 0.00000000 0.00 0.00 0.00 0.08 0.09 -0.03 0.00 0.00 0.00 30.00 30.00 30.00 
0 0 0 70.93 0.00000000 0.00000000 0.00 0.00 0.00 0.09 0.09 -0.02 0.04 -0.02 0.01 30.00 30.00 30.00 
0 0 0 71.03 0.00000000 0.00000000 0.00 0.00 0.00 0.09 0.09 -0.07 0.02 -0.01 0.00 30.00 30.00 30.00 
0 0 0 71.13 0.00000000 0.00000000 0.00 0.00 0.00 0.08 0.10 0.02 0.01 -0.01 0.01 30.00 30.00 30.00 
0 0 0 71.24 0.00000000 0.00000000 0.00 0.00 0.00 0.09 0.09 -0.04 0.02 -0.01 0.00 30.00 30.00 30.00 
0 0 0 71.34 0.00000000 0.00000000 0.00 0.00 0.00 0.07 0.09 0.02 0.01 -0.00 0.00 30.00 30.00 30.00 
0 0 0 71.44 0.00000000 0.00000000 0.00 0.00 0.00 0.09 0.08 -0.11 0.02 -0.01 0.01 30.00 30.00 30.00 
0 0 0 71.54 0.00000000 0.00000000 0.00 0.00 0.00 0.06 0.09 0.02 -0.02 0.01 0.00 30.00 30.00 30.00 
0 0 0 71.64 0.00000000 0.00000000 0.00 0.00 0.00 0.09 0.09 -0.04 0.03 -0.02 0.01 30.00 30.00 30.00 
0 0 0 71.75 0.00000000 0.00000000 0.00 0.00 0.00 0.09 0.09 -0.08 0.00 0.00 0.00 30.00 30.00 30.00 
0 0 0 71.85 0.00000000 0.00000000 0.00 0.00 0.00 0.08 0.09 -0.02 0.02 -0.02 0.00 30.00 30.00 30.00 
0 0 0 71.95 0.00000000 0.00000000 0.00 0.00 0.00 0.08 0.09 -0.00 0.01 -0.01 0.01 30.00 30.00 30.00 
0 0 0 72.05 0.00000000 0.00000000 0.00 0.00 0.00 0.08 0.09 -0.02 0.00 -0.01 0.01 30.00 30.00 30.00 
0 0 0 72.15 0.00000000 0.00000000 0.00 0.00 0.00 0.09 0.08 -0.10 0.03 -0.02 0.01 30.00 30.00 30.00 
0 0 0 72.25 0.00000000 0.00000000 0.00 0.00 0.00 0.07 0.10 0.02 -0.00 0.00 0.00 30.00 30.00 30.00 
0 0 0 72.36 0.00000000 0.00000000 0.00 0.00 0.00 0.09 0.08 -0.09 0.02 -0.02 0.01 30.00 30.00 30.00 
0 0 0 72.46 0.00000000 0.00000000 0.00 0.00 0.00 0.10 0.09 -0.10 -0.01 0.00 0.00 30.00 30.00 30.00 
0 0 0 72.56 0.00000000 0.00000000 0.00 0.00 0.00 0.08 0.10 0.03 0.03 -0.01 0.01 30.00 30.00 30.00 
0 0 0 72.66 0.00000000 0.00000000 0.00 0.00 0.00 0.09 0.08 -0.09 0.01 0.00 0.00 30.00 30.00 30.00 
0 0 0 72.76 0.00000000 0.00000000 0.00 0.00 0.00 0.09 0.09 -0.07 0.01 -0.01 0.01 30.00 30.00 30.00 
0 0 0 72.86 0.00000000 0.00000000 0.00 0.00 0.00 0.09 0.08 -0.12 0.02 -0.01 0.01 30.00 30.00 30.00 
0 0 0 72.96 0.00000000 0.00000000 0.00 0.00 0.00 0.08 0.11 0.08 0.02 -0.01 0.00 30.00 30.00 30.00 
0 0 0 73.06 0.00000000 0.00000000 0.00 0.00 0.00 0.09 0.08 -0.10 0.03 -0.01 0.01 30.00 30.00 30.00 
0 0 0 73.16 0.00000000 0.00000000 0.00 0.00 0.00 0.08 0.09 0.03 -0.00 0.01 0.00 30.00 30.00 30.00 
0 0 0 73.26 0.00000000 0.00000000 0.00 0.00 0.00 0.09 0.09 -0.10 0.04 -0.02 0.01 30.00 30.00 30.00 
0 0 0 73.37 0.00000000 0.00000000 0.00 0.00 0.00 0.08 0.08 -0.08 -0.00 -0.01 0.00 30.00 30.00 30.00 
0 0 0 73.47 0.00000000 0.00000000 0.00 0.00 0.00 0.08 0.08 -0.01 0.03 -0.02 0.01 30.00 30.00 30.00 
0 0 0 73.57 0.00000000 0.00000000 0.00 0.00 0.00 0.08 0.09 -0.01 -0.01 -0.00 0.00 30.00 30.00 30.00 
0 0 0 73.67 0.00000000 0.00000000 0.00 0.00 0.00 0.09 0.09 -0.04 0.03 -0.02 0.01 30.00 30.00 30.00 
0 0 0 73.77 0.00000000 0.00000000 0.00 0.00 0.00 0.09 0.09 -0.09 0.02 -0.01 0.01 30.00 30.00 30.00 
0 0 0 73.88 0.00000000 0.00000000 0.00 0.00 0.00 0.06 0.09 0.07 0.01 -0.01 0.00 30.00 30.00 30.00 
0 0 0 73.98 0.00000000 0.00000000 0.00 0.00 0.00 0.08 0.08 -0.07 0.04 -0.03 0.01 30.00 30.00 30.00 
0 0 0 74.08 0.00000000 0.00000000 0.00 0.00 0.00 0.08 0.08 -0.07 -0.01 0.00 0.00 30.00 30.00 30.00 
0 0 0 74.18 0.00000000 0.00000000 0.00 0.00 0.00 0.09 0.09 -0.04 0.03 -0.01 0.01 30.00 30.00 30.00 
0 0 0 74.28 0.00000000 0.00000000 0.00 0.00 0.00 0.07 0.10 0.04 -0.01 0.01 -0.00 30.00 30.00 30.00 
0 0 0 74.39 0.00000000 0.00000000 0.00 0.00 0.00 0.08 0.09 -0.08 0.04 -0.02 0.01 30.00 30.00 30.00 
0 0 0 74.49 0.00000000 0.00000000 0.00 0.00 0.00 0.07 0.09 0.06 -0.00 0.01 0.00 30.00 30.00 30.00 
0 0 0 74.59 0.00000000 0.00000000 0.00 0.00 0.00 0.10 0.09 -0.05 0.04 -0.03 0.01 30.00 30.00 30.00 
0 0 0 74.69 0.00000000 0.00000000 0.00 0.00 0.00 0.07 0.09 -0.01 0.00 -0.00 0.00 30.00 30.00 30.00 
0 0 0 74.79 0.00000000 0.00000000 0.00 0.00 0.00 0.07 0.09 0.04 0.00 -0.01 0.00 30.00 30.00 30.00 
0 0 0 74.90 0.00000000 0.00000000 0.00 0.00 0.00 0.10 0.08 -0.11 0.02 -0.02 0.00 30.00 30.00 30.00 
0 0 0 75.00 0.00000000 0.00000000 0.00 0.00 0.00 0.08 0.09 -0.02 0.01 -0.01 0.00 30.00 30.00 30.00 
0 0 0 75.10 0.00000000 0.00000000 0.00 0.00 0.00 0.08 0.09 -0.04 0.01 -0.02 0.01 30.00 30.00 30.00 
0 0 0 75.20 0.00000000 0.00000000 0.00 0.00 0.00 0.08 0.09 -0.02 -0.01 0.01 0.00 30.00 30.00 30.00 
0 0 0 75.30 0.00000000 0.00000000 0.00 0.00 0.00 0.09 0.09 -0.09 0.04 -0.03 0.01 30.00 30.00 30.00 
0 0 0 75.41 0.00000000 0.00000000 0.00 0.00 0.00 0.07 0.09 0.05 -0.01 -0.00 0.00 30.00 30.00 30.00 
0 0 0 75.51 0.00000000 0.00000000 0.00 0.00 0.00 0.07 0.09 -0.01 0.01 -0.01 0.01 30.00 30.00 30.00 
0 0 0 75.61 0.00000000 0.00000000 0.00 0.00 0.00 0.10 0.07 -0.23 0.01 -0.01 0.01 30.00 30.00 30.00 
0 0 0 75.71 0.00000000 0.00000000 0.00 0.00 0.00 0.09 0.08 -0.13 0.01 -0.01 0.00 30.00 30.00 30.00 
0 0 0 75.81 0.00000000 0.00000000 0.00 0.00 0.00 0.09 0.09 -0.05 0.03 -0.02 0.00 30.00 30.00 30.00 
0 0 0 75.91 0.00000000 0.00000000 0.00 0.00 0.00 0.07 0.10 0.06 0.00 -0.00 0.00 30.00 30.00 30.00 
0 0 0 76.01 0.00000000 0.00000000 0.00 0.00 0.00 0.09 0.08 -0.11 0.04 -0.02 0.01 30.00 30.00 30.00 
0 0 0 76.12 0.00000000 0.00000000 0.00 0.00 0.00 0.07 0.10 0.07 -0.03 0.01 0.00 30.00 30.00 30.00 
0 0 0 76.22 0.00000000 0.00000000 0.00 0.00 0.00 0.08 0.08 -0.06 0.04 -0.03 0.01 30.00 30.00 30.00 
0 0 0 76.32 0.00000000 0.00000000 0.00 0.00 0.00 0.08 0.09 -0.03 -0.01 -0.00 0.00 30.00 30.00 30.00 
0 0 0 76.43 0.00000000 0.00000000 0.00 0.00 0.00 0.09 0.09 -0.10 0.04 -0.03 0.01 30.00 30.00 30.00 
0 0 0 76.53 0.00000000 0.00000000 0.00 0.00 0.00 0.08 0.08 -0.05 -0.01 0.00 0.00 30.00 30.00 30.00 
0 0 0 76.63 0.00000000 0.00000000 0.00 0.00 0.00 0.09 0.08 -0.08 0.03 -0.02 0.01 30.00 30.00 30.00 
0 0 0 76.73 0.00000000 0.00000000 0.00 0.00 0.00 0.09 0.08 -0.11 0.00 -0.01 0.00 30.00 30.00 30.00 
0 0 0 76.83 0.00000000 0.00000000 0.00 0.00 0.00 0.08 0.09 -0.00 -0.00 0.00 0.00 30.00 30.00 30.00 
0 0 0 76.93 0.00000000 0.00000000 0.00 0.00 0.00 0.10 0.07 -0.20 0.00 -0.02 0.01 30.00 30.00 30.00 
0 0 0 77.03 0.00000000 0.00000000 0.00 0.00 0.00 0.07 0.09 -0.02 -0.01 0.00 0.00 30.00 30.00 30.00 
0 0 0 77.13 0.00000000 0.00000000 0.00 0.00 0.00 0.07 0.11 0.06 0.01 -0.01 0.00 30.00 30.00 30.00 
0 0 0 77.23 0.00000000 0.00000000 0.00 0.00 0.00 0.08 0.09 -0.03 0.01 -0.00 0.01 30.00 30.00 30.00 
0 0 0 77.34 0.00000000 0.00000000 0.00 0.00 0.00 0.09 0.08 -0.10 0.04 -0.02 0.01 30.00 30.00 30.00 
0 0 0 77.44 0.00000000 0.00000000 0.00 0.00 0.00 0.09 0.08 -0.06 0.00 -0.00 0.00 30.00 30.00 30.00 
0 0 0 77.54 0.00000000 0.00000000 0.00 0.00 0.00 0.10 0.08 -0.13 0.03 -0.02 0.01 30.00 30.00 30.00 
0 0 0 77.65 0.00000000 0.00000000 0.00 0.00 0.00 0.10 0.08 -0.13 0.01 -0.02 0.00 30.00 30.00 30.00 
0 0 0 77.75 0.00000000 0.00000000 0.00 0.00 0.00 0.07 0.11 0.07 -0.01 0.01 0.00 30.00 30.00 30.00 
0 0 0 77.85 0.00000000 0.00000000 0.00 0.00 0.00 0.09 0.07 -0.19 0.02 -0.02 0.01 30.00 30.00 30.00 
0 0 0 77.95 0.00000000 0.00000000 0.00 0.00 0.00 0.09 0.09 -0.08 0.01 -0.00 0.00 30.00 30.00 30.00 
0 0 0 78.05 0.00000000 0.00000000 0.00 0.00 0.00 0.09 0.08 -0.11 0.02 -0.02 0.01 30.00 30.00 30.00 
0 0 0 78.15 0.00000000 0.00000000 0.00 0.00 0.00 0.08 0.08 -0.06 0.01 -0.01 0.00 30.00 30.00 30.00 
0 0 0 78.25 0.00000000 0.00000000 0.00 0.00 0.00 0.11 0.08 -0.23 -0.01 -0.00 0.00 30.00 30.00 30.00 
0 0 0 78.35 0.00000000 0.00000000 0.00 0.00 0.00 0.07 0.08 -0.01 0.02 -0.01 0.01 30.00 30.00 30.00 
0 0 0 78.45 0.00000000 0.00000000 0.00 0.00 0.00 0.07 0.10 0.08 0.00 -0.00 0.00 30.00 30.00 30.00 
0 0 0 78.55 0.00000000 0.00000000 0.00 0.00 0.00 0.09 0.09 -0.03 0.02 -0.02 0.00 30.00 30.00 30.00 
0 0 0 78.65 0.00000000 0.00000000 0.00 0.00 0.00 0.08 0.08 -0.06 0.01 -0.01 0.00 30.00 30.00 30.00 
0 0 0 78.76 0.00000000 0.00000000 0.00 0.00 0.00 0.08 0.09 -0.00 0.01 -0.01 0.00 30.00 30.00 30.00 
0 0 0 78.86 0.00000000 0.00000000 0.00 0.00 0.00 0.09 0.09 -0.05 0.01 -0.01 0.01 30.00 30.00 30.00 
0 0 0 78.96 0.00000000 0.00000000 0.00 0.00 0.00 0.09 0.09 -0.08 0.03 -0.03 0.01 30.00 30.00 30.00 
0 0 0 79.06 0.00000000 0.00000000 0.00 0.00 0.00 0.09 0.08 -0.08 0.01 -0.01 0.00 30.00 30.00 30.00 
0 0 0 79.17 0.00000000 0.00000000 0.00 0.00 0.00 0.09 0.08 -0.08 0.05 -0.02 0.01 30.00 30.00 30.00 
0 0 0 79.27 0.00000000 0.00000000 0.00 0.00 0.00 0.08 0.08 -0.05 -0.00 0.00 0.00 30.00 30.00 30.00 
0 0 0 79.37 0.00000000 0.00000000 0.00 0.00 0.00 0.08 0.10 -0.00 0.02 -0.01 0.00 30.00 30.00 30.00 
0 0 0 79.47 0.00000000 0.00000000 0.00 0.00 0.00 0.08 0.09 -0.01 0.01 -0.00 0.00 30.00 30.00 30.00 
0 0 0 79.58 0.00000000 0.00000000 0.00 0.00 0.00 0.08 0.08 -0.04 0.02 -0.02 0.01 30.00 30.00 30.00 
0 0 0 79.68 0.00000000 0.00000000 0.00 0.00 0.00 0.08 0.09 -0.03 0.01 -0.01 0.00 30.00 30.00 30.00 
0 0 0 79.78 0.00000000 0.00000000 0.00 0.00 0.00 0.07 0.09 0.02 -0.01 -0.03 0.01 30.00 30.00 30.00 
0 0 0 79.88 0.00000000 0.00000000 0.00 0.00 0.00 0.10 0.08 -0.19 0.05 -0.03 0.01 30.00 30.00 30.00 
0 0 0 79.98 0.00000000 0.00000000 0.00 0.00 0.00 0.08 0.09 -0.01 -0.01 0.01 0.00 30.00 30.00 30.00 
0 0 0 80.09 0.00000000 0.00000000 0.00 0.00 0.00 0.10 0.07 -0.18 0.04 -0.03 0.01 30.00 30.00 30.00 
0 0 0 80.19 0.00000000 0.00000000 0.00 0.00 0.00 0.08 0.08 -0.03 0.00 0.00 0.00 30.00 30.00 30.00 
0 0 0 80.29 0.00000000 0.00000000 0.00 0.00 0.00 0.08 0.09 -0.02 0.04 -0.03 0.01 30.00 30.00 30.00 
0 0 0 80.39 0.00000000 0.00000000 0.00 0.00 0.00 0.08 0.09 -0.01 -0.02 0.01 0.00 30.00 30.00 30.00 
0 0 0 80.50 0.00000000 0.00000000 0.00 0.00 0.00 0.09 0.07 -0.14 0.06 -0.03 0.01 30.00 30.00 30.00 
0 0 0 80.60 0.00000000 0.00000000 0.00 0.00 0.00 0.08 0.09 -0.00 0.01 -0.00 0.00 30.00 30.00 30.00 
0 0 0 80.70 0.00000000 0.00000000 0.00 0.00 0.00 0.08 0.10 -0.01 0.02 -0.01 0.01 30.00 30.00 30.00 
0 0 0 80.81 0.00000000 0.00000000 0.00 0.00 0.00 0.10 0.07 -0.16 0.01 -0.00 0.01 30.00 30.00 30.00 
0 0 0 80.91 0.00000000 0.00000000 0.00 0.00 0.00 0.08 0.09 0.03 0.00 -0.00 0.00 30.00 30.00 30.00 
0 0 0 81.01 0.00000000 0.00000000 0.00 0.00 0.00 0.09 0.09 -0.09 0.03 -0.02 0.01 30.00 30.00 30.00 
0 0 0 81.11 0.00000000 0.00000000 0.00 0.00 0.00 0.08 0.08 -0.09 -0.00 0.00 0.00 30.00 30.00 30.00 
0 0 0 81.21 0.00000000 0.00000000 0.00 0.00 0.00 0.08 0.08 -0.07 0.03 -0.02 0.00 30.00 30.00 30.00 
0 0 0 81.31 0.00000000 0.00000000 0.00 0.00 0.00 0.08 0.10 0.02 -0.03 0.02 -0.00 30.00 30.00 30.00 
0 0 0 81.42 0.00000000 0.00000000 0.00 0.00 0.00 0.09 0.08 -0.09 0.04 -0.02 0.01 30.00 30.00 30.00 
0 0 0 81.52 0.00000000 0.00000000 0.00 0.00 0.00 0.08 0.09 0.01 -0.01 0.00 0.00 30.00 30.00 30.00 
0 0 0 81.62 0.00000000 0.00000000 0.00 0.00 0.00 0.07 0.10 0.04 -0.00 -0.00 0.00 30.00 30.00 30.00 
0 0 0 81.72 0.00000000 0.00000000 0.00 0.00 0.00 0.09 0.09 -0.10 0.04 -0.03 0.01 30.00 30.00 30.00 
0 0 0 81.82 0.00000000 0.00000000 0.00 0.00 0.00 0.07 0.09 0.01 -0.00 0.00 0.00 30.00 30.00 30.00 
0 0 0 81.93 0.00000000 0.00000000 0.00 0.00 0.00 0.09 0.10 -0.04 0.02 -0.02 0.01 30.00 30.00 30.00 
0 0 0 82.03 0.00000000 0.00000000 0.00 0.00 0.00 0.08 0.09 0.02 0.02 -0.02 0.01 30.00 30.00 30.00 
0 0 0 82.13 0.00000000 0.00000000 0.00 0.00 0.00 0.09 0.08 -0.08 0.02 -0.01 0.01 30.00 30.00 30.00 
0 0 0 82.24 0.00000000 0.00000000 0.00 0.00 0.00 0.09 0.10 0.01 0.01 -0.01 0.00 30.00 30.00 30.00 
0 0 0 82.34 0.00000000 0.00000000 0.00 0.00 0.00 0.08 0.09 -0.03 0.01 -0.01 0.00 30.00 30.00 30.00 
0 0 0 82.48 0.00000000 0.00000000 0.00 0.00 0.00 0.09 0.08 -0.09 0.04 -0.02 0.01 30.00 30.00 30.00 
0 0 0 82.61 0.00000000 0.00000000 0.00 0.00 0.00 0.09 0.09 -0.04 0.02 -0.01 0.01 30.00 30.00 30.00 
0 0 0 82.75 0.00000000 0.00000000 0.00 0.00 0.00 0.09 0.08 -0.06 0.02 -0.01 0.00 30.00 30.00 30.00 
0 0 0 82.88 0.00000000 0.00000000 0.00 0.00 0.00 0.08 0.09 -0.00 0.01 -0.01 0.00 30.00 30.00 30.00 
0 0 0 82.98 0.00000000 0.00000000 0.00 0.00 0.00 0.08 0.08 -0.02 0.02 -0.02 0.00 30.00 30.00 30.00 
0 0 0 83.08 0.00000000 0.00000000 0.00 0.00 0.00 0.08 0.09 -0.02 0.00 -0.01 0.00 30.00 30.00 30.00 
0 0 0 83.18 0.00000000 0.00000000 0.00 0.00 0.00 0.09 0.08 -0.09 0.03 -0.02 0.01 30.00 30.00 30.00 
0 0 0 83.29 0.00000000 0.00000000 0.00 0.00 0.00 0.08 0.10 -0.05 -0.01 0.00 0.00 30.00 30.00 30.00 
0 0 0 83.39 0.00000000 0.00000000 0.00 0.00 0.00 0.10 0.08 -0.16 0.03 -0.02 0.01 30.00 30.00 30.00 
0 0 0 83.49 0.00000000 0.00000000 0.00 0.00 0.00 0.09 0.07 -0.18 0.01 -0.01 0.00 30.00 30.00 30.00 
0 0 0 83.59 0.00000000 0.00000000 0.00 0.00 0.00 0.08 0.10 0.03 0.02 -0.01 0.00 30.00 30.00 30.00 
0 0 0 83.69 0.00000000 0.00000000 0.00 0.00 0.00 0.08 0.09 -0.01 0.01 -0.01 0.01 30.00 30.00 30.00 
0 0 0 83.79 0.00000000 0.00000000 0.00 0.00 0.00 0.07 0.09 0.01 0.01 -0.00 0.00 30.00 30.00 30.00 
0 0 0 83.90 0.00000000 0.00000000 0.00 0.00 0.00 0.08 0.09 -0.02 0.02 -0.02 0.00 30.00 30.00 30.00 
0 0 0 84.00 0.00000000 0.00000000 0.00 0.00 0.00 0.07 0.09 0.02 -0.00 -0.00 0.00 30.00 30.00 30.00 
0 0 0 84.10 0.00000000 0.00000000 0.00 0.00 0.00 0.10 0.07 -0.20 0.04 -0.03 0.01 30.00 30.00 30.00 
0 0 0 84.21 0.00000000 0.00000000 0.00 0.00 0.00 0.07 0.10 0.07 -0.01 0.01 0.00 30.00 30.00 30.00 
0 0 0 84.31 0.00000000 0.00000000 0.00 0.00 0.00 0.09 0.08 -0.10 0.04 -0.02 0.01 30.00 30.00 30.00 
0 0 0 84.41 0.00000000 0.00000000 0.00 0.00 0.00 0.09 0.08 -0.08 0.00 -0.00 0.00 30.00 30.00 30.00 
0 0 0 84.51 0.00000000 0.00000000 0.00 0.00 0.00 0.07 0.08 -0.03 0.01 -0.00 0.00 30.00 30.00 30.00 
0 0 0 84.61 0.00000000 0.00000000 0.00 0.00 0.00 0.09 0.09 -0.11 0.01 -0.01 0.00 30.00 30.00 30.00 
0 0 0 84.71 0.00000000 0.00000000 0.00 0.00 0.00 0.09 0.08 -0.09 0.02 -0.01 0.01 30.00 30.00 30.00 
0 0 0 84.81 0.00000000 0.00000000 0.00 0.00 0.00 0.10 0.08 -0.22 0.02 -0.02 0.01 30.00 30.00 30.00 
0 0 0 84.92 0.00000000 0.00000000 0.00 0.00 0.00 0.07 0.09 -0.02 -0.01 0.01 0.00 30.00 30.00 30.00 
0 0 0 85.02 0.00000000 0.00000000 0.00 0.00 0.00 0.08 0.08 -0.06 0.03 -0.02 0.01 30.00 30.00 30.00 
0 0 0 85.12 0.00000000 0.00000000 0.00 0.00 0.00 0.09 0.09 -0.06 -0.01 0.01 -0.00 30.00 30.00 30.00 
0 0 0 85.22 0.00000000 0.00000000 0.00 0.00 0.00 0.08 0.09 -0.00 0.03 -0.02 0.01 30.00 30.00 30.00 
0 0 0 85.33 0.00000000 0.00000000 0.00 0.00 0.00 0.09 0.08 -0.09 0.00 -0.00 0.00 30.00 30.00 30.00 
0 0 0 85.43 0.00000000 0.00000000 0.00 0.00 0.00 0.09 0.08 -0.08 0.03 -0.02 0.01 30.00 30.00 30.00 
0 0 0 85.54 0.00000000 0.00000000 0.00 0.00 0.00 0.07 0.10 0.06 -0.01 0.00 0.00 30.00 30.00 30.00 
0 0 0 85.64 0.00000000 0.00000000 0.00 0.00 0.00 0.09 0.09 -0.01 0.02 -0.01 0.00 30.00 30.00 30.00 
0 0 0 85.74 0.00000000 0.00000000 0.00 0.00 0.00 0.09 0.08 -0.05 0.03 -0.01 0.01 30.00 30.00 30.00 
0 0 0 85.84 0.00000000 0.00000000 0.00 0.00 0.00 0.08 0.10 0.03 0.01 -0.00 0.00 30.00 30.00 30.00 
0 0 0 85.94 0.00000000 0.00000000 0.00 0.00 0.00 0.09 0.08 -0.07 0.03 -0.02 0.01 30.00 30.00 30.00 
0 0 0 86.04 0.00000000 0.00000000 0.00 0.00 0.00 0.07 0.09 0.02 -0.00 0.00 -0.00 30.00 30.00 30.00 
0 0 0 86.14 0.00000000 0.00000000 0.00 0.00 0.00 0.08 0.08 -0.04 0.03 -0.02 0.01 30.00 30.00 30.00 
0 0 0 86.24 0.00000000 0.00000000 0.00 0.00 0.00 0.08 0.09 0.02 -0.00 0.00 0.00 30.00 30.00 30.00 
0 0 0 86.34 0.00000000 0.00000000 0.00 0.00 0.00 0.09 0.06 -0.17 0.04 -0.03 0.01 30.00 30.00 30.00 
0 0 0 86.45 0.00000000 0.00000000 0.00 0.00 0.00 0.08 0.07 -0.09 0.02 -0.01 0.00 30.00 30.00 30.00 
0 0 0 86.55 0.00000000 0.00000000 0.00 0.00 0.00 0.08 0.09 0.00 0.03 -0.01 0.01 30.00 30.00 30.00 
0 0 0 86.65 0.00000000 0.00000000 0.00 0.00 0.00 0.09 0.08 -0.09 0.00 -0.00 0.00 30.00 30.00 30.00 
0 0 0 86.75 0.00000000 0.00000000 0.00 0.00 0.00 0.07 0.08 -0.07 0.00 -0.00 0.01 30.00 30.00 30.00 
0 0 0 86.86 0.00000000 0.00000000 0.00 0.00 0.00 0.08 0.09 -0.01 0.02 -0.01 0.01 30.00 30.00 30.00 
