0 0 0 2.55 0.00000000 0.00000000 0.00 0.00 0.00 0.06 0.08 -0.00 0.02 -0.02 0.01 90.84 91.35 90.05 
0 0 0 2.72 0.00000000 0.00000000 0.00 0.00 0.00 0.06 0.07 -0.03 0.02 -0.01 0.01 91.03 91.22 90.06 
0 0 0 2.82 0.00000000 0.00000000 0.00 0.00 0.00 0.07 0.08 0.02 0.02 -0.02 0.01 91.18 91.31 90.05 
0 0 0 2.92 0.00000000 0.00000000 0.00 0.00 0.00 0.07 0.07 -0.04 0.01 -0.01 0.01 91.11 91.17 90.07 
0 0 0 3.02 0.00000000 0.00000000 0.00 0.00 0.00 0.06 0.07 -0.05 0.01 -0.01 0.00 90.99 91.19 90.04 
0 0 0 3.12 0.00000000 0.00000000 0.00 0.00 0.00 0.07 0.07 -0.03 0.01 -0.01 0.00 91.15 91.21 90.05 
0 0 0 3.22 0.00000000 0.00000000 0.00 0.00 0.00 0.07 0.07 0.02 0.02 -0.01 0.01 91.27 91.27 90.05 
0 0 0 3.32 0.00000000 0.00000000 0.00 0.00 0.00 0.07 0.08 -0.01 0.01 -0.01 0.00 91.14 91.33 90.03 
0 0 0 3.42 0.00000000 0.00000000 0.00 0.00 0.00 0.06 0.08 -0.00 0.01 -0.01 0.01 91.10 91.29 90.06 
0 0 0 3.52 0.00000000 0.00000000 0.00 0.00 0.00 0.06 0.08 -0.02 0.02 -0.02 0.00 91.04 91.29 90.05 
0 0 0 3.62 0.00000000 0.00000000 0.00 0.00 0.00 0.07 0.08 0.02 0.01 -0.00 0.00 91.14 91.33 90.04 
0 0 0 3.73 0.00000000 0.00000000 0.00 0.00 0.00 0.05 0.08 -0.04 0.01 -0.01 0.01 90.92 91.31 90.06 
0 0 0 3.83 0.00000000 0.00000000 0.00 0.00 0.00 0.06 0.08 -0.05 0.01 -0.02 0.01 91.04 91.29 90.07 
0 0 0 3.93 0.00000000 0.00000000 0.00 0.00 0.00 0.07 0.07 -0.06 0.01 -0.01 0.01 91.12 91.12 90.06 
0 0 0 4.03 0.00000000 0.00000000 0.00 0.00 0.00 0.07 0.08 0.05 0.01 0.00 0.00 91.11 91.36 90.04 
0 0 0 4.13 0.00000000 0.00000000 0.00 0.00 0.00 0.07 0.07 -0.03 0.01 -0.03 0.01 91.11 91.23 90.06 
0 0 0 4.23 0.00000000 0.00000000 0.00 0.00 0.00 0.07 0.07 -0.09 0.02 -0.01 0.01 91.12 91.12 90.07 
0 0 0 4.33 0.00000000 0.00000000 0.00 0.00 0.00 0.06 0.07 -0.04 0.02 -0.00 0.00 90.98 91.24 90.05 
0 0 0 4.43 0.00000000 0.00000000 0.00 0.00 0.00 0.06 0.07 -0.06 0.02 -0.01 0.01 91.04 91.23 90.07 
0 0 0 4.53 0.00000000 0.00000000 0.00 0.00 0.00 0.06 0.08 0.00 0.01 -0.02 0.01 91.04 91.30 90.07 
0 0 0 4.63 0.00000000 0.00000000 0.00 0.00 0.00 0.06 0.09 0.03 0.01 -0.00 0.00 91.06 91.45 90.03 
0 0 0 4.73 0.00000000 0.00000000 0.00 0.00 0.00 0.07 0.08 0.05 0.02 -0.01 0.01 91.26 91.39 90.06 
0 0 0 4.84 0.00000000 0.00000000 0.00 0.00 0.00 0.06 0.08 -0.06 0.02 -0.01 0.01 90.97 91.29 90.05 
0 0 0 4.94 0.00000000 0.00000000 0.00 0.00 0.00 0.05 0.07 -0.04 0.02 -0.01 0.00 91.03 91.22 90.05 
0 0 0 5.04 0.00000000 0.00000000 0.00 0.00 0.00 0.07 0.08 -0.00 0.02 -0.00 0.00 91.18 91.31 90.02 
0 0 0 5.14 0.00000000 0.00000000 0.00 0.00 0.00 0.06 0.08 -0.02 0.02 -0.01 0.01 91.04 91.30 90.06 
0 0 0 5.24 0.00000000 0.00000000 0.00 0.00 0.00 0.06 0.07 -0.10 0.02 -0.01 0.00 91.04 91.11 90.04 
0 0 0 5.34 0.00000000 0.00000000 0.00 0.00 0.00 0.06 0.07 -0.04 0.01 -0.01 0.00 91.04 91.24 90.04 
0 0 0 5.45 0.00000000 0.00000000 0.00 0.00 0.00 0.06 0.07 -0.07 0.01 -0.01 0.01 90.98 91.17 90.07 
0 0 0 5.55 0.00000000 0.00000000 0.00 0.00 0.00 0.06 0.06 -0.11 0.02 -0.01 0.00 91.04 91.04 90.05 
0 0 0 5.65 0.00000000 0.00000000 0.00 0.00 0.00 0.06 0.07 -0.07 0.02 -0.00 0.00 90.99 91.19 90.04 
0 0 0 5.75 0.00000000 0.00000000 0.00 0.00 0.00 0.06 0.07 -0.03 0.01 -0.00 0.01 91.06 91.25 90.07 
0 0 0 5.85 0.00000000 0.00000000 0.00 0.00 0.00 0.05 0.07 -0.06 0.02 -0.01 0.01 90.89 91.21 90.05 
0 0 0 5.95 0.00000000 0.00000000 0.00 0.00 0.00 0.06 0.06 -0.11 0.01 -0.01 0.00 90.98 91.10 90.05 
0 0 0 6.05 0.00000000 0.00000000 0.00 0.00 0.00 0.05 0.07 -0.04 0.01 -0.00 0.00 90.91 91.24 90.04 
0 0 0 6.15 0.00000000 0.00000000 0.00 0.00 0.00 0.06 0.08 0.01 0.01 -0.02 0.01 91.04 91.36 90.06 
0 0 0 6.25 0.00000000 0.00000000 0.00 0.00 0.00 0.07 0.07 -0.05 0.01 -0.02 0.01 91.11 91.23 90.07 
0 0 0 6.36 0.00000000 0.00000000 0.00 0.00 0.00 0.06 0.08 -0.01 0.01 -0.00 0.00 91.06 91.32 90.04 
0 0 0 6.46 0.00000000 0.00000000 0.00 0.00 0.00 0.07 0.07 -0.03 0.01 -0.02 0.01 91.11 91.23 90.05 
0 0 0 6.56 0.00000000 0.00000000 0.00 0.00 0.00 0.06 0.07 -0.08 0.02 -0.01 0.01 90.98 91.23 90.07 
0 0 0 6.66 0.00000000 0.00000000 0.00 0.00 0.00 0.07 0.07 -0.04 0.02 -0.00 0.00 91.12 91.25 90.04 
0 0 0 6.76 0.00000000 0.00000000 0.00 0.00 0.00 0.06 0.07 -0.05 0.01 -0.01 0.00 90.97 91.22 90.04 
0 0 0 6.86 0.00000000 0.00000000 0.00 0.00 0.00 0.07 0.07 -0.06 0.02 -0.01 0.00 91.16 91.09 90.04 
0 0 0 6.96 0.00000000 0.00000000 0.00 0.00 0.00 0.07 0.07 -0.00 0.01 -0.01 0.01 91.13 91.26 90.07 
0 0 0 7.07 0.00000000 0.00000000 0.00 0.00 0.00 0.06 0.07 -0.05 0.02 -0.01 0.01 91.13 91.32 90.05 
0 0 0 7.17 0.00000000 0.00000000 0.00 0.00 0.00 0.06 0.07 -0.07 0.02 -0.02 0.01 91.04 91.16 90.06 
0 0 0 7.27 0.00000000 0.00000000 0.00 0.00 0.00 0.06 0.07 -0.04 0.02 -0.01 0.00 91.05 91.25 90.05 
0 0 0 7.37 0.00000000 0.00000000 0.00 0.00 0.00 0.06 0.08 0.01 0.01 -0.01 0.00 91.04 91.17 90.07 
0 0 0 7.47 0.00000000 0.00000000 0.00 0.00 0.00 0.06 0.07 -0.07 0.01 -0.01 0.01 91.04 91.16 90.05 
0 0 0 7.57 0.00000000 0.00000000 0.00 0.00 0.00 0.06 0.07 -0.04 0.02 -0.02 0.00 91.06 91.19 90.03 
0 0 0 7.67 0.00000000 0.00000000 0.00 0.00 0.00 0.06 0.08 -0.01 0.01 -0.01 0.00 91.00 91.33 90.04 
0 0 0 7.77 0.00000000 0.00000000 0.00 0.00 0.00 0.06 0.08 -0.03 0.01 -0.02 0.01 91.13 91.32 90.05 
0 0 0 7.88 0.00000000 0.00000000 0.00 0.00 0.00 0.06 0.07 -0.04 0.02 -0.01 0.00 91.11 91.30 90.06 
0 0 0 7.98 0.00000000 0.00000000 0.00 0.00 0.00 0.06 0.08 -0.01 0.01 -0.01 0.01 91.04 91.36 90.06 
0 0 0 8.08 0.00000000 0.00000000 0.00 0.00 0.00 0.06 0.07 -0.03 0.02 -0.01 0.01 91.06 91.25 90.05 
0 0 0 8.18 0.00000000 0.00000000 0.00 0.00 0.00 0.06 0.08 -0.03 0.02 -0.01 0.01 91.04 91.17 90.06 
0 0 0 8.28 0.00000000 0.00000000 0.00 0.00 0.00 0.06 0.08 0.02 0.02 -0.01 0.00 91.05 91.31 90.04 
0 0 0 8.39 0.00000000 0.00000000 0.00 0.00 0.00 0.06 0.08 -0.02 0.01 -0.01 0.00 90.98 91.17 90.05 
0 0 0 8.49 0.00000000 0.00000000 0.00 0.00 0.00 0.06 0.07 -0.08 0.01 -0.01 0.00 91.10 91.29 90.04 
0 0 0 8.59 0.00000000 0.00000000 0.00 0.00 0.00 0.07 0.07 -0.04 0.01 -0.01 0.01 91.11 91.24 90.06 
0 0 0 8.69 0.00000000 0.00000000 0.00 0.00 0.00 0.06 0.08 -0.00 0.01 -0.01 0.00 91.11 91.23 90.02 
0 0 0 8.80 0.00000000 0.00000000 0.00 0.00 0.00 0.05 0.08 -0.02 0.01 -0.01 0.00 90.92 91.31 90.04 
0 0 0 8.90 0.00000000 0.00000000 0.00 0.00 0.00 0.05 0.07 -0.10 0.01 -0.01 0.01 90.91 91.23 90.05 
0 0 0 9.00 0.00000000 0.00000000 0.00 0.00 0.00 0.06 0.08 -0.01 0.01 -0.01 0.01 91.05 91.31 90.06 
0 0 0 9.10 0.00000000 0.00000000 0.00 0.00 0.00 0.06 0.07 -0.07 0.01 -0.01 0.00 91.04 91.16 90.04 
0 0 0 9.20 0.00000000 0.00000000 0.00 0.00 0.00 0.06 0.07 -0.08 0.01 -0.02 0.00 90.98 91.30 90.06 
0 0 0 9.31 0.00000000 0.00000000 0.00 0.00 0.00 0.07 0.08 0.01 0.01 -0.00 0.01 91.12 91.38 90.06 
0 0 0 9.41 0.00000000 0.00000000 0.00 0.00 0.00 0.05 0.08 0.01 0.01 -0.01 0.01 90.85 91.17 90.07 
0 0 0 9.51 0.00000000 0.00000000 0.00 0.00 0.00 0.07 0.07 -0.06 0.01 -0.01 0.00 91.11 91.24 90.04 
0 0 0 9.61 0.00000000 0.00000000 0.00 0.00 0.00 0.06 0.07 -0.05 0.01 -0.01 0.00 91.00 91.20 90.03 
0 0 0 9.72 0.00000000 0.00000000 0.00 0.00 0.00 0.06 0.07 -0.02 0.01 -0.02 0.00 90.98 91.23 90.04 
0 0 0 9.82 0.00000000 0.00000000 0.00 0.00 0.00 0.06 0.08 0.00 0.02 -0.01 0.01 91.04 91.30 90.06 
0 0 0 9.92 0.00000000 0.00000000 0.00 0.00 0.00 0.06 0.08 0.03 0.01 -0.01 0.01 91.04 91.43 90.05 
0 0 0 10.02 0.00000000 0.00000000 0.00 0.00 0.00 0.06 0.07 -0.03 0.01 -0.01 0.00 91.04 91.24 90.04 
0 0 0 10.12 0.00000000 0.00000000 0.00 0.00 0.00 0.06 0.08 0.02 0.01 -0.01 0.00 90.98 91.37 90.04 
0 0 0 10.22 0.00000000 0.00000000 0.00 0.00 0.00 0.06 0.07 -0.07 0.01 -0.01 0.00 90.98 91.17 90.04 
0 0 0 10.32 0.00000000 0.00000000 0.00 0.00 0.00 0.05 0.08 -0.02 0.01 -0.01 0.00 90.92 91.31 90.04 
0 0 0 10.43 0.00000000 0.00000000 0.00 0.00 0.00 0.07 0.07 -0.02 0.01 -0.01 0.01 91.42 91.16 90.05 
0 0 0 10.53 0.00000000 0.00000000 0.00 0.00 0.00 0.07 0.09 0.10 0.01 -0.01 0.00 91.12 91.51 90.04 
0 0 0 10.63 0.00000000 0.00000000 0.00 0.00 0.00 0.05 0.07 -0.05 0.01 -0.00 0.00 90.92 91.25 90.04 
0 0 0 10.73 0.00000000 0.00000000 0.00 0.00 0.00 0.05 0.07 -0.03 0.01 -0.01 0.01 91.19 91.32 90.03 
0 0 0 10.83 0.00000000 0.00000000 0.00 0.00 0.00 0.06 0.08 -0.04 0.01 -0.01 0.00 91.10 91.29 90.04 
0 0 0 10.93 0.00000000 0.00000000 0.00 0.00 0.00 0.06 0.08 -0.02 0.01 -0.01 0.01 90.98 91.30 90.07 
0 0 0 11.03 0.00000000 0.00000000 0.00 0.00 0.00 0.07 0.07 -0.07 0.02 -0.01 0.01 91.05 91.25 90.04 
0 0 0 11.13 0.00000000 0.00000000 0.00 0.00 0.00 0.06 0.07 -0.07 0.01 -0.01 0.01 91.03 91.16 90.06 
0 0 0 11.23 0.00000000 0.00000000 0.00 0.00 0.00 0.06 0.08 0.01 0.01 -0.01 0.01 91.05 91.31 90.06 
0 0 0 11.34 0.00000000 0.00000000 0.00 0.00 0.00 0.06 0.07 -0.05 0.01 -0.01 0.00 91.05 91.18 90.06 
0 0 0 11.44 0.00000000 0.00000000 0.00 0.00 0.00 0.06 0.08 -0.02 0.02 -0.00 0.01 91.03 91.29 90.05 
0 0 0 11.54 0.00000000 0.00000000 0.00 0.00 0.00 0.06 0.06 -0.12 0.01 -0.02 0.01 91.04 91.04 90.06 
0 0 0 11.64 0.00000000 0.00000000 0.00 0.00 0.00 0.07 0.07 -0.08 0.01 -0.01 0.00 91.11 91.17 90.05 
0 0 0 11.74 0.00000000 0.00000000 0.00 0.00 0.00 0.06 0.07 -0.09 0.01 -0.01 0.00 90.98 91.17 90.03 
0 0 0 11.84 0.00000000 0.00000000 0.00 0.00 0.00 0.07 0.08 0.03 0.02 -0.00 0.00 90.98 91.24 90.05 
0 0 0 11.94 0.00000000 0.00000000 0.00 0.00 0.00 0.06 0.08 -0.02 0.02 -0.01 0.00 90.98 91.31 90.04 
0 0 0 12.05 0.00000000 0.00000000 0.00 0.00 0.00 0.06 0.07 -0.05 0.02 -0.01 0.00 91.03 91.16 90.03 
0 0 0 12.15 0.00000000 0.00000000 0.00 0.00 0.00 0.06 0.07 -0.03 0.01 -0.01 0.00 91.04 91.23 90.05 
0 0 0 12.25 0.00000000 0.00000000 0.00 0.00 0.00 0.07 0.08 0.01 0.01 -0.01 0.00 91.18 91.31 90.05 
0 0 0 12.35 0.00000000 0.00000000 0.00 0.00 0.00 0.06 0.07 -0.02 0.02 -0.01 0.00 91.10 91.16 90.02 
0 0 0 12.45 0.00000000 0.00000000 0.00 0.00 0.00 0.06 0.06 -0.09 0.01 -0.01 0.01 90.98 91.10 90.06 
0 0 0 12.55 0.00000000 0.00000000 0.00 0.00 0.00 0.06 0.08 0.02 0.02 -0.01 0.00 91.04 91.29 90.05 
0 0 0 12.65 0.00000000 0.00000000 0.00 0.00 0.00 0.06 0.06 -0.09 0.01 -0.02 0.01 90.97 91.10 90.08 
0 0 0 12.75 0.00000000 0.00000000 0.00 0.00 0.00 0.06 0.07 -0.01 0.01 -0.02 0.00 91.04 91.23 90.04 
0 0 0 12.85 0.00000000 0.00000000 0.00 0.00 0.00 0.06 0.08 0.02 0.01 -0.01 0.00 91.04 91.37 90.04 
0 0 0 12.96 0.00000000 0.00000000 0.00 0.00 0.00 0.07 0.08 0.03 0.01 -0.01 0.00 91.11 91.30 90.02 
0 0 0 13.06 0.00000000 0.00000000 0.00 0.00 0.00 0.07 0.07 -0.03 0.01 -0.01 0.01 91.11 91.24 90.06 
0 0 0 13.16 0.00000000 0.00000000 0.00 0.00 0.00 0.06 0.08 0.01 0.01 -0.01 0.00 91.05 91.38 90.04 
0 0 0 13.26 0.00000000 0.00000000 0.00 0.00 0.00 0.07 0.08 0.01 0.02 -0.01 0.00 91.11 91.31 90.04 
0 0 0 13.36 0.00000000 0.00000000 0.00 0.00 0.00 0.07 0.08 -0.01 0.01 -0.01 0.00 91.17 91.30 90.04 
0 0 0 13.47 0.00000000 0.00000000 0.00 0.00 0.00 0.05 0.07 -0.06 0.01 -0.01 0.00 91.09 91.28 90.06 
0 0 0 13.57 0.00000000 0.00000000 0.00 0.00 0.00 0.06 0.08 -0.01 0.01 -0.01 0.01 91.04 91.29 90.05 
0 0 0 13.67 0.00000000 0.00000000 0.00 0.00 0.00 0.06 0.07 -0.09 0.02 -0.01 0.01 91.05 91.11 90.05 
0 0 0 13.77 0.00000000 0.00000000 0.00 0.00 0.00 0.06 0.07 -0.07 0.01 -0.01 0.01 91.04 91.24 90.06 
0 0 0 13.87 0.00000000 0.00000000 0.00 0.00 0.00 0.06 0.07 -0.07 0.01 -0.01 0.01 91.04 91.17 90.05 
0 0 0 13.97 0.00000000 0.00000000 0.00 0.00 0.00 0.06 0.08 -0.02 0.01 -0.01 0.01 91.05 91.31 90.05 
0 0 0 14.07 0.00000000 0.00000000 0.00 0.00 0.00 0.07 0.07 0.01 0.02 -0.01 0.00 91.11 91.24 90.04 
0 0 0 14.17 0.00000000 0.00000000 0.00 0.00 0.00 0.06 0.07 -0.05 0.02 -0.01 0.01 91.09 91.15 90.05 
0 0 0 14.27 0.00000000 0.00000000 0.00 0.00 0.00 0.06 0.07 -0.07 0.02 -0.01 0.01 91.04 91.17 90.06 
0 0 0 14.37 0.00000000 0.00000000 0.00 0.00 0.00 0.06 0.07 -0.07 0.01 -0.01 0.00 91.04 91.17 90.03 
0 0 0 14.47 0.00000000 0.00000000 0.00 0.00 0.00 0.07 0.07 -0.05 0.01 -0.00 0.00 91.11 91.17 90.03 
0 0 0 14.57 0.00000000 0.00000000 0.00 0.00 0.00 0.06 0.07 -0.05 0.01 -0.01 0.01 91.04 91.24 90.05 
0 0 0 14.67 0.00000000 0.00000000 0.00 0.00 0.00 0.06 0.07 -0.06 0.01 -0.01 0.00 91.10 91.16 90.04 
0 0 0 14.77 0.00000000 0.00000000 0.00 0.00 0.00 0.06 0.07 -0.03 0.01 -0.01 0.00 91.04 91.23 90.05 
0 0 0 14.88 0.00000000 0.00000000 0.00 0.00 0.00 0.07 0.07 0.02 0.02 -0.01 0.00 91.04 91.30 90.02 
0 0 0 14.98 0.00000000 0.00000000 0.00 0.00 0.00 0.07 0.09 0.07 0.02 -0.00 0.00 91.12 91.45 90.05 
0 0 0 15.08 0.00000000 0.00000000 0.00 0.00 0.00 0.06 0.08 0.02 0.01 -0.01 0.00 90.98 91.31 90.05 
0 0 0 15.18 0.00000000 0.00000000 0.00 0.00 0.00 0.06 0.08 -0.02 0.01 -0.01 0.01 91.04 91.37 90.06 
0 0 0 15.28 0.00000000 0.00000000 0.00 0.00 0.00 0.06 0.07 -0.02 0.01 -0.01 0.01 91.03 91.22 90.06 
0 0 0 15.39 0.00000000 0.00000000 0.00 0.00 0.00 0.06 0.07 -0.01 0.01 -0.01 0.01 91.11 91.24 90.04 
0 0 0 15.49 0.00000000 0.00000000 0.00 0.00 0.00 0.07 0.07 0.03 0.01 -0.02 0.00 91.11 91.24 90.04 
0 0 0 15.59 0.00000000 0.00000000 0.00 0.00 0.00 0.06 0.07 -0.02 0.01 -0.01 0.00 91.04 91.24 90.04 
0 0 0 15.69 0.00000000 0.00000000 0.00 0.00 0.00 0.07 0.07 -0.03 0.01 -0.01 0.00 91.11 91.17 90.03 
0 0 0 15.79 0.00000000 0.00000000 0.00 0.00 0.00 0.07 0.07 -0.02 0.01 -0.01 0.00 91.05 91.31 90.05 
0 0 0 15.93 0.00000000 0.00000000 0.00 0.00 0.00 0.05 0.08 -0.01 0.01 -0.01 0.00 90.91 91.37 90.04 
0 0 0 16.06 0.00000000 0.00000000 0.00 0.00 0.00 0.06 0.08 0.02 0.01 -0.01 0.01 91.05 91.31 90.06 
0 0 0 16.19 0.00000000 0.00000000 0.00 0.00 0.00 0.07 0.07 -0.02 0.01 -0.01 0.01 91.12 91.25 90.06 
0 0 0 16.33 0.00000000 0.00000000 0.00 0.00 0.00 0.06 0.07 -0.05 0.01 -0.01 0.00 91.03 91.16 90.03 
0 0 0 16.43 0.00000000 0.00000000 0.00 0.00 0.00 0.06 0.07 -0.01 0.01 -0.01 0.00 91.05 91.25 90.05 
0 0 0 16.53 0.00000000 0.00000000 0.00 0.00 0.00 0.06 0.08 -0.01 0.01 -0.01 0.01 91.04 91.30 90.06 
0 0 0 16.63 0.00000000 0.00000000 0.00 0.00 0.00 0.06 0.08 0.05 0.02 -0.00 0.01 91.05 91.38 90.05 
0 0 0 16.74 0.00000000 0.00000000 0.00 0.00 0.00 0.06 0.08 -0.02 0.02 -0.01 0.00 90.98 91.30 90.04 
0 0 0 16.84 0.00000000 0.00000000 0.00 0.00 0.00 0.06 0.06 -0.10 0.01 -0.01 0.00 91.10 91.03 90.04 
0 0 0 16.94 0.00000000 0.00000000 0.00 0.00 0.00 0.06 0.07 -0.04 0.02 -0.01 0.00 91.05 91.18 90.05 
0 0 0 17.04 0.00000000 0.00000000 0.00 0.00 0.00 0.07 0.07 -0.02 0.02 -0.01 0.01 90.98 91.23 90.05 
0 0 0 17.15 0.00000000 0.00000000 0.00 0.00 0.00 0.05 0.07 -0.08 0.01 -0.01 0.00 90.98 91.23 90.05 
0 0 0 17.25 0.00000000 0.00000000 0.00 0.00 0.00 0.06 0.08 -0.02 0.01 -0.01 0.01 91.05 91.31 90.02 
0 0 0 17.35 0.00000000 0.00000000 0.00 0.00 0.00 0.05 0.08 -0.05 0.01 -0.01 0.01 91.04 91.30 90.06 
0 0 0 17.45 0.00000000 0.00000000 0.00 0.00 0.00 0.06 0.07 -0.07 0.01 -0.01 0.01 91.05 91.25 90.03 
0 0 0 17.55 0.00000000 0.00000000 0.00 0.00 0.00 0.07 0.07 -0.03 0.02 -0.00 0.00 91.24 91.18 90.04 
0 0 0 17.65 0.00000000 0.00000000 0.00 0.00 0.00 0.06 0.07 -0.03 0.01 -0.01 0.00 91.05 91.24 90.05 
0 0 0 17.76 0.00000000 0.00000000 0.00 0.00 0.00 0.06 0.07 -0.03 0.01 -0.02 0.00 91.04 91.24 90.05 
0 0 0 17.86 0.00000000 0.00000000 0.00 0.00 0.00 0.05 0.07 -0.04 0.01 -0.00 0.00 90.93 91.25 90.03 
0 0 0 17.96 0.00000000 0.00000000 0.00 0.00 0.00 0.06 0.08 -0.01 0.02 -0.01 0.01 91.10 91.29 90.06 
0 0 0 18.06 0.00000000 0.00000000 0.00 0.00 0.00 0.06 0.07 -0.04 0.02 -0.01 0.01 91.04 91.23 90.05 
0 0 0 18.16 0.00000000 0.00000000 0.00 0.00 0.00 0.07 0.08 0.03 0.01 -0.01 0.01 91.04 91.17 90.06 
0 0 0 18.26 0.00000000 0.00000000 0.00 0.00 0.00 0.06 0.07 -0.05 0.02 -0.01 0.01 90.97 91.16 90.04 
0 0 0 18.37 0.00000000 0.00000000 0.00 0.00 0.00 0.07 0.07 -0.08 0.02 -0.00 0.00 90.98 91.24 90.03 
0 0 0 18.47 0.00000000 0.00000000 0.00 0.00 0.00 0.06 0.08 -0.04 0.02 -0.00 0.00 91.03 91.16 90.04 
0 0 0 18.57 0.00000000 0.00000000 0.00 0.00 0.00 0.07 0.07 -0.03 0.01 -0.00 0.01 91.17 91.23 90.06 
0 0 0 18.67 0.00000000 0.00000000 0.00 0.00 0.00 0.05 0.07 -0.04 0.01 -0.02 -0.08 90.89 91.40 89.18 
0 0 0 18.77 0.00000000 0.00000000 0.00 0.00 0.00 0.09 0.08 0.09 0.00 -0.07 -0.40 91.60 91.39 85.99 
0 0 0 18.87 0.00000000 0.00000000 0.00 0.00 0.00 -0.02 0.15 0.10 -0.05 -0.01 -0.10 91.25 91.01 89.03 
0 0 0 18.97 0.00000000 0.00000000 0.00 0.00 0.00 -0.05 0.13 -0.03 -0.05 -0.06 -0.27 89.12 92.13 87.34 
0 0 0 19.07 0.00000000 0.00000000 0.00 0.00 0.00 0.51 -0.03 -3.14 0.15 0.08 -0.18 98.75 89.52 88.23 
0 0 0 19.18 0.00000000 0.00000000 0.00 0.00 0.00 0.10 0.01 -0.87 0.01 -0.05 -0.01 91.74 90.16 89.93 
0 0 0 19.28 0.00000000 0.00000000 0.00 0.00 0.00 0.02 0.08 -0.24 -0.00 -0.01 0.03 90.37 91.36 90.27 
0 0 0 19.38 0.00000000 0.00000000 0.00 0.00 0.00 0.16 0.18 0.88 -0.01 -0.05 -0.13 92.80 92.98 88.72 
0 0 0 19.48 0.00000000 0.00000000 0.00 0.00 0.00 0.25 0.03 -2.85 -0.00 -0.05 -0.28 98.41 93.52 87.33 
0 0 0 19.58 0.00000000 0.00000000 0.00 0.00 0.00 0.60 0.26 -3.87 -0.00 0.03 0.58 98.37 83.11 95.21 
0 0 0 19.68 0.00000000 0.00000000 0.00 0.00 0.00 0.13 -0.08 -1.27 -0.02 0.01 0.37 89.51 87.83 93.50 
0 0 0 19.78 0.00000000 0.00000000 0.00 0.00 0.00 0.06 0.10 0.13 0.02 -0.05 0.00 90.97 91.68 90.02 
0 0 0 19.88 0.00000000 0.00000000 0.00 0.00 0.00 0.07 0.07 0.01 0.01 -0.01 0.00 91.11 91.18 90.00 
0 0 0 19.98 0.00000000 0.00000000 0.00 0.00 0.00 0.06 0.08 0.04 0.02 -0.01 0.01 91.03 91.29 90.06 
0 0 0 20.08 0.00000000 0.00000000 0.00 0.00 0.00 0.06 0.07 0.01 0.02 -0.02 0.00 91.09 91.15 90.05 
0 0 0 20.19 0.00000000 0.00000000 0.00 0.00 0.00 0.06 0.07 0.02 0.01 -0.00 0.00 90.99 91.26 90.03 
0 0 0 20.29 0.00000000 0.00000000 0.00 0.00 0.00 0.05 0.07 0.02 0.01 -0.01 0.01 91.05 91.24 90.05 
0 0 0 20.39 0.00000000 0.00000000 0.00 0.00 0.00 0.06 0.07 -0.01 0.01 -0.02 0.01 91.10 91.22 90.07 
0 0 0 20.49 0.00000000 0.00000000 0.00 0.00 0.00 0.09 0.21 0.65 0.02 -0.01 0.15 91.58 93.53 91.48 
0 0 0 20.59 0.00000000 0.00000000 0.00 0.00 0.00 0.13 0.07 0.31 0.01 0.05 0.18 92.21 91.27 91.77 
0 0 0 20.69 0.00000000 0.00000000 0.00 0.00 0.00 0.06 0.07 0.07 0.02 -0.08 0.17 91.03 91.16 91.72 
0 0 0 20.79 0.00000000 0.00000000 0.00 0.00 0.00 0.04 0.08 0.09 0.02 -0.05 -0.07 90.63 91.31 89.32 
0 0 0 20.90 0.00000000 0.00000000 0.00 0.00 0.00 0.00 0.00 -0.27 0.02 0.01 0.01 90.94 90.87 90.16 
0 0 0 21.00 0.00000000 0.00000000 0.00 0.00 0.00 0.09 0.13 0.43 0.02 -0.05 0.03 89.72 92.91 90.41 
0 0 0 21.10 0.00000000 0.00000000 0.00 0.00 0.00 0.08 0.11 0.38 -0.18 0.11 0.08 91.42 91.85 90.77 
0 0 0 21.20 0.00000000 0.00000000 0.00 0.00 0.00 -0.01 0.09 0.04 -0.01 -0.04 0.02 89.81 91.60 90.19 
0 0 0 21.31 0.00000000 0.00000000 0.00 0.00 0.00 -0.04 0.09 0.01 0.15 -0.19 0.26 90.80 90.73 92.15 
0 0 0 21.41 0.00000000 0.00000000 0.00 0.00 0.00 0.13 0.06 0.46 -0.19 0.07 0.16 92.49 92.40 92.09 
0 0 0 21.51 0.00000000 0.00000000 0.00 0.00 0.00 0.02 0.16 0.49 -0.36 0.21 0.34 90.37 92.66 93.38 
0 0 0 21.61 0.00000000 0.00000000 0.00 0.00 0.00 -0.03 0.12 0.14 -0.38 0.77 0.39 89.44 92.04 93.95 
0 0 0 21.71 0.00000000 0.00000000 0.00 0.00 0.00 -0.23 0.47 0.51 0.16 -1.11 0.87 86.05 97.97 98.75 
0 0 0 21.81 0.00000000 0.00000000 0.00 0.00 0.00 0.94 0.07 -3.70 -0.44 0.50 0.42 105.95 91.13 94.23 
0 0 0 21.92 0.00000000 0.00000000 0.00 0.00 0.00 0.10 -0.07 0.02 0.07 -0.11 -0.02 91.66 88.78 89.81 
0 0 0 22.02 0.00000000 0.00000000 0.00 0.00 0.00 0.15 -0.00 0.71 0.03 -0.02 -0.01 92.48 89.92 89.93 
0 0 0 22.12 0.00000000 0.00000000 0.00 0.00 0.00 0.09 0.11 0.78 0.01 0.00 0.00 91.54 91.85 90.02 
0 0 0 22.22 0.00000000 0.00000000 0.00 0.00 0.00 0.05 0.02 0.38 0.01 -0.01 0.00 90.89 90.34 90.02 
0 0 0 22.32 0.00000000 0.00000000 0.00 0.00 0.00 0.05 0.07 0.49 0.02 -0.02 0.01 90.88 91.13 90.06 
0 0 0 22.42 0.00000000 0.00000000 0.00 0.00 0.00 0.04 0.12 0.59 0.01 -0.04 -0.04 90.69 93.67 89.03 
0 0 0 22.52 0.00000000 0.00000000 0.00 0.00 0.00 0.08 0.03 0.48 0.04 -0.01 -0.02 91.29 90.45 89.82 
0 0 0 22.62 0.00000000 0.00000000 0.00 0.00 0.00 0.08 0.14 0.77 0.02 -0.01 0.00 91.42 92.37 90.02 
0 0 0 22.72 0.00000000 0.00000000 0.00 0.00 0.00 0.09 0.11 0.75 0.02 -0.01 0.00 91.45 91.84 89.98 
0 0 0 22.82 0.00000000 0.00000000 0.00 0.00 0.00 -0.01 0.08 -1.89 0.01 -0.01 0.02 89.83 91.39 90.20 
0 0 0 22.93 0.00000000 0.00000000 0.00 0.00 0.00 -0.02 0.22 0.63 -0.01 0.07 0.05 91.79 91.93 90.53 
0 0 0 23.03 0.00000000 0.00000000 0.00 0.00 0.00 -0.11 0.01 0.06 0.03 0.02 0.08 90.73 90.85 90.71 
0 0 0 23.13 0.00000000 0.00000000 0.00 0.00 0.00 0.05 0.20 0.77 0.02 0.04 0.09 90.77 93.39 90.93 
0 0 0 23.24 0.00000000 0.00000000 0.00 0.00 0.00 0.04 0.15 0.70 0.00 -0.01 0.33 87.02 91.40 93.52 
0 0 0 23.34 0.00000000 0.00000000 0.00 0.00 0.00 -0.31 0.28 0.34 0.01 0.01 0.34 84.77 94.68 93.39 
0 0 0 23.44 0.00000000 0.00000000 0.00 0.00 0.00 -0.11 -0.02 0.15 0.01 0.02 0.37 88.10 89.68 93.69 
0 0 0 23.54 0.00000000 0.00000000 0.00 0.00 0.00 -0.01 -0.00 0.45 0.01 0.01 0.29 89.76 89.92 92.93 
0 0 0 23.64 0.00000000 0.00000000 0.00 0.00 0.00 -0.06 0.07 0.54 0.01 -0.00 0.06 89.19 91.32 90.63 
0 0 0 23.74 0.00000000 0.00000000 0.00 0.00 0.00 -0.01 0.02 0.53 0.02 -0.02 -0.14 89.82 90.30 88.56 
0 0 0 23.84 0.00000000 0.00000000 0.00 0.00 0.00 0.12 0.12 1.03 0.05 0.08 0.01 92.03 92.02 90.11 
0 0 0 23.94 0.00000000 0.00000000 0.00 0.00 0.00 0.06 0.09 0.79 -0.03 -0.05 -0.00 91.07 91.60 90.00 
0 0 0 24.04 0.00000000 0.00000000 0.00 0.00 0.00 0.07 0.07 0.70 0.03 -0.01 0.00 90.72 90.98 90.07 
0 0 0 24.15 0.00000000 0.00000000 0.00 0.00 0.00 0.07 0.08 0.83 0.03 0.01 0.00 91.18 91.24 90.05 
0 0 0 24.25 0.00000000 0.00000000 0.00 0.00 0.00 0.03 0.06 0.68 0.00 -0.01 0.00 90.44 91.00 90.05 
0 0 0 24.35 0.00000000 0.00000000 0.00 0.00 0.00 0.03 0.04 0.68 -0.02 -0.03 0.00 90.53 90.73 90.04 
0 0 0 24.45 0.00000000 0.00000000 0.00 0.00 0.00 0.09 0.07 0.93 0.03 -0.02 0.01 91.59 91.14 90.07 
0 0 0 24.55 0.00000000 0.00000000 0.00 0.00 0.00 0.07 0.07 0.85 0.02 -0.02 0.00 90.93 91.26 90.03 
0 0 0 24.65 0.00000000 0.00000000 0.00 0.00 0.00 0.06 0.07 0.82 0.01 -0.02 0.01 91.05 91.18 90.07 
0 0 0 24.75 0.00000000 0.00000000 0.00 0.00 0.00 0.07 0.07 0.86 0.01 -0.01 0.00 91.11 91.24 90.04 
0 0 0 24.85 0.00000000 0.00000000 0.00 0.00 0.00 0.08 0.07 0.88 0.01 0.01 0.00 91.32 91.25 90.05 
0 0 0 24.96 0.00000000 0.00000000 0.00 0.00 0.00 0.04 0.06 -1.89 0.00 -0.03 0.01 90.92 91.24 90.04 
0 0 0 25.06 0.00000000 0.00000000 0.00 0.00 0.00 0.07 0.08 0.88 0.00 0.02 0.00 91.09 91.03 90.04 
0 0 0 25.17 0.00000000 0.00000000 0.00 0.00 0.00 0.05 0.07 0.78 -0.00 -0.01 0.00 91.13 91.45 90.01 
0 0 0 25.27 0.00000000 0.00000000 0.00 0.00 0.00 0.05 0.06 0.81 0.00 -0.03 0.01 90.85 91.10 90.05 
0 0 0 25.37 0.00000000 0.00000000 0.00 0.00 0.00 0.07 0.06 0.83 0.02 -0.02 0.00 91.16 91.09 90.04 
0 0 0 25.47 0.00000000 0.00000000 0.00 0.00 0.00 0.06 0.09 0.85 0.02 0.01 0.00 91.07 91.53 90.03 
0 0 0 25.57 0.00000000 0.00000000 0.00 0.00 0.00 0.06 0.06 0.79 -0.00 -0.02 0.00 90.97 91.03 90.05 
0 0 0 25.67 0.00000000 0.00000000 0.00 0.00 0.00 0.08 0.07 0.85 0.04 -0.00 0.00 90.90 90.96 90.05 
0 0 0 25.77 0.00000000 0.00000000 0.00 0.00 0.00 0.07 0.08 0.85 0.03 0.02 0.01 91.03 91.10 90.05 
0 0 0 25.87 0.00000000 0.00000000 0.00 0.00 0.00 0.05 0.07 0.77 -0.01 -0.03 0.01 91.07 91.33 90.03 
0 0 0 25.98 0.00000000 0.00000000 0.00 0.00 0.00 0.08 0.08 0.84 0.03 0.00 0.00 91.03 90.96 90.06 
0 0 0 26.08 0.00000000 0.00000000 0.00 0.00 0.00 0.07 0.08 0.85 0.03 -0.01 0.01 91.25 91.31 90.05 
0 0 0 26.18 0.00000000 0.00000000 0.00 0.00 0.00 0.06 0.07 0.80 -0.01 -0.01 0.00 90.98 91.24 90.04 
0 0 0 26.28 0.00000000 0.00000000 0.00 0.00 0.00 0.06 0.06 0.80 0.00 -0.03 0.01 91.10 91.10 90.06 
0 0 0 26.38 0.00000000 0.00000000 0.00 0.00 0.00 0.06 0.07 0.79 0.02 -0.01 0.00 91.06 91.19 90.04 
0 0 0 26.48 0.00000000 0.00000000 0.00 0.00 0.00 0.07 0.09 0.83 0.01 -0.01 0.00 91.12 91.51 90.04 
0 0 0 26.58 0.00000000 0.00000000 0.00 0.00 0.00 0.05 0.07 0.78 -0.01 -0.03 0.00 90.91 91.17 90.04 
0 0 0 26.68 0.00000000 0.00000000 0.00 0.00 0.00 0.07 0.06 0.82 0.03 -0.00 0.00 90.96 91.09 90.04 
0 0 0 26.78 0.00000000 0.00000000 0.00 0.00 0.00 0.05 0.04 0.75 0.03 0.02 0.00 90.89 90.69 90.03 
0 0 0 26.88 0.00000000 0.00000000 0.00 0.00 0.00 0.05 0.07 0.80 0.00 -0.01 0.00 90.91 91.17 90.04 
0 0 0 26.99 0.00000000 0.00000000 0.00 0.00 0.00 0.07 0.07 0.83 0.02 -0.02 0.01 91.01 91.14 90.07 
0 0 0 27.09 0.00000000 0.00000000 0.00 0.00 0.00 0.08 0.09 0.85 0.03 0.01 0.00 91.32 91.45 90.03 
0 0 0 27.19 0.00000000 0.00000000 0.00 0.00 0.00 0.19 0.03 1.17 -0.02 -0.03 0.01 93.27 89.75 90.03 
0 0 0 27.29 0.00000000 0.00000000 0.00 0.00 0.00 0.06 0.09 0.80 0.05 0.01 0.01 90.32 90.69 90.06 
0 0 0 27.39 0.00000000 0.00000000 0.00 0.00 0.00 0.08 0.09 0.82 0.03 0.02 0.00 91.35 91.47 90.04 
0 0 0 27.50 0.00000000 0.00000000 0.00 0.00 0.00 0.07 0.08 0.82 -0.00 -0.00 0.00 91.21 91.39 90.04 
0 0 0 27.60 0.00000000 0.00000000 0.00 0.00 0.00 0.03 0.08 0.74 0.01 -0.01 0.00 90.59 91.43 90.05 
0 0 0 27.70 0.00000000 0.00000000 0.00 0.00 0.00 0.07 0.07 0.80 0.03 -0.00 0.00 91.17 91.17 90.04 
0 0 0 27.80 0.00000000 0.00000000 0.00 0.00 0.00 0.07 0.07 0.80 0.01 -0.02 0.00 91.20 91.46 90.03 
0 0 0 27.90 0.00000000 0.00000000 0.00 0.00 0.00 0.06 0.07 0.78 0.01 -0.02 0.01 90.78 91.36 90.04 
0 0 0 28.00 0.00000000 0.00000000 0.00 0.00 0.00 0.07 0.05 0.77 0.02 -0.02 0.01 91.17 90.91 90.06 
0 0 0 28.10 0.00000000 0.00000000 0.00 0.00 0.00 0.07 0.08 0.85 0.03 0.00 0.01 91.30 91.23 90.04 
0 0 0 28.20 0.00000000 0.00000000 0.00 0.00 0.00 0.06 0.07 0.79 0.01 -0.01 0.00 91.05 91.25 90.03 
0 0 0 28.30 0.00000000 0.00000000 0.00 0.00 0.00 0.06 0.07 0.79 0.00 -0.01 0.01 91.05 91.24 90.06 
0 0 0 28.40 0.00000000 0.00000000 0.00 0.00 0.00 0.07 0.07 0.83 0.02 -0.01 0.00 91.17 91.23 90.03 
0 0 0 28.51 0.00000000 0.00000000 0.00 0.00 0.00 0.05 0.06 0.76 0.01 -0.02 0.01 90.98 91.31 90.03 
0 0 0 28.61 0.00000000 0.00000000 0.00 0.00 0.00 0.06 0.08 0.80 0.01 -0.02 0.01 90.91 91.17 90.05 
0 0 0 28.71 0.00000000 0.00000000 0.00 0.00 0.00 0.07 0.07 0.80 0.02 -0.02 0.00 91.18 91.17 90.05 
0 0 0 28.82 0.00000000 0.00000000 0.00 0.00 0.00 0.06 0.07 0.80 0.01 -0.00 0.00 91.19 91.38 90.03 
0 0 0 28.92 0.00000000 0.00000000 0.00 0.00 0.00 0.10 0.07 0.90 0.01 -0.02 0.01 91.66 91.24 90.05 
0 0 0 29.02 0.00000000 0.00000000 0.00 0.00 0.00 0.08 0.07 0.87 0.03 -0.01 0.00 91.40 91.14 90.05 
0 0 0 29.12 0.00000000 0.00000000 0.00 0.00 0.00 0.07 0.07 0.82 0.02 -0.00 0.01 91.18 91.25 90.06 
0 0 0 29.22 0.00000000 0.00000000 0.00 0.00 0.00 0.06 0.06 0.77 0.01 -0.01 0.00 90.98 91.10 90.04 
0 0 0 29.32 0.00000000 0.00000000 0.00 0.00 0.00 0.06 0.09 0.81 0.02 -0.01 0.00 91.03 91.53 90.04 
0 0 0 29.42 0.00000000 0.00000000 0.00 0.00 0.00 0.07 0.08 0.81 0.03 -0.01 0.01 91.24 91.31 90.07 
0 0 0 29.52 0.00000000 0.00000000 0.00 0.00 0.00 0.08 0.08 0.81 0.02 -0.01 0.00 91.28 91.28 90.04 
0 0 0 29.62 0.00000000 0.00000000 0.00 0.00 0.00 0.07 0.07 0.79 -0.01 -0.02 0.01 91.16 91.22 90.06 
0 0 0 29.72 0.00000000 0.00000000 0.00 0.00 0.00 0.06 0.07 0.78 0.01 -0.02 0.01 91.04 91.17 90.05 
0 0 0 29.82 0.00000000 0.00000000 0.00 0.00 0.00 0.07 0.07 0.81 0.02 -0.00 0.00 91.18 91.18 90.03 
0 0 0 29.93 0.00000000 0.00000000 0.00 0.00 0.00 0.07 0.07 0.80 0.01 -0.01 0.00 91.17 91.23 90.05 
0 0 0 30.03 0.00000000 0.00000000 0.00 0.00 0.00 0.05 0.07 0.75 0.01 -0.02 0.00 90.85 91.18 90.03 
0 0 0 30.13 0.00000000 0.00000000 0.00 0.00 0.00 0.08 0.09 0.86 0.02 0.00 0.00 91.23 91.29 90.04 
0 0 0 30.24 0.00000000 0.00000000 0.00 0.00 0.00 0.05 0.08 0.77 0.00 -0.02 0.01 90.91 91.29 90.04 
0 0 0 30.34 0.00000000 0.00000000 0.00 0.00 0.00 0.07 0.07 0.78 0.02 -0.01 0.00 91.24 91.11 90.04 
0 0 0 30.44 0.00000000 0.00000000 0.00 0.00 0.00 0.06 0.07 0.79 0.01 -0.01 0.00 91.05 91.24 90.05 
0 0 0 30.54 0.00000000 0.00000000 0.00 0.00 0.00 0.06 0.07 0.78 0.02 -0.02 0.01 91.03 91.21 90.05 
0 0 0 30.64 0.00000000 0.00000000 0.00 0.00 0.00 0.06 0.07 0.76 0.02 -0.01 0.00 90.97 91.23 90.04 
0 0 0 30.74 0.00000000 0.00000000 0.00 0.00 0.00 0.07 0.08 0.81 0.01 -0.01 0.00 91.17 91.17 90.05 
0 0 0 30.84 0.00000000 0.00000000 0.00 0.00 0.00 0.07 0.08 0.77 0.02 -0.00 0.00 91.14 91.33 90.04 
0 0 0 30.94 0.00000000 0.00000000 0.00 0.00 0.00 0.07 0.09 0.83 0.01 -0.01 0.00 91.25 91.45 90.03 
0 0 0 31.04 0.00000000 0.00000000 0.00 0.00 0.00 0.06 0.08 0.80 0.02 -0.01 0.00 91.09 91.28 90.03 
0 0 0 31.14 0.00000000 0.00000000 0.00 0.00 0.00 0.06 0.06 0.78 0.02 -0.01 0.00 91.09 91.09 90.04 
0 0 0 31.25 0.00000000 0.00000000 0.00 0.00 0.00 0.07 0.07 0.83 0.02 -0.00 0.00 91.19 91.19 90.04 
0 0 0 31.35 0.00000000 0.00000000 0.00 0.00 0.00 0.04 0.08 0.75 0.02 -0.01 0.00 91.11 91.04 90.04 
0 0 0 31.45 0.00000000 0.00000000 0.00 0.00 0.00 0.07 0.07 0.79 0.02 -0.01 0.00 91.11 91.11 90.03 
0 0 0 31.55 0.00000000 0.00000000 0.00 0.00 0.00 0.05 0.07 0.76 0.00 -0.02 0.00 90.92 91.12 90.04 
0 0 0 31.65 0.00000000 0.00000000 0.00 0.00 0.00 0.07 0.07 0.81 0.01 -0.02 0.01 91.11 91.11 90.06 
0 0 0 31.75 0.00000000 0.00000000 0.00 0.00 0.00 0.06 0.07 0.77 0.01 -0.01 0.00 91.11 91.37 90.06 
0 0 0 31.86 0.00000000 0.00000000 0.00 0.00 0.00 0.06 0.08 0.78 0.02 0.00 0.01 91.17 91.23 90.07 
0 0 0 31.96 0.00000000 0.00000000 0.00 0.00 0.00 0.06 0.08 0.82 0.02 -0.01 0.01 91.10 91.29 90.05 
0 0 0 32.06 0.00000000 0.00000000 0.00 0.00 0.00 0.07 0.08 0.82 0.02 -0.00 0.00 90.97 91.10 90.05 
0 0 0 32.16 0.00000000 0.00000000 0.00 0.00 0.00 0.07 0.07 0.81 0.02 -0.00 0.00 91.11 91.24 90.04 
0 0 0 32.26 0.00000000 0.00000000 0.00 0.00 0.00 0.07 0.07 0.81 0.01 -0.01 0.00 91.11 91.17 90.04 
0 0 0 32.36 0.00000000 0.00000000 0.00 0.00 0.00 0.07 0.07 0.81 0.01 -0.01 0.01 91.11 91.24 90.05 
0 0 0 32.46 0.00000000 0.00000000 0.00 0.00 0.00 0.08 0.08 0.85 0.01 -0.01 0.01 91.33 91.33 90.05 
0 0 0 32.56 0.00000000 0.00000000 0.00 0.00 0.00 0.07 0.07 0.81 0.02 -0.00 0.00 90.93 90.99 90.06 
0 0 0 32.70 0.00000000 0.00000000 0.00 0.00 0.00 0.07 0.07 0.79 0.02 -0.01 0.00 91.11 91.23 90.02 
0 0 0 32.83 0.00000000 0.00000000 0.00 0.00 0.00 0.07 0.07 0.80 0.02 -0.01 0.01 91.18 91.17 90.05 
0 0 0 32.97 0.00000000 0.00000000 0.00 0.00 0.00 0.06 0.07 0.80 0.02 -0.01 0.00 91.04 91.23 90.04 
0 0 0 33.10 0.00000000 0.00000000 0.00 0.00 0.00 0.07 0.08 0.80 0.01 -0.01 0.01 91.11 91.30 90.06 
0 0 0 33.21 0.00000000 0.00000000 0.00 0.00 0.00 0.06 0.07 0.80 0.02 -0.01 0.00 91.11 91.23 90.04 
0 0 0 33.31 0.00000000 0.00000000 0.00 0.00 0.00 0.06 0.07 0.80 0.01 -0.01 0.01 91.10 91.22 90.05 
0 0 0 33.41 0.00000000 0.00000000 0.00 0.00 0.00 0.07 0.07 0.81 0.02 -0.00 0.00 91.11 91.17 90.05 
0 0 0 33.51 0.00000000 0.00000000 0.00 0.00 0.00 0.08 0.08 0.84 0.03 -0.00 0.01 91.30 91.36 90.05 
0 0 0 33.61 0.00000000 0.00000000 0.00 0.00 0.00 0.06 0.08 0.79 0.01 -0.01 0.00 91.06 91.38 90.04 
0 0 0 33.71 0.00000000 0.00000000 0.00 0.00 0.00 0.06 0.07 0.78 -0.00 -0.01 0.01 90.98 91.24 90.06 
0 0 0 33.81 0.00000000 0.00000000 0.00 0.00 0.00 0.06 0.07 0.79 0.01 -0.01 0.00 91.04 91.24 90.04 
0 0 0 33.91 0.00000000 0.00000000 0.00 0.00 0.00 0.07 0.07 0.80 0.02 -0.01 0.00 91.19 91.19 90.04 
0 0 0 34.01 0.00000000 0.00000000 0.00 0.00 0.00 0.07 0.07 0.79 0.01 -0.01 0.00 91.11 91.17 90.05 
0 0 0 34.12 0.00000000 0.00000000 0.00 0.00 0.00 0.07 0.07 0.81 0.02 -0.01 0.01 90.98 91.04 90.06 
0 0 0 34.22 0.00000000 0.00000000 0.00 0.00 0.00 0.06 0.08 0.79 -0.00 -0.02 0.00 90.98 91.31 90.04 
0 0 0 34.32 0.00000000 0.00000000 0.00 0.00 0.00 0.05 0.06 0.75 0.00 -0.02 0.00 90.91 91.10 90.03 
0 0 0 34.42 0.00000000 0.00000000 0.00 0.00 0.00 0.07 0.08 0.80 0.01 -0.02 0.01 91.11 91.30 90.05 
0 0 0 34.52 0.00000000 0.00000000 0.00 0.00 0.00 0.06 0.07 0.80 0.02 -0.01 0.01 91.03 91.16 90.06 
0 0 0 34.62 0.00000000 0.00000000 0.00 0.00 0.00 0.07 0.09 0.83 0.02 -0.00 0.01 91.13 91.52 90.08 
0 0 0 34.72 0.00000000 0.00000000 0.00 0.00 0.00 0.04 0.05 0.71 0.02 -0.01 0.01 90.66 90.92 90.05 
0 0 0 34.82 0.00000000 0.00000000 0.00 0.00 0.00 0.05 0.07 0.75 0.00 -0.01 0.01 90.92 91.18 90.06 
0 0 0 34.92 0.00000000 0.00000000 0.00 0.00 0.00 0.06 0.07 0.78 0.01 -0.02 0.00 90.99 91.25 90.04 
0 0 0 35.03 0.00000000 0.00000000 0.00 0.00 0.00 0.06 0.08 0.79 0.01 -0.02 0.01 91.04 91.30 90.05 
0 0 0 35.13 0.00000000 0.00000000 0.00 0.00 0.00 0.06 0.07 0.80 0.01 -0.01 0.00 91.04 91.17 90.04 
0 0 0 35.23 0.00000000 0.00000000 0.00 0.00 0.00 0.06 0.08 0.79 0.01 -0.01 0.01 91.04 91.30 90.08 
0 0 0 35.33 0.00000000 0.00000000 0.00 0.00 0.00 0.06 0.08 0.79 0.02 -0.00 0.00 91.10 91.29 90.05 
0 0 0 35.43 0.00000000 0.00000000 0.00 0.00 0.00 0.07 0.08 0.82 0.01 -0.00 0.00 91.11 91.37 90.05 
0 0 0 35.53 0.00000000 0.00000000 0.00 0.00 0.00 0.06 0.08 0.78 0.01 -0.01 0.01 90.98 91.31 90.05 
0 0 0 35.63 0.00000000 0.00000000 0.00 0.00 0.00 0.06 0.07 0.78 0.00 -0.02 0.00 91.05 91.18 90.04 
0 0 0 35.74 0.00000000 0.00000000 0.00 0.00 0.00 0.07 0.07 0.82 0.02 -0.00 0.00 91.05 91.24 90.03 
0 0 0 35.84 0.00000000 0.00000000 0.00 0.00 0.00 0.06 0.07 0.80 0.01 -0.02 0.00 91.10 91.16 90.05 
0 0 0 35.94 0.00000000 0.00000000 0.00 0.00 0.00 0.07 0.07 0.81 0.02 -0.00 0.00 91.18 91.17 90.04 
0 0 0 36.04 0.00000000 0.00000000 0.00 0.00 0.00 0.06 0.07 0.78 0.03 -0.00 0.00 91.05 91.18 90.05 
0 0 0 36.14 0.00000000 0.00000000 0.00 0.00 0.00 0.07 0.08 0.80 0.00 -0.02 0.01 91.11 91.31 90.07 
0 0 0 36.24 0.00000000 0.00000000 0.00 0.00 0.00 0.06 0.06 0.76 0.01 -0.01 0.00 90.97 91.04 90.05 
0 0 0 36.34 0.00000000 0.00000000 0.00 0.00 0.00 0.06 0.06 0.78 0.01 -0.02 0.01 90.98 91.10 90.06 
0 0 0 36.44 0.00000000 0.00000000 0.00 0.00 0.00 0.07 0.07 0.80 0.02 -0.01 0.00 91.05 91.31 90.03 
0 0 0 36.54 0.00000000 0.00000000 0.00 0.00 0.00 0.06 0.08 0.80 0.01 -0.01 0.00 91.04 91.36 90.03 
0 0 0 36.64 0.00000000 0.00000000 0.00 0.00 0.00 0.07 0.08 0.82 0.02 -0.01 0.01 91.11 91.43 90.05 
0 0 0 36.74 0.00000000 0.00000000 0.00 0.00 0.00 0.07 0.07 0.78 0.02 -0.01 0.00 91.11 91.24 90.03 
0 0 0 36.84 0.00000000 0.00000000 0.00 0.00 0.00 0.07 0.08 0.79 0.02 -0.01 0.00 91.11 91.30 90.04 
0 0 0 36.94 0.00000000 0.00000000 0.00 0.00 0.00 0.05 0.07 0.76 -0.00 -0.02 0.00 90.91 91.17 90.04 
0 0 0 37.04 0.00000000 0.00000000 0.00 0.00 0.00 0.06 0.07 0.77 0.01 -0.02 0.01 91.03 91.16 90.05 
0 0 0 37.14 0.00000000 0.00000000 0.00 0.00 0.00 0.07 0.07 0.79 0.02 -0.01 0.00 91.12 91.19 90.04 
0 0 0 37.24 0.00000000 0.00000000 0.00 0.00 0.00 0.05 0.07 0.76 0.01 -0.01 0.00 90.91 91.24 90.03 
0 0 0 37.34 0.00000000 0.00000000 0.00 0.00 0.00 0.06 0.08 0.78 0.01 -0.02 0.00 90.98 91.43 90.05 
0 0 0 37.45 0.00000000 0.00000000 0.00 0.00 0.00 0.07 0.07 0.80 0.00 -0.02 0.01 91.19 91.19 90.06 
0 0 0 37.55 0.00000000 0.00000000 0.00 0.00 0.00 0.05 0.09 0.76 0.01 -0.01 0.00 90.88 91.50 90.04 
0 0 0 37.65 0.00000000 0.00000000 0.00 0.00 0.00 0.07 0.04 0.76 0.01 -0.02 0.00 91.13 90.73 90.05 
0 0 0 37.75 0.00000000 0.00000000 0.00 0.00 0.00 0.04 0.07 0.74 0.01 -0.00 0.01 90.74 91.21 90.05 
0 0 0 37.85 0.00000000 0.00000000 0.00 0.00 0.00 0.06 0.06 0.75 0.01 -0.02 0.01 90.94 91.01 90.05 
0 0 0 37.95 0.00000000 0.00000000 0.00 0.00 0.00 0.06 0.07 0.79 0.01 -0.02 0.01 91.04 91.11 90.06 
0 0 0 38.05 0.00000000 0.00000000 0.00 0.00 0.00 0.07 0.06 0.81 0.01 -0.02 0.00 91.24 91.04 90.05 
0 0 0 38.15 0.00000000 0.00000000 0.00 0.00 0.00 0.07 0.08 0.82 0.01 -0.00 0.00 91.13 91.39 90.03 
0 0 0 38.25 0.00000000 0.00000000 0.00 0.00 0.00 0.06 0.08 0.83 0.00 0.00 0.00 91.03 91.28 90.04 
0 0 0 38.35 0.00000000 0.00000000 0.00 0.00 0.00 0.06 0.06 0.78 0.00 -0.02 0.01 91.04 91.04 90.05 
0 0 0 38.45 0.00000000 0.00000000 0.00 0.00 0.00 0.07 0.09 0.82 0.03 0.00 0.00 91.12 91.45 90.05 
0 0 0 38.55 0.00000000 0.00000000 0.00 0.00 0.00 0.07 0.08 0.80 0.02 -0.00 0.00 91.11 91.31 90.04 
0 0 0 38.65 0.00000000 0.00000000 0.00 0.00 0.00 0.06 0.07 0.80 0.01 -0.02 0.00 91.10 91.22 90.04 
0 0 0 38.75 0.00000000 0.00000000 0.00 0.00 0.00 0.07 0.08 0.83 0.02 -0.00 0.01 91.18 91.37 90.06 
0 0 0 38.86 0.00000000 0.00000000 0.00 0.00 0.00 0.06 0.08 0.81 0.00 -0.02 0.00 91.11 91.37 90.06 
0 0 0 38.96 0.00000000 0.00000000 0.00 0.00 0.00 0.05 0.06 0.75 -0.01 -0.03 0.00 90.91 90.97 90.04 
0 0 0 39.06 0.00000000 0.00000000 0.00 0.00 0.00 0.05 0.05 0.73 0.01 -0.03 0.00 90.83 90.89 90.05 
0 0 0 39.16 0.00000000 0.00000000 0.00 0.00 0.00 0.09 0.09 0.89 0.03 0.01 0.00 91.58 91.58 90.03 
0 0 0 39.26 0.00000000 0.00000000 0.00 0.00 0.00 0.06 0.06 0.78 0.01 -0.01 0.00 91.10 91.10 90.03 
0 0 0 39.36 0.00000000 0.00000000 0.00 0.00 0.00 0.05 0.06 0.74 0.00 -0.03 0.01 90.78 91.04 90.05 
0 0 0 39.46 0.00000000 0.00000000 0.00 0.00 0.00 0.04 0.11 0.79 0.01 -0.02 0.08 90.76 91.95 90.79 
0 0 0 39.56 0.00000000 0.00000000 0.00 0.00 0.00 0.04 0.04 0.69 0.01 0.02 0.03 90.60 90.67 90.34 
0 0 0 39.66 0.00000000 0.00000000 0.00 0.00 0.00 0.09 0.06 0.90 -0.10 0.04 -0.03 91.50 90.99 89.72 
0 0 0 39.77 0.00000000 0.00000000 0.00 0.00 0.00 0.16 0.12 1.16 -0.19 -0.39 -0.02 92.69 92.02 89.84 
0 0 0 39.87 0.00000000 0.00000000 0.00 0.00 0.00 0.14 0.05 1.11 -0.12 -0.05 -0.07 92.31 90.88 89.28 
0 0 0 39.97 0.00000000 0.00000000 0.00 0.00 0.00 0.08 0.14 1.01 0.00 -0.02 -0.12 91.29 92.37 88.83 
0 0 0 40.07 0.00000000 0.00000000 0.00 0.00 0.00 0.00 0.03 0.72 -0.09 -0.04 -0.04 90.06 90.57 89.58 
0 0 0 40.17 0.00000000 0.00000000 0.00 0.00 0.00 -0.00 0.06 0.77 -0.46 -0.00 -0.13 89.94 91.04 88.73 
0 0 0 40.27 0.00000000 0.00000000 0.00 0.00 0.00 -0.07 0.08 0.81 -0.49 0.01 -0.18 88.73 91.34 88.21 
0 0 0 40.37 0.00000000 0.00000000 0.00 0.00 0.00 -0.04 0.08 0.99 -0.40 0.03 -0.32 89.28 91.31 86.79 
0 0 0 40.47 0.00000000 0.00000000 0.00 0.00 0.00 -0.21 0.08 0.63 -0.46 0.06 -0.42 86.41 91.39 85.79 
0 0 0 40.57 0.00000000 0.00000000 0.00 0.00 0.00 -0.20 0.09 0.76 -0.43 0.09 -0.53 85.51 90.58 84.70 
0 0 0 40.67 0.00000000 0.00000000 0.00 0.00 0.00 -0.26 0.08 0.66 -0.45 0.11 -0.48 85.60 91.30 85.19 
0 0 0 40.77 0.00000000 0.00000000 0.00 0.00 0.00 -0.25 0.08 0.74 -0.35 0.13 -0.46 85.72 91.36 85.35 
0 0 0 40.87 0.00000000 0.00000000 0.00 0.00 0.00 -0.35 -0.00 0.30 -0.05 0.03 -0.55 84.12 89.93 84.48 
0 0 0 40.97 0.00000000 0.00000000 0.00 0.00 0.00 -0.31 0.04 0.33 0.14 0.35 -0.62 84.80 90.71 83.83 
0 0 0 41.07 0.00000000 0.00000000 0.00 0.00 0.00 -0.25 0.25 0.94 0.18 0.10 -0.62 85.69 94.18 83.83 
0 0 0 41.17 0.00000000 0.00000000 0.00 0.00 0.00 -0.25 0.16 0.63 0.03 0.23 -0.53 85.78 92.69 84.69 
0 0 0 41.28 0.00000000 0.00000000 0.00 0.00 0.00 -0.26 0.20 0.72 -0.08 0.32 -0.59 85.55 93.47 84.09 
0 0 0 41.38 0.00000000 0.00000000 0.00 0.00 0.00 -0.22 0.09 -0.06 0.29 0.15 -0.41 86.18 91.47 85.89 
0 0 0 41.48 0.00000000 0.00000000 0.00 0.00 0.00 -0.26 0.05 -0.43 0.52 -0.41 -0.35 85.60 90.92 86.50 
0 0 0 41.58 0.00000000 0.00000000 0.00 0.00 0.00 -0.24 0.07 -0.03 0.09 -0.12 -0.36 85.98 91.19 86.44 
0 0 0 41.68 0.00000000 0.00000000 0.00 0.00 0.00 -0.23 0.04 -0.15 0.02 -0.40 -0.40 86.13 90.63 85.97 
0 0 0 41.78 0.00000000 0.00000000 0.00 0.00 0.00 -0.24 0.03 -0.03 0.48 -0.11 -0.42 85.95 90.54 85.80 
0 0 0 41.88 0.00000000 0.00000000 0.00 0.00 0.00 -0.08 -0.21 -1.29 0.58 -1.02 -0.24 88.62 86.42 87.56 
0 0 0 41.98 0.00000000 0.00000000 0.00 0.00 0.00 -0.04 -0.09 0.30 0.39 -0.57 -0.15 89.24 88.48 88.54 
0 0 0 42.08 0.00000000 0.00000000 0.00 0.00 0.00 -0.06 -0.23 -0.50 0.09 -0.10 -0.27 88.95 86.06 87.27 
0 0 0 42.18 0.00000000 0.00000000 0.00 0.00 0.00 -0.14 -0.06 0.23 -0.19 -0.28 -0.53 87.67 89.03 84.68 
0 0 0 42.28 0.00000000 0.00000000 0.00 0.00 0.00 -0.24 -0.25 -0.31 -0.52 -0.49 -0.84 85.90 85.83 81.56 
0 0 0 42.38 0.00000000 0.00000000 0.00 0.00 0.00 -0.20 -0.42 -0.94 -0.45 0.05 -1.15 86.56 82.83 78.49 
0 0 0 42.48 0.00000000 0.00000000 0.00 0.00 0.00 -0.16 -0.24 -0.54 -0.15 0.53 -1.44 87.29 86.00 75.63 
0 0 0 42.59 0.00000000 0.00000000 0.00 0.00 0.00 -0.14 -0.17 -0.56 0.13 0.03 -1.34 87.59 87.08 76.58 
0 0 0 42.69 0.00000000 0.00000000 0.00 0.00 0.00 -0.02 -0.14 -0.89 0.08 -0.15 -1.66 89.60 87.59 73.36 
0 0 0 42.79 0.00000000 0.00000000 0.00 0.00 0.00 0.16 -0.02 -1.89 -0.37 0.27 -1.00 92.74 89.73 79.98 
0 0 0 42.89 0.00000000 0.00000000 0.00 0.00 0.00 0.08 -0.08 -2.49 -0.08 0.06 0.27 91.31 88.69 92.75 
0 0 0 42.99 0.00000000 0.00000000 0.00 0.00 0.00 0.06 -0.19 -2.07 0.12 0.13 1.22 90.61 88.18 101.49 
0 0 0 43.09 0.00000000 0.00000000 0.00 0.00 0.00 0.04 -0.09 -2.04 0.00 0.56 1.60 90.28 87.12 105.84 
0 0 0 43.19 0.00000000 0.00000000 0.00 0.00 0.00 -0.09 -0.07 -1.03 -0.17 0.51 1.54 88.45 88.83 105.38 
0 0 0 43.29 0.00000000 0.00000000 0.00 0.00 0.00 -0.19 -0.09 -0.86 -0.20 0.45 1.10 86.73 88.47 100.99 
0 0 0 43.39 0.00000000 0.00000000 0.00 0.00 0.00 -0.16 0.02 -0.55 -0.20 0.33 0.55 87.23 90.36 95.52 
0 0 0 43.49 0.00000000 0.00000000 0.00 0.00 0.00 -0.18 -0.10 -1.11 0.19 -0.10 -0.16 86.93 88.22 88.35 
0 0 0 43.59 0.00000000 0.00000000 0.00 0.00 0.00 -0.25 0.00 -0.55 0.56 -0.08 -1.35 85.67 90.00 76.46 
0 0 0 43.69 0.00000000 0.00000000 0.00 0.00 0.00 -0.19 -0.05 -0.81 0.72 -0.93 -2.28 86.71 89.08 67.20 
0 0 0 43.79 0.00000000 0.00000000 0.00 0.00 0.00 0.20 0.07 -3.83 -0.23 -0.04 -1.15 93.46 91.19 78.47 
0 0 0 43.89 0.00000000 0.00000000 0.00 0.00 0.00 0.86 0.22 -3.61 -0.40 0.03 1.59 104.61 93.81 105.95 
0 0 0 43.99 0.00000000 0.00000000 0.00 0.00 0.00 -0.19 -0.36 -1.31 0.01 0.46 2.12 86.81 83.93 111.21 
0 0 0 44.09 0.00000000 0.00000000 0.00 0.00 0.00 -0.26 -0.11 -0.67 0.35 -0.22 -0.60 85.57 88.19 83.98 
0 0 0 44.20 0.00000000 0.00000000 0.00 0.00 0.00 0.10 0.08 -4.79 0.07 0.17 -0.61 91.68 91.41 83.92 
0 0 0 44.30 0.00000000 0.00000000 0.00 0.00 0.00 -0.02 -0.10 -1.23 0.12 -0.03 0.02 89.62 88.37 90.20 
0 0 0 44.40 0.00000000 0.00000000 0.00 0.00 0.00 -0.07 -0.08 -0.98 0.12 -0.03 -0.63 88.82 88.65 83.72 
0 0 0 44.50 0.00000000 0.00000000 0.00 0.00 0.00 0.07 0.00 -1.53 -0.15 0.00 -0.70 91.14 90.00 83.00 
0 0 0 44.60 0.00000000 0.00000000 0.00 0.00 0.00 -0.03 -0.02 -1.13 -0.35 -0.06 0.89 92.75 91.03 97.54 
0 0 0 44.70 0.00000000 0.00000000 0.00 0.00 0.00 -0.13 -0.17 -1.15 0.17 0.26 0.87 87.84 87.11 98.73 
0 0 0 44.80 0.00000000 0.00000000 0.00 0.00 0.00 -0.09 -0.21 -1.23 0.25 -0.12 -0.97 88.48 86.44 80.25 
0 0 0 44.90 0.00000000 0.00000000 0.00 0.00 0.00 0.02 0.16 0.21 -0.23 0.27 -0.37 90.34 92.67 86.28 
0 0 0 45.00 0.00000000 0.00000000 0.00 0.00 0.00 0.01 0.00 -1.40 -0.09 -0.17 0.98 90.12 90.06 99.81 
0 0 0 45.10 0.00000000 0.00000000 0.00 0.00 0.00 -0.09 -0.15 -1.25 0.38 -0.21 -0.21 88.51 87.45 87.87 
0 0 0 45.20 0.00000000 0.00000000 0.00 0.00 0.00 0.07 0.03 -1.00 0.38 -0.08 -0.34 91.19 90.53 86.56 
0 0 0 45.30 0.00000000 0.00000000 0.00 0.00 0.00 0.00 0.01 -0.68 1.16 -0.14 0.43 90.00 90.19 94.32 
0 0 0 45.40 0.00000000 0.00000000 0.00 0.00 0.00 0.19 -0.02 -0.79 1.27 0.24 0.34 93.25 89.61 93.42 
0 0 0 45.51 0.00000000 0.00000000 0.00 0.00 0.00 0.28 -0.04 -0.71 1.03 0.17 0.16 96.12 88.47 91.60 
0 0 0 45.61 0.00000000 0.00000000 0.00 0.00 0.00 0.44 -0.00 -0.74 0.54 0.30 0.07 97.46 89.93 90.68 
0 0 0 45.71 0.00000000 0.00000000 0.00 0.00 0.00 0.49 0.02 -0.76 0.04 0.21 -0.08 98.39 90.42 89.24 
0 0 0 45.81 0.00000000 0.00000000 0.00 0.00 0.00 0.37 0.04 -0.57 -0.08 -0.15 0.01 96.22 90.72 90.07 
0 0 0 45.91 0.00000000 0.00000000 0.00 0.00 0.00 0.41 0.02 -0.62 0.45 -0.21 0.11 96.95 90.26 91.12 
0 0 0 46.02 0.00000000 0.00000000 0.00 0.00 0.00 0.46 -0.10 -1.11 0.32 0.03 0.09 97.88 88.32 90.88 
0 0 0 46.12 0.00000000 0.00000000 0.00 0.00 0.00 0.34 -0.05 -0.71 -1.31 0.48 -0.31 95.76 89.15 86.90 
0 0 0 46.22 0.00000000 0.00000000 0.00 0.00 0.00 0.12 0.04 -0.61 -2.09 0.33 -0.73 92.10 90.61 82.74 
0 0 0 46.32 0.00000000 0.00000000 0.00 0.00 0.00 0.05 0.21 -0.68 -1.22 0.21 -0.59 90.30 93.54 83.43 
0 0 0 46.42 0.00000000 0.00000000 0.00 0.00 0.00 0.04 0.16 -1.31 0.20 -0.40 0.10 90.70 92.71 90.96 
0 0 0 46.53 0.00000000 0.00000000 0.00 0.00 0.00 0.01 0.06 -1.10 0.55 -1.46 0.24 90.18 91.04 92.39 
0 0 0 46.63 0.00000000 0.00000000 0.00 0.00 0.00 0.11 -0.10 -0.88 0.17 -1.99 0.07 91.93 88.22 90.70 
0 0 0 46.73 0.00000000 0.00000000 0.00 0.00 0.00 0.11 -0.27 -1.07 -0.02 -1.83 0.18 91.84 85.34 91.79 
0 0 0 46.83 0.00000000 0.00000000 0.00 0.00 0.00 0.06 -0.56 -0.94 0.21 -1.39 0.19 91.08 80.43 91.94 
0 0 0 46.93 0.00000000 0.00000000 0.00 0.00 0.00 0.08 -0.70 -1.06 0.26 -1.07 0.08 91.31 78.03 90.79 
0 0 0 47.03 0.00000000 0.00000000 0.00 0.00 0.00 0.17 -0.80 -1.08 0.15 -0.65 0.05 92.82 76.40 90.54 
0 0 0 47.13 0.00000000 0.00000000 0.00 0.00 0.00 0.14 -0.85 -0.99 -0.00 -0.02 0.03 92.37 75.48 90.32 
0 0 0 47.23 0.00000000 0.00000000 0.00 0.00 0.00 0.12 -0.72 -0.30 -0.02 0.03 0.01 92.02 77.83 90.08 
0 0 0 47.33 0.00000000 0.00000000 0.00 0.00 0.00 0.18 -0.90 -1.38 -0.03 0.21 0.01 93.13 74.78 90.08 
0 0 0 47.44 0.00000000 0.00000000 0.00 0.00 0.00 0.12 -0.84 -1.24 -0.54 2.70 -0.17 92.65 74.51 88.63 
0 0 0 47.54 0.00000000 0.00000000 0.00 0.00 0.00 -0.00 -0.11 0.31 -0.54 2.44 -0.28 89.93 88.10 87.24 
0 0 0 47.64 0.00000000 0.00000000 0.00 0.00 0.00 0.02 0.10 0.53 -0.06 2.44 -0.04 90.27 91.75 89.58 
0 0 0 47.74 0.00000000 0.00000000 0.00 0.00 0.00 0.06 0.17 -1.10 0.46 1.19 0.18 90.95 92.94 91.76 
0 0 0 47.84 0.00000000 0.00000000 0.00 0.00 0.00 0.11 0.22 -1.30 0.23 0.77 0.15 91.79 93.75 91.45 
0 0 0 47.94 0.00000000 0.00000000 0.00 0.00 0.00 0.10 0.29 -1.23 -0.01 0.16 -0.01 91.86 94.90 89.96 
0 0 0 48.04 0.00000000 0.00000000 0.00 0.00 0.00 0.08 0.29 -1.24 -0.03 0.22 -0.01 91.39 94.87 89.87 
0 0 0 48.14 0.00000000 0.00000000 0.00 0.00 0.00 0.08 0.31 -1.24 0.02 0.18 0.02 91.30 95.21 90.25 
0 0 0 48.24 0.00000000 0.00000000 0.00 0.00 0.00 0.10 0.33 -1.30 0.02 -0.05 -0.00 91.69 95.55 89.99 
0 0 0 48.34 0.00000000 0.00000000 0.00 0.00 0.00 0.10 0.30 -1.37 -0.10 -0.40 0.03 91.78 95.16 90.25 
0 0 0 48.45 0.00000000 0.00000000 0.00 0.00 0.00 0.08 0.25 -1.06 0.11 -2.11 0.05 91.40 94.32 90.46 
0 0 0 48.55 0.00000000 0.00000000 0.00 0.00 0.00 0.13 0.02 -1.34 0.13 -2.28 0.19 92.16 90.33 91.91 
0 0 0 48.65 0.00000000 0.00000000 0.00 0.00 0.00 0.12 -0.29 -1.13 0.11 -2.00 0.15 92.11 85.15 91.47 
0 0 0 48.75 0.00000000 0.00000000 0.00 0.00 0.00 0.13 -0.50 -0.57 0.09 -1.98 0.09 92.47 81.83 90.82 
0 0 0 48.85 0.00000000 0.00000000 0.00 0.00 0.00 0.13 -0.63 -0.66 0.19 -1.38 0.15 92.15 79.23 91.49 
0 0 0 48.95 0.00000000 0.00000000 0.00 0.00 0.00 0.20 -0.81 -0.54 0.26 -1.28 0.21 93.34 76.30 92.15 
0 0 0 49.05 0.00000000 0.00000000 0.00 0.00 0.00 0.26 -0.95 -1.21 0.19 -0.99 0.22 94.49 73.80 92.15 
0 0 0 49.15 0.00000000 0.00000000 0.00 0.00 0.00 0.29 -1.07 -1.18 0.05 -0.60 0.17 94.87 71.75 91.74 
0 0 0 49.25 0.00000000 0.00000000 0.00 0.00 0.00 0.15 -1.08 -0.67 0.03 -0.40 0.12 92.56 71.64 91.18 
0 0 0 49.39 0.00000000 0.00000000 0.00 0.00 0.00 0.17 -1.10 -0.58 0.00 -0.13 0.06 92.86 71.37 90.63 
0 0 0 49.52 0.00000000 0.00000000 0.00 0.00 0.00 0.10 -1.09 -0.39 -0.01 -0.13 0.03 91.64 71.42 90.28 
0 0 0 49.65 0.00000000 0.00000000 0.00 0.00 0.00 0.17 -1.26 -1.21 -0.07 0.28 0.00 92.81 68.52 90.03 
0 0 0 49.79 0.00000000 0.00000000 0.00 0.00 0.00 0.17 -1.04 -0.95 -0.16 1.30 -0.18 92.92 72.36 88.18 
0 0 0 49.89 0.00000000 0.00000000 0.00 0.00 0.00 0.07 -0.83 -0.26 -0.46 2.25 -0.23 91.12 75.92 87.66 
0 0 0 49.99 0.00000000 0.00000000 0.00 0.00 0.00 0.06 -0.54 -0.64 -0.38 2.34 -0.26 91.10 80.89 87.38 
0 0 0 50.09 0.00000000 0.00000000 0.00 0.00 0.00 0.14 -0.25 0.49 -0.11 2.03 -0.18 92.43 85.69 88.25 
0 0 0 50.19 0.00000000 0.00000000 0.00 0.00 0.00 0.07 -0.06 -0.72 -0.00 1.53 -0.12 91.19 89.00 88.83 
0 0 0 50.29 0.00000000 0.00000000 0.00 0.00 0.00 0.05 0.06 -0.61 0.04 1.30 0.03 90.89 90.95 90.32 
0 0 0 50.39 0.00000000 0.00000000 0.00 0.00 0.00 0.04 0.16 -1.10 0.00 0.94 0.07 90.86 92.45 90.85 
0 0 0 50.50 0.00000000 0.00000000 0.00 0.00 0.00 0.06 0.23 -1.37 -0.03 0.77 0.05 90.90 93.75 90.43 
0 0 0 50.60 0.00000000 0.00000000 0.00 0.00 0.00 0.07 0.30 -1.35 -0.12 0.71 0.04 91.15 95.09 90.36 
0 0 0 50.70 0.00000000 0.00000000 0.00 0.00 0.00 0.02 0.38 -1.30 -0.05 0.45 -0.01 90.39 96.40 89.89 
0 0 0 50.80 0.00000000 0.00000000 0.00 0.00 0.00 0.04 0.35 -1.47 0.05 -0.05 0.03 90.65 95.97 90.35 
0 0 0 50.90 0.00000000 0.00000000 0.00 0.00 0.00 0.03 0.34 -1.37 0.17 -0.28 0.11 90.59 95.74 91.13 
0 0 0 51.00 0.00000000 0.00000000 0.00 0.00 0.00 0.04 0.28 -1.42 0.39 -0.96 0.10 90.69 94.78 90.95 
0 0 0 51.11 0.00000000 0.00000000 0.00 0.00 0.00 0.13 0.22 -1.15 0.51 -2.00 0.10 92.29 93.80 91.00 
0 0 0 51.21 0.00000000 0.00000000 0.00 0.00 0.00 0.23 0.00 -1.66 0.18 -2.83 0.25 93.84 90.07 92.53 
0 0 0 51.31 0.00000000 0.00000000 0.00 0.00 0.00 0.10 -0.38 -0.83 -0.00 -2.46 0.46 91.72 83.61 94.57 
0 0 0 51.41 0.00000000 0.00000000 0.00 0.00 0.00 0.13 -0.67 -0.65 0.23 -1.88 0.29 91.89 78.52 93.39 
0 0 0 51.51 0.00000000 0.00000000 0.00 0.00 0.00 0.45 -1.10 -2.03 0.36 -0.57 0.16 97.57 71.36 91.63 
0 0 0 51.61 0.00000000 0.00000000 0.00 0.00 0.00 0.30 -0.89 -1.72 -0.20 1.31 0.08 95.03 74.88 90.81 
0 0 0 51.71 0.00000000 0.00000000 0.00 0.00 0.00 0.17 -0.50 0.20 -0.40 2.13 -0.29 92.82 81.53 87.15 
0 0 0 51.81 0.00000000 0.00000000 0.00 0.00 0.00 0.18 -0.28 -0.98 -0.16 1.99 -0.62 93.12 85.28 83.82 
0 0 0 51.91 0.00000000 0.00000000 0.00 0.00 0.00 0.10 -0.08 -0.13 -0.01 1.21 -0.65 91.62 88.67 83.49 
0 0 0 52.01 0.00000000 0.00000000 0.00 0.00 0.00 0.13 -0.07 -1.53 -0.31 0.31 -0.58 92.23 88.76 84.19 
0 0 0 52.11 0.00000000 0.00000000 0.00 0.00 0.00 0.09 -0.09 -1.64 -0.51 0.36 -0.59 91.61 88.46 84.07 
0 0 0 52.21 0.00000000 0.00000000 0.00 0.00 0.00 -0.03 0.06 -1.47 -0.33 0.40 -0.41 89.50 91.07 85.95 
0 0 0 52.31 0.00000000 0.00000000 0.00 0.00 0.00 -0.07 0.09 -1.76 -0.41 -0.26 -0.42 88.77 91.52 85.82 
0 0 0 52.41 0.00000000 0.00000000 0.00 0.00 0.00 1.54 0.50 -3.15 0.23 -1.19 -0.21 116.19 98.56 87.88 
0 0 0 52.52 0.00000000 0.00000000 0.00 0.00 0.00 0.12 0.05 -2.69 0.24 -0.38 0.25 92.02 90.78 92.47 
0 0 0 52.62 0.00000000 0.00000000 0.00 0.00 0.00 -0.55 0.41 -0.04 0.44 1.47 0.40 80.66 96.92 93.95 
0 0 0 52.72 0.00000000 0.00000000 0.00 0.00 0.00 -0.28 -0.05 -1.12 0.09 0.32 0.27 85.30 89.21 92.74 
0 0 0 52.82 0.00000000 0.00000000 0.00 0.00 0.00 0.07 0.25 -1.64 -0.01 0.06 0.13 91.14 94.21 91.31 
0 0 0 52.92 0.00000000 0.00000000 0.00 0.00 0.00 0.05 0.09 -1.81 -0.03 0.06 0.00 90.86 91.58 90.02 
0 0 0 53.02 0.00000000 0.00000000 0.00 0.00 0.00 0.00 0.05 -1.66 0.04 0.03 0.00 90.77 90.18 89.99 
0 0 0 53.12 0.00000000 0.00000000 0.00 0.00 0.00 0.08 0.08 -1.99 0.02 -0.02 0.01 91.33 91.33 90.05 
0 0 0 53.22 0.00000000 0.00000000 0.00 0.00 0.00 0.06 0.07 -1.86 0.03 -0.04 0.01 90.96 91.15 90.05 
0 0 0 53.32 0.00000000 0.00000000 0.00 0.00 0.00 0.08 0.08 -1.97 0.03 -0.04 0.01 91.41 91.34 90.07 
0 0 0 53.43 0.00000000 0.00000000 0.00 0.00 0.00 0.07 0.07 -1.92 0.02 -0.01 0.00 91.11 91.17 90.01 
0 0 0 53.53 0.00000000 0.00000000 0.00 0.00 0.00 0.07 0.07 -1.92 0.02 -0.01 0.00 91.11 91.17 90.04 
0 0 0 53.63 0.00000000 0.00000000 0.00 0.00 0.00 0.06 0.08 -1.89 0.00 -0.01 0.01 91.04 91.29 90.07 
0 0 0 53.73 0.00000000 0.00000000 0.00 0.00 0.00 0.05 0.08 -1.89 0.00 -0.01 0.00 90.91 91.30 90.04 
0 0 0 53.83 0.00000000 0.00000000 0.00 0.00 0.00 0.06 0.08 -1.87 0.02 -0.01 0.00 90.98 91.30 90.04 
0 0 0 53.93 0.00000000 0.00000000 0.00 0.00 0.00 0.06 0.07 -1.92 0.02 -0.01 0.01 90.98 91.24 90.06 
0 0 0 54.03 0.00000000 0.00000000 0.00 0.00 0.00 0.07 0.05 -1.92 0.02 -0.03 0.01 91.17 90.84 90.07 
0 0 0 54.13 0.00000000 0.00000000 0.00 0.00 0.00 0.06 0.06 -1.87 0.01 -0.03 0.01 91.06 91.05 90.06 
0 0 0 54.23 0.00000000 0.00000000 0.00 0.00 0.00 0.05 0.08 -1.86 0.01 -0.01 0.00 90.90 91.41 90.04 
0 0 0 54.33 0.00000000 0.00000000 0.00 0.00 0.00 0.05 0.08 -1.79 0.01 -0.01 0.01 90.83 91.34 90.05 
0 0 0 54.43 0.00000000 0.00000000 0.00 0.00 0.00 0.03 0.09 -1.73 0.01 -0.00 0.00 90.51 91.60 90.02 
0 0 0 54.53 0.00000000 0.00000000 0.00 0.00 0.00 0.06 0.07 -1.89 0.02 -0.02 0.01 91.10 91.23 90.06 
0 0 0 54.63 0.00000000 0.00000000 0.00 0.00 0.00 0.06 0.07 -1.88 0.02 -0.02 0.01 91.12 91.18 90.05 
0 0 0 54.73 0.00000000 0.00000000 0.00 0.00 0.00 0.06 0.08 -1.90 0.02 -0.02 0.01 91.10 91.16 90.03 
0 0 0 54.83 0.00000000 0.00000000 0.00 0.00 0.00 0.06 0.08 -1.88 0.02 -0.02 0.00 91.05 91.31 90.04 
0 0 0 54.94 0.00000000 0.00000000 0.00 0.00 0.00 0.07 0.07 -1.89 0.01 -0.01 0.00 91.05 91.05 90.04 
0 0 0 55.04 0.00000000 0.00000000 0.00 0.00 0.00 0.06 0.08 -1.89 0.01 -0.01 0.00 91.04 91.30 90.02 
0 0 0 55.14 0.00000000 0.00000000 0.00 0.00 0.00 0.06 0.07 -1.88 0.01 -0.01 0.01 91.05 91.25 90.05 
0 0 0 55.24 0.00000000 0.00000000 0.00 0.00 0.00 0.06 0.07 -1.89 0.01 -0.02 0.00 91.10 91.16 90.04 
0 0 0 55.34 0.00000000 0.00000000 0.00 0.00 0.00 0.07 0.07 -1.90 0.01 -0.01 0.01 91.17 91.23 90.05 
0 0 0 55.45 0.00000000 0.00000000 0.00 0.00 0.00 0.05 0.07 -1.87 0.02 -0.01 0.00 90.92 91.24 90.04 
0 0 0 55.55 0.00000000 0.00000000 0.00 0.00 0.00 0.07 0.07 -1.89 0.01 -0.00 0.00 91.14 91.20 90.03 
0 0 0 55.65 0.00000000 0.00000000 0.00 0.00 0.00 0.07 0.08 -1.92 0.01 -0.02 0.01 91.18 91.37 90.07 
0 0 0 55.75 0.00000000 0.00000000 0.00 0.00 0.00 0.06 0.07 -1.89 0.01 -0.02 0.00 91.05 91.11 90.04 
0 0 0 55.85 0.00000000 0.00000000 0.00 0.00 0.00 0.06 0.06 -1.88 0.01 -0.01 0.01 91.04 91.04 90.05 
0 0 0 55.95 0.00000000 0.00000000 0.00 0.00 0.00 0.08 0.08 -1.95 0.02 -0.02 0.01 91.34 91.28 90.06 
0 0 0 56.05 0.00000000 0.00000000 0.00 0.00 0.00 0.06 0.07 -1.88 0.02 -0.01 0.00 91.03 91.22 90.03 
0 0 0 56.15 0.00000000 0.00000000 0.00 0.00 0.00 0.07 0.08 -1.91 0.01 -0.00 0.00 91.11 91.31 90.05 
0 0 0 56.26 0.00000000 0.00000000 0.00 0.00 0.00 0.06 0.08 -1.88 0.01 -0.01 0.00 91.07 91.46 90.05 
0 0 0 56.36 0.00000000 0.00000000 0.00 0.00 0.00 0.06 0.06 -1.86 0.02 -0.01 0.00 90.98 91.04 90.03 
0 0 0 56.46 0.00000000 0.00000000 0.00 0.00 0.00 0.06 0.08 -1.90 0.01 -0.00 0.00 91.10 91.37 90.04 
0 0 0 56.56 0.00000000 0.00000000 0.00 0.00 0.00 0.06 0.08 -1.90 0.02 -0.02 0.01 91.05 91.31 90.07 
0 0 0 56.66 0.00000000 0.00000000 0.00 0.00 0.00 0.06 0.06 -1.88 0.02 -0.01 0.00 91.03 91.09 90.05 
0 0 0 56.76 0.00000000 0.00000000 0.00 0.00 0.00 0.07 0.07 -1.90 0.01 -0.01 0.01 91.18 91.24 90.06 
0 0 0 56.86 0.00000000 0.00000000 0.00 0.00 0.00 0.07 0.06 -1.91 0.02 -0.01 0.01 91.24 91.04 90.06 
0 0 0 56.96 0.00000000 0.00000000 0.00 0.00 0.00 0.06 0.07 -1.87 0.01 -0.01 0.01 90.99 91.25 90.06 
0 0 0 57.06 0.00000000 0.00000000 0.00 0.00 0.00 0.06 0.07 -1.90 0.02 -0.02 0.01 91.14 91.20 90.06 
0 0 0 57.16 0.00000000 0.00000000 0.00 0.00 0.00 0.07 0.07 -1.93 0.01 -0.01 0.00 91.23 91.23 90.02 
0 0 0 57.26 0.00000000 0.00000000 0.00 0.00 0.00 0.07 0.06 -1.90 0.02 -0.01 0.00 91.18 90.98 90.04 
0 0 0 57.36 0.00000000 0.00000000 0.00 0.00 0.00 0.07 0.08 -1.89 0.02 -0.01 0.00 91.18 91.31 90.03 
0 0 0 57.46 0.00000000 0.00000000 0.00 0.00 0.00 0.07 0.07 -1.88 0.01 -0.01 0.00 91.11 91.11 90.04 
0 0 0 57.56 0.00000000 0.00000000 0.00 0.00 0.00 0.07 0.08 -1.88 0.01 -0.00 0.01 91.13 91.32 90.05 
0 0 0 57.66 0.00000000 0.00000000 0.00 0.00 0.00 0.06 0.08 -1.87 0.01 -0.00 0.00 91.03 91.42 90.03 
0 0 0 57.77 0.00000000 0.00000000 0.00 0.00 0.00 0.05 0.06 -1.85 0.02 -0.02 0.00 90.90 91.03 90.04 
0 0 0 57.87 0.00000000 0.00000000 0.00 0.00 0.00 0.06 0.08 -1.88 0.01 -0.01 0.01 91.04 91.36 90.05 
0 0 0 57.97 0.00000000 0.00000000 0.00 0.00 0.00 0.07 0.08 -1.87 0.01 -0.01 0.00 91.12 91.44 90.04 
0 0 0 58.07 0.00000000 0.00000000 0.00 0.00 0.00 0.06 0.06 -1.88 0.01 -0.02 0.01 90.98 91.10 90.06 
0 0 0 58.17 0.00000000 0.00000000 0.00 0.00 0.00 0.06 0.07 -1.88 0.02 -0.01 0.01 91.04 91.16 90.05 
0 0 0 58.27 0.00000000 0.00000000 0.00 0.00 0.00 0.07 0.08 -1.89 0.01 0.00 0.00 91.13 91.39 90.04 
0 0 0 58.37 0.00000000 0.00000000 0.00 0.00 0.00 0.07 0.08 -1.90 0.02 -0.01 0.00 91.17 91.30 90.04 
0 0 0 58.47 0.00000000 0.00000000 0.00 0.00 0.00 0.06 0.07 -1.91 0.02 -0.02 0.00 91.10 91.16 90.04 
0 0 0 58.57 0.00000000 0.00000000 0.00 0.00 0.00 0.07 0.07 -1.92 0.01 -0.01 0.00 91.18 91.17 90.03 
0 0 0 58.67 0.00000000 0.00000000 0.00 0.00 0.00 0.06 0.07 -1.88 0.01 -0.01 0.00 91.04 91.17 90.03 
0 0 0 58.77 0.00000000 0.00000000 0.00 0.00 0.00 0.06 0.07 -1.91 0.02 -0.01 0.00 91.10 91.16 90.05 
0 0 0 58.87 0.00000000 0.00000000 0.00 0.00 0.00 0.06 0.07 -1.87 0.01 -0.01 0.01 91.07 91.20 90.05 
0 0 0 58.97 0.00000000 0.00000000 0.00 0.00 0.00 0.06 0.07 -1.88 0.01 0.00 0.00 91.06 91.25 90.04 
0 0 0 59.07 0.00000000 0.00000000 0.00 0.00 0.00 0.07 0.07 -1.90 0.02 -0.01 -0.00 91.12 91.18 89.99 
0 0 0 59.17 0.00000000 0.00000000 0.00 0.00 0.00 0.07 0.07 -1.90 0.01 -0.03 0.01 91.17 91.16 90.05 
0 0 0 59.28 0.00000000 0.00000000 0.00 0.00 0.00 0.06 0.08 -1.88 0.01 -0.00 0.00 91.04 91.30 90.03 
0 0 0 59.38 0.00000000 0.00000000 0.00 0.00 0.00 0.07 0.08 -1.89 0.01 0.00 0.00 91.11 91.43 90.03 
0 0 0 59.48 0.00000000 0.00000000 0.00 0.00 0.00 0.07 0.07 -1.93 0.01 -0.02 0.00 91.23 91.16 90.05 
0 0 0 59.58 0.00000000 0.00000000 0.00 0.00 0.00 0.06 0.08 -1.89 0.01 -0.01 0.01 91.05 91.31 90.05 
0 0 0 59.68 0.00000000 0.00000000 0.00 0.00 0.00 0.06 0.08 -1.89 0.01 -0.01 0.01 91.10 91.42 90.05 
0 0 0 59.78 0.00000000 0.00000000 0.00 0.00 0.00 0.06 0.06 -1.89 0.01 -0.02 0.00 91.10 91.10 90.04 
0 0 0 59.88 0.00000000 0.00000000 0.00 0.00 0.00 0.06 0.07 -1.86 0.01 -0.02 0.00 91.04 91.17 90.04 
0 0 0 59.98 0.00000000 0.00000000 0.00 0.00 0.00 0.06 0.08 -1.87 0.01 -0.01 0.00 91.08 91.34 90.04 
0 0 0 60.08 0.00000000 0.00000000 0.00 0.00 0.00 0.07 0.08 -1.90 0.01 -0.01 0.01 91.18 91.31 90.05 
0 0 0 60.18 0.00000000 0.00000000 0.00 0.00 0.00 0.05 0.07 -1.84 0.02 -0.02 0.01 90.91 91.11 90.06 
0 0 0 60.29 0.00000000 0.00000000 0.00 0.00 0.00 0.07 0.07 -1.92 0.01 -0.00 0.00 91.04 91.10 90.07 
0 0 0 60.39 0.00000000 0.00000000 0.00 0.00 0.00 0.06 0.11 -1.85 0.01 0.00 0.00 90.97 91.81 90.04 
0 0 0 60.49 0.00000000 0.00000000 0.00 0.00 0.00 0.05 0.06 -1.82 0.01 -0.02 0.00 90.77 91.03 90.04 
0 0 0 60.59 0.00000000 0.00000000 0.00 0.00 0.00 0.06 0.06 -1.87 0.01 -0.01 0.00 90.96 91.09 90.04 
0 0 0 60.69 0.00000000 0.00000000 0.00 0.00 0.00 0.08 0.07 -1.98 0.01 -0.00 0.00 91.29 91.22 90.05 
0 0 0 60.79 0.00000000 0.00000000 0.00 0.00 0.00 0.07 0.08 -1.92 0.02 -0.01 0.00 91.18 91.30 90.03 
0 0 0 60.89 0.00000000 0.00000000 0.00 0.00 0.00 0.06 0.06 -1.86 0.02 -0.02 0.00 91.09 91.09 90.04 
0 0 0 60.99 0.00000000 0.00000000 0.00 0.00 0.00 0.06 0.08 -1.86 0.02 -0.01 0.00 91.06 91.32 90.05 
0 0 0 61.09 0.00000000 0.00000000 0.00 0.00 0.00 0.06 0.08 -1.88 0.02 -0.01 0.00 90.98 91.30 90.05 
0 0 0 61.19 0.00000000 0.00000000 0.00 0.00 0.00 0.06 0.06 -1.88 0.01 -0.02 0.01 91.04 91.10 90.06 
0 0 0 61.29 0.00000000 0.00000000 0.00 0.00 0.00 0.07 0.08 -1.92 0.01 -0.02 0.00 91.23 91.36 90.04 
0 0 0 61.39 0.00000000 0.00000000 0.00 0.00 0.00 0.07 0.08 -1.88 0.01 -0.00 0.00 91.11 91.30 90.03 
0 0 0 61.49 0.00000000 0.00000000 0.00 0.00 0.00 0.07 0.06 -1.87 0.02 -0.01 0.00 91.16 91.09 90.03 
0 0 0 61.59 0.00000000 0.00000000 0.00 0.00 0.00 0.07 0.07 -1.91 0.02 -0.01 0.01 91.18 91.24 90.06 
0 0 0 61.70 0.00000000 0.00000000 0.00 0.00 0.00 0.07 0.08 -1.91 0.01 -0.00 0.01 91.17 91.30 90.06 
0 0 0 61.80 0.00000000 0.00000000 0.00 0.00 0.00 0.06 0.07 -1.91 0.02 -0.02 0.01 91.10 91.29 90.04 
0 0 0 61.90 0.00000000 0.00000000 0.00 0.00 0.00 0.06 0.08 -1.88 0.01 -0.01 0.00 91.04 91.30 90.04 
0 0 0 62.00 0.00000000 0.00000000 0.00 0.00 0.00 0.09 0.08 -1.98 0.01 -0.01 0.00 91.46 91.33 90.04 
0 0 0 62.10 0.00000000 0.00000000 0.00 0.00 0.00 0.07 0.08 -1.87 0.02 -0.00 0.00 91.12 91.38 90.03 
0 0 0 62.20 0.00000000 0.00000000 0.00 0.00 0.00 0.06 0.07 -1.88 0.02 -0.02 0.01 91.04 91.23 90.05 
0 0 0 62.30 0.00000000 0.00000000 0.00 0.00 0.00 0.06 0.08 -1.86 0.01 -0.01 0.01 90.98 91.37 90.06 
0 0 0 62.40 0.00000000 0.00000000 0.00 0.00 0.00 0.07 0.08 -1.89 0.00 -0.01 0.01 91.18 91.31 90.06 
0 0 0 62.50 0.00000000 0.00000000 0.00 0.00 0.00 0.06 0.07 -1.88 0.01 -0.01 0.00 91.04 91.23 90.04 
0 0 0 62.61 0.00000000 0.00000000 0.00 0.00 0.00 0.06 0.07 -1.88 0.02 -0.02 0.00 91.10 91.22 90.05 
0 0 0 62.71 0.00000000 0.00000000 0.00 0.00 0.00 0.07 0.08 -1.94 0.02 0.00 0.00 91.25 91.31 90.03 
0 0 0 62.81 0.00000000 0.00000000 0.00 0.00 0.00 0.07 0.07 -1.92 0.01 -0.00 0.00 91.25 91.25 90.03 
0 0 0 62.91 0.00000000 0.00000000 0.00 0.00 0.00 0.07 0.07 -1.92 0.01 -0.01 0.00 91.26 91.26 90.04 
0 0 0 63.01 0.00000000 0.00000000 0.00 0.00 0.00 0.07 0.08 -1.90 0.01 -0.01 0.00 91.12 91.38 90.04 
0 0 0 63.11 0.00000000 0.00000000 0.00 0.00 0.00 0.06 0.08 -1.88 0.01 -0.00 0.00 91.05 91.37 90.04 
0 0 0 63.21 0.00000000 0.00000000 0.00 0.00 0.00 0.06 0.07 -1.87 0.01 -0.01 0.00 91.06 91.19 90.05 
0 0 0 63.31 0.00000000 0.00000000 0.00 0.00 0.00 0.07 0.07 -1.90 0.02 -0.02 0.01 91.11 91.24 90.07 
0 0 0 63.41 0.00000000 0.00000000 0.00 0.00 0.00 0.06 0.07 -1.85 0.01 -0.00 0.01 90.97 91.23 90.07 
0 0 0 63.52 0.00000000 0.00000000 0.00 0.00 0.00 0.06 0.07 -1.86 0.02 -0.01 0.00 91.33 91.39 90.02 
0 0 0 63.62 0.00000000 0.00000000 0.00 0.00 0.00 0.07 0.07 -1.88 0.02 -0.02 0.01 91.11 91.17 90.05 
0 0 0 63.72 0.00000000 0.00000000 0.00 0.00 0.00 0.06 0.07 -1.87 0.02 -0.00 0.00 91.05 91.24 90.04 
0 0 0 63.82 0.00000000 0.00000000 0.00 0.00 0.00 0.06 0.06 -1.86 0.02 -0.01 0.00 91.10 91.03 90.04 
0 0 0 63.92 0.00000000 0.00000000 0.00 0.00 0.00 0.06 0.07 -1.85 0.01 -0.02 0.00 90.97 91.16 90.05 
0 0 0 64.02 0.00000000 0.00000000 0.00 0.00 0.00 0.06 0.08 -1.90 0.02 -0.01 0.00 90.98 91.23 90.06 
0 0 0 64.12 0.00000000 0.00000000 0.00 0.00 0.00 0.05 0.08 -1.80 0.02 0.00 0.00 90.77 91.41 90.04 
0 0 0 64.23 0.00000000 0.00000000 0.00 0.00 0.00 0.06 0.06 -1.89 0.01 -0.02 0.00 91.09 91.15 90.07 
0 0 0 64.33 0.00000000 0.00000000 0.00 0.00 0.00 0.05 0.08 -1.83 0.01 -0.01 0.00 90.87 91.33 90.03 
0 0 0 64.43 0.00000000 0.00000000 0.00 0.00 0.00 0.07 0.08 -1.89 0.01 -0.01 0.00 91.11 91.43 90.05 
0 0 0 64.54 0.00000000 0.00000000 0.00 0.00 0.00 0.06 0.07 -1.85 0.02 -0.01 0.00 91.11 91.23 90.03 
0 0 0 64.64 0.00000000 0.00000000 0.00 0.00 0.00 0.07 0.07 -1.89 0.01 -0.01 0.00 91.18 91.18 90.04 
0 0 0 64.74 0.00000000 0.00000000 0.00 0.00 0.00 0.06 0.09 -1.86 0.01 -0.00 0.01 90.99 91.51 90.06 
0 0 0 64.84 0.00000000 0.00000000 0.00 0.00 0.00 0.07 0.07 -1.87 0.02 -0.02 0.00 91.11 91.18 90.04 
0 0 0 64.94 0.00000000 0.00000000 0.00 0.00 0.00 0.06 0.07 -1.92 0.01 -0.02 0.01 91.09 91.22 90.05 
0 0 0 65.04 0.00000000 0.00000000 0.00 0.00 0.00 0.06 0.08 -1.86 0.01 -0.01 0.01 90.68 91.30 90.04 
0 0 0 65.14 0.00000000 0.00000000 0.00 0.00 0.00 0.07 0.07 -1.89 0.01 -0.01 0.01 91.11 91.23 90.05 
0 0 0 65.24 0.00000000 0.00000000 0.00 0.00 0.00 0.06 0.06 -1.86 0.02 -0.01 0.00 90.97 91.10 90.03 
0 0 0 65.34 0.00000000 0.00000000 0.00 0.00 0.00 0.07 0.08 -1.91 0.01 -0.01 0.01 91.18 91.24 90.05 
0 0 0 65.45 0.00000000 0.00000000 0.00 0.00 0.00 0.07 0.06 -1.90 0.01 -0.02 0.01 91.11 91.30 90.07 
0 0 0 65.55 0.00000000 0.00000000 0.00 0.00 0.00 0.07 0.07 -1.97 0.02 -0.01 0.00 91.03 91.29 90.03 
0 0 0 65.66 0.00000000 0.00000000 0.00 0.00 0.00 0.07 0.07 -1.89 0.01 -0.01 0.00 91.17 91.16 90.05 
0 0 0 65.76 0.00000000 0.00000000 0.00 0.00 0.00 0.06 0.08 -1.88 0.02 -0.01 0.01 91.10 91.29 90.06 
0 0 0 65.86 0.00000000 0.00000000 0.00 0.00 0.00 0.06 0.07 -1.84 0.01 -0.01 0.00 90.97 91.03 90.05 
0 0 0 65.99 0.00000000 0.00000000 0.00 0.00 0.00 0.06 0.08 -1.89 0.01 -0.01 0.00 91.05 91.31 90.04 
0 0 0 66.13 0.00000000 0.00000000 0.00 0.00 0.00 0.07 0.08 -1.92 0.01 -0.01 0.00 91.17 91.36 90.04 
0 0 0 66.26 0.00000000 0.00000000 0.00 0.00 0.00 0.07 0.08 -1.89 0.01 -0.00 0.00 91.12 91.38 90.03 
0 0 0 66.41 0.00000000 0.00000000 0.00 0.00 0.00 0.06 0.07 -1.88 0.01 -0.01 0.00 91.04 91.23 90.04 
0 0 0 66.52 0.00000000 0.00000000 0.00 0.00 0.00 0.07 0.08 -1.90 0.01 -0.01 0.00 91.11 91.31 90.05 
0 0 0 66.62 0.00000000 0.00000000 0.00 0.00 0.00 0.06 0.07 -1.90 0.02 -0.01 0.00 91.07 91.26 90.04 
0 0 0 66.73 0.00000000 0.00000000 0.00 0.00 0.00 0.06 0.07 -1.89 0.02 -0.01 0.01 91.11 91.37 90.03 
0 0 0 66.83 0.00000000 0.00000000 0.00 0.00 0.00 0.07 0.09 -1.87 0.01 -0.01 0.00 91.11 91.50 90.03 
0 0 0 66.93 0.00000000 0.00000000 0.00 0.00 0.00 0.06 0.08 -1.88 0.01 -0.01 0.00 91.12 91.19 90.03 
0 0 0 67.03 0.00000000 0.00000000 0.00 0.00 0.00 0.04 0.08 -1.78 0.01 -0.01 0.01 90.65 91.30 90.06 
0 0 0 67.14 0.00000000 0.00000000 0.00 0.00 0.00 0.07 0.08 -1.93 0.01 -0.00 0.00 91.13 91.20 90.05 
0 0 0 67.24 0.00000000 0.00000000 0.00 0.00 0.00 0.07 0.07 -1.88 0.01 -0.01 0.00 91.11 91.23 90.03 
0 0 0 67.34 0.00000000 0.00000000 0.00 0.00 0.00 0.07 0.07 -1.89 0.01 -0.01 0.01 91.17 91.23 90.07 
0 0 0 67.44 0.00000000 0.00000000 0.00 0.00 0.00 0.07 0.08 -1.88 0.02 -0.01 0.00 91.09 91.21 90.04 
0 0 0 67.55 0.00000000 0.00000000 0.00 0.00 0.00 0.06 0.08 -1.85 0.01 -0.01 0.00 91.18 91.24 90.03 
0 0 0 67.65 0.00000000 0.00000000 0.00 0.00 0.00 0.06 0.07 -1.87 0.01 -0.01 0.00 91.04 91.16 90.02 
0 0 0 67.75 0.00000000 0.00000000 0.00 0.00 0.00 0.06 0.07 -1.86 0.01 -0.01 0.00 91.05 91.18 90.03 
0 0 0 67.85 0.00000000 0.00000000 0.00 0.00 0.00 0.06 0.07 -1.84 0.01 -0.01 0.01 90.98 91.23 90.06 
0 0 0 67.95 0.00000000 0.00000000 0.00 0.00 0.00 0.06 0.07 -1.86 0.01 -0.01 0.01 91.04 91.23 90.06 
0 0 0 68.06 0.00000000 0.00000000 0.00 0.00 0.00 0.07 0.07 -1.88 0.02 -0.01 0.00 91.11 91.05 90.05 
0 0 0 68.16 0.00000000 0.00000000 0.00 0.00 0.00 0.07 0.08 -1.87 0.01 -0.01 0.00 91.11 91.31 90.05 
0 0 0 68.26 0.00000000 0.00000000 0.00 0.00 0.00 0.06 0.06 -1.89 0.01 -0.02 0.00 91.11 91.31 90.04 
0 0 0 68.36 0.00000000 0.00000000 0.00 0.00 0.00 0.07 0.07 -1.89 0.01 -0.01 0.00 91.11 91.23 90.05 
0 0 0 68.47 0.00000000 0.00000000 0.00 0.00 0.00 0.06 0.08 -1.88 0.01 -0.01 0.00 91.10 91.29 90.05 
0 0 0 68.57 0.00000000 0.00000000 0.00 0.00 0.00 0.06 0.07 -1.87 0.02 -0.01 0.01 91.04 91.24 90.05 
0 0 0 68.67 0.00000000 0.00000000 0.00 0.00 0.00 0.07 0.08 -1.89 0.01 -0.01 0.00 91.11 91.30 90.04 
0 0 0 68.77 0.00000000 0.00000000 0.00 0.00 0.00 0.07 0.07 -1.93 0.02 -0.00 0.00 91.18 91.17 90.04 
0 0 0 68.87 0.00000000 0.00000000 0.00 0.00 0.00 0.07 0.08 -1.91 0.01 -0.01 0.01 91.18 91.30 90.05 
0 0 0 68.97 0.00000000 0.00000000 0.00 0.00 0.00 0.07 0.07 -1.92 0.02 -0.01 0.00 91.17 91.16 90.04 
0 0 0 69.08 0.00000000 0.00000000 0.00 0.00 0.00 0.07 0.07 -1.87 0.02 -0.01 0.00 91.04 91.23 90.06 
0 0 0 69.18 0.00000000 0.00000000 0.00 0.00 0.00 0.07 0.07 -1.90 0.01 -0.01 0.00 91.17 91.17 90.05 
0 0 0 69.29 0.00000000 0.00000000 0.00 0.00 0.00 0.07 0.07 -1.90 0.01 -0.00 0.00 91.11 91.24 90.05 
0 0 0 69.39 0.00000000 0.00000000 0.00 0.00 0.00 0.07 0.07 -1.90 0.01 -0.01 0.00 91.24 91.24 90.05 
0 0 0 69.49 0.00000000 0.00000000 0.00 0.00 0.00 0.06 0.07 -1.86 0.01 -0.01 0.00 90.97 91.16 90.04 
0 0 0 69.59 0.00000000 0.00000000 0.00 0.00 0.00 0.07 0.07 -1.89 0.01 -0.01 0.00 91.11 91.23 90.05 
0 0 0 69.69 0.00000000 0.00000000 0.00 0.00 0.00 0.06 0.07 -1.87 0.01 -0.01 0.01 91.04 91.30 90.04 
0 0 0 69.79 0.00000000 0.00000000 0.00 0.00 0.00 0.07 0.07 -1.91 0.01 -0.01 0.00 91.24 91.18 90.03 
0 0 0 69.90 0.00000000 0.00000000 0.00 0.00 0.00 0.07 0.09 -1.87 0.01 -0.01 0.00 91.11 91.50 90.04 
0 0 0 70.00 0.00000000 0.00000000 0.00 0.00 0.00 0.06 0.07 -1.91 0.02 -0.01 0.01 91.04 91.23 90.06 
0 0 0 70.10 0.00000000 0.00000000 0.00 0.00 0.00 0.06 0.07 -1.89 0.01 -0.02 0.01 91.10 91.16 90.05 
0 0 0 70.20 0.00000000 0.00000000 0.00 0.00 0.00 0.07 0.07 -1.89 0.02 -0.01 0.00 91.24 91.11 90.04 
0 0 0 70.30 0.00000000 0.00000000 0.00 0.00 0.00 0.06 0.07 -1.87 0.01 -0.01 0.00 91.10 91.16 90.04 
0 0 0 70.40 0.00000000 0.00000000 0.00 0.00 0.00 0.07 0.07 -1.91 0.02 -0.02 0.00 91.18 91.11 90.03 
0 0 0 70.51 0.00000000 0.00000000 0.00 0.00 0.00 0.06 0.07 -1.87 0.02 -0.01 0.00 91.05 91.24 90.07 
0 0 0 70.61 0.00000000 0.00000000 0.00 0.00 0.00 0.06 0.07 -1.86 0.01 -0.01 0.01 90.99 91.18 90.05 
0 0 0 70.71 0.00000000 0.00000000 0.00 0.00 0.00 0.06 0.06 -1.91 0.01 -0.02 0.01 91.03 91.09 90.06 
0 0 0 70.82 0.00000000 0.00000000 0.00 0.00 0.00 0.06 0.08 -1.87 0.01 -0.02 0.00 91.04 91.17 90.04 
0 0 0 70.92 0.00000000 0.00000000 0.00 0.00 0.00 0.07 0.08 -1.93 0.01 -0.01 0.01 91.25 91.38 90.05 
0 0 0 71.02 0.00000000 0.00000000 0.00 0.00 0.00 0.07 0.07 -1.90 0.01 -0.01 0.01 91.17 91.23 90.06 
0 0 0 71.12 0.00000000 0.00000000 0.00 0.00 0.00 0.06 0.08 -1.86 0.02 -0.00 0.00 91.05 91.31 90.04 
