0 0 0 2.28 0.00000000 0.00000000 0.00 0.00 0.00 0.06 0.09 -0.00 0.01 -0.01 0.00 90.98 91.63 90.03 
0 0 0 2.44 0.00000000 0.00000000 0.00 0.00 0.00 0.06 0.10 0.00 0.02 -0.01 0.00 91.04 91.74 90.04 
0 0 0 2.54 0.00000000 0.00000000 0.00 0.00 0.00 -0.28 0.10 5.97 -0.00 -0.01 0.04 85.20 91.68 90.38 
0 0 0 2.64 0.00000000 0.00000000 0.00 0.00 0.00 0.13 0.10 0.06 0.02 -0.01 0.00 92.20 91.72 90.02 
0 0 0 2.74 0.00000000 0.00000000 0.00 0.00 0.00 0.07 0.10 0.01 0.02 -0.01 0.00 91.17 91.68 90.03 
0 0 0 2.84 0.00000000 0.00000000 0.00 0.00 0.00 0.05 0.10 2.85 0.01 -0.01 0.00 90.91 91.69 90.03 
0 0 0 2.94 0.00000000 0.00000000 0.00 0.00 0.00 0.06 0.09 0.01 0.02 -0.01 0.00 91.10 91.61 90.03 
0 0 0 3.04 0.00000000 0.00000000 0.00 0.00 0.00 0.07 0.10 0.01 0.01 -0.01 0.00 91.11 91.62 90.03 
0 0 0 3.14 0.00000000 0.00000000 0.00 0.00 0.00 0.06 0.10 0.00 0.01 -0.01 0.00 91.04 91.68 90.03 
0 0 0 3.24 0.00000000 0.00000000 0.00 0.00 0.00 0.06 0.09 -0.00 0.01 -0.01 0.01 90.97 91.61 90.05 
0 0 0 3.34 0.00000000 0.00000000 0.00 0.00 0.00 0.06 0.10 0.00 0.01 -0.01 0.00 91.04 91.68 90.01 
0 0 0 3.45 0.00000000 0.00000000 0.00 0.00 0.00 0.07 0.11 0.00 0.00 -0.01 0.00 91.17 91.81 90.02 
0 0 0 3.55 0.00000000 0.00000000 0.00 0.00 0.00 0.03 0.09 -0.01 0.01 -0.01 0.00 90.58 91.60 90.04 
0 0 0 3.65 0.00000000 0.00000000 0.00 0.00 0.00 0.06 0.10 0.01 0.01 -0.01 0.00 91.04 91.74 90.04 
0 0 0 3.75 0.00000000 0.00000000 0.00 0.00 0.00 0.05 0.10 -0.00 0.01 -0.01 0.00 90.91 91.69 90.04 
0 0 0 3.85 0.00000000 0.00000000 0.00 0.00 0.00 -0.52 -0.06 5.72 0.03 0.00 0.08 81.16 88.95 90.82 
0 0 0 3.95 0.00000000 0.00000000 0.00 0.00 0.00 0.00 0.08 0.00 -0.74 -0.10 0.13 90.06 91.31 91.35 
0 0 0 4.05 0.00000000 0.00000000 0.00 0.00 0.00 -0.15 0.12 -0.09 -2.20 0.07 0.01 87.38 91.96 90.10 
0 0 0 4.16 0.00000000 0.00000000 0.00 0.00 0.00 -0.24 0.07 0.04 -2.16 0.05 0.08 85.92 91.13 90.81 
0 0 0 4.26 0.00000000 0.00000000 0.00 0.00 0.00 -0.49 0.10 -0.06 -1.95 0.18 -0.10 81.72 91.76 89.01 
0 0 0 4.36 0.00000000 0.00000000 0.00 0.00 0.00 -0.64 0.12 -0.02 -1.99 -0.06 -0.09 79.05 92.03 89.14 
0 0 0 4.46 0.00000000 0.00000000 0.00 0.00 0.00 -0.79 0.13 -0.01 -1.48 0.03 -0.21 76.55 92.13 87.86 
0 0 0 4.56 0.00000000 0.00000000 0.00 0.00 0.00 -1.01 0.17 -0.15 -0.74 -0.08 0.15 72.90 92.94 91.53 
0 0 0 4.66 0.00000000 0.00000000 0.00 0.00 0.00 -1.05 0.13 -0.15 -0.38 0.01 -0.07 72.17 92.27 89.28 
0 0 0 4.76 0.00000000 0.00000000 0.00 0.00 0.00 -1.11 0.14 -0.19 -0.46 -0.03 -0.09 71.12 92.36 89.15 
0 0 0 4.86 0.00000000 0.00000000 0.00 0.00 0.00 -1.08 0.12 -0.14 -0.28 -0.01 0.05 71.68 92.08 90.45 
0 0 0 4.96 0.00000000 0.00000000 0.00 0.00 0.00 -1.09 0.13 -0.15 -0.19 0.00 0.04 71.53 92.17 90.38 
0 0 0 5.06 0.00000000 0.00000000 0.00 0.00 0.00 -1.09 0.12 -0.14 -0.12 0.01 -0.02 71.50 92.05 89.77 
0 0 0 5.16 0.00000000 0.00000000 0.00 0.00 0.00 -1.10 0.14 -0.13 -0.03 -0.02 -0.00 71.38 92.40 89.97 
0 0 0 5.26 0.00000000 0.00000000 0.00 0.00 0.00 -1.13 0.12 -0.15 -0.10 -0.02 0.06 70.77 92.09 90.57 
0 0 0 5.37 0.00000000 0.00000000 0.00 0.00 0.00 -1.14 0.11 -0.16 -0.03 -0.02 0.02 70.58 91.92 90.15 
0 0 0 5.47 0.00000000 0.00000000 0.00 0.00 0.00 -1.14 0.12 -0.15 -0.06 -0.00 -0.00 70.67 92.06 89.96 
0 0 0 5.57 0.00000000 0.00000000 0.00 0.00 0.00 -1.15 0.13 -0.16 0.01 -0.01 0.00 70.53 92.15 90.02 
0 0 0 5.67 0.00000000 0.00000000 0.00 0.00 0.00 -1.14 0.14 -0.15 0.10 -0.02 0.03 70.67 92.39 90.32 
0 0 0 5.77 0.00000000 0.00000000 0.00 0.00 0.00 -1.25 0.16 5.98 1.43 0.01 -0.10 68.79 92.71 88.99 
0 0 0 5.87 0.00000000 0.00000000 0.00 0.00 0.00 -0.92 0.14 -0.08 1.39 0.02 0.02 74.44 92.31 90.20 
0 0 0 5.97 0.00000000 0.00000000 0.00 0.00 0.00 -0.78 0.11 -0.09 1.32 -0.12 -0.18 76.74 91.93 88.18 
0 0 0 6.07 0.00000000 0.00000000 0.00 0.00 0.00 -0.61 0.02 0.01 1.22 -0.05 -0.07 79.66 90.35 89.32 
0 0 0 6.17 0.00000000 0.00000000 0.00 0.00 0.00 -0.48 0.07 -0.01 1.03 0.16 0.11 81.77 91.23 91.08 
0 0 0 6.27 0.00000000 0.00000000 0.00 0.00 0.00 -0.33 0.11 0.07 1.57 -0.01 0.03 84.35 91.82 90.33 
0 0 0 6.38 0.00000000 0.00000000 0.00 0.00 0.00 -0.20 0.05 0.07 1.17 -0.04 0.05 86.45 91.34 89.44 
0 0 0 6.48 0.00000000 0.00000000 0.00 0.00 0.00 -0.07 0.07 0.08 0.74 0.09 -0.09 87.03 91.94 89.80 
0 0 0 6.58 0.00000000 0.00000000 0.00 0.00 0.00 -0.06 0.11 0.03 0.38 -0.01 0.05 87.91 91.59 90.02 
0 0 0 6.68 0.00000000 0.00000000 0.00 0.00 0.00 -0.02 0.09 0.05 -0.03 0.01 0.01 88.61 91.95 90.53 
0 0 0 6.78 0.00000000 0.00000000 0.00 0.00 0.00 -0.00 0.12 0.05 -0.08 0.18 0.20 89.93 92.01 92.01 
0 0 0 6.89 0.00000000 0.00000000 0.00 0.00 0.00 -0.11 0.15 -0.01 0.45 0.22 0.09 88.13 92.51 90.88 
0 0 0 6.99 0.00000000 0.00000000 0.00 0.00 0.00 0.00 0.14 0.05 0.19 -0.05 -0.01 90.06 92.45 89.94 
0 0 0 7.09 0.00000000 0.00000000 0.00 0.00 0.00 0.03 0.15 0.04 0.01 -0.03 -0.01 90.57 92.56 89.93 
0 0 0 7.19 0.00000000 0.00000000 0.00 0.00 0.00 0.03 0.13 0.03 -0.09 -0.00 -0.02 90.52 92.14 89.81 
0 0 0 7.29 0.00000000 0.00000000 0.00 0.00 0.00 0.04 0.11 0.04 0.12 -0.10 -0.07 90.66 91.84 89.32 
0 0 0 7.39 0.00000000 0.00000000 0.00 0.00 0.00 0.05 0.13 0.02 0.13 -0.08 0.02 90.91 92.21 90.23 
0 0 0 7.49 0.00000000 0.00000000 0.00 0.00 0.00 0.12 0.05 0.08 -0.07 0.04 -0.01 91.97 90.84 89.88 
0 0 0 7.59 0.00000000 0.00000000 0.00 0.00 0.00 0.03 0.10 0.02 -0.01 -0.02 0.01 90.58 91.62 90.07 
0 0 0 7.69 0.00000000 0.00000000 0.00 0.00 0.00 0.04 0.09 0.02 0.09 -0.00 0.01 90.63 91.60 90.06 
0 0 0 7.79 0.00000000 0.00000000 0.00 0.00 0.00 0.05 0.10 0.03 0.02 -0.01 0.00 90.93 91.78 90.03 
0 0 0 7.89 0.00000000 0.00000000 0.00 0.00 0.00 0.11 0.11 0.07 0.17 0.02 0.06 91.95 91.94 90.63 
0 0 0 8.00 0.00000000 0.00000000 0.00 0.00 0.00 0.08 0.11 0.04 0.43 0.05 0.06 91.39 91.85 90.61 
0 0 0 8.10 0.00000000 0.00000000 0.00 0.00 0.00 0.08 0.07 -0.03 0.43 -0.01 0.02 91.33 91.27 90.16 
0 0 0 8.20 0.00000000 0.00000000 0.00 0.00 0.00 0.19 0.14 -0.04 1.89 0.01 0.67 93.29 92.38 96.67 
0 0 0 8.30 0.00000000 0.00000000 0.00 0.00 0.00 0.46 0.16 0.01 1.20 -0.08 0.24 97.35 92.11 91.69 
0 0 0 8.40 0.00000000 0.00000000 0.00 0.00 0.00 0.66 -0.08 0.19 1.72 -0.55 -0.04 101.27 88.57 89.62 
0 0 0 8.50 0.00000000 0.00000000 0.00 0.00 0.00 0.79 -0.02 -0.08 1.55 0.19 -0.13 103.40 89.74 88.69 
0 0 0 8.60 0.00000000 0.00000000 0.00 0.00 0.00 1.00 0.06 -0.03 0.79 0.23 -0.09 106.97 90.95 89.09 
0 0 0 8.71 0.00000000 0.00000000 0.00 0.00 0.00 0.96 0.07 -0.10 0.61 0.20 -0.11 106.33 90.52 88.85 
0 0 0 8.81 0.00000000 0.00000000 0.00 0.00 0.00 0.94 0.07 -0.15 0.05 -0.12 -0.18 105.98 91.25 88.23 
0 0 0 8.91 0.00000000 0.00000000 0.00 0.00 0.00 1.06 0.08 -0.11 0.32 -0.01 -0.02 107.94 91.33 89.82 
0 0 0 9.01 0.00000000 0.00000000 0.00 0.00 0.00 1.05 0.09 -0.12 -0.07 0.11 -0.03 107.90 91.45 89.72 
0 0 0 9.11 0.00000000 0.00000000 0.00 0.00 0.00 1.08 0.07 -0.09 -0.00 0.01 -0.06 108.30 91.23 89.43 
0 0 0 9.21 0.00000000 0.00000000 0.00 0.00 0.00 1.05 0.10 -0.11 0.27 0.00 0.07 107.92 91.69 90.66 
0 0 0 9.31 0.00000000 0.00000000 0.00 0.00 0.00 1.07 0.08 -0.10 0.05 0.09 0.03 108.13 91.36 90.33 
0 0 0 9.42 0.00000000 0.00000000 0.00 0.00 0.00 1.05 0.08 -0.10 -0.06 0.01 -0.06 107.99 91.60 89.53 
0 0 0 9.52 0.00000000 0.00000000 0.00 0.00 0.00 1.07 0.09 -0.08 0.02 0.05 0.03 108.29 91.45 90.29 
0 0 0 9.63 0.00000000 0.00000000 0.00 0.00 0.00 1.08 0.08 -0.07 0.11 0.02 0.01 108.42 91.49 90.15 
0 0 0 9.73 0.00000000 0.00000000 0.00 0.00 0.00 1.07 0.08 -0.08 -0.00 -0.01 0.00 108.15 91.44 90.02 
0 0 0 9.83 0.00000000 0.00000000 0.00 0.00 0.00 1.06 0.08 -0.08 0.08 0.01 0.02 108.03 91.37 90.17 
0 0 0 9.93 0.00000000 0.00000000 0.00 0.00 0.00 1.07 0.10 -0.08 0.00 -0.01 0.00 108.17 91.71 90.02 
0 0 0 10.03 0.00000000 0.00000000 0.00 0.00 0.00 1.08 0.10 -0.08 0.03 -0.01 0.01 108.35 91.65 90.08 
0 0 0 10.13 0.00000000 0.00000000 0.00 0.00 0.00 1.09 0.09 -0.07 0.02 -0.01 0.00 108.47 91.51 90.03 
0 0 0 10.23 0.00000000 0.00000000 0.00 0.00 0.00 1.10 0.09 -0.06 0.02 0.00 0.01 108.65 91.51 90.08 
0 0 0 10.33 0.00000000 0.00000000 0.00 0.00 0.00 1.09 0.09 -0.07 0.07 -0.00 0.01 108.50 91.57 90.06 
0 0 0 10.44 0.00000000 0.00000000 0.00 0.00 0.00 1.09 0.09 -0.08 0.00 -0.03 -0.00 108.35 91.57 90.00 
0 0 0 10.54 0.00000000 0.00000000 0.00 0.00 0.00 1.09 0.09 -0.08 0.04 -0.02 -0.00 108.47 91.57 89.99 
0 0 0 10.64 0.00000000 0.00000000 0.00 0.00 0.00 1.09 0.09 -0.08 0.07 -0.00 0.01 108.50 91.57 90.08 
0 0 0 10.74 0.00000000 0.00000000 0.00 0.00 0.00 1.10 0.09 -0.08 0.03 -0.01 0.00 108.85 91.71 90.04 
0 0 0 10.84 0.00000000 0.00000000 0.00 0.00 0.00 1.10 0.10 -0.07 0.06 0.01 0.01 108.67 91.63 90.13 
0 0 0 10.94 0.00000000 0.00000000 0.00 0.00 0.00 1.09 0.10 -0.08 0.04 -0.01 0.00 108.53 91.57 90.01 
0 0 0 11.04 0.00000000 0.00000000 0.00 0.00 0.00 1.10 0.08 -0.07 0.08 0.01 0.01 108.76 91.42 90.14 
0 0 0 11.14 0.00000000 0.00000000 0.00 0.00 0.00 1.08 0.10 -0.09 0.01 -0.02 -0.00 108.36 91.62 90.00 
0 0 0 11.24 0.00000000 0.00000000 0.00 0.00 0.00 1.09 0.09 -0.08 -0.03 -0.01 0.00 108.56 91.51 90.02 
0 0 0 11.35 0.00000000 0.00000000 0.00 0.00 0.00 1.09 0.10 -0.07 -0.03 -0.01 -0.00 108.47 91.63 89.97 
0 0 0 11.45 0.00000000 0.00000000 0.00 0.00 0.00 1.10 0.09 -0.07 0.03 -0.01 0.00 108.76 91.55 90.05 
0 0 0 11.55 0.00000000 0.00000000 0.00 0.00 0.00 0.98 0.14 -0.12 -1.31 -0.13 0.16 104.96 93.68 92.12 
0 0 0 11.65 0.00000000 0.00000000 0.00 0.00 0.00 0.99 0.04 -0.04 -1.31 -0.44 0.09 106.81 90.70 90.92 
0 0 0 11.75 0.00000000 0.00000000 0.00 0.00 0.00 0.69 0.05 -0.09 -2.03 0.18 -0.10 101.71 90.84 89.01 
0 0 0 11.85 0.00000000 0.00000000 0.00 0.00 0.00 0.45 0.11 -0.00 -2.09 0.44 -0.24 97.57 91.81 87.58 
0 0 0 11.95 0.00000000 0.00000000 0.00 0.00 0.00 0.26 0.08 -0.03 -1.11 -0.00 -0.01 94.38 91.29 89.89 
0 0 0 12.06 0.00000000 0.00000000 0.00 0.00 0.00 0.26 0.15 0.04 -0.90 0.02 0.05 94.59 91.87 90.56 
0 0 0 12.16 0.00000000 0.00000000 0.00 0.00 0.00 0.16 0.10 0.03 -0.66 -0.01 -0.03 93.08 91.78 89.76 
0 0 0 12.26 0.00000000 0.00000000 0.00 0.00 0.00 0.09 0.10 0.05 -0.40 -0.01 0.00 91.61 91.86 89.97 
0 0 0 12.36 0.00000000 0.00000000 0.00 0.00 0.00 0.03 0.09 0.01 -0.06 -0.02 0.00 91.48 91.73 90.08 
0 0 0 12.47 0.00000000 0.00000000 0.00 0.00 0.00 0.06 0.10 0.06 0.01 -0.02 0.00 91.17 91.68 90.04 
0 0 0 12.57 0.00000000 0.00000000 0.00 0.00 0.00 0.09 0.09 0.09 -0.03 -0.02 0.01 91.24 91.62 90.04 
0 0 0 12.67 0.00000000 0.00000000 0.00 0.00 0.00 0.07 0.10 0.07 -0.01 -0.02 0.00 91.11 91.69 90.04 
0 0 0 12.77 0.00000000 0.00000000 0.00 0.00 0.00 0.10 0.11 0.09 -0.03 -0.01 0.01 91.64 91.89 90.12 
0 0 0 12.87 0.00000000 0.00000000 0.00 0.00 0.00 0.00 0.08 0.02 -0.00 -0.01 0.01 90.00 91.35 90.06 
0 0 0 12.97 0.00000000 0.00000000 0.00 0.00 0.00 0.05 0.09 0.06 0.02 -0.01 0.00 90.85 91.56 90.03 
0 0 0 13.07 0.00000000 0.00000000 0.00 0.00 0.00 0.07 0.11 0.06 0.02 -0.00 0.02 91.11 91.81 90.18 
0 0 0 13.18 0.00000000 0.00000000 0.00 0.00 0.00 0.07 0.10 0.07 0.02 -0.01 0.00 91.17 91.68 90.03 
0 0 0 13.28 0.00000000 0.00000000 0.00 0.00 0.00 0.07 0.10 0.07 0.02 -0.01 0.00 91.18 91.70 90.04 
0 0 0 13.38 0.00000000 0.00000000 0.00 0.00 0.00 0.11 0.10 0.10 0.01 -0.01 0.01 91.90 91.70 90.06 
0 0 0 13.48 0.00000000 0.00000000 0.00 0.00 0.00 0.14 0.11 0.13 0.00 0.00 0.22 92.35 91.94 92.19 
0 0 0 13.58 0.00000000 0.00000000 0.00 0.00 0.00 -0.05 0.14 0.02 -1.82 -0.17 0.31 89.10 92.33 93.14 
0 0 0 13.68 0.00000000 0.00000000 0.00 0.00 0.00 -0.25 0.11 0.07 -2.48 -0.07 0.46 85.78 91.86 94.56 
0 0 0 13.78 0.00000000 0.00000000 0.00 0.00 0.00 -0.52 0.12 -0.06 -2.09 0.24 -0.09 81.17 92.03 89.07 
0 0 0 13.89 0.00000000 0.00000000 0.00 0.00 0.00 -0.74 0.14 -0.09 -1.40 -0.06 -0.07 78.03 91.52 89.69 
0 0 0 13.99 0.00000000 0.00000000 0.00 0.00 0.00 -0.76 0.11 -0.06 -0.65 0.07 -0.12 77.03 91.86 88.78 
0 0 0 14.09 0.00000000 0.00000000 0.00 0.00 0.00 -0.74 0.12 0.01 -0.10 -0.03 0.04 77.48 92.02 90.38 
0 0 0 14.19 0.00000000 0.00000000 0.00 0.00 0.00 -0.72 0.09 0.03 0.11 -0.07 -0.02 77.70 91.61 89.83 
0 0 0 14.29 0.00000000 0.00000000 0.00 0.00 0.00 -0.75 0.10 0.02 0.05 -0.04 -0.02 76.22 92.08 90.01 
0 0 0 14.39 0.00000000 0.00000000 0.00 0.00 0.00 -0.74 0.11 0.02 0.02 -0.01 0.02 77.47 91.86 90.16 
0 0 0 14.49 0.00000000 0.00000000 0.00 0.00 0.00 -0.77 0.10 -0.00 -0.03 -0.02 0.03 76.93 91.69 90.25 
0 0 0 14.60 0.00000000 0.00000000 0.00 0.00 0.00 -0.78 0.11 -0.01 -0.09 -0.01 0.03 77.20 91.74 90.17 
0 0 0 14.70 0.00000000 0.00000000 0.00 0.00 0.00 -0.73 0.10 0.04 0.41 -0.04 -0.04 77.65 91.66 89.60 
0 0 0 14.80 0.00000000 0.00000000 0.00 0.00 0.00 -0.76 0.11 -0.01 -0.18 0.00 0.02 77.61 91.62 90.12 
0 0 0 14.90 0.00000000 0.00000000 0.00 0.00 0.00 -0.77 0.11 -0.02 -0.19 -0.01 0.03 76.93 91.91 90.35 
0 0 0 15.00 0.00000000 0.00000000 0.00 0.00 0.00 -0.75 0.10 0.01 -0.09 -0.01 0.01 77.20 91.69 90.13 
0 0 0 15.10 0.00000000 0.00000000 0.00 0.00 0.00 -0.74 0.11 0.03 0.05 -0.02 0.02 77.42 91.86 90.17 
0 0 0 15.20 0.00000000 0.00000000 0.00 0.00 0.00 -0.79 0.12 -0.02 -0.03 -0.01 0.00 76.65 92.09 90.01 
0 0 0 15.30 0.00000000 0.00000000 0.00 0.00 0.00 -0.80 0.11 -0.02 -0.08 -0.02 0.01 76.69 91.77 90.01 
0 0 0 15.44 0.00000000 0.00000000 0.00 0.00 0.00 -0.78 0.10 0.01 -0.01 -0.01 -0.00 76.79 91.64 89.97 
0 0 0 15.57 0.00000000 0.00000000 0.00 0.00 0.00 -0.79 0.11 -0.01 0.41 -0.02 -0.04 76.65 91.80 89.57 
0 0 0 15.71 0.00000000 0.00000000 0.00 0.00 0.00 -0.62 0.09 0.04 0.80 -0.03 -0.17 79.49 91.59 88.25 
0 0 0 15.84 0.00000000 0.00000000 0.00 0.00 0.00 -0.50 0.07 0.06 0.66 -0.04 -0.00 81.57 91.15 89.95 
0 0 0 15.94 0.00000000 0.00000000 0.00 0.00 0.00 -0.36 0.08 0.09 0.98 -0.09 -0.06 83.80 91.40 89.45 
0 0 0 16.05 0.00000000 0.00000000 0.00 0.00 0.00 -0.24 0.12 0.14 0.86 0.05 0.04 85.87 92.01 90.38 
0 0 0 16.15 0.00000000 0.00000000 0.00 0.00 0.00 -0.26 0.10 0.07 0.76 0.19 0.00 85.72 91.75 90.09 
0 0 0 16.25 0.00000000 0.00000000 0.00 0.00 0.00 -0.18 0.09 0.11 0.73 0.01 -0.08 86.95 91.51 89.22 
0 0 0 16.35 0.00000000 0.00000000 0.00 0.00 0.00 -0.14 0.11 0.08 0.61 0.01 -0.05 87.50 91.89 89.54 
0 0 0 16.45 0.00000000 0.00000000 0.00 0.00 0.00 -0.09 0.09 0.09 0.68 0.02 -0.09 88.52 91.61 89.06 
0 0 0 16.55 0.00000000 0.00000000 0.00 0.00 0.00 0.02 0.03 0.12 0.75 0.05 -0.15 90.39 90.50 88.48 
0 0 0 16.66 0.00000000 0.00000000 0.00 0.00 0.00 0.04 0.11 0.05 0.41 0.02 -0.02 90.70 91.71 89.69 
0 0 0 16.76 0.00000000 0.00000000 0.00 0.00 0.00 0.06 0.11 0.05 0.32 0.02 -0.00 90.78 91.67 90.01 
0 0 0 16.86 0.00000000 0.00000000 0.00 0.00 0.00 0.04 0.13 0.02 0.07 -0.00 -0.00 90.65 92.14 89.96 
0 0 0 16.96 0.00000000 0.00000000 0.00 0.00 0.00 0.07 0.10 0.04 0.02 -0.02 -0.00 91.11 91.68 89.98 
0 0 0 17.06 0.00000000 0.00000000 0.00 0.00 0.00 0.05 0.11 0.03 0.04 -0.01 0.01 90.86 91.90 90.09 
0 0 0 17.17 0.00000000 0.00000000 0.00 0.00 0.00 0.06 0.10 0.03 0.01 -0.02 0.01 91.04 91.75 90.09 
0 0 0 17.27 0.00000000 0.00000000 0.00 0.00 0.00 0.08 0.11 0.05 0.02 -0.01 0.00 91.21 91.58 90.05 
0 0 0 17.37 0.00000000 0.00000000 0.00 0.00 0.00 0.06 0.11 0.04 0.02 -0.00 0.00 91.18 91.75 90.04 
0 0 0 17.48 0.00000000 0.00000000 0.00 0.00 0.00 0.06 0.10 0.04 0.01 -0.01 0.00 91.04 91.68 90.05 
0 0 0 17.58 0.00000000 0.00000000 0.00 0.00 0.00 0.07 0.10 0.03 0.02 -0.01 0.00 90.91 91.76 90.02 
0 0 0 17.68 0.00000000 0.00000000 0.00 0.00 0.00 0.06 0.10 0.03 0.02 -0.01 0.00 91.03 91.67 90.03 
0 0 0 17.78 0.00000000 0.00000000 0.00 0.00 0.00 0.07 0.10 0.04 0.01 -0.01 0.01 91.11 91.68 90.05 
0 0 0 17.88 0.00000000 0.00000000 0.00 0.00 0.00 0.07 0.10 0.04 0.01 -0.01 0.01 91.11 91.68 90.05 
0 0 0 17.98 0.00000000 0.00000000 0.00 0.00 0.00 0.06 0.09 0.04 0.02 -0.01 0.00 91.03 91.60 90.04 
0 0 0 18.08 0.00000000 0.00000000 0.00 0.00 0.00 0.07 0.10 0.04 0.02 -0.01 0.00 91.18 91.69 90.03 
0 0 0 18.19 0.00000000 0.00000000 0.00 0.00 0.00 0.11 0.13 0.06 0.24 0.03 0.05 92.83 92.09 90.24 
0 0 0 18.29 0.00000000 0.00000000 0.00 0.00 0.00 1.99 0.41 0.53 1.60 0.04 0.31 89.47 95.37 93.14 
0 0 0 18.40 0.00000000 0.00000000 0.00 0.00 0.00 0.60 0.29 0.17 2.13 0.01 0.14 117.06 93.99 90.72 
0 0 0 18.50 0.00000000 0.00000000 0.00 0.00 0.00 0.58 0.05 0.07 2.64 0.15 -0.11 104.81 94.39 88.14 
0 0 0 18.60 0.00000000 0.00000000 0.00 0.00 0.00 0.59 0.06 -0.19 2.25 -0.01 -0.03 100.06 91.08 89.72 
0 0 0 18.70 0.00000000 0.00000000 0.00 0.00 0.00 0.88 0.09 -0.09 0.91 0.02 0.01 104.88 91.48 90.13 
0 0 0 18.80 0.00000000 0.00000000 0.00 0.00 0.00 0.94 0.10 -0.12 0.36 -0.01 0.01 105.88 91.58 90.04 
0 0 0 18.90 0.00000000 0.00000000 0.00 0.00 0.00 0.94 0.08 -0.12 0.04 -0.01 0.00 106.03 91.39 90.02 
0 0 0 19.00 0.00000000 0.00000000 0.00 0.00 0.00 0.94 0.09 -0.12 0.12 -0.01 0.00 105.98 91.51 90.05 
0 0 0 19.10 0.00000000 0.00000000 0.00 0.00 0.00 0.95 0.09 -0.12 -0.01 -0.02 0.00 106.25 91.57 90.01 
0 0 0 19.20 0.00000000 0.00000000 0.00 0.00 0.00 0.95 0.09 -0.12 0.05 -0.01 0.00 106.21 91.51 90.03 
0 0 0 19.30 0.00000000 0.00000000 0.00 0.00 0.00 0.96 0.08 -0.12 -0.05 -0.01 0.00 106.25 91.44 90.04 
0 0 0 19.40 0.00000000 0.00000000 0.00 0.00 0.00 0.94 0.08 -0.12 0.06 0.01 0.01 106.03 91.32 90.14 
0 0 0 19.51 0.00000000 0.00000000 0.00 0.00 0.00 0.95 0.09 -0.12 0.04 0.02 0.02 106.13 91.50 90.21 
0 0 0 19.61 0.00000000 0.00000000 0.00 0.00 0.00 0.95 0.08 -0.12 -0.03 -0.01 0.00 106.20 91.44 90.02 
0 0 0 19.71 0.00000000 0.00000000 0.00 0.00 0.00 0.94 0.09 -0.11 0.02 -0.00 0.01 106.05 91.50 90.13 
0 0 0 19.81 0.00000000 0.00000000 0.00 0.00 0.00 0.96 0.09 -0.11 0.08 0.01 0.02 106.29 91.57 90.18 
0 0 0 19.91 0.00000000 0.00000000 0.00 0.00 0.00 0.95 0.09 -0.12 -0.01 -0.01 0.00 106.20 91.57 90.02 
0 0 0 20.01 0.00000000 0.00000000 0.00 0.00 0.00 0.94 0.09 -0.12 -0.05 -0.01 0.00 106.04 91.56 90.02 
0 0 0 20.11 0.00000000 0.00000000 0.00 0.00 0.00 0.96 0.09 -0.10 -0.28 0.03 0.04 106.30 91.45 90.38 
0 0 0 20.21 0.00000000 0.00000000 0.00 0.00 0.00 0.88 0.09 -0.08 -1.01 0.02 0.04 105.21 91.51 90.28 
0 0 0 20.32 0.00000000 0.00000000 0.00 0.00 0.00 0.78 0.13 -0.07 -1.58 0.10 0.15 102.31 92.03 91.53 
0 0 0 20.42 0.00000000 0.00000000 0.00 0.00 0.00 0.45 0.21 -0.13 -1.49 0.00 -0.16 109.55 89.71 88.56 
0 0 0 20.53 0.00000000 0.00000000 0.00 0.00 0.00 0.52 0.13 -0.01 -1.45 -0.01 -0.02 102.02 91.13 89.30 
0 0 0 20.63 0.00000000 0.00000000 0.00 0.00 0.00 0.26 0.11 -0.05 -1.24 -0.01 -0.01 94.48 91.79 89.86 
0 0 0 20.73 0.00000000 0.00000000 0.00 0.00 0.00 0.18 0.10 -0.05 -1.02 -0.01 -0.03 93.06 91.68 89.73 
0 0 0 20.83 0.00000000 0.00000000 0.00 0.00 0.00 0.11 0.11 -0.00 -0.57 0.02 0.02 90.96 91.79 89.92 
0 0 0 20.93 0.00000000 0.00000000 0.00 0.00 0.00 0.12 0.09 0.07 -0.28 -0.02 0.11 92.11 91.38 90.35 
0 0 0 21.04 0.00000000 0.00000000 0.00 0.00 0.00 0.08 0.10 0.06 -0.03 -0.02 0.03 91.42 91.35 89.98 
0 0 0 21.14 0.00000000 0.00000000 0.00 0.00 0.00 0.06 0.10 0.04 0.01 -0.02 0.00 90.59 91.84 90.05 
0 0 0 21.24 0.00000000 0.00000000 0.00 0.00 0.00 0.07 0.10 0.04 -0.05 -0.02 0.00 91.24 91.68 90.02 
0 0 0 21.34 0.00000000 0.00000000 0.00 0.00 0.00 0.10 0.11 0.06 0.01 -0.01 0.00 91.65 91.90 90.03 
0 0 0 21.45 0.00000000 0.00000000 0.00 0.00 0.00 0.08 0.10 0.05 0.01 -0.01 0.02 91.17 91.68 90.07 
0 0 0 21.55 0.00000000 0.00000000 0.00 0.00 0.00 0.09 0.08 0.07 0.21 0.37 -0.12 90.81 90.99 88.70 
0 0 0 21.66 0.00000000 0.00000000 0.00 0.00 0.00 -0.03 0.28 -0.03 -0.84 1.48 0.03 89.64 94.50 91.59 
0 0 0 21.76 0.00000000 0.00000000 0.00 0.00 0.00 -0.07 0.36 -0.02 -1.11 1.55 0.12 88.76 96.08 91.17 
0 0 0 21.86 0.00000000 0.00000000 0.00 0.00 0.00 -0.17 0.52 -0.03 -0.61 1.80 0.43 87.64 99.36 93.49 
0 0 0 21.96 0.00000000 0.00000000 0.00 0.00 0.00 -0.16 0.64 0.02 0.38 0.90 0.69 87.21 100.84 96.94 
0 0 0 22.06 0.00000000 0.00000000 0.00 0.00 0.00 -0.03 0.73 0.17 0.01 0.32 0.37 89.47 102.37 93.68 
0 0 0 22.16 0.00000000 0.00000000 0.00 0.00 0.00 -0.10 0.75 0.12 -0.10 0.23 0.03 88.64 102.52 90.52 
0 0 0 22.26 0.00000000 0.00000000 0.00 0.00 0.00 -0.08 0.76 0.14 0.02 0.19 0.14 89.11 103.11 91.08 
0 0 0 22.36 0.00000000 0.00000000 0.00 0.00 0.00 -0.09 0.78 0.14 -0.03 0.16 0.05 88.50 103.23 90.54 
0 0 0 22.46 0.00000000 0.00000000 0.00 0.00 0.00 -0.05 0.76 0.19 0.01 0.01 0.03 89.10 102.97 90.29 
0 0 0 22.56 0.00000000 0.00000000 0.00 0.00 0.00 -0.03 0.77 0.20 -0.03 0.05 0.00 89.48 103.13 90.01 
0 0 0 22.67 0.00000000 0.00000000 0.00 0.00 0.00 -0.07 0.77 0.16 0.05 0.01 0.07 88.80 103.02 90.66 
0 0 0 22.77 0.00000000 0.00000000 0.00 0.00 0.00 -0.05 0.80 0.17 -0.01 -0.04 0.05 89.20 103.52 90.47 
0 0 0 22.87 0.00000000 0.00000000 0.00 0.00 0.00 -0.05 0.77 0.19 -0.06 0.10 0.05 89.12 103.07 90.52 
0 0 0 22.97 0.00000000 0.00000000 0.00 0.00 0.00 -0.09 0.78 0.15 -0.13 -0.21 -0.15 88.51 103.32 88.55 
0 0 0 23.07 0.00000000 0.00000000 0.00 0.00 0.00 -0.13 0.73 0.11 -0.01 -0.48 -0.24 87.79 102.43 87.64 
0 0 0 23.17 0.00000000 0.00000000 0.00 0.00 0.00 -0.08 0.66 0.15 0.97 -1.46 0.22 88.63 101.26 92.24 
0 0 0 23.27 0.00000000 0.00000000 0.00 0.00 0.00 -0.06 0.61 0.04 0.55 -1.24 -0.46 90.45 99.48 85.36 
0 0 0 23.37 0.00000000 0.00000000 0.00 0.00 0.00 0.04 0.39 0.15 -0.14 -0.65 -0.22 90.75 96.64 87.81 
0 0 0 23.48 0.00000000 0.00000000 0.00 0.00 0.00 -0.19 0.11 -0.06 0.45 -1.82 0.68 88.71 91.15 97.50 
0 0 0 23.58 0.00000000 0.00000000 0.00 0.00 0.00 0.09 0.15 0.12 0.39 -1.54 0.20 91.43 92.83 92.34 
0 0 0 23.68 0.00000000 0.00000000 0.00 0.00 0.00 0.02 0.03 0.04 -0.08 -1.84 0.08 90.38 90.56 90.78 
0 0 0 23.78 0.00000000 0.00000000 0.00 0.00 0.00 0.05 -0.06 0.04 -0.13 -0.59 0.01 90.84 88.90 90.09 
0 0 0 23.89 0.00000000 0.00000000 0.00 0.00 0.00 0.05 -0.16 0.06 -0.13 -0.33 -0.06 90.46 87.57 89.91 
0 0 0 23.99 0.00000000 0.00000000 0.00 0.00 0.00 0.05 -0.16 0.07 -0.03 -0.26 -0.04 90.46 86.91 90.14 
0 0 0 24.09 0.00000000 0.00000000 0.00 0.00 0.00 0.11 -0.21 0.09 0.42 -0.28 -0.15 91.05 86.41 88.23 
0 0 0 24.19 0.00000000 0.00000000 0.00 0.00 0.00 0.04 -0.21 0.04 0.08 -0.15 0.08 90.65 86.40 90.81 
0 0 0 24.29 0.00000000 0.00000000 0.00 0.00 0.00 0.10 -0.20 0.05 0.09 -0.18 -0.02 91.65 86.56 89.79 
0 0 0 24.39 0.00000000 0.00000000 0.00 0.00 0.00 0.08 -0.22 0.04 0.19 -0.21 0.00 91.29 86.19 90.01 
0 0 0 24.49 0.00000000 0.00000000 0.00 0.00 0.00 0.04 -0.25 0.03 0.19 -0.20 0.04 90.60 85.76 90.35 
0 0 0 24.59 0.00000000 0.00000000 0.00 0.00 0.00 0.10 -0.29 0.05 0.07 -0.07 -0.02 91.68 85.04 89.76 
0 0 0 24.69 0.00000000 0.00000000 0.00 0.00 0.00 0.09 -0.27 0.04 0.00 -0.03 -0.02 91.54 85.36 89.81 
0 0 0 24.79 0.00000000 0.00000000 0.00 0.00 0.00 0.08 -0.29 0.04 -0.01 -0.04 0.00 91.44 85.01 90.01 
0 0 0 24.89 0.00000000 0.00000000 0.00 0.00 0.00 0.07 -0.30 0.04 0.09 -0.01 0.00 91.16 84.96 90.04 
0 0 0 25.00 0.00000000 0.00000000 0.00 0.00 0.00 0.10 -0.28 0.04 0.04 0.00 -0.01 91.65 85.18 89.89 
0 0 0 25.10 0.00000000 0.00000000 0.00 0.00 0.00 0.11 -0.29 0.05 0.03 0.03 0.01 91.86 85.12 90.12 
0 0 0 25.20 0.00000000 0.00000000 0.00 0.00 0.00 0.10 -0.27 0.04 -0.02 0.02 -0.00 91.63 85.42 89.96 
0 0 0 25.30 0.00000000 0.00000000 0.00 0.00 0.00 0.09 -0.28 0.04 0.04 0.04 -0.03 91.57 85.28 89.71 
0 0 0 25.40 0.00000000 0.00000000 0.00 0.00 0.00 0.07 -0.27 0.03 0.03 0.01 0.00 91.15 85.43 90.00 
0 0 0 25.50 0.00000000 0.00000000 0.00 0.00 0.00 0.10 -0.28 0.05 -0.02 0.01 -0.01 91.73 85.42 89.90 
0 0 0 25.60 0.00000000 0.00000000 0.00 0.00 0.00 0.08 -0.27 0.03 0.02 0.00 -0.01 91.29 85.48 89.93 
0 0 0 25.70 0.00000000 0.00000000 0.00 0.00 0.00 0.08 -0.26 0.04 -0.02 0.01 -0.02 91.15 85.50 89.89 
0 0 0 25.80 0.00000000 0.00000000 0.00 0.00 0.00 0.12 -0.27 0.05 -0.04 0.04 -0.01 91.98 85.48 89.89 
0 0 0 25.90 0.00000000 0.00000000 0.00 0.00 0.00 0.08 -0.25 0.03 -0.00 0.06 0.01 91.40 85.77 90.08 
0 0 0 26.01 0.00000000 0.00000000 0.00 0.00 0.00 0.08 -0.27 0.05 0.01 -0.04 -0.02 91.77 85.37 89.88 
0 0 0 26.11 0.00000000 0.00000000 0.00 0.00 0.00 0.08 -0.26 0.04 0.01 -0.04 0.01 91.45 85.43 90.08 
0 0 0 26.22 0.00000000 0.00000000 0.00 0.00 0.00 0.10 -0.26 0.05 0.01 -0.00 0.00 91.52 85.42 89.96 
0 0 0 26.32 0.00000000 0.00000000 0.00 0.00 0.00 0.07 -0.26 0.03 0.05 -0.01 0.01 91.15 85.50 90.10 
0 0 0 26.42 0.00000000 0.00000000 0.00 0.00 0.00 0.09 -0.27 0.04 0.01 -0.02 -0.01 91.46 85.46 89.90 
0 0 0 26.52 0.00000000 0.00000000 0.00 0.00 0.00 0.09 -0.27 0.04 -0.01 -0.02 -0.00 91.60 85.33 89.97 
0 0 0 26.62 0.00000000 0.00000000 0.00 0.00 0.00 0.08 -0.26 0.03 0.05 0.02 0.02 91.35 85.58 90.24 
0 0 0 26.72 0.00000000 0.00000000 0.00 0.00 0.00 0.10 -0.28 0.04 -0.04 0.06 0.00 91.71 85.29 90.04 
0 0 0 26.82 0.00000000 0.00000000 0.00 0.00 0.00 0.08 -0.27 0.04 0.03 -0.08 -0.02 91.35 85.45 89.80 
0 0 0 26.92 0.00000000 0.00000000 0.00 0.00 0.00 0.08 -0.26 0.04 0.05 -0.10 0.04 91.33 85.60 90.41 
0 0 0 27.02 0.00000000 0.00000000 0.00 0.00 0.00 0.12 -0.18 0.03 0.49 -0.47 0.02 92.30 86.76 89.92 
0 0 0 27.13 0.00000000 0.00000000 0.00 0.00 0.00 0.07 -0.36 0.03 0.20 -0.97 0.01 91.29 84.43 90.27 
0 0 0 27.23 0.00000000 0.00000000 0.00 0.00 0.00 0.18 -0.57 0.07 0.05 -1.12 0.07 93.00 80.23 90.73 
0 0 0 27.33 0.00000000 0.00000000 0.00 0.00 0.00 0.19 -0.64 0.06 0.34 -0.80 0.12 93.30 79.10 91.23 
0 0 0 27.43 0.00000000 0.00000000 0.00 0.00 0.00 0.23 -0.64 0.05 -0.00 -0.50 0.16 94.33 78.99 91.39 
0 0 0 27.53 0.00000000 0.00000000 0.00 0.00 0.00 0.18 -0.72 0.08 0.16 -0.30 0.16 93.12 77.82 91.64 
0 0 0 27.63 0.00000000 0.00000000 0.00 0.00 0.00 0.26 -0.70 0.06 -0.11 0.06 0.02 94.45 78.13 90.22 
0 0 0 27.73 0.00000000 0.00000000 0.00 0.00 0.00 0.18 -0.67 0.07 0.02 0.11 0.01 93.13 78.53 90.15 
0 0 0 27.83 0.00000000 0.00000000 0.00 0.00 0.00 0.19 -0.68 0.08 0.02 0.07 0.02 93.16 78.50 90.16 
0 0 0 27.93 0.00000000 0.00000000 0.00 0.00 0.00 0.22 -0.69 0.08 0.01 0.03 0.03 93.68 78.24 90.35 
0 0 0 28.03 0.00000000 0.00000000 0.00 0.00 0.00 0.24 -0.69 0.08 -0.01 -0.04 0.03 94.04 78.32 90.26 
0 0 0 28.13 0.00000000 0.00000000 0.00 0.00 0.00 0.17 -0.68 0.09 0.02 0.02 0.06 92.88 78.46 90.63 
0 0 0 28.23 0.00000000 0.00000000 0.00 0.00 0.00 0.15 -0.68 0.10 -0.02 0.00 0.04 92.51 78.41 90.39 
0 0 0 28.34 0.00000000 0.00000000 0.00 0.00 0.00 0.17 -0.68 0.09 -0.03 0.03 0.02 92.86 78.50 90.17 
0 0 0 28.44 0.00000000 0.00000000 0.00 0.00 0.00 0.18 -0.66 0.08 -0.02 0.05 -0.01 93.03 78.82 89.93 
0 0 0 28.54 0.00000000 0.00000000 0.00 0.00 0.00 0.16 -0.66 0.09 -0.01 0.03 0.04 92.79 78.70 90.35 
0 0 0 28.64 0.00000000 0.00000000 0.00 0.00 0.00 0.13 -0.66 0.10 -0.02 0.07 -0.00 92.22 78.77 89.98 
0 0 0 28.74 0.00000000 0.00000000 0.00 0.00 0.00 0.14 -0.66 0.10 -0.01 0.06 0.04 92.46 78.84 90.36 
0 0 0 28.84 0.00000000 0.00000000 0.00 0.00 0.00 0.11 -0.65 0.11 0.00 0.05 0.05 91.91 78.95 90.46 
0 0 0 28.94 0.00000000 0.00000000 0.00 0.00 0.00 0.13 -0.65 0.11 0.01 0.01 -0.02 92.21 78.87 89.82 
0 0 0 29.04 0.00000000 0.00000000 0.00 0.00 0.00 0.15 -0.64 0.10 0.00 -0.02 -0.00 92.34 79.16 90.02 
0 0 0 29.14 0.00000000 0.00000000 0.00 0.00 0.00 0.15 -0.65 0.11 0.05 0.01 -0.00 92.60 78.95 89.96 
0 0 0 29.24 0.00000000 0.00000000 0.00 0.00 0.00 0.17 -0.63 0.09 0.03 0.04 0.02 92.97 79.24 90.23 
0 0 0 29.34 0.00000000 0.00000000 0.00 0.00 0.00 0.18 -0.62 0.09 -0.03 0.03 0.02 93.08 79.38 90.17 
0 0 0 29.44 0.00000000 0.00000000 0.00 0.00 0.00 0.18 -0.64 0.10 0.00 0.03 -0.00 92.99 79.12 89.96 
0 0 0 29.54 0.00000000 0.00000000 0.00 0.00 0.00 0.19 -0.62 0.09 -0.07 0.01 0.04 93.31 79.44 90.41 
0 0 0 29.64 0.00000000 0.00000000 0.00 0.00 0.00 0.18 -0.63 0.10 -0.01 -0.01 0.03 92.98 79.31 90.28 
0 0 0 29.75 0.00000000 0.00000000 0.00 0.00 0.00 0.16 -0.62 0.11 -0.02 -0.01 0.00 92.67 79.41 90.04 
0 0 0 29.85 0.00000000 0.00000000 0.00 0.00 0.00 0.14 -0.63 0.11 0.00 0.04 0.02 92.33 79.37 90.25 
0 0 0 29.95 0.00000000 0.00000000 0.00 0.00 0.00 0.16 -0.62 0.12 -0.02 0.03 0.04 92.78 79.41 90.36 
0 0 0 30.05 0.00000000 0.00000000 0.00 0.00 0.00 0.12 -0.61 0.11 0.05 -0.04 0.02 92.06 79.65 90.17 
0 0 0 30.15 0.00000000 0.00000000 0.00 0.00 0.00 0.15 -0.62 0.11 0.01 0.03 0.00 92.85 79.62 89.92 
0 0 0 30.25 0.00000000 0.00000000 0.00 0.00 0.00 0.19 -0.63 0.11 0.01 -0.01 0.04 92.93 79.33 90.23 
0 0 0 30.35 0.00000000 0.00000000 0.00 0.00 0.00 0.11 -0.62 0.12 0.03 0.02 0.04 91.90 79.42 90.37 
0 0 0 30.46 0.00000000 0.00000000 0.00 0.00 0.00 0.11 -0.60 0.12 -0.00 -0.03 0.01 91.86 79.31 90.15 
0 0 0 30.56 0.00000000 0.00000000 0.00 0.00 0.00 0.14 -0.63 0.12 -0.11 -0.04 0.03 92.48 79.20 90.01 
0 0 0 30.67 0.00000000 0.00000000 0.00 0.00 0.00 0.17 -0.64 0.12 -0.07 -0.22 0.10 92.16 79.19 91.39 
0 0 0 30.77 0.00000000 0.00000000 0.00 0.00 0.00 0.18 -0.67 0.14 0.88 -0.51 0.07 92.33 78.63 91.17 
0 0 0 30.87 0.00000000 0.00000000 0.00 0.00 0.00 0.23 -0.71 0.12 0.03 -1.20 0.15 92.14 76.76 90.31 
0 0 0 30.98 0.00000000 0.00000000 0.00 0.00 0.00 0.34 -1.12 0.20 0.81 -1.03 0.53 95.42 71.83 96.07 
0 0 0 31.08 0.00000000 0.00000000 0.00 0.00 0.00 0.35 -1.14 0.20 0.44 -0.87 0.10 95.87 70.60 90.96 
0 0 0 31.18 0.00000000 0.00000000 0.00 0.00 0.00 0.59 -1.12 -0.01 0.13 -0.69 -0.40 102.37 68.59 86.13 
0 0 0 31.29 0.00000000 0.00000000 0.00 0.00 0.00 0.60 -1.10 -0.04 0.27 0.01 -0.14 101.11 71.20 88.63 
0 0 0 31.39 0.00000000 0.00000000 0.00 0.00 0.00 0.66 -1.12 -0.08 -0.05 -0.04 0.03 101.16 70.93 90.27 
0 0 0 31.49 0.00000000 0.00000000 0.00 0.00 0.00 0.64 -1.15 -0.07 -0.10 -0.03 -0.07 100.45 70.55 89.92 
0 0 0 31.59 0.00000000 0.00000000 0.00 0.00 0.00 0.65 -1.12 -0.08 -0.19 0.10 0.13 101.60 70.60 91.27 
0 0 0 31.69 0.00000000 0.00000000 0.00 0.00 0.00 0.57 -1.09 -0.04 -0.43 0.08 0.09 99.63 71.44 90.87 
0 0 0 31.80 0.00000000 0.00000000 0.00 0.00 0.00 0.44 -1.14 0.04 -0.38 -0.05 0.08 97.19 70.86 90.91 
0 0 0 31.90 0.00000000 0.00000000 0.00 0.00 0.00 0.37 -1.14 0.07 -0.15 -0.01 0.15 96.75 70.32 91.66 
0 0 0 32.01 0.00000000 0.00000000 0.00 0.00 0.00 0.30 -1.15 0.13 -0.10 -0.02 0.07 95.02 70.59 90.66 
0 0 0 32.11 0.00000000 0.00000000 0.00 0.00 0.00 0.36 -1.15 0.08 -0.13 0.03 0.06 96.06 70.43 90.59 
0 0 0 32.24 0.00000000 0.00000000 0.00 0.00 0.00 0.33 -1.13 0.09 -0.07 0.07 0.06 95.66 70.87 90.64 
0 0 0 32.38 0.00000000 0.00000000 0.00 0.00 0.00 0.22 -1.13 0.16 -0.15 0.08 0.07 93.81 70.78 90.67 
0 0 0 32.51 0.00000000 0.00000000 0.00 0.00 0.00 0.21 -1.13 0.17 -0.13 0.07 0.04 93.58 70.80 90.43 
0 0 0 32.65 0.00000000 0.00000000 0.00 0.00 0.00 0.17 -1.15 0.19 -0.10 0.07 0.03 92.97 70.43 90.32 
0 0 0 32.75 0.00000000 0.00000000 0.00 0.00 0.00 0.08 -1.09 0.23 -0.29 0.14 0.15 91.41 71.53 91.53 
0 0 0 32.85 0.00000000 0.00000000 0.00 0.00 0.00 0.13 -1.10 0.21 -0.10 0.06 0.11 92.24 71.30 91.14 
0 0 0 32.95 0.00000000 0.00000000 0.00 0.00 0.00 -0.09 -1.08 0.36 0.10 0.11 0.17 88.42 71.66 91.74 
0 0 0 33.05 0.00000000 0.00000000 0.00 0.00 0.00 0.00 -1.05 0.31 0.22 0.08 0.16 89.41 71.55 91.73 
0 0 0 33.15 0.00000000 0.00000000 0.00 0.00 0.00 0.02 -1.08 0.31 0.03 0.10 0.21 90.42 71.68 92.12 
0 0 0 33.25 0.00000000 0.00000000 0.00 0.00 0.00 -0.12 -1.04 0.41 0.06 0.00 0.16 87.89 72.35 91.59 
0 0 0 33.36 0.00000000 0.00000000 0.00 0.00 0.00 -0.06 -1.07 0.39 -0.01 0.02 0.10 89.05 71.74 90.97 
0 0 0 33.46 0.00000000 0.00000000 0.00 0.00 0.00 0.03 -1.09 0.36 0.12 0.14 0.33 90.44 71.39 93.34 
0 0 0 33.56 0.00000000 0.00000000 0.00 0.00 0.00 0.00 -1.01 0.39 0.22 1.03 0.79 90.00 72.89 97.86 
0 0 0 33.66 0.00000000 0.00000000 0.00 0.00 0.00 -0.12 -0.84 0.53 -0.21 0.32 0.69 87.90 75.76 96.93 
0 0 0 33.76 0.00000000 0.00000000 0.00 0.00 0.00 -0.46 -0.77 0.72 0.00 0.27 0.63 82.20 76.84 96.25 
0 0 0 33.86 0.00000000 0.00000000 0.00 0.00 0.00 -0.40 -0.77 0.78 -0.04 0.37 0.38 83.14 76.83 93.82 
0 0 0 33.96 0.00000000 0.00000000 0.00 0.00 0.00 -0.43 -0.73 0.82 -0.03 0.33 0.32 82.62 77.62 93.16 
0 0 0 34.06 0.00000000 0.00000000 0.00 0.00 0.00 -0.39 -0.69 0.81 0.04 0.48 0.22 83.29 78.35 92.15 
0 0 0 34.16 0.00000000 0.00000000 0.00 0.00 0.00 -0.27 -0.71 0.78 0.18 0.49 -0.01 85.47 78.01 89.85 
0 0 0 34.26 0.00000000 0.00000000 0.00 0.00 0.00 -0.32 -0.52 0.75 0.08 0.35 0.03 84.51 81.15 90.34 
0 0 0 34.36 0.00000000 0.00000000 0.00 0.00 0.00 -0.42 -0.45 0.76 -0.21 0.22 -0.13 82.84 82.31 88.75 
0 0 0 34.46 0.00000000 0.00000000 0.00 0.00 0.00 -0.46 -0.49 0.77 0.18 0.32 0.08 82.22 81.61 90.78 
0 0 0 34.56 0.00000000 0.00000000 0.00 0.00 0.00 -0.39 -0.48 0.71 -0.42 1.04 -0.68 83.34 81.91 83.20 
0 0 0 34.66 0.00000000 0.00000000 0.00 0.00 0.00 -0.24 -0.51 0.61 -1.02 1.19 -1.44 85.98 81.26 75.59 
0 0 0 34.77 0.00000000 0.00000000 0.00 0.00 0.00 -0.30 -0.33 0.33 -2.25 1.82 -1.28 84.89 84.42 77.25 
0 0 0 34.87 0.00000000 0.00000000 0.00 0.00 0.00 -0.70 0.00 0.09 -3.67 2.50 -0.13 78.17 90.07 88.70 
0 0 0 34.97 0.00000000 0.00000000 0.00 0.00 0.00 -1.08 0.13 -0.11 -2.54 1.27 0.74 71.58 92.18 97.35 
0 0 0 35.07 0.00000000 0.00000000 0.00 0.00 0.00 -1.15 0.17 -0.04 -1.24 0.63 0.75 70.50 92.96 97.55 
0 0 0 35.17 0.00000000 0.00000000 0.00 0.00 0.00 -1.25 0.25 -0.10 -0.37 0.23 -0.06 68.77 94.24 89.41 
0 0 0 35.27 0.00000000 0.00000000 0.00 0.00 0.00 -1.29 0.23 -0.10 0.16 -0.17 0.07 68.03 93.97 90.72 
0 0 0 35.37 0.00000000 0.00000000 0.00 0.00 0.00 -1.21 0.20 -0.02 0.25 0.13 -0.16 69.38 93.48 88.45 
0 0 0 35.47 0.00000000 0.00000000 0.00 0.00 0.00 -1.09 0.25 0.06 0.42 -0.15 0.04 71.44 94.23 90.42 
0 0 0 35.57 0.00000000 0.00000000 0.00 0.00 0.00 -1.26 0.08 -0.08 -0.32 0.27 -0.47 68.54 91.43 85.26 
0 0 0 35.67 0.00000000 0.00000000 0.00 0.00 0.00 -1.29 0.15 -0.12 -0.17 -0.16 0.02 68.10 92.48 90.24 
0 0 0 35.77 0.00000000 0.00000000 0.00 0.00 0.00 -1.25 0.12 -0.06 -0.02 -0.07 0.03 68.75 92.11 90.31 
0 0 0 35.87 0.00000000 0.00000000 0.00 0.00 0.00 -1.28 0.11 -0.09 -0.06 0.03 0.03 68.49 91.79 90.16 
0 0 0 35.97 0.00000000 0.00000000 0.00 0.00 0.00 -1.26 0.11 -0.06 -0.17 0.00 0.00 68.55 91.87 90.02 
0 0 0 36.07 0.00000000 0.00000000 0.00 0.00 0.00 -1.27 0.12 -0.07 0.09 -0.06 0.04 68.35 92.05 90.39 
0 0 0 36.17 0.00000000 0.00000000 0.00 0.00 0.00 -1.29 0.12 -0.08 0.01 -0.00 0.01 68.06 92.07 90.10 
0 0 0 36.28 0.00000000 0.00000000 0.00 0.00 0.00 -1.28 0.12 -0.07 -0.00 -0.01 0.01 68.22 91.99 90.12 
0 0 0 36.38 0.00000000 0.00000000 0.00 0.00 0.00 -1.35 0.15 -0.13 -0.64 -0.01 0.06 67.13 92.47 90.56 
0 0 0 36.48 0.00000000 0.00000000 0.00 0.00 0.00 -1.38 0.13 -0.14 -0.79 -0.04 0.06 66.59 92.26 90.57 
0 0 0 36.58 0.00000000 0.00000000 0.00 0.00 0.00 -1.21 0.11 0.05 -0.02 -0.02 0.03 69.36 91.80 90.27 
0 0 0 36.68 0.00000000 0.00000000 0.00 0.00 0.00 -1.43 0.16 -0.12 -0.03 0.05 0.06 65.77 92.70 90.64 
0 0 0 36.78 0.00000000 0.00000000 0.00 0.00 0.00 -1.44 0.12 -0.12 -0.07 0.01 -0.00 65.59 92.01 89.98 
0 0 0 36.88 0.00000000 0.00000000 0.00 0.00 0.00 -1.50 0.14 -0.16 -0.33 -0.01 0.03 64.58 92.35 90.30 
0 0 0 36.98 0.00000000 0.00000000 0.00 0.00 0.00 -1.45 0.12 -0.12 -0.19 -0.01 0.03 65.30 92.12 90.30 
0 0 0 37.08 0.00000000 0.00000000 0.00 0.00 0.00 -1.45 0.15 -0.12 -0.17 -0.02 0.03 65.36 92.57 90.27 
0 0 0 37.18 0.00000000 0.00000000 0.00 0.00 0.00 -1.39 0.11 -0.04 0.13 -0.01 -0.01 66.36 91.95 89.90 
0 0 0 37.28 0.00000000 0.00000000 0.00 0.00 0.00 -1.45 0.13 -0.12 0.48 -0.00 -0.05 65.39 92.28 89.55 
0 0 0 37.38 0.00000000 0.00000000 0.00 0.00 0.00 -1.41 0.13 -0.13 1.61 -0.00 -0.16 65.95 92.16 88.43 
0 0 0 37.48 0.00000000 0.00000000 0.00 0.00 0.00 -1.13 0.16 -0.06 1.07 -0.05 -0.00 70.82 92.80 89.99 
0 0 0 37.58 0.00000000 0.00000000 0.00 0.00 0.00 -1.10 0.08 -0.05 1.32 0.01 -0.15 71.36 91.40 88.46 
0 0 0 37.69 0.00000000 0.00000000 0.00 0.00 0.00 -0.91 0.09 0.00 0.70 -0.15 -0.07 74.53 91.55 89.29 
0 0 0 37.79 0.00000000 0.00000000 0.00 0.00 0.00 -0.86 0.04 -0.02 0.59 0.02 0.04 75.37 90.60 90.43 
0 0 0 37.89 0.00000000 0.00000000 0.00 0.00 0.00 -0.81 0.03 0.00 0.66 -0.01 -0.03 76.27 90.47 89.66 
0 0 0 37.99 0.00000000 0.00000000 0.00 0.00 0.00 -0.76 0.05 0.01 -0.16 -0.01 0.02 77.02 90.91 90.18 
0 0 0 38.09 0.00000000 0.00000000 0.00 0.00 0.00 -0.69 0.06 0.07 0.14 0.01 0.01 78.26 91.04 90.08 
0 0 0 38.19 0.00000000 0.00000000 0.00 0.00 0.00 -0.71 0.06 0.05 0.11 -0.00 0.06 77.97 91.10 90.64 
0 0 0 38.29 0.00000000 0.00000000 0.00 0.00 0.00 -0.74 0.06 0.03 -0.03 -0.01 0.01 77.48 91.04 90.10 
0 0 0 38.39 0.00000000 0.00000000 0.00 0.00 0.00 -0.75 0.06 0.03 -0.05 -0.02 -0.00 77.21 91.05 89.97 
0 0 0 38.49 0.00000000 0.00000000 0.00 0.00 0.00 -0.78 0.06 0.01 0.03 0.02 -0.00 76.74 91.06 89.96 
0 0 0 38.59 0.00000000 0.00000000 0.00 0.00 0.00 -0.77 0.09 0.01 -0.04 0.04 0.02 76.88 91.45 90.21 
0 0 0 38.69 0.00000000 0.00000000 0.00 0.00 0.00 -0.74 0.05 2.85 0.23 0.02 -0.07 77.40 90.93 89.34 
0 0 0 38.79 0.00000000 0.00000000 0.00 0.00 0.00 -0.73 0.06 0.01 0.40 0.07 -0.10 77.63 91.06 88.96 
0 0 0 38.89 0.00000000 0.00000000 0.00 0.00 0.00 -0.65 0.10 -0.03 1.87 0.20 -0.45 78.95 91.69 85.51 
0 0 0 38.99 0.00000000 0.00000000 0.00 0.00 0.00 -0.42 0.05 0.07 1.31 0.11 -0.18 82.89 90.83 88.24 
0 0 0 39.09 0.00000000 0.00000000 0.00 0.00 0.00 -0.33 0.15 -0.02 1.48 0.21 -0.10 84.40 92.56 89.05 
0 0 0 39.20 0.00000000 0.00000000 0.00 0.00 0.00 -0.12 0.10 0.07 1.62 0.21 -0.20 88.03 91.68 87.98 
0 0 0 39.30 0.00000000 0.00000000 0.00 0.00 0.00 0.19 0.07 0.14 1.14 0.08 0.19 93.18 91.17 91.87 
0 0 0 39.40 0.00000000 0.00000000 0.00 0.00 0.00 0.02 0.11 0.00 0.55 0.04 0.01 90.39 91.92 90.13 
0 0 0 39.50 0.00000000 0.00000000 0.00 0.00 0.00 0.03 0.07 -0.02 0.22 0.02 0.04 90.45 91.27 90.44 
0 0 0 39.60 0.00000000 0.00000000 0.00 0.00 0.00 0.06 0.10 -0.00 0.02 -0.01 0.02 91.03 91.67 90.15 
0 0 0 39.70 0.00000000 0.00000000 0.00 0.00 0.00 0.06 0.11 -0.01 0.02 -0.01 0.00 91.03 91.80 90.02 
0 0 0 39.80 0.00000000 0.00000000 0.00 0.00 0.00 0.06 0.10 -0.01 0.02 -0.01 0.00 91.04 91.68 90.04 
0 0 0 39.90 0.00000000 0.00000000 0.00 0.00 0.00 0.05 0.10 -0.01 0.02 -0.01 0.00 91.04 91.76 90.03 
0 0 0 40.00 0.00000000 0.00000000 0.00 0.00 0.00 0.07 0.10 0.00 0.01 -0.01 0.07 91.15 91.74 90.65 
0 0 0 40.10 0.00000000 0.00000000 0.00 0.00 0.00 0.05 0.11 -0.02 0.03 -0.01 -0.01 90.84 91.80 89.91 
0 0 0 40.20 0.00000000 0.00000000 0.00 0.00 0.00 0.04 0.11 -0.02 0.06 -0.00 -0.02 90.72 91.82 89.76 
0 0 0 40.31 0.00000000 0.00000000 0.00 0.00 0.00 0.11 0.10 0.02 0.19 0.00 -0.06 92.60 91.83 89.68 
0 0 0 40.41 0.00000000 0.00000000 0.00 0.00 0.00 0.02 0.10 -0.07 1.06 -0.02 0.07 90.41 91.68 90.68 
0 0 0 40.51 0.00000000 0.00000000 0.00 0.00 0.00 -0.02 0.27 -0.10 -0.03 -0.01 0.11 89.72 94.62 91.11 
0 0 0 40.61 0.00000000 0.00000000 0.00 0.00 0.00 0.05 0.08 -0.01 -0.00 -0.01 0.06 90.92 91.41 90.55 
0 0 0 40.71 0.00000000 0.00000000 0.00 0.00 0.00 0.07 0.11 0.00 0.01 -0.01 -0.00 91.14 91.86 89.99 
0 0 0 40.82 0.00000000 0.00000000 0.00 0.00 0.00 0.06 0.10 -0.01 0.02 -0.01 0.01 90.91 91.69 90.04 
0 0 0 40.92 0.00000000 0.00000000 0.00 0.00 0.00 0.06 0.11 -0.00 0.01 -0.01 0.00 91.10 91.81 90.04 
0 0 0 41.02 0.00000000 0.00000000 0.00 0.00 0.00 0.06 0.10 -0.01 0.01 -0.01 0.00 90.96 91.73 90.03 
0 0 0 41.12 0.00000000 0.00000000 0.00 0.00 0.00 0.07 0.10 -0.00 0.02 -0.01 0.00 91.11 91.75 90.01 
0 0 0 41.22 0.00000000 0.00000000 0.00 0.00 0.00 0.05 0.12 -0.01 0.29 0.03 0.28 90.85 91.96 92.78 
0 0 0 41.32 0.00000000 0.00000000 0.00 0.00 0.00 0.93 0.08 0.39 0.98 0.13 0.87 97.50 93.77 97.33 
0 0 0 41.43 0.00000000 0.00000000 0.00 0.00 0.00 0.36 0.04 0.15 1.62 0.14 0.63 96.07 90.61 96.32 
0 0 0 41.53 0.00000000 0.00000000 0.00 0.00 0.00 0.78 0.10 0.32 0.24 0.08 0.27 103.24 91.73 92.66 
0 0 0 41.63 0.00000000 0.00000000 0.00 0.00 0.00 0.17 -0.02 -0.10 1.74 -0.67 -0.18 92.84 89.63 88.15 
0 0 0 41.73 0.00000000 0.00000000 0.00 0.00 0.00 0.61 -0.02 0.09 1.89 -0.29 0.63 100.40 89.59 96.31 
0 0 0 41.83 0.00000000 0.00000000 0.00 0.00 0.00 0.80 -0.20 0.04 1.33 -0.74 -0.05 103.55 86.63 89.49 
0 0 0 41.93 0.00000000 0.00000000 0.00 0.00 0.00 0.81 -0.08 -0.05 0.85 0.42 0.17 103.80 88.60 91.69 
0 0 0 42.03 0.00000000 0.00000000 0.00 0.00 0.00 0.98 0.05 -0.00 0.65 0.53 -0.48 106.67 90.80 85.18 
0 0 0 42.13 0.00000000 0.00000000 0.00 0.00 0.00 0.80 0.04 -0.13 0.39 0.22 -0.36 103.57 90.74 86.38 
0 0 0 42.23 0.00000000 0.00000000 0.00 0.00 0.00 0.94 0.09 -0.05 0.48 0.01 -0.10 106.06 91.52 88.98 
0 0 0 42.33 0.00000000 0.00000000 0.00 0.00 0.00 1.01 0.11 -0.06 0.24 0.05 -0.09 107.17 91.84 89.13 
0 0 0 42.43 0.00000000 0.00000000 0.00 0.00 0.00 1.05 0.12 -0.06 0.27 -0.02 -0.02 107.93 91.99 89.78 
0 0 0 42.53 0.00000000 0.00000000 0.00 0.00 0.00 1.06 0.09 -0.07 -0.01 -0.01 0.01 107.97 91.57 90.06 
0 0 0 42.63 0.00000000 0.00000000 0.00 0.00 0.00 1.05 0.10 -0.07 -0.00 -0.01 0.00 107.87 91.66 90.02 
0 0 0 42.73 0.00000000 0.00000000 0.00 0.00 0.00 1.05 0.09 -0.07 0.04 -0.01 0.00 107.81 91.59 90.03 
0 0 0 42.83 0.00000000 0.00000000 0.00 0.00 0.00 1.06 0.09 -0.07 0.04 0.01 0.01 108.05 91.45 90.14 
0 0 0 42.94 0.00000000 0.00000000 0.00 0.00 0.00 1.06 0.09 -0.07 0.05 -0.01 0.00 108.14 91.65 90.04 
0 0 0 43.04 0.00000000 0.00000000 0.00 0.00 0.00 1.07 0.09 -0.06 0.03 -0.01 0.00 108.02 91.53 90.02 
0 0 0 43.14 0.00000000 0.00000000 0.00 0.00 0.00 1.06 0.09 -0.07 0.01 -0.02 -0.00 107.94 91.51 89.98 
0 0 0 43.25 0.00000000 0.00000000 0.00 0.00 0.00 1.06 0.10 -0.07 0.03 -0.02 0.00 107.97 91.64 90.01 
0 0 0 43.35 0.00000000 0.00000000 0.00 0.00 0.00 1.06 0.09 -0.07 0.00 -0.01 0.00 108.06 91.51 90.00 
0 0 0 43.45 0.00000000 0.00000000 0.00 0.00 0.00 1.06 0.08 -0.07 -0.01 -0.01 0.01 107.96 91.39 90.06 
0 0 0 43.55 0.00000000 0.00000000 0.00 0.00 0.00 1.06 0.09 -0.07 0.02 -0.01 0.00 107.90 91.52 90.02 
0 0 0 43.65 0.00000000 0.00000000 0.00 0.00 0.00 1.05 0.09 -0.07 0.01 -0.01 0.00 107.90 91.52 90.03 
0 0 0 43.75 0.00000000 0.00000000 0.00 0.00 0.00 1.02 0.09 -0.08 -0.02 0.00 0.00 107.38 91.57 90.01 
0 0 0 43.85 0.00000000 0.00000000 0.00 0.00 0.00 1.05 0.09 -0.06 0.01 -0.01 0.01 107.81 91.59 90.06 
0 0 0 43.95 0.00000000 0.00000000 0.00 0.00 0.00 1.04 0.09 -0.07 -0.03 -0.01 0.00 107.64 91.51 90.01 
0 0 0 44.05 0.00000000 0.00000000 0.00 0.00 0.00 1.03 0.10 -0.08 -0.02 -0.01 0.00 107.90 91.59 89.99 
0 0 0 44.15 0.00000000 0.00000000 0.00 0.00 0.00 1.04 0.09 -0.06 0.01 -0.01 0.00 107.75 91.52 90.00 
0 0 0 44.25 0.00000000 0.00000000 0.00 0.00 0.00 1.04 0.10 -0.06 -0.01 -0.02 0.00 107.70 91.65 90.02 
0 0 0 44.35 0.00000000 0.00000000 0.00 0.00 0.00 1.04 0.09 -0.06 -0.01 -0.01 0.00 107.62 91.57 90.00 
0 0 0 44.45 0.00000000 0.00000000 0.00 0.00 0.00 1.04 0.10 -0.06 -0.01 -0.01 0.00 107.66 91.65 90.00 
0 0 0 44.55 0.00000000 0.00000000 0.00 0.00 0.00 1.04 0.08 -0.06 0.02 -0.01 0.00 107.71 91.44 90.03 
0 0 0 44.65 0.00000000 0.00000000 0.00 0.00 0.00 1.06 0.09 -0.05 -0.27 0.05 0.04 108.00 91.50 90.36 
0 0 0 44.75 0.00000000 0.00000000 0.00 0.00 0.00 1.02 0.10 -0.05 -0.09 0.01 0.02 107.26 91.71 90.17 
0 0 0 44.86 0.00000000 0.00000000 0.00 0.00 0.00 1.01 0.09 -0.02 -0.38 0.07 0.06 107.23 91.61 90.64 
0 0 0 44.96 0.00000000 0.00000000 0.00 0.00 0.00 0.78 0.04 -0.10 -2.10 0.30 0.27 103.24 90.76 92.72 
0 0 0 45.06 0.00000000 0.00000000 0.00 0.00 0.00 0.55 0.07 -0.02 -1.51 -0.15 -0.17 99.41 91.18 88.33 
0 0 0 45.16 0.00000000 0.00000000 0.00 0.00 0.00 0.54 0.09 0.02 -0.43 -0.02 -0.06 99.22 91.49 89.41 
0 0 0 45.26 0.00000000 0.00000000 0.00 0.00 0.00 0.63 0.05 0.15 -0.88 0.10 0.16 100.67 90.91 91.59 
0 0 0 45.36 0.00000000 0.00000000 0.00 0.00 0.00 0.17 0.02 -0.13 -1.13 -0.10 -0.27 92.81 90.28 87.34 
0 0 0 45.46 0.00000000 0.00000000 0.00 0.00 0.00 0.34 0.09 0.11 -0.76 0.00 0.03 95.74 91.61 90.35 
0 0 0 45.56 0.00000000 0.00000000 0.00 0.00 0.00 0.17 0.10 0.02 -1.75 -0.09 0.32 92.83 91.64 93.17 
0 0 0 45.66 0.00000000 0.00000000 0.00 0.00 0.00 -0.00 0.07 0.10 -1.71 0.03 0.06 89.93 91.15 90.61 
0 0 0 45.76 0.00000000 0.00000000 0.00 0.00 0.00 -0.22 0.10 0.05 -0.06 -0.03 0.02 86.34 91.70 90.20 
0 0 0 45.86 0.00000000 0.00000000 0.00 0.00 0.00 -0.13 0.06 0.13 0.10 0.13 0.04 87.87 91.06 90.41 
0 0 0 45.96 0.00000000 0.00000000 0.00 0.00 0.00 -0.05 0.02 0.17 0.04 -0.15 -0.22 89.19 90.41 87.77 
0 0 0 46.06 0.00000000 0.00000000 0.00 0.00 0.00 -0.08 0.05 0.14 -0.09 0.04 -0.07 88.64 90.84 89.32 
0 0 0 46.16 0.00000000 0.00000000 0.00 0.00 0.00 -0.13 0.09 0.12 -0.83 0.13 -0.01 87.71 91.48 89.93 
0 0 0 46.27 0.00000000 0.00000000 0.00 0.00 0.00 -0.32 0.09 0.05 -3.07 0.16 -0.09 84.53 91.53 89.09 
0 0 0 46.37 0.00000000 0.00000000 0.00 0.00 0.00 -0.64 0.04 0.07 -2.11 -0.31 -0.28 79.13 90.69 87.15 
0 0 0 46.47 0.00000000 0.00000000 0.00 0.00 0.00 -0.77 0.03 0.04 -1.13 -0.00 -0.08 76.93 90.59 89.17 
0 0 0 46.57 0.00000000 0.00000000 0.00 0.00 0.00 -0.81 0.02 0.08 -0.30 -0.08 0.03 76.20 90.42 90.28 
0 0 0 46.67 0.00000000 0.00000000 0.00 0.00 0.00 -0.85 0.00 0.08 0.05 -0.09 0.04 75.62 90.00 90.45 
0 0 0 46.77 0.00000000 0.00000000 0.00 0.00 0.00 -0.83 0.00 0.09 0.04 -0.04 0.04 75.90 90.00 90.35 
0 0 0 46.87 0.00000000 0.00000000 0.00 0.00 0.00 -0.85 0.05 0.07 0.01 -0.01 0.02 75.48 90.86 90.24 
0 0 0 46.97 0.00000000 0.00000000 0.00 0.00 0.00 -0.83 0.02 0.10 0.00 0.01 -0.06 75.93 90.40 89.38 
0 0 0 47.07 0.00000000 0.00000000 0.00 0.00 0.00 -0.81 0.02 0.11 -0.01 -0.01 0.00 76.23 90.33 90.05 
0 0 0 47.17 0.00000000 0.00000000 0.00 0.00 0.00 -0.82 0.02 0.10 0.00 -0.01 -0.00 75.99 90.33 89.99 
0 0 0 47.27 0.00000000 0.00000000 0.00 0.00 0.00 -0.83 0.03 0.09 0.32 0.02 -0.00 75.92 90.45 89.97 
0 0 0 47.37 0.00000000 0.00000000 0.00 0.00 0.00 -0.66 -0.05 0.21 1.06 -0.14 -0.18 78.84 89.09 88.21 
0 0 0 47.47 0.00000000 0.00000000 0.00 0.00 0.00 -0.63 -0.02 0.14 0.49 -0.17 -0.17 79.21 89.73 88.33 
0 0 0 47.58 0.00000000 0.00000000 0.00 0.00 0.00 -0.64 -0.01 0.10 0.32 0.01 -0.01 79.11 89.87 89.92 
0 0 0 47.68 0.00000000 0.00000000 0.00 0.00 0.00 -0.61 0.02 0.11 0.33 0.00 -0.04 79.69 90.26 89.60 
0 0 0 47.78 0.00000000 0.00000000 0.00 0.00 0.00 -0.57 0.03 0.11 0.43 0.03 0.04 80.35 90.45 90.39 
0 0 0 47.88 0.00000000 0.00000000 0.00 0.00 0.00 -0.54 0.00 0.12 0.32 -0.02 0.03 80.89 90.00 90.30 
0 0 0 47.98 0.00000000 0.00000000 0.00 0.00 0.00 -0.54 -0.01 0.11 0.25 -0.01 0.00 80.88 89.80 90.02 
0 0 0 48.08 0.00000000 0.00000000 0.00 0.00 0.00 -0.52 0.02 0.11 0.22 -0.00 -0.06 80.68 89.93 89.63 
0 0 0 48.18 0.00000000 0.00000000 0.00 0.00 0.00 -0.42 0.01 0.13 0.87 0.05 -0.14 82.84 90.13 88.63 
0 0 0 48.28 0.00000000 0.00000000 0.00 0.00 0.00 -0.39 0.00 0.12 0.54 -0.10 0.09 83.43 90.07 90.88 
0 0 0 48.38 0.00000000 0.00000000 0.00 0.00 0.00 -0.34 -0.04 0.11 0.21 -0.01 0.15 84.15 89.36 91.49 
0 0 0 48.48 0.00000000 0.00000000 0.00 0.00 0.00 -0.36 -0.02 0.11 0.07 0.28 0.20 83.94 89.68 91.98 
0 0 0 48.58 0.00000000 0.00000000 0.00 0.00 0.00 -0.34 0.02 0.12 -0.08 0.20 0.07 84.25 90.32 90.71 
0 0 0 48.71 0.00000000 0.00000000 0.00 0.00 0.00 -0.34 0.03 0.14 -0.19 -0.03 0.05 84.27 90.47 90.47 
0 0 0 48.85 0.00000000 0.00000000 0.00 0.00 0.00 -0.36 0.03 0.13 0.38 -0.09 0.07 83.95 90.46 90.75 
0 0 0 48.99 0.00000000 0.00000000 0.00 0.00 0.00 -0.32 0.03 0.13 0.15 -0.05 -0.11 84.51 90.47 88.91 
0 0 0 49.12 0.00000000 0.00000000 0.00 0.00 0.00 -0.22 -0.06 0.16 2.15 -0.74 -0.21 86.33 89.00 87.92 
0 0 0 49.22 0.00000000 0.00000000 0.00 0.00 0.00 0.00 -0.05 0.13 0.49 0.16 -0.13 90.00 89.10 88.67 
0 0 0 49.32 0.00000000 0.00000000 0.00 0.00 0.00 -0.03 -0.01 0.08 0.16 0.08 -0.09 89.54 89.80 89.11 
0 0 0 49.42 0.00000000 0.00000000 0.00 0.00 0.00 -0.04 0.01 0.06 -0.36 -0.06 0.01 89.37 90.19 90.08 
0 0 0 49.52 0.00000000 0.00000000 0.00 0.00 0.00 -0.04 -0.02 0.08 -0.05 0.10 0.07 89.35 89.67 90.74 
0 0 0 49.62 0.00000000 0.00000000 0.00 0.00 0.00 -0.03 -0.02 0.08 -0.04 0.15 -0.01 89.47 89.73 89.91 
0 0 0 49.72 0.00000000 0.00000000 0.00 0.00 0.00 -0.03 -0.02 0.09 -0.01 0.02 -0.08 89.47 89.60 89.19 
0 0 0 49.82 0.00000000 0.00000000 0.00 0.00 0.00 -0.08 0.00 0.06 -0.06 -0.02 -0.04 88.71 90.00 89.63 
0 0 0 49.92 0.00000000 0.00000000 0.00 0.00 0.00 -0.08 -0.02 0.05 -0.34 0.04 -0.12 88.58 89.68 88.78 
0 0 0 50.03 0.00000000 0.00000000 0.00 0.00 0.00 -0.07 0.00 0.07 -0.18 0.00 -0.18 88.82 90.00 88.17 
0 0 0 50.13 0.00000000 0.00000000 0.00 0.00 0.00 -0.04 -0.02 0.10 0.33 0.54 0.56 89.32 89.66 95.62 
0 0 0 50.23 0.00000000 0.00000000 0.00 0.00 0.00 -0.11 0.04 0.06 -0.27 0.17 -0.09 88.16 90.70 89.05 
0 0 0 50.33 0.00000000 0.00000000 0.00 0.00 0.00 -0.13 0.15 0.05 -0.18 1.03 0.06 87.84 92.59 90.61 
0 0 0 50.43 0.00000000 0.00000000 0.00 0.00 0.00 -0.15 0.25 0.03 -0.02 1.48 0.13 87.38 94.29 91.25 
0 0 0 50.53 0.00000000 0.00000000 0.00 0.00 0.00 -0.05 0.38 0.13 0.17 1.06 0.09 89.23 96.47 90.87 
0 0 0 50.63 0.00000000 0.00000000 0.00 0.00 0.00 -0.05 0.61 0.11 0.43 1.51 0.44 89.23 100.36 94.44 
0 0 0 50.73 0.00000000 0.00000000 0.00 0.00 0.00 0.04 0.68 0.19 0.15 1.70 -0.24 90.62 101.56 87.64 
0 0 0 50.83 0.00000000 0.00000000 0.00 0.00 0.00 -0.03 0.78 0.13 0.25 1.92 0.03 89.46 103.30 90.29 
0 0 0 50.93 0.00000000 0.00000000 0.00 0.00 0.00 -0.06 0.92 0.06 0.19 1.16 -0.03 88.99 105.64 89.66 
0 0 0 51.03 0.00000000 0.00000000 0.00 0.00 0.00 -0.06 1.01 0.07 -0.00 0.32 -0.06 89.02 107.10 89.35 
0 0 0 51.13 0.00000000 0.00000000 0.00 0.00 0.00 -0.06 1.03 0.07 0.00 0.27 0.02 89.02 107.47 90.16 
0 0 0 51.23 0.00000000 0.00000000 0.00 0.00 0.00 -0.05 1.03 0.09 0.03 0.21 0.08 89.18 107.46 90.75 
0 0 0 51.34 0.00000000 0.00000000 0.00 0.00 0.00 -0.03 1.06 0.11 -0.02 -0.01 0.03 89.49 108.04 90.25 
0 0 0 51.44 0.00000000 0.00000000 0.00 0.00 0.00 -0.04 1.05 0.11 0.04 0.03 0.02 89.39 107.77 90.22 
0 0 0 51.54 0.00000000 0.00000000 0.00 0.00 0.00 -0.03 1.06 0.11 0.03 0.01 0.01 89.51 108.04 90.06 
0 0 0 51.64 0.00000000 0.00000000 0.00 0.00 0.00 -0.03 1.07 0.10 -0.00 -0.06 -0.00 89.49 108.12 89.98 
0 0 0 51.74 0.00000000 0.00000000 0.00 0.00 0.00 -0.03 1.02 0.11 -0.03 -0.38 -0.02 89.41 107.30 89.83 
0 0 0 51.84 0.00000000 0.00000000 0.00 0.00 0.00 -0.12 0.94 0.03 -0.10 -0.90 -0.27 88.78 106.74 88.35 
0 0 0 51.94 0.00000000 0.00000000 0.00 0.00 0.00 -0.07 0.87 0.08 -0.27 -1.82 -0.80 88.75 104.82 81.96 
0 0 0 52.04 0.00000000 0.00000000 0.00 0.00 0.00 -0.12 0.69 0.07 -0.22 -1.64 -0.05 87.88 101.77 89.54 
0 0 0 52.14 0.00000000 0.00000000 0.00 0.00 0.00 -0.13 0.45 0.10 -0.15 -1.68 0.15 87.78 97.61 91.48 
0 0 0 52.24 0.00000000 0.00000000 0.00 0.00 0.00 -0.07 0.28 0.17 0.68 -2.70 0.98 88.74 94.73 99.81 
0 0 0 52.34 0.00000000 0.00000000 0.00 0.00 0.00 -0.09 0.10 0.17 -0.55 -1.49 -0.24 88.62 92.84 88.34 
0 0 0 52.44 0.00000000 0.00000000 0.00 0.00 0.00 -0.08 -0.60 0.40 -0.06 -3.27 -0.53 88.62 79.77 84.75 
0 0 0 52.54 0.00000000 0.00000000 0.00 0.00 0.00 -0.07 -0.39 0.21 0.55 -1.43 -0.31 88.83 83.42 86.89 
0 0 0 52.64 0.00000000 0.00000000 0.00 0.00 0.00 -0.18 -0.65 0.24 -0.20 -1.26 -0.18 86.86 78.88 88.15 
0 0 0 52.74 0.00000000 0.00000000 0.00 0.00 0.00 -0.09 -0.72 0.24 0.15 -0.70 -0.09 88.47 77.83 89.14 
0 0 0 52.84 0.00000000 0.00000000 0.00 0.00 0.00 -0.03 -0.67 0.19 0.19 -0.28 -0.08 89.56 78.62 89.18 
0 0 0 52.95 0.00000000 0.00000000 0.00 0.00 0.00 0.02 -0.68 0.18 0.02 0.04 0.08 90.26 78.37 90.82 
0 0 0 53.05 0.00000000 0.00000000 0.00 0.00 0.00 -0.04 -0.66 0.18 -0.02 0.04 0.04 89.26 78.83 90.36 
0 0 0 53.15 0.00000000 0.00000000 0.00 0.00 0.00 -0.03 -0.64 0.18 -0.03 0.01 0.02 89.41 79.09 90.23 
0 0 0 53.25 0.00000000 0.00000000 0.00 0.00 0.00 -0.04 -0.66 0.19 -0.03 0.01 0.04 89.40 78.73 90.44 
0 0 0 53.35 0.00000000 0.00000000 0.00 0.00 0.00 -0.03 -0.64 0.19 -0.12 0.03 0.08 89.42 79.12 90.85 
0 0 0 53.45 0.00000000 0.00000000 0.00 0.00 0.00 -0.05 -0.65 0.20 -0.07 0.07 0.07 89.07 78.91 90.65 
0 0 0 53.55 0.00000000 0.00000000 0.00 0.00 0.00 -0.01 -0.62 0.19 -0.25 0.68 0.10 89.75 79.53 91.01 
0 0 0 53.65 0.00000000 0.00000000 0.00 0.00 0.00 0.04 -0.61 0.22 -0.49 1.32 0.49 90.68 79.66 94.91 
0 0 0 53.75 0.00000000 0.00000000 0.00 0.00 0.00 -0.17 -0.23 0.22 -0.74 1.65 0.63 87.07 86.15 96.28 
0 0 0 53.85 0.00000000 0.00000000 0.00 0.00 0.00 -0.34 -0.25 0.22 0.41 1.94 0.66 85.42 87.33 96.53 
0 0 0 53.95 0.00000000 0.00000000 0.00 0.00 0.00 -0.33 0.01 0.20 -0.42 0.55 -0.02 84.47 90.13 89.82 
0 0 0 54.05 0.00000000 0.00000000 0.00 0.00 0.00 -0.22 -0.02 0.25 0.16 0.69 0.06 86.21 89.66 90.57 
0 0 0 54.15 0.00000000 0.00000000 0.00 0.00 0.00 -0.06 0.02 0.32 0.84 0.21 -0.31 89.02 90.31 86.85 
0 0 0 54.25 0.00000000 0.00000000 0.00 0.00 0.00 -0.11 0.05 0.22 0.04 0.13 -0.21 88.08 90.80 87.90 
0 0 0 54.36 0.00000000 0.00000000 0.00 0.00 0.00 -0.14 0.06 0.19 0.10 0.02 0.03 87.67 91.01 90.27 
0 0 0 54.46 0.00000000 0.00000000 0.00 0.00 0.00 -0.12 0.05 0.21 0.09 0.00 0.04 87.98 90.87 90.42 
0 0 0 54.56 0.00000000 0.00000000 0.00 0.00 0.00 -0.14 0.10 0.18 0.13 0.15 -0.05 87.92 91.60 89.57 
0 0 0 54.66 0.00000000 0.00000000 0.00 0.00 0.00 -0.12 0.11 0.15 0.18 0.23 -0.56 88.04 91.88 84.40 
0 0 0 54.76 0.00000000 0.00000000 0.00 0.00 0.00 -0.11 0.15 0.10 0.25 -0.25 -1.13 88.18 92.58 78.67 
0 0 0 54.86 0.00000000 0.00000000 0.00 0.00 0.00 -0.12 0.03 0.01 -0.20 -0.51 -1.10 87.95 90.48 79.01 
0 0 0 54.96 0.00000000 0.00000000 0.00 0.00 0.00 -0.04 0.11 0.00 0.04 -0.15 -0.65 89.24 91.82 83.52 
0 0 0 55.07 0.00000000 0.00000000 0.00 0.00 0.00 -0.07 -0.12 -0.05 -0.33 -0.09 -0.70 90.21 90.55 83.45 
0 0 0 55.17 0.00000000 0.00000000 0.00 0.00 0.00 -0.11 -0.03 -0.16 -0.29 0.18 -0.55 88.20 89.42 84.51 
0 0 0 55.27 0.00000000 0.00000000 0.00 0.00 0.00 -0.20 -0.04 -0.25 -0.32 -0.09 -0.59 86.67 89.40 84.09 
0 0 0 55.37 0.00000000 0.00000000 0.00 0.00 0.00 -0.12 0.00 -0.25 -0.27 -0.42 -0.47 87.95 90.00 85.32 
0 0 0 55.47 0.00000000 0.00000000 0.00 0.00 0.00 -0.18 -0.06 5.98 0.12 -0.16 -0.33 87.02 89.01 86.68 
0 0 0 55.57 0.00000000 0.00000000 0.00 0.00 0.00 -0.15 -0.06 5.97 0.20 -0.05 -0.16 87.84 89.19 88.24 
0 0 0 55.68 0.00000000 0.00000000 0.00 0.00 0.00 -0.11 -0.05 5.98 0.05 -0.05 -0.03 88.09 89.18 89.72 
0 0 0 55.78 0.00000000 0.00000000 0.00 0.00 0.00 -0.14 -0.04 5.96 -0.06 0.01 0.03 87.65 89.37 90.35 
0 0 0 55.88 0.00000000 0.00000000 0.00 0.00 0.00 -0.18 -0.03 5.94 0.21 0.11 0.34 86.87 89.52 93.40 
0 0 0 55.98 0.00000000 0.00000000 0.00 0.00 0.00 -0.09 -0.06 -0.27 0.14 0.08 0.16 88.48 89.03 91.59 
0 0 0 56.08 0.00000000 0.00000000 0.00 0.00 0.00 -0.09 -0.05 -0.28 0.43 0.24 0.40 88.39 89.10 93.98 
0 0 0 56.18 0.00000000 0.00000000 0.00 0.00 0.00 0.00 0.04 -0.19 0.16 0.00 0.52 90.06 90.61 95.16 
0 0 0 56.28 0.00000000 0.00000000 0.00 0.00 0.00 -0.09 -0.01 -0.19 0.11 -0.03 0.57 88.46 89.80 95.74 
0 0 0 56.38 0.00000000 0.00000000 0.00 0.00 0.00 -0.05 0.06 -0.12 0.38 0.11 0.55 88.98 91.65 96.10 
0 0 0 56.48 0.00000000 0.00000000 0.00 0.00 0.00 -0.01 0.03 -0.05 0.11 -0.16 0.52 89.86 90.54 95.24 
0 0 0 56.58 0.00000000 0.00000000 0.00 0.00 0.00 -0.12 0.07 -0.10 -0.09 0.25 0.96 87.93 91.24 99.56 
0 0 0 56.68 0.00000000 0.00000000 0.00 0.00 0.00 -0.32 0.15 -0.17 0.26 0.42 1.18 84.53 92.58 101.75 
0 0 0 56.78 0.00000000 0.00000000 0.00 0.00 0.00 -0.09 0.09 2.85 -0.05 0.26 0.16 88.51 91.55 91.57 
0 0 0 56.88 0.00000000 0.00000000 0.00 0.00 0.00 -0.09 0.11 0.06 0.37 -0.10 -0.26 88.46 91.80 87.36 
0 0 0 56.98 0.00000000 0.00000000 0.00 0.00 0.00 -0.08 0.10 0.01 0.93 0.18 0.18 88.60 91.66 91.76 
0 0 0 57.08 0.00000000 0.00000000 0.00 0.00 0.00 0.02 0.13 0.04 -0.16 0.32 -0.37 90.34 92.15 86.32 
0 0 0 57.19 0.00000000 0.00000000 0.00 0.00 0.00 0.06 0.06 0.07 -0.82 0.17 -0.59 90.99 90.99 84.13 
0 0 0 57.29 0.00000000 0.00000000 0.00 0.00 0.00 0.01 0.09 0.02 0.22 -0.23 -0.05 90.25 91.52 89.53 
0 0 0 57.39 0.00000000 0.00000000 0.00 0.00 0.00 0.02 0.08 0.01 0.01 0.14 0.08 90.38 91.44 90.79 
0 0 0 57.49 0.00000000 0.00000000 0.00 0.00 0.00 -0.11 0.07 -0.08 0.47 0.02 0.09 88.19 91.16 90.93 
0 0 0 57.59 0.00000000 0.00000000 0.00 0.00 0.00 0.06 0.03 0.03 -0.02 -0.03 -0.14 91.05 90.45 88.56 
0 0 0 57.69 0.00000000 0.00000000 0.00 0.00 0.00 2.26 0.25 0.30 -0.04 -0.02 0.13 128.35 94.23 91.32 
0 0 0 57.79 0.00000000 0.00000000 0.00 0.00 0.00 0.12 0.10 0.08 0.02 -0.01 0.00 92.09 91.71 90.04 
0 0 0 57.89 0.00000000 0.00000000 0.00 0.00 0.00 0.08 0.10 0.05 0.01 -0.01 0.00 91.40 91.71 90.02 
0 0 0 57.99 0.00000000 0.00000000 0.00 0.00 0.00 0.07 0.10 0.03 0.01 -0.01 0.00 91.11 91.70 90.01 
0 0 0 58.09 0.00000000 0.00000000 0.00 0.00 0.00 0.06 0.10 0.03 0.02 -0.01 0.00 91.06 91.71 90.02 
0 0 0 58.19 0.00000000 0.00000000 0.00 0.00 0.00 0.07 0.09 0.03 0.01 -0.01 0.00 91.11 91.56 90.01 
0 0 0 58.29 0.00000000 0.00000000 0.00 0.00 0.00 0.06 0.09 0.03 0.01 -0.01 0.00 91.03 91.60 90.03 
0 0 0 58.39 0.00000000 0.00000000 0.00 0.00 0.00 0.07 0.10 0.04 0.02 -0.01 0.00 91.17 91.74 90.01 
0 0 0 58.49 0.00000000 0.00000000 0.00 0.00 0.00 0.06 0.10 0.03 0.02 -0.01 0.00 91.10 91.67 90.01 
0 0 0 58.59 0.00000000 0.00000000 0.00 0.00 0.00 0.07 0.11 0.04 0.02 -0.02 0.00 91.17 91.88 90.04 
0 0 0 58.70 0.00000000 0.00000000 0.00 0.00 0.00 0.07 0.10 0.03 0.01 -0.01 0.00 91.17 91.75 90.03 
0 0 0 58.80 0.00000000 0.00000000 0.00 0.00 0.00 0.07 0.09 0.03 0.02 -0.01 0.00 91.16 91.61 90.02 
0 0 0 58.90 0.00000000 0.00000000 0.00 0.00 0.00 0.06 0.10 0.04 0.01 -0.01 0.00 91.09 91.67 90.02 
0 0 0 59.00 0.00000000 0.00000000 0.00 0.00 0.00 0.07 0.10 0.03 0.02 -0.01 0.00 91.11 91.75 90.02 
0 0 0 59.10 0.00000000 0.00000000 0.00 0.00 0.00 0.07 0.10 0.04 0.02 -0.01 0.00 91.18 91.69 90.04 
0 0 0 59.20 0.00000000 0.00000000 0.00 0.00 0.00 0.07 0.10 0.04 0.01 -0.01 0.00 91.23 91.80 90.04 
0 0 0 59.30 0.00000000 0.00000000 0.00 0.00 0.00 0.07 0.10 0.04 0.02 -0.01 0.00 91.17 91.75 90.02 
0 0 0 59.40 0.00000000 0.00000000 0.00 0.00 0.00 0.07 0.10 0.04 0.01 -0.01 0.00 91.11 91.76 90.02 
0 0 0 59.50 0.00000000 0.00000000 0.00 0.00 0.00 0.07 0.10 0.04 0.01 -0.01 0.00 91.17 91.75 90.03 
0 0 0 59.61 0.00000000 0.00000000 0.00 0.00 0.00 0.07 0.10 0.04 0.02 -0.01 0.00 91.23 91.67 90.02 
0 0 0 59.71 0.00000000 0.00000000 0.00 0.00 0.00 0.07 0.09 0.04 0.02 -0.01 0.00 91.16 91.61 90.02 
0 0 0 59.81 0.00000000 0.00000000 0.00 0.00 0.00 0.07 0.10 0.04 0.02 -0.01 0.00 91.18 91.75 90.01 
0 0 0 59.91 0.00000000 0.00000000 0.00 0.00 0.00 0.06 0.10 0.04 0.01 -0.01 0.00 91.10 91.74 90.03 
0 0 0 60.01 0.00000000 0.00000000 0.00 0.00 0.00 0.06 0.10 0.03 0.02 -0.01 0.00 91.05 91.70 90.01 
0 0 0 60.11 0.00000000 0.00000000 0.00 0.00 0.00 0.07 0.10 0.03 0.01 -0.02 0.00 91.11 91.70 90.03 
0 0 0 60.21 0.00000000 0.00000000 0.00 0.00 0.00 0.07 0.10 0.04 0.01 -0.01 0.00 91.18 91.69 90.02 
0 0 0 60.31 0.00000000 0.00000000 0.00 0.00 0.00 0.07 0.11 0.03 0.02 -0.01 0.00 91.11 91.68 90.02 
0 0 0 60.42 0.00000000 0.00000000 0.00 0.00 0.00 0.07 0.10 0.04 0.01 -0.01 0.00 91.23 91.68 90.03 
0 0 0 60.52 0.00000000 0.00000000 0.00 0.00 0.00 0.07 0.10 0.04 0.02 -0.01 0.00 91.11 91.68 90.04 
0 0 0 60.62 0.00000000 0.00000000 0.00 0.00 0.00 0.07 0.10 0.04 0.01 -0.01 0.00 91.16 91.67 90.05 
0 0 0 60.72 0.00000000 0.00000000 0.00 0.00 0.00 0.06 0.10 0.03 0.01 -0.01 0.00 91.09 91.67 90.02 
0 0 0 60.82 0.00000000 0.00000000 0.00 0.00 0.00 0.07 0.10 0.04 0.01 -0.01 0.00 91.17 91.68 90.02 
0 0 0 60.92 0.00000000 0.00000000 0.00 0.00 0.00 0.06 0.10 0.03 0.02 -0.01 0.00 91.10 91.68 90.01 
0 0 0 61.02 0.00000000 0.00000000 0.00 0.00 0.00 0.07 0.10 0.02 0.02 -0.00 0.00 91.11 91.75 90.03 
0 0 0 61.12 0.00000000 0.00000000 0.00 0.00 0.00 0.07 0.10 0.03 0.01 -0.02 0.00 91.11 91.62 90.03 
0 0 0 61.22 0.00000000 0.00000000 0.00 0.00 0.00 0.07 0.10 0.05 0.01 -0.01 0.00 91.24 91.69 90.00 
0 0 0 61.32 0.00000000 0.00000000 0.00 0.00 0.00 0.07 0.11 0.04 0.01 -0.01 0.00 91.18 91.83 90.02 
0 0 0 61.42 0.00000000 0.00000000 0.00 0.00 0.00 0.07 0.10 0.04 0.02 -0.01 0.00 91.24 91.75 90.02 
0 0 0 61.52 0.00000000 0.00000000 0.00 0.00 0.00 0.06 0.10 0.03 0.01 -0.01 0.00 91.10 91.67 90.01 
0 0 0 61.62 0.00000000 0.00000000 0.00 0.00 0.00 0.07 0.09 0.04 0.02 -0.01 0.00 91.17 91.61 90.03 
0 0 0 61.72 0.00000000 0.00000000 0.00 0.00 0.00 0.06 0.10 0.03 0.02 -0.01 0.00 91.04 91.68 90.02 
0 0 0 61.82 0.00000000 0.00000000 0.00 0.00 0.00 0.07 0.10 0.03 0.02 -0.01 0.00 91.11 91.68 90.01 
0 0 0 61.93 0.00000000 0.00000000 0.00 0.00 0.00 0.07 0.11 0.04 0.02 -0.01 0.00 91.23 91.80 90.03 
0 0 0 62.03 0.00000000 0.00000000 0.00 0.00 0.00 0.06 0.09 0.03 0.02 -0.01 0.00 91.10 91.61 90.01 
0 0 0 62.13 0.00000000 0.00000000 0.00 0.00 0.00 0.08 0.11 0.04 0.02 -0.01 0.00 91.30 91.88 90.02 
0 0 0 62.23 0.00000000 0.00000000 0.00 0.00 0.00 0.07 0.10 0.03 0.01 -0.01 0.00 91.11 91.76 90.03 
0 0 0 62.33 0.00000000 0.00000000 0.00 0.00 0.00 0.07 0.10 0.03 0.01 -0.01 0.00 91.18 91.63 90.03 
0 0 0 62.43 0.00000000 0.00000000 0.00 0.00 0.00 0.06 0.10 0.04 0.01 -0.01 0.00 91.10 91.68 90.02 
0 0 0 62.53 0.00000000 0.00000000 0.00 0.00 0.00 0.07 0.10 0.03 0.02 -0.01 0.00 91.15 91.59 90.03 
0 0 0 62.63 0.00000000 0.00000000 0.00 0.00 0.00 0.07 0.10 0.04 0.01 -0.01 0.00 91.11 91.69 90.01 
0 0 0 62.74 0.00000000 0.00000000 0.00 0.00 0.00 0.07 0.11 0.04 0.02 -0.02 0.00 91.24 91.82 90.02 
0 0 0 62.84 0.00000000 0.00000000 0.00 0.00 0.00 0.06 0.10 0.03 0.02 -0.01 0.00 91.10 91.74 90.04 
0 0 0 62.94 0.00000000 0.00000000 0.00 0.00 0.00 0.07 0.10 0.04 0.02 -0.01 0.00 91.24 91.68 90.01 
0 0 0 63.04 0.00000000 0.00000000 0.00 0.00 0.00 0.06 0.10 0.03 0.02 -0.01 0.00 91.17 91.75 90.03 
0 0 0 63.14 0.00000000 0.00000000 0.00 0.00 0.00 0.07 0.10 0.04 0.02 -0.01 0.00 91.14 91.71 90.02 
0 0 0 63.24 0.00000000 0.00000000 0.00 0.00 0.00 0.06 0.10 0.03 0.01 -0.01 0.00 91.03 91.73 90.02 
0 0 0 63.34 0.00000000 0.00000000 0.00 0.00 0.00 0.07 0.10 0.04 0.02 -0.01 0.00 91.24 91.69 90.01 
0 0 0 63.45 0.00000000 0.00000000 0.00 0.00 0.00 0.07 0.10 0.03 0.01 -0.01 0.00 91.11 91.69 90.02 
0 0 0 63.55 0.00000000 0.00000000 0.00 0.00 0.00 0.06 0.10 0.03 0.02 -0.01 0.00 91.04 91.68 90.03 
0 0 0 63.65 0.00000000 0.00000000 0.00 0.00 0.00 0.07 0.10 0.03 0.01 -0.02 0.00 91.17 91.68 90.01 
0 0 0 63.75 0.00000000 0.00000000 0.00 0.00 0.00 0.07 0.10 0.03 0.01 -0.01 0.00 91.11 91.68 90.05 
0 0 0 63.85 0.00000000 0.00000000 0.00 0.00 0.00 0.06 0.10 0.03 0.02 -0.01 0.00 91.10 91.68 90.03 
0 0 0 63.95 0.00000000 0.00000000 0.00 0.00 0.00 0.07 0.11 0.03 0.02 -0.01 0.00 91.11 91.83 90.03 
0 0 0 64.05 0.00000000 0.00000000 0.00 0.00 0.00 0.07 0.10 0.03 0.02 -0.01 0.00 91.18 91.75 90.02 
0 0 0 64.16 0.00000000 0.00000000 0.00 0.00 0.00 0.06 0.11 0.03 0.01 -0.01 0.00 91.11 91.75 90.04 
0 0 0 64.26 0.00000000 0.00000000 0.00 0.00 0.00 0.07 0.09 0.04 0.02 -0.01 0.00 91.17 91.61 90.02 
0 0 0 64.36 0.00000000 0.00000000 0.00 0.00 0.00 0.07 0.10 0.04 0.02 -0.01 0.00 91.04 91.74 90.03 
0 0 0 64.46 0.00000000 0.00000000 0.00 0.00 0.00 0.07 0.10 0.04 0.01 -0.01 0.00 91.24 91.63 90.03 
0 0 0 64.57 0.00000000 0.00000000 0.00 0.00 0.00 0.07 0.11 0.04 0.01 -0.01 0.00 91.18 91.70 90.01 
0 0 0 64.67 0.00000000 0.00000000 0.00 0.00 0.00 0.07 0.09 0.03 0.01 -0.01 0.00 91.18 91.76 90.04 
0 0 0 64.77 0.00000000 0.00000000 0.00 0.00 0.00 0.07 0.10 0.03 0.01 -0.02 0.00 91.11 91.76 90.00 
0 0 0 64.87 0.00000000 0.00000000 0.00 0.00 0.00 0.07 0.10 0.04 0.02 -0.01 0.00 91.11 91.63 90.04 
0 0 0 64.97 0.00000000 0.00000000 0.00 0.00 0.00 0.07 0.10 0.04 0.02 -0.01 0.00 91.11 91.70 90.05 
0 0 0 65.08 0.00000000 0.00000000 0.00 0.00 0.00 0.06 0.11 0.03 0.01 -0.01 0.00 91.03 91.85 90.02 
0 0 0 65.18 0.00000000 0.00000000 0.00 0.00 0.00 0.07 0.10 0.04 0.01 -0.01 0.00 91.18 91.75 90.03 
0 0 0 65.29 0.00000000 0.00000000 0.00 0.00 0.00 0.06 0.10 0.03 0.01 -0.01 0.00 91.11 91.75 90.00 
0 0 0 65.42 0.00000000 0.00000000 0.00 0.00 0.00 0.07 0.10 0.04 0.02 -0.01 0.00 91.17 91.62 90.02 
0 0 0 65.55 0.00000000 0.00000000 0.00 0.00 0.00 0.07 0.10 0.04 0.02 -0.01 0.00 91.18 91.69 90.02 
0 0 0 65.69 0.00000000 0.00000000 0.00 0.00 0.00 0.07 0.10 0.04 0.01 -0.01 0.00 91.17 91.62 90.04 
0 0 0 65.82 0.00000000 0.00000000 0.00 0.00 0.00 0.07 0.10 0.04 0.02 -0.01 0.00 91.23 91.68 90.00 
0 0 0 65.92 0.00000000 0.00000000 0.00 0.00 0.00 0.07 0.09 0.04 0.01 -0.01 0.00 91.11 91.56 90.03 
0 0 0 66.03 0.00000000 0.00000000 0.00 0.00 0.00 0.08 0.10 0.05 0.02 -0.01 0.00 91.17 91.62 90.03 
0 0 0 66.13 0.00000000 0.00000000 0.00 0.00 0.00 0.07 0.10 0.04 0.02 -0.01 0.00 91.17 91.75 90.03 
0 0 0 66.23 0.00000000 0.00000000 0.00 0.00 0.00 0.06 0.09 0.04 0.02 -0.01 -0.00 91.17 91.68 90.00 
0 0 0 66.33 0.00000000 0.00000000 0.00 0.00 0.00 0.07 0.10 0.03 0.02 -0.01 0.00 91.11 91.62 90.04 
0 0 0 66.43 0.00000000 0.00000000 0.00 0.00 0.00 0.06 0.09 0.03 0.02 -0.01 0.00 91.10 91.55 90.01 
0 0 0 66.54 0.00000000 0.00000000 0.00 0.00 0.00 0.07 0.11 0.04 0.02 -0.01 0.00 91.17 91.88 90.03 
0 0 0 66.64 0.00000000 0.00000000 0.00 0.00 0.00 0.06 0.10 0.03 0.02 -0.01 0.03 91.05 91.70 90.31 
0 0 0 66.74 0.00000000 0.00000000 0.00 0.00 0.00 0.05 0.09 0.03 -0.01 -0.00 0.20 90.83 91.47 91.96 
0 0 0 66.84 0.00000000 0.00000000 0.00 0.00 0.00 0.08 0.10 0.06 0.02 -0.01 0.00 91.38 91.77 90.01 
0 0 0 66.95 0.00000000 0.00000000 0.00 0.00 0.00 0.07 0.10 0.06 0.01 -0.02 0.00 91.11 91.76 90.02 
