3.29 -0.01 0.07 0.06 -0.01 -0.11 -0.15 -0.07 -0.03 -0.27 94.29 88.89 87.14 
3.47 -0.03 0.06 0.04 0.00 -0.12 -0.11 -0.23 -0.81 -0.19 93.41 90.10 87.73 
3.57 0.05 0.05 0.06 -0.00 -0.10 -0.10 0.39 -0.26 -0.19 92.65 89.99 87.66 
3.67 0.09 0.06 0.02 0.01 0.05 0.07 0.87 -0.06 0.03 93.28 90.46 90.40 
3.77 0.18 0.14 -0.08 -0.01 0.32 0.37 0.75 -0.46 0.20 97.78 89.58 92.35 
3.87 0.29 0.23 -0.08 -0.06 0.06 0.10 0.42 0.08 0.22 103.38 86.61 92.59 
3.98 0.25 0.25 -0.14 -0.11 0.21 0.22 0.10 -0.11 0.09 104.20 83.66 91.04 
4.08 0.21 0.24 -0.15 -0.14 0.23 0.25 -0.05 -0.15 -0.05 103.80 82.41 89.47 
4.18 0.30 0.25 -0.07 -0.10 0.14 0.17 0.01 0.06 -0.07 103.59 83.69 89.12 
4.29 0.37 0.26 -0.11 -0.09 0.16 0.22 -0.01 0.09 -0.02 103.93 85.00 89.64 
4.39 0.28 0.26 -0.13 -0.08 0.20 0.22 0.04 0.08 0.01 104.51 85.94 90.05 
4.50 0.23 0.25 -0.04 -0.08 0.18 0.16 0.06 0.10 0.04 104.37 85.09 90.51 
4.60 0.26 0.25 -0.09 -0.08 0.25 0.24 0.02 -0.00 0.01 104.45 85.23 90.19 
4.70 0.25 0.25 -0.09 -0.08 0.28 0.28 -0.02 -0.04 -0.01 104.43 85.18 89.91 
4.80 0.26 0.25 -0.08 -0.08 0.24 -0.03 0.00 -0.07 0.00 104.51 85.49 90.00 
4.91 0.24 0.25 -0.07 -0.07 0.29 0.28 0.00 -0.01 -0.00 104.37 85.82 89.96 
5.01 0.24 0.25 -0.07 -0.07 0.26 0.25 0.00 0.04 0.01 104.36 85.80 90.08 
5.11 0.25 0.24 -0.08 -0.08 0.24 0.26 -0.02 0.04 -0.01 103.94 85.72 89.96 
5.22 0.24 0.24 -0.08 -0.07 0.25 0.25 0.01 -0.05 -0.01 104.00 85.73 89.93 
5.32 0.24 0.24 -0.02 -0.05 0.31 0.29 0.03 -0.08 -0.01 103.97 86.49 89.90 
5.42 0.25 0.25 -0.07 -0.06 0.29 0.29 0.03 -0.03 0.02 104.18 86.54 90.13 
5.52 0.24 0.24 -0.07 -0.07 0.29 0.28 0.02 -0.06 0.01 104.01 86.20 90.16 
5.63 0.24 0.24 -0.08 -0.08 0.31 0.31 0.01 -0.05 -0.01 103.50 85.64 89.86 
5.73 0.24 0.24 -0.06 -0.06 0.31 0.31 -0.01 -0.00 -0.01 104.08 86.25 89.87 
5.84 0.24 0.25 -0.07 -0.07 0.25 0.25 0.02 0.01 0.02 104.34 86.04 90.16 
5.94 0.24 0.25 -0.05 -0.08 0.26 0.24 0.03 0.03 0.01 104.32 85.36 90.13 
6.05 0.24 0.24 -0.08 -0.08 0.28 0.28 0.03 -0.03 -0.02 104.07 85.75 89.81 
6.15 0.29 0.26 -0.06 -0.07 0.13 0.15 0.05 0.01 -0.02 104.68 85.81 89.75 
6.25 0.27 0.26 0.00 -0.05 0.24 0.23 0.05 0.09 0.03 105.18 87.35 90.31 
6.35 0.24 0.25 -0.06 -0.06 0.21 0.26 -0.06 -0.33 -0.01 104.51 86.81 89.90 
6.45 0.20 0.22 -0.13 -0.08 0.44 0.45 -0.08 -1.38 -0.14 102.61 85.15 88.31 
6.56 0.41 0.27 -0.40 -0.21 0.62 1.00 0.12 -1.93 -0.05 103.96 79.73 89.11 
6.66 0.35 0.27 -0.51 -0.36 0.24 0.41 0.26 -1.32 0.22 105.47 69.26 92.64 
6.76 0.37 0.34 -0.51 -0.50 0.17 0.21 0.35 -0.81 0.33 109.36 61.36 93.82 
6.86 0.21 0.35 -0.69 -0.62 0.13 0.00 0.27 -0.88 0.33 110.18 54.32 93.96 
6.96 0.36 0.36 -0.94 -0.79 0.17 0.21 0.08 -0.84 0.12 110.80 44.92 91.47 
7.07 0.81 0.47 -0.95 -0.89 -0.18 -0.07 -0.06 -0.74 0.10 113.31 39.26 91.01 
7.17 0.57 0.45 -0.98 -0.94 -0.14 -0.05 -0.17 -0.72 0.17 115.64 36.32 92.06 
7.27 0.53 0.55 -1.09 -1.05 -0.53 -0.56 -0.21 -0.58 0.19 121.93 30.50 92.10 
7.37 0.39 0.62 -1.26 -1.16 -0.61 -0.72 -0.10 -0.43 0.20 125.36 23.53 92.36 
7.48 0.23 0.47 -1.05 -1.14 -0.19 -0.29 -0.05 -0.16 0.12 119.50 23.74 91.47 
7.58 0.60 0.48 -1.28 -1.18 -0.32 -0.28 0.05 -0.27 0.08 115.97 23.66 90.97 
7.68 0.30 0.36 -1.21 -1.14 0.07 0.04 0.05 -0.45 0.07 110.73 24.42 90.86 
7.78 0.43 0.38 -1.28 -1.18 -0.02 0.03 0.00 -0.52 0.13 111.27 23.74 91.39 
7.89 0.37 0.42 -1.29 -1.24 -0.22 -0.24 -0.06 0.06 0.10 114.86 19.31 91.25 
7.99 0.58 0.36 -1.22 -1.23 0.14 0.22 0.10 0.01 -0.02 110.64 19.63 89.71 
8.09 0.36 0.38 -1.18 -1.21 -0.04 -0.05 0.05 0.00 0.00 112.28 20.20 89.99 
8.20 0.31 0.41 -1.25 -1.24 -0.10 -0.14 0.02 -0.02 0.03 114.36 19.22 90.38 
8.30 0.28 0.34 -1.20 -1.21 0.11 0.07 0.03 -0.09 0.00 110.36 20.30 90.10 
8.40 0.63 0.42 -1.30 -1.24 -0.19 -0.10 0.05 -0.01 0.02 114.27 18.74 90.19 
8.51 0.37 0.40 -1.22 -1.24 -0.03 -0.05 0.04 0.03 0.02 113.26 18.78 90.25 
8.61 0.26 0.33 -1.21 -1.21 0.17 0.14 0.03 0.02 0.02 109.30 20.65 90.26 
8.71 0.38 0.37 -1.26 -1.23 -0.03 -0.02 0.04 0.03 0.03 111.26 19.53 90.33 
8.82 0.27 0.36 -1.25 -1.22 0.08 0.00 0.00 0.04 0.00 111.23 20.19 90.07 
8.92 0.42 0.41 -1.29 -1.24 -0.12 -0.12 0.03 0.05 0.01 113.14 19.10 90.06 
9.02 0.28 0.35 -1.22 -1.23 -0.01 -0.04 0.04 0.03 0.00 110.65 19.59 90.05 
9.13 0.31 0.33 -1.17 -1.21 0.08 0.06 0.01 0.10 0.04 109.41 20.20 90.47 
9.23 0.39 0.34 -1.21 -1.20 -0.01 0.01 -0.00 0.18 0.06 108.76 21.12 90.61 
9.33 0.33 0.29 -1.25 -1.19 0.18 0.10 0.08 0.01 -0.00 106.43 22.73 90.11 
9.44 0.26 0.28 -1.11 -1.15 0.14 0.12 0.10 0.20 -0.05 106.08 23.41 89.28 
9.54 0.40 0.31 -1.21 -1.14 0.11 0.17 0.15 -0.01 -0.00 107.05 25.42 89.91 
9.65 0.27 0.30 -1.18 -1.14 0.16 0.15 0.13 0.22 0.05 107.46 24.61 90.60 
9.75 0.18 0.27 -0.94 -1.05 0.31 0.21 0.05 0.40 -0.00 107.07 27.21 90.03 
9.85 0.28 0.27 -1.00 -1.00 0.29 0.34 0.03 0.55 -0.03 105.25 32.47 89.53 
9.98 0.19 0.26 -0.87 -0.98 0.03 0.25 0.15 1.81 -0.05 104.72 33.66 89.45 
10.11 0.15 0.24 -0.48 -0.91 0.01 0.03 0.09 1.26 -0.26 103.81 37.99 86.91 
10.25 0.24 0.24 -0.44 -0.84 0.03 0.02 0.08 1.30 -0.28 103.76 41.98 86.67 
10.38 0.24 0.24 -0.16 -0.74 0.04 0.03 0.21 1.74 -0.30 103.80 47.79 86.44 
10.48 0.21 0.23 0.08 -0.52 0.08 0.06 0.12 1.35 -0.32 103.64 54.33 85.88 
10.59 0.28 0.31 0.06 -0.14 0.03 0.01 -0.06 0.95 -0.18 108.01 80.01 87.61 
10.69 0.16 0.29 0.25 0.08 0.10 0.01 -0.02 0.55 -0.04 106.75 94.58 89.50 
10.79 0.25 0.26 0.11 0.09 0.28 0.28 0.02 0.40 -0.03 104.69 95.19 89.68 
10.90 0.17 0.23 0.16 0.15 0.36 0.33 0.07 0.36 0.02 103.92 98.61 90.27 
11.00 0.24 0.25 0.19 0.18 0.35 0.34 -0.06 0.11 -0.05 104.53 99.89 89.43 
11.10 0.23 0.25 0.20 0.20 0.34 0.33 -0.02 0.07 -0.04 104.24 101.47 89.56 
11.21 0.25 0.25 0.21 0.22 0.32 0.33 0.01 -0.07 -0.01 104.49 102.54 89.82 
11.31 0.25 0.25 0.22 0.22 0.31 0.31 0.02 -0.04 0.03 104.44 102.29 90.27 
11.41 0.26 0.25 0.20 0.20 0.32 0.32 0.05 -0.04 0.04 104.49 101.53 90.49 
11.52 0.25 0.25 0.19 0.20 0.31 0.31 0.02 -0.04 0.03 104.46 101.32 90.35 
11.62 0.22 0.25 0.20 0.19 0.34 0.32 0.00 -0.04 -0.00 104.60 100.75 90.00 
11.72 0.26 0.25 0.18 0.18 0.33 0.33 0.00 -0.04 -0.02 104.38 100.37 89.71 
11.83 0.26 0.25 0.20 0.19 0.34 0.34 -0.00 -0.02 0.00 104.58 100.80 90.05 
11.93 0.25 0.25 0.18 0.18 0.33 0.34 0.01 -0.01 0.01 104.50 100.54 90.09 
12.03 0.24 0.25 0.19 0.18 0.35 0.34 -0.01 -0.07 0.01 104.27 100.41 90.10 
12.14 0.25 0.24 0.16 0.17 0.36 0.36 -0.05 -0.44 -0.05 103.88 99.84 89.42 
12.24 0.21 0.24 0.11 0.12 0.32 0.31 -0.05 -0.26 -0.07 103.93 97.12 89.12 
12.34 0.23 0.24 0.14 0.12 0.32 0.31 0.06 -0.09 0.03 103.65 96.82 90.25 
12.45 0.23 0.23 0.06 0.10 0.41 0.34 0.08 -0.55 0.02 103.50 95.88 90.30 
12.55 0.21 0.23 0.07 0.07 0.41 0.40 0.01 -0.62 0.06 103.35 93.88 90.72 
12.65 0.26 0.24 -0.08 -0.01 0.42 0.46 -0.00 -0.67 0.04 103.43 90.22 90.45 
12.76 0.22 0.22 -0.05 -0.05 0.47 0.47 0.03 -0.64 0.04 102.81 87.18 90.37 
12.86 0.25 0.25 -0.11 -0.11 0.45 0.46 0.07 -0.55 0.03 104.06 83.64 90.39 
12.96 0.26 0.26 -0.20 -0.17 0.35 0.36 0.00 -0.71 0.04 104.92 80.27 90.54 
13.06 0.31 0.28 -0.30 -0.26 0.32 0.36 -0.11 -0.87 0.09 106.01 75.33 90.91 
13.16 0.37 0.29 -0.40 -0.37 -0.02 0.07 -0.14 -0.91 0.09 105.92 69.04 91.08 
13.26 0.27 0.26 -0.48 -0.44 0.17 0.19 -0.04 -0.91 0.04 105.17 64.99 90.49 
13.37 0.22 0.24 -0.52 -0.51 0.63 0.62 -0.00 -0.89 0.13 103.74 61.17 91.39 
13.47 0.36 0.25 -0.83 -0.64 0.21 0.38 0.07 -0.99 0.16 103.46 55.33 91.99 
13.57 0.29 0.24 -0.85 -0.70 0.48 0.64 0.18 -1.01 0.07 103.91 49.63 90.90 
13.67 0.39 0.30 -0.91 -0.80 -0.07 0.21 0.20 -0.77 0.06 106.47 45.60 90.74 
13.77 0.58 0.33 -1.00 -0.87 0.16 0.40 0.10 -0.61 0.13 106.25 41.43 91.63 
13.88 0.30 0.33 -0.96 -0.91 0.31 0.24 0.05 -0.26 0.13 108.66 37.93 91.56 
13.98 0.73 0.46 -1.10 -1.01 -0.23 -0.09 0.06 -0.24 0.05 113.31 33.15 90.73 
14.08 0.44 0.43 -0.96 -0.99 -0.19 -0.18 0.11 0.07 0.07 114.62 33.25 90.84 
14.19 0.32 0.36 -0.96 -0.96 0.06 0.03 0.08 -0.00 0.04 111.07 34.90 90.48 
14.29 0.35 0.35 -0.95 -0.96 0.08 0.07 0.04 0.08 0.01 110.25 34.77 90.15 
14.39 0.29 0.33 -0.91 -0.94 0.18 0.12 0.01 0.17 0.04 109.60 35.56 90.45 
14.49 0.35 0.29 -0.99 -0.94 0.46 0.52 0.02 -0.08 -0.01 105.79 36.61 90.00 
14.59 0.28 0.30 -0.90 -0.93 0.38 0.37 0.10 0.10 0.01 107.41 36.53 90.06 
14.69 0.33 0.34 -0.93 -0.94 0.20 0.19 0.06 0.19 0.04 109.39 35.97 90.50 
14.80 0.30 0.29 -0.83 -0.89 0.48 0.45 -0.04 0.22 -0.01 106.48 38.05 89.96 
14.90 0.28 0.30 -0.88 -0.90 0.32 0.29 -0.02 0.14 -0.04 107.58 38.24 89.56 
15.00 0.30 0.30 -0.88 -0.89 0.33 0.32 0.12 0.27 -0.08 107.21 38.72 89.03 
15.11 0.28 0.30 -0.81 -0.85 0.43 0.43 0.13 0.22 -0.08 107.35 40.54 89.00 
15.21 0.36 0.35 -0.82 -0.85 0.26 0.25 0.04 0.13 -0.04 109.99 41.13 89.51 
15.31 0.36 0.35 -0.82 -0.83 0.40 0.41 -0.02 -0.04 0.02 109.71 42.33 90.17 
15.42 0.31 0.34 -0.81 -0.83 0.35 0.32 0.01 0.15 0.02 109.45 42.51 90.33 
15.52 0.38 0.34 -0.89 -0.83 0.23 0.27 0.04 0.06 -0.01 109.30 43.09 89.83 
15.62 0.30 0.32 -0.80 -0.80 0.35 0.38 -0.05 -0.02 0.02 108.32 44.22 90.20 
15.72 0.30 0.29 -0.82 -0.79 0.52 0.54 -0.03 -0.09 -0.01 106.53 44.46 89.87 
15.82 0.32 0.30 -0.80 -0.79 0.47 0.50 0.06 -0.03 -0.02 106.90 44.66 89.73 
15.93 0.36 0.33 -0.82 -0.80 0.29 0.33 0.06 0.16 0.01 108.65 44.36 90.06 
16.03 0.23 0.28 -0.73 -0.75 0.49 0.45 0.07 0.42 -0.01 106.67 46.80 89.97 
16.13 0.32 0.29 -0.69 -0.73 0.54 0.54 -0.08 0.16 -0.05 106.59 48.37 89.45 
16.23 0.33 0.31 -0.73 -0.72 0.26 0.28 -0.13 0.08 -0.03 107.27 49.18 89.75 
16.33 0.30 0.30 -0.65 -0.69 0.29 0.28 -0.07 0.20 -0.07 107.01 50.53 89.18 
16.43 0.28 0.25 -0.63 -0.66 0.58 0.58 0.02 0.12 -0.09 103.93 52.01 88.95 
16.53 0.31 0.28 -0.66 -0.64 0.35 0.42 0.08 0.06 -0.03 105.68 53.54 89.52 
16.64 0.28 0.31 -0.59 -0.64 0.32 0.28 0.00 0.18 -0.02 108.30 53.18 89.62 
16.74 0.23 0.27 -0.64 -0.61 0.39 0.37 -0.09 -0.11 0.08 105.95 55.32 90.85 
16.85 0.28 0.27 -0.63 -0.63 0.35 0.36 -0.03 0.02 0.02 105.13 53.98 90.36 
16.95 0.27 0.25 -0.61 -0.61 0.42 0.44 0.01 0.03 -0.07 104.32 54.90 89.18 
17.05 0.34 0.29 -0.61 -0.61 0.19 0.28 -0.03 0.07 -0.01 106.54 55.24 89.92 
17.15 0.25 0.28 -0.59 -0.60 0.24 0.22 -0.05 -0.05 0.01 106.33 55.57 90.18 
17.26 0.25 0.25 -0.61 -0.59 0.40 0.41 0.04 -0.10 0.01 104.40 56.04 90.08 
17.36 0.31 0.26 -0.66 -0.61 0.37 0.43 0.11 -0.09 0.04 104.46 55.48 90.53 
17.46 0.29 0.28 -0.65 -0.64 0.22 0.23 0.07 0.04 -0.02 106.17 53.09 89.79 
17.56 0.34 0.28 -0.65 -0.63 0.26 0.29 -0.05 -0.09 0.01 105.71 53.92 90.01 
17.67 0.27 0.28 -0.63 -0.63 0.27 0.27 0.01 0.04 -0.05 105.83 53.71 89.53 
17.77 0.28 0.29 -0.58 -0.61 0.24 0.29 0.03 0.05 -0.03 106.43 55.01 89.65 
17.87 0.34 0.31 -0.65 -0.62 0.13 0.17 -0.02 -0.06 0.03 107.18 54.80 90.35 
17.98 0.26 0.27 -0.62 -0.61 0.47 0.47 0.02 -0.12 -0.01 105.64 55.43 89.82 
18.08 0.28 0.28 -0.62 -0.63 0.37 0.37 0.07 0.02 0.03 106.03 54.00 90.34 
18.18 0.30 0.29 -0.64 -0.63 0.27 0.28 0.01 -0.05 -0.02 106.62 54.11 89.83 
18.28 0.31 0.29 -0.61 -0.63 0.23 0.19 -0.00 0.07 -0.01 106.70 53.94 89.82 
18.39 0.34 0.28 -0.56 -0.60 0.35 0.39 0.01 -0.04 -0.00 105.22 55.26 89.94 
18.49 0.28 0.29 -0.62 -0.62 0.29 0.28 0.03 0.01 0.01 106.42 54.59 90.13 
18.59 0.28 0.29 -0.62 -0.62 0.21 0.20 0.04 -0.01 0.01 106.74 54.15 90.10 
18.69 0.28 0.28 -0.61 -0.62 0.34 0.33 0.02 -0.03 0.01 106.31 54.64 90.10 
18.79 0.28 0.28 -0.62 -0.63 0.27 0.30 0.02 -0.01 0.02 106.08 53.83 90.21 
18.90 0.28 0.28 -0.62 -0.63 0.32 0.31 0.01 0.03 -0.00 106.16 53.66 90.01 
19.00 0.28 0.27 -0.64 -0.63 0.35 0.36 0.01 -0.03 0.00 105.70 53.77 89.96 
19.10 0.30 0.28 -0.63 -0.63 0.35 0.36 0.04 -0.00 -0.02 105.93 53.79 89.84 
19.20 0.26 0.28 -0.62 -0.63 0.35 0.34 0.02 0.04 -0.01 106.17 54.18 89.83 
19.30 0.29 0.29 -0.63 -0.61 0.35 0.36 0.01 -0.03 0.01 106.44 55.14 90.02 
19.40 0.25 0.28 -0.64 -0.62 0.39 0.38 0.01 -0.03 -0.01 106.42 54.71 89.93 
19.51 0.29 0.29 -0.62 -0.62 0.36 0.37 0.03 -0.03 -0.01 106.42 54.32 89.84 
19.61 0.33 0.30 -0.60 -0.62 0.37 0.38 0.05 0.00 0.01 106.89 54.16 90.09 
19.71 0.31 0.31 -0.62 -0.62 0.27 0.27 -0.03 -0.00 0.03 107.50 54.34 90.35 
19.82 0.30 0.28 -0.62 -0.62 0.43 0.45 0.01 0.03 -0.00 105.67 54.48 90.00 
19.92 0.29 0.28 -0.61 -0.62 0.45 0.45 0.03 0.05 0.01 106.15 54.43 90.16 
20.02 0.33 0.31 -0.60 -0.63 0.29 0.30 0.02 0.14 0.02 107.43 53.46 90.25 
20.12 0.26 0.29 -0.67 -0.64 0.31 0.30 -0.04 -0.01 -0.00 106.89 53.44 89.90 
20.23 0.27 0.28 -0.61 -0.62 0.40 0.39 0.02 0.01 -0.01 106.00 54.03 89.84 
20.33 0.27 0.29 -0.61 -0.62 0.37 0.36 0.05 0.06 0.01 106.49 54.33 90.04 
20.43 0.29 0.29 -0.63 -0.63 0.36 0.36 -0.02 -0.03 0.03 106.45 53.98 90.34 
20.53 0.28 0.28 -0.65 -0.63 0.30 0.30 -0.00 -0.05 0.00 106.34 53.76 90.00 
20.63 0.31 0.29 -0.65 -0.63 0.33 0.36 0.03 -0.04 -0.00 106.18 54.29 89.96 
20.74 0.28 0.29 -0.62 -0.62 0.30 0.30 0.01 -0.02 0.01 106.65 54.47 90.09 
20.84 0.29 0.30 -0.66 -0.64 0.26 0.26 0.01 -0.01 0.01 107.02 53.57 90.15 
20.94 0.28 0.29 -0.64 -0.63 0.26 -0.02 -0.02 -0.03 -0.01 106.43 53.93 89.94 
21.05 0.29 0.29 -0.59 -0.61 0.31 0.31 -0.02 0.01 -0.01 106.74 54.73 89.96 
21.15 0.27 0.30 -0.61 -0.60 0.23 0.21 0.06 0.11 -0.05 107.24 55.65 89.29 
21.25 0.24 0.27 -0.58 -0.57 0.66 0.64 0.05 0.03 0.13 105.64 57.21 91.41 
21.35 0.27 0.25 -0.62 -0.59 0.50 0.52 0.01 -0.13 0.08 104.31 56.33 90.96 
21.45 0.29 0.27 -0.64 -0.63 0.41 0.39 0.03 -0.09 0.02 104.93 54.32 90.38 
21.56 0.29 0.29 -0.59 -0.61 0.28 0.28 0.03 0.11 -0.03 106.42 54.62 89.69 
21.66 0.23 0.27 -0.60 -0.59 0.43 0.40 -0.04 0.02 0.08 105.97 56.13 90.84 
21.76 0.25 0.25 -0.64 -0.63 0.43 0.43 0.00 -0.02 0.04 104.28 54.18 90.46 
21.86 0.26 0.24 -0.61 -0.62 0.49 0.50 0.04 0.02 -0.07 103.37 53.99 89.22 
21.96 0.28 0.27 -0.58 -0.61 0.41 0.40 -0.04 0.15 -0.04 105.29 54.42 89.49 
22.07 0.24 0.28 -0.57 -0.61 0.22 0.18 -0.09 0.19 -0.02 106.42 54.49 89.61 
22.17 0.29 0.26 -0.58 -0.57 0.29 0.38 -0.02 0.07 0.01 104.47 57.47 90.24 
22.27 0.27 0.27 -0.56 -0.56 0.34 0.34 0.11 0.16 0.04 105.22 57.68 90.36 
22.37 0.20 0.24 -0.56 -0.58 0.39 0.35 0.07 -0.08 0.12 104.46 56.86 91.50 
22.48 0.28 0.26 -0.62 -0.61 0.30 0.31 0.09 -0.08 -0.03 104.79 54.87 89.90 
22.58 0.20 0.25 -0.55 -0.58 0.52 0.47 0.04 0.17 -0.05 105.12 56.22 89.43 
22.68 0.27 0.27 -0.59 -0.57 0.29 0.40 -0.12 0.07 0.03 105.41 57.58 90.38 
22.78 0.23 0.26 -0.56 -0.57 0.32 0.30 -0.13 0.13 0.02 104.67 57.54 90.24 
22.89 0.19 0.22 -0.54 -0.55 0.40 0.40 0.00 -0.08 -0.00 102.95 58.14 90.01 
22.99 0.27 0.26 -0.54 -0.55 0.29 0.30 0.11 0.12 -0.04 104.67 58.17 89.49 
23.09 0.29 0.23 -0.56 -0.54 0.61 0.66 0.01 -0.21 0.12 102.74 59.59 91.27 
23.20 0.16 0.23 -0.51 -0.57 0.44 0.37 0.02 0.10 -0.09 103.88 56.79 89.19 
23.30 0.22 0.24 -0.50 -0.52 0.47 0.44 -0.01 -0.01 -0.03 103.89 59.72 89.69 
23.40 0.24 0.24 -0.56 -0.55 0.53 0.54 -0.01 0.05 0.09 103.51 58.61 91.12 
23.50 0.27 0.25 -0.55 -0.56 0.19 0.20 -0.01 0.01 -0.08 104.33 57.75 89.26 
23.61 0.23 0.25 -0.52 -0.53 0.56 0.54 0.03 -0.05 -0.01 104.34 59.53 89.64 
23.71 0.28 0.26 -0.57 -0.56 0.31 0.33 0.06 0.09 0.07 104.81 57.92 91.01 
23.82 0.26 0.26 -0.57 -0.57 0.30 0.30 -0.03 -0.02 -0.04 105.08 57.58 89.45 
23.92 0.15 0.24 -0.61 -0.56 0.31 0.31 -0.07 -0.08 -0.02 104.58 58.35 89.73 
24.02 0.26 0.26 -0.60 -0.57 0.19 0.20 0.07 -0.01 0.00 105.02 57.94 90.09 
24.12 0.10 0.23 -0.44 -0.54 0.42 0.29 0.04 0.11 0.03 103.23 59.21 90.33 
24.22 0.25 0.25 -0.60 -0.58 0.31 0.32 -0.04 -0.05 0.06 104.14 57.12 90.78 
24.33 0.19 0.24 -0.47 -0.55 0.28 0.22 0.02 0.07 -0.11 104.22 57.68 88.81 
24.43 0.16 0.22 -0.47 -0.52 0.57 0.50 0.01 0.03 0.07 102.94 60.07 90.55 
24.54 0.24 0.23 -0.55 -0.56 0.33 0.34 0.05 -0.03 0.01 103.00 58.01 90.36 
24.64 0.22 0.24 -0.50 -0.52 0.44 0.40 0.01 0.01 -0.11 103.88 59.93 88.47 
24.74 0.27 0.27 -0.54 -0.53 0.37 0.38 -0.05 0.03 0.08 105.24 59.74 90.91 
24.84 0.21 0.24 -0.55 -0.56 0.28 0.26 0.03 0.01 -0.00 103.73 58.14 89.99 
24.94 0.25 0.25 -0.53 -0.54 0.29 0.29 0.04 0.04 -0.01 104.02 58.74 89.89 
25.05 0.24 0.24 -0.54 -0.54 0.29 0.28 -0.01 0.02 0.02 104.09 59.14 90.21 
25.15 0.24 0.25 -0.54 -0.55 0.26 0.24 0.00 0.06 0.02 104.24 58.69 90.17 
25.26 0.23 0.25 -0.51 -0.53 0.26 0.25 -0.01 0.03 -0.06 104.27 59.30 89.35 
25.36 0.19 0.23 -0.61 -0.53 0.35 0.34 0.04 -0.05 0.03 103.45 60.20 90.25 
25.46 0.28 0.25 -0.51 -0.53 0.27 0.29 0.11 0.16 -0.00 103.97 59.65 90.11 
25.56 0.21 0.23 -0.49 -0.50 0.54 0.52 -0.01 0.04 0.05 102.96 61.07 90.58 
25.66 0.28 0.24 -0.57 -0.53 0.27 0.31 0.02 -0.01 0.02 103.49 59.83 90.47 
25.76 0.25 0.23 -0.51 -0.52 0.43 0.44 0.04 0.09 -0.05 103.00 59.94 89.48 
25.87 0.18 0.24 -0.49 -0.49 0.32 0.31 -0.09 0.01 -0.05 104.39 61.83 89.39 
25.97 0.21 0.24 -0.48 -0.48 0.31 0.27 -0.02 -0.16 -0.03 104.03 62.21 89.49 
26.07 0.24 0.23 -0.52 -0.51 0.44 0.46 0.12 -0.01 0.05 103.21 61.08 90.72 
26.18 0.28 0.25 -0.54 -0.53 0.25 0.28 0.07 -0.09 -0.02 104.19 60.02 89.74 
26.28 0.27 0.26 -0.53 -0.52 0.24 0.25 -0.02 -0.06 0.01 105.01 60.08 90.06 
26.38 0.22 0.24 -0.55 -0.52 0.36 0.36 -0.01 0.02 0.01 104.08 60.59 90.24 
26.48 0.24 0.24 -0.52 -0.52 0.31 0.31 0.02 -0.01 -0.04 103.73 60.36 89.52 
26.58 0.24 0.25 -0.50 -0.51 0.32 0.31 0.01 -0.02 -0.03 104.14 61.02 89.61 
26.68 0.27 0.26 -0.56 -0.51 0.28 0.30 0.02 -0.05 -0.00 105.01 61.22 89.95 
26.78 0.28 0.26 -0.55 -0.52 0.23 0.25 0.05 -0.05 -0.01 104.87 60.62 89.90 
26.89 0.23 0.26 -0.45 -0.50 0.47 0.43 0.00 0.05 0.01 104.97 60.54 90.09 
26.99 0.23 0.24 -0.53 -0.52 0.37 0.36 -0.03 -0.02 0.00 104.16 60.21 90.00 
27.09 0.26 0.25 -0.52 -0.52 0.34 0.35 0.04 -0.02 -0.01 104.21 60.16 89.88 
27.19 0.26 0.25 -0.51 -0.51 0.34 0.34 0.04 -0.01 -0.00 104.47 60.56 89.96 
27.30 0.27 0.26 -0.51 -0.52 0.29 0.30 -0.02 0.00 -0.02 104.98 60.40 89.78 
27.40 0.26 0.26 -0.50 -0.51 0.37 0.36 -0.01 0.00 -0.01 104.92 60.61 89.82 
27.51 0.26 0.26 -0.54 -0.51 0.27 0.28 0.03 -0.02 0.03 104.90 60.76 90.33 
27.61 0.24 0.25 -0.50 -0.51 0.30 0.29 0.04 -0.03 -0.00 104.69 60.46 90.01 
27.71 0.25 0.26 -0.50 -0.52 0.33 0.32 0.05 0.04 0.00 104.89 60.48 90.04 
27.81 0.28 0.27 -0.53 -0.52 0.27 0.27 -0.02 -0.03 0.01 105.32 60.44 90.18 
27.92 0.24 0.26 -0.51 -0.52 0.34 0.33 -0.01 -0.03 -0.01 104.95 60.15 89.97 
28.02 0.25 0.26 -0.50 -0.51 0.29 0.28 0.04 -0.01 0.01 104.75 60.47 90.07 
28.12 0.27 0.27 -0.51 -0.52 0.26 0.26 0.01 0.00 0.01 105.27 59.98 90.10 
28.23 0.27 0.27 -0.53 -0.53 0.21 0.21 -0.01 0.01 0.00 105.32 59.70 90.02 
28.33 0.34 0.27 -0.54 -0.52 0.22 0.28 0.01 0.01 -0.00 104.81 60.22 89.96 
