0 0 0 2.91 0.00000000 0.00000000 0.00 0.00 0.00 0.07 0.07 -0.04 0.02 -0.01 0.00 91.25 91.19 90.03 
0 0 0 3.08 0.00000000 0.00000000 0.00 0.00 0.00 0.09 0.08 -0.17 0.01 -0.01 0.00 91.61 91.41 90.03 
0 0 0 3.18 0.00000000 0.00000000 0.00 0.00 0.00 0.07 0.08 -0.06 0.02 -0.02 0.00 91.14 91.33 90.04 
0 0 0 3.28 0.00000000 0.00000000 0.00 0.00 0.00 0.07 0.08 -0.13 0.01 -0.01 0.00 91.18 91.37 90.04 
0 0 0 3.38 0.00000000 0.00000000 0.00 0.00 0.00 0.06 0.08 -0.05 0.02 -0.00 0.00 91.05 91.31 90.04 
0 0 0 3.48 0.00000000 0.00000000 0.00 0.00 0.00 0.07 0.08 -0.12 0.02 -0.01 0.00 91.17 91.30 90.04 
0 0 0 3.59 0.00000000 0.00000000 0.00 0.00 0.00 0.06 0.07 -0.04 0.01 -0.01 0.01 91.10 91.16 90.05 
0 0 0 3.69 0.00000000 0.00000000 0.00 0.00 0.00 0.05 0.07 -0.01 0.01 -0.01 0.01 90.91 91.17 90.07 
0 0 0 3.79 0.00000000 0.00000000 0.00 0.00 0.00 0.07 0.07 -0.11 0.02 -0.00 0.00 91.24 91.24 90.02 
0 0 0 3.89 0.00000000 0.00000000 0.00 0.00 0.00 0.07 0.07 -0.05 0.01 -0.02 0.01 91.18 91.12 90.05 
0 0 0 3.99 0.00000000 0.00000000 0.00 0.00 0.00 0.07 0.08 -0.14 0.01 -0.01 0.00 91.18 91.44 90.03 
0 0 0 4.09 0.00000000 0.00000000 0.00 0.00 0.00 0.06 0.07 -0.04 0.02 -0.01 0.01 91.05 91.18 90.05 
0 0 0 4.19 0.00000000 0.00000000 0.00 0.00 0.00 0.07 0.07 -0.10 0.02 -0.01 0.00 91.23 91.22 90.04 
0 0 0 4.29 0.00000000 0.00000000 0.00 0.00 0.00 0.06 0.08 -0.06 0.01 -0.01 0.01 91.04 91.37 90.05 
0 0 0 4.39 0.00000000 0.00000000 0.00 0.00 0.00 0.02 0.05 0.22 0.01 -0.01 0.00 90.38 90.88 90.05 
0 0 0 4.49 0.00000000 0.00000000 0.00 0.00 0.00 0.07 0.08 -0.14 0.01 -0.01 0.00 91.13 91.39 90.03 
0 0 0 4.59 0.00000000 0.00000000 0.00 0.00 0.00 0.05 0.07 -0.02 0.02 -0.01 0.00 90.92 91.25 90.05 
0 0 0 4.70 0.00000000 0.00000000 0.00 0.00 0.00 0.06 0.07 -0.07 0.01 -0.02 0.00 91.04 91.23 90.05 
0 0 0 4.80 0.00000000 0.00000000 0.00 0.00 0.00 0.09 0.08 -0.23 0.01 -0.01 0.00 91.53 91.39 90.04 
0 0 0 4.90 0.00000000 0.00000000 0.00 0.00 0.00 -0.02 0.09 0.54 0.02 -0.01 0.05 89.67 91.45 90.51 
0 0 0 5.00 0.00000000 0.00000000 0.00 0.00 0.00 -0.01 0.13 0.58 0.00 -0.00 0.12 89.82 92.22 91.20 
0 0 0 5.10 0.00000000 0.00000000 0.00 0.00 0.00 0.00 0.13 0.52 0.02 -0.01 0.06 90.05 92.27 90.64 
0 0 0 5.20 0.00000000 0.00000000 0.00 0.00 0.00 0.58 0.09 -0.88 0.03 0.00 0.01 99.86 91.55 90.09 
0 0 0 5.30 0.00000000 0.00000000 0.00 0.00 0.00 0.01 -0.04 0.70 0.01 0.00 0.04 90.19 89.33 90.42 
0 0 0 5.40 0.00000000 0.00000000 0.00 0.00 0.00 0.03 0.06 0.93 0.01 -0.00 0.05 90.47 91.01 90.49 
0 0 0 5.50 0.00000000 0.00000000 0.00 0.00 0.00 0.09 0.05 0.40 0.02 -0.01 0.01 91.51 90.91 90.05 
0 0 0 5.60 0.00000000 0.00000000 0.00 0.00 0.00 0.06 0.07 0.59 0.02 -0.01 0.01 91.16 91.22 90.03 
0 0 0 5.71 0.00000000 0.00000000 0.00 0.00 0.00 0.06 0.08 0.48 0.01 -0.01 0.01 90.91 91.10 90.07 
0 0 0 5.81 0.00000000 0.00000000 0.00 0.00 0.00 0.06 0.07 0.58 0.02 -0.02 0.01 90.96 91.16 90.07 
0 0 0 5.91 0.00000000 0.00000000 0.00 0.00 0.00 0.02 0.09 1.13 0.02 -0.01 -0.00 90.26 91.50 89.99 
0 0 0 6.01 0.00000000 0.00000000 0.00 0.00 0.00 -0.10 0.12 1.87 0.00 -0.00 -0.02 88.25 91.96 89.80 
0 0 0 6.11 0.00000000 0.00000000 0.00 0.00 0.00 -0.12 0.17 2.17 0.01 -0.02 -0.04 87.99 92.82 89.58 
0 0 0 6.21 0.00000000 0.00000000 0.00 0.00 0.00 0.02 0.02 1.38 0.01 -0.03 0.05 90.27 90.34 90.54 
0 0 0 6.31 0.00000000 0.00000000 0.00 0.00 0.00 0.28 -0.02 -0.01 -0.06 0.03 0.04 94.75 89.58 90.41 
0 0 0 6.41 0.00000000 0.00000000 0.00 0.00 0.00 -0.12 0.06 1.71 -0.16 0.12 0.11 87.89 91.05 91.08 
0 0 0 6.51 0.00000000 0.00000000 0.00 0.00 0.00 0.06 0.10 1.61 -0.13 0.07 -0.01 91.01 91.64 89.90 
0 0 0 6.61 0.00000000 0.00000000 0.00 0.00 0.00 -0.07 0.10 1.66 -0.23 -0.35 0.01 88.84 91.70 90.12 
0 0 0 6.71 0.00000000 0.00000000 0.00 0.00 0.00 -0.02 0.13 1.68 0.12 0.76 -0.03 89.64 92.27 89.69 
0 0 0 6.82 0.00000000 0.00000000 0.00 0.00 0.00 -0.05 0.19 1.66 0.16 -0.09 -0.15 89.13 93.27 88.46 
0 0 0 6.92 0.00000000 0.00000000 0.00 0.00 0.00 0.06 0.11 1.05 -0.02 0.31 0.15 91.06 91.91 91.53 
0 0 0 7.02 0.00000000 0.00000000 0.00 0.00 0.00 0.09 0.18 1.07 0.03 -0.17 0.07 91.61 93.04 90.68 
0 0 0 7.12 0.00000000 0.00000000 0.00 0.00 0.00 0.02 0.16 1.32 -0.07 -0.07 0.03 90.38 92.68 90.26 
0 0 0 7.22 0.00000000 0.00000000 0.00 0.00 0.00 0.00 0.14 1.33 -0.01 -0.12 0.06 90.06 92.17 90.52 
0 0 0 7.32 0.00000000 0.00000000 0.00 0.00 0.00 -0.02 0.12 1.46 0.05 -0.06 0.08 89.67 91.99 90.77 
0 0 0 7.42 0.00000000 0.00000000 0.00 0.00 0.00 0.05 0.30 2.72 0.30 -0.18 0.51 90.89 95.13 95.13 
0 0 0 7.52 0.00000000 0.00000000 0.00 0.00 0.00 0.08 0.36 3.11 0.05 -0.35 1.55 91.30 96.08 105.52 
0 0 0 7.62 0.00000000 0.00000000 0.00 0.00 0.00 -0.02 -0.12 1.47 0.23 -0.33 1.89 89.66 87.89 108.87 
0 0 0 7.72 0.00000000 0.00000000 0.00 0.00 0.00 0.16 -0.16 1.60 0.14 -0.08 1.34 92.65 87.29 103.40 
0 0 0 7.82 0.00000000 0.00000000 0.00 0.00 0.00 0.18 -0.32 0.99 -0.03 0.08 0.53 93.12 84.56 95.27 
0 0 0 7.93 0.00000000 0.00000000 0.00 0.00 0.00 0.03 -0.10 2.31 -0.03 -0.12 -0.47 90.59 88.24 85.25 
0 0 0 8.03 0.00000000 0.00000000 0.00 0.00 0.00 0.04 -0.05 2.35 -0.00 0.03 -0.91 90.67 89.11 80.89 
0 0 0 8.13 0.00000000 0.00000000 0.00 0.00 0.00 0.09 0.13 2.93 0.02 -0.06 -0.84 91.45 92.28 81.63 
0 0 0 8.23 0.00000000 0.00000000 0.00 0.00 0.00 0.06 0.06 2.31 0.72 0.21 -0.42 90.95 91.00 85.83 
0 0 0 8.33 0.00000000 0.00000000 0.00 0.00 0.00 0.14 0.01 2.03 1.19 -0.03 -0.43 92.34 90.25 85.71 
0 0 0 8.43 0.00000000 0.00000000 0.00 0.00 0.00 0.28 0.10 2.29 1.42 -0.23 -0.52 94.72 91.70 84.82 
0 0 0 8.53 0.00000000 0.00000000 0.00 0.00 0.00 0.33 0.12 2.32 1.38 -0.40 -0.33 95.53 91.98 86.69 
0 0 0 8.64 0.00000000 0.00000000 0.00 0.00 0.00 0.75 0.13 2.82 1.23 -0.32 -0.11 102.55 92.48 88.66 
0 0 0 8.74 0.00000000 0.00000000 0.00 0.00 0.00 0.89 0.09 2.70 0.72 -0.19 0.02 105.18 91.49 90.18 
0 0 0 8.84 0.00000000 0.00000000 0.00 0.00 0.00 0.85 -0.10 1.72 -0.01 -0.03 -0.00 104.53 88.34 89.99 
0 0 0 8.94 0.00000000 0.00000000 0.00 0.00 0.00 0.67 -0.06 1.86 -1.11 0.36 -0.29 101.39 88.95 87.07 
0 0 0 9.04 0.00000000 0.00000000 0.00 0.00 0.00 0.47 0.16 2.28 -1.91 0.05 -0.48 97.91 92.69 85.17 
0 0 0 9.14 0.00000000 0.00000000 0.00 0.00 0.00 0.24 0.12 1.91 -1.57 0.60 -0.32 94.01 92.01 86.81 
0 0 0 9.24 0.00000000 0.00000000 0.00 0.00 0.00 0.18 0.21 1.98 -0.71 0.70 -0.27 92.98 93.52 87.27 
0 0 0 9.34 0.00000000 0.00000000 0.00 0.00 0.00 0.17 0.25 1.75 -0.17 -0.13 -0.10 92.93 94.25 89.04 
0 0 0 9.44 0.00000000 0.00000000 0.00 0.00 0.00 0.18 0.19 1.63 -0.00 -1.35 0.10 93.04 93.27 90.96 
0 0 0 9.54 0.00000000 0.00000000 0.00 0.00 0.00 0.16 0.04 2.05 -0.05 -2.01 0.23 92.71 90.61 92.33 
0 0 0 9.65 0.00000000 0.00000000 0.00 0.00 0.00 0.19 -0.25 2.05 0.03 -1.67 0.24 93.31 86.48 92.36 
0 0 0 9.75 0.00000000 0.00000000 0.00 0.00 0.00 0.22 -0.36 2.28 -0.01 -1.32 0.19 93.78 83.90 91.87 
0 0 0 9.85 0.00000000 0.00000000 0.00 0.00 0.00 0.09 -0.44 2.56 -0.06 -1.29 0.21 91.53 82.48 92.05 
0 0 0 9.95 0.00000000 0.00000000 0.00 0.00 0.00 0.10 -0.62 2.30 -0.04 -1.24 0.18 91.78 79.46 91.85 
0 0 0 10.05 0.00000000 0.00000000 0.00 0.00 0.00 0.17 -0.77 2.27 0.03 -0.64 0.07 93.34 76.51 90.75 
0 0 0 10.15 0.00000000 0.00000000 0.00 0.00 0.00 0.18 -0.80 2.34 0.02 -0.39 0.03 93.12 76.39 90.25 
0 0 0 10.26 0.00000000 0.00000000 0.00 0.00 0.00 0.15 -0.92 1.95 0.03 -0.22 0.02 92.50 74.43 90.15 
0 0 0 10.36 0.00000000 0.00000000 0.00 0.00 0.00 0.18 -1.02 1.61 0.02 -0.28 0.04 93.05 72.66 90.45 
0 0 0 10.46 0.00000000 0.00000000 0.00 0.00 0.00 0.22 -0.93 2.02 -0.01 0.21 0.00 93.68 74.13 90.02 
0 0 0 10.56 0.00000000 0.00000000 0.00 0.00 0.00 0.18 -0.90 2.00 -0.01 0.57 -0.02 92.90 74.29 89.84 
0 0 0 10.66 0.00000000 0.00000000 0.00 0.00 0.00 0.21 -0.90 1.62 -0.06 1.36 -0.08 93.65 74.71 89.20 
0 0 0 10.77 0.00000000 0.00000000 0.00 0.00 0.00 0.13 -0.48 2.80 -0.07 1.70 -0.22 92.24 81.30 87.87 
0 0 0 10.87 0.00000000 0.00000000 0.00 0.00 0.00 0.13 -0.48 2.27 -0.08 1.15 -0.19 92.16 81.84 88.09 
0 0 0 10.97 0.00000000 0.00000000 0.00 0.00 0.00 0.16 -0.29 2.34 -0.22 0.93 -0.14 92.65 85.09 88.62 
0 0 0 11.07 0.00000000 0.00000000 0.00 0.00 0.00 0.08 -0.18 2.11 0.09 0.76 -0.06 91.41 86.87 89.41 
0 0 0 11.17 0.00000000 0.00000000 0.00 0.00 0.00 0.15 -0.13 2.12 1.23 0.40 0.03 92.62 87.74 90.28 
0 0 0 11.27 0.00000000 0.00000000 0.00 0.00 0.00 0.27 -0.09 2.04 1.93 0.72 -0.04 94.52 88.54 89.60 
0 0 0 11.37 0.00000000 0.00000000 0.00 0.00 0.00 0.48 -0.05 2.04 2.00 0.30 0.02 97.03 89.93 90.11 
0 0 0 11.47 0.00000000 0.00000000 0.00 0.00 0.00 0.67 -0.02 2.03 1.38 -0.03 -0.01 101.36 89.64 89.85 
0 0 0 11.57 0.00000000 0.00000000 0.00 0.00 0.00 0.87 -0.02 2.06 0.87 -0.14 -0.07 104.85 89.72 89.29 
0 0 0 11.68 0.00000000 0.00000000 0.00 0.00 0.00 0.88 0.03 2.21 0.50 0.07 -0.01 104.94 90.47 89.93 
0 0 0 11.78 0.00000000 0.00000000 0.00 0.00 0.00 1.22 -0.01 -1.86 0.19 0.05 0.03 110.76 89.78 90.25 
0 0 0 11.88 0.00000000 0.00000000 0.00 0.00 0.00 0.94 0.04 2.30 0.07 0.07 0.04 106.06 90.68 90.36 
0 0 0 11.98 0.00000000 0.00000000 0.00 0.00 0.00 0.86 -0.00 2.11 0.08 0.02 0.04 104.70 89.93 90.37 
0 0 0 12.08 0.00000000 0.00000000 0.00 0.00 0.00 0.88 -0.03 2.06 -0.01 -0.06 0.03 104.76 89.67 90.37 
0 0 0 12.18 0.00000000 0.00000000 0.00 0.00 0.00 0.85 -0.00 2.14 -0.07 -0.06 0.02 104.44 89.94 90.21 
0 0 0 12.28 0.00000000 0.00000000 0.00 0.00 0.00 0.95 -0.02 2.10 0.01 -0.00 0.03 106.14 89.67 90.26 
0 0 0 12.39 0.00000000 0.00000000 0.00 0.00 0.00 0.87 -0.01 2.13 0.05 0.04 0.04 104.83 89.80 90.45 
0 0 0 12.49 0.00000000 0.00000000 0.00 0.00 0.00 0.89 -0.03 2.10 -0.01 -0.00 0.04 105.24 89.66 90.44 
0 0 0 12.59 0.00000000 0.00000000 0.00 0.00 0.00 0.86 -0.02 2.14 -0.09 0.06 -0.03 104.63 89.67 89.73 
0 0 0 12.69 0.00000000 0.00000000 0.00 0.00 0.00 0.88 -0.00 0.51 -0.03 -0.03 0.02 104.98 89.93 90.24 
0 0 0 12.79 0.00000000 0.00000000 0.00 0.00 0.00 0.86 -0.04 2.08 -0.05 0.06 0.02 104.67 89.40 90.23 
0 0 0 12.89 0.00000000 0.00000000 0.00 0.00 0.00 0.90 -0.03 2.08 -0.22 -0.00 0.01 105.34 89.44 90.09 
0 0 0 12.99 0.00000000 0.00000000 0.00 0.00 0.00 0.90 -0.08 1.91 -1.18 -0.04 -0.04 105.34 88.68 89.61 
0 0 0 13.09 0.00000000 0.00000000 0.00 0.00 0.00 0.55 0.18 2.59 -2.56 0.11 -0.04 99.34 93.00 89.58 
0 0 0 13.20 0.00000000 0.00000000 0.00 0.00 0.00 0.15 -0.08 1.98 -2.85 0.14 -0.17 93.50 88.84 88.78 
0 0 0 13.30 0.00000000 0.00000000 0.00 0.00 0.00 -0.07 -0.08 1.76 -2.46 0.67 -0.34 88.89 88.68 86.62 
0 0 0 13.40 0.00000000 0.00000000 0.00 0.00 0.00 -0.23 0.15 1.89 -2.00 0.52 -0.34 86.08 92.48 86.56 
0 0 0 13.50 0.00000000 0.00000000 0.00 0.00 0.00 -0.33 0.11 1.52 -1.49 -0.16 -0.29 84.44 91.81 87.06 
0 0 0 13.61 0.00000000 0.00000000 0.00 0.00 0.00 -0.43 0.09 1.28 -0.93 -0.16 -0.20 82.35 91.91 87.97 
0 0 0 13.71 0.00000000 0.00000000 0.00 0.00 0.00 -0.52 0.11 1.74 -0.64 -0.01 -0.18 81.09 91.94 88.25 
0 0 0 13.81 0.00000000 0.00000000 0.00 0.00 0.00 -0.55 0.08 1.25 -0.33 -0.07 -0.13 80.97 91.38 88.60 
0 0 0 13.92 0.00000000 0.00000000 0.00 0.00 0.00 -0.61 0.06 1.40 -0.20 -0.00 -0.04 79.64 91.03 89.56 
0 0 0 14.02 0.00000000 0.00000000 0.00 0.00 0.00 -0.57 0.06 1.08 -0.10 0.15 -0.02 80.28 91.04 89.76 
0 0 0 14.12 0.00000000 0.00000000 0.00 0.00 0.00 -0.56 0.11 1.28 0.37 0.16 0.11 80.31 91.79 90.96 
0 0 0 14.22 0.00000000 0.00000000 0.00 0.00 0.00 -0.51 0.09 1.04 1.20 -0.05 0.35 81.68 91.55 93.37 
0 0 0 14.32 0.00000000 0.00000000 0.00 0.00 0.00 -0.43 0.09 1.76 1.70 -0.43 0.37 82.62 91.50 93.66 
0 0 0 14.42 0.00000000 0.00000000 0.00 0.00 0.00 -0.24 0.07 1.72 2.11 -0.09 0.40 85.85 91.21 94.00 
0 0 0 14.52 0.00000000 0.00000000 0.00 0.00 0.00 -0.01 0.06 1.94 1.94 -0.07 0.36 89.85 91.08 93.56 
0 0 0 14.62 0.00000000 0.00000000 0.00 0.00 0.00 0.12 0.11 2.20 1.49 0.20 0.31 92.07 91.91 93.14 
0 0 0 14.72 0.00000000 0.00000000 0.00 0.00 0.00 0.25 0.08 2.03 0.43 0.02 0.11 94.28 91.32 91.10 
0 0 0 14.82 0.00000000 0.00000000 0.00 0.00 0.00 0.31 0.11 2.10 -0.20 0.03 0.02 95.25 91.74 90.18 
0 0 0 14.93 0.00000000 0.00000000 0.00 0.00 0.00 0.24 0.10 2.06 -0.26 -0.14 0.03 94.02 91.68 90.26 
0 0 0 15.03 0.00000000 0.00000000 0.00 0.00 0.00 0.15 0.00 1.84 -0.34 -0.48 0.00 92.55 90.00 90.02 
0 0 0 15.13 0.00000000 0.00000000 0.00 0.00 0.00 0.01 -0.13 1.71 -0.75 -0.96 0.02 90.09 87.81 90.22 
0 0 0 15.23 0.00000000 0.00000000 0.00 0.00 0.00 0.21 -0.30 0.60 -0.39 1.31 -0.27 93.62 84.93 87.25 
0 0 0 15.33 0.00000000 0.00000000 0.00 0.00 0.00 0.06 0.15 1.93 0.07 1.38 -0.90 91.17 92.59 81.31 
0 0 0 15.44 0.00000000 0.00000000 0.00 0.00 0.00 0.07 0.33 2.03 0.50 -0.57 -0.62 91.35 96.86 83.16 
0 0 0 15.54 0.00000000 0.00000000 0.00 0.00 0.00 0.26 0.37 -2.48 0.14 -0.21 -0.24 94.15 93.88 87.44 
0 0 0 15.64 0.00000000 0.00000000 0.00 0.00 0.00 0.03 0.14 1.37 -0.16 -0.26 -0.06 90.53 92.36 89.35 
0 0 0 15.74 0.00000000 0.00000000 0.00 0.00 0.00 0.03 0.02 1.13 -0.25 -0.43 -0.23 90.43 90.27 87.67 
0 0 0 15.84 0.00000000 0.00000000 0.00 0.00 0.00 0.08 0.05 1.00 -0.19 -0.50 -0.32 91.36 90.83 86.80 
0 0 0 15.95 0.00000000 0.00000000 0.00 0.00 0.00 0.03 0.14 1.63 0.21 -0.08 -0.08 87.34 90.96 88.81 
0 0 0 16.05 0.00000000 0.00000000 0.00 0.00 0.00 0.24 0.11 -0.08 0.08 -0.13 -0.16 94.16 91.82 88.42 
0 0 0 16.15 0.00000000 0.00000000 0.00 0.00 0.00 -0.05 0.06 1.64 0.04 -0.02 -0.10 89.12 91.10 88.96 
0 0 0 16.25 0.00000000 0.00000000 0.00 0.00 0.00 0.13 0.16 2.42 -0.00 0.03 -0.04 92.16 92.72 89.61 
0 0 0 16.35 0.00000000 0.00000000 0.00 0.00 0.00 0.05 0.08 1.32 0.00 -0.01 0.01 90.93 91.33 90.05 
0 0 0 16.45 0.00000000 0.00000000 0.00 0.00 0.00 0.09 0.07 1.23 0.01 -0.02 0.01 90.82 91.23 90.04 
0 0 0 16.55 0.00000000 0.00000000 0.00 0.00 0.00 0.07 0.07 1.28 0.01 -0.01 0.00 91.11 91.24 90.03 
0 0 0 16.65 0.00000000 0.00000000 0.00 0.00 0.00 0.07 0.07 1.26 0.02 -0.00 0.00 91.20 91.26 90.04 
0 0 0 16.75 0.00000000 0.00000000 0.00 0.00 0.00 0.06 0.08 1.30 0.01 -0.01 0.00 91.09 91.28 90.04 
0 0 0 16.85 0.00000000 0.00000000 0.00 0.00 0.00 0.07 0.08 1.26 0.01 -0.01 0.00 91.23 91.29 90.05 
0 0 0 16.95 0.00000000 0.00000000 0.00 0.00 0.00 0.05 0.06 1.24 0.02 -0.01 0.01 90.88 91.00 90.05 
0 0 0 17.05 0.00000000 0.00000000 0.00 0.00 0.00 0.06 0.07 1.34 0.01 -0.01 0.01 91.10 91.23 90.05 
0 0 0 17.15 0.00000000 0.00000000 0.00 0.00 0.00 0.06 0.07 1.34 0.01 -0.01 0.01 91.04 91.23 90.07 
0 0 0 17.26 0.00000000 0.00000000 0.00 0.00 0.00 0.06 0.08 1.32 0.02 -0.01 0.01 91.10 91.16 90.05 
0 0 0 17.36 0.00000000 0.00000000 0.00 0.00 0.00 0.07 0.07 1.26 0.01 -0.01 0.00 91.13 91.26 90.04 
0 0 0 17.46 0.00000000 0.00000000 0.00 0.00 0.00 0.07 0.08 1.39 0.01 -0.01 0.01 91.12 91.38 90.05 
0 0 0 17.56 0.00000000 0.00000000 0.00 0.00 0.00 0.06 0.07 1.33 0.01 -0.01 0.00 91.03 91.22 90.03 
0 0 0 17.66 0.00000000 0.00000000 0.00 0.00 0.00 0.08 0.07 1.22 0.01 -0.00 0.01 91.32 91.25 90.06 
0 0 0 17.76 0.00000000 0.00000000 0.00 0.00 0.00 0.06 0.06 1.27 0.01 -0.01 0.01 91.04 91.04 90.06 
0 0 0 17.86 0.00000000 0.00000000 0.00 0.00 0.00 0.07 0.07 1.33 0.02 -0.00 0.00 91.11 91.18 90.04 
0 0 0 17.96 0.00000000 0.00000000 0.00 0.00 0.00 0.09 0.08 1.25 0.02 -0.00 0.01 91.50 91.36 90.05 
0 0 0 18.06 0.00000000 0.00000000 0.00 0.00 0.00 0.06 0.08 1.43 0.01 -0.02 0.00 91.03 91.42 90.02 
0 0 0 18.17 0.00000000 0.00000000 0.00 0.00 0.00 0.06 0.09 1.45 0.02 0.02 0.00 90.96 91.46 90.02 
0 0 0 18.27 0.00000000 0.00000000 0.00 0.00 0.00 0.07 0.08 1.36 0.01 -0.03 0.01 91.16 91.42 90.06 
0 0 0 18.37 0.00000000 0.00000000 0.00 0.00 0.00 0.07 0.11 1.67 0.02 0.01 0.00 91.14 91.95 90.04 
0 0 0 18.47 0.00000000 0.00000000 0.00 0.00 0.00 0.11 0.04 0.85 0.02 0.01 -0.27 91.87 90.64 87.31 
0 0 0 18.57 0.00000000 0.00000000 0.00 0.00 0.00 0.06 0.07 1.27 -0.00 -0.13 0.18 91.07 91.25 91.82 
0 0 0 18.67 0.00000000 0.00000000 0.00 0.00 0.00 0.13 0.16 3.16 -0.00 -0.02 0.02 92.27 92.76 90.24 
0 0 0 18.77 0.00000000 0.00000000 0.00 0.00 0.00 0.05 0.04 1.20 0.00 0.00 0.11 90.77 90.64 91.15 
