0 0 0 2.40 0.00000000 0.00000000 0.00 0.00 0.00 0.07 0.07 0.00 0.01 -0.02 0.01 91.12 91.25 90.07 
0 0 0 2.56 0.00000000 0.00000000 0.00 0.00 0.00 0.07 0.07 0.01 0.01 -0.01 0.00 91.24 91.24 90.03 
0 0 0 2.66 0.00000000 0.00000000 0.00 0.00 0.00 0.07 0.07 0.02 0.01 -0.01 0.01 91.11 91.17 90.05 
0 0 0 2.76 0.00000000 0.00000000 0.00 0.00 0.00 0.07 0.06 0.07 0.01 -0.01 0.01 91.13 91.06 90.05 
0 0 0 2.86 0.00000000 0.00000000 0.00 0.00 0.00 0.07 0.07 0.02 0.01 -0.01 0.00 91.11 91.17 90.05 
0 0 0 2.96 0.00000000 0.00000000 0.00 0.00 0.00 0.07 0.07 0.02 0.02 -0.01 0.00 91.12 91.18 90.03 
0 0 0 3.06 0.00000000 0.00000000 0.00 0.00 0.00 0.07 0.06 0.05 0.01 -0.01 0.00 91.17 91.04 90.05 
0 0 0 3.16 0.00000000 0.00000000 0.00 0.00 0.00 0.07 0.07 0.01 0.01 -0.01 0.01 91.11 91.24 90.06 
0 0 0 3.27 0.00000000 0.00000000 0.00 0.00 0.00 0.06 0.07 0.02 0.01 -0.01 0.01 90.99 91.25 90.05 
0 0 0 3.37 0.00000000 0.00000000 0.00 0.00 0.00 0.07 0.07 0.01 0.01 -0.01 0.00 91.17 91.17 90.04 
0 0 0 3.47 0.00000000 0.00000000 0.00 0.00 0.00 0.07 0.07 -0.01 0.02 -0.01 0.00 91.24 91.24 90.04 
0 0 0 3.57 0.00000000 0.00000000 0.00 0.00 0.00 0.06 0.06 0.05 0.01 -0.01 0.01 91.10 91.03 90.05 
0 0 0 3.67 0.00000000 0.00000000 0.00 0.00 0.00 0.07 0.07 0.02 0.01 -0.01 0.00 91.11 91.11 90.04 
0 0 0 3.77 0.00000000 0.00000000 0.00 0.00 0.00 0.06 0.06 0.04 0.01 -0.01 0.01 91.10 91.10 90.06 
0 0 0 3.87 0.00000000 0.00000000 0.00 0.00 0.00 0.07 0.07 0.00 0.01 -0.01 0.00 91.19 91.19 90.04 
0 0 0 3.97 0.00000000 0.00000000 0.00 0.00 0.00 -0.03 0.05 0.31 -0.16 -0.23 -0.03 89.55 90.89 89.66 
0 0 0 4.07 0.00000000 0.00000000 0.00 0.00 0.00 0.06 0.11 -0.19 -0.18 -0.21 -0.29 91.10 91.86 87.12 
0 0 0 4.17 0.00000000 0.00000000 0.00 0.00 0.00 0.07 0.02 -0.12 -0.21 -0.52 -0.06 91.24 90.39 89.37 
0 0 0 4.27 0.00000000 0.00000000 0.00 0.00 0.00 0.04 -0.03 -0.17 -0.08 -0.69 0.04 90.61 89.51 90.44 
0 0 0 4.38 0.00000000 0.00000000 0.00 0.00 0.00 0.02 -0.13 -0.06 0.16 -0.92 0.14 90.32 87.81 91.39 
0 0 0 4.48 0.00000000 0.00000000 0.00 0.00 0.00 0.01 -0.26 0.07 0.26 -0.99 0.10 90.14 85.50 90.99 
0 0 0 4.58 0.00000000 0.00000000 0.00 0.00 0.00 0.04 -0.34 0.03 0.23 -0.86 0.09 90.73 84.71 90.93 
0 0 0 4.68 0.00000000 0.00000000 0.00 0.00 0.00 0.06 -0.40 0.09 0.22 -0.54 0.08 91.01 83.12 90.83 
0 0 0 4.78 0.00000000 0.00000000 0.00 0.00 0.00 0.01 -0.47 0.37 0.12 -0.29 0.04 90.24 81.99 90.42 
0 0 0 4.88 0.00000000 0.00000000 0.00 0.00 0.00 0.09 -0.49 0.10 -0.09 0.12 -0.03 91.47 81.66 89.65 
0 0 0 4.98 0.00000000 0.00000000 0.00 0.00 0.00 0.06 -0.46 0.07 -0.41 0.71 -0.08 91.07 82.13 89.19 
0 0 0 5.08 0.00000000 0.00000000 0.00 0.00 0.00 -0.11 -0.16 1.27 -0.78 1.65 -0.13 89.75 83.38 88.80 
0 0 0 5.18 0.00000000 0.00000000 0.00 0.00 0.00 -0.03 -0.14 -0.09 -0.35 1.16 -0.06 89.44 87.64 89.39 
0 0 0 5.28 0.00000000 0.00000000 0.00 0.00 0.00 -0.07 -0.02 -0.16 -0.57 0.55 -0.06 88.75 89.71 89.36 
0 0 0 5.38 0.00000000 0.00000000 0.00 0.00 0.00 -0.08 0.13 -0.39 0.25 0.39 -0.07 88.56 92.18 89.34 
0 0 0 5.48 0.00000000 0.00000000 0.00 0.00 0.00 -0.03 0.15 -0.27 0.64 0.08 0.18 89.55 92.56 91.81 
0 0 0 5.59 0.00000000 0.00000000 0.00 0.00 0.00 -0.29 -1.41 0.53 0.65 -0.01 0.07 85.05 66.05 90.75 
0 0 0 5.69 0.00000000 0.00000000 0.00 0.00 0.00 0.03 0.14 0.02 0.25 0.17 -0.02 90.49 92.43 89.76 
0 0 0 5.79 0.00000000 0.00000000 0.00 0.00 0.00 0.11 0.12 -0.21 0.04 0.07 0.11 89.15 89.64 91.43 
0 0 0 5.89 0.00000000 0.00000000 0.00 0.00 0.00 0.03 0.05 0.11 -0.01 -0.06 0.01 90.52 90.78 90.06 
0 0 0 5.99 0.00000000 0.00000000 0.00 0.00 0.00 0.09 0.09 -0.10 0.03 0.02 0.00 91.51 91.56 90.02 
0 0 0 6.09 0.00000000 0.00000000 0.00 0.00 0.00 0.08 0.07 -0.04 0.01 -0.02 0.01 91.31 91.11 90.07 
0 0 0 6.20 0.00000000 0.00000000 0.00 0.00 0.00 0.07 0.08 -0.02 0.02 -0.01 0.00 91.13 91.32 90.03 
0 0 0 6.30 0.00000000 0.00000000 0.00 0.00 0.00 0.07 0.07 0.01 0.03 0.01 0.00 91.52 91.45 90.01 
0 0 0 6.40 0.00000000 0.00000000 0.00 0.00 0.00 0.07 0.06 0.01 0.01 -0.03 0.01 91.17 90.97 90.06 
0 0 0 6.50 0.00000000 0.00000000 0.00 0.00 0.00 0.07 0.07 -0.01 -0.01 -0.03 0.01 91.16 91.16 90.06 
0 0 0 6.60 0.00000000 0.00000000 0.00 0.00 0.00 0.08 0.08 -0.05 0.02 0.00 0.00 91.31 91.37 90.03 
0 0 0 6.70 0.00000000 0.00000000 0.00 0.00 0.00 0.08 0.08 -0.05 0.02 -0.01 0.00 91.38 91.44 90.05 
0 0 0 6.80 0.00000000 0.00000000 0.00 0.00 0.00 0.07 0.08 -0.03 0.01 -0.02 0.01 91.18 91.30 90.05 
0 0 0 6.91 0.00000000 0.00000000 0.00 0.00 0.00 0.09 0.15 -0.19 0.02 0.03 0.07 91.46 92.48 90.69 
0 0 0 7.01 0.00000000 0.00000000 0.00 0.00 0.00 -0.01 0.02 0.28 -0.16 -0.07 0.25 89.87 90.33 92.45 
0 0 0 7.11 0.00000000 0.00000000 0.00 0.00 0.00 0.08 -0.05 0.07 -0.28 0.24 0.09 91.41 89.13 90.89 
0 0 0 7.21 0.00000000 0.00000000 0.00 0.00 0.00 0.13 0.06 -0.15 -0.13 0.12 -0.02 92.20 90.94 89.84 
0 0 0 7.31 0.00000000 0.00000000 0.00 0.00 0.00 0.00 0.04 0.18 -0.15 0.05 -0.05 90.00 90.64 89.47 
0 0 0 7.42 0.00000000 0.00000000 0.00 0.00 0.00 0.06 0.20 -0.20 -0.05 0.22 -0.05 90.99 93.19 89.48 
0 0 0 7.52 0.00000000 0.00000000 0.00 0.00 0.00 0.10 0.09 -0.15 0.35 -0.37 0.06 91.78 91.50 90.62 
0 0 0 7.62 0.00000000 0.00000000 0.00 0.00 0.00 0.10 0.06 -0.07 0.42 0.08 0.12 91.76 90.99 91.25 
0 0 0 7.72 0.00000000 0.00000000 0.00 0.00 0.00 0.10 0.06 0.14 0.18 -0.26 0.08 91.73 91.10 90.81 
0 0 0 7.82 0.00000000 0.00000000 0.00 0.00 0.00 0.12 0.05 0.06 -0.15 -0.16 0.03 91.99 90.86 90.26 
0 0 0 7.92 0.00000000 0.00000000 0.00 0.00 0.00 0.07 0.06 0.25 0.21 -0.05 0.12 91.19 90.95 91.21 
0 0 0 8.02 0.00000000 0.00000000 0.00 0.00 0.00 0.10 0.02 0.49 1.11 0.40 0.29 91.62 90.37 92.93 
0 0 0 8.12 0.00000000 0.00000000 0.00 0.00 0.00 0.27 0.13 0.22 1.11 0.52 0.26 94.28 91.97 92.57 
0 0 0 8.22 0.00000000 0.00000000 0.00 0.00 0.00 0.38 0.11 0.51 0.79 0.11 0.25 96.69 92.65 92.47 
0 0 0 8.32 0.00000000 0.00000000 0.00 0.00 0.00 0.49 0.15 0.37 0.57 0.18 0.20 98.41 92.49 92.00 
0 0 0 8.43 0.00000000 0.00000000 0.00 0.00 0.00 0.58 0.11 0.42 0.32 0.11 0.11 99.87 91.89 91.25 
0 0 0 8.53 0.00000000 0.00000000 0.00 0.00 0.00 0.51 0.12 0.71 -0.13 -0.06 -0.02 98.75 92.07 89.85 
0 0 0 8.63 0.00000000 0.00000000 0.00 0.00 0.00 0.49 0.13 0.77 -0.30 -0.00 -0.06 98.26 92.28 89.39 
0 0 0 8.73 0.00000000 0.00000000 0.00 0.00 0.00 0.45 0.09 0.61 -0.56 -0.17 -0.14 97.91 91.46 88.76 
0 0 0 8.84 0.00000000 0.00000000 0.00 0.00 0.00 0.27 0.13 1.00 -1.25 -0.62 -0.34 94.62 92.21 86.60 
0 0 0 8.94 0.00000000 0.00000000 0.00 0.00 0.00 0.20 0.07 0.49 -1.56 -0.52 -0.34 93.45 91.18 86.61 
0 0 0 9.04 0.00000000 0.00000000 0.00 0.00 0.00 0.03 0.04 0.72 -1.38 -0.30 -0.25 90.54 90.60 87.52 
0 0 0 9.14 0.00000000 0.00000000 0.00 0.00 0.00 -0.05 -0.05 0.20 -0.83 -0.71 -0.20 89.13 89.07 87.99 
0 0 0 9.24 0.00000000 0.00000000 0.00 0.00 0.00 -0.09 -0.16 0.03 -0.37 -0.83 -0.22 88.31 87.49 87.81 
0 0 0 9.34 0.00000000 0.00000000 0.00 0.00 0.00 -0.08 -0.19 -0.17 -0.17 -1.39 -0.21 88.65 86.75 87.94 
0 0 0 9.44 0.00000000 0.00000000 0.00 0.00 0.00 -0.12 -0.35 -0.10 0.18 -1.51 -0.21 87.89 84.03 87.92 
0 0 0 9.54 0.00000000 0.00000000 0.00 0.00 0.00 -0.13 -0.58 0.25 0.25 -0.93 -0.10 87.74 80.22 89.00 
0 0 0 9.64 0.00000000 0.00000000 0.00 0.00 0.00 -0.08 -0.65 0.06 -0.06 -0.64 0.03 88.70 78.92 90.27 
0 0 0 9.74 0.00000000 0.00000000 0.00 0.00 0.00 -0.12 -0.71 0.22 0.16 -0.21 0.07 87.90 77.94 90.74 
0 0 0 9.85 0.00000000 0.00000000 0.00 0.00 0.00 -0.13 -0.80 0.36 0.59 0.56 0.09 87.83 76.36 90.92 
0 0 0 9.95 0.00000000 0.00000000 0.00 0.00 0.00 -0.02 -0.61 0.04 0.81 1.82 0.14 89.72 79.67 91.36 
0 0 0 10.05 0.00000000 0.00000000 0.00 0.00 0.00 0.10 -0.39 -0.11 0.40 1.72 0.09 91.72 83.41 90.87 
0 0 0 10.15 0.00000000 0.00000000 0.00 0.00 0.00 0.07 -0.20 0.25 0.31 1.36 0.06 91.17 86.67 90.61 
0 0 0 10.25 0.00000000 0.00000000 0.00 0.00 0.00 0.06 -0.11 0.35 0.15 0.45 0.10 90.93 88.67 91.04 
0 0 0 10.35 0.00000000 0.00000000 0.00 0.00 0.00 0.06 -0.10 0.41 -0.05 0.10 -0.07 91.07 88.38 89.35 
0 0 0 10.45 0.00000000 0.00000000 0.00 0.00 0.00 0.07 -0.09 0.32 -0.27 -0.20 -0.16 91.19 88.40 88.45 
0 0 0 10.56 0.00000000 0.00000000 0.00 0.00 0.00 0.05 -0.04 0.17 -0.19 -0.50 -0.07 91.04 89.39 89.08 
0 0 0 10.66 0.00000000 0.00000000 0.00 0.00 0.00 0.11 -0.11 -0.09 0.33 -0.24 0.17 91.89 88.05 91.73 
0 0 0 10.76 0.00000000 0.00000000 0.00 0.00 0.00 0.16 -0.17 -0.02 0.51 0.47 0.29 92.72 87.14 92.94 
0 0 0 10.86 0.00000000 0.00000000 0.00 0.00 0.00 0.07 -0.09 0.44 0.05 0.82 0.23 91.13 88.17 92.49 
0 0 0 10.97 0.00000000 0.00000000 0.00 0.00 0.00 -0.02 -0.13 0.62 -0.24 0.29 0.09 90.31 89.62 91.08 
0 0 0 11.07 0.00000000 0.00000000 0.00 0.00 0.00 0.01 -0.02 0.40 -0.39 0.03 -0.05 90.12 89.59 89.46 
0 0 0 11.17 0.00000000 0.00000000 0.00 0.00 0.00 0.01 0.10 0.25 0.03 -0.14 -0.02 90.19 91.67 89.76 
0 0 0 11.27 0.00000000 0.00000000 0.00 0.00 0.00 0.10 0.01 -0.05 0.14 0.16 0.02 91.78 90.16 90.19 
0 0 0 11.37 0.00000000 0.00000000 0.00 0.00 0.00 0.04 0.11 0.16 -0.05 0.79 -0.00 90.71 91.87 89.96 
0 0 0 11.47 0.00000000 0.00000000 0.00 0.00 0.00 0.05 0.00 0.22 -0.02 -0.19 -0.03 90.83 90.00 89.69 
0 0 0 11.57 0.00000000 0.00000000 0.00 0.00 0.00 -0.02 0.23 0.38 -0.18 0.50 -0.09 89.72 93.83 89.10 
0 0 0 11.67 0.00000000 0.00000000 0.00 0.00 0.00 0.03 0.16 0.13 0.04 0.15 -0.05 90.51 92.79 89.51 
0 0 0 11.77 0.00000000 0.00000000 0.00 0.00 0.00 0.06 0.11 0.07 0.05 -0.33 -0.00 91.06 91.92 90.00 
0 0 0 11.87 0.00000000 0.00000000 0.00 0.00 0.00 0.17 0.06 -0.18 0.04 0.12 -0.01 92.93 90.94 89.89 
0 0 0 11.98 0.00000000 0.00000000 0.00 0.00 0.00 0.11 0.07 0.04 0.14 -0.05 0.03 91.10 91.42 90.37 
0 0 0 12.08 0.00000000 0.00000000 0.00 0.00 0.00 0.08 0.06 0.11 0.15 -0.12 -0.01 91.39 91.05 89.90 
0 0 0 12.18 0.00000000 0.00000000 0.00 0.00 0.00 -0.09 0.00 0.63 0.02 -0.02 -0.01 90.72 91.12 89.99 
0 0 0 12.28 0.00000000 0.00000000 0.00 0.00 0.00 0.06 0.07 0.24 0.10 -0.01 -0.06 90.95 91.27 89.44 
0 0 0 12.38 0.00000000 0.00000000 0.00 0.00 0.00 0.08 0.08 0.16 0.02 -0.00 -0.06 91.30 91.29 89.41 
0 0 0 12.49 0.00000000 0.00000000 0.00 0.00 0.00 0.09 0.06 0.15 0.00 -0.02 -0.01 91.64 91.24 89.91 
0 0 0 12.59 0.00000000 0.00000000 0.00 0.00 0.00 0.04 0.08 0.29 0.02 -0.01 -0.01 90.64 91.40 89.86 
0 0 0 12.69 0.00000000 0.00000000 0.00 0.00 0.00 0.08 0.08 0.15 0.01 -0.01 0.02 91.19 91.19 90.24 
0 0 0 12.79 0.00000000 0.00000000 0.00 0.00 0.00 0.08 0.06 0.15 0.02 -0.00 0.03 91.44 91.05 90.32 
0 0 0 12.89 0.00000000 0.00000000 0.00 0.00 0.00 0.07 0.07 0.19 0.01 -0.02 -0.02 91.22 91.15 89.77 
0 0 0 13.00 0.00000000 0.00000000 0.00 0.00 0.00 0.08 0.07 0.14 0.01 -0.01 -0.08 91.11 91.17 89.18 
0 0 0 13.10 0.00000000 0.00000000 0.00 0.00 0.00 0.08 0.07 0.14 0.01 -0.01 -0.06 91.33 91.26 89.39 
0 0 0 13.20 0.00000000 0.00000000 0.00 0.00 0.00 0.07 0.07 0.17 0.01 -0.02 -0.00 91.29 91.22 89.96 
0 0 0 13.31 0.00000000 0.00000000 0.00 0.00 0.00 0.08 0.07 0.15 0.02 -0.01 0.00 91.28 91.21 90.02 
0 0 0 13.41 0.00000000 0.00000000 0.00 0.00 0.00 0.07 0.06 0.14 0.01 -0.01 -0.02 91.26 91.06 89.79 
0 0 0 13.51 0.00000000 0.00000000 0.00 0.00 0.00 0.07 0.06 0.16 0.02 -0.01 -0.02 91.16 91.09 89.75 
0 0 0 13.61 0.00000000 0.00000000 0.00 0.00 0.00 0.07 0.07 0.20 0.01 -0.01 0.01 91.16 91.15 90.05 
0 0 0 13.71 0.00000000 0.00000000 0.00 0.00 0.00 0.07 0.07 0.14 0.01 -0.01 0.01 91.19 91.26 90.07 
0 0 0 13.81 0.00000000 0.00000000 0.00 0.00 0.00 0.07 0.06 0.16 0.01 -0.01 0.01 91.30 91.23 90.14 
0 0 0 13.91 0.00000000 0.00000000 0.00 0.00 0.00 0.07 0.07 0.15 0.02 -0.01 -0.01 91.22 91.15 89.94 
0 0 0 14.01 0.00000000 0.00000000 0.00 0.00 0.00 0.06 0.07 0.17 0.01 -0.02 -0.02 91.10 91.16 89.81 
0 0 0 14.11 0.00000000 0.00000000 0.00 0.00 0.00 0.07 0.07 0.18 0.02 -0.01 0.00 91.18 91.24 90.04 
0 0 0 14.22 0.00000000 0.00000000 0.00 0.00 0.00 0.08 0.08 0.13 0.01 -0.01 0.06 91.35 91.28 90.63 
0 0 0 14.32 0.00000000 0.00000000 0.00 0.00 0.00 0.09 0.06 0.13 0.01 -0.01 0.08 91.18 90.85 90.77 
0 0 0 14.42 0.00000000 0.00000000 0.00 0.00 0.00 0.07 0.07 0.18 0.01 -0.01 0.05 91.19 91.25 90.54 
0 0 0 14.52 0.00000000 0.00000000 0.00 0.00 0.00 0.08 0.07 0.17 0.02 -0.01 0.01 91.28 91.21 90.14 
0 0 0 14.62 0.00000000 0.00000000 0.00 0.00 0.00 0.08 0.07 0.12 0.01 -0.01 0.01 91.21 91.08 90.11 
0 0 0 14.72 0.00000000 0.00000000 0.00 0.00 0.00 0.08 0.07 0.15 0.01 -0.01 0.03 91.33 91.19 90.28 
0 0 0 14.82 0.00000000 0.00000000 0.00 0.00 0.00 0.08 0.07 0.13 0.01 -0.01 0.03 91.35 91.22 90.29 
0 0 0 14.93 0.00000000 0.00000000 0.00 0.00 0.00 0.08 0.07 0.16 0.01 -0.01 0.01 91.35 91.22 90.14 
0 0 0 15.03 0.00000000 0.00000000 0.00 0.00 0.00 0.07 0.07 0.18 0.01 -0.01 0.01 91.24 91.10 90.04 
0 0 0 15.13 0.00000000 0.00000000 0.00 0.00 0.00 0.07 0.07 0.16 0.02 -0.01 0.00 91.26 91.12 90.04 
0 0 0 15.23 0.00000000 0.00000000 0.00 0.00 0.00 0.08 0.05 0.19 0.01 -0.02 -0.05 91.37 91.24 89.49 
0 0 0 15.33 0.00000000 0.00000000 0.00 0.00 0.00 0.07 0.06 0.17 0.02 -0.01 0.01 91.18 90.98 90.06 
0 0 0 15.43 0.00000000 0.00000000 0.00 0.00 0.00 0.07 0.07 0.17 0.01 -0.01 0.00 91.22 91.22 90.04 
0 0 0 15.53 0.00000000 0.00000000 0.00 0.00 0.00 0.08 0.07 0.14 0.01 -0.01 0.02 91.31 91.24 90.17 
0 0 0 15.64 0.00000000 0.00000000 0.00 0.00 0.00 0.07 0.07 0.16 0.01 -0.01 0.00 91.13 91.06 90.04 
0 0 0 15.74 0.00000000 0.00000000 0.00 0.00 0.00 0.07 0.07 0.21 0.01 -0.01 0.00 91.12 91.18 90.04 
0 0 0 15.84 0.00000000 0.00000000 0.00 0.00 0.00 0.07 0.07 0.17 0.01 -0.01 0.01 91.23 91.22 90.06 
0 0 0 15.94 0.00000000 0.00000000 0.00 0.00 0.00 0.08 0.07 0.15 0.01 -0.01 0.01 91.31 91.11 90.12 
0 0 0 16.04 0.00000000 0.00000000 0.00 0.00 0.00 0.07 0.07 0.15 0.01 -0.01 0.00 91.24 91.24 90.05 
0 0 0 16.15 0.00000000 0.00000000 0.00 0.00 0.00 0.08 0.07 0.17 0.02 -0.01 0.01 91.24 91.17 90.06 
0 0 0 16.25 0.00000000 0.00000000 0.00 0.00 0.00 0.07 0.07 0.16 0.01 -0.01 0.00 91.39 91.39 90.04 
0 0 0 16.35 0.00000000 0.00000000 0.00 0.00 0.00 0.08 0.07 0.16 0.02 -0.01 0.00 91.26 91.06 90.04 
0 0 0 16.45 0.00000000 0.00000000 0.00 0.00 0.00 0.07 0.07 0.17 0.01 -0.01 0.01 91.18 91.18 90.06 
0 0 0 16.55 0.00000000 0.00000000 0.00 0.00 0.00 0.07 0.06 0.18 0.01 -0.02 0.01 91.24 90.98 90.07 
0 0 0 16.65 0.00000000 0.00000000 0.00 0.00 0.00 0.07 0.07 0.18 0.01 -0.01 0.00 91.24 91.17 90.04 
0 0 0 16.76 0.00000000 0.00000000 0.00 0.00 0.00 0.08 0.06 0.17 0.02 -0.01 0.01 91.31 91.04 90.06 
0 0 0 16.86 0.00000000 0.00000000 0.00 0.00 0.00 0.08 0.08 0.17 0.02 -0.01 0.00 91.30 91.43 90.04 
0 0 0 16.96 0.00000000 0.00000000 0.00 0.00 0.00 0.06 0.07 0.20 0.01 -0.01 0.00 91.12 91.57 90.05 
0 0 0 17.06 0.00000000 0.00000000 0.00 0.00 0.00 0.07 0.07 0.18 0.01 -0.01 0.00 91.25 91.12 90.03 
0 0 0 17.16 0.00000000 0.00000000 0.00 0.00 0.00 0.09 0.07 0.12 0.04 0.00 0.01 91.54 91.20 90.06 
0 0 0 17.26 0.00000000 0.00000000 0.00 0.00 0.00 0.06 0.07 0.20 0.01 -0.01 0.03 91.07 91.13 90.29 
0 0 0 17.36 0.00000000 0.00000000 0.00 0.00 0.00 0.07 0.05 0.19 0.05 -0.01 0.03 91.25 90.92 90.26 
0 0 0 17.46 0.00000000 0.00000000 0.00 0.00 0.00 0.07 0.06 0.20 0.07 -0.02 0.01 91.21 91.08 90.14 
0 0 0 17.57 0.00000000 0.00000000 0.00 0.00 0.00 0.07 0.07 0.23 0.07 -0.02 0.01 91.08 91.21 90.07 
0 0 0 17.67 0.00000000 0.00000000 0.00 0.00 0.00 0.09 0.06 0.19 0.09 -0.01 0.06 91.61 91.00 90.65 
0 0 0 17.77 0.00000000 0.00000000 0.00 0.00 0.00 0.09 0.06 0.21 0.03 -0.01 0.05 91.55 91.03 90.51 
0 0 0 17.87 0.00000000 0.00000000 0.00 0.00 0.00 0.10 0.08 0.19 0.06 -0.01 0.03 91.79 91.13 90.29 
0 0 0 17.98 0.00000000 0.00000000 0.00 0.00 0.00 0.10 0.07 0.20 0.03 -0.01 0.00 91.84 91.11 90.05 
0 0 0 18.08 0.00000000 0.00000000 0.00 0.00 0.00 0.11 0.07 0.19 0.00 -0.01 0.00 91.79 91.19 90.02 
0 0 0 18.18 0.00000000 0.00000000 0.00 0.00 0.00 0.10 0.07 0.23 -0.04 0.00 0.00 91.68 91.16 90.01 
0 0 0 18.28 0.00000000 0.00000000 0.00 0.00 0.00 0.10 0.07 0.18 0.01 -0.01 0.02 91.64 91.11 90.22 
0 0 0 18.38 0.00000000 0.00000000 0.00 0.00 0.00 0.10 0.08 0.19 0.02 -0.01 0.03 91.64 91.37 90.28 
0 0 0 18.48 0.00000000 0.00000000 0.00 0.00 0.00 0.10 0.07 0.21 0.03 -0.01 0.01 91.65 91.12 90.13 
0 0 0 18.58 0.00000000 0.00000000 0.00 0.00 0.00 0.10 0.06 0.20 -0.00 -0.01 0.00 91.69 91.04 90.00 
0 0 0 18.68 0.00000000 0.00000000 0.00 0.00 0.00 0.09 0.07 0.21 -0.01 -0.01 -0.01 91.55 91.16 89.90 
0 0 0 18.78 0.00000000 0.00000000 0.00 0.00 0.00 0.09 0.07 0.23 0.01 -0.01 0.00 91.48 91.16 90.03 
0 0 0 18.89 0.00000000 0.00000000 0.00 0.00 0.00 0.11 0.07 0.13 0.05 -0.01 0.01 91.49 91.10 90.06 
0 0 0 18.99 0.00000000 0.00000000 0.00 0.00 0.00 0.10 0.07 0.20 0.04 -0.01 0.01 91.73 91.19 90.13 
0 0 0 19.09 0.00000000 0.00000000 0.00 0.00 0.00 0.11 0.06 0.19 0.01 -0.01 0.02 91.71 91.12 90.25 
0 0 0 19.19 0.00000000 0.00000000 0.00 0.00 0.00 0.09 0.07 0.23 0.05 -0.01 0.03 91.55 91.29 90.22 
0 0 0 19.29 0.00000000 0.00000000 0.00 0.00 0.00 0.10 0.07 0.23 0.09 -0.02 0.02 91.77 91.18 90.27 
0 0 0 19.39 0.00000000 0.00000000 0.00 0.00 0.00 0.10 0.07 0.24 0.07 -0.02 0.04 91.68 91.16 90.42 
0 0 0 19.50 0.00000000 0.00000000 0.00 0.00 0.00 0.12 0.07 0.20 0.07 -0.01 0.06 91.85 91.21 90.55 
0 0 0 19.60 0.00000000 0.00000000 0.00 0.00 0.00 0.11 0.05 0.24 0.01 -0.01 0.04 91.95 91.19 90.48 
0 0 0 19.70 0.00000000 0.00000000 0.00 0.00 0.00 0.14 0.06 0.16 0.05 -0.02 0.02 92.31 91.08 90.16 
0 0 0 19.80 0.00000000 0.00000000 0.00 0.00 0.00 0.11 0.06 0.32 0.02 -0.01 -0.01 91.87 91.09 89.87 
0 0 0 19.94 0.00000000 0.00000000 0.00 0.00 0.00 0.14 0.09 0.30 0.19 -0.06 0.05 92.30 91.48 90.47 
0 0 0 20.07 0.00000000 0.00000000 0.00 0.00 0.00 0.19 0.08 0.21 0.19 -0.04 0.09 93.20 91.28 90.89 
0 0 0 20.21 0.00000000 0.00000000 0.00 0.00 0.00 0.19 0.05 0.28 0.06 -0.02 0.09 93.29 90.80 90.88 
0 0 0 20.34 0.00000000 0.00000000 0.00 0.00 0.00 0.14 0.06 0.47 -0.11 0.03 0.17 92.36 90.95 91.67 
0 0 0 20.44 0.00000000 0.00000000 0.00 0.00 0.00 0.36 0.10 0.36 0.11 0.02 0.28 92.79 91.00 92.60 
0 0 0 20.55 0.00000000 0.00000000 0.00 0.00 0.00 0.15 0.09 0.52 0.15 -0.01 0.39 89.85 89.85 93.92 
0 0 0 20.65 0.00000000 0.00000000 0.00 0.00 0.00 0.28 0.00 0.14 0.13 -0.02 0.32 94.80 90.08 93.24 
0 0 0 20.75 0.00000000 0.00000000 0.00 0.00 0.00 0.28 0.04 0.16 0.01 0.01 0.25 94.76 90.70 92.54 
0 0 0 20.85 0.00000000 0.00000000 0.00 0.00 0.00 0.19 0.08 0.56 -0.06 0.02 0.13 92.09 92.20 91.18 
0 0 0 20.95 0.00000000 0.00000000 0.00 0.00 0.00 0.13 0.05 0.75 -0.05 0.02 0.06 92.15 90.82 90.62 
0 0 0 21.05 0.00000000 0.00000000 0.00 0.00 0.00 0.17 0.03 0.53 -0.06 0.02 0.06 92.83 90.59 90.56 
0 0 0 21.15 0.00000000 0.00000000 0.00 0.00 0.00 0.17 0.02 0.52 -0.05 0.02 0.04 92.87 90.40 90.40 
0 0 0 21.26 0.00000000 0.00000000 0.00 0.00 0.00 0.14 0.04 0.58 -0.03 0.01 -0.05 92.38 90.79 89.49 
0 0 0 21.36 0.00000000 0.00000000 0.00 0.00 0.00 0.14 0.05 0.57 -0.00 -0.01 0.03 92.25 90.86 90.24 
0 0 0 21.46 0.00000000 0.00000000 0.00 0.00 0.00 0.12 0.04 0.61 -0.07 0.01 0.06 92.56 90.83 90.65 
0 0 0 21.57 0.00000000 0.00000000 0.00 0.00 0.00 0.14 0.06 0.56 -0.02 -0.00 0.02 92.10 91.01 90.18 
0 0 0 21.67 0.00000000 0.00000000 0.00 0.00 0.00 0.15 0.05 0.45 0.16 -0.07 0.04 92.52 90.63 90.50 
0 0 0 21.77 0.00000000 0.00000000 0.00 0.00 0.00 0.15 0.05 0.52 0.09 -0.04 0.02 92.18 90.86 90.18 
0 0 0 21.88 0.00000000 0.00000000 0.00 0.00 0.00 0.14 0.03 0.60 0.06 -0.02 -0.00 92.19 90.83 89.97 
0 0 0 21.98 0.00000000 0.00000000 0.00 0.00 0.00 0.17 0.02 0.47 0.04 -0.02 -0.02 92.88 90.28 89.83 
0 0 0 22.08 0.00000000 0.00000000 0.00 0.00 0.00 0.15 0.06 0.52 -0.16 0.05 -0.05 92.62 90.96 89.45 
0 0 0 22.18 0.00000000 0.00000000 0.00 0.00 0.00 0.11 0.06 0.60 -0.53 0.20 -0.03 91.84 91.02 89.74 
0 0 0 22.28 0.00000000 0.00000000 0.00 0.00 0.00 0.09 0.11 0.47 -0.02 -0.01 0.09 91.54 91.83 90.87 
0 0 0 22.38 0.00000000 0.00000000 0.00 0.00 0.00 0.05 0.10 0.61 -0.26 0.04 0.01 90.78 91.74 90.13 
0 0 0 22.48 0.00000000 0.00000000 0.00 0.00 0.00 0.43 -0.19 -0.33 -0.89 -0.48 -0.03 97.29 86.82 89.67 
0 0 0 22.58 0.00000000 0.00000000 0.00 0.00 0.00 -0.11 0.12 0.92 -0.79 -0.08 -0.09 88.21 92.08 89.10 
0 0 0 22.68 0.00000000 0.00000000 0.00 0.00 0.00 -0.21 0.00 0.72 -0.51 -0.41 -0.11 86.49 90.00 88.85 
0 0 0 22.78 0.00000000 0.00000000 0.00 0.00 0.00 -0.19 -0.05 0.52 -0.57 -0.32 -0.08 86.70 89.23 89.16 
0 0 0 22.88 0.00000000 0.00000000 0.00 0.00 0.00 -0.28 0.01 0.61 -0.65 0.64 -0.10 85.19 90.13 88.99 
0 0 0 22.98 0.00000000 0.00000000 0.00 0.00 0.00 -0.21 0.11 -0.15 -0.07 -0.04 0.14 86.47 91.95 91.41 
0 0 0 23.09 0.00000000 0.00000000 0.00 0.00 0.00 -0.30 0.05 0.56 0.39 -0.06 0.13 84.84 90.85 91.33 
0 0 0 23.19 0.00000000 0.00000000 0.00 0.00 0.00 -0.18 0.04 0.34 0.78 -0.03 0.20 86.87 90.73 91.95 
0 0 0 23.29 0.00000000 0.00000000 0.00 0.00 0.00 -0.09 0.02 0.17 1.06 0.13 0.09 88.55 90.28 90.95 
0 0 0 23.39 0.00000000 0.00000000 0.00 0.00 0.00 -0.14 0.18 1.06 0.87 0.16 0.06 87.62 93.05 90.60 
0 0 0 23.49 0.00000000 0.00000000 0.00 0.00 0.00 0.01 0.10 0.51 0.35 -0.74 0.05 90.18 91.71 90.52 
0 0 0 23.59 0.00000000 0.00000000 0.00 0.00 0.00 -0.46 -0.04 1.32 0.29 -0.29 0.08 89.10 91.26 90.77 
0 0 0 23.69 0.00000000 0.00000000 0.00 0.00 0.00 0.27 0.19 -0.62 0.27 0.03 0.08 94.63 93.30 90.84 
0 0 0 23.79 0.00000000 0.00000000 0.00 0.00 0.00 0.06 0.07 0.57 0.02 -0.03 -0.06 91.22 91.21 89.39 
0 0 0 23.90 0.00000000 0.00000000 0.00 0.00 0.00 0.09 0.09 0.48 0.01 -0.01 -0.03 91.99 91.46 89.69 
0 0 0 24.00 0.00000000 0.00000000 0.00 0.00 0.00 0.06 0.08 0.57 0.02 -0.01 -0.01 91.03 91.35 89.90 
0 0 0 24.10 0.00000000 0.00000000 0.00 0.00 0.00 0.06 0.06 0.55 0.02 -0.01 -0.03 91.04 90.98 89.74 
0 0 0 24.20 0.00000000 0.00000000 0.00 0.00 0.00 0.07 0.07 0.56 0.02 -0.00 -0.01 91.18 91.18 89.90 
0 0 0 24.30 0.00000000 0.00000000 0.00 0.00 0.00 0.08 0.07 0.48 0.01 -0.01 0.00 91.38 91.11 90.04 
0 0 0 24.40 0.00000000 0.00000000 0.00 0.00 0.00 0.08 0.07 0.46 0.13 -0.05 0.02 91.44 91.24 90.18 
0 0 0 24.50 0.00000000 0.00000000 0.00 0.00 0.00 0.08 0.07 0.58 0.24 -0.09 0.05 91.32 91.19 90.55 
0 0 0 24.60 0.00000000 0.00000000 0.00 0.00 0.00 0.09 0.07 0.63 0.02 -0.02 0.11 91.55 91.11 91.13 
0 0 0 24.71 0.00000000 0.00000000 0.00 0.00 0.00 0.07 0.03 0.68 -0.24 0.10 0.21 91.70 90.68 92.24 
0 0 0 24.81 0.00000000 0.00000000 0.00 0.00 0.00 0.08 0.06 0.55 -0.24 0.11 0.09 91.18 91.18 90.95 
0 0 0 24.91 0.00000000 0.00000000 0.00 0.00 0.00 0.05 0.07 0.64 0.13 -0.02 0.02 90.40 91.33 90.21 
0 0 0 25.01 0.00000000 0.00000000 0.00 0.00 0.00 0.08 0.06 0.60 0.15 -0.07 0.02 91.39 90.99 90.16 
0 0 0 25.11 0.00000000 0.00000000 0.00 0.00 0.00 0.21 0.02 0.12 -0.03 0.02 0.02 93.62 90.37 90.24 
0 0 0 25.21 0.00000000 0.00000000 0.00 0.00 0.00 0.03 0.32 2.48 -0.36 -0.26 -0.06 90.54 95.44 89.38 
0 0 0 25.31 0.00000000 0.00000000 0.00 0.00 0.00 0.01 0.01 0.54 -0.30 -0.67 -0.24 90.24 90.12 87.61 
0 0 0 25.42 0.00000000 0.00000000 0.00 0.00 0.00 0.05 -0.01 0.25 0.04 -1.09 -0.12 90.83 89.86 88.76 
0 0 0 25.52 0.00000000 0.00000000 0.00 0.00 0.00 0.01 -0.16 0.65 0.09 -0.76 -0.02 90.19 87.36 89.78 
0 0 0 25.62 0.00000000 0.00000000 0.00 0.00 0.00 0.02 -0.21 0.65 0.39 -0.91 0.15 90.33 86.51 91.53 
0 0 0 25.72 0.00000000 0.00000000 0.00 0.00 0.00 -0.03 -0.40 1.11 0.16 -1.72 0.09 89.47 83.16 90.94 
0 0 0 25.82 0.00000000 0.00000000 0.00 0.00 0.00 0.04 -0.64 0.66 0.18 -0.97 0.15 90.73 79.14 91.48 
0 0 0 25.92 0.00000000 0.00000000 0.00 0.00 0.00 0.09 -0.59 0.93 0.11 -0.60 0.14 91.58 79.89 91.44 
0 0 0 26.02 0.00000000 0.00000000 0.00 0.00 0.00 0.09 -0.75 0.71 -0.06 -0.76 0.10 91.52 77.22 91.02 
0 0 0 26.12 0.00000000 0.00000000 0.00 0.00 0.00 0.05 -0.83 0.82 -0.14 -0.48 0.12 90.83 75.82 91.20 
0 0 0 26.22 0.00000000 0.00000000 0.00 0.00 0.00 0.00 -0.78 1.42 -0.06 -0.30 0.09 90.09 76.74 90.91 
0 0 0 26.33 0.00000000 0.00000000 0.00 0.00 0.00 -0.03 -0.87 1.07 -0.03 -0.30 0.05 89.60 75.70 90.53 
0 0 0 26.43 0.00000000 0.00000000 0.00 0.00 0.00 -0.04 -0.85 1.27 0.04 0.30 0.02 89.46 75.01 90.26 
0 0 0 26.53 0.00000000 0.00000000 0.00 0.00 0.00 -0.04 -0.83 1.25 0.14 2.35 0.14 89.86 73.16 91.17 
0 0 0 26.63 0.00000000 0.00000000 0.00 0.00 0.00 -0.02 -0.28 2.73 0.14 3.09 0.12 89.61 85.32 91.17 
0 0 0 26.73 0.00000000 0.00000000 0.00 0.00 0.00 0.03 -0.09 2.83 0.08 1.96 0.10 90.53 88.47 90.97 
0 0 0 26.84 0.00000000 0.00000000 0.00 0.00 0.00 0.04 -0.13 0.84 0.35 0.89 0.15 90.67 87.79 91.47 
0 0 0 26.94 0.00000000 0.00000000 0.00 0.00 0.00 0.08 0.14 1.08 0.32 1.96 0.01 91.44 92.36 90.15 
0 0 0 27.04 0.00000000 0.00000000 0.00 0.00 0.00 0.12 0.44 2.27 0.13 1.97 -0.08 92.39 96.46 89.30 
0 0 0 27.14 0.00000000 0.00000000 0.00 0.00 0.00 0.08 0.50 1.14 -0.02 0.83 -0.11 91.00 97.39 88.88 
0 0 0 27.24 0.00000000 0.00000000 0.00 0.00 0.00 0.08 0.48 0.91 -0.09 -0.01 -0.01 91.35 98.16 89.90 
0 0 0 27.34 0.00000000 0.00000000 0.00 0.00 0.00 0.08 0.49 0.90 -0.05 0.02 -0.05 91.29 98.34 89.47 
0 0 0 27.44 0.00000000 0.00000000 0.00 0.00 0.00 0.07 0.46 0.87 -0.03 -0.53 -0.06 91.21 97.89 89.45 
0 0 0 27.54 0.00000000 0.00000000 0.00 0.00 0.00 0.06 0.35 0.86 -0.11 -2.07 0.03 90.83 96.27 90.31 
0 0 0 27.64 0.00000000 0.00000000 0.00 0.00 0.00 0.06 0.14 1.17 0.00 -2.23 0.08 90.94 92.41 90.84 
0 0 0 27.75 0.00000000 0.00000000 0.00 0.00 0.00 0.02 -0.12 0.94 0.03 -1.46 0.07 90.73 88.74 90.80 
0 0 0 27.85 0.00000000 0.00000000 0.00 0.00 0.00 0.08 -0.15 1.56 -0.11 -1.81 0.07 91.55 88.97 90.46 
0 0 0 27.95 0.00000000 0.00000000 0.00 0.00 0.00 0.04 -0.47 0.86 -0.06 -2.22 0.09 90.75 82.02 90.91 
0 0 0 28.05 0.00000000 0.00000000 0.00 0.00 0.00 -0.01 -0.73 1.00 -0.02 -0.92 0.06 89.50 77.54 90.74 
0 0 0 28.16 0.00000000 0.00000000 0.00 0.00 0.00 -0.01 -0.74 1.15 0.03 -0.22 -0.01 90.00 77.34 89.98 
0 0 0 28.26 0.00000000 0.00000000 0.00 0.00 0.00 0.00 -0.79 0.96 0.13 1.17 -0.05 90.00 76.65 89.53 
0 0 0 28.36 0.00000000 0.00000000 0.00 0.00 0.00 0.05 -0.27 2.22 0.33 2.56 -0.03 91.01 84.91 89.42 
0 0 0 28.47 0.00000000 0.00000000 0.00 0.00 0.00 0.10 -0.13 2.23 0.76 1.16 -0.04 91.64 87.29 89.59 
0 0 0 28.57 0.00000000 0.00000000 0.00 0.00 0.00 0.17 -0.20 1.03 1.04 1.08 -0.08 92.51 86.20 89.48 
0 0 0 28.67 0.00000000 0.00000000 0.00 0.00 0.00 0.28 0.06 1.74 1.13 1.29 -0.09 94.77 91.04 89.07 
0 0 0 28.77 0.00000000 0.00000000 0.00 0.00 0.00 0.40 0.14 1.34 0.81 0.65 -0.04 96.47 92.57 89.51 
0 0 0 28.87 0.00000000 0.00000000 0.00 0.00 0.00 0.45 0.18 1.35 0.12 0.54 -0.08 97.71 93.06 89.23 
0 0 0 28.97 0.00000000 0.00000000 0.00 0.00 0.00 0.37 0.22 1.35 -1.24 -0.36 -0.23 96.34 93.71 87.74 
0 0 0 29.07 0.00000000 0.00000000 0.00 0.00 0.00 0.20 0.19 1.24 -2.02 -0.71 -0.24 93.44 93.31 87.58 
0 0 0 29.18 0.00000000 0.00000000 0.00 0.00 0.00 -0.07 0.08 1.28 -2.02 -0.16 -0.19 89.31 91.30 88.25 
0 0 0 29.28 0.00000000 0.00000000 0.00 0.00 0.00 -0.20 0.12 0.95 -1.53 0.42 -0.27 86.81 92.06 87.26 
0 0 0 29.38 0.00000000 0.00000000 0.00 0.00 0.00 -0.25 0.16 0.73 -0.70 0.02 -0.14 85.78 92.78 88.61 
0 0 0 29.48 0.00000000 0.00000000 0.00 0.00 0.00 -0.27 0.07 0.61 0.67 -0.85 0.16 85.33 91.26 91.57 
0 0 0 29.58 0.00000000 0.00000000 0.00 0.00 0.00 -0.19 0.01 0.53 1.66 -0.91 0.26 86.70 90.20 92.55 
0 0 0 29.68 0.00000000 0.00000000 0.00 0.00 0.00 -0.01 -0.15 0.71 1.83 -0.14 0.20 89.91 87.45 91.96 
0 0 0 29.78 0.00000000 0.00000000 0.00 0.00 0.00 0.19 0.04 0.88 1.05 0.90 0.01 93.21 90.62 90.09 
0 0 0 29.88 0.00000000 0.00000000 0.00 0.00 0.00 0.18 0.13 1.20 0.15 0.11 0.06 93.13 92.16 90.61 
0 0 0 29.99 0.00000000 0.00000000 0.00 0.00 0.00 0.14 -0.02 0.91 -0.36 -0.34 0.10 92.96 90.20 91.03 
0 0 0 30.09 0.00000000 0.00000000 0.00 0.00 0.00 0.08 0.08 1.23 -0.30 0.35 0.01 91.41 91.28 90.14 
0 0 0 30.19 0.00000000 0.00000000 0.00 0.00 0.00 0.11 0.13 1.03 -0.18 0.04 0.08 91.80 92.16 90.75 
0 0 0 30.29 0.00000000 0.00000000 0.00 0.00 0.00 0.10 0.10 0.98 -0.06 -0.42 -0.00 91.64 91.76 90.00 
0 0 0 30.39 0.00000000 0.00000000 0.00 0.00 0.00 0.07 0.06 1.03 -0.05 -0.03 -0.01 91.24 90.98 89.86 
0 0 0 30.49 0.00000000 0.00000000 0.00 0.00 0.00 0.06 0.02 0.90 0.10 0.17 0.05 91.04 90.29 90.46 
0 0 0 30.59 0.00000000 0.00000000 0.00 0.00 0.00 0.13 0.16 1.03 -0.01 0.59 0.07 91.90 92.10 90.42 
0 0 0 30.70 0.00000000 0.00000000 0.00 0.00 0.00 0.04 0.15 1.37 -0.09 0.05 0.20 90.13 92.08 92.04 
0 0 0 30.80 0.00000000 0.00000000 0.00 0.00 0.00 0.02 0.17 1.53 -0.17 -0.01 0.14 90.26 92.94 91.37 
0 0 0 30.90 0.00000000 0.00000000 0.00 0.00 0.00 0.52 0.12 -0.87 0.00 0.04 0.01 98.92 92.03 90.08 
0 0 0 31.00 0.00000000 0.00000000 0.00 0.00 0.00 0.05 0.07 1.03 -0.00 0.01 0.00 90.86 91.13 90.01 
0 0 0 31.10 0.00000000 0.00000000 0.00 0.00 0.00 0.06 0.08 0.99 -0.00 -0.02 0.01 91.04 91.29 90.06 
0 0 0 31.20 0.00000000 0.00000000 0.00 0.00 0.00 0.07 0.07 0.92 0.01 -0.00 0.00 91.01 91.01 90.05 
0 0 0 31.30 0.00000000 0.00000000 0.00 0.00 0.00 0.05 0.07 1.01 0.01 0.01 0.00 90.80 91.13 90.04 
0 0 0 31.40 0.00000000 0.00000000 0.00 0.00 0.00 0.07 0.07 0.91 0.01 -0.01 0.00 91.24 91.23 90.02 
0 0 0 31.51 0.00000000 0.00000000 0.00 0.00 0.00 0.07 0.06 0.93 0.01 -0.01 0.00 91.20 91.26 90.04 
0 0 0 31.61 0.00000000 0.00000000 0.00 0.00 0.00 0.05 0.07 0.97 0.01 -0.01 0.01 91.04 91.16 90.06 
0 0 0 31.71 0.00000000 0.00000000 0.00 0.00 0.00 0.06 0.07 0.98 0.02 -0.01 0.00 91.04 91.24 90.04 
0 0 0 31.81 0.00000000 0.00000000 0.00 0.00 0.00 0.07 0.07 0.92 0.01 -0.01 0.00 91.18 91.17 90.04 
0 0 0 31.91 0.00000000 0.00000000 0.00 0.00 0.00 0.06 0.06 0.96 0.01 -0.02 0.00 91.22 91.28 90.06 
0 0 0 32.01 0.00000000 0.00000000 0.00 0.00 0.00 0.06 0.07 0.98 0.01 -0.00 0.00 91.06 91.26 90.03 
0 0 0 32.11 0.00000000 0.00000000 0.00 0.00 0.00 0.09 0.06 0.83 0.01 -0.01 0.00 91.52 91.06 90.04 
0 0 0 32.22 0.00000000 0.00000000 0.00 0.00 0.00 0.07 0.07 0.91 0.01 -0.01 0.00 91.25 91.25 90.03 
0 0 0 32.32 0.00000000 0.00000000 0.00 0.00 0.00 0.07 0.07 0.93 0.01 -0.00 0.00 91.16 91.16 90.04 
0 0 0 32.42 0.00000000 0.00000000 0.00 0.00 0.00 0.07 0.07 0.91 0.02 -0.01 0.00 91.25 91.25 90.02 
0 0 0 32.52 0.00000000 0.00000000 0.00 0.00 0.00 0.06 0.07 0.92 0.02 -0.01 0.00 91.10 91.16 90.03 
0 0 0 32.62 0.00000000 0.00000000 0.00 0.00 0.00 0.07 0.08 0.95 0.01 -0.01 0.01 91.19 91.32 90.06 
0 0 0 32.72 0.00000000 0.00000000 0.00 0.00 0.00 0.07 0.08 0.92 0.01 -0.00 0.00 91.24 91.31 90.03 
0 0 0 32.82 0.00000000 0.00000000 0.00 0.00 0.00 0.07 0.08 0.93 0.01 -0.01 0.00 91.24 91.37 90.03 
0 0 0 32.92 0.00000000 0.00000000 0.00 0.00 0.00 0.07 0.08 0.98 0.01 -0.02 0.01 91.17 91.43 90.05 
0 0 0 33.03 0.00000000 0.00000000 0.00 0.00 0.00 0.07 0.07 0.94 0.01 -0.01 0.00 91.11 91.17 90.04 
0 0 0 33.13 0.00000000 0.00000000 0.00 0.00 0.00 0.07 0.07 0.95 0.02 -0.01 0.00 91.25 91.19 90.03 
0 0 0 33.23 0.00000000 0.00000000 0.00 0.00 0.00 0.06 0.07 0.95 0.01 -0.02 0.01 91.09 91.22 90.07 
0 0 0 33.33 0.00000000 0.00000000 0.00 0.00 0.00 0.06 0.04 0.91 0.02 -0.03 0.01 90.96 90.68 90.07 
0 0 0 33.43 0.00000000 0.00000000 0.00 0.00 0.00 0.11 0.09 0.75 0.02 -0.01 0.00 91.91 91.54 90.04 
0 0 0 33.53 0.00000000 0.00000000 0.00 0.00 0.00 0.06 0.07 0.95 0.01 -0.01 0.00 91.10 91.22 90.04 
0 0 0 33.63 0.00000000 0.00000000 0.00 0.00 0.00 0.06 0.07 1.00 -0.00 -0.07 0.00 90.97 91.16 90.05 
0 0 0 33.73 0.00000000 0.00000000 0.00 0.00 0.00 0.05 0.06 0.98 -0.00 -0.03 -0.06 90.92 91.05 89.43 
0 0 0 33.83 0.00000000 0.00000000 0.00 0.00 0.00 0.06 0.05 0.89 0.02 -0.01 -0.04 91.06 90.92 89.64 
0 0 0 33.93 0.00000000 0.00000000 0.00 0.00 0.00 0.07 0.06 0.88 0.02 -0.01 0.00 91.18 91.05 90.04 
0 0 0 34.04 0.00000000 0.00000000 0.00 0.00 0.00 0.04 0.06 1.01 -0.00 -0.01 0.00 91.34 91.13 90.07 
0 0 0 34.14 0.00000000 0.00000000 0.00 0.00 0.00 0.08 0.09 0.91 0.02 -0.01 0.04 91.30 91.55 90.43 
0 0 0 34.24 0.00000000 0.00000000 0.00 0.00 0.00 0.05 0.05 0.93 0.02 0.00 0.16 90.92 90.92 91.64 
0 0 0 34.34 0.00000000 0.00000000 0.00 0.00 0.00 0.07 0.07 0.94 0.01 -0.01 0.01 91.11 91.11 90.06 
0 0 0 34.44 0.00000000 0.00000000 0.00 0.00 0.00 0.08 0.07 0.88 0.04 0.03 -0.00 91.39 91.19 89.95 
0 0 0 34.54 0.00000000 0.00000000 0.00 0.00 0.00 0.02 0.06 1.11 0.02 0.01 0.01 90.30 91.09 90.10 
0 0 0 34.64 0.00000000 0.00000000 0.00 0.00 0.00 0.08 0.07 0.87 0.01 -0.02 -0.01 91.42 91.16 89.93 
0 0 0 34.74 0.00000000 0.00000000 0.00 0.00 0.00 0.06 0.05 0.96 0.01 -0.04 -0.08 90.98 90.84 89.15 
0 0 0 34.84 0.00000000 0.00000000 0.00 0.00 0.00 0.07 0.07 0.93 0.01 -0.01 -0.02 91.22 91.22 89.84 
0 0 0 34.94 0.00000000 0.00000000 0.00 0.00 0.00 0.07 0.08 0.90 0.00 -0.06 -0.04 91.23 91.29 89.62 
0 0 0 35.04 0.00000000 0.00000000 0.00 0.00 0.00 0.07 0.07 0.88 0.01 -0.01 0.01 91.24 91.11 90.05 
0 0 0 35.14 0.00000000 0.00000000 0.00 0.00 0.00 0.04 0.04 0.94 0.01 -0.01 0.02 90.71 90.71 90.22 
0 0 0 35.24 0.00000000 0.00000000 0.00 0.00 0.00 0.07 0.06 0.93 -0.00 -0.01 0.00 91.13 90.99 90.03 
0 0 0 35.34 0.00000000 0.00000000 0.00 0.00 0.00 0.08 0.06 0.87 0.00 -0.01 0.08 91.30 91.10 90.76 
0 0 0 35.45 0.00000000 0.00000000 0.00 0.00 0.00 0.06 0.06 0.92 0.01 -0.01 0.05 91.10 91.10 90.49 
0 0 0 35.55 0.00000000 0.00000000 0.00 0.00 0.00 0.05 0.05 0.93 0.01 -0.00 0.04 90.90 90.84 90.39 
0 0 0 35.65 0.00000000 0.00000000 0.00 0.00 0.00 0.05 0.06 0.98 0.01 -0.00 0.09 90.90 90.97 90.89 
0 0 0 35.75 0.00000000 0.00000000 0.00 0.00 0.00 0.07 0.06 0.94 0.01 0.00 0.14 91.18 90.98 91.37 
0 0 0 35.85 0.00000000 0.00000000 0.00 0.00 0.00 -0.01 0.03 1.13 0.01 -0.00 0.05 89.87 90.52 90.50 
0 0 0 35.95 0.00000000 0.00000000 0.00 0.00 0.00 0.07 0.07 0.99 0.01 -0.01 0.03 91.19 91.25 90.28 
0 0 0 36.05 0.00000000 0.00000000 0.00 0.00 0.00 0.07 0.08 1.00 0.01 -0.01 0.06 91.12 91.25 90.45 
0 0 0 36.15 0.00000000 0.00000000 0.00 0.00 0.00 0.09 0.08 0.93 0.01 0.01 0.25 91.57 91.37 92.49 
0 0 0 36.25 0.00000000 0.00000000 0.00 0.00 0.00 0.06 0.05 1.04 0.01 -0.00 0.13 90.97 90.77 91.34 
