2.20 3.31 2.87 3.11  1.04 -0.46 0.25  -0.51 0.59 10.16  91.14 91.32 90.06 
2.36 2.61 3.26 -0.21  0.75 -0.41 0.24  -0.59 0.47 10.32  91.14 91.42 90.04 
2.46 2.61 3.04 1.25  1.16 -0.25 0.24  -0.55 0.47 10.32  91.14 91.33 90.04 
2.56 2.61 2.61 0.67  0.41 -0.45 0.21  -0.47 0.47 10.32  91.14 91.14 90.04 
2.66 2.18 2.61 -2.10  1.01 -0.60 0.24  -0.47 0.39 10.32  90.95 91.14 90.04 
2.76 2.40 2.40 -1.32  0.94 -0.61 0.34  -0.43 0.43 10.28  91.05 91.05 90.06 
2.86 2.64 2.86 2.28  0.43 -0.48 0.27  -0.51 0.47 10.20  91.15 91.25 90.05 
2.96 2.41 2.63 -0.60  0.52 -0.43 0.29  -0.47 0.43 10.24  91.05 91.15 90.05 
3.06 2.40 2.83 0.57  0.72 -0.54 0.34  -0.51 0.43 10.32  91.05 91.23 90.06 
3.16 2.40 2.62 1.88  0.67 -0.51 0.23  -0.47 0.43 10.28  91.05 91.14 90.04 
3.27 2.61 2.61 -1.34  1.02 -0.54 0.17  -0.47 0.47 10.32  91.15 91.34 90.06 
3.37 2.39 2.82 -1.06  0.67 -0.58 0.18  -0.51 0.43 10.36  91.04 91.23 90.03 
3.48 2.38 3.02 2.67  0.86 -0.16 0.17  -0.55 0.43 10.40  91.04 91.23 90.04 
3.58 2.40 2.84 -1.51  1.06 -0.34 0.28  -0.51 0.43 10.28  91.05 91.24 90.05 
3.68 2.42 2.64 -0.48  0.94 -0.32 0.19  -0.47 0.43 10.20  91.06 91.15 90.03 
3.78 2.37 2.37 1.24  0.95 -0.46 0.23  -0.43 0.43 10.43  91.03 91.03 90.04 
3.88 2.65 3.09 -0.90  0.65 -0.34 0.30  -0.55 0.47 10.16  91.16 91.35 90.05 
3.98 2.38 2.81 0.93  0.95 -0.33 0.30  -0.51 0.43 10.40  91.04 91.22 90.05 
4.08 2.19 2.62 0.64  0.73 -0.67 0.44  -0.47 0.39 10.28  90.95 91.42 90.06 
4.19 2.42 2.86 -1.56  0.68 -0.74 0.33  -0.51 0.43 10.20  91.05 91.53 90.05 
4.29 2.19 2.85 1.19  0.93 -0.63 0.20  -0.51 0.39 10.24  90.87 91.25 90.04 
4.40 2.36 3.85 0.94  0.62 -0.55 0.25  -0.71 0.43 10.47  90.95 91.33 90.04 
4.50 2.19 3.29 -1.24  0.80 -0.52 0.38  -0.59 0.39 10.24  91.14 91.14 90.04 
4.61 1.99 2.43 1.96  0.78 -0.74 0.31  -0.43 0.35 10.16  91.05 91.33 90.06 
4.71 2.40 2.84 2.01  0.74 -0.66 0.26  -0.51 0.43 10.28  91.05 91.42 90.04 
4.81 2.42 3.30 -0.50  0.64 -0.62 0.36  -0.59 0.43 10.20  91.05 91.24 90.05 
4.92 2.63 2.85 2.43  0.47 -0.52 0.36  -0.51 0.47 10.24  91.23 91.32 90.05 
5.02 2.85 2.63 0.38  1.12 -0.61 0.27  -0.47 0.51 10.24  90.96 91.24 90.04 
5.12 2.19 2.62 -0.74  0.98 -0.46 0.37  -0.47 0.39 10.28  90.95 91.14 90.06 
5.22 2.64 2.64 1.98  0.56 -0.88 0.42  -0.47 0.47 10.20  91.16 91.25 90.05 
5.33 1.97 3.07 0.19  0.55 -0.69 0.25  -0.55 0.35 10.24  91.04 91.13 90.05 
5.44 2.47 2.47 -0.06  0.76 -0.37 0.19  -0.43 0.43 10.00  91.04 91.04 90.05 
5.54 2.84 2.84 2.23  0.67 -0.65 0.21  -0.51 0.51 10.28  90.97 90.87 90.03 
5.64 1.60 14.14 13.02  1.59 -0.04 22.45  -2.47 0.27 9.81  87.90 96.99 94.32 
5.74 6.61 5.43 6.63  0.95 0.36 6.81  -1.29 1.57 13.53  92.89 92.37 91.19 
5.85 0.64 -6.06 -6.10  -6.18 2.42 -22.09  0.75 0.08 7.02  92.69 95.93 86.58 
5.95 5.23 4.01 2.19  1.39 -1.03 -13.73  -0.78 1.02 11.14  90.09 92.92 87.30 
6.05 0.21 6.77 4.17  4.27 -3.50 4.78  -1.29 0.04 10.90  91.12 93.24 90.74 
6.16 -21.88 10.75 2.24  1.03 3.24 -22.24  -1.06 -2.08 5.18  80.45 94.69 86.12 
6.26 -7.13 3.13 -3.91  14.53 -14.86 -39.07  -0.59 -1.33 10.67  90.67 94.31 83.74 
6.36 3.92 7.61 -0.79  -29.78 -31.21 -26.64  -1.77 0.90 13.18  90.21 92.12 83.47 
6.46 5.58 1.86 -6.50  4.26 -75.92 -30.52  -0.51 1.53 15.65  92.44 90.81 84.67 
6.57 -1.01 -14.33 -26.94  -56.16 -118.34 -15.73  2.28 -0.16 8.90  91.98 83.71 87.71 
6.67 9.46 -27.54 -58.99  -24.75 -67.73 1.34  3.61 1.14 6.83  95.94 76.98 88.98 
6.78 -168.37 -38.75 -271.90  70.64 89.34 -41.13  8.90 -2.24 -10.87  37.46 69.21 86.24 
6.88 40.40 -7.73 -198.98  19.38 57.77 -39.79  3.10 14.79 17.38  94.85 80.94 84.04 
6.99 29.18 -9.54 -166.45  66.33 -12.47 -88.81  2.39 6.94 12.43  69.73 87.93 77.87 
7.09 -5.04 -15.16 -24.37  54.52 37.30 7.74  2.90 -0.94 10.67  87.80 83.38 91.35 
7.19 36.81 -39.51 -115.00  -16.17 -9.82 4.98  6.75 4.90 6.55  99.77 53.86 88.97 
7.30 14.15 -16.66 -55.06  6.06 27.69 -1.82  2.79 2.28 9.02  95.60 79.45 89.70 
7.40 -48.32 30.87 0.19  27.88 -0.17 40.29  -12.59 -15.73 14.00  103.31 79.07 94.62 
7.50 12.96 -17.02 -53.61  -1.57 8.43 2.14  2.79 2.04 8.87  95.65 82.57 90.37 
7.61 14.50 -19.74 -61.44  5.53 -9.96 -9.46  3.37 2.35 9.10  95.85 80.69 88.60 
7.71 13.82 -12.18 -48.09  22.91 22.78 -12.23  2.20 2.43 9.89  94.42 83.78 87.88 
7.81 14.84 -13.47 -53.27  26.84 5.94 10.76  2.28 2.43 9.18  94.97 84.74 91.64 
7.91 21.94 -12.82 -64.35  17.55 54.74 5.15  2.08 3.41 8.47  99.87 83.16 90.96 
8.01 21.38 -2.04 -42.85  -8.30 42.08 19.36  0.35 3.61 9.22  101.59 89.00 92.63 
8.12 17.53 -1.03 -38.68  -23.67 33.08 27.47  0.20 3.30 10.43  97.66 89.47 94.42 
8.22 18.00 -6.11 -52.16  -34.40 -10.82 34.02  1.06 3.06 9.41  97.66 87.79 95.81 
8.32 11.39 -7.89 -43.84  -22.67 26.22 20.17  1.57 2.24 11.10  95.26 86.12 93.72 
8.42 11.93 -6.68 -44.13  12.10 22.26 30.45  1.33 2.35 11.14  95.21 87.08 95.31 
8.52 13.64 -14.29 -58.37  10.49 20.67 17.62  2.12 1.96 8.08  91.98 84.83 93.46 
8.63 7.85 -5.30 -39.08  9.22 33.69 12.88  0.75 1.10 7.96  90.46 90.00 92.30 
8.73 8.62 9.88 -12.74  -17.78 16.21 1.99  -1.69 1.45 9.57  93.10 94.58 90.06 
8.83 -5.14 -13.34 -43.18  -12.08 -44.07 -9.15  1.77 -0.67 7.41  86.79 77.28 89.47 
8.94 10.71 9.53 -15.86  3.86 21.70 -10.31  -1.84 2.04 10.79  92.10 91.61 88.51 
9.04 19.51 4.71 -43.66  3.99 -7.39 -2.64  -0.71 2.86 8.08  98.51 92.05 89.54 
9.14 9.06 -0.88 -40.79  -20.20 8.89 14.85  0.16 1.61 10.08  94.79 89.91 92.95 
9.24 0.63 2.91 -27.06  -21.14 0.88 -2.56  -0.55 0.12 10.79  92.22 90.74 89.70 
9.34 -3.03 1.82 -27.91  -15.64 -7.48 -3.24  -0.35 -0.59 11.10  90.51 90.51 89.47 
9.45 2.09 -3.39 -42.09  -3.50 -25.03 -9.84  0.51 0.31 8.59  90.32 89.47 88.24 
9.55 3.12 4.22 -26.14  0.46 11.75 -5.65  -0.75 0.55 10.08  91.36 91.84 89.01 
9.65 -1.55 4.41 -27.19  14.45 16.05 -4.09  -0.78 -0.27 10.16  91.22 91.22 89.12 
9.75 -0.68 -0.23 -37.39  8.21 3.54 1.32  0.04 -0.12 9.85  89.70 89.90 90.23 
9.85 -1.39 1.62 -33.41  -2.06 7.82 -4.59  -0.27 -0.24 9.73  90.66 91.22 89.29 
9.95 8.10 4.87 -37.49  -9.60 2.46 -6.25  -0.90 1.49 10.47  93.10 91.78 88.91 
10.06 5.19 2.81 -40.68  -11.20 -2.78 6.28  -0.51 0.94 10.36  92.85 91.23 91.14 
10.16 1.09 3.25 -34.27  -8.20 3.51 4.79  -0.59 0.20 10.36  89.52 91.43 90.88 
10.26 -0.21 3.10 -34.80  -4.52 3.45 1.44  -0.59 -0.04 10.87  90.00 91.29 90.29 
10.36 -0.46 2.07 -36.63  0.19 -3.84 -1.97  -0.35 -0.08 9.77  89.80 90.90 89.66 
10.46 0.00 3.41 -33.49  0.64 -2.22 -2.23  -0.59 0.00 9.89  90.30 91.60 89.53 
10.57 1.40 4.65 -31.52  2.35 -2.26 3.82  -0.78 0.24 9.65  90.30 92.01 90.54 
10.67 -1.14 2.95 -32.98  -4.82 4.04 4.08  -0.51 -0.20 9.89  89.90 91.29 90.79 
10.77 -2.11 3.57 -32.96  -3.19 -0.10 -0.58  -0.67 -0.39 10.67  89.18 91.65 89.96 
10.88 -0.65 3.90 -34.34  -0.89 -6.34 -4.45  -0.71 -0.12 10.36  89.43 91.79 89.29 
10.98 0.43 6.57 -28.55  0.39 -2.21 -3.59  -1.22 0.08 10.55  89.90 92.81 89.26 
11.08 -0.45 4.93 -31.00  0.67 1.99 2.80  -0.86 -0.08 10.00  89.80 92.15 90.49 
11.19 -1.06 4.67 -31.08  0.92 1.44 1.49  -0.86 -0.20 10.55  89.54 91.94 90.28 
11.29 -0.67 4.01 -33.09  0.29 -2.88 -0.16  -0.71 -0.12 10.08  90.00 91.73 90.05 
11.39 -1.08 3.67 -33.45  -0.38 1.44 -0.09  -0.67 -0.20 10.40  89.81 92.13 89.98 
11.49 -1.11 4.63 -32.63  1.33 -0.30 0.98  -0.82 -0.20 10.16  89.71 91.95 90.17 
11.60 -0.90 5.60 -30.78  0.95 -2.00 0.88  -0.98 -0.16 10.00  89.81 92.33 90.13 
11.70 -1.72 4.07 -33.55  -2.27 3.63 0.81  -0.75 -0.31 10.47  89.25 91.78 90.14 
11.80 -1.51 4.73 -32.33  -0.82 1.23 -0.76  -0.86 -0.27 10.43  89.25 91.88 89.86 
11.91 -1.76 5.05 -31.55  -0.75 -0.01 -1.44  -0.90 -0.31 10.20  89.41 92.25 89.73 
12.01 -0.66 5.29 -32.10  0.11 0.86 -1.58  -0.94 -0.12 10.16  89.51 92.33 89.66 
12.11 -1.09 6.08 -31.17  -0.66 2.83 -0.44  -1.10 -0.20 10.32  89.14 92.38 89.87 
12.22 -0.87 5.02 -34.58  -0.55 0.37 0.43  -0.90 -0.16 10.28  89.62 92.07 90.08 
12.32 -1.93 6.20 -30.54  2.29 0.50 -1.23  -1.14 -0.35 10.47  89.26 92.50 89.83 
12.43 -3.09 4.85 -31.42  0.40 -2.62 -3.35  -0.86 -0.55 10.16  88.86 91.89 89.54 
12.53 0.66 7.04 -30.89  5.29 -0.75 -0.83  -1.26 0.12 10.16  90.00 93.32 89.65 
12.63 -0.44 5.25 -34.03  0.59 -1.32 0.23  -0.94 -0.08 10.24  89.61 92.02 90.07 
12.73 -1.50 4.92 -34.06  4.35 -2.92 -0.02  -0.90 -0.27 10.47  89.54 92.50 90.03 
12.84 -0.44 5.27 -33.63  0.64 -1.67 1.60  -0.94 -0.08 10.20  89.71 91.92 90.22 
12.94 -0.22 5.45 -32.36  1.61 2.53 1.35  -0.98 -0.04 10.28  89.90 92.38 90.24 
13.05 -1.27 5.48 -32.26  1.19 -1.53 -0.11  -1.02 -0.24 10.63  89.08 92.19 90.02 
13.15 -0.65 5.17 -33.88  1.38 -1.60 -0.59  -0.94 -0.12 10.40  89.63 92.61 89.94 
13.25 -0.44 5.71 -32.98  4.36 -5.17 -0.25  -1.02 -0.08 10.20  89.53 92.62 89.92 
13.36 -0.65 4.98 -34.11  1.59 0.13 -0.66  -0.90 -0.12 10.36  89.81 92.24 89.90 
13.46 -1.94 5.15 -32.80  1.23 0.61 -0.15  -0.94 -0.35 10.43  89.51 92.24 89.94 
13.56 -1.07 6.20 -30.45  1.21 -2.13 -1.03  -1.14 -0.20 10.47  90.00 92.39 89.82 
13.66 -0.65 5.39 -32.24  0.01 1.39 0.79  -0.98 -0.12 10.40  89.91 92.33 90.08 
13.77 -1.33 4.19 -34.54  -0.22 -1.42 -0.13  -0.75 -0.24 10.16  89.23 92.12 90.09 
13.87 -0.66 4.20 -36.71  0.88 0.09 -1.86  -0.75 -0.12 10.16  89.71 91.83 89.68 
13.97 -0.86 4.07 -37.13  4.80 -2.40 -2.18  -0.75 -0.16 10.47  89.63 91.95 89.65 
14.07 -0.45 4.26 -35.48  9.14 -5.67 -6.02  -0.75 -0.08 10.00  90.29 92.02 89.00 
14.18 1.79 5.13 -35.85  7.14 0.39 -4.83  -0.90 0.31 10.04  89.90 92.13 89.21 
14.28 2.55 5.09 -38.47  3.40 3.31 -3.10  -0.94 0.47 10.55  91.19 92.37 89.28 
14.38 -0.64 5.54 -35.67  4.43 -1.79 -0.77  -1.02 -0.12 10.51  89.72 92.42 89.87 
14.48 3.71 5.87 -39.35  4.06 0.89 -2.14  -1.06 0.67 10.28  91.17 92.91 89.50 
14.58 2.18 5.43 -39.26  1.44 2.99 2.35  -0.98 0.39 10.32  90.85 92.26 90.40 
14.69 1.71 5.12 -38.58  0.34 1.48 0.39  -0.94 0.31 10.51  90.46 91.56 90.21 
14.79 2.19 6.34 -36.09  2.45 0.12 -2.04  -1.14 0.39 10.24  90.66 92.73 89.61 
14.89 3.14 6.92 -35.77  4.00 -0.64 0.41  -1.22 0.55 10.00  91.36 92.81 90.04 
15.00 1.10 5.27 -38.12  -0.51 1.38 2.66  -0.94 0.20 10.20  90.96 92.29 90.56 
15.10 2.32 5.69 -38.90  1.50 0.33 -0.27  -1.06 0.43 10.63  90.74 92.21 89.95 
15.20 3.44 6.64 -38.34  1.22 -0.42 -1.10  -1.22 0.63 10.43  91.51 92.63 89.78 
15.31 3.40 7.40 -35.78  2.15 2.08 2.68  -1.37 0.63 10.55  91.41 93.17 90.47 
15.41 2.40 3.93 -41.24  -0.49 -0.34 2.22  -0.71 0.43 10.28  90.10 91.93 90.49 
15.51 1.75 5.01 -38.91  0.69 -0.95 -2.02  -0.90 0.31 10.28  90.39 91.94 89.69 
15.61 3.48 7.14 -37.61  1.87 -3.55 -1.44  -1.29 0.63 10.32  91.45 93.26 89.69 
15.72 1.58 4.72 -40.13  -0.49 -0.18 1.75  -0.82 0.27 9.96  91.09 92.27 90.32 
15.82 1.70 5.73 -38.97  -0.31 1.66 -1.35  -1.06 0.31 10.55  90.94 92.53 89.81 
15.92 2.61 6.07 -38.26  1.79 -2.48 -1.56  -1.10 0.47 10.32  91.33 92.46 89.76 
16.02 3.38 5.61 -40.18  1.23 -1.92 1.52  -0.98 0.59 9.96  91.46 92.52 90.25 
16.12 1.08 5.37 -99.14  -0.81 2.38 -0.51  -0.98 0.20 10.43  90.57 92.09 89.96 
16.23 2.64 5.05 -41.05  1.32 -1.30 -1.17  -0.90 0.47 10.20  91.16 92.12 89.87 
16.33 3.05 5.64 -40.78  0.10 0.66 -0.38  -1.02 0.55 10.32  91.27 92.24 89.91 
16.43 2.92 4.26 -43.68  -0.32 -1.52 0.61  -0.75 0.51 10.00  91.19 91.88 90.15 
16.53 2.83 6.50 -38.19  0.34 2.52 -0.24  -1.18 0.51 10.32  91.25 92.58 89.95 
16.63 2.79 6.40 -38.13  0.53 0.66 1.38  -1.18 0.51 10.47  91.30 92.78 90.21 
16.74 2.23 6.43 -37.91  2.12 -3.21 2.28  -1.14 0.39 10.08  90.96 92.88 90.34 
16.84 1.96 5.64 -38.48  -0.46 2.73 -0.31  -1.02 0.35 10.32  91.05 92.19 89.99 
16.94 1.34 4.24 -42.26  1.98 -1.01 -1.93  -0.75 0.24 10.04  90.76 91.90 89.71 
17.04 2.88 6.19 -40.22  1.94 0.39 -4.79  -1.10 0.51 10.12  91.44 92.77 89.10 
17.14 3.90 6.25 -40.57  0.54 0.35 -0.79  -1.14 0.71 10.36  91.94 92.61 89.82 
17.24 3.05 7.14 -38.24  1.46 0.22 2.61  -1.29 0.55 10.32  91.26 93.27 90.46 
17.34 3.66 6.42 -40.52  -0.73 0.62 1.81  -1.18 0.67 10.43  91.13 92.43 90.39 
17.44 1.68 6.48 -37.32  -0.29 2.35 0.69  -1.22 0.31 10.71  90.65 92.51 90.21 
17.54 3.96 7.00 -38.51  1.71 1.09 0.78  -1.26 0.71 10.20  91.74 93.27 90.14 
17.64 2.20 5.71 -41.24  -0.42 1.37 -0.26  -1.02 0.39 10.20  90.96 92.49 89.95 
17.75 3.25 7.11 -38.19  1.21 0.53 -0.91  -1.29 0.59 10.36  91.23 92.81 89.85 
17.85 3.04 6.90 -38.41  1.04 0.25 -0.89  -1.26 0.55 10.36  91.32 93.00 89.82 
17.95 4.21 5.96 -42.73  0.62 -1.10 0.17  -1.06 0.75 10.12  91.34 92.68 90.02 
18.05 2.83 7.14 -39.14  1.67 -0.15 0.29  -1.29 0.51 10.32  91.14 93.22 90.02 
18.15 2.82 6.69 -39.46  0.95 -2.67 0.81  -1.22 0.51 10.36  91.03 92.89 90.13 
18.25 2.83 7.14 -38.49  1.21 -1.59 -0.28  -1.29 0.51 10.32  91.31 93.08 89.92 
18.35 2.63 6.33 -39.17  0.40 1.00 0.32  -1.14 0.47 10.24  91.15 92.76 90.05 
18.45 2.87 6.60 -39.47  0.51 0.35 0.73  -1.18 0.51 10.16  91.07 92.80 90.14 
18.56 2.62 6.53 -39.72  0.64 -1.43 1.72  -1.18 0.47 10.28  91.16 93.07 90.22 
18.66 1.50 5.77 -40.10  0.49 0.33 0.44  -1.06 0.27 10.47  90.46 92.59 90.08 
18.76 2.90 6.87 -39.44  1.60 -1.15 -0.28  -1.22 0.51 10.08  90.96 92.76 89.98 
18.86 2.81 4.74 -43.74  -1.94 1.70 -1.27  -0.86 0.51 10.40  91.34 92.20 89.86 
18.96 2.07 4.95 -42.29  6.19 -5.90 -5.60  -0.94 0.39 10.87  90.43 92.91 89.08 
19.06 4.76 7.88 -37.67  3.07 1.21 -0.98  -1.37 0.82 9.89  92.33 93.42 89.71 
19.16 3.39 4.29 -44.53  -6.74 5.32 4.62  -0.75 0.59 9.92  91.90 92.09 90.73 
19.26 2.00 6.95 -38.81  0.06 6.23 -0.84  -1.37 0.39 11.26  90.70 92.70 89.88 
19.36 3.96 6.57 -42.28  7.74 -8.44 1.94  -1.18 0.71 10.20  90.77 93.36 90.36 
19.47 1.98 4.83 -40.86  -0.53 2.98 -0.09  -0.86 0.35 10.20  91.25 91.73 90.13 
19.57 5.96 6.77 -42.37  7.03 -6.55 -0.03  -1.26 1.10 10.51  91.90 93.41 89.89 
19.67 8.00 7.71 -40.91  9.77 -10.43 4.88  -1.37 1.41 10.04  93.87 93.29 90.69 
19.77 6.08 6.69 -35.52  11.63 -12.36 12.89  -1.22 1.10 10.32  92.49 92.97 92.06 
19.87 5.27 0.00 -45.34  4.61 -8.83 11.16  0.00 0.94 10.20  92.48 90.41 92.04 
19.97 6.62 -0.68 -45.17  3.73 -9.35 3.47  0.12 1.14 9.81  92.40 89.81 90.69 
20.07 6.96 0.43 -41.73  -1.49 -3.95 -1.31  -0.08 1.26 10.28  92.92 89.61 89.92 
20.17 5.54 1.06 -38.62  6.92 -17.57 1.25  -0.20 1.02 10.51  93.18 91.02 90.06 
20.28 7.43 0.49 -39.85  2.30 -7.17 2.95  -0.08 1.18 9.02  92.59 90.21 90.40 
20.38 8.82 -0.23 -43.35  -2.98 -3.38 1.90  0.04 1.49 9.61  93.29 90.30 90.40 
20.48 7.86 -0.24 -43.64  -14.89 15.39 2.87  0.04 1.29 9.38  93.33 89.60 90.47 
20.58 6.36 2.33 -39.50  -24.94 21.07 14.17  -0.43 1.18 10.55  92.16 91.03 92.25 
20.69 3.30 3.49 -36.29  -25.84 20.44 25.77  -0.71 0.67 11.57  91.45 91.28 94.35 
20.79 2.47 5.87 -32.22  -7.96 1.97 35.83  -1.22 0.51 11.81  91.08 92.56 96.18 
20.89 0.82 6.32 -25.07  17.05 -12.31 46.90  -1.22 0.16 10.98  89.91 92.35 98.05 
20.99 -1.57 6.68 -15.23  26.33 -14.15 46.93  -1.18 -0.27 10.04  89.32 92.92 98.19 
21.09 1.75 4.58 -17.05  23.14 -12.20 32.71  -0.82 0.31 10.28  91.50 91.97 96.15 
21.20 0.69 -0.46 -20.96  12.23 -9.94 19.59  0.08 0.12 9.77  90.51 89.90 93.69 
21.30 2.16 -1.68 -22.28  -1.49 -9.65 5.37  0.27 0.35 9.38  90.93 89.28 90.94 
21.40 2.90 -4.34 -26.16  -21.62 -2.56 24.33  0.71 0.47 9.30  92.30 88.70 94.17 
21.51 2.11 5.46 -9.91  4.96 62.26 18.49  -1.02 0.39 10.67  90.47 91.41 93.20 
21.61 3.90 6.73 -14.03  19.91 46.37 2.55  -1.29 0.75 10.94  91.70 92.94 90.44 
21.71 5.19 -2.93 -31.60  6.39 -50.47 9.49  0.51 0.90 9.92  91.57 88.35 92.39 
21.81 6.63 -3.54 -27.68  -2.69 -24.53 7.71  0.59 1.10 9.45  93.11 88.86 91.31 
21.91 0.82 -0.21 -14.44  -5.58 1.59 3.23  0.04 0.16 10.90  90.66 90.00 90.71 
22.01 2.14 -1.66 -16.58  -4.61 -38.36 -9.05  0.27 0.35 9.45  90.51 89.59 88.32 
22.12 5.86 -5.33 -21.42  -10.02 -26.32 -13.69  0.82 0.90 8.79  92.20 89.90 87.60 
22.22 7.94 -0.88 -13.67  -12.81 7.64 -13.90  0.16 1.41 10.12  93.23 89.61 87.43 
22.32 6.70 -0.86 -14.00  -3.65 -17.61 -5.27  0.16 1.22 10.36  92.80 90.09 88.78 
22.42 5.10 -3.39 -18.79  15.44 18.01 7.01  0.63 0.94 10.55  92.44 88.13 91.11 
22.52 19.57 -3.94 -43.20  -6.69 30.84 0.95  0.90 4.39 12.36  99.51 91.71 90.57 
22.63 1.31 -1.31 -17.67  -2.42 -7.25 -1.23  0.27 0.27 12.04  90.88 89.21 89.79 
22.73 23.24 -13.52 -98.27  -0.74 -128.79 -14.53  1.53 2.51 5.84  107.30 85.06 82.24 
22.83 10.96 -7.81 31.16  -107.36 -222.92 -37.18  2.75 3.80 19.65  92.31 86.34 83.51 
22.93 -38.57 -37.45 -8.19  -165.89 -269.86 -12.90  5.69 -4.63 5.81  73.17 73.66 87.75 
23.03 -103.41 -47.92 34.02  -199.56 -162.55 33.15  5.81 -5.10 -1.22  44.13 71.53 95.78 
23.14 -122.47 -41.82 44.57  -58.45 -47.29 10.89  6.86 -6.47 -4.12  35.70 73.40 94.80 
23.24 -120.16 -49.58 39.69  -6.51 0.63 12.16  7.88 -5.81 -3.37  26.70 69.14 93.73 
23.34 -114.92 -56.80 28.55  -11.92 15.90 8.02  8.39 -4.98 -2.31  37.64 65.65 91.39 
23.44 -109.47 -59.64 20.06  -11.32 10.32 4.67  8.24 -4.55 -1.61  40.54 65.33 91.83 
23.55 -107.89 -57.44 21.31  10.40 8.48 1.07  8.20 -4.98 -1.61  37.06 67.72 91.79 
23.65 -116.97 -58.24 20.74  -0.99 9.22 2.16  7.96 -4.39 -2.24  40.24 65.13 90.74 
23.75 -111.37 -55.84 23.66  5.96 19.29 -1.79  7.14 -4.51 -1.77  43.10 66.33 89.84 
23.86 -118.93 -60.42 15.05  13.69 47.88 29.50  6.00 -2.98 -1.65  37.53 63.13 94.27 
23.96 -86.21 -55.59 2.57  19.74 44.61 60.17  7.81 -5.33 0.35  52.98 65.86 99.99 
24.06 -91.05 -43.24 13.85  12.41 26.52 57.11  8.08 -8.59 -0.16  49.82 71.13 101.12 
24.17 -87.29 -39.73 9.94  6.51 28.67 16.54  7.57 -9.10 0.43  51.06 72.55 93.97 
24.27 -78.01 -42.53 -0.42  0.18 17.55 -14.51  7.10 -7.57 1.61  56.20 71.34 87.22 
24.37 -82.36 -42.42 1.78  -13.55 2.36 -10.71  6.47 -7.02 0.94  52.62 71.83 88.37 
24.48 -83.16 -42.94 0.84  -4.29 0.99 -1.75  6.43 -6.86 0.82  53.34 71.26 89.89 
24.58 -78.69 -44.94 -6.04  2.27 4.32 2.46  6.79 -6.67 1.33  55.66 70.39 90.43 
24.68 -86.02 -41.87 3.78  -1.09 -5.00 9.11  6.59 -7.34 0.51  53.14 71.62 91.80 
24.78 -87.59 -42.13 3.86  3.28 -9.65 8.68  6.75 -7.45 0.31  52.46 71.51 91.55 
24.88 -81.73 -45.03 -5.31  4.69 -0.40 0.23  6.83 -6.75 0.98  54.24 70.27 89.77 
24.98 -82.49 -43.47 -1.56  6.13 -5.25 5.98  6.83 -7.14 0.94  54.32 70.64 90.78 
25.09 -82.80 -42.99 -0.12  2.46 1.09 -5.43  6.71 -7.14 0.90  53.72 71.37 88.95 
25.19 -81.33 -45.19 -5.28  2.14 1.71 0.44  6.55 -6.43 0.98  54.49 70.51 89.81 
25.29 -80.68 -40.51 4.16  5.50 4.47 0.08  6.83 -7.88 1.29  54.65 72.15 90.21 
25.39 -78.13 -45.63 -9.09  0.12 2.72 -2.71  6.43 -6.16 1.29  55.51 70.29 89.43 
25.50 -82.27 -40.91 4.51  7.38 -0.64 6.32  6.83 -7.81 1.06  53.82 72.33 91.46 
25.60 -85.33 -46.31 -6.92  3.34 0.03 4.78  6.55 -6.24 0.51  52.35 69.38 90.29 
25.70 -83.85 -40.07 6.13  -0.13 3.36 -6.20  6.47 -7.65 0.82  53.31 73.15 89.59 
25.81 -80.48 -45.82 -8.38  -2.59 -8.10 11.98  6.59 -6.32 1.06  54.35 69.46 91.49 
25.91 -95.02 -39.89 8.91  -36.71 -25.53 17.32  6.75 -8.04 -0.71  48.54 72.60 93.02 
26.01 -91.89 -41.30 5.00  -4.87 -7.54 -0.95  6.28 -7.14 -0.24  50.73 71.69 89.57 
26.11 -94.26 -39.79 9.44  0.33 -3.91 1.45  6.16 -7.37 -0.55  48.87 72.64 90.25 
26.21 -93.62 -42.00 4.57  16.14 14.13 -4.35  6.16 -6.83 -0.43  49.17 71.74 89.05 
26.32 -86.13 -41.29 3.42  -1.20 0.11 3.96  6.63 -7.53 0.51  53.23 71.82 90.57 
26.42 -84.91 -41.22 1.56  5.36 5.94 -6.27  6.59 -7.49 0.67  53.17 72.22 89.09 
26.52 -87.50 -41.84 3.37  8.48 7.13 -6.22  6.43 -7.18 0.31  51.81 72.03 89.02 
26.62 -90.89 -36.77 13.84  7.53 -1.37 -9.27  5.69 -7.61 -0.12  50.06 73.04 89.01 
26.73 -87.76 -42.82 5.23  9.50 -2.35 -10.44  6.51 -7.02 0.27  53.60 69.93 87.54 
26.83 -83.62 -48.64 -5.06  36.44 6.59 -22.51  7.22 -6.32 0.71  52.36 69.47 86.13 
26.93 -72.24 -49.18 -10.30  9.96 -5.29 -16.75  7.30 -6.00 1.92  58.73 68.53 86.88 
27.03 -75.16 -50.72 -6.86  7.63 -4.39 -9.91  7.49 -5.92 1.57  56.93 68.46 88.33 
27.14 -74.40 -49.77 -3.68  10.43 2.17 -4.94  7.41 -6.04 1.69  58.03 68.41 89.19 
27.24 -67.17 -45.19 7.83  26.38 8.41 -5.34  6.51 -5.96 2.51  57.57 68.51 89.39 
27.34 -77.15 -51.04 0.72  16.92 11.52 -0.42  7.41 -5.84 1.33  55.90 67.51 89.50 
27.45 -69.01 -48.87 -1.23  -1.86 6.85 3.38  7.65 -6.24 2.39  58.82 67.81 90.25 
27.55 -69.28 -50.45 -5.84  1.39 -2.53 -5.59  7.92 -6.12 2.31  59.34 68.39 89.22 
27.65 -66.91 -53.71 -15.02  4.21 5.10 -6.73  7.49 -5.06 2.16  59.55 67.01 88.88 
27.75 -69.67 -48.09 1.42  -12.81 -8.78 10.11  7.92 -6.67 2.47  59.39 68.97 92.29 
27.86 -78.19 -44.87 9.57  -21.64 15.51 -13.99  7.06 -6.94 1.45  55.86 69.52 87.56 
27.96 -71.73 -52.63 -10.18  45.25 51.62 -31.32  5.57 -4.04 1.33  58.35 67.64 84.68 
28.07 -47.16 -43.94 -16.81  18.48 56.58 1.72  6.39 -4.86 4.51  69.36 70.43 89.56 
28.17 -48.51 -49.78 -35.11  -30.49 -8.44 26.11  7.49 -4.75 4.20  72.07 68.61 94.56 
28.27 -65.16 -42.87 -12.64  -24.68 26.27 10.96  7.02 -6.86 3.18  62.38 70.99 92.58 
28.38 -47.15 -57.10 -76.35  -96.99 4.28 31.01  6.86 -3.26 3.02  71.04 66.73 90.33 
28.48 -94.86 -22.20 8.73  -119.42 -7.27 95.41  3.02 -7.37 -0.63  48.93 78.55 108.32 
28.58 -95.54 -9.29 19.10  104.82 58.08 -50.60  2.39 -14.55 -1.41  42.87 86.34 86.51 
28.68 -58.54 -34.51 -33.25  -74.52 67.44 16.37  4.24 -5.26 3.22  74.78 69.80 84.34 
28.78 -45.65 -30.93 -99.60  -1.12 115.32 15.00  5.88 -7.02 6.86  70.08 76.50 92.62 
28.89 -61.11 -30.27 -45.53  -10.85 25.82 16.93  4.79 -7.18 3.96  63.60 77.66 93.18 
28.99 -54.05 -27.69 -58.86  6.78 -7.26 15.91  4.63 -7.14 5.18  67.04 77.97 91.54 
29.09 -47.07 -17.48 -37.02  21.90 -22.07 23.86  2.90 -6.75 6.28  67.24 80.50 93.72 
29.19 -62.45 -16.03 -8.39  17.33 -33.07 62.41  3.22 -9.92 5.18  62.75 83.00 100.89 
29.29 -50.76 -10.12 10.08  27.37 -8.50 18.74  1.73 -7.49 6.12  68.21 85.63 92.96 
29.40 -53.23 -4.92 21.49  -7.32 -6.46 34.34  0.78 -7.30 5.45  66.69 87.32 95.79 
29.50 -62.81 -7.44 5.73  -27.24 -2.25 44.06  1.26 -8.55 4.39  63.28 86.41 97.13 
29.61 -62.11 0.45 16.58  -2.63 -3.68 22.61  -0.08 -8.75 4.63  63.29 89.62 94.87 
29.71 -56.05 0.94 20.30  20.93 -9.13 31.73  -0.16 -7.92 5.33  66.31 89.80 94.81 
29.81 -66.36 0.26 8.51  7.39 -6.40 39.38  -0.04 -7.88 3.45  62.17 89.43 96.08 
29.91 -58.47 3.55 15.48  13.88 15.24 18.00  -0.63 -8.63 5.30  63.78 91.30 93.77 
30.02 -52.13 5.66 20.08  -5.79 -15.34 10.79  -1.02 -8.12 6.32  68.49 91.50 91.60 
30.12 -59.12 7.76 18.32  -15.65 -29.99 10.10  -1.33 -8.39 5.02  65.63 93.36 92.43 
30.23 -54.53 4.71 24.18  -15.90 -23.27 -16.14  -0.98 -9.69 6.90  65.01 92.00 88.19 
30.33 -55.42 0.92 26.17  -29.39 -35.38 -19.19  -0.16 -8.08 5.57  64.82 91.29 86.79 
30.43 -64.29 -4.53 12.37  -36.20 -33.61 -22.66  0.75 -8.47 4.08  62.04 88.56 86.39 
30.53 -61.62 -4.04 25.25  -36.34 -4.47 -36.18  0.71 -8.79 4.75  63.14 88.94 84.22 
30.63 -62.30 -8.60 19.21  -20.88 6.13 -36.86  1.61 -9.41 4.94  62.82 86.25 83.57 
30.74 -55.40 -17.36 3.95  -25.62 -2.02 -44.35  2.79 -7.34 5.06  65.76 82.86 81.95 
30.84 -71.15 -22.94 -10.37  -17.96 -25.20 -23.08  3.65 -8.16 2.79  59.96 80.20 85.34 
30.94 -70.10 -26.27 -13.03  20.80 5.72 -14.30  4.55 -8.67 3.14  58.99 78.50 87.03 
31.04 -68.20 -28.52 -20.31  -10.55 0.20 -4.06  4.71 -8.04 3.22  59.95 77.69 89.13 
31.15 -70.16 -28.42 -18.17  -12.51 -20.70 -2.12  4.94 -8.59 3.10  59.33 77.65 90.18 
31.25 -52.29 -31.32 -63.41  0.63 -25.25 -15.28  7.45 -9.69 7.49  67.19 76.33 87.33 
31.35 -59.23 -33.16 -41.94  70.72 -1.27 -41.04  9.22 -12.12 7.22  63.73 71.92 81.88 
31.45 -47.00 -32.04 -14.69  264.22 -83.62 -194.61  7.45 -8.71 8.12  68.61 77.90 61.05 
31.56 -132.27 -44.87 69.14  286.69 -236.26 -188.22  2.90 -2.16 -1.96  40.03 75.07 52.57 
31.66 -139.03 -40.90 -257.78  267.08 -60.64 -155.00  5.81 -4.39 -5.06  13.69 72.11 57.95 
31.76 103.09 -45.55 -109.44  120.13 92.98 -176.06  7.06 6.75 -1.57  138.62 68.75 59.95 
31.86 66.16 -45.30 -43.36  17.68 108.30 0.47  7.45 6.75 2.98  118.87 70.24 90.08 
31.97 67.89 -46.19 -46.09  4.30 36.93 7.03  7.06 6.28 2.55  119.09 68.28 92.37 
32.07 93.32 -32.69 -81.58  -144.45 -40.54 45.61  5.65 8.79 -0.51  129.50 74.94 95.07 
32.17 90.29 -45.00 -120.48  -143.65 -43.21 118.20  7.73 7.73 -0.04  129.40 70.37 110.63 
32.28 91.59 -81.18 -141.92  -188.18 -125.20 111.27  9.10 1.41 -0.04  29.91 52.76 110.79 
32.38 -160.46 -81.34 -274.84  -286.10 -125.16 131.64  8.47 -0.43 -1.22  46.50 55.42 112.44 
32.48 -158.89 -60.71 50.52  -96.78 -57.51 60.61  7.57 -1.53 -3.96  20.67 63.51 100.58 
32.59 -147.80 -64.76 37.12  -9.06 1.99 -2.63  7.96 -2.00 -3.18  26.75 61.39 90.31 
32.69 -150.34 -69.01 36.34  -14.93 14.14 -3.75  8.47 -1.61 -2.82  23.19 59.45 88.37 
32.79 -143.26 -68.15 29.38  -20.27 0.18 21.79  8.67 -2.08 -2.79  27.11 59.54 93.76 
32.90 -124.99 -71.66 12.44  4.56 24.89 1.05  8.67 -2.35 -1.65  28.21 58.03 89.94 
33.00 -131.27 -74.24 14.53  19.43 6.78 -0.08  9.06 -1.92 -1.69  32.07 56.77 88.75 
33.10 -119.25 -75.53 2.90  -0.29 -1.49 5.52  8.71 -1.96 -1.10  37.97 57.05 90.96 
33.21 -154.43 -47.44 47.45  -24.75 28.60 28.12  6.63 -2.63 -5.49  21.54 69.22 94.85 
33.31 8.08 -52.22 -208.57  51.38 -1.10 49.36  7.92 0.86 6.08  98.36 69.99 91.55 
33.42 -95.97 -70.49 -10.32  8.28 44.84 -17.21  9.57 -3.37 -0.35  43.95 61.98 87.58 
33.52 -95.31 -69.58 -6.06  19.47 38.61 -11.17  9.10 -3.37 -0.31  48.18 60.21 88.02 
33.62 -58.57 -83.70 -61.19  40.92 21.11 -5.52  7.49 -0.71 0.43  64.44 53.48 89.04 
33.72 -50.14 -60.38 -31.40  57.83 58.44 18.78  9.26 -4.04 3.37  67.42 61.98 94.38 
33.83 -31.36 -58.65 -55.39  2.31 15.62 7.60  9.65 -3.06 5.02  76.98 64.60 90.75 
33.93 -48.75 -67.53 -48.35  -27.41 52.36 2.72  8.20 -2.55 2.24  65.43 61.71 90.51 
34.04 -32.11 -54.04 -67.81  -7.19 96.58 -6.97  6.51 -2.51 4.00  74.97 66.25 89.42 
34.14 -26.71 -40.35 -64.34  -12.71 106.91 11.58  6.08 -3.22 6.39  78.35 72.40 92.02 
34.24 -22.65 -29.11 -68.98  -3.74 78.40 6.92  5.73 -3.96 9.49  79.90 77.73 91.32 
34.34 -29.00 -22.93 -46.35  -20.37 8.23 24.42  3.49 -4.00 7.22  77.35 79.99 94.26 
34.47 -24.04 -29.14 -77.66  -20.53 29.25 6.55  5.10 -3.73 8.36  79.51 77.29 91.14 
34.60 -20.79 -20.89 -90.79  -17.39 65.45 -3.26  3.92 -3.65 9.61  80.93 80.89 89.43 
34.74 -24.52 -11.94 -83.56  -3.82 87.13 0.05  2.08 -4.08 8.94  79.30 84.79 90.01 
34.87 -25.38 -3.07 -73.88  32.03 67.19 5.69  0.59 -4.71 9.92  78.93 88.66 90.99 
34.97 -25.57 2.45 -66.88  -7.73 33.76 -3.66  -0.43 -4.35 9.10  78.84 91.07 89.36 
35.07 -30.77 7.12 -58.52  -39.96 35.70 -17.04  -1.26 -5.14 8.63  76.11 93.94 87.20 
35.18 -34.61 11.63 -52.02  -47.50 34.64 2.85  -1.96 -5.41 7.85  74.90 95.07 90.50 
35.28 -35.03 14.99 -64.58  -36.89 42.60 19.39  -2.75 -5.88 8.39  74.72 96.54 93.38 
35.38 -29.91 15.23 -89.95  -20.46 14.92 25.81  -2.79 -5.10 8.87  77.34 95.95 93.88 
35.48 -39.12 21.98 -55.98  -13.57 -32.64 38.38  -4.04 -6.32 7.77  73.50 98.41 96.47 
35.59 -46.96 22.58 -35.61  -13.40 -24.57 26.80  -4.04 -7.10 6.63  70.95 99.98 95.26 
35.69 -31.00 15.35 -78.12  -0.09 -1.40 -4.33  -2.86 -5.37 8.94  76.51 96.60 89.00 
35.79 -39.60 16.62 -52.74  -8.48 4.91 1.06  -2.90 -6.20 7.49  72.72 97.25 90.18 
35.90 -33.12 20.95 -59.49  -0.32 -10.77 -14.67  -3.77 -5.37 8.24  75.25 99.08 87.07 
36.00 -39.93 13.80 -50.86  -10.40 -94.57 18.34  -2.24 -5.84 6.98  71.80 96.56 93.63 
36.10 -38.38 -0.89 -41.61  41.00 -168.95 14.60  0.16 -6.28 7.92  75.14 90.39 92.11 
36.21 -41.97 -15.35 -39.06  11.20 -122.85 -13.75  2.16 -5.26 5.84  70.19 84.10 89.00 
36.31 -40.68 -14.04 -2.59  32.50 -64.49 -13.60  2.39 -6.24 7.26  72.25 83.87 87.63 
36.41 -50.91 -21.21 -6.23  87.91 20.97 12.01  3.45 -6.90 5.61  67.79 80.75 92.10 
36.52 -27.09 -7.55 5.37  35.36 49.69 48.42  1.53 -5.26 10.28  78.77 85.83 98.03 
36.62 -17.74 1.21 19.26  -7.54 22.95 32.14  -0.20 -2.82 8.83  82.26 90.53 95.61 
36.72 -27.79 10.40 22.95  17.84 55.57 78.86  -1.96 -4.98 9.45  77.88 94.54 103.76 
36.82 -9.61 6.40 20.47  -9.98 28.09 4.19  -1.45 -2.16 12.75  85.81 92.79 90.73 
36.92 -6.09 15.24 46.27  28.20 21.76 114.71  -3.02 -1.18 11.02  87.34 96.65 110.02 
37.02 -17.64 3.70 30.91  -75.36 -0.83 102.73  -0.86 -4.04 12.71  82.31 91.62 107.93 
37.12 -97.59 18.81 9.55  -131.76 67.40 14.52  -2.63 -7.65 -1.02  76.70 97.29 90.25 
37.23 -19.98 16.65 48.53  166.60 -54.80 18.64  -2.75 -3.14 8.63  73.91 90.60 94.03 
37.33 1.17 -44.70 -41.05  108.66 -22.42 -13.07  3.80 0.08 3.84  95.08 85.94 87.69 
37.43 9.61 7.14 53.08  -9.98 4.35 25.84  -0.94 1.26 7.41  98.85 92.53 96.02 
37.54 9.34 22.51 64.02  -11.03 -13.55 73.37  -3.80 1.49 9.06  87.86 91.86 102.72 
37.64 8.62 -14.77 42.07  36.99 -1.25 -0.28  1.73 0.98 6.47  93.76 83.56 89.95 
37.74 3.22 4.82 50.71  1.55 -0.98 -0.41  -0.94 0.63 11.14  84.99 91.72 89.36 
37.84 1.54 2.41 46.69  0.81 -0.53 -0.76  -0.43 0.27 10.24  90.71 92.90 89.80 
37.94 5.06 -2.78 48.98  0.78 -1.01 -0.19  0.43 0.78 8.87  92.21 88.79 89.97 
38.05 1.32 7.88 49.80  0.96 0.53 -0.73  -1.41 0.24 10.20  90.28 92.79 89.90 
38.15 16.91 -4.07 64.47  0.71 -0.61 0.34  0.43 1.77 5.81  94.50 92.64 90.31 
38.25 -0.22 5.09 47.30  1.05 -1.01 -9.23  -0.90 -0.04 10.12  89.89 91.09 88.28 
38.35 -4.68 1.63 39.43  0.95 2.38 0.43  -0.31 -0.90 11.02  87.96 90.71 90.07 
38.46 -2.14 -5.61 35.82  1.65 -0.20 12.84  1.14 -0.43 11.57  90.00 88.10 92.46 
38.56 2.18 0.22 45.13  3.05 21.10 5.47  -0.04 0.39 10.32  88.34 89.03 91.08 
38.66 -0.83 0.62 39.88  5.70 2.30 -2.79  -0.12 -0.16 10.87  88.72 87.96 89.63 
38.76 3.47 4.08 46.70  8.10 16.80 -4.21  -0.78 0.67 10.98  91.52 91.78 89.27 
38.87 6.52 13.37 54.94  -13.48 -15.68 2.22  -4.35 2.08 18.20  93.36 95.49 89.70 
38.97 5.36 4.74 46.57  4.19 18.64 4.39  -0.94 1.06 11.30  95.53 91.62 88.88 
39.07 4.16 5.32 46.47  1.40 -5.07 4.26  -1.06 0.82 11.34  90.93 93.03 90.57 
39.17 7.65 4.44 52.07  0.98 -5.47 2.89  -0.82 1.41 10.51  92.43 94.50 90.31 
39.28 5.40 13.02 52.83  0.56 -3.87 -1.63  -2.31 0.94 9.96  92.10 94.76 89.51 
39.38 2.90 3.78 44.50  0.97 -1.06 0.09  -0.67 0.51 10.08  91.63 92.10 90.02 
39.48 2.87 4.19 44.93  0.80 -0.63 0.05  -0.75 0.51 10.16  90.85 91.98 90.07 
39.59 4.40 3.29 45.90  0.31 -0.39 1.16  -0.59 0.78 10.20  91.34 91.62 90.30 
39.69 4.57 7.56 50.03  0.52 0.04 1.44  -1.37 0.82 10.32  91.99 93.30 90.25 
39.79 3.26 5.64 45.98  0.60 0.46 -0.78  -1.02 0.59 10.32  91.51 92.25 89.89 
39.89 3.29 5.46 45.52  0.95 -0.42 0.81  -0.98 0.59 10.24  91.62 92.28 90.16 
40.00 4.30 5.35 47.95  0.46 -0.25 0.26  -0.98 0.78 10.43  91.61 92.36 90.04 
40.10 3.73 5.46 47.39  0.80 -1.00 0.42  -0.98 0.67 10.24  91.54 92.69 90.05 
40.20 3.49 6.09 46.19  0.91 -0.71 0.14  -1.10 0.63 10.28  91.44 92.48 90.05 
40.31 2.84 4.14 45.66  0.52 -0.37 0.44  -0.75 0.51 10.28  91.55 91.83 90.20 
40.41 3.24 5.38 46.15  0.22 0.58 -0.89  -0.98 0.59 10.40  91.41 92.35 89.84 
40.51 3.55 5.08 45.61  1.37 -0.89 0.01  -0.90 0.63 10.12  91.61 92.36 90.00 
40.61 3.30 4.17 45.76  1.02 -0.70 1.55  -0.75 0.59 10.20  91.42 91.99 90.29 
40.72 3.04 6.05 46.44  0.53 -0.06 0.25  -1.10 0.55 10.36  91.23 92.84 90.05 
40.82 3.25 6.90 46.81  0.49 -0.75 -0.64  -1.26 0.59 10.36  91.24 92.94 89.89 
40.92 3.29 6.11 47.82  0.84 -0.67 0.52  -1.10 0.59 10.24  91.44 92.39 90.08 
41.03 3.71 4.14 44.82  0.90 -0.77 0.86  -0.75 0.67 10.28  91.62 91.81 90.15 
41.13 2.86 5.49 45.30  0.63 -0.65 0.14  -0.98 0.51 10.20  91.52 92.28 90.02 
41.23 3.06 5.66 46.66  0.74 -0.70 0.30  -1.02 0.55 10.28  91.52 92.36 90.04 
41.34 3.31 5.72 47.13  0.57 -0.49 0.38  -1.02 0.59 10.16  91.52 92.27 90.07 
41.44 3.26 4.99 45.82  1.02 -0.15 0.27  -0.90 0.59 10.32  91.44 92.38 90.04 
41.54 3.52 5.26 47.19  1.23 -0.58 0.44  -0.94 0.63 10.20  91.51 92.26 90.08 
41.64 3.28 5.66 46.31  0.93 -0.39 0.75  -1.02 0.59 10.28  91.43 92.47 90.13 
41.74 3.09 4.19 44.99  0.52 -0.51 -0.41  -0.75 0.55 10.16  91.35 91.83 89.93 
41.85 3.55 5.08 47.11  1.76 -1.73 1.89  -0.90 0.63 10.12  91.13 93.37 90.24 
41.95 3.47 5.40 46.16  0.78 -0.25 0.30  -0.98 0.63 10.36  91.43 92.37 90.05 
42.05 3.44 5.36 46.86  0.95 -0.46 0.34  -0.98 0.63 10.43  91.52 92.56 90.03 
42.16 3.49 5.66 47.70  1.09 -0.26 0.25  -1.02 0.63 10.28  91.32 92.16 90.03 
42.26 3.51 4.81 45.58  0.79 -0.55 0.32  -0.86 0.63 10.24  91.25 92.31 90.05 
42.36 3.28 5.44 45.99  1.14 -0.50 0.29  -0.98 0.59 10.28  91.42 92.37 90.04 
42.46 3.25 4.97 46.74  0.95 -0.80 0.52  -0.90 0.59 10.36  91.42 92.17 90.09 
42.56 3.49 5.66 46.44  1.00 -0.40 0.19  -1.02 0.63 10.28  91.44 92.19 90.03 
42.67 3.26 5.21 46.24  0.45 -0.60 0.37  -0.94 0.59 10.32  91.42 92.18 90.07 
42.77 2.83 5.85 46.62  0.46 -0.51 0.20  -1.06 0.51 10.32  91.52 92.37 90.04 
42.88 3.48 6.07 46.42  0.56 -0.44 0.28  -1.10 0.63 10.32  91.73 92.50 90.05 
42.98 3.49 5.44 47.20  0.70 -0.45 0.22  -0.98 0.63 10.28  91.54 92.30 90.05 
43.08 3.06 5.23 46.90  1.03 -0.78 0.37  -0.94 0.55 10.28  91.33 92.28 90.06 
43.18 3.52 5.05 45.98  1.01 -0.48 0.13  -0.90 0.63 10.20  91.51 92.26 90.05 
43.29 3.28 5.66 47.56  0.76 -0.46 0.28  -1.02 0.59 10.28  91.41 92.16 90.07 
43.39 3.70 6.06 48.06  1.16 -0.29 0.25  -1.10 0.67 10.32  91.71 92.37 90.04 
43.50 3.29 5.25 45.44  0.59 -0.72 0.14  -0.94 0.59 10.24  91.61 92.36 90.02 
43.60 3.46 5.17 46.09  0.96 -0.71 0.37  -0.94 0.63 10.40  91.54 92.58 90.07 
43.70 3.70 5.85 47.97  0.81 -0.65 0.33  -1.06 0.67 10.32  91.64 92.40 90.05 
43.80 3.70 5.20 46.40  0.56 -0.70 0.39  -0.94 0.67 10.32  91.61 92.27 90.07 
43.91 3.93 5.01 47.69  0.97 -1.12 0.13  -0.90 0.71 10.28  91.63 91.92 90.02 
44.01 3.08 6.57 47.01  1.08 -1.45 0.23  -1.18 0.55 10.20  91.44 93.89 89.91 
44.11 4.35 6.70 47.50  0.12 0.40 -0.27  -1.22 0.78 10.32  92.56 93.17 89.87 
44.21 2.99 3.62 45.12  0.19 -0.95 -0.99  -0.67 0.55 10.51  91.30 91.58 89.83 
44.31 2.41 5.47 45.91  0.62 -0.56 0.41  -0.98 0.43 10.24  91.68 92.42 90.07 
44.42 2.42 5.27 44.80  1.01 -1.33 1.41  -0.94 0.43 10.20  91.03 93.64 90.20 
44.52 3.08 4.83 46.46  0.64 -1.36 0.30  -0.86 0.55 10.20  91.34 92.11 90.05 
44.62 3.67 4.31 45.95  0.74 -0.95 -0.90  -0.78 0.67 10.40  90.47 91.70 89.89 
44.73 1.52 4.35 42.78  0.44 -0.38 0.60  -0.78 0.27 10.32  91.44 91.82 90.11 
44.83 3.76 4.63 46.15  0.58 -0.89 0.15  -0.82 0.67 10.16  91.33 91.90 90.05 
44.93 3.07 5.90 46.35  0.60 -0.57 0.35  -1.06 0.55 10.24  91.53 92.48 90.05 
45.04 3.73 5.24 46.30  0.83 -0.23 0.41  -0.94 0.67 10.24  91.45 92.41 90.09 
45.14 3.28 4.79 46.30  1.17 -0.63 0.41  -0.86 0.59 10.28  91.43 92.09 90.07 
45.24 3.30 5.48 45.58  0.73 -0.56 0.32  -0.98 0.59 10.20  92.00 91.80 90.04 
45.34 3.54 5.07 45.69  0.88 -0.99 0.46  -0.90 0.63 10.16  91.98 92.26 90.07 
45.45 3.56 5.55 47.45  0.93 -0.74 0.07  -0.98 0.63 10.08  91.35 92.59 90.04 
45.55 3.28 5.23 46.90  0.75 -0.75 0.18  -0.94 0.59 10.28  91.52 92.28 90.04 
45.65 3.48 5.42 46.43  0.85 -0.78 0.28  -0.98 0.63 10.32  91.51 92.26 90.04 
45.76 4.35 6.70 49.26  0.67 -0.32 -0.18  -1.22 0.78 10.32  91.54 92.49 89.96 
45.86 3.08 3.95 44.23  0.67 -0.48 0.64  -0.71 0.55 10.20  91.34 91.73 90.11 
45.96 3.04 5.83 46.32  0.78 -0.20 0.28  -1.06 0.55 10.36  91.33 92.37 90.04 
46.06 3.70 4.99 46.98  0.55 -0.77 0.26  -0.90 0.67 10.32  91.43 92.28 90.04 
46.17 3.05 4.77 45.59  0.85 -0.30 0.29  -0.86 0.55 10.32  91.42 92.36 90.08 
46.27 3.70 4.56 46.30  0.86 -0.49 0.55  -0.82 0.67 10.32  91.24 91.91 90.11 
46.38 3.51 5.24 47.28  0.98 -0.77 0.35  -0.94 0.63 10.24  91.24 92.29 90.04 
46.48 3.09 5.29 45.33  0.36 -0.67 0.18  -0.94 0.55 10.16  91.35 92.31 90.03 
46.58 3.48 5.20 45.72  0.68 -0.37 0.18  -0.94 0.63 10.32  91.52 92.28 90.03 
46.68 3.30 5.27 46.95  0.56 -0.33 0.16  -0.94 0.59 10.20  91.52 92.28 90.01 
46.79 3.28 6.52 46.49  0.78 -0.23 0.18  -1.18 0.59 10.28  91.32 92.26 90.05 
46.89 3.48 5.20 46.32  0.67 -0.23 0.31  -0.94 0.63 10.32  91.54 92.30 90.06 
46.99 3.49 4.36 45.73  1.07 -0.66 0.42  -0.78 0.63 10.28  91.43 92.19 90.10 
47.09 3.26 5.42 45.85  0.64 -0.55 0.38  -0.98 0.59 10.32  91.42 92.37 90.07 
47.20 3.06 5.44 46.23  0.59 -0.56 0.29  -0.98 0.55 10.28  91.33 92.37 90.05 
47.30 3.51 5.24 47.09  0.89 -0.60 0.24  -0.94 0.63 10.24  91.53 92.57 90.05 
47.40 3.49 4.57 45.22  0.67 -0.41 0.39  -0.82 0.63 10.28  91.44 92.19 90.08 
47.51 2.83 5.21 46.10  1.02 -0.44 0.27  -0.94 0.51 10.32  91.41 92.35 90.05 
47.61 3.52 5.70 47.20  0.60 -0.95 0.24  -1.02 0.63 10.20  91.52 92.18 90.04 
47.72 3.51 5.24 45.44  0.70 -0.60 0.26  -0.94 0.63 10.24  91.52 92.37 90.05 
47.82 3.52 5.26 46.04  0.66 -0.68 0.23  -0.94 0.63 10.20  91.52 92.37 90.03 
47.92 3.04 4.54 45.94  0.96 -0.51 0.43  -0.82 0.55 10.36  91.32 91.98 90.07 
48.02 3.51 5.03 45.87  0.72 -0.59 0.21  -0.90 0.63 10.24  91.53 92.29 90.03 
48.13 3.28 5.44 46.88  0.80 -0.70 0.25  -0.98 0.59 10.28  91.42 92.46 90.02 
48.23 3.06 5.66 45.80  0.84 -0.51 0.10  -1.02 0.55 10.28  91.50 92.34 90.02 
48.33 3.51 5.46 45.59  0.74 -0.53 0.23  -0.98 0.63 10.24  91.51 92.26 90.03 
48.44 3.30 5.05 47.13  0.79 -0.54 0.10  -0.90 0.59 10.20  91.54 92.39 90.04 
48.54 3.52 4.83 46.72  0.81 -0.74 0.23  -0.86 0.63 10.20  91.54 92.11 90.04 
48.64 3.31 5.07 45.32  0.71 -0.70 0.22  -0.90 0.59 10.16  91.53 92.38 90.03 
48.75 3.95 5.89 47.90  0.59 -0.44 0.24  -1.06 0.71 10.24  91.62 92.28 90.04 
48.85 3.04 5.40 45.88  0.86 -0.79 0.38  -0.98 0.55 10.36  91.54 92.39 90.05 
48.95 3.06 5.01 44.56  0.98 -0.55 0.44  -0.90 0.55 10.28  91.53 92.19 90.07 
49.06 3.49 5.22 47.05  0.76 -0.33 0.32  -0.94 0.63 10.28  91.34 92.48 90.05 
49.16 3.49 5.01 45.86  0.53 -0.61 0.32  -0.90 0.63 10.28  91.44 92.10 90.03 
49.26 3.28 5.66 46.52  0.75 -0.52 0.18  -1.02 0.59 10.28  91.43 92.47 90.03 
49.36 3.49 5.44 46.62  1.07 -0.46 0.14  -0.98 0.63 10.28  91.62 92.47 90.03 
49.47 3.28 5.66 45.64  0.76 -0.21 0.23  -1.02 0.59 10.28  91.35 92.21 90.04 
49.57 3.05 5.21 45.53  1.04 -0.40 0.19  -0.94 0.55 10.32  91.62 92.37 90.04 
49.68 2.58 6.00 46.26  0.73 -0.74 -0.04  -1.10 0.47 10.43  91.54 92.50 89.99 
49.78 2.85 4.59 44.62  0.79 -0.47 0.84  -0.82 0.51 10.24  91.15 91.92 90.14 
49.88 3.48 5.42 46.33  0.29 -0.50 0.33  -0.98 0.63 10.32  91.62 92.47 90.05 
49.99 3.28 5.44 46.87  0.81 -0.52 0.04  -0.98 0.59 10.28  91.43 92.37 90.01 
50.09 3.49 5.44 45.64  0.82 -0.71 0.27  -0.98 0.63 10.28  91.41 92.16 90.05 
50.20 3.07 5.25 45.82  0.72 -0.46 0.18  -0.94 0.55 10.24  91.44 92.58 90.04 
50.30 3.47 5.61 46.98  0.75 -0.30 0.21  -1.02 0.63 10.36  91.44 92.38 90.05 
50.40 3.52 5.26 46.21  0.68 -0.41 0.35  -0.94 0.63 10.20  91.51 92.45 90.02 
50.51 3.49 5.44 47.01  0.67 -0.49 0.37  -0.98 0.63 10.28  91.32 92.45 90.05 
50.61 3.71 5.01 47.01  0.46 -0.62 0.25  -0.90 0.67 10.28  91.62 92.18 90.04 
50.71 3.26 5.42 45.32  0.76 -0.36 0.15  -0.98 0.59 10.32  91.34 92.49 90.03 
50.81 3.51 5.68 47.92  0.82 -0.35 0.11  -1.02 0.63 10.24  91.54 92.21 90.05 
50.92 3.28 5.23 47.23  0.69 -0.27 0.28  -0.94 0.59 10.28  91.52 92.28 90.03 
51.02 3.52 5.48 46.25  0.99 -0.36 0.11  -0.98 0.63 10.20  91.61 92.45 90.03 
51.13 3.08 2.64 43.42  0.90 -0.84 -0.34  -0.47 0.55 10.20  91.61 91.70 89.96 
51.23 5.19 0.45 44.62  0.69 -0.51 -5.06  -0.08 0.90 9.92  93.30 90.00 89.40 
51.33 -6.00 5.96 36.44  1.48 -0.57 -2.42  -0.98 -0.98 9.34  87.38 92.60 89.58 
51.43 3.63 3.41 45.02  -0.41 -5.35 0.99  -0.63 0.67 10.51  92.18 92.08 90.14 
51.54 -40.40 5.66 20.57  -26.08 -133.88 10.04  -1.10 -7.18 8.43  91.67 95.91 88.48 
51.64 5.43 13.03 54.98  -0.63 -7.27 0.42  -2.59 1.06 11.14  92.37 95.68 90.07 
51.74 2.39 1.43 45.76  -3.12 -4.81 0.23  -0.24 0.39 9.41  92.32 91.11 90.02 
51.84 1.79 1.57 43.57  -0.37 -1.60 0.45  -0.27 0.31 10.04  90.70 90.30 90.08 
51.95 1.97 2.18 44.40  1.93 0.81 0.24  -0.39 0.35 10.28  90.86 90.95 90.04 
52.05 2.62 2.62 47.39  2.24 0.83 0.24  -0.47 0.47 10.28  91.15 91.15 90.06 
52.15 2.58 2.80 46.87  0.59 -0.73 0.16  -0.51 0.47 10.43  90.95 90.95 90.03 
52.26 2.15 2.80 45.31  0.09 -1.43 0.21  -0.51 0.39 10.43  91.05 91.05 90.05 
52.36 1.73 2.38 45.26  0.64 -0.70 0.15  -0.43 0.31 10.40  90.85 91.04 90.04 
52.47 2.21 2.21 45.22  0.79 -0.12 0.22  -0.39 0.39 10.16  91.16 90.96 90.05 
52.57 3.11 1.77 45.95  0.83 -0.39 0.12  -0.31 0.55 10.12  91.36 90.77 90.02 
52.67 2.87 2.21 47.16  0.71 -0.77 0.19  -0.39 0.51 10.16  90.86 91.14 90.04 
52.77 1.97 1.97 44.63  0.63 -0.96 0.30  -0.35 0.35 10.24  90.95 91.05 90.03 
52.87 1.94 2.37 44.70  0.64 -0.31 0.21  -0.43 0.35 10.43  90.85 91.03 90.04 
52.98 2.84 2.40 46.97  1.06 -0.52 0.25  -0.43 0.51 10.28  91.15 90.77 90.04 
53.08 2.85 2.63 45.41  0.67 -0.40 0.32  -0.47 0.51 10.24  91.16 90.77 90.05 
53.18 2.42 2.64 45.38  0.88 -0.67 0.18  -0.47 0.43 10.20  90.95 91.04 90.07 
53.29 3.06 2.62 47.46  0.76 -0.76 0.13  -0.47 0.55 10.28  91.14 91.14 90.03 
53.39 2.63 1.97 45.46  0.67 -0.58 0.21  -0.35 0.47 10.24  91.15 90.86 90.04 
53.49 2.43 2.21 45.66  0.78 -0.53 0.46  -0.39 0.43 10.16  91.15 90.96 90.07 
53.59 2.18 2.18 45.69  0.55 -0.70 0.14  -0.39 0.39 10.32  90.95 90.95 90.02 
53.69 2.14 2.57 44.79  0.68 -0.54 0.29  -0.47 0.39 10.47  91.05 91.05 90.05 
53.79 2.86 1.98 46.62  0.93 -0.56 0.22  -0.35 0.51 10.20  90.95 91.13 90.04 
53.90 2.22 2.66 46.84  0.64 -0.74 0.27  -0.47 0.39 10.12  91.05 90.86 90.04 
54.00 2.40 2.40 45.58  0.87 -0.61 0.11  -0.43 0.43 10.28  91.05 91.05 90.02 
54.10 2.17 2.38 45.31  0.88 -0.59 0.21  -0.43 0.39 10.36  91.04 91.04 90.04 
54.20 2.61 2.39 46.17  0.49 -0.24 0.24  -0.43 0.47 10.32  91.05 91.05 90.02 
54.31 2.40 2.18 44.54  0.94 -0.73 0.25  -0.39 0.43 10.28  91.14 91.04 90.04 
54.41 2.46 2.23 46.31  0.87 -0.43 0.30  -0.39 0.43 10.04  91.05 90.85 90.03 
54.51 2.82 2.38 46.87  0.91 -0.36 0.18  -0.43 0.51 10.36  91.06 90.77 90.03 
54.62 2.17 2.38 44.98  0.68 -0.53 0.25  -0.43 0.39 10.36  91.04 91.13 90.02 
54.72 2.82 2.17 46.38  0.77 -0.73 0.03  -0.39 0.51 10.36  91.23 90.95 90.00 
54.82 2.43 2.43 45.71  0.57 -0.80 0.32  -0.43 0.43 10.16  91.14 91.04 90.05 
54.93 2.17 2.38 44.65  0.85 -0.21 0.30  -0.43 0.39 10.36  91.06 90.86 90.04 
55.03 2.40 3.04 47.14  0.53 -0.74 0.23  -0.55 0.43 10.32  90.95 91.14 90.04 
55.13 2.62 2.18 46.59  0.46 -0.51 0.28  -0.39 0.47 10.28  91.14 91.14 90.05 
55.24 2.84 1.96 44.98  0.96 -0.51 0.18  -0.35 0.51 10.28  91.04 91.04 90.05 
55.34 2.17 2.38 -99.14  0.84 -0.53 0.14  -0.43 0.39 10.36  91.16 90.87 90.05 
55.44 2.18 2.61 45.86  0.64 -0.50 0.19  -0.47 0.39 10.32  91.16 90.87 90.04 
55.54 2.61 2.61 45.84  0.78 -0.73 0.17  -0.47 0.47 10.32  90.86 91.04 90.04 
55.65 2.63 2.19 46.38  0.90 -0.73 0.10  -0.39 0.47 10.24  91.14 90.95 90.03 
55.75 2.20 1.98 46.43  0.81 -0.54 0.23  -0.35 0.39 10.20  90.97 91.06 90.05 
55.85 2.66 2.22 45.05  0.66 -0.75 0.12  -0.39 0.47 10.12  91.16 90.97 90.02 
55.95 2.15 2.80 46.03  0.60 -0.53 0.30  -0.51 0.39 10.43  90.94 91.22 90.05 
56.06 2.40 1.97 45.11  0.45 -0.60 0.24  -0.35 0.43 10.28  91.05 90.86 90.04 
56.19 2.39 2.82 46.45  0.68 -0.50 0.29  -0.51 0.43 10.36  91.04 91.23 90.05 
56.32 2.16 1.30 44.90  0.66 -0.45 0.25  -0.24 0.39 10.40  90.94 90.57 90.04 
56.45 2.62 1.75 45.10  0.75 -0.60 0.25  -0.31 0.47 10.28  91.14 90.76 90.04 
56.58 2.40 2.39 45.97  0.79 -0.55 0.27  -0.43 0.43 10.32  91.05 91.04 90.05 
56.68 2.61 2.39 45.71  0.87 -0.32 0.09  -0.43 0.47 10.32  91.05 90.85 90.01 
56.79 2.15 1.94 44.87  0.60 -0.68 0.18  -0.35 0.39 10.43  90.95 91.14 90.03 
56.89 1.96 2.61 46.59  0.84 -0.27 0.25  -0.47 0.35 10.32  90.86 91.14 90.04 
56.99 2.63 2.41 46.05  0.51 -0.77 0.25  -0.43 0.47 10.24  91.05 90.76 90.03 
57.09 2.83 2.39 46.59  0.33 -0.67 0.33  -0.43 0.51 10.32  91.05 90.85 90.05 
57.20 1.97 3.07 46.51  0.58 -0.60 0.25  -0.55 0.35 10.24  91.16 90.87 90.04 
57.30 2.41 2.19 44.82  0.42 -0.82 0.32  -0.39 0.43 10.24  90.38 91.13 90.04 
57.40 2.42 1.76 44.50  0.71 -0.39 0.16  -0.31 0.43 10.20  91.23 91.13 90.04 
57.51 2.19 2.18 46.28  0.45 -0.74 0.30  -0.39 0.39 10.28  91.16 90.96 90.04 
57.61 1.95 1.95 44.98  0.67 -0.34 -0.01  -0.35 0.35 10.36  90.85 90.85 90.00 
57.71 1.71 2.14 44.58  0.78 -0.39 0.22  -0.39 0.31 10.51  91.05 91.24 90.04 
57.82 1.31 2.39 45.07  0.94 -0.39 0.25  -0.43 0.24 10.32  90.94 91.03 90.05 
57.92 2.19 2.19 44.78  0.83 -0.49 0.24  -0.39 0.39 10.24  91.06 91.06 90.02 
58.02 1.95 1.94 45.11  0.53 -0.39 0.24  -0.35 0.35 10.40  90.95 91.05 90.06 
58.13 2.38 2.16 46.68  0.75 -0.51 0.24  -0.39 0.43 10.40  90.86 90.95 90.03 
58.23 2.39 2.38 45.30  0.72 -0.58 0.14  -0.43 0.43 10.36  91.04 91.04 90.02 
58.33 2.41 1.53 45.48  0.59 -0.74 0.30  -0.27 0.43 10.24  91.06 90.96 90.03 
58.43 2.38 2.37 46.18  0.88 -0.56 0.23  -0.43 0.43 10.40  91.06 91.06 90.05 
58.54 1.92 2.78 45.00  0.66 -0.30 0.18  -0.51 0.35 10.51  91.13 91.13 90.04 
58.64 2.66 2.22 45.32  1.08 -0.22 0.27  -0.39 0.47 10.12  90.94 91.03 90.04 
58.74 2.64 2.20 46.68  0.71 -0.32 0.20  -0.39 0.47 10.20  90.95 90.86 90.05 
58.85 1.75 2.62 44.34  0.81 -0.25 0.16  -0.47 0.31 10.28  91.15 90.96 90.03 
