0 0 0 2.83 0.00000000 0.00000000 0.00 0.00 0.00 -0.04 -0.07 0.04 -0.01 -0.43 -0.07 89.49 89.49 89.34 
0 0 0 3.00 0.00000000 0.00000000 0.00 0.00 0.00 -0.03 -0.07 0.02 -0.03 -0.04 0.08 89.43 88.80 90.85 
0 0 0 3.10 0.00000000 0.00000000 0.00 0.00 0.00 -0.04 -0.09 0.04 0.01 -0.03 0.04 89.26 88.45 90.38 
0 0 0 3.20 0.00000000 0.00000000 0.00 0.00 0.00 -0.03 -0.06 0.02 0.06 0.06 0.00 89.54 88.96 90.01 
0 0 0 3.30 0.00000000 0.00000000 0.00 0.00 0.00 -0.02 -0.07 -0.01 -0.01 -0.07 0.02 89.59 88.84 90.22 
0 0 0 3.40 0.00000000 0.00000000 0.00 0.00 0.00 -0.03 -0.09 -0.00 0.03 -0.02 0.01 89.46 88.40 90.10 
0 0 0 3.51 0.00000000 0.00000000 0.00 0.00 0.00 -0.02 -0.08 -0.01 0.03 -0.08 0.01 89.67 88.69 90.05 
0 0 0 3.61 0.00000000 0.00000000 0.00 0.00 0.00 -0.03 -0.09 0.02 0.03 -0.14 0.02 89.48 88.43 90.24 
0 0 0 3.71 0.00000000 0.00000000 0.00 0.00 0.00 -0.03 -0.10 0.07 0.06 -0.13 0.02 89.47 88.29 90.24 
0 0 0 3.81 0.00000000 0.00000000 0.00 0.00 0.00 -0.02 -0.12 0.02 0.03 -0.10 0.01 89.67 87.95 90.15 
0 0 0 3.91 0.00000000 0.00000000 0.00 0.00 0.00 -0.03 -0.12 0.02 -0.01 -0.07 0.02 89.54 88.03 90.19 
0 0 0 4.01 0.00000000 0.00000000 0.00 0.00 0.00 -0.02 -0.13 0.02 0.01 -0.10 0.05 89.60 87.83 90.53 
0 0 0 4.11 0.00000000 0.00000000 0.00 0.00 0.00 -0.04 -0.16 0.07 -0.02 -0.00 0.04 89.25 87.28 90.40 
0 0 0 4.22 0.00000000 0.00000000 0.00 0.00 0.00 -0.04 -0.12 0.06 0.01 -0.05 0.03 89.29 87.89 90.30 
0 0 0 4.32 0.00000000 0.00000000 0.00 0.00 0.00 -0.04 -0.16 0.08 0.01 -0.02 0.02 89.30 87.34 90.18 
0 0 0 4.42 0.00000000 0.00000000 0.00 0.00 0.00 -0.03 -0.11 0.01 -0.03 0.02 -0.01 89.55 88.06 89.89 
0 0 0 4.52 0.00000000 0.00000000 0.00 0.00 0.00 -0.04 -0.13 0.07 0.03 0.02 0.01 89.28 87.77 90.09 
0 0 0 4.62 0.00000000 0.00000000 0.00 0.00 0.00 -0.01 -0.11 -0.03 0.03 -0.03 0.01 89.86 88.09 90.08 
0 0 0 4.72 0.00000000 0.00000000 0.00 0.00 0.00 -0.05 -0.12 0.07 -0.05 -0.01 0.04 89.14 87.90 90.36 
0 0 0 4.82 0.00000000 0.00000000 0.00 0.00 0.00 -0.06 -0.14 0.12 -0.00 0.04 0.00 89.01 87.70 90.04 
0 0 0 4.92 0.00000000 0.00000000 0.00 0.00 0.00 -0.02 -0.13 -0.00 0.04 -0.01 -0.00 89.60 87.80 89.97 
0 0 0 5.02 0.00000000 0.00000000 0.00 0.00 0.00 -0.04 -0.11 0.06 -0.04 0.05 0.00 89.35 88.13 90.03 
0 0 0 5.13 0.00000000 0.00000000 0.00 0.00 0.00 -0.05 -0.13 0.04 -0.04 0.07 0.00 89.21 87.83 90.04 
0 0 0 5.23 0.00000000 0.00000000 0.00 0.00 0.00 -0.05 -0.11 0.04 -0.03 0.02 -0.01 89.07 88.15 89.95 
0 0 0 5.33 0.00000000 0.00000000 0.00 0.00 0.00 -0.05 -0.11 0.06 -0.00 0.00 -0.00 89.08 88.16 90.00 
0 0 0 5.43 0.00000000 0.00000000 0.00 0.00 0.00 -0.06 -0.13 0.04 0.03 -0.02 0.01 88.99 87.86 90.09 
0 0 0 5.53 0.00000000 0.00000000 0.00 0.00 0.00 -0.05 -0.10 0.00 0.01 -0.02 0.01 89.17 88.28 90.14 
0 0 0 5.63 0.00000000 0.00000000 0.00 0.00 0.00 -0.05 -0.10 0.00 0.13 -0.13 0.01 89.22 88.25 90.08 
0 0 0 5.73 0.00000000 0.00000000 0.00 0.00 0.00 -0.05 -0.13 0.06 0.14 -0.09 0.00 89.22 87.74 90.03 
0 0 0 5.83 0.00000000 0.00000000 0.00 0.00 0.00 -0.03 -0.15 0.06 0.26 -0.25 -0.07 89.54 87.51 89.27 
0 0 0 5.93 0.00000000 0.00000000 0.00 0.00 0.00 0.00 -0.13 0.10 0.29 -0.28 -0.05 90.06 87.72 89.49 
0 0 0 6.03 0.00000000 0.00000000 0.00 0.00 0.00 0.09 -0.21 -0.04 0.19 -0.33 0.02 91.49 86.35 90.16 
0 0 0 6.13 0.00000000 0.00000000 0.00 0.00 0.00 0.06 -0.22 0.09 0.08 -0.18 0.06 90.98 86.21 90.61 
0 0 0 6.24 0.00000000 0.00000000 0.00 0.00 0.00 0.04 -0.26 0.11 0.03 -0.12 0.07 90.62 85.69 90.73 
0 0 0 6.34 0.00000000 0.00000000 0.00 0.00 0.00 0.04 -0.26 0.12 0.05 -0.12 0.06 90.74 85.52 90.58 
0 0 0 6.44 0.00000000 0.00000000 0.00 0.00 0.00 0.06 -0.27 0.14 0.07 -0.19 0.03 90.94 85.40 90.33 
0 0 0 6.54 0.00000000 0.00000000 0.00 0.00 0.00 0.08 -0.29 0.08 0.05 -0.17 0.07 91.28 85.10 90.73 
0 0 0 6.64 0.00000000 0.00000000 0.00 0.00 0.00 0.06 -0.30 0.11 -0.09 -0.08 0.13 91.07 84.97 91.32 
0 0 0 6.74 0.00000000 0.00000000 0.00 0.00 0.00 -0.03 -0.36 0.28 -0.17 0.05 0.07 89.56 83.80 90.71 
0 0 0 6.84 0.00000000 0.00000000 0.00 0.00 0.00 0.03 -0.29 0.12 -0.03 -0.03 0.05 90.47 85.02 90.49 
0 0 0 6.95 0.00000000 0.00000000 0.00 0.00 0.00 -0.01 -0.33 0.20 -0.00 -0.08 0.08 89.86 84.45 90.82 
0 0 0 7.05 0.00000000 0.00000000 0.00 0.00 0.00 0.01 -0.30 0.15 -0.04 0.03 0.07 90.42 84.96 90.66 
0 0 0 7.15 0.00000000 0.00000000 0.00 0.00 0.00 -0.01 -0.30 0.18 -0.05 0.02 0.04 89.86 84.92 90.36 
0 0 0 7.25 0.00000000 0.00000000 0.00 0.00 0.00 0.00 -0.29 0.13 -0.07 0.05 -0.00 90.00 85.05 89.96 
0 0 0 7.35 0.00000000 0.00000000 0.00 0.00 0.00 -0.03 -0.32 0.20 -0.03 0.01 -0.01 89.51 84.55 89.91 
0 0 0 7.45 0.00000000 0.00000000 0.00 0.00 0.00 -0.02 -0.31 0.16 -0.01 0.01 0.01 89.58 84.79 90.11 
0 0 0 7.55 0.00000000 0.00000000 0.00 0.00 0.00 -0.04 -0.29 0.12 -0.05 0.03 0.02 89.36 85.03 90.18 
0 0 0 7.65 0.00000000 0.00000000 0.00 0.00 0.00 -0.02 -0.30 0.13 -0.06 0.05 -0.00 89.58 84.98 89.98 
0 0 0 7.75 0.00000000 0.00000000 0.00 0.00 0.00 -0.04 -0.27 0.21 -0.05 0.07 0.03 89.27 85.47 90.34 
0 0 0 7.85 0.00000000 0.00000000 0.00 0.00 0.00 -0.04 -0.28 0.10 0.04 -0.03 0.02 89.31 85.25 90.15 
0 0 0 7.96 0.00000000 0.00000000 0.00 0.00 0.00 -0.08 -0.32 0.24 0.20 0.02 0.01 88.70 84.96 90.09 
0 0 0 8.06 0.00000000 0.00000000 0.00 0.00 0.00 0.02 -0.23 0.05 0.11 0.13 -0.15 90.34 86.05 88.52 
0 0 0 8.16 0.00000000 0.00000000 0.00 0.00 0.00 0.00 -0.25 0.09 -0.01 -0.02 0.09 90.00 85.82 90.88 
0 0 0 8.26 0.00000000 0.00000000 0.00 0.00 0.00 -0.03 -0.29 0.19 -0.04 0.00 0.03 89.44 85.04 90.27 
0 0 0 8.36 0.00000000 0.00000000 0.00 0.00 0.00 -0.03 -0.25 0.16 -0.01 0.01 0.00 89.52 85.69 90.03 
0 0 0 8.46 0.00000000 0.00000000 0.00 0.00 0.00 -0.03 -0.28 0.15 -0.04 0.01 0.00 89.51 85.28 90.02 
0 0 0 8.56 0.00000000 0.00000000 0.00 0.00 0.00 -0.01 -0.24 0.11 0.01 0.07 -0.01 89.80 85.95 89.93 
0 0 0 8.66 0.00000000 0.00000000 0.00 0.00 0.00 -0.02 -0.24 0.13 0.07 -0.03 0.02 89.60 85.93 90.20 
0 0 0 8.76 0.00000000 0.00000000 0.00 0.00 0.00 -0.02 -0.27 0.10 0.01 -0.00 -0.01 89.64 85.40 89.94 
0 0 0 8.86 0.00000000 0.00000000 0.00 0.00 0.00 -0.01 -0.25 0.10 -0.05 0.04 -0.01 89.80 85.82 89.94 
0 0 0 8.96 0.00000000 0.00000000 0.00 0.00 0.00 -0.03 -0.26 0.15 0.01 -0.04 0.02 89.45 85.63 90.23 
0 0 0 9.07 0.00000000 0.00000000 0.00 0.00 0.00 -0.02 -0.26 0.12 -0.01 0.02 -0.02 89.72 85.80 89.80 
0 0 0 9.17 0.00000000 0.00000000 0.00 0.00 0.00 -0.02 -0.25 0.13 -0.01 0.01 0.02 89.59 85.77 90.20 
0 0 0 9.27 0.00000000 0.00000000 0.00 0.00 0.00 -0.03 -0.25 0.13 0.01 0.01 -0.01 89.44 85.67 89.88 
0 0 0 9.37 0.00000000 0.00000000 0.00 0.00 0.00 -0.03 -0.22 0.10 -0.04 0.06 -0.01 89.66 85.93 89.86 
0 0 0 9.47 0.00000000 0.00000000 0.00 0.00 0.00 -0.03 -0.21 0.10 -0.04 0.02 -0.02 89.41 86.40 89.80 
0 0 0 9.57 0.00000000 0.00000000 0.00 0.00 0.00 -0.04 -0.26 0.11 0.08 -0.10 0.01 89.38 85.66 90.06 
0 0 0 9.68 0.00000000 0.00000000 0.00 0.00 0.00 -0.03 -0.24 0.10 0.07 -0.23 -0.03 89.54 85.91 89.66 
0 0 0 9.78 0.00000000 0.00000000 0.00 0.00 0.00 -0.02 -0.30 0.12 0.26 -0.23 0.01 89.64 84.94 90.06 
0 0 0 9.88 0.00000000 0.00000000 0.00 0.00 0.00 0.00 -0.31 0.13 0.16 -0.05 -0.01 90.00 84.68 89.89 
0 0 0 9.98 0.00000000 0.00000000 0.00 0.00 0.00 0.01 -0.28 0.14 -0.17 0.07 0.00 90.14 85.28 90.02 
0 0 0 10.08 0.00000000 0.00000000 0.00 0.00 0.00 -0.02 -0.27 0.17 -0.04 -0.02 0.01 89.67 85.37 90.05 
0 0 0 10.18 0.00000000 0.00000000 0.00 0.00 0.00 -0.01 -0.30 0.14 0.11 -0.07 -0.01 89.79 84.83 89.89 
0 0 0 10.28 0.00000000 0.00000000 0.00 0.00 0.00 0.01 -0.28 0.10 0.04 -0.07 0.01 90.27 85.30 90.15 
0 0 0 10.38 0.00000000 0.00000000 0.00 0.00 0.00 -0.02 -0.29 0.21 -0.03 -0.04 0.01 89.66 85.15 90.09 
0 0 0 10.48 0.00000000 0.00000000 0.00 0.00 0.00 -0.00 -0.29 0.17 0.07 -0.50 -0.05 89.94 85.06 89.47 
0 0 0 10.59 0.00000000 0.00000000 0.00 0.00 0.00 0.02 -0.34 0.11 0.48 -0.50 -0.02 90.27 84.23 89.80 
0 0 0 10.69 0.00000000 0.00000000 0.00 0.00 0.00 0.12 -0.48 0.08 0.33 -0.67 0.01 91.97 81.77 90.15 
0 0 0 10.79 0.00000000 0.00000000 0.00 0.00 0.00 0.13 -0.49 0.10 0.05 -0.43 0.17 92.05 81.89 91.53 
0 0 0 10.89 0.00000000 0.00000000 0.00 0.00 0.00 0.04 -0.61 0.31 0.07 -0.04 0.13 90.75 79.61 91.29 
0 0 0 10.99 0.00000000 0.00000000 0.00 0.00 0.00 0.04 -0.53 0.41 -0.04 -0.02 0.05 90.62 81.04 90.50 
0 0 0 11.09 0.00000000 0.00000000 0.00 0.00 0.00 0.06 -0.52 0.26 -0.18 -0.07 0.06 91.01 81.16 90.58 
0 0 0 11.19 0.00000000 0.00000000 0.00 0.00 0.00 -0.04 -0.57 0.44 -0.16 -0.04 0.11 89.61 80.60 91.19 
0 0 0 11.30 0.00000000 0.00000000 0.00 0.00 0.00 0.06 -0.52 0.18 0.17 0.10 0.06 91.10 81.13 90.64 
0 0 0 11.40 0.00000000 0.00000000 0.00 0.00 0.00 0.01 -0.53 0.37 -0.01 0.12 0.09 90.15 81.07 90.91 
0 0 0 11.50 0.00000000 0.00000000 0.00 0.00 0.00 0.01 -0.46 0.36 -0.23 -0.02 0.02 90.22 81.97 90.12 
0 0 0 11.60 0.00000000 0.00000000 0.00 0.00 0.00 -0.03 -0.51 0.37 0.11 0.00 0.06 89.55 81.30 90.57 
0 0 0 11.70 0.00000000 0.00000000 0.00 0.00 0.00 -0.03 -0.48 0.47 0.32 0.24 0.02 89.50 81.89 90.24 
0 0 0 11.80 0.00000000 0.00000000 0.00 0.00 0.00 0.17 -0.44 -0.09 -0.01 0.07 0.17 92.90 82.50 91.67 
0 0 0 11.90 0.00000000 0.00000000 0.00 0.00 0.00 0.04 -0.54 0.21 -0.28 0.34 0.64 90.76 80.78 96.40 
0 0 0 12.00 0.00000000 0.00000000 0.00 0.00 0.00 -0.06 -0.47 0.44 -0.29 0.67 0.73 88.91 81.97 97.28 
0 0 0 12.10 0.00000000 0.00000000 0.00 0.00 0.00 -0.17 -0.38 0.61 -0.24 0.37 0.43 87.15 83.53 94.34 
0 0 0 12.20 0.00000000 0.00000000 0.00 0.00 0.00 -0.17 -0.34 0.54 -0.07 -0.13 0.16 87.14 84.21 91.64 
0 0 0 12.30 0.00000000 0.00000000 0.00 0.00 0.00 -0.16 -0.32 0.57 0.10 -0.20 0.19 87.22 84.58 91.93 
0 0 0 12.40 0.00000000 0.00000000 0.00 0.00 0.00 -0.15 -0.29 0.68 0.12 -0.15 0.46 87.43 85.03 94.55 
0 0 0 12.51 0.00000000 0.00000000 0.00 0.00 0.00 -0.15 -0.27 0.81 0.18 0.14 0.59 87.40 85.46 95.89 
0 0 0 12.61 0.00000000 0.00000000 0.00 0.00 0.00 -0.18 -0.30 0.93 0.10 -0.14 0.69 86.85 84.68 96.93 
0 0 0 12.71 0.00000000 0.00000000 0.00 0.00 0.00 -0.21 -0.32 1.03 -0.02 -0.20 0.65 86.47 84.56 96.47 
0 0 0 12.81 0.00000000 0.00000000 0.00 0.00 0.00 -0.22 -0.30 1.29 -0.03 -0.19 0.53 85.96 84.67 95.27 
0 0 0 12.92 0.00000000 0.00000000 0.00 0.00 0.00 -0.26 -0.29 1.45 -0.03 -0.02 0.62 85.66 85.13 96.20 
0 0 0 13.02 0.00000000 0.00000000 0.00 0.00 0.00 -0.31 -0.37 1.33 -0.11 -0.04 0.69 84.65 83.74 96.89 
0 0 0 13.12 0.00000000 0.00000000 0.00 0.00 0.00 -0.31 -0.36 1.39 -0.25 0.27 0.55 84.67 83.93 95.49 
0 0 0 13.22 0.00000000 0.00000000 0.00 0.00 0.00 -0.38 -0.14 1.90 -0.58 1.04 0.39 83.46 87.58 93.88 
0 0 0 13.32 0.00000000 0.00000000 0.00 0.00 0.00 -0.43 -0.10 1.80 -0.78 -0.16 0.40 82.62 88.36 94.00 
0 0 0 13.42 0.00000000 0.00000000 0.00 0.00 0.00 -0.50 -0.09 1.83 -0.38 -0.04 0.53 81.67 88.64 95.17 
0 0 0 13.52 0.00000000 0.00000000 0.00 0.00 0.00 -0.53 -0.08 1.86 0.05 0.05 0.55 81.00 88.65 95.54 
0 0 0 13.63 0.00000000 0.00000000 0.00 0.00 0.00 -0.55 -0.09 1.82 -0.19 -0.08 0.51 80.71 88.53 95.13 
0 0 0 13.73 0.00000000 0.00000000 0.00 0.00 0.00 -0.63 -0.13 1.75 -0.29 -0.23 0.24 79.29 87.78 92.43 
0 0 0 13.83 0.00000000 0.00000000 0.00 0.00 0.00 -0.60 -0.03 2.10 -0.25 0.27 0.20 79.06 89.40 91.86 
0 0 0 13.93 0.00000000 0.00000000 0.00 0.00 0.00 -0.60 0.01 2.14 -0.17 0.28 0.27 79.86 90.13 92.70 
0 0 0 14.03 0.00000000 0.00000000 0.00 0.00 0.00 -0.67 0.04 2.05 -0.03 0.55 0.36 78.66 90.61 93.59 
0 0 0 14.13 0.00000000 0.00000000 0.00 0.00 0.00 -0.60 0.13 2.22 0.17 0.43 0.35 79.86 92.28 93.50 
0 0 0 14.23 0.00000000 0.00000000 0.00 0.00 0.00 -0.59 0.18 2.10 0.21 0.39 0.23 80.04 93.10 92.34 
0 0 0 14.33 0.00000000 0.00000000 0.00 0.00 0.00 -0.57 0.21 2.20 0.16 0.01 0.14 80.32 93.57 91.39 
0 0 0 14.43 0.00000000 0.00000000 0.00 0.00 0.00 -0.57 0.20 2.11 0.19 0.14 0.09 80.34 93.39 90.87 
0 0 0 14.53 0.00000000 0.00000000 0.00 0.00 0.00 -0.56 0.21 2.11 0.16 -0.12 0.02 80.43 93.59 90.20 
0 0 0 14.64 0.00000000 0.00000000 0.00 0.00 0.00 -0.56 0.18 2.10 0.15 -0.34 0.00 80.42 92.99 90.00 
0 0 0 14.74 0.00000000 0.00000000 0.00 0.00 0.00 -0.53 0.19 2.21 0.24 0.07 0.09 81.06 93.24 90.92 
0 0 0 14.84 0.00000000 0.00000000 0.00 0.00 0.00 -0.51 0.18 2.13 0.16 -0.07 0.07 81.34 93.08 90.66 
0 0 0 14.94 0.00000000 0.00000000 0.00 0.00 0.00 -0.51 0.15 2.15 0.00 -0.25 -0.07 81.51 92.46 89.34 
0 0 0 15.04 0.00000000 0.00000000 0.00 0.00 0.00 -0.50 0.13 2.16 0.02 -0.19 -0.06 81.47 92.27 89.36 
0 0 0 15.14 0.00000000 0.00000000 0.00 0.00 0.00 -0.50 0.14 2.24 0.00 -0.06 -0.04 81.53 92.36 89.56 
0 0 0 15.24 0.00000000 0.00000000 0.00 0.00 0.00 -0.51 0.12 2.19 -0.06 -0.07 -0.00 81.26 92.03 89.97 
0 0 0 15.35 0.00000000 0.00000000 0.00 0.00 0.00 -0.52 0.12 2.15 -0.09 -0.06 0.02 80.96 92.05 90.20 
0 0 0 15.45 0.00000000 0.00000000 0.00 0.00 0.00 -0.46 0.09 2.27 0.00 -0.10 0.02 82.15 91.60 90.22 
0 0 0 15.55 0.00000000 0.00000000 0.00 0.00 0.00 -0.54 0.16 2.32 0.25 -0.15 0.17 81.05 92.50 91.50 
0 0 0 15.65 0.00000000 0.00000000 0.00 0.00 0.00 -0.48 0.13 2.27 0.39 0.06 0.21 81.92 92.20 92.09 
0 0 0 15.75 0.00000000 0.00000000 0.00 0.00 0.00 -0.40 0.17 2.46 0.51 0.01 0.01 83.15 92.86 90.13 
0 0 0 15.85 0.00000000 0.00000000 0.00 0.00 0.00 -0.46 0.10 2.12 0.64 -0.28 0.14 82.25 91.64 91.43 
0 0 0 15.95 0.00000000 0.00000000 0.00 0.00 0.00 -0.37 0.17 2.37 0.31 0.18 0.07 83.66 92.93 90.75 
0 0 0 16.05 0.00000000 0.00000000 0.00 0.00 0.00 -0.38 0.15 2.32 -0.12 -0.09 0.04 84.72 92.87 90.18 
0 0 0 16.15 0.00000000 0.00000000 0.00 0.00 0.00 -0.44 0.06 2.10 -0.37 -0.59 0.01 83.39 91.49 89.82 
0 0 0 16.26 0.00000000 0.00000000 0.00 0.00 0.00 -0.42 -0.11 1.82 -0.46 0.49 -0.05 82.80 88.06 89.52 
0 0 0 16.36 0.00000000 0.00000000 0.00 0.00 0.00 -0.47 0.05 2.17 0.38 -0.34 -0.10 82.09 90.83 89.03 
0 0 0 16.46 0.00000000 0.00000000 0.00 0.00 0.00 -0.43 -0.04 1.98 0.05 0.25 -0.45 82.68 89.30 85.50 
0 0 0 16.56 0.00000000 0.00000000 0.00 0.00 0.00 -0.42 -0.02 2.03 -0.20 0.06 -1.14 82.87 89.58 78.56 
0 0 0 16.66 0.00000000 0.00000000 0.00 0.00 0.00 -0.48 -0.01 1.82 -0.39 0.16 -1.64 81.85 89.80 73.58 
0 0 0 16.76 0.00000000 0.00000000 0.00 0.00 0.00 -0.49 0.04 1.89 -0.55 0.56 -1.50 81.74 90.70 75.00 
0 0 0 16.86 0.00000000 0.00000000 0.00 0.00 0.00 -0.46 0.01 1.66 -0.72 -0.15 -0.86 82.24 90.14 81.40 
0 0 0 16.97 0.00000000 0.00000000 0.00 0.00 0.00 -0.48 -0.09 1.01 -0.37 0.20 -0.25 81.48 88.30 87.06 
0 0 0 17.07 0.00000000 0.00000000 0.00 0.00 0.00 -0.51 -0.08 0.98 0.21 0.15 -0.15 81.40 88.71 88.53 
0 0 0 17.17 0.00000000 0.00000000 0.00 0.00 0.00 -0.54 -0.10 1.12 0.63 0.02 -0.05 80.71 88.24 89.31 
0 0 0 17.27 0.00000000 0.00000000 0.00 0.00 0.00 -0.47 -0.12 0.99 0.65 0.18 0.09 81.93 87.91 90.85 
0 0 0 17.37 0.00000000 0.00000000 0.00 0.00 0.00 -0.42 -0.11 1.01 0.23 0.01 0.07 82.78 88.12 90.67 
0 0 0 17.47 0.00000000 0.00000000 0.00 0.00 0.00 -0.43 -0.15 1.04 -0.07 -0.28 -0.08 82.64 87.48 89.20 
0 0 0 17.57 0.00000000 0.00000000 0.00 0.00 0.00 -0.43 -0.13 1.08 -0.08 -0.10 -0.05 82.75 87.80 89.49 
0 0 0 17.68 0.00000000 0.00000000 0.00 0.00 0.00 -0.41 -0.10 1.16 0.09 -0.06 -0.04 83.01 87.62 89.60 
0 0 0 17.78 0.00000000 0.00000000 0.00 0.00 0.00 -0.38 -0.11 1.12 0.23 0.05 0.03 83.51 88.16 90.35 
0 0 0 17.88 0.00000000 0.00000000 0.00 0.00 0.00 -0.42 -0.09 1.31 0.21 0.04 0.11 82.86 88.42 91.07 
0 0 0 17.98 0.00000000 0.00000000 0.00 0.00 0.00 -0.38 -0.16 1.04 0.10 0.10 0.05 83.46 87.31 90.48 
0 0 0 18.08 0.00000000 0.00000000 0.00 0.00 0.00 -0.35 -0.12 1.07 0.04 0.04 -0.07 84.01 88.03 89.27 
0 0 0 18.18 0.00000000 0.00000000 0.00 0.00 0.00 -0.35 -0.09 1.19 -0.01 -0.03 -0.06 84.15 88.47 89.41 
0 0 0 18.29 0.00000000 0.00000000 0.00 0.00 0.00 -0.37 -0.11 1.18 -0.01 -0.04 0.06 83.68 88.33 90.46 
0 0 0 18.39 0.00000000 0.00000000 0.00 0.00 0.00 -0.37 -0.15 1.02 0.10 0.09 0.15 83.79 87.48 91.55 
0 0 0 18.49 0.00000000 0.00000000 0.00 0.00 0.00 -0.35 -0.11 1.14 0.06 -0.02 0.00 83.64 87.64 90.22 
0 0 0 18.59 0.00000000 0.00000000 0.00 0.00 0.00 -0.35 -0.13 1.16 0.19 -0.25 -0.10 84.10 87.74 89.01 
0 0 0 18.69 0.00000000 0.00000000 0.00 0.00 0.00 -0.33 -0.19 1.05 0.34 -0.33 -0.16 84.34 86.70 88.40 
0 0 0 18.79 0.00000000 0.00000000 0.00 0.00 0.00 -0.30 -0.22 1.21 0.34 -0.65 -0.30 84.90 86.28 87.04 
0 0 0 18.89 0.00000000 0.00000000 0.00 0.00 0.00 -0.28 -0.34 1.13 0.08 -0.59 -0.38 85.19 84.22 86.23 
0 0 0 19.00 0.00000000 0.00000000 0.00 0.00 0.00 -0.27 -0.40 1.01 -0.07 -0.51 -0.44 85.37 83.23 85.61 
0 0 0 19.10 0.00000000 0.00000000 0.00 0.00 0.00 -0.26 -0.40 1.13 -0.13 -0.13 -0.28 85.58 83.21 87.23 
0 0 0 19.20 0.00000000 0.00000000 0.00 0.00 0.00 -0.23 -0.40 1.01 -0.04 -0.05 -0.08 86.05 83.17 89.23 
0 0 0 19.30 0.00000000 0.00000000 0.00 0.00 0.00 -0.26 -0.42 1.04 -0.05 -0.07 0.08 85.53 82.82 90.82 
0 0 0 19.40 0.00000000 0.00000000 0.00 0.00 0.00 -0.30 -0.50 0.88 -0.19 -0.19 0.09 84.33 80.89 90.77 
0 0 0 19.50 0.00000000 0.00000000 0.00 0.00 0.00 -0.34 -0.47 1.01 -0.21 -0.05 0.07 84.26 82.04 90.75 
0 0 0 19.60 0.00000000 0.00000000 0.00 0.00 0.00 -0.35 -0.45 1.06 -0.30 0.17 0.02 84.06 82.39 90.18 
0 0 0 19.70 0.00000000 0.00000000 0.00 0.00 0.00 -0.38 -0.46 0.93 -0.17 -0.06 -0.04 83.60 82.21 89.63 
0 0 0 19.80 0.00000000 0.00000000 0.00 0.00 0.00 -0.33 -0.34 1.34 -0.00 0.23 -0.04 84.31 84.20 89.61 
0 0 0 19.90 0.00000000 0.00000000 0.00 0.00 0.00 -0.29 -0.28 1.48 0.04 0.29 0.08 85.04 85.16 90.76 
0 0 0 20.00 0.00000000 0.00000000 0.00 0.00 0.00 -0.41 -0.49 0.84 0.21 0.15 0.09 82.98 81.59 90.87 
0 0 0 20.10 0.00000000 0.00000000 0.00 0.00 0.00 -0.28 -0.26 1.09 0.05 0.51 0.02 85.23 85.60 90.20 
0 0 0 20.21 0.00000000 0.00000000 0.00 0.00 0.00 -0.32 -0.24 1.18 0.00 -0.01 -0.14 84.51 85.73 88.68 
0 0 0 20.31 0.00000000 0.00000000 0.00 0.00 0.00 -0.35 -0.29 1.04 0.12 -0.16 -0.10 84.11 85.04 89.01 
0 0 0 20.41 0.00000000 0.00000000 0.00 0.00 0.00 -0.32 -0.37 0.81 0.27 -0.60 -0.10 84.62 83.69 89.01 
0 0 0 20.51 0.00000000 0.00000000 0.00 0.00 0.00 -0.27 -0.40 0.73 0.33 -0.13 -0.12 85.45 83.15 88.77 
0 0 0 20.61 0.00000000 0.00000000 0.00 0.00 0.00 -0.24 -0.40 0.81 -0.00 -0.20 -0.09 85.85 82.98 89.03 
0 0 0 20.72 0.00000000 0.00000000 0.00 0.00 0.00 -0.26 -0.45 0.81 -0.13 -0.17 0.06 85.78 82.79 90.45 
0 0 0 20.82 0.00000000 0.00000000 0.00 0.00 0.00 -0.29 -0.40 0.97 -0.10 -0.07 0.08 85.13 83.13 90.79 
0 0 0 20.92 0.00000000 0.00000000 0.00 0.00 0.00 -0.33 -0.42 1.08 -0.03 -0.05 0.10 84.13 82.85 90.98 
0 0 0 21.02 0.00000000 0.00000000 0.00 0.00 0.00 -0.29 -0.45 0.84 0.10 -0.07 0.03 85.06 82.28 90.26 
0 0 0 21.12 0.00000000 0.00000000 0.00 0.00 0.00 -0.28 -0.47 0.80 0.07 -0.02 -0.05 85.28 82.07 89.47 
0 0 0 21.22 0.00000000 0.00000000 0.00 0.00 0.00 -0.28 -0.44 0.92 -0.06 -0.05 -0.08 85.17 82.48 89.18 
0 0 0 21.32 0.00000000 0.00000000 0.00 0.00 0.00 -0.29 -0.42 1.02 -0.06 -0.07 -0.05 85.07 82.83 89.52 
0 0 0 21.42 0.00000000 0.00000000 0.00 0.00 0.00 -0.29 -0.46 0.86 -0.01 0.02 0.03 85.10 82.19 90.34 
0 0 0 21.52 0.00000000 0.00000000 0.00 0.00 0.00 -0.31 -0.47 0.89 -0.03 0.04 -0.01 84.79 81.98 89.86 
0 0 0 21.62 0.00000000 0.00000000 0.00 0.00 0.00 -0.31 -0.42 0.99 -0.05 0.00 -0.08 84.81 82.83 89.25 
0 0 0 21.72 0.00000000 0.00000000 0.00 0.00 0.00 -0.34 -0.43 1.07 -0.00 0.05 0.02 84.24 82.73 90.22 
0 0 0 21.82 0.00000000 0.00000000 0.00 0.00 0.00 -0.32 -0.45 0.90 -0.07 -0.02 -0.03 84.63 82.40 89.72 
0 0 0 21.93 0.00000000 0.00000000 0.00 0.00 0.00 -0.30 -0.39 1.08 -0.13 0.14 -0.01 84.87 83.35 89.89 
0 0 0 22.03 0.00000000 0.00000000 0.00 0.00 0.00 -0.33 -0.41 0.85 -0.10 0.27 0.05 84.34 82.99 90.46 
0 0 0 22.13 0.00000000 0.00000000 0.00 0.00 0.00 -0.31 -0.40 0.78 -0.04 0.40 0.01 84.79 83.26 90.07 
0 0 0 22.23 0.00000000 0.00000000 0.00 0.00 0.00 -0.34 -0.37 0.79 0.08 0.10 -0.04 84.20 83.75 89.57 
0 0 0 22.33 0.00000000 0.00000000 0.00 0.00 0.00 -0.30 -0.26 1.00 -0.01 0.33 0.12 84.83 85.57 91.19 
0 0 0 22.43 0.00000000 0.00000000 0.00 0.00 0.00 -0.37 -0.33 0.84 -0.31 -0.18 0.39 84.15 85.04 93.66 
0 0 0 22.53 0.00000000 0.00000000 0.00 0.00 0.00 -0.34 -0.16 1.30 -0.16 0.32 0.11 84.21 87.36 91.14 
0 0 0 22.63 0.00000000 0.00000000 0.00 0.00 0.00 -0.44 -0.27 1.06 0.08 0.26 0.18 82.46 85.33 91.78 
0 0 0 22.73 0.00000000 0.00000000 0.00 0.00 0.00 -0.33 -0.18 0.84 0.42 0.27 0.14 84.37 86.93 91.42 
0 0 0 22.84 0.00000000 0.00000000 0.00 0.00 0.00 -0.31 -0.11 1.20 0.23 -0.30 0.07 84.98 88.21 90.45 
0 0 0 22.94 0.00000000 0.00000000 0.00 0.00 0.00 -0.38 -0.16 1.38 0.22 0.21 0.09 83.48 87.21 90.93 
0 0 0 23.04 0.00000000 0.00000000 0.00 0.00 0.00 -0.37 -0.20 1.15 0.58 0.99 0.04 83.78 86.53 90.40 
0 0 0 23.14 0.00000000 0.00000000 0.00 0.00 0.00 -0.27 -0.23 0.85 0.66 0.54 -0.26 85.46 86.06 87.45 
0 0 0 23.24 0.00000000 0.00000000 0.00 0.00 0.00 -0.18 -0.07 1.07 0.87 0.29 -0.66 87.01 88.81 83.41 
0 0 0 23.34 0.00000000 0.00000000 0.00 0.00 0.00 -0.03 -0.13 0.64 0.66 0.25 -0.66 89.53 87.85 83.45 
0 0 0 23.44 0.00000000 0.00000000 0.00 0.00 0.00 0.00 -0.08 0.86 0.77 0.05 -0.74 90.00 88.64 82.59 
0 0 0 23.54 0.00000000 0.00000000 0.00 0.00 0.00 0.13 0.03 0.90 1.31 -0.02 -0.72 91.62 90.13 82.60 
0 0 0 23.64 0.00000000 0.00000000 0.00 0.00 0.00 0.38 0.08 0.78 1.43 -0.12 -0.47 96.43 91.43 85.26 
0 0 0 23.75 0.00000000 0.00000000 0.00 0.00 0.00 0.54 0.12 0.50 1.09 0.09 -0.14 99.24 92.01 88.56 
0 0 0 23.85 0.00000000 0.00000000 0.00 0.00 0.00 0.57 0.07 0.88 0.95 0.09 -0.03 99.61 91.24 89.71 
0 0 0 23.95 0.00000000 0.00000000 0.00 0.00 0.00 0.64 0.04 0.85 0.64 0.31 0.08 100.93 90.75 90.79 
0 0 0 24.05 0.00000000 0.00000000 0.00 0.00 0.00 0.88 -0.08 0.34 -0.26 -0.09 -0.07 104.97 88.66 89.27 
0 0 0 24.15 0.00000000 0.00000000 0.00 0.00 0.00 0.65 -0.10 0.52 -1.36 -0.24 -0.47 100.99 88.34 85.27 
0 0 0 24.25 0.00000000 0.00000000 0.00 0.00 0.00 0.17 0.01 0.99 -1.81 -0.51 -1.25 92.97 90.14 77.47 
0 0 0 24.35 0.00000000 0.00000000 0.00 0.00 0.00 0.13 0.15 0.55 -1.46 -0.57 -1.12 92.29 92.63 78.81 
0 0 0 24.45 0.00000000 0.00000000 0.00 0.00 0.00 0.16 0.11 0.09 -0.64 0.04 -0.38 92.68 91.92 86.16 
0 0 0 24.55 0.00000000 0.00000000 0.00 0.00 0.00 0.09 0.05 0.05 -0.45 0.02 0.24 91.59 90.85 92.36 
0 0 0 24.66 0.00000000 0.00000000 0.00 0.00 0.00 0.13 0.15 -0.22 -0.15 0.05 2.08 92.39 93.32 109.05 
0 0 0 24.76 0.00000000 0.00000000 0.00 0.00 0.00 0.12 0.10 0.24 0.63 1.03 2.96 92.02 91.67 119.59 
0 0 0 24.86 0.00000000 0.00000000 0.00 0.00 0.00 0.00 -0.19 0.83 0.26 0.27 1.72 91.31 86.69 108.87 
0 0 0 24.96 0.00000000 0.00000000 0.00 0.00 0.00 -0.08 -0.00 1.34 -0.25 -0.03 0.93 88.72 89.92 99.26 
0 0 0 25.06 0.00000000 0.00000000 0.00 0.00 0.00 -0.11 -0.29 1.01 -0.29 -0.36 -0.67 88.16 85.15 83.27 
0 0 0 25.16 0.00000000 0.00000000 0.00 0.00 0.00 -0.15 -0.09 1.17 -0.43 -0.32 -2.35 87.47 88.48 66.47 
0 0 0 25.26 0.00000000 0.00000000 0.00 0.00 0.00 -0.14 0.19 1.25 -1.07 -0.34 -2.45 87.60 93.28 65.48 
0 0 0 25.36 0.00000000 0.00000000 0.00 0.00 0.00 -0.18 0.16 0.83 -1.16 -0.43 -1.29 87.01 92.79 77.14 
0 0 0 25.46 0.00000000 0.00000000 0.00 0.00 0.00 -0.17 0.05 -0.14 -0.24 -0.26 -0.19 87.14 90.85 88.15 
0 0 0 25.56 0.00000000 0.00000000 0.00 0.00 0.00 -0.20 -0.06 0.04 0.66 0.17 0.52 86.62 89.01 95.20 
0 0 0 25.67 0.00000000 0.00000000 0.00 0.00 0.00 -0.15 -0.09 0.13 0.77 0.23 0.49 87.45 88.46 94.89 
0 0 0 25.77 0.00000000 0.00000000 0.00 0.00 0.00 -0.09 -0.09 0.34 0.45 0.17 0.17 88.47 88.48 91.66 
0 0 0 25.87 0.00000000 0.00000000 0.00 0.00 0.00 -0.05 -0.04 0.32 -0.05 -0.04 -0.05 88.91 89.39 89.61 
0 0 0 25.97 0.00000000 0.00000000 0.00 0.00 0.00 -0.09 -0.02 0.42 -0.16 -0.08 -0.08 88.39 89.68 89.25 
0 0 0 26.07 0.00000000 0.00000000 0.00 0.00 0.00 -0.08 -0.02 0.34 -0.04 -0.00 0.01 88.76 89.55 89.85 
0 0 0 26.18 0.00000000 0.00000000 0.00 0.00 0.00 -0.07 -0.03 0.29 0.11 0.02 0.10 88.71 89.68 91.00 
0 0 0 26.28 0.00000000 0.00000000 0.00 0.00 0.00 -0.07 -0.05 0.28 0.11 -0.06 0.10 88.85 89.19 91.01 
0 0 0 26.38 0.00000000 0.00000000 0.00 0.00 0.00 -0.06 -0.03 0.37 0.12 -0.01 0.12 88.92 89.43 91.24 
0 0 0 26.48 0.00000000 0.00000000 0.00 0.00 0.00 -0.06 -0.02 0.42 0.12 -0.08 0.17 88.80 89.56 91.67 
0 0 0 26.58 0.00000000 0.00000000 0.00 0.00 0.00 -0.05 0.06 0.51 0.05 -0.19 0.21 89.02 89.35 92.06 
0 0 0 26.68 0.00000000 0.00000000 0.00 0.00 0.00 -0.07 0.01 0.41 -0.40 -0.01 -0.19 88.42 89.31 88.10 
0 0 0 26.79 0.00000000 0.00000000 0.00 0.00 0.00 -0.06 -0.01 0.31 -0.14 -0.20 -0.11 86.74 89.19 88.70 
0 0 0 26.89 0.00000000 0.00000000 0.00 0.00 0.00 -0.10 -0.13 0.28 0.40 -0.17 -0.04 88.37 87.71 89.63 
0 0 0 26.99 0.00000000 0.00000000 0.00 0.00 0.00 -0.10 -0.15 0.35 0.49 0.01 -0.08 88.38 87.52 89.17 
0 0 0 27.09 0.00000000 0.00000000 0.00 0.00 0.00 -0.03 -0.13 0.38 0.32 -0.31 -0.21 89.49 87.82 87.90 
0 0 0 27.19 0.00000000 0.00000000 0.00 0.00 0.00 0.01 -0.11 0.29 0.05 0.04 -0.01 90.14 88.09 89.93 
0 0 0 27.29 0.00000000 0.00000000 0.00 0.00 0.00 -0.03 -0.14 0.41 -0.03 0.01 0.06 89.62 87.80 90.57 
0 0 0 27.39 0.00000000 0.00000000 0.00 0.00 0.00 -0.03 -0.18 0.45 0.56 -0.29 -0.19 89.57 86.95 88.10 
0 0 0 27.49 0.00000000 0.00000000 0.00 0.00 0.00 0.09 -0.11 0.37 1.97 0.63 -0.34 91.61 88.17 86.65 
0 0 0 27.60 0.00000000 0.00000000 0.00 0.00 0.00 0.53 0.03 0.15 2.53 1.40 0.21 95.71 91.04 91.87 
0 0 0 27.70 0.00000000 0.00000000 0.00 0.00 0.00 0.51 0.05 0.69 1.57 0.57 0.11 98.01 90.88 91.27 
0 0 0 27.80 0.00000000 0.00000000 0.00 0.00 0.00 0.78 0.05 0.62 0.61 -0.41 -0.20 102.43 90.41 88.28 
0 0 0 27.90 0.00000000 0.00000000 0.00 0.00 0.00 0.74 0.10 0.78 0.22 -0.49 -0.17 102.62 91.66 88.35 
0 0 0 28.00 0.00000000 0.00000000 0.00 0.00 0.00 0.92 0.03 0.45 0.08 -0.14 0.11 105.61 90.43 91.15 
0 0 0 28.10 0.00000000 0.00000000 0.00 0.00 0.00 0.73 -0.00 0.78 0.09 0.04 -0.02 102.43 89.93 89.81 
0 0 0 28.20 0.00000000 0.00000000 0.00 0.00 0.00 0.80 0.07 0.78 -0.05 -0.00 -0.01 103.60 91.11 89.92 
0 0 0 28.30 0.00000000 0.00000000 0.00 0.00 0.00 0.75 0.03 0.71 -0.53 -0.05 -0.06 102.83 90.47 89.40 
0 0 0 28.40 0.00000000 0.00000000 0.00 0.00 0.00 0.59 -0.02 0.82 -1.42 -0.67 -0.14 100.01 89.60 88.63 
0 0 0 28.51 0.00000000 0.00000000 0.00 0.00 0.00 0.51 -0.12 0.40 -2.08 -0.87 -0.04 98.66 87.97 89.57 
0 0 0 28.61 0.00000000 0.00000000 0.00 0.00 0.00 0.14 -0.08 0.84 -2.23 -0.33 0.39 92.40 88.67 93.90 
0 0 0 28.71 0.00000000 0.00000000 0.00 0.00 0.00 -0.08 -0.20 0.64 -2.33 -0.34 0.58 88.61 86.64 95.84 
0 0 0 28.81 0.00000000 0.00000000 0.00 0.00 0.00 -0.20 -0.16 0.56 -2.06 -0.78 0.29 86.58 87.24 92.90 
0 0 0 28.91 0.00000000 0.00000000 0.00 0.00 0.00 -0.36 -0.27 0.49 -1.29 -1.24 -0.12 84.03 85.37 88.95 
0 0 0 29.01 0.00000000 0.00000000 0.00 0.00 0.00 -0.48 -0.37 0.44 -0.58 -1.83 -0.44 81.82 83.75 85.65 
0 0 0 29.11 0.00000000 0.00000000 0.00 0.00 0.00 -0.52 -0.55 0.45 0.16 -1.47 -0.79 81.17 80.60 82.11 
0 0 0 29.21 0.00000000 0.00000000 0.00 0.00 0.00 -0.56 -0.77 0.84 0.70 -1.19 -0.80 80.48 76.89 82.03 
0 0 0 29.31 0.00000000 0.00000000 0.00 0.00 0.00 -0.39 -0.90 0.36 0.77 -0.20 -0.35 83.38 74.67 86.52 
0 0 0 29.41 0.00000000 0.00000000 0.00 0.00 0.00 -0.40 -1.04 0.59 0.50 0.09 -0.10 83.23 72.31 89.00 
0 0 0 29.51 0.00000000 0.00000000 0.00 0.00 0.00 -0.31 -0.91 0.68 0.20 0.52 0.01 84.72 74.53 90.13 
0 0 0 29.61 0.00000000 0.00000000 0.00 0.00 0.00 -0.38 -0.94 0.71 0.23 1.07 0.09 83.46 74.03 90.93 
0 0 0 29.71 0.00000000 0.00000000 0.00 0.00 0.00 -0.26 -0.44 2.42 0.32 2.88 0.42 85.65 82.44 94.15 
0 0 0 29.81 0.00000000 0.00000000 0.00 0.00 0.00 -0.17 -0.25 0.84 0.59 1.90 0.35 87.12 85.79 93.49 
0 0 0 29.92 0.00000000 0.00000000 0.00 0.00 0.00 -0.10 -0.13 0.55 0.70 1.53 0.26 88.22 87.75 92.64 
0 0 0 30.02 0.00000000 0.00000000 0.00 0.00 0.00 -0.02 -0.05 0.42 0.83 0.97 0.19 89.62 89.12 91.93 
0 0 0 30.12 0.00000000 0.00000000 0.00 0.00 0.00 0.04 0.03 0.52 0.74 0.52 0.24 90.61 90.79 92.33 
0 0 0 30.22 0.00000000 0.00000000 0.00 0.00 0.00 0.08 0.03 0.55 0.27 0.18 0.08 91.42 90.49 90.81 
0 0 0 30.32 0.00000000 0.00000000 0.00 0.00 0.00 0.08 0.03 0.56 -0.19 -0.24 -0.08 91.30 90.58 89.18 
0 0 0 30.43 0.00000000 0.00000000 0.00 0.00 0.00 0.07 -0.06 0.54 0.11 -1.10 0.07 91.21 90.38 90.31 
0 0 0 30.53 0.00000000 0.00000000 0.00 0.00 0.00 0.37 0.37 -2.37 -0.05 0.57 1.02 96.01 93.31 98.44 
0 0 0 30.63 0.00000000 0.00000000 0.00 0.00 0.00 0.13 0.18 1.25 -0.84 0.76 2.23 92.15 93.07 112.27 
0 0 0 30.73 0.00000000 0.00000000 0.00 0.00 0.00 -0.07 -0.05 0.91 -0.88 0.36 1.90 88.78 89.20 109.02 
0 0 0 30.83 0.00000000 0.00000000 0.00 0.00 0.00 -0.22 -0.08 1.16 -0.18 -0.16 0.53 86.33 88.69 95.29 
0 0 0 30.93 0.00000000 0.00000000 0.00 0.00 0.00 -0.20 -0.03 1.25 0.24 -0.16 -0.53 86.68 89.47 84.65 
0 0 0 31.04 0.00000000 0.00000000 0.00 0.00 0.00 -0.26 -0.10 1.09 0.34 0.35 -2.00 86.15 88.88 71.94 
0 0 0 31.14 0.00000000 0.00000000 0.00 0.00 0.00 -0.23 0.17 1.31 0.13 -0.37 -3.05 86.11 92.83 59.51 
0 0 0 31.24 0.00000000 0.00000000 0.00 0.00 0.00 -0.05 0.22 0.39 -0.35 -0.43 -2.33 89.09 93.71 66.72 
0 0 0 31.34 0.00000000 0.00000000 0.00 0.00 0.00 -0.07 0.16 -0.39 -0.41 -0.63 -0.80 88.73 92.76 81.99 
0 0 0 31.44 0.00000000 0.00000000 0.00 0.00 0.00 -0.10 -0.08 -0.07 0.08 0.11 0.11 88.24 88.64 91.07 
0 0 0 31.54 0.00000000 0.00000000 0.00 0.00 0.00 -0.14 -0.02 0.11 0.39 0.39 0.30 87.61 89.73 92.96 
0 0 0 31.64 0.00000000 0.00000000 0.00 0.00 0.00 -0.11 -0.01 0.12 0.29 0.18 0.20 88.16 89.75 91.97 
0 0 0 31.74 0.00000000 0.00000000 0.00 0.00 0.00 -0.06 0.03 0.12 0.08 0.09 0.17 88.49 90.52 91.57 
0 0 0 31.84 0.00000000 0.00000000 0.00 0.00 0.00 -0.07 0.03 0.17 -0.02 0.02 0.40 88.73 90.47 94.05 
0 0 0 31.94 0.00000000 0.00000000 0.00 0.00 0.00 -0.12 0.08 0.40 -0.04 -0.24 1.07 87.93 91.29 100.71 
0 0 0 32.04 0.00000000 0.00000000 0.00 0.00 0.00 -0.07 0.16 0.51 0.10 0.51 1.91 88.86 92.80 109.07 
0 0 0 32.14 0.00000000 0.00000000 0.00 0.00 0.00 0.02 0.18 0.73 0.38 0.29 2.04 90.35 93.09 110.41 
0 0 0 32.25 0.00000000 0.00000000 0.00 0.00 0.00 -0.02 0.19 1.54 0.29 -0.01 2.18 89.69 93.16 111.80 
0 0 0 32.38 0.00000000 0.00000000 0.00 0.00 0.00 -0.02 0.04 1.72 0.21 -0.07 1.78 89.66 90.76 107.75 
0 0 0 32.52 0.00000000 0.00000000 0.00 0.00 0.00 -0.02 -0.06 1.88 0.02 -0.15 1.06 89.59 88.97 100.58 
0 0 0 32.65 0.00000000 0.00000000 0.00 0.00 0.00 -0.01 -0.04 2.10 -0.19 -0.07 0.23 89.87 89.27 92.33 
0 0 0 32.79 0.00000000 0.00000000 0.00 0.00 0.00 -0.13 -0.07 1.98 -0.07 0.06 -0.46 87.74 88.84 85.37 
0 0 0 32.89 0.00000000 0.00000000 0.00 0.00 0.00 -0.26 -0.18 1.70 0.37 0.12 -1.85 85.56 87.02 71.50 
0 0 0 32.99 0.00000000 0.00000000 0.00 0.00 0.00 -0.28 -0.02 1.56 0.20 0.24 -3.71 85.20 89.62 52.89 
0 0 0 33.09 0.00000000 0.00000000 0.00 0.00 0.00 -0.25 0.39 1.73 -0.71 -0.49 -4.27 85.72 96.55 47.25 
0 0 0 33.19 0.00000000 0.00000000 0.00 0.00 0.00 -0.14 0.41 1.75 -1.24 -0.69 -3.03 87.67 96.91 59.72 
0 0 0 33.29 0.00000000 0.00000000 0.00 0.00 0.00 -0.10 0.25 -1.00 -0.51 -0.28 -1.31 88.29 94.32 76.94 
0 0 0 33.39 0.00000000 0.00000000 0.00 0.00 0.00 -0.06 0.06 -0.57 0.67 0.20 -0.06 88.99 90.94 89.43 
0 0 0 33.49 0.00000000 0.00000000 0.00 0.00 0.00 -0.02 0.01 -0.25 0.99 0.51 0.58 89.72 90.21 95.77 
0 0 0 33.59 0.00000000 0.00000000 0.00 0.00 0.00 0.04 0.02 -0.16 0.68 0.49 0.69 90.45 90.90 97.04 
0 0 0 33.69 0.00000000 0.00000000 0.00 0.00 0.00 0.01 0.01 0.16 0.24 0.17 0.42 91.03 90.00 94.45 
0 0 0 33.79 0.00000000 0.00000000 0.00 0.00 0.00 0.07 0.03 0.12 0.19 0.16 0.44 91.16 90.48 94.43 
0 0 0 33.89 0.00000000 0.00000000 0.00 0.00 0.00 0.11 0.34 0.23 0.16 0.55 1.29 91.79 95.74 102.94 
0 0 0 33.99 0.00000000 0.00000000 0.00 0.00 0.00 0.12 0.32 0.12 0.27 0.28 2.00 92.06 95.40 109.96 
0 0 0 34.09 0.00000000 0.00000000 0.00 0.00 0.00 0.16 0.32 1.30 0.04 0.65 2.40 92.77 95.40 114.04 
0 0 0 34.20 0.00000000 0.00000000 0.00 0.00 0.00 0.05 0.15 1.51 -0.47 0.14 2.46 90.94 93.01 114.75 
0 0 0 34.30 0.00000000 0.00000000 0.00 0.00 0.00 -0.03 0.03 1.55 -0.57 0.04 2.13 89.47 90.53 111.27 
0 0 0 34.40 0.00000000 0.00000000 0.00 0.00 0.00 -0.05 -0.03 1.82 -0.57 0.11 1.46 89.09 89.48 104.55 
0 0 0 34.50 0.00000000 0.00000000 0.00 0.00 0.00 -0.11 -0.03 1.95 -0.51 -0.01 0.66 88.18 89.44 96.55 
0 0 0 34.60 0.00000000 0.00000000 0.00 0.00 0.00 -0.14 0.03 2.13 -0.34 0.06 -0.03 87.68 90.44 89.66 
0 0 0 34.70 0.00000000 0.00000000 0.00 0.00 0.00 -0.12 0.08 2.25 -0.09 0.08 -0.43 87.96 91.39 85.75 
0 0 0 34.80 0.00000000 0.00000000 0.00 0.00 0.00 -0.08 0.13 2.29 0.11 0.02 -0.51 88.67 92.20 84.93 
0 0 0 34.90 0.00000000 0.00000000 0.00 0.00 0.00 -0.04 0.14 2.28 0.21 -0.04 -0.40 89.35 92.44 85.96 
0 0 0 35.00 0.00000000 0.00000000 0.00 0.00 0.00 -0.09 -0.01 1.84 0.20 0.04 -0.54 88.45 89.88 84.55 
0 0 0 35.11 0.00000000 0.00000000 0.00 0.00 0.00 -0.15 -0.16 1.42 -0.00 -0.59 -1.70 87.42 87.32 73.05 
0 0 0 35.21 0.00000000 0.00000000 0.00 0.00 0.00 -0.23 -0.05 1.53 -0.43 -0.44 -2.52 86.17 89.14 64.78 
0 0 0 35.31 0.00000000 0.00000000 0.00 0.00 0.00 -0.22 0.03 1.35 -0.88 -0.25 -2.58 86.22 90.57 64.16 
0 0 0 35.41 0.00000000 0.00000000 0.00 0.00 0.00 -0.21 0.01 1.04 -0.76 -0.24 -2.28 86.47 90.25 67.19 
0 0 0 35.51 0.00000000 0.00000000 0.00 0.00 0.00 -0.18 -0.06 0.22 -0.40 -0.39 -1.91 86.95 88.97 70.90 
0 0 0 35.61 0.00000000 0.00000000 0.00 0.00 0.00 -0.17 -0.11 0.02 0.04 -0.08 -1.31 87.10 88.10 76.86 
0 0 0 35.71 0.00000000 0.00000000 0.00 0.00 0.00 -0.09 -0.14 -0.27 0.28 0.05 -0.73 88.51 87.62 82.69 
0 0 0 35.81 0.00000000 0.00000000 0.00 0.00 0.00 -0.01 -0.12 -0.37 0.33 0.27 -0.18 89.80 88.00 88.22 
0 0 0 35.91 0.00000000 0.00000000 0.00 0.00 0.00 0.07 -0.10 -0.60 0.47 0.63 0.32 90.26 88.43 92.94 
0 0 0 36.01 0.00000000 0.00000000 0.00 0.00 0.00 0.03 -0.13 -0.09 0.61 0.65 0.47 90.48 87.84 94.72 
0 0 0 36.11 0.00000000 0.00000000 0.00 0.00 0.00 0.06 -0.03 -0.03 0.69 0.71 0.54 91.08 89.55 95.40 
0 0 0 36.21 0.00000000 0.00000000 0.00 0.00 0.00 0.14 -0.02 0.09 0.43 0.34 0.37 92.37 89.72 93.65 
0 0 0 36.31 0.00000000 0.00000000 0.00 0.00 0.00 0.14 0.04 0.13 -0.07 0.12 0.17 92.43 90.62 91.72 
0 0 0 36.41 0.00000000 0.00000000 0.00 0.00 0.00 0.12 0.03 0.13 -0.47 -0.18 -0.01 92.07 90.43 89.88 
0 0 0 36.52 0.00000000 0.00000000 0.00 0.00 0.00 0.05 0.04 0.20 -0.43 -0.17 -0.05 90.88 90.69 89.53 
0 0 0 36.62 0.00000000 0.00000000 0.00 0.00 0.00 0.07 0.04 0.03 -0.03 0.05 0.05 91.17 90.74 90.54 
0 0 0 36.72 0.00000000 0.00000000 0.00 0.00 0.00 0.06 0.06 0.06 0.25 0.06 0.18 91.04 91.03 91.83 
0 0 0 36.82 0.00000000 0.00000000 0.00 0.00 0.00 0.08 0.05 0.14 0.19 0.15 0.23 91.30 90.84 92.29 
0 0 0 36.92 0.00000000 0.00000000 0.00 0.00 0.00 0.08 0.03 0.20 0.03 -0.02 0.11 91.31 90.46 91.09 
0 0 0 37.02 0.00000000 0.00000000 0.00 0.00 0.00 0.07 0.02 0.22 -0.09 -0.07 -0.00 91.20 90.33 89.96 
0 0 0 37.12 0.00000000 0.00000000 0.00 0.00 0.00 0.05 0.01 0.22 0.16 -0.22 -0.01 90.88 90.13 89.94 
0 0 0 37.22 0.00000000 0.00000000 0.00 0.00 0.00 0.05 0.06 0.32 0.98 0.16 0.11 90.93 90.98 91.06 
0 0 0 37.32 0.00000000 0.00000000 0.00 0.00 0.00 0.30 0.01 0.24 2.07 0.76 0.27 95.06 90.14 92.75 
0 0 0 37.42 0.00000000 0.00000000 0.00 0.00 0.00 0.45 0.09 0.36 2.05 0.51 0.31 97.60 91.45 93.06 
0 0 0 37.52 0.00000000 0.00000000 0.00 0.00 0.00 0.77 0.11 0.46 1.28 0.06 0.17 103.04 91.92 91.70 
0 0 0 37.62 0.00000000 0.00000000 0.00 0.00 0.00 0.89 0.08 0.12 0.34 -0.16 0.02 105.14 91.43 90.18 
0 0 0 37.72 0.00000000 0.00000000 0.00 0.00 0.00 0.79 0.10 0.71 -0.20 -0.21 -0.07 103.35 91.70 89.28 
0 0 0 37.82 0.00000000 0.00000000 0.00 0.00 0.00 0.73 0.11 0.67 -0.33 -0.17 -0.12 102.39 91.83 88.80 
0 0 0 37.92 0.00000000 0.00000000 0.00 0.00 0.00 0.71 0.11 0.65 -0.35 -0.03 -0.07 102.01 91.95 89.30 
0 0 0 38.03 0.00000000 0.00000000 0.00 0.00 0.00 0.64 0.13 0.60 -0.97 0.20 -0.00 100.94 92.18 89.97 
0 0 0 38.13 0.00000000 0.00000000 0.00 0.00 0.00 0.43 0.12 0.73 -1.96 -0.19 -0.14 97.28 92.01 88.56 
0 0 0 38.23 0.00000000 0.00000000 0.00 0.00 0.00 0.17 0.07 0.56 -1.94 -0.25 -0.17 92.84 91.23 88.27 
0 0 0 38.33 0.00000000 0.00000000 0.00 0.00 0.00 0.03 0.11 0.57 -1.31 -0.26 -0.01 90.52 91.84 89.91 
0 0 0 38.43 0.00000000 0.00000000 0.00 0.00 0.00 -0.02 0.07 0.30 -0.63 -0.08 0.16 89.69 91.17 91.64 
0 0 0 38.53 0.00000000 0.00000000 0.00 0.00 0.00 -0.05 0.05 0.24 -0.15 0.05 0.23 89.15 90.84 92.28 
0 0 0 38.63 0.00000000 0.00000000 0.00 0.00 0.00 -0.04 0.06 0.24 0.12 0.09 0.21 89.24 90.95 92.14 
0 0 0 38.73 0.00000000 0.00000000 0.00 0.00 0.00 -0.02 0.05 0.27 0.20 0.09 0.14 89.68 90.78 91.37 
0 0 0 38.83 0.00000000 0.00000000 0.00 0.00 0.00 -0.02 0.06 0.27 0.07 0.02 0.03 89.73 91.07 90.25 
0 0 0 38.94 0.00000000 0.00000000 0.00 0.00 0.00 -0.02 0.06 0.30 -0.43 -0.13 -0.07 89.00 91.07 89.36 
0 0 0 39.04 0.00000000 0.00000000 0.00 0.00 0.00 -0.16 0.08 0.49 -1.20 -0.01 -0.02 87.25 91.33 89.78 
0 0 0 39.14 0.00000000 0.00000000 0.00 0.00 0.00 -0.32 0.01 0.39 -2.03 -0.42 0.11 84.63 90.24 91.10 
0 0 0 39.24 0.00000000 0.00000000 0.00 0.00 0.00 -0.55 0.05 0.68 -2.46 -0.41 0.24 80.70 90.88 92.42 
0 0 0 39.34 0.00000000 0.00000000 0.00 0.00 0.00 -0.68 -0.05 0.16 -2.06 -0.43 0.26 78.49 89.13 92.60 
0 0 0 39.44 0.00000000 0.00000000 0.00 0.00 0.00 -0.82 -0.03 0.12 -0.92 -0.40 0.08 76.04 89.45 90.81 
0 0 0 39.54 0.00000000 0.00000000 0.00 0.00 0.00 -0.87 0.01 0.25 -0.02 -0.07 0.30 75.26 90.18 92.96 
0 0 0 39.64 0.00000000 0.00000000 0.00 0.00 0.00 -0.86 0.01 0.28 0.44 0.05 0.40 75.35 90.19 93.96 
0 0 0 39.74 0.00000000 0.00000000 0.00 0.00 0.00 -0.88 0.02 0.38 0.52 -0.06 0.36 75.08 90.27 93.65 
0 0 0 39.84 0.00000000 0.00000000 0.00 0.00 0.00 -0.79 -0.01 0.34 0.57 -0.34 0.11 76.56 89.81 91.06 
0 0 0 39.94 0.00000000 0.00000000 0.00 0.00 0.00 -0.73 -0.05 0.30 1.64 -0.30 -0.38 77.59 89.10 86.20 
0 0 0 40.04 0.00000000 0.00000000 0.00 0.00 0.00 -0.55 0.01 0.52 2.12 0.09 -0.39 80.24 90.00 85.94 
0 0 0 40.14 0.00000000 0.00000000 0.00 0.00 0.00 -0.33 -0.02 0.21 1.61 0.26 -0.27 84.33 89.71 87.31 
0 0 0 40.24 0.00000000 0.00000000 0.00 0.00 0.00 -0.20 -0.03 0.37 1.09 0.13 -0.25 86.54 89.48 87.55 
0 0 0 40.34 0.00000000 0.00000000 0.00 0.00 0.00 -0.11 0.01 0.40 0.79 0.15 -0.26 88.14 90.14 87.42 
0 0 0 40.45 0.00000000 0.00000000 0.00 0.00 0.00 -0.04 0.06 0.42 0.58 0.23 -0.16 89.32 91.02 88.43 
0 0 0 40.55 0.00000000 0.00000000 0.00 0.00 0.00 0.07 0.10 0.17 0.34 0.09 -0.05 91.13 91.62 89.51 
0 0 0 40.65 0.00000000 0.00000000 0.00 0.00 0.00 0.03 0.06 0.42 0.03 -0.03 -0.00 90.55 90.95 89.97 
0 0 0 40.75 0.00000000 0.00000000 0.00 0.00 0.00 0.01 0.05 0.46 -0.06 -0.02 -0.03 90.13 90.86 89.68 
0 0 0 40.85 0.00000000 0.00000000 0.00 0.00 0.00 -0.01 0.05 0.47 0.01 0.02 -0.04 89.87 90.78 89.61 
0 0 0 40.95 0.00000000 0.00000000 0.00 0.00 0.00 -0.06 0.06 0.58 0.20 0.02 -0.03 89.05 90.95 89.68 
0 0 0 41.05 0.00000000 0.00000000 0.00 0.00 0.00 0.04 0.08 0.41 0.48 0.19 0.09 90.75 91.35 90.90 
0 0 0 41.15 0.00000000 0.00000000 0.00 0.00 0.00 0.08 0.06 0.46 0.41 0.22 0.28 91.39 90.97 92.76 
0 0 0 41.25 0.00000000 0.00000000 0.00 0.00 0.00 0.19 0.17 0.34 -0.03 0.07 0.33 93.26 92.85 93.28 
0 0 0 41.35 0.00000000 0.00000000 0.00 0.00 0.00 0.19 0.35 1.25 -0.50 0.25 1.02 93.25 95.90 100.20 
0 0 0 41.45 0.00000000 0.00000000 0.00 0.00 0.00 -0.04 0.34 1.86 -0.45 -0.02 2.52 89.29 95.75 115.18 
0 0 0 41.55 0.00000000 0.00000000 0.00 0.00 0.00 -0.16 -0.00 1.27 0.28 -0.27 2.68 87.25 89.94 116.83 
0 0 0 41.65 0.00000000 0.00000000 0.00 0.00 0.00 -0.19 -0.33 1.30 0.62 -0.27 1.21 86.70 84.40 102.07 
0 0 0 41.75 0.00000000 0.00000000 0.00 0.00 0.00 -0.01 -0.65 0.84 0.00 0.14 -1.08 89.90 78.88 79.17 
0 0 0 41.86 0.00000000 0.00000000 0.00 0.00 0.00 -0.02 -0.04 1.32 -0.84 0.40 -2.85 89.58 89.32 61.50 
0 0 0 41.96 0.00000000 0.00000000 0.00 0.00 0.00 0.05 0.47 2.54 -0.97 -0.58 -1.94 90.89 97.96 70.64 
0 0 0 42.06 0.00000000 0.00000000 0.00 0.00 0.00 0.11 0.22 -0.66 -0.21 0.17 0.41 91.86 93.78 94.08 
0 0 0 42.16 0.00000000 0.00000000 0.00 0.00 0.00 -0.15 -0.08 0.78 0.38 0.11 1.08 87.41 88.68 100.83 
0 0 0 42.26 0.00000000 0.00000000 0.00 0.00 0.00 -0.51 -0.57 0.89 0.91 -0.50 -1.67 81.37 80.26 73.30 
0 0 0 42.36 0.00000000 0.00000000 0.00 0.00 0.00 -0.32 0.75 2.31 0.27 0.09 -5.00 84.62 102.69 40.05 
0 0 0 42.46 0.00000000 0.00000000 0.00 0.00 0.00 -0.36 0.42 1.35 -1.48 -1.40 -0.47 83.93 97.11 85.26 
0 0 0 42.56 0.00000000 0.00000000 0.00 0.00 0.00 -0.18 0.03 0.08 0.07 0.09 2.16 86.96 90.56 111.60 
0 0 0 42.66 0.00000000 0.00000000 0.00 0.00 0.00 -0.13 -0.19 0.16 0.78 0.01 1.25 87.85 86.79 102.48 
0 0 0 42.76 0.00000000 0.00000000 0.00 0.00 0.00 0.05 0.08 -0.10 0.52 0.06 0.88 90.88 91.34 98.80 
0 0 0 42.86 0.00000000 0.00000000 0.00 0.00 0.00 0.08 0.08 0.30 0.14 0.24 0.86 91.35 91.41 98.55 
0 0 0 42.96 0.00000000 0.00000000 0.00 0.00 0.00 0.12 0.11 0.37 -0.21 0.04 0.68 92.01 91.93 96.83 
0 0 0 43.06 0.00000000 0.00000000 0.00 0.00 0.00 0.14 0.70 3.10 -0.35 -0.61 2.27 92.44 101.98 112.66 
0 0 0 43.16 0.00000000 0.00000000 0.00 0.00 0.00 -0.42 -0.11 1.37 0.04 0.27 4.35 82.80 88.07 133.46 
0 0 0 43.27 0.00000000 0.00000000 0.00 0.00 0.00 -0.48 -0.79 1.19 0.59 -0.40 1.13 81.76 76.62 101.30 
0 0 0 43.37 0.00000000 0.00000000 0.00 0.00 0.00 -0.23 -0.13 1.71 0.04 -0.18 -1.71 86.13 87.81 72.91 
0 0 0 43.47 0.00000000 0.00000000 0.00 0.00 0.00 -0.03 0.14 1.82 -0.02 0.23 -2.11 89.50 92.34 68.87 
0 0 0 43.57 0.00000000 0.00000000 0.00 0.00 0.00 0.11 0.21 1.70 -0.49 -0.12 -1.51 91.87 93.53 74.89 
0 0 0 43.67 0.00000000 0.00000000 0.00 0.00 0.00 0.02 0.06 0.57 -0.32 0.54 -1.59 90.40 91.06 74.10 
0 0 0 43.77 0.00000000 0.00000000 0.00 0.00 0.00 0.08 0.06 0.14 0.17 0.22 -2.04 91.36 90.98 69.59 
0 0 0 43.87 0.00000000 0.00000000 0.00 0.00 0.00 -0.18 0.20 0.51 0.65 0.34 -2.32 87.00 93.39 66.83 
0 0 0 43.97 0.00000000 0.00000000 0.00 0.00 0.00 0.37 0.53 -1.20 -0.02 -1.03 -0.66 96.31 98.93 83.36 
0 0 0 44.07 0.00000000 0.00000000 0.00 0.00 0.00 0.15 0.48 -1.23 -0.28 -0.04 2.34 92.60 98.15 113.38 
0 0 0 44.17 0.00000000 0.00000000 0.00 0.00 0.00 -0.06 0.08 0.55 0.42 0.63 3.40 88.50 91.64 124.65 
0 0 0 44.27 0.00000000 0.00000000 0.00 0.00 0.00 -0.05 -0.21 0.60 0.59 0.00 2.26 89.13 86.45 112.58 
0 0 0 44.37 0.00000000 0.00000000 0.00 0.00 0.00 0.07 -0.05 1.06 0.11 -0.08 0.94 91.26 89.19 99.44 
0 0 0 44.47 0.00000000 0.00000000 0.00 0.00 0.00 0.09 0.06 1.42 -0.48 -0.20 0.85 91.57 91.09 98.50 
0 0 0 44.57 0.00000000 0.00000000 0.00 0.00 0.00 0.01 -0.15 1.15 -0.44 -0.02 0.57 90.13 87.43 95.67 
0 0 0 44.67 0.00000000 0.00000000 0.00 0.00 0.00 -0.14 -0.21 1.20 0.06 -0.15 -0.91 87.57 86.39 80.90 
0 0 0 44.78 0.00000000 0.00000000 0.00 0.00 0.00 -0.19 -0.11 1.22 0.16 -0.38 -2.73 86.70 88.13 62.71 
0 0 0 44.88 0.00000000 0.00000000 0.00 0.00 0.00 -0.16 0.27 1.70 -0.33 -0.31 -3.17 87.23 94.56 58.29 
0 0 0 44.98 0.00000000 0.00000000 0.00 0.00 0.00 0.04 0.25 0.05 -0.88 -0.46 -1.72 90.67 94.25 72.84 
0 0 0 45.08 0.00000000 0.00000000 0.00 0.00 0.00 -0.01 0.09 -0.28 -0.20 -0.12 -0.55 89.76 91.57 84.50 
0 0 0 45.18 0.00000000 0.00000000 0.00 0.00 0.00 0.03 0.07 -0.26 0.40 0.29 0.45 90.57 91.14 94.45 
0 0 0 45.28 0.00000000 0.00000000 0.00 0.00 0.00 0.05 0.19 -0.09 0.27 0.29 1.34 90.85 93.22 103.37 
0 0 0 45.38 0.00000000 0.00000000 0.00 0.00 0.00 -0.11 0.28 1.20 0.06 0.25 2.20 88.15 94.76 112.04 
0 0 0 45.48 0.00000000 0.00000000 0.00 0.00 0.00 -0.13 0.05 1.03 -0.15 -0.02 2.43 87.73 90.93 114.31 
0 0 0 45.58 0.00000000 0.00000000 0.00 0.00 0.00 -0.09 -0.10 0.89 0.05 0.07 1.78 88.50 88.33 107.79 
0 0 0 45.68 0.00000000 0.00000000 0.00 0.00 0.00 -0.13 -0.13 1.16 0.16 -0.12 0.84 87.86 87.81 98.41 
0 0 0 45.78 0.00000000 0.00000000 0.00 0.00 0.00 -0.04 -0.12 1.15 0.04 -0.12 -0.06 89.34 87.98 89.42 
0 0 0 45.88 0.00000000 0.00000000 0.00 0.00 0.00 -0.06 -0.07 1.30 -0.19 0.23 -0.59 89.03 88.74 84.08 
0 0 0 45.98 0.00000000 0.00000000 0.00 0.00 0.00 -0.10 -0.13 0.90 -0.41 -0.19 -1.56 88.34 87.86 74.41 
0 0 0 46.08 0.00000000 0.00000000 0.00 0.00 0.00 -0.26 -0.11 0.98 -0.47 -0.19 -2.67 85.54 88.16 63.29 
0 0 0 46.19 0.00000000 0.00000000 0.00 0.00 0.00 -0.28 0.08 0.88 -0.56 -0.40 -2.62 85.26 91.43 63.77 
0 0 0 46.29 0.00000000 0.00000000 0.00 0.00 0.00 -0.16 0.03 0.16 -0.39 -0.21 -1.97 87.26 90.57 70.31 
0 0 0 46.39 0.00000000 0.00000000 0.00 0.00 0.00 -0.13 0.07 -0.41 0.11 0.35 -1.06 87.77 91.11 79.45 
0 0 0 46.49 0.00000000 0.00000000 0.00 0.00 0.00 -0.03 0.02 -0.56 0.42 0.21 -0.34 89.56 90.37 86.63 
0 0 0 46.59 0.00000000 0.00000000 0.00 0.00 0.00 0.11 0.08 -0.72 0.43 0.23 0.37 91.80 91.44 93.75 
0 0 0 46.69 0.00000000 0.00000000 0.00 0.00 0.00 0.03 -0.01 -0.37 0.50 0.06 0.57 90.52 89.80 95.73 
0 0 0 46.79 0.00000000 0.00000000 0.00 0.00 0.00 0.11 0.05 -0.35 0.42 0.11 0.79 91.79 90.93 97.93 
0 0 0 46.89 0.00000000 0.00000000 0.00 0.00 0.00 0.06 0.07 0.08 0.27 0.17 1.45 90.94 91.14 104.46 
0 0 0 47.00 0.00000000 0.00000000 0.00 0.00 0.00 0.05 0.09 0.34 0.01 0.32 1.98 89.44 91.74 109.54 
0 0 0 47.10 0.00000000 0.00000000 0.00 0.00 0.00 0.02 0.12 0.86 -0.02 0.62 2.13 90.34 91.97 111.35 
0 0 0 47.20 0.00000000 0.00000000 0.00 0.00 0.00 0.05 0.09 0.94 -0.18 0.40 2.27 90.83 91.53 112.73 
0 0 0 47.30 0.00000000 0.00000000 0.00 0.00 0.00 0.02 -0.10 0.99 0.04 -0.06 1.44 91.07 88.14 105.77 
0 0 0 47.40 0.00000000 0.00000000 0.00 0.00 0.00 -0.11 -0.11 1.26 -0.10 0.22 0.59 88.12 88.06 95.90 
0 0 0 47.50 0.00000000 0.00000000 0.00 0.00 0.00 -0.14 -0.46 0.87 -0.09 -0.21 -1.23 87.62 82.21 77.73 
0 0 0 47.61 0.00000000 0.00000000 0.00 0.00 0.00 -0.26 -0.08 1.06 -0.15 -0.26 -3.60 85.53 88.59 53.97 
0 0 0 47.71 0.00000000 0.00000000 0.00 0.00 0.00 0.01 0.37 2.15 -0.79 -0.13 -3.10 90.12 96.34 58.97 
0 0 0 47.81 0.00000000 0.00000000 0.00 0.00 0.00 0.00 0.39 -1.89 -0.67 -0.14 0.19 90.06 96.62 91.90 
0 0 0 47.91 0.00000000 0.00000000 0.00 0.00 0.00 -0.26 0.05 0.56 0.36 0.20 1.66 85.66 90.92 106.63 
0 0 0 48.01 0.00000000 0.00000000 0.00 0.00 0.00 -0.16 0.03 0.69 0.72 -0.01 1.51 87.27 90.54 105.07 
0 0 0 48.11 0.00000000 0.00000000 0.00 0.00 0.00 -0.16 0.12 1.05 0.37 0.00 1.16 87.31 92.05 101.60 
0 0 0 48.21 0.00000000 0.00000000 0.00 0.00 0.00 -0.10 0.01 1.05 0.05 -0.24 0.78 88.31 90.24 97.81 
0 0 0 48.31 0.00000000 0.00000000 0.00 0.00 0.00 -0.04 0.02 1.07 -0.02 -0.12 0.51 90.07 90.36 95.29 
0 0 0 48.41 0.00000000 0.00000000 0.00 0.00 0.00 -0.02 0.00 1.05 0.10 -0.15 0.03 89.67 90.07 90.27 
0 0 0 48.51 0.00000000 0.00000000 0.00 0.00 0.00 -0.02 -0.01 1.08 -0.02 -0.11 -0.22 89.59 89.79 87.78 
0 0 0 48.61 0.00000000 0.00000000 0.00 0.00 0.00 0.00 0.00 1.04 -0.13 -0.06 -0.42 90.06 90.00 85.81 
0 0 0 48.71 0.00000000 0.00000000 0.00 0.00 0.00 0.00 0.02 0.95 -0.23 -0.15 -0.53 90.07 90.33 84.68 
0 0 0 48.82 0.00000000 0.00000000 0.00 0.00 0.00 0.02 -0.03 0.66 -0.13 -0.15 -0.57 90.39 89.54 84.36 
0 0 0 48.95 0.00000000 0.00000000 0.00 0.00 0.00 -0.03 0.03 0.83 0.34 0.02 -0.47 89.47 90.47 85.26 
0 0 0 49.09 0.00000000 0.00000000 0.00 0.00 0.00 0.06 0.08 0.76 0.84 0.46 -0.22 90.98 91.31 87.82 
0 0 0 49.22 0.00000000 0.00000000 0.00 0.00 0.00 0.17 0.09 0.56 0.15 -0.07 -0.11 92.82 91.57 88.91 
0 0 0 49.36 0.00000000 0.00000000 0.00 0.00 0.00 0.16 0.02 0.43 -0.29 -0.16 0.07 92.73 90.32 90.67 
0 0 0 49.46 0.00000000 0.00000000 0.00 0.00 0.00 0.12 0.03 0.52 -0.15 -0.31 0.16 92.12 90.51 91.59 
0 0 0 49.56 0.00000000 0.00000000 0.00 0.00 0.00 0.09 -0.02 0.59 -0.04 -0.18 0.29 91.49 89.68 92.93 
0 0 0 49.66 0.00000000 0.00000000 0.00 0.00 0.00 0.07 -0.07 0.61 0.03 -0.24 0.21 91.26 88.89 92.07 
0 0 0 49.76 0.00000000 0.00000000 0.00 0.00 0.00 0.11 -0.09 0.49 0.04 -0.23 0.04 91.88 88.53 90.36 
0 0 0 49.87 0.00000000 0.00000000 0.00 0.00 0.00 0.04 -0.07 0.76 0.11 -0.11 -0.29 91.55 88.40 87.53 
0 0 0 49.97 0.00000000 0.00000000 0.00 0.00 0.00 0.08 -0.09 0.56 -0.01 -0.20 -0.33 91.41 88.46 86.70 
0 0 0 50.07 0.00000000 0.00000000 0.00 0.00 0.00 0.10 -0.18 0.32 -0.37 -0.22 -0.38 91.71 86.92 86.25 
0 0 0 50.17 0.00000000 0.00000000 0.00 0.00 0.00 0.02 -0.12 0.44 -0.46 -0.08 -0.37 90.35 87.99 86.25 
0 0 0 50.27 0.00000000 0.00000000 0.00 0.00 0.00 0.05 -0.14 0.15 -0.11 -0.38 -0.28 90.80 87.69 87.15 
0 0 0 50.37 0.00000000 0.00000000 0.00 0.00 0.00 -0.02 -0.18 0.32 -0.18 0.29 -0.10 89.58 87.00 88.99 
0 0 0 50.47 0.00000000 0.00000000 0.00 0.00 0.00 -0.02 -0.19 0.25 0.13 -0.03 0.09 89.61 86.85 90.91 
0 0 0 50.57 0.00000000 0.00000000 0.00 0.00 0.00 0.06 -0.13 0.05 0.23 0.51 0.30 90.98 87.85 93.03 
0 0 0 50.67 0.00000000 0.00000000 0.00 0.00 0.00 0.02 -0.10 0.28 0.23 -0.09 -0.00 90.26 88.27 89.99 
0 0 0 50.78 0.00000000 0.00000000 0.00 0.00 0.00 0.04 -0.08 0.27 -0.02 -0.09 0.04 90.62 88.34 90.23 
0 0 0 50.88 0.00000000 0.00000000 0.00 0.00 0.00 0.07 -0.13 0.23 0.08 -0.11 0.11 91.12 87.85 91.07 
0 0 0 50.98 0.00000000 0.00000000 0.00 0.00 0.00 0.10 -0.12 0.12 0.04 -0.09 -0.06 91.65 87.88 89.38 
0 0 0 51.08 0.00000000 0.00000000 0.00 0.00 0.00 0.03 -0.12 0.35 0.11 -0.35 -0.01 90.76 88.23 89.53 
0 0 0 51.18 0.00000000 0.00000000 0.00 0.00 0.00 0.07 -0.18 0.25 0.18 -0.06 0.20 91.15 86.87 91.96 
0 0 0 51.28 0.00000000 0.00000000 0.00 0.00 0.00 0.06 -0.17 0.36 0.18 -0.03 0.06 90.94 87.15 90.63 
0 0 0 51.38 0.00000000 0.00000000 0.00 0.00 0.00 0.06 -0.13 0.41 -0.17 -0.15 -0.04 91.10 87.75 89.60 
0 0 0 51.48 0.00000000 0.00000000 0.00 0.00 0.00 0.07 -0.20 0.30 -0.04 -0.33 0.12 91.25 86.63 91.17 
0 0 0 51.58 0.00000000 0.00000000 0.00 0.00 0.00 0.13 -0.25 0.14 -0.09 -0.10 -0.03 92.22 85.82 89.74 
