0 0 0 3.06 0.00000000 0.00000000 0.00 0.00 0.00 0.06 0.07 -0.03 0.01 0.00 0.00 93.63 93.76 90.04 
0 0 0 3.25 0.00000000 0.00000000 0.00 0.00 0.00 0.07 0.09 0.10 0.02 -0.01 0.00 93.67 94.69 90.05 
0 0 0 3.35 0.00000000 0.00000000 0.00 0.00 0.00 0.07 0.07 -0.05 0.01 -0.00 0.00 94.01 94.35 90.05 
0 0 0 3.45 0.00000000 0.00000000 0.00 0.00 0.00 0.06 0.08 0.06 0.01 -0.01 0.01 93.31 94.22 90.06 
0 0 0 3.55 0.00000000 0.00000000 0.00 0.00 0.00 0.05 0.08 0.06 0.02 -0.01 0.00 92.56 94.04 90.06 
0 0 0 3.65 0.00000000 0.00000000 0.00 0.00 0.00 0.06 0.08 0.03 0.02 -0.01 0.00 93.41 94.55 90.05 
0 0 0 3.75 0.00000000 0.00000000 0.00 0.00 0.00 0.07 0.05 -0.11 0.01 -0.02 0.01 97.74 93.63 90.06 
0 0 0 3.85 0.00000000 0.00000000 0.00 0.00 0.00 0.07 0.07 -0.06 0.02 -0.00 0.01 94.35 94.38 90.08 
0 0 0 3.95 0.00000000 0.00000000 0.00 0.00 0.00 0.05 0.09 0.11 0.02 -0.00 0.00 93.34 94.57 90.04 
0 0 0 4.05 0.00000000 0.00000000 0.00 0.00 0.00 0.06 0.08 -0.03 0.02 -0.01 0.00 93.88 94.26 90.04 
0 0 0 4.16 0.00000000 0.00000000 0.00 0.00 0.00 0.06 0.07 -0.04 0.02 -0.00 0.00 93.60 94.20 90.03 
0 0 0 4.26 0.00000000 0.00000000 0.00 0.00 0.00 0.06 0.06 -0.01 0.02 -0.01 0.00 93.30 94.00 90.05 
0 0 0 4.36 0.00000000 0.00000000 0.00 0.00 0.00 0.06 0.07 -0.00 0.02 -0.01 0.00 93.75 94.14 90.03 
0 0 0 4.46 0.00000000 0.00000000 0.00 0.00 0.00 0.07 0.08 0.01 0.01 -0.00 0.00 94.39 94.50 90.05 
0 0 0 4.56 0.00000000 0.00000000 0.00 0.00 0.00 0.06 0.07 -0.02 0.01 -0.01 0.00 93.51 94.20 90.03 
0 0 0 4.66 0.00000000 0.00000000 0.00 0.00 0.00 0.02 0.02 -0.06 0.01 -0.01 0.01 93.63 91.12 90.08 
0 0 0 4.76 0.00000000 0.00000000 0.00 0.00 0.00 0.05 0.07 0.06 0.02 -0.01 0.00 93.71 94.06 90.05 
0 0 0 4.86 0.00000000 0.00000000 0.00 0.00 0.00 0.07 0.08 0.03 0.02 -0.01 0.01 93.51 94.65 90.06 
0 0 0 4.96 0.00000000 0.00000000 0.00 0.00 0.00 0.07 0.07 -0.01 0.02 -0.00 0.01 93.63 94.46 90.06 
0 0 0 5.06 0.00000000 0.00000000 0.00 0.00 0.00 0.06 0.07 -0.03 0.01 -0.02 0.01 93.67 94.37 90.08 
0 0 0 5.16 0.00000000 0.00000000 0.00 0.00 0.00 0.06 0.07 0.01 0.01 -0.02 0.01 93.55 94.15 90.07 
0 0 0 5.26 0.00000000 0.00000000 0.00 0.00 0.00 0.07 0.06 -0.02 0.01 -0.01 0.00 93.59 94.10 90.05 
0 0 0 5.37 0.00000000 0.00000000 0.00 0.00 0.00 0.06 0.09 0.08 0.02 -0.00 0.00 93.44 94.45 90.04 
0 0 0 5.47 0.00000000 0.00000000 0.00 0.00 0.00 0.07 0.09 0.05 0.01 -0.01 0.01 93.62 94.58 90.07 
0 0 0 5.57 0.00000000 0.00000000 0.00 0.00 0.00 0.06 0.07 0.03 0.01 -0.01 0.01 93.44 94.45 90.07 
0 0 0 5.67 0.00000000 0.00000000 0.00 0.00 0.00 0.06 0.08 0.05 0.01 -0.01 0.00 93.44 94.40 90.05 
0 0 0 5.77 0.00000000 0.00000000 0.00 0.00 0.00 0.07 0.08 0.02 0.02 -0.01 0.00 93.62 94.40 90.06 
0 0 0 5.87 0.00000000 0.00000000 0.00 0.00 0.00 0.07 0.07 -0.01 0.01 -0.01 0.01 93.79 94.26 90.05 
0 0 0 5.97 0.00000000 0.00000000 0.00 0.00 0.00 0.06 0.07 0.00 0.02 -0.01 0.00 93.49 94.01 90.05 
0 0 0 6.07 0.00000000 0.00000000 0.00 0.00 0.00 0.07 0.08 0.03 0.01 -0.00 0.01 93.63 94.51 90.07 
0 0 0 6.18 0.00000000 0.00000000 0.00 0.00 0.00 0.07 0.08 0.00 0.01 0.00 0.00 93.38 94.30 90.04 
0 0 0 6.28 0.00000000 0.00000000 0.00 0.00 0.00 0.07 0.07 -0.04 0.02 -0.00 0.01 93.50 94.20 90.07 
0 0 0 6.38 0.00000000 0.00000000 0.00 0.00 0.00 0.06 0.07 -0.01 0.02 -0.01 0.00 93.77 94.33 90.03 
0 0 0 6.48 0.00000000 0.00000000 0.00 0.00 0.00 0.06 0.08 0.07 0.02 -0.01 0.00 93.13 94.03 90.05 
0 0 0 6.58 0.00000000 0.00000000 0.00 0.00 0.00 0.06 0.05 -0.11 0.01 -0.01 0.00 93.64 93.58 90.04 
0 0 0 6.68 0.00000000 0.00000000 0.00 0.00 0.00 0.07 0.09 0.09 0.02 0.00 0.00 93.72 94.37 90.05 
0 0 0 6.78 0.00000000 0.00000000 0.00 0.00 0.00 0.06 0.08 0.05 0.01 -0.01 0.00 93.31 94.54 90.03 
0 0 0 6.88 0.00000000 0.00000000 0.00 0.00 0.00 0.06 0.09 0.06 0.02 -0.00 0.00 93.58 94.65 90.05 
0 0 0 6.98 0.00000000 0.00000000 0.00 0.00 0.00 0.06 0.08 0.01 0.01 -0.00 0.00 93.59 94.42 90.03 
0 0 0 7.08 0.00000000 0.00000000 0.00 0.00 0.00 0.07 0.07 -0.02 0.01 -0.04 0.01 93.14 94.37 90.07 
0 0 0 7.18 0.00000000 0.00000000 0.00 0.00 0.00 0.07 0.07 -0.02 0.01 -0.01 0.01 93.54 94.06 90.08 
0 0 0 7.28 0.00000000 0.00000000 0.00 0.00 0.00 0.07 0.08 0.02 0.02 -0.02 0.01 93.81 94.19 90.06 
0 0 0 7.39 0.00000000 0.00000000 0.00 0.00 0.00 0.06 0.08 0.08 0.01 -0.01 0.01 93.45 94.07 90.06 
0 0 0 7.49 0.00000000 0.00000000 0.00 0.00 0.00 0.05 0.09 0.12 0.01 -0.00 0.01 93.39 94.45 90.06 
0 0 0 7.59 0.00000000 0.00000000 0.00 0.00 0.00 0.06 0.07 0.02 0.01 -0.01 0.00 93.43 94.49 90.03 
0 0 0 7.69 0.00000000 0.00000000 0.00 0.00 0.00 0.06 0.07 0.01 0.02 -0.01 0.00 93.55 94.45 90.04 
0 0 0 7.79 0.00000000 0.00000000 0.00 0.00 0.00 0.06 0.07 -0.04 0.01 -0.02 0.00 93.50 94.06 90.05 
0 0 0 7.89 0.00000000 0.00000000 0.00 0.00 0.00 0.06 0.08 -0.00 0.01 -0.01 0.01 93.76 93.97 90.06 
0 0 0 7.99 0.00000000 0.00000000 0.00 0.00 0.00 0.06 0.09 0.06 0.02 -0.01 0.01 93.43 94.18 90.06 
0 0 0 8.09 0.00000000 0.00000000 0.00 0.00 0.00 0.06 0.08 -0.03 0.02 -0.01 0.01 93.55 93.98 90.06 
0 0 0 8.19 0.00000000 0.00000000 0.00 0.00 0.00 0.07 0.08 0.01 0.01 -0.01 0.00 93.63 94.55 90.05 
0 0 0 8.30 0.00000000 0.00000000 0.00 0.00 0.00 0.06 0.08 0.06 0.01 -0.01 0.00 93.42 94.66 90.03 
0 0 0 8.40 0.00000000 0.00000000 0.00 0.00 0.00 0.06 0.07 -0.01 0.01 -0.01 0.01 93.43 94.43 90.08 
0 0 0 8.50 0.00000000 0.00000000 0.00 0.00 0.00 0.06 0.07 0.03 0.02 -0.01 0.00 93.44 94.12 90.05 
0 0 0 8.60 0.00000000 0.00000000 0.00 0.00 0.00 0.06 0.07 0.01 0.02 -0.01 0.01 93.56 94.04 90.06 
0 0 0 8.70 0.00000000 0.00000000 0.00 0.00 0.00 0.07 0.08 0.07 0.01 -0.01 0.00 93.74 94.30 90.04 
0 0 0 8.80 0.00000000 0.00000000 0.00 0.00 0.00 0.06 0.08 0.08 0.02 -0.00 0.01 93.42 94.21 90.08 
0 0 0 8.90 0.00000000 0.00000000 0.00 0.00 0.00 0.06 0.08 0.04 0.01 -0.00 0.00 93.60 94.39 90.03 
0 0 0 9.00 0.00000000 0.00000000 0.00 0.00 0.00 0.06 0.08 0.02 0.02 -0.01 0.01 93.50 94.50 90.07 
0 0 0 9.10 0.00000000 0.00000000 0.00 0.00 0.00 0.06 0.07 -0.00 0.01 -0.02 0.01 93.63 94.31 90.07 
0 0 0 9.20 0.00000000 0.00000000 0.00 0.00 0.00 0.06 0.08 0.04 0.01 -0.02 0.01 93.40 94.14 90.07 
0 0 0 9.30 0.00000000 0.00000000 0.00 0.00 0.00 0.06 0.08 0.07 0.02 -0.01 0.00 93.52 94.22 90.04 
0 0 0 9.40 0.00000000 0.00000000 0.00 0.00 0.00 0.06 0.09 0.10 0.02 -0.01 0.00 93.55 94.65 90.05 
0 0 0 9.51 0.00000000 0.00000000 0.00 0.00 0.00 0.06 0.08 0.02 0.01 -0.01 0.00 93.58 94.41 90.06 
0 0 0 9.61 0.00000000 0.00000000 0.00 0.00 0.00 0.07 0.07 -0.03 0.01 -0.02 0.00 93.50 94.33 90.04 
0 0 0 9.71 0.00000000 0.00000000 0.00 0.00 0.00 0.06 0.07 0.01 0.01 -0.02 0.00 93.43 94.16 90.04 
0 0 0 9.81 0.00000000 0.00000000 0.00 0.00 0.00 0.06 0.07 0.01 0.01 -0.01 0.00 93.52 94.03 90.04 
0 0 0 9.91 0.00000000 0.00000000 0.00 0.00 0.00 0.07 0.06 -0.05 0.01 -0.01 0.00 93.70 93.82 90.06 
0 0 0 10.01 0.00000000 0.00000000 0.00 0.00 0.00 0.06 0.08 0.03 0.01 -0.01 0.01 93.61 93.95 90.09 
0 0 0 10.11 0.00000000 0.00000000 0.00 0.00 0.00 0.06 0.08 0.05 0.02 -0.01 0.00 93.43 94.35 90.05 
0 0 0 10.21 0.00000000 0.00000000 0.00 0.00 0.00 0.06 0.08 0.03 0.01 -0.01 0.01 93.29 94.24 90.06 
0 0 0 10.31 0.00000000 0.00000000 0.00 0.00 0.00 0.06 0.07 -0.02 0.02 -0.02 0.01 93.66 94.35 90.06 
0 0 0 10.41 0.00000000 0.00000000 0.00 0.00 0.00 0.06 0.07 -0.01 0.02 -0.01 0.00 93.78 94.60 90.05 
0 0 0 10.51 0.00000000 0.00000000 0.00 0.00 0.00 0.06 0.08 0.02 0.02 -0.01 0.01 93.61 94.34 90.07 
0 0 0 10.61 0.00000000 0.00000000 0.00 0.00 0.00 0.06 0.08 0.05 0.01 -0.03 0.01 93.52 94.17 90.09 
0 0 0 10.71 0.00000000 0.00000000 0.00 0.00 0.00 0.07 0.08 0.01 0.02 -0.00 0.00 94.12 94.37 90.05 
0 0 0 10.82 0.00000000 0.00000000 0.00 0.00 0.00 0.07 0.08 -0.02 0.02 -0.01 0.00 93.45 94.23 90.04 
0 0 0 10.92 0.00000000 0.00000000 0.00 0.00 0.00 0.06 0.07 -0.02 0.01 -0.01 0.01 93.57 94.55 90.06 
0 0 0 11.02 0.00000000 0.00000000 0.00 0.00 0.00 0.06 0.07 -0.01 0.01 -0.01 0.00 93.30 94.18 90.04 
0 0 0 11.12 0.00000000 0.00000000 0.00 0.00 0.00 0.06 0.07 -0.04 0.02 -0.02 0.01 93.74 94.30 90.08 
0 0 0 11.22 0.00000000 0.00000000 0.00 0.00 0.00 0.07 0.08 0.04 0.01 -0.02 0.00 93.58 94.57 90.05 
0 0 0 11.32 0.00000000 0.00000000 0.00 0.00 0.00 0.06 0.08 0.02 0.01 -0.01 0.01 93.52 93.99 90.07 
0 0 0 11.42 0.00000000 0.00000000 0.00 0.00 0.00 0.06 0.08 0.02 0.01 -0.01 0.01 93.41 94.37 90.07 
0 0 0 11.53 0.00000000 0.00000000 0.00 0.00 0.00 0.06 0.08 0.06 0.01 -0.01 0.00 93.35 94.31 90.06 
0 0 0 11.63 0.00000000 0.00000000 0.00 0.00 0.00 0.06 0.07 0.04 0.01 -0.01 0.01 93.41 94.24 90.07 
0 0 0 11.73 0.00000000 0.00000000 0.00 0.00 0.00 0.07 0.07 -0.01 0.01 -0.02 0.01 93.97 94.23 90.09 
0 0 0 11.83 0.00000000 0.00000000 0.00 0.00 0.00 0.06 0.07 -0.02 0.01 -0.01 0.01 93.57 94.26 90.06 
0 0 0 11.93 0.00000000 0.00000000 0.00 0.00 0.00 0.06 0.07 -0.88 0.02 -0.00 0.01 93.53 94.18 90.07 
0 0 0 12.03 0.00000000 0.00000000 0.00 0.00 0.00 0.06 0.07 -0.01 0.01 -0.01 0.00 93.66 94.18 90.05 
