0 0 0 2.26 0.00000000 0.00000000 0.00 0.00 0.00 0.06 0.10 0.00 0.01 -0.01 0.00 91.04 91.81 90.06 
0 0 0 2.42 0.00000000 0.00000000 0.00 0.00 0.00 0.06 0.11 -0.00 0.01 -0.01 0.00 90.97 91.81 90.04 
0 0 0 2.52 0.00000000 0.00000000 0.00 0.00 0.00 0.06 0.10 -0.01 0.02 -0.01 0.00 90.97 91.74 90.04 
0 0 0 2.62 0.00000000 0.00000000 0.00 0.00 0.00 0.06 0.10 -0.01 0.01 -0.01 0.00 90.98 91.62 90.03 
0 0 0 2.72 0.00000000 0.00000000 0.00 0.00 0.00 0.06 0.10 -0.00 0.01 -0.01 0.01 90.98 91.76 90.06 
0 0 0 2.82 0.00000000 0.00000000 0.00 0.00 0.00 0.06 0.10 -0.00 0.01 -0.01 0.00 91.04 91.68 90.04 
0 0 0 2.92 0.00000000 0.00000000 0.00 0.00 0.00 0.06 0.09 0.01 0.02 -0.02 0.00 91.09 91.60 90.03 
0 0 0 3.02 0.00000000 0.00000000 0.00 0.00 0.00 0.06 0.10 -0.00 0.02 -0.01 0.01 91.04 91.68 90.05 
0 0 0 3.12 0.00000000 0.00000000 0.00 0.00 0.00 0.06 0.09 -0.01 0.01 -0.01 0.00 90.97 91.61 90.04 
0 0 0 3.22 0.00000000 0.00000000 0.00 0.00 0.00 0.07 0.10 -0.00 0.02 -0.01 0.00 90.98 91.62 90.04 
0 0 0 3.32 0.00000000 0.00000000 0.00 0.00 0.00 0.06 0.10 0.00 0.02 -0.01 0.00 90.97 91.68 90.04 
0 0 0 3.42 0.00000000 0.00000000 0.00 0.00 0.00 0.06 0.10 -0.00 0.01 -0.02 0.00 91.04 91.68 90.05 
0 0 0 3.53 0.00000000 0.00000000 0.00 0.00 0.00 0.06 0.10 0.00 0.02 -0.01 0.00 90.98 91.76 90.03 
0 0 0 3.63 0.00000000 0.00000000 0.00 0.00 0.00 0.06 0.10 0.01 0.01 -0.01 0.00 91.05 91.76 90.03 
0 0 0 3.73 0.00000000 0.00000000 0.00 0.00 0.00 0.06 0.10 0.00 0.02 -0.01 0.01 91.10 91.67 90.06 
0 0 0 3.83 0.00000000 0.00000000 0.00 0.00 0.00 0.06 0.10 -0.01 0.01 -0.01 0.01 91.04 91.75 90.06 
0 0 0 3.93 0.00000000 0.00000000 0.00 0.00 0.00 0.06 0.10 -0.00 0.01 -0.02 0.00 91.04 91.68 90.05 
0 0 0 4.03 0.00000000 0.00000000 0.00 0.00 0.00 0.06 0.11 -0.01 0.01 -0.01 0.00 90.98 91.82 90.04 
0 0 0 4.13 0.00000000 0.00000000 0.00 0.00 0.00 0.07 0.11 0.00 0.02 -0.01 0.00 91.11 91.83 90.04 
0 0 0 4.23 0.00000000 0.00000000 0.00 0.00 0.00 0.06 0.09 0.00 0.01 -0.01 0.00 91.10 91.61 90.03 
0 0 0 4.33 0.00000000 0.00000000 0.00 0.00 0.00 0.06 0.09 0.00 0.01 -0.01 0.00 90.98 91.56 90.03 
0 0 0 4.43 0.00000000 0.00000000 0.00 0.00 0.00 0.06 0.10 -0.00 0.02 -0.01 0.00 91.05 91.63 90.02 
0 0 0 4.53 0.00000000 0.00000000 0.00 0.00 0.00 0.06 0.10 -0.01 0.01 -0.01 0.00 91.04 91.68 90.04 
0 0 0 4.64 0.00000000 0.00000000 0.00 0.00 0.00 0.06 0.10 0.00 0.01 -0.01 0.00 91.04 91.75 90.04 
0 0 0 4.74 0.00000000 0.00000000 0.00 0.00 0.00 0.06 0.09 0.01 0.01 -0.01 0.00 91.10 91.61 90.04 
0 0 0 4.84 0.00000000 0.00000000 0.00 0.00 0.00 0.06 0.10 0.01 0.02 -0.01 0.00 91.04 91.68 90.04 
0 0 0 4.94 0.00000000 0.00000000 0.00 0.00 0.00 0.05 0.10 -0.01 0.01 -0.01 0.00 90.92 91.70 90.03 
0 0 0 5.04 0.00000000 0.00000000 0.00 0.00 0.00 0.06 0.10 -0.01 0.02 -0.01 0.00 90.98 91.70 90.04 
0 0 0 5.14 0.00000000 0.00000000 0.00 0.00 0.00 0.05 0.09 -0.00 0.01 -0.01 0.00 90.91 91.61 90.04 
0 0 0 5.24 0.00000000 0.00000000 0.00 0.00 0.00 0.06 0.10 -0.01 0.02 -0.01 0.00 90.98 91.69 90.02 
0 0 0 5.34 0.00000000 0.00000000 0.00 0.00 0.00 0.06 0.10 -0.00 0.01 -0.01 0.00 90.98 91.69 90.04 
0 0 0 5.45 0.00000000 0.00000000 0.00 0.00 0.00 0.06 0.10 -0.00 0.02 -0.01 0.00 90.98 91.75 90.03 
0 0 0 5.55 0.00000000 0.00000000 0.00 0.00 0.00 0.06 0.10 0.00 0.02 -0.01 0.00 90.98 91.76 90.04 
0 0 0 5.65 0.00000000 0.00000000 0.00 0.00 0.00 0.06 0.10 -0.00 0.02 -0.01 0.00 91.03 91.66 90.03 
0 0 0 5.75 0.00000000 0.00000000 0.00 0.00 0.00 0.06 0.10 0.00 0.02 -0.01 0.00 91.03 91.74 90.02 
0 0 0 5.85 0.00000000 0.00000000 0.00 0.00 0.00 0.06 0.11 -0.01 0.01 -0.01 0.00 90.99 91.83 90.02 
0 0 0 5.95 0.00000000 0.00000000 0.00 0.00 0.00 0.06 0.10 -0.01 0.01 -0.01 0.01 90.97 91.68 90.06 
0 0 0 6.05 0.00000000 0.00000000 0.00 0.00 0.00 0.07 0.09 0.01 0.01 -0.01 0.00 91.17 91.61 90.04 
0 0 0 6.15 0.00000000 0.00000000 0.00 0.00 0.00 0.06 0.10 -0.00 0.01 -0.01 0.00 90.98 91.69 90.04 
0 0 0 6.25 0.00000000 0.00000000 0.00 0.00 0.00 0.06 0.10 -0.00 0.01 -0.01 0.00 91.10 91.67 90.01 
0 0 0 6.36 0.00000000 0.00000000 0.00 0.00 0.00 0.06 0.10 0.00 0.01 -0.01 0.00 91.04 91.75 90.04 
0 0 0 6.46 0.00000000 0.00000000 0.00 0.00 0.00 0.06 0.10 0.00 0.02 -0.00 0.00 91.04 91.76 90.02 
0 0 0 6.56 0.00000000 0.00000000 0.00 0.00 0.00 0.06 0.11 -0.00 0.01 -0.01 0.00 91.11 91.75 90.03 
0 0 0 6.66 0.00000000 0.00000000 0.00 0.00 0.00 0.06 0.10 -0.00 0.02 -0.01 0.00 90.97 91.68 90.04 
0 0 0 6.76 0.00000000 0.00000000 0.00 0.00 0.00 0.06 0.10 -0.01 0.01 -0.01 0.00 90.97 91.74 90.04 
0 0 0 6.86 0.00000000 0.00000000 0.00 0.00 0.00 0.06 0.09 0.00 0.01 -0.01 0.00 91.04 91.61 90.03 
0 0 0 6.96 0.00000000 0.00000000 0.00 0.00 0.00 0.06 0.09 -0.01 0.02 -0.01 0.00 90.97 91.61 90.03 
0 0 0 7.06 0.00000000 0.00000000 0.00 0.00 0.00 0.06 0.10 0.00 0.01 -0.01 0.00 90.98 91.69 90.04 
0 0 0 7.16 0.00000000 0.00000000 0.00 0.00 0.00 0.06 0.10 0.00 0.01 -0.02 0.00 90.98 91.63 90.04 
0 0 0 7.26 0.00000000 0.00000000 0.00 0.00 0.00 0.06 0.10 -0.00 0.01 -0.02 0.00 90.98 91.63 90.04 
0 0 0 7.37 0.00000000 0.00000000 0.00 0.00 0.00 0.05 0.10 -0.01 0.02 -0.01 0.01 91.09 91.86 90.03 
0 0 0 7.47 0.00000000 0.00000000 0.00 0.00 0.00 0.06 0.09 -0.00 0.02 -0.01 0.01 91.04 91.61 90.06 
0 0 0 7.57 0.00000000 0.00000000 0.00 0.00 0.00 0.06 0.11 -0.01 0.02 -0.01 0.00 90.96 91.84 90.03 
0 0 0 7.67 0.00000000 0.00000000 0.00 0.00 0.00 0.06 0.10 0.00 0.01 -0.01 0.00 90.98 91.63 90.03 
0 0 0 7.77 0.00000000 0.00000000 0.00 0.00 0.00 0.07 0.10 0.00 0.01 -0.01 0.00 91.11 91.69 90.04 
0 0 0 7.87 0.00000000 0.00000000 0.00 0.00 0.00 0.06 0.09 -0.00 0.01 -0.01 0.00 91.03 91.61 90.04 
0 0 0 7.97 0.00000000 0.00000000 0.00 0.00 0.00 0.06 0.10 -0.00 0.01 -0.01 0.00 90.98 91.63 90.02 
0 0 0 8.07 0.00000000 0.00000000 0.00 0.00 0.00 0.06 0.11 -0.01 0.01 -0.01 0.00 90.97 91.87 90.05 
0 0 0 8.18 0.00000000 0.00000000 0.00 0.00 0.00 0.07 0.10 0.00 0.01 -0.01 0.00 91.11 91.76 90.05 
0 0 0 8.28 0.00000000 0.00000000 0.00 0.00 0.00 0.05 0.10 -0.00 0.01 -0.01 0.01 90.91 91.68 90.06 
0 0 0 8.38 0.00000000 0.00000000 0.00 0.00 0.00 0.06 0.09 0.00 0.01 -0.01 0.00 91.04 91.61 90.04 
0 0 0 8.48 0.00000000 0.00000000 0.00 0.00 0.00 0.06 0.09 0.00 0.02 -0.01 0.00 90.98 91.75 90.05 
0 0 0 8.58 0.00000000 0.00000000 0.00 0.00 0.00 0.06 0.10 -0.01 0.01 -0.01 0.00 90.97 91.67 90.03 
0 0 0 8.68 0.00000000 0.00000000 0.00 0.00 0.00 0.06 0.09 -0.00 0.01 -0.01 0.00 90.97 91.61 90.04 
0 0 0 8.79 0.00000000 0.00000000 0.00 0.00 0.00 0.06 0.10 -0.01 0.01 -0.01 0.00 90.98 91.69 90.06 
0 0 0 8.89 0.00000000 0.00000000 0.00 0.00 0.00 0.06 0.10 0.00 0.01 -0.01 0.00 90.98 91.69 90.02 
0 0 0 8.99 0.00000000 0.00000000 0.00 0.00 0.00 0.06 0.10 2.85 0.01 -0.01 0.01 90.97 91.68 90.04 
0 0 0 9.09 0.00000000 0.00000000 0.00 0.00 0.00 0.07 0.10 0.00 0.01 -0.01 0.00 91.17 91.68 90.02 
0 0 0 9.19 0.00000000 0.00000000 0.00 0.00 0.00 0.06 0.09 -0.01 0.01 -0.01 0.00 90.97 91.61 90.04 
0 0 0 9.29 0.00000000 0.00000000 0.00 0.00 0.00 0.06 0.11 -0.00 0.02 -0.01 0.00 91.04 91.82 90.03 
0 0 0 9.40 0.00000000 0.00000000 0.00 0.00 0.00 0.06 0.11 -0.01 0.01 -0.01 0.00 90.98 91.56 90.03 
0 0 0 9.50 0.00000000 0.00000000 0.00 0.00 0.00 0.06 0.09 -0.00 0.02 -0.01 0.00 90.98 91.75 90.04 
0 0 0 9.60 0.00000000 0.00000000 0.00 0.00 0.00 0.06 0.11 0.00 0.01 -0.01 0.00 91.04 91.81 90.03 
0 0 0 9.70 0.00000000 0.00000000 0.00 0.00 0.00 0.06 0.10 0.00 0.01 -0.01 0.00 91.04 91.68 90.03 
0 0 0 9.80 0.00000000 0.00000000 0.00 0.00 0.00 0.06 0.10 -0.00 0.02 -0.01 0.01 90.97 91.74 90.06 
0 0 0 9.90 0.00000000 0.00000000 0.00 0.00 0.00 0.06 0.10 0.00 0.01 -0.01 0.00 90.98 91.69 90.05 
0 0 0 10.01 0.00000000 0.00000000 0.00 0.00 0.00 0.06 0.10 0.00 0.02 -0.01 0.00 91.05 91.70 90.03 
0 0 0 10.11 0.00000000 0.00000000 0.00 0.00 0.00 0.06 0.10 -0.00 0.02 -0.01 0.00 91.04 91.62 90.04 
0 0 0 10.21 0.00000000 0.00000000 0.00 0.00 0.00 0.06 0.10 -0.01 0.02 -0.01 0.00 90.98 91.76 90.04 
0 0 0 10.31 0.00000000 0.00000000 0.00 0.00 0.00 0.06 0.10 -0.00 0.01 -0.01 0.00 91.04 91.74 90.03 
0 0 0 10.41 0.00000000 0.00000000 0.00 0.00 0.00 0.07 0.10 0.00 0.01 -0.01 0.01 91.11 91.76 90.05 
0 0 0 10.51 0.00000000 0.00000000 0.00 0.00 0.00 0.06 0.10 -0.00 0.02 -0.01 0.00 91.03 91.67 90.01 
0 0 0 10.61 0.00000000 0.00000000 0.00 0.00 0.00 0.06 0.09 0.00 0.01 -0.01 0.00 91.04 91.74 90.03 
0 0 0 10.71 0.00000000 0.00000000 0.00 0.00 0.00 0.07 0.10 0.00 0.01 -0.01 0.00 91.11 91.62 90.04 
0 0 0 10.81 0.00000000 0.00000000 0.00 0.00 0.00 0.06 0.10 0.00 0.02 -0.01 0.00 91.04 91.61 90.03 
0 0 0 10.92 0.00000000 0.00000000 0.00 0.00 0.00 0.06 0.10 0.00 0.01 -0.01 0.01 91.04 91.75 90.05 
0 0 0 11.02 0.00000000 0.00000000 0.00 0.00 0.00 0.06 0.09 -0.00 0.02 -0.01 0.00 91.04 91.74 90.03 
0 0 0 11.12 0.00000000 0.00000000 0.00 0.00 0.00 0.06 0.10 -0.00 0.01 -0.01 0.00 90.98 91.69 90.03 
0 0 0 11.22 0.00000000 0.00000000 0.00 0.00 0.00 0.06 0.10 -0.00 0.02 -0.01 0.01 90.97 91.74 90.05 
0 0 0 11.32 0.00000000 0.00000000 0.00 0.00 0.00 0.06 0.10 0.00 0.01 -0.02 0.00 90.98 91.70 90.03 
0 0 0 11.43 0.00000000 0.00000000 0.00 0.00 0.00 0.06 0.10 -0.01 0.01 -0.01 0.00 91.04 91.68 90.02 
0 0 0 11.53 0.00000000 0.00000000 0.00 0.00 0.00 0.06 0.10 -0.00 0.01 -0.01 0.00 90.98 91.63 90.02 
0 0 0 11.63 0.00000000 0.00000000 0.00 0.00 0.00 0.06 0.09 -0.00 0.01 -0.01 0.01 91.03 91.79 90.05 
0 0 0 11.73 0.00000000 0.00000000 0.00 0.00 0.00 0.06 0.10 -0.00 0.02 -0.01 0.00 91.04 91.75 90.05 
0 0 0 11.83 0.00000000 0.00000000 0.00 0.00 0.00 0.06 0.09 0.00 0.01 -0.01 0.00 90.97 91.61 90.05 
0 0 0 11.94 0.00000000 0.00000000 0.00 0.00 0.00 0.06 0.10 -0.00 0.01 -0.01 0.00 90.97 91.55 90.04 
0 0 0 12.04 0.00000000 0.00000000 0.00 0.00 0.00 0.07 0.10 0.00 0.02 -0.01 0.00 91.11 91.62 90.02 
0 0 0 12.14 0.00000000 0.00000000 0.00 0.00 0.00 0.06 0.11 -0.00 0.01 -0.01 0.00 90.97 91.81 90.04 
0 0 0 12.24 0.00000000 0.00000000 0.00 0.00 0.00 0.06 0.11 -0.00 0.01 -0.01 0.00 91.10 91.93 90.02 
0 0 0 12.34 0.00000000 0.00000000 0.00 0.00 0.00 0.06 0.10 -0.00 0.01 -0.01 0.00 90.98 91.76 90.03 
0 0 0 12.44 0.00000000 0.00000000 0.00 0.00 0.00 0.06 0.10 0.00 0.01 -0.01 0.00 91.03 91.67 90.04 
0 0 0 12.54 0.00000000 0.00000000 0.00 0.00 0.00 0.06 0.10 0.00 0.01 -0.01 0.00 91.04 91.68 90.02 
0 0 0 12.64 0.00000000 0.00000000 0.00 0.00 0.00 0.07 0.10 0.00 0.01 -0.01 0.00 91.11 91.68 90.03 
0 0 0 12.74 0.00000000 0.00000000 0.00 0.00 0.00 0.06 0.10 -0.01 0.01 -0.01 0.00 90.98 91.69 90.02 
0 0 0 12.85 0.00000000 0.00000000 0.00 0.00 0.00 0.06 0.11 -0.00 0.02 -0.01 0.00 90.91 91.61 90.05 
0 0 0 12.95 0.00000000 0.00000000 0.00 0.00 0.00 0.06 0.10 -0.00 0.01 -0.01 0.00 91.03 91.73 90.06 
0 0 0 13.05 0.00000000 0.00000000 0.00 0.00 0.00 0.06 0.11 -0.00 0.01 -0.01 0.00 91.03 91.80 90.05 
0 0 0 13.15 0.00000000 0.00000000 0.00 0.00 0.00 0.07 0.10 0.00 0.01 -0.02 0.00 91.18 91.70 90.02 
0 0 0 13.25 0.00000000 0.00000000 0.00 0.00 0.00 0.06 0.10 0.00 0.02 -0.01 0.00 91.04 91.69 90.03 
0 0 0 13.35 0.00000000 0.00000000 0.00 0.00 0.00 0.06 0.10 -0.00 0.02 -0.01 0.00 91.04 91.68 90.04 
0 0 0 13.45 0.00000000 0.00000000 0.00 0.00 0.00 0.06 0.10 -0.01 0.01 -0.01 0.00 90.97 91.68 90.04 
0 0 0 13.56 0.00000000 0.00000000 0.00 0.00 0.00 0.06 0.10 -0.00 0.01 -0.01 0.00 91.05 91.77 90.05 
0 0 0 13.66 0.00000000 0.00000000 0.00 0.00 0.00 0.06 0.11 -0.01 0.01 -0.01 0.00 90.96 91.79 90.02 
0 0 0 13.76 0.00000000 0.00000000 0.00 0.00 0.00 0.06 0.10 0.01 0.02 -0.01 0.00 91.04 91.63 90.03 
0 0 0 13.86 0.00000000 0.00000000 0.00 0.00 0.00 0.06 0.10 -0.00 0.02 -0.00 0.00 90.98 91.70 90.04 
0 0 0 13.96 0.00000000 0.00000000 0.00 0.00 0.00 0.05 0.10 -0.01 0.01 -0.01 0.00 90.92 91.76 90.01 
0 0 0 14.07 0.00000000 0.00000000 0.00 0.00 0.00 0.06 0.10 -0.00 0.01 -0.00 0.00 91.04 91.68 90.05 
0 0 0 14.17 0.00000000 0.00000000 0.00 0.00 0.00 0.06 0.10 -0.01 0.02 -0.01 0.00 90.97 91.74 90.03 
0 0 0 14.27 0.00000000 0.00000000 0.00 0.00 0.00 0.07 0.10 0.01 0.02 -0.01 0.00 91.04 91.68 90.05 
0 0 0 14.38 0.00000000 0.00000000 0.00 0.00 0.00 0.05 0.10 -0.01 0.01 -0.01 0.01 90.91 91.68 90.06 
0 0 0 14.48 0.00000000 0.00000000 0.00 0.00 0.00 0.06 0.10 0.00 0.01 -0.01 0.01 91.04 91.62 90.05 
0 0 0 14.58 0.00000000 0.00000000 0.00 0.00 0.00 0.06 0.10 -0.00 0.01 -0.01 0.00 90.98 91.81 90.02 
0 0 0 14.68 0.00000000 0.00000000 0.00 0.00 0.00 0.06 0.10 0.00 0.01 -0.01 0.00 91.10 91.68 90.04 
0 0 0 14.78 0.00000000 0.00000000 0.00 0.00 0.00 0.06 0.10 -0.00 0.02 -0.01 0.00 90.98 91.69 90.04 
0 0 0 14.89 0.00000000 0.00000000 0.00 0.00 0.00 0.06 0.10 0.00 0.01 -0.01 0.01 91.04 91.76 90.04 
0 0 0 14.99 0.00000000 0.00000000 0.00 0.00 0.00 0.06 0.10 0.01 0.01 -0.01 0.00 91.04 91.81 90.05 
0 0 0 15.09 0.00000000 0.00000000 0.00 0.00 0.00 0.06 0.10 -0.01 0.01 -0.01 0.00 90.97 91.74 90.03 
0 0 0 15.19 0.00000000 0.00000000 0.00 0.00 0.00 0.05 0.10 -0.01 0.01 -0.01 0.00 90.91 91.74 90.04 
0 0 0 15.29 0.00000000 0.00000000 0.00 0.00 0.00 0.06 0.10 0.00 0.02 -0.01 0.00 91.03 91.74 90.02 
0 0 0 15.39 0.00000000 0.00000000 0.00 0.00 0.00 0.06 0.09 -0.00 0.01 -0.01 0.00 91.03 91.61 90.04 
0 0 0 15.49 0.00000000 0.00000000 0.00 0.00 0.00 0.06 0.11 -0.01 0.01 -0.02 0.01 90.97 91.81 90.05 
0 0 0 15.59 0.00000000 0.00000000 0.00 0.00 0.00 0.06 0.10 0.00 0.02 -0.01 0.00 90.97 91.68 90.03 
0 0 0 15.69 0.00000000 0.00000000 0.00 0.00 0.00 0.05 0.10 -0.00 0.02 -0.01 0.00 90.91 91.69 90.04 
0 0 0 15.80 0.00000000 0.00000000 0.00 0.00 0.00 0.06 0.10 -0.01 0.01 -0.01 0.00 90.97 91.68 90.03 
0 0 0 15.90 0.00000000 0.00000000 0.00 0.00 0.00 0.06 0.10 -0.01 0.01 -0.01 0.00 91.04 91.62 90.02 
0 0 0 16.00 0.00000000 0.00000000 0.00 0.00 0.00 0.07 0.10 0.00 0.01 -0.01 0.01 91.11 91.68 90.06 
0 0 0 16.10 0.00000000 0.00000000 0.00 0.00 0.00 0.06 0.10 -0.00 0.01 -0.01 0.00 91.16 91.67 90.04 
0 0 0 16.20 0.00000000 0.00000000 0.00 0.00 0.00 0.06 0.10 0.00 0.02 -0.01 0.00 91.10 91.68 90.01 
0 0 0 16.30 0.00000000 0.00000000 0.00 0.00 0.00 0.07 0.10 0.00 0.01 -0.01 0.00 91.11 91.68 90.04 
0 0 0 16.41 0.00000000 0.00000000 0.00 0.00 0.00 0.06 0.10 -0.01 0.02 -0.00 0.00 91.11 91.75 90.04 
0 0 0 16.51 0.00000000 0.00000000 0.00 0.00 0.00 0.06 0.10 -0.00 0.02 -0.01 0.00 91.10 91.74 90.04 
0 0 0 16.61 0.00000000 0.00000000 0.00 0.00 0.00 0.06 0.11 -0.00 0.01 -0.01 0.00 90.98 91.69 90.02 
0 0 0 16.71 0.00000000 0.00000000 0.00 0.00 0.00 0.06 0.11 0.00 0.01 -0.02 0.00 90.97 91.80 90.05 
0 0 0 16.81 0.00000000 0.00000000 0.00 0.00 0.00 0.07 0.10 0.01 0.02 -0.01 0.00 91.11 91.62 90.03 
0 0 0 16.91 0.00000000 0.00000000 0.00 0.00 0.00 0.07 0.10 0.01 0.02 -0.01 0.00 90.98 91.69 90.02 
0 0 0 17.01 0.00000000 0.00000000 0.00 0.00 0.00 0.06 0.09 -0.00 0.01 -0.01 0.00 91.11 91.62 90.04 
0 0 0 17.11 0.00000000 0.00000000 0.00 0.00 0.00 0.06 0.09 -0.01 0.01 -0.01 0.01 90.97 91.61 90.08 
0 0 0 17.22 0.00000000 0.00000000 0.00 0.00 0.00 0.06 0.10 -0.00 0.02 -0.01 0.01 91.11 91.63 90.03 
0 0 0 17.32 0.00000000 0.00000000 0.00 0.00 0.00 0.06 0.10 0.00 0.01 -0.01 0.01 91.04 91.76 90.06 
0 0 0 17.42 0.00000000 0.00000000 0.00 0.00 0.00 0.07 0.10 0.01 0.02 -0.01 0.00 91.04 91.61 90.02 
0 0 0 17.52 0.00000000 0.00000000 0.00 0.00 0.00 0.06 0.10 -0.00 0.02 -0.01 0.01 90.98 91.63 90.05 
0 0 0 17.62 0.00000000 0.00000000 0.00 0.00 0.00 0.06 0.09 -0.00 0.02 -0.01 0.01 90.97 91.61 90.05 
0 0 0 17.73 0.00000000 0.00000000 0.00 0.00 0.00 0.06 0.11 -0.01 0.02 -0.01 0.00 91.04 91.62 90.05 
0 0 0 17.83 0.00000000 0.00000000 0.00 0.00 0.00 0.06 0.10 0.00 0.02 -0.01 0.00 91.10 91.61 90.05 
0 0 0 17.93 0.00000000 0.00000000 0.00 0.00 0.00 0.06 0.10 -0.00 0.01 -0.01 0.00 90.98 91.70 90.04 
0 0 0 18.03 0.00000000 0.00000000 0.00 0.00 0.00 0.06 0.10 -0.00 0.02 -0.01 0.00 91.04 91.76 90.03 
0 0 0 18.13 0.00000000 0.00000000 0.00 0.00 0.00 0.06 0.10 -0.00 0.01 -0.01 0.00 91.04 91.68 90.05 
0 0 0 18.23 0.00000000 0.00000000 0.00 0.00 0.00 0.05 0.10 -0.01 0.01 -0.01 0.00 90.91 91.75 90.04 
0 0 0 18.33 0.00000000 0.00000000 0.00 0.00 0.00 0.06 0.10 -0.00 0.01 -0.01 0.01 90.98 91.62 90.03 
0 0 0 18.43 0.00000000 0.00000000 0.00 0.00 0.00 0.06 0.10 -0.00 0.01 -0.01 0.00 90.97 91.74 90.02 
0 0 0 18.54 0.00000000 0.00000000 0.00 0.00 0.00 0.06 0.09 0.00 0.01 -0.01 0.00 91.04 91.68 90.06 
0 0 0 18.64 0.00000000 0.00000000 0.00 0.00 0.00 0.06 0.10 0.00 0.02 -0.01 0.00 91.11 91.63 90.04 
0 0 0 18.74 0.00000000 0.00000000 0.00 0.00 0.00 0.06 0.11 -0.01 0.01 -0.01 0.00 91.04 91.88 90.05 
0 0 0 18.84 0.00000000 0.00000000 0.00 0.00 0.00 0.07 0.10 0.00 0.01 -0.00 0.00 91.04 91.69 90.04 
0 0 0 18.94 0.00000000 0.00000000 0.00 0.00 0.00 0.06 0.09 0.00 0.02 -0.01 0.00 91.03 91.61 90.03 
0 0 0 19.04 0.00000000 0.00000000 0.00 0.00 0.00 0.06 0.10 -0.01 0.01 -0.01 0.00 90.91 91.69 90.05 
0 0 0 19.14 0.00000000 0.00000000 0.00 0.00 0.00 0.06 0.10 -0.00 0.01 -0.01 0.01 90.98 91.76 90.05 
0 0 0 19.25 0.00000000 0.00000000 0.00 0.00 0.00 0.06 0.10 -0.00 0.01 -0.01 0.00 91.03 91.74 90.04 
0 0 0 19.35 0.00000000 0.00000000 0.00 0.00 0.00 0.06 0.10 0.00 0.02 -0.01 0.00 90.98 91.62 90.04 
0 0 0 19.45 0.00000000 0.00000000 0.00 0.00 0.00 0.06 0.10 -0.00 0.01 -0.01 0.00 90.98 91.69 90.04 
0 0 0 19.55 0.00000000 0.00000000 0.00 0.00 0.00 0.06 0.10 0.00 0.01 -0.01 0.00 90.97 91.74 90.02 
0 0 0 19.65 0.00000000 0.00000000 0.00 0.00 0.00 0.07 0.10 0.01 0.02 -0.01 0.00 91.19 91.59 90.05 
0 0 0 19.75 0.00000000 0.00000000 0.00 0.00 0.00 0.06 0.10 -0.00 0.01 -0.01 0.00 90.98 91.75 90.03 
0 0 0 19.85 0.00000000 0.00000000 0.00 0.00 0.00 0.06 0.09 0.00 0.02 -0.01 0.00 91.03 91.61 90.03 
0 0 0 19.95 0.00000000 0.00000000 0.00 0.00 0.00 0.06 0.10 -0.00 0.01 -0.01 0.00 91.11 91.88 90.05 
0 0 0 20.06 0.00000000 0.00000000 0.00 0.00 0.00 0.06 0.10 -0.01 0.01 -0.01 0.00 91.16 91.74 90.05 
0 0 0 20.16 0.00000000 0.00000000 0.00 0.00 0.00 0.06 0.10 -0.00 0.02 -0.01 0.00 90.98 91.76 90.02 
0 0 0 20.26 0.00000000 0.00000000 0.00 0.00 0.00 0.06 0.09 -0.00 0.02 -0.01 0.00 90.97 91.61 90.05 
0 0 0 20.36 0.00000000 0.00000000 0.00 0.00 0.00 0.07 0.10 0.01 0.01 -0.01 0.00 91.24 91.68 90.02 
0 0 0 20.46 0.00000000 0.00000000 0.00 0.00 0.00 0.05 0.10 -0.01 0.02 -0.01 0.01 90.91 91.68 90.05 
0 0 0 20.57 0.00000000 0.00000000 0.00 0.00 0.00 0.05 0.10 -0.01 0.01 -0.01 0.00 90.84 91.81 90.04 
0 0 0 20.67 0.00000000 0.00000000 0.00 0.00 0.00 0.06 0.10 -0.00 0.01 -0.01 0.00 90.98 91.69 90.04 
0 0 0 20.77 0.00000000 0.00000000 0.00 0.00 0.00 0.06 0.09 -0.00 0.01 -0.01 0.01 91.04 91.68 90.03 
0 0 0 20.87 0.00000000 0.00000000 0.00 0.00 0.00 0.06 0.11 -0.00 0.02 -0.01 0.00 91.04 91.62 90.05 
0 0 0 20.98 0.00000000 0.00000000 0.00 0.00 0.00 0.06 0.10 0.01 0.01 -0.01 0.00 91.05 91.76 90.02 
0 0 0 21.08 0.00000000 0.00000000 0.00 0.00 0.00 0.05 0.10 -0.01 0.02 -0.01 0.00 90.91 91.69 90.04 
0 0 0 21.18 0.00000000 0.00000000 0.00 0.00 0.00 0.06 0.10 -0.01 0.01 -0.01 0.01 90.98 91.69 90.06 
0 0 0 21.28 0.00000000 0.00000000 0.00 0.00 0.00 0.05 0.10 -0.00 0.02 -0.01 0.00 90.91 91.69 90.04 
0 0 0 21.38 0.00000000 0.00000000 0.00 0.00 0.00 0.07 0.10 0.01 0.01 -0.01 0.01 91.11 91.75 90.05 
0 0 0 21.48 0.00000000 0.00000000 0.00 0.00 0.00 0.06 0.09 0.01 0.01 -0.01 0.00 91.10 91.61 90.03 
0 0 0 21.58 0.00000000 0.00000000 0.00 0.00 0.00 0.06 0.10 0.00 0.02 -0.01 0.00 90.98 91.63 90.02 
0 0 0 21.68 0.00000000 0.00000000 0.00 0.00 0.00 0.06 0.10 0.00 0.02 -0.01 0.00 91.04 91.62 90.03 
0 0 0 21.78 0.00000000 0.00000000 0.00 0.00 0.00 0.06 0.11 -0.00 0.02 -0.01 0.01 90.96 91.54 90.04 
0 0 0 21.89 0.00000000 0.00000000 0.00 0.00 0.00 0.06 0.09 2.85 0.02 -0.01 0.00 90.97 91.74 90.02 
0 0 0 21.99 0.00000000 0.00000000 0.00 0.00 0.00 0.06 0.09 0.01 0.02 -0.01 0.00 90.91 91.62 90.02 
0 0 0 22.09 0.00000000 0.00000000 0.00 0.00 0.00 0.06 0.10 0.00 0.01 -0.01 0.00 91.04 91.74 90.04 
0 0 0 22.19 0.00000000 0.00000000 0.00 0.00 0.00 0.06 0.10 0.00 0.02 -0.01 0.00 91.04 91.63 90.04 
0 0 0 22.29 0.00000000 0.00000000 0.00 0.00 0.00 0.06 0.10 -0.01 0.01 -0.01 0.00 90.98 91.75 90.03 
0 0 0 22.39 0.00000000 0.00000000 0.00 0.00 0.00 0.06 0.10 -0.00 0.02 -0.01 0.00 90.98 91.69 90.03 
0 0 0 22.50 0.00000000 0.00000000 0.00 0.00 0.00 0.06 0.10 -0.01 0.01 -0.01 0.01 90.98 91.69 90.05 
0 0 0 22.60 0.00000000 0.00000000 0.00 0.00 0.00 0.07 0.10 0.01 0.02 -0.01 0.00 91.11 91.75 90.03 
0 0 0 22.70 0.00000000 0.00000000 0.00 0.00 0.00 0.06 0.10 -0.00 0.01 -0.01 0.00 91.04 91.76 90.04 
0 0 0 22.80 0.00000000 0.00000000 0.00 0.00 0.00 0.06 0.10 0.00 0.02 -0.01 0.00 90.97 91.74 90.02 
0 0 0 22.90 0.00000000 0.00000000 0.00 0.00 0.00 0.06 0.10 -0.01 0.01 -0.02 0.01 90.98 91.69 90.05 
0 0 0 23.00 0.00000000 0.00000000 0.00 0.00 0.00 0.06 0.10 0.00 0.01 -0.01 0.00 91.03 91.67 90.04 
0 0 0 23.10 0.00000000 0.00000000 0.00 0.00 0.00 0.07 0.10 -0.00 0.01 -0.01 0.00 90.97 91.67 90.04 
0 0 0 23.20 0.00000000 0.00000000 0.00 0.00 0.00 0.06 0.10 0.00 0.01 -0.01 0.00 91.04 91.68 90.05 
0 0 0 23.30 0.00000000 0.00000000 0.00 0.00 0.00 0.06 0.10 0.00 0.02 -0.01 0.01 91.10 91.68 90.05 
0 0 0 23.41 0.00000000 0.00000000 0.00 0.00 0.00 0.05 0.10 -0.01 0.01 -0.01 0.00 91.04 91.81 90.04 
0 0 0 23.51 0.00000000 0.00000000 0.00 0.00 0.00 0.05 0.10 -0.01 0.02 -0.01 0.00 90.91 91.75 90.04 
0 0 0 23.61 0.00000000 0.00000000 0.00 0.00 0.00 0.06 0.09 0.00 0.02 -0.01 0.00 91.04 91.68 90.03 
0 0 0 23.72 0.00000000 0.00000000 0.00 0.00 0.00 0.06 0.10 -0.00 0.01 -0.01 0.00 91.12 91.70 90.05 
0 0 0 23.82 0.00000000 0.00000000 0.00 0.00 0.00 0.06 0.09 -0.00 0.02 -0.01 0.00 90.98 91.57 90.04 
0 0 0 23.92 0.00000000 0.00000000 0.00 0.00 0.00 0.06 0.10 -0.00 0.01 -0.00 0.00 90.84 91.55 90.04 
0 0 0 24.02 0.00000000 0.00000000 0.00 0.00 0.00 0.05 0.10 -0.00 0.01 -0.01 0.00 90.90 91.74 90.03 
0 0 0 24.12 0.00000000 0.00000000 0.00 0.00 0.00 0.06 0.10 -0.00 0.02 -0.01 0.01 90.98 91.62 90.05 
0 0 0 24.22 0.00000000 0.00000000 0.00 0.00 0.00 0.05 0.10 -0.00 0.02 -0.01 0.01 91.04 91.62 90.05 
0 0 0 24.32 0.00000000 0.00000000 0.00 0.00 0.00 0.06 0.10 0.00 0.01 -0.01 0.01 91.04 91.68 90.06 
0 0 0 24.43 0.00000000 0.00000000 0.00 0.00 0.00 0.06 0.11 0.00 0.01 -0.01 0.01 91.04 91.68 90.04 
0 0 0 24.53 0.00000000 0.00000000 0.00 0.00 0.00 0.06 0.10 0.00 0.02 -0.01 0.00 91.04 91.82 90.03 
0 0 0 24.64 0.00000000 0.00000000 0.00 0.00 0.00 0.07 0.09 0.00 0.01 -0.01 0.00 90.96 91.67 90.04 
0 0 0 24.74 0.00000000 0.00000000 0.00 0.00 0.00 0.05 0.10 -0.00 0.02 -0.01 0.00 90.91 91.63 90.03 
0 0 0 24.84 0.00000000 0.00000000 0.00 0.00 0.00 0.06 0.09 -0.00 0.02 -0.01 0.00 90.97 91.54 90.03 
0 0 0 24.94 0.00000000 0.00000000 0.00 0.00 0.00 0.06 0.10 0.00 0.01 -0.01 0.00 90.98 91.75 90.03 
0 0 0 25.04 0.00000000 0.00000000 0.00 0.00 0.00 0.07 0.10 0.01 0.01 -0.01 0.00 91.11 91.68 90.04 
0 0 0 25.14 0.00000000 0.00000000 0.00 0.00 0.00 0.06 0.10 -0.00 0.01 -0.01 0.00 90.97 91.68 90.03 
0 0 0 25.24 0.00000000 0.00000000 0.00 0.00 0.00 0.06 0.10 0.00 0.01 -0.01 0.00 91.03 91.73 90.04 
0 0 0 25.34 0.00000000 0.00000000 0.00 0.00 0.00 0.06 0.10 -0.00 0.02 -0.01 0.00 91.04 91.69 90.04 
0 0 0 25.45 0.00000000 0.00000000 0.00 0.00 0.00 0.06 0.10 0.00 0.01 -0.01 0.00 90.97 91.67 90.03 
0 0 0 25.55 0.00000000 0.00000000 0.00 0.00 0.00 0.06 0.10 0.00 0.01 -0.01 0.00 91.04 91.62 90.05 
0 0 0 25.66 0.00000000 0.00000000 0.00 0.00 0.00 0.06 0.11 -0.00 0.01 -0.01 0.00 90.85 91.76 90.02 
0 0 0 25.76 0.00000000 0.00000000 0.00 0.00 0.00 0.05 0.10 -0.00 0.01 -0.01 0.00 90.98 91.69 90.05 
0 0 0 25.86 0.00000000 0.00000000 0.00 0.00 0.00 0.06 0.10 0.00 0.01 -0.01 0.00 91.10 91.74 90.04 
0 0 0 25.96 0.00000000 0.00000000 0.00 0.00 0.00 0.06 0.10 -0.00 0.01 -0.01 0.01 91.03 91.74 90.06 
0 0 0 26.06 0.00000000 0.00000000 0.00 0.00 0.00 0.06 0.10 -0.00 0.01 -0.01 0.01 90.98 91.75 90.05 
0 0 0 26.16 0.00000000 0.00000000 0.00 0.00 0.00 0.06 0.10 0.00 0.01 -0.01 0.00 91.03 91.73 90.05 
0 0 0 26.26 0.00000000 0.00000000 0.00 0.00 0.00 0.05 0.10 -0.00 0.02 -0.01 0.00 91.11 91.75 90.02 
0 0 0 26.37 0.00000000 0.00000000 0.00 0.00 0.00 0.06 0.10 0.00 0.02 -0.01 0.00 91.04 91.63 90.05 
0 0 0 26.47 0.00000000 0.00000000 0.00 0.00 0.00 0.06 0.10 0.00 0.01 -0.01 0.00 91.04 91.68 90.04 
0 0 0 26.57 0.00000000 0.00000000 0.00 0.00 0.00 0.08 0.10 0.02 0.02 -0.01 0.00 91.30 91.75 90.03 
0 0 0 26.67 0.00000000 0.00000000 0.00 0.00 0.00 0.06 0.10 0.00 0.01 -0.01 0.00 91.04 91.68 90.03 
0 0 0 26.77 0.00000000 0.00000000 0.00 0.00 0.00 0.06 0.11 0.00 0.01 -0.01 0.01 90.98 91.69 90.05 
0 0 0 26.87 0.00000000 0.00000000 0.00 0.00 0.00 0.05 0.09 0.00 0.01 -0.01 0.01 90.91 91.74 90.05 
0 0 0 26.97 0.00000000 0.00000000 0.00 0.00 0.00 0.06 0.10 -0.00 0.02 -0.01 0.00 90.98 91.70 90.05 
0 0 0 27.07 0.00000000 0.00000000 0.00 0.00 0.00 0.06 0.09 0.01 0.01 -0.01 0.00 91.10 91.61 90.02 
0 0 0 27.18 0.00000000 0.00000000 0.00 0.00 0.00 0.06 0.11 0.00 0.02 -0.01 0.00 91.04 91.81 90.03 
0 0 0 27.28 0.00000000 0.00000000 0.00 0.00 0.00 0.06 0.10 0.00 0.01 -0.01 0.00 90.97 91.68 90.03 
0 0 0 27.38 0.00000000 0.00000000 0.00 0.00 0.00 0.07 0.10 0.00 0.02 -0.01 0.00 91.11 91.62 90.02 
0 0 0 27.48 0.00000000 0.00000000 0.00 0.00 0.00 0.05 0.10 0.00 0.01 -0.01 0.00 90.91 91.62 90.04 
0 0 0 27.58 0.00000000 0.00000000 0.00 0.00 0.00 0.06 0.10 -0.00 0.01 -0.01 0.01 90.98 91.75 90.06 
0 0 0 27.68 0.00000000 0.00000000 0.00 0.00 0.00 0.06 0.10 -0.00 0.02 -0.01 0.00 90.97 91.68 90.02 
0 0 0 27.78 0.00000000 0.00000000 0.00 0.00 0.00 0.06 0.10 -0.00 0.02 -0.01 0.00 91.04 91.74 90.04 
0 0 0 27.88 0.00000000 0.00000000 0.00 0.00 0.00 0.05 0.10 -0.00 0.02 -0.01 0.01 90.97 91.68 90.04 
0 0 0 27.98 0.00000000 0.00000000 0.00 0.00 0.00 0.06 0.10 -0.01 0.01 -0.01 0.00 90.97 91.68 90.05 
0 0 0 28.08 0.00000000 0.00000000 0.00 0.00 0.00 0.06 0.10 0.01 0.01 -0.01 0.00 91.05 91.70 90.02 
0 0 0 28.18 0.00000000 0.00000000 0.00 0.00 0.00 0.06 0.10 0.00 0.01 -0.01 0.00 91.04 91.62 90.03 
0 0 0 28.29 0.00000000 0.00000000 0.00 0.00 0.00 0.06 0.10 -0.00 0.01 -0.01 0.00 91.04 91.63 90.03 
0 0 0 28.39 0.00000000 0.00000000 0.00 0.00 0.00 0.06 0.11 -0.00 0.01 -0.01 0.01 91.05 91.70 90.04 
0 0 0 28.49 0.00000000 0.00000000 0.00 0.00 0.00 0.06 0.10 0.00 0.02 -0.01 0.00 91.04 91.68 90.03 
0 0 0 28.59 0.00000000 0.00000000 0.00 0.00 0.00 0.06 0.10 0.00 0.02 -0.01 0.01 90.98 91.69 90.07 
0 0 0 28.69 0.00000000 0.00000000 0.00 0.00 0.00 0.06 0.10 -0.00 0.01 -0.01 0.00 91.04 91.68 90.03 
0 0 0 28.79 0.00000000 0.00000000 0.00 0.00 0.00 0.05 0.09 -0.00 0.02 -0.01 0.00 90.91 91.61 90.03 
0 0 0 28.89 0.00000000 0.00000000 0.00 0.00 0.00 0.06 0.10 0.00 0.01 -0.01 0.01 90.97 91.67 90.05 
0 0 0 29.00 0.00000000 0.00000000 0.00 0.00 0.00 0.06 0.10 -0.00 0.01 -0.01 0.00 90.98 91.69 90.04 
0 0 0 29.10 0.00000000 0.00000000 0.00 0.00 0.00 0.06 0.10 0.00 0.02 -0.00 0.00 90.97 91.67 90.05 
0 0 0 29.20 0.00000000 0.00000000 0.00 0.00 0.00 0.06 0.10 0.01 0.02 -0.01 0.00 90.91 91.63 90.07 
0 0 0 29.31 0.00000000 0.00000000 0.00 0.00 0.00 0.06 0.10 0.01 0.01 -0.01 0.00 90.98 91.81 90.05 
0 0 0 29.41 0.00000000 0.00000000 0.00 0.00 0.00 0.06 0.10 0.01 0.02 -0.01 0.00 90.98 91.82 90.04 
0 0 0 29.51 0.00000000 0.00000000 0.00 0.00 0.00 0.06 0.10 0.00 0.02 -0.01 0.00 91.16 91.73 90.05 
0 0 0 29.61 0.00000000 0.00000000 0.00 0.00 0.00 0.07 0.10 0.00 0.01 -0.01 0.00 91.15 91.78 90.04 
0 0 0 29.71 0.00000000 0.00000000 0.00 0.00 0.00 0.06 0.10 0.00 0.02 -0.02 0.00 90.98 91.75 90.03 
0 0 0 29.81 0.00000000 0.00000000 0.00 0.00 0.00 0.06 0.10 0.00 0.01 -0.01 0.00 91.03 91.67 90.04 
0 0 0 29.92 0.00000000 0.00000000 0.00 0.00 0.00 0.06 0.10 -0.00 0.02 -0.01 0.00 90.98 91.69 90.03 
0 0 0 30.02 0.00000000 0.00000000 0.00 0.00 0.00 0.06 0.09 0.00 0.01 -0.01 0.01 90.92 91.63 90.05 
0 0 0 30.12 0.00000000 0.00000000 0.00 0.00 0.00 0.06 0.10 0.00 0.02 -0.01 0.00 90.98 91.76 90.04 
0 0 0 30.22 0.00000000 0.00000000 0.00 0.00 0.00 0.05 0.10 -0.00 0.02 -0.01 0.00 90.90 91.74 90.03 
0 0 0 30.32 0.00000000 0.00000000 0.00 0.00 0.00 0.06 0.11 -0.00 0.02 -0.01 0.01 90.97 91.80 90.05 
0 0 0 30.42 0.00000000 0.00000000 0.00 0.00 0.00 0.07 0.10 0.01 0.01 -0.01 0.01 91.11 91.62 90.05 
0 0 0 30.52 0.00000000 0.00000000 0.00 0.00 0.00 0.06 0.10 0.00 0.01 -0.01 0.01 90.98 91.76 90.05 
0 0 0 30.62 0.00000000 0.00000000 0.00 0.00 0.00 0.07 0.10 0.01 0.02 -0.01 0.00 91.11 91.70 90.04 
0 0 0 30.72 0.00000000 0.00000000 0.00 0.00 0.00 0.06 0.10 -0.00 0.01 -0.01 0.00 90.97 91.67 90.02 
0 0 0 30.82 0.00000000 0.00000000 0.00 0.00 0.00 0.06 0.10 -0.00 0.01 -0.01 0.00 91.04 91.69 90.04 
0 0 0 30.93 0.00000000 0.00000000 0.00 0.00 0.00 0.06 0.10 0.01 0.02 -0.01 0.01 90.97 91.74 90.03 
0 0 0 31.03 0.00000000 0.00000000 0.00 0.00 0.00 0.06 0.10 0.00 0.01 -0.02 0.00 91.04 91.75 90.03 
0 0 0 31.13 0.00000000 0.00000000 0.00 0.00 0.00 0.06 0.09 0.01 0.01 -0.01 0.01 91.04 91.61 90.06 
0 0 0 31.23 0.00000000 0.00000000 0.00 0.00 0.00 0.07 0.10 2.85 0.01 -0.01 0.00 91.11 91.70 90.04 
0 0 0 31.33 0.00000000 0.00000000 0.00 0.00 0.00 0.07 0.10 0.01 0.02 -0.01 0.00 90.96 91.79 90.03 
0 0 0 31.44 0.00000000 0.00000000 0.00 0.00 0.00 0.06 0.10 0.00 0.02 -0.01 0.00 90.97 91.68 90.04 
0 0 0 31.54 0.00000000 0.00000000 0.00 0.00 0.00 0.06 0.11 0.00 0.01 -0.01 0.01 90.90 91.67 90.04 
0 0 0 31.64 0.00000000 0.00000000 0.00 0.00 0.00 0.06 0.10 0.01 0.01 -0.01 0.00 91.04 91.68 90.06 
0 0 0 31.74 0.00000000 0.00000000 0.00 0.00 0.00 0.06 0.10 0.00 0.01 -0.01 0.00 90.96 91.73 90.04 
0 0 0 31.84 0.00000000 0.00000000 0.00 0.00 0.00 0.07 0.10 0.01 0.02 -0.01 0.00 91.17 91.68 90.04 
0 0 0 31.94 0.00000000 0.00000000 0.00 0.00 0.00 0.06 0.11 0.00 0.01 -0.01 0.00 91.10 91.80 90.02 
0 0 0 32.04 0.00000000 0.00000000 0.00 0.00 0.00 0.06 0.09 -0.00 0.01 -0.01 0.00 90.97 91.61 90.03 
0 0 0 32.15 0.00000000 0.00000000 0.00 0.00 0.00 0.06 0.09 0.01 0.02 -0.01 0.00 91.10 91.61 90.04 
0 0 0 32.28 0.00000000 0.00000000 0.00 0.00 0.00 0.06 0.10 0.00 0.01 -0.01 0.00 91.04 91.75 90.04 
0 0 0 32.44 0.00000000 0.00000000 0.00 0.00 0.00 0.06 0.10 0.00 0.01 -0.01 0.00 91.06 91.71 90.04 
0 0 0 32.57 0.00000000 0.00000000 0.00 0.00 0.00 0.05 0.10 -0.01 0.01 -0.01 0.00 90.91 91.75 90.02 
0 0 0 32.71 0.00000000 0.00000000 0.00 0.00 0.00 0.06 0.10 0.01 0.01 -0.01 0.00 91.04 91.68 90.03 
0 0 0 32.81 0.00000000 0.00000000 0.00 0.00 0.00 0.06 0.11 0.00 0.01 -0.01 0.00 91.03 91.67 90.04 
0 0 0 32.91 0.00000000 0.00000000 0.00 0.00 0.00 0.06 0.11 0.00 0.01 -0.01 0.00 91.04 91.82 90.02 
0 0 0 33.02 0.00000000 0.00000000 0.00 0.00 0.00 0.06 0.09 0.00 0.01 -0.01 0.00 90.97 91.61 90.04 
0 0 0 33.12 0.00000000 0.00000000 0.00 0.00 0.00 0.05 0.10 0.00 0.02 -0.01 0.00 90.92 91.63 90.03 
0 0 0 33.22 0.00000000 0.00000000 0.00 0.00 0.00 0.06 0.10 0.00 0.01 -0.01 0.01 90.97 91.67 90.05 
0 0 0 33.32 0.00000000 0.00000000 0.00 0.00 0.00 0.06 0.11 -0.00 0.01 -0.01 0.00 90.98 91.82 90.02 
0 0 0 33.42 0.00000000 0.00000000 0.00 0.00 0.00 0.06 0.10 0.00 0.01 -0.01 0.00 91.04 91.68 90.03 
0 0 0 33.52 0.00000000 0.00000000 0.00 0.00 0.00 0.06 0.11 0.01 0.01 -0.01 0.01 91.03 91.79 90.05 
0 0 0 33.62 0.00000000 0.00000000 0.00 0.00 0.00 0.06 0.09 0.01 0.01 -0.01 0.00 91.05 91.57 90.03 
0 0 0 33.72 0.00000000 0.00000000 0.00 0.00 0.00 0.06 0.10 0.00 0.01 -0.01 0.00 91.04 91.76 90.02 
0 0 0 33.82 0.00000000 0.00000000 0.00 0.00 0.00 0.06 0.10 0.01 0.02 -0.01 0.00 90.97 91.67 90.04 
0 0 0 33.93 0.00000000 0.00000000 0.00 0.00 0.00 0.06 0.10 -0.00 0.02 -0.01 0.00 90.97 91.74 90.03 
0 0 0 34.03 0.00000000 0.00000000 0.00 0.00 0.00 0.06 0.10 0.01 0.01 -0.01 0.00 91.04 91.76 90.03 
0 0 0 34.13 0.00000000 0.00000000 0.00 0.00 0.00 0.06 0.10 -0.00 0.02 -0.01 0.00 90.98 91.62 90.03 
