0 0 0 2.88 0.00000000 0.00000000 0.00 0.00 0.00 0.18 0.04 -0.47 0.04 -0.01 0.03 90.30 96.36 90.26 
0 0 0 3.05 0.00000000 0.00000000 0.00 0.00 0.00 0.07 0.07 -0.02 0.04 -0.02 -0.00 97.97 92.91 89.96 
0 0 0 3.15 0.00000000 0.00000000 0.00 0.00 0.00 0.09 0.07 -0.05 0.03 -0.01 -0.01 95.61 94.32 89.93 
0 0 0 3.25 0.00000000 0.00000000 0.00 0.00 0.00 0.07 0.08 0.06 0.00 -0.00 -0.00 93.68 93.93 89.97 
0 0 0 3.35 0.00000000 0.00000000 0.00 0.00 0.00 0.07 0.07 -0.10 -0.01 -0.00 0.01 93.79 94.41 90.10 
0 0 0 3.46 0.00000000 0.00000000 0.00 0.00 0.00 0.30 0.03 -0.80 -0.08 -0.02 -0.04 97.31 91.94 89.56 
0 0 0 3.56 0.00000000 0.00000000 0.00 0.00 0.00 0.04 0.10 0.12 -0.07 -0.35 0.08 93.17 96.93 90.91 
0 0 0 3.66 0.00000000 0.00000000 0.00 0.00 0.00 -0.08 0.02 0.44 -0.11 -0.27 -0.01 89.64 93.62 89.91 
0 0 0 3.76 0.00000000 0.00000000 0.00 0.00 0.00 0.01 0.05 0.20 -0.24 -0.34 -0.01 89.24 91.04 89.89 
0 0 0 3.86 0.00000000 0.00000000 0.00 0.00 0.00 0.04 -0.03 -0.16 -0.06 -0.66 0.08 90.25 89.05 90.91 
0 0 0 3.96 0.00000000 0.00000000 0.00 0.00 0.00 0.02 -0.13 -0.08 -0.21 -0.73 -0.06 87.85 84.49 89.34 
0 0 0 4.06 0.00000000 0.00000000 0.00 0.00 0.00 -0.05 -0.16 0.22 -0.16 -0.76 -0.05 86.65 82.38 89.34 
0 0 0 4.16 0.00000000 0.00000000 0.00 0.00 0.00 -0.06 -0.26 0.19 -0.02 -0.71 -0.04 87.61 75.23 89.53 
0 0 0 4.26 0.00000000 0.00000000 0.00 0.00 0.00 0.02 -0.48 -0.24 -0.13 -0.40 0.01 90.56 63.76 90.11 
0 0 0 4.37 0.00000000 0.00000000 0.00 0.00 0.00 -0.09 -0.33 0.22 -0.15 -0.16 0.03 84.76 68.75 90.40 
0 0 0 4.47 0.00000000 0.00000000 0.00 0.00 0.00 -0.04 -0.36 0.01 -0.03 -0.27 0.02 86.15 70.88 90.20 
0 0 0 4.57 0.00000000 0.00000000 0.00 0.00 0.00 -0.09 -0.45 0.13 -0.08 -0.08 0.02 85.63 66.36 90.26 
0 0 0 4.67 0.00000000 0.00000000 0.00 0.00 0.00 -0.09 -0.35 0.24 -0.08 0.01 0.01 84.96 70.40 90.06 
0 0 0 4.77 0.00000000 0.00000000 0.00 0.00 0.00 -0.10 -0.39 0.22 0.03 -0.18 0.00 85.12 70.19 90.10 
0 0 0 4.87 0.00000000 0.00000000 0.00 0.00 0.00 -0.03 -0.44 -0.24 -0.02 -0.10 0.02 86.41 67.65 90.27 
0 0 0 4.97 0.00000000 0.00000000 0.00 0.00 0.00 -0.14 -0.49 0.13 -0.07 -0.02 0.02 82.05 65.79 90.25 
0 0 0 5.07 0.00000000 0.00000000 0.00 0.00 0.00 -0.08 -0.43 -0.01 0.02 -0.17 0.00 84.18 66.27 90.04 
0 0 0 5.17 0.00000000 0.00000000 0.00 0.00 0.00 -0.10 -0.55 0.00 -0.02 0.01 0.02 84.02 58.43 90.26 
0 0 0 5.27 0.00000000 0.00000000 0.00 0.00 0.00 -0.15 -0.35 0.58 -0.03 0.08 0.01 80.35 67.98 90.07 
0 0 0 5.38 0.00000000 0.00000000 0.00 0.00 0.00 -0.11 -0.38 0.20 0.05 -0.08 -0.00 83.63 68.00 89.96 
0 0 0 5.48 0.00000000 0.00000000 0.00 0.00 0.00 -0.15 -0.38 0.46 -0.04 0.01 0.01 83.48 66.18 90.10 
0 0 0 5.58 0.00000000 0.00000000 0.00 0.00 0.00 -0.13 -0.37 0.36 0.01 -0.07 0.01 82.26 67.30 90.12 
0 0 0 5.68 0.00000000 0.00000000 0.00 0.00 0.00 -0.17 -0.42 0.42 -0.01 -0.08 -0.00 82.76 65.52 89.95 
0 0 0 5.78 0.00000000 0.00000000 0.00 0.00 0.00 -0.14 -0.41 0.14 -0.02 -0.05 0.01 82.14 65.00 90.18 
0 0 0 5.89 0.00000000 0.00000000 0.00 0.00 0.00 -0.13 -0.43 0.18 -0.02 -0.06 -0.00 82.28 66.41 90.00 
0 0 0 5.99 0.00000000 0.00000000 0.00 0.00 0.00 -0.12 -0.41 0.03 0.02 -0.01 0.00 82.39 65.03 90.01 
0 0 0 6.09 0.00000000 0.00000000 0.00 0.00 0.00 -0.18 -0.48 0.31 0.06 0.21 0.00 81.22 63.35 90.03 
0 0 0 6.19 0.00000000 0.00000000 0.00 0.00 0.00 -0.21 -0.40 0.37 -0.07 1.18 0.04 83.25 66.88 90.48 
0 0 0 6.29 0.00000000 0.00000000 0.00 0.00 0.00 -0.10 -0.08 2.30 0.21 2.30 0.11 83.89 82.05 91.38 
0 0 0 6.39 0.00000000 0.00000000 0.00 0.00 0.00 -0.05 0.06 -0.01 0.62 1.14 0.19 85.98 93.48 92.26 
0 0 0 6.49 0.00000000 0.00000000 0.00 0.00 0.00 -0.02 0.07 0.00 0.67 0.71 0.05 89.52 94.38 90.66 
0 0 0 6.59 0.00000000 0.00000000 0.00 0.00 0.00 0.07 0.16 -0.09 0.48 0.88 -0.09 89.92 97.92 88.97 
0 0 0 6.69 0.00000000 0.00000000 0.00 0.00 0.00 0.06 0.19 0.08 0.07 0.76 -0.22 98.38 102.84 87.38 
0 0 0 6.79 0.00000000 0.00000000 0.00 0.00 0.00 0.03 0.33 0.27 0.05 0.54 -0.31 95.75 107.94 86.27 
0 0 0 6.89 0.00000000 0.00000000 0.00 0.00 0.00 0.09 0.41 0.04 0.03 0.46 -0.16 95.99 112.21 88.13 
0 0 0 7.00 0.00000000 0.00000000 0.00 0.00 0.00 0.19 0.39 -0.35 0.14 0.04 0.10 97.91 112.47 91.15 
0 0 0 7.10 0.00000000 0.00000000 0.00 0.00 0.00 0.10 0.41 -0.02 0.24 0.34 0.18 93.87 112.05 92.04 
0 0 0 7.20 0.00000000 0.00000000 0.00 0.00 0.00 0.28 0.44 -0.38 0.17 0.49 0.05 97.12 113.41 90.56 
0 0 0 7.30 0.00000000 0.00000000 0.00 0.00 0.00 0.17 0.57 0.09 -0.05 0.31 -0.10 100.12 123.73 88.78 
0 0 0 7.40 0.00000000 0.00000000 0.00 0.00 0.00 0.08 0.51 0.15 -0.06 0.17 -0.16 99.00 121.47 88.07 
0 0 0 7.50 0.00000000 0.00000000 0.00 0.00 0.00 0.15 0.56 0.02 0.19 0.17 0.00 98.19 122.02 90.05 
0 0 0 7.60 0.00000000 0.00000000 0.00 0.00 0.00 0.16 0.49 0.03 0.19 0.16 0.09 100.00 119.87 91.09 
0 0 0 7.70 0.00000000 0.00000000 0.00 0.00 0.00 0.17 0.56 0.11 0.09 0.16 0.13 100.12 122.76 91.55 
0 0 0 7.80 0.00000000 0.00000000 0.00 0.00 0.00 0.16 0.59 0.21 0.05 0.08 0.04 98.89 122.01 90.53 
0 0 0 7.90 0.00000000 0.00000000 0.00 0.00 0.00 0.13 0.57 0.20 0.02 -0.11 -0.01 97.23 120.79 89.88 
0 0 0 8.00 0.00000000 0.00000000 0.00 0.00 0.00 0.17 0.57 0.17 0.03 -0.03 -0.03 101.14 124.27 89.60 
0 0 0 8.10 0.00000000 0.00000000 0.00 0.00 0.00 0.13 0.54 0.21 -0.01 -0.11 -0.08 99.98 120.10 89.07 
0 0 0 8.20 0.00000000 0.00000000 0.00 0.00 0.00 0.19 0.51 -0.03 -0.01 -0.37 -0.10 99.10 118.92 88.82 
0 0 0 8.31 0.00000000 0.00000000 0.00 0.00 0.00 0.13 0.43 0.12 -0.09 -1.45 -0.05 96.98 115.25 89.44 
0 0 0 8.41 0.00000000 0.00000000 0.00 0.00 0.00 0.10 0.26 0.22 -0.02 -0.98 -0.03 95.95 103.18 89.60 
0 0 0 8.51 0.00000000 0.00000000 0.00 0.00 0.00 0.24 0.19 -0.44 0.07 -1.10 0.06 103.67 100.66 90.72 
0 0 0 8.61 0.00000000 0.00000000 0.00 0.00 0.00 0.16 0.07 0.05 -0.05 -1.07 0.10 97.97 93.09 91.17 
0 0 0 8.71 0.00000000 0.00000000 0.00 0.00 0.00 0.10 -0.05 0.23 -0.25 -1.16 0.07 97.78 83.80 90.83 
0 0 0 8.81 0.00000000 0.00000000 0.00 0.00 0.00 0.06 -0.25 0.21 -0.39 -1.22 0.12 95.39 78.00 91.42 
0 0 0 8.91 0.00000000 0.00000000 0.00 0.00 0.00 0.06 -0.37 0.02 -0.32 -1.30 0.07 91.77 71.29 90.87 
0 0 0 9.01 0.00000000 0.00000000 0.00 0.00 0.00 0.13 -0.41 -0.72 -0.08 -0.92 0.06 95.14 65.62 90.70 
0 0 0 9.11 0.00000000 0.00000000 0.00 0.00 0.00 0.05 -0.52 0.05 0.10 -0.28 0.04 91.19 60.17 90.50 
0 0 0 9.21 0.00000000 0.00000000 0.00 0.00 0.00 0.02 -0.56 0.23 0.20 -0.41 0.15 91.01 62.41 91.78 
0 0 0 9.31 0.00000000 0.00000000 0.00 0.00 0.00 -0.01 -0.65 0.30 0.09 -0.22 0.07 91.99 50.54 90.83 
0 0 0 9.41 0.00000000 0.00000000 0.00 0.00 0.00 0.06 -0.59 0.20 -0.04 0.06 0.03 95.35 53.41 90.32 
0 0 0 9.52 0.00000000 0.00000000 0.00 0.00 0.00 -0.01 -0.56 0.65 -0.10 -0.04 -0.02 93.10 58.34 89.75 
0 0 0 9.62 0.00000000 0.00000000 0.00 0.00 0.00 0.04 -0.57 0.25 -0.07 0.02 -0.03 89.42 58.31 89.64 
0 0 0 9.72 0.00000000 0.00000000 0.00 0.00 0.00 -0.03 -0.60 0.55 -0.04 -0.04 0.04 90.48 54.42 90.50 
0 0 0 9.82 0.00000000 0.00000000 0.00 0.00 0.00 -0.06 -0.58 0.78 0.01 -0.12 0.02 88.27 59.69 90.21 
0 0 0 9.92 0.00000000 0.00000000 0.00 0.00 0.00 -0.04 -0.59 0.62 0.02 -0.02 0.01 89.35 52.88 90.10 
0 0 0 10.02 0.00000000 0.00000000 0.00 0.00 0.00 0.03 -0.59 0.23 0.00 -0.04 0.00 89.71 56.97 90.05 
0 0 0 10.13 0.00000000 0.00000000 0.00 0.00 0.00 0.02 -0.56 0.38 -0.02 0.02 0.00 87.96 56.66 90.01 
0 0 0 10.23 0.00000000 0.00000000 0.00 0.00 0.00 -0.01 -0.53 0.93 -0.01 -0.06 -0.01 88.77 56.82 89.86 
0 0 0 10.33 0.00000000 0.00000000 0.00 0.00 0.00 -0.05 -0.61 0.68 -0.02 -0.11 -0.01 88.35 53.87 89.86 
0 0 0 10.43 0.00000000 0.00000000 0.00 0.00 0.00 -0.03 -0.63 0.48 -0.02 -0.14 -0.01 90.90 52.23 89.85 
0 0 0 10.53 0.00000000 0.00000000 0.00 0.00 0.00 0.01 -0.69 0.13 -0.01 0.09 0.04 90.49 51.57 90.45 
0 0 0 10.63 0.00000000 0.00000000 0.00 0.00 0.00 -0.02 -0.65 0.21 0.01 0.09 0.01 90.28 51.07 90.15 
0 0 0 10.73 0.00000000 0.00000000 0.00 0.00 0.00 0.05 -0.70 -0.10 -0.01 0.03 0.01 90.93 50.78 90.13 
0 0 0 10.84 0.00000000 0.00000000 0.00 0.00 0.00 -0.01 -0.70 0.15 0.02 -0.03 -0.02 87.84 52.52 89.79 
0 0 0 10.94 0.00000000 0.00000000 0.00 0.00 0.00 0.02 -0.70 0.08 0.03 -0.06 -0.02 90.38 48.29 89.79 
0 0 0 11.04 0.00000000 0.00000000 0.00 0.00 0.00 0.07 -0.70 -0.17 0.01 0.07 0.01 90.67 54.97 90.14 
0 0 0 11.14 0.00000000 0.00000000 0.00 0.00 0.00 -0.03 -0.67 0.23 0.00 0.13 -0.02 84.14 48.92 89.80 
0 0 0 11.24 0.00000000 0.00000000 0.00 0.00 0.00 0.14 -0.65 -0.46 0.11 0.85 0.04 95.16 41.15 90.28 
0 0 0 11.34 0.00000000 0.00000000 0.00 0.00 0.00 -0.07 -0.47 0.83 0.12 1.37 0.14 89.92 64.15 91.64 
0 0 0 11.44 0.00000000 0.00000000 0.00 0.00 0.00 -0.03 -0.32 0.53 0.16 1.55 0.08 89.74 70.12 90.94 
0 0 0 11.55 0.00000000 0.00000000 0.00 0.00 0.00 -0.07 -0.08 2.04 0.24 1.60 -0.06 85.50 84.07 89.34 
0 0 0 11.65 0.00000000 0.00000000 0.00 0.00 0.00 0.11 0.13 -0.46 0.07 1.87 -0.04 98.32 97.92 89.55 
0 0 0 11.75 0.00000000 0.00000000 0.00 0.00 0.00 0.05 0.31 0.16 -0.04 1.77 -0.08 92.31 103.03 89.17 
0 0 0 11.88 0.00000000 0.00000000 0.00 0.00 0.00 0.10 0.43 -0.15 0.20 1.07 -0.02 94.02 110.57 89.76 
0 0 0 12.02 0.00000000 0.00000000 0.00 0.00 0.00 0.05 0.49 0.20 0.26 0.31 0.12 94.70 115.83 91.46 
0 0 0 12.15 0.00000000 0.00000000 0.00 0.00 0.00 0.08 0.50 0.17 0.14 0.34 0.06 93.67 118.35 90.76 
0 0 0 12.29 0.00000000 0.00000000 0.00 0.00 0.00 0.06 0.48 0.20 0.09 -0.28 -0.02 94.09 118.33 89.76 
0 0 0 12.39 0.00000000 0.00000000 0.00 0.00 0.00 0.17 0.56 -0.01 0.15 0.14 -0.01 95.77 119.39 89.85 
0 0 0 12.49 0.00000000 0.00000000 0.00 0.00 0.00 0.14 0.57 0.17 0.05 -0.01 -0.05 97.90 122.36 89.45 
0 0 0 12.59 0.00000000 0.00000000 0.00 0.00 0.00 0.28 0.62 -0.26 -0.04 -0.01 -0.07 102.40 122.08 89.20 
0 0 0 12.70 0.00000000 0.00000000 0.00 0.00 0.00 0.36 0.65 -0.61 0.12 0.17 0.01 91.48 122.14 89.89 
0 0 0 12.80 0.00000000 0.00000000 0.00 0.00 0.00 0.13 0.63 0.19 0.08 0.07 0.02 102.21 128.03 90.19 
0 0 0 12.90 0.00000000 0.00000000 0.00 0.00 0.00 0.17 0.61 0.07 0.00 -0.02 -0.03 101.22 125.57 89.64 
0 0 0 13.00 0.00000000 0.00000000 0.00 0.00 0.00 0.07 0.59 0.22 -0.11 -0.23 -0.06 94.60 123.25 89.24 
0 0 0 13.10 0.00000000 0.00000000 0.00 0.00 0.00 0.15 0.56 0.06 -0.00 -0.23 -0.09 97.09 122.47 88.95 
0 0 0 13.20 0.00000000 0.00000000 0.00 0.00 0.00 0.12 0.50 0.06 -0.01 -0.35 -0.10 97.46 118.51 88.77 
0 0 0 13.30 0.00000000 0.00000000 0.00 0.00 0.00 0.12 0.47 -0.03 0.04 -0.97 -0.10 98.05 117.22 88.79 
0 0 0 13.40 0.00000000 0.00000000 0.00 0.00 0.00 0.09 0.31 0.04 -0.04 -1.50 -0.01 94.30 108.78 89.88 
0 0 0 13.50 0.00000000 0.00000000 0.00 0.00 0.00 0.06 0.22 0.13 0.01 -1.76 -0.01 95.07 103.97 89.86 
0 0 0 13.60 0.00000000 0.00000000 0.00 0.00 0.00 -0.06 0.02 0.58 -0.00 -1.57 -0.03 88.04 92.57 89.59 
0 0 0 13.70 0.00000000 0.00000000 0.00 0.00 0.00 0.04 -0.19 0.33 -0.22 -1.76 -0.01 93.12 83.91 89.89 
0 0 0 13.80 0.00000000 0.00000000 0.00 0.00 0.00 0.04 -0.57 0.05 -0.37 -1.63 0.04 93.02 64.60 90.52 
0 0 0 13.90 0.00000000 0.00000000 0.00 0.00 0.00 0.05 -0.47 0.14 -0.20 -1.26 0.06 93.33 65.00 90.71 
0 0 0 14.01 0.00000000 0.00000000 0.00 0.00 0.00 0.05 -0.67 -0.06 0.07 -0.52 0.12 89.46 56.47 91.41 
0 0 0 14.11 0.00000000 0.00000000 0.00 0.00 0.00 0.07 -0.59 0.02 0.18 -0.22 0.09 93.07 57.24 91.12 
0 0 0 14.21 0.00000000 0.00000000 0.00 0.00 0.00 0.08 -0.61 0.04 0.08 0.42 0.09 94.02 53.51 91.06 
0 0 0 14.31 0.00000000 0.00000000 0.00 0.00 0.00 0.15 -0.66 -0.35 0.03 1.37 0.16 95.00 52.73 91.91 
0 0 0 14.41 0.00000000 0.00000000 0.00 0.00 0.00 -0.06 -0.31 1.63 -0.18 2.12 0.17 89.58 72.28 92.04 
0 0 0 14.51 0.00000000 0.00000000 0.00 0.00 0.00 -0.02 -0.08 0.54 -0.18 2.32 0.08 92.78 85.37 90.99 
0 0 0 14.61 0.00000000 0.00000000 0.00 0.00 0.00 -0.05 0.10 0.22 0.26 1.39 0.09 90.12 95.39 91.09 
0 0 0 14.71 0.00000000 0.00000000 0.00 0.00 0.00 -0.06 0.22 0.41 0.50 0.85 0.16 87.18 103.20 91.91 
0 0 0 14.81 0.00000000 0.00000000 0.00 0.00 0.00 0.07 0.31 0.13 0.42 0.46 0.13 96.07 110.16 91.54 
0 0 0 14.91 0.00000000 0.00000000 0.00 0.00 0.00 0.06 0.41 0.36 0.24 0.45 -0.03 94.78 114.33 89.64 
0 0 0 15.01 0.00000000 0.00000000 0.00 0.00 0.00 0.17 0.48 0.07 0.08 0.18 -0.01 98.97 116.87 89.91 
0 0 0 15.11 0.00000000 0.00000000 0.00 0.00 0.00 0.20 0.48 -0.05 0.06 0.08 -0.01 99.95 117.14 89.84 
0 0 0 15.21 0.00000000 0.00000000 0.00 0.00 0.00 0.04 0.41 0.31 -0.09 -0.17 -0.09 95.54 114.76 88.89 
0 0 0 15.31 0.00000000 0.00000000 0.00 0.00 0.00 0.06 0.34 0.19 -0.30 -0.63 -0.22 93.93 110.63 87.35 
0 0 0 15.42 0.00000000 0.00000000 0.00 0.00 0.00 0.05 0.28 0.06 -0.30 -1.04 -0.33 93.16 107.59 86.01 
0 0 0 15.52 0.00000000 0.00000000 0.00 0.00 0.00 0.01 0.19 0.11 -0.14 -1.39 -0.17 89.70 100.40 87.68 
0 0 0 15.62 0.00000000 0.00000000 0.00 0.00 0.00 -0.01 -0.01 0.06 -0.15 -1.59 -0.04 88.35 90.06 89.54 
0 0 0 15.72 0.00000000 0.00000000 0.00 0.00 0.00 0.06 -0.05 -0.72 0.00 -1.42 -0.08 90.68 84.54 89.08 
0 0 0 15.82 0.00000000 0.00000000 0.00 0.00 0.00 0.01 -0.16 0.19 -0.08 -1.61 0.01 90.17 78.34 90.11 
0 0 0 15.92 0.00000000 0.00000000 0.00 0.00 0.00 0.08 -0.57 -0.30 -0.06 -1.10 -0.03 83.79 67.00 89.51 
0 0 0 16.02 0.00000000 0.00000000 0.00 0.00 0.00 0.03 -0.64 -0.12 0.02 -0.62 0.00 93.93 58.12 89.84 
0 0 0 16.12 0.00000000 0.00000000 0.00 0.00 0.00 0.07 -0.63 -0.29 0.02 -0.68 -0.00 91.37 49.98 89.97 
0 0 0 16.22 0.00000000 0.00000000 0.00 0.00 0.00 0.07 -0.69 -0.27 -0.00 -0.01 0.03 86.67 49.46 90.41 
0 0 0 16.32 0.00000000 0.00000000 0.00 0.00 0.00 -0.05 -0.68 0.19 0.01 0.14 0.00 89.67 52.21 90.01 
0 0 0 16.43 0.00000000 0.00000000 0.00 0.00 0.00 0.05 -0.55 -0.26 0.07 0.73 0.02 91.17 57.44 90.26 
0 0 0 16.53 0.00000000 0.00000000 0.00 0.00 0.00 -0.03 -0.37 0.70 0.12 1.68 0.18 89.66 63.43 91.92 
0 0 0 16.63 0.00000000 0.00000000 0.00 0.00 0.00 -0.06 -0.22 0.45 0.20 1.72 0.23 88.59 73.85 92.81 
0 0 0 16.73 0.00000000 0.00000000 0.00 0.00 0.00 0.05 -0.04 0.04 0.31 1.35 0.15 93.74 88.36 91.81 
0 0 0 16.83 0.00000000 0.00000000 0.00 0.00 0.00 0.02 0.06 0.38 0.26 1.31 0.08 92.17 92.76 90.94 
0 0 0 16.93 0.00000000 0.00000000 0.00 0.00 0.00 0.03 0.17 0.42 0.15 1.02 0.09 85.26 98.57 91.04 
0 0 0 17.03 0.00000000 0.00000000 0.00 0.00 0.00 0.02 0.20 0.18 0.01 0.44 0.06 92.71 103.02 90.70 
0 0 0 17.13 0.00000000 0.00000000 0.00 0.00 0.00 -0.04 0.26 0.48 0.18 0.45 0.10 89.09 103.97 91.23 
0 0 0 17.23 0.00000000 0.00000000 0.00 0.00 0.00 0.16 0.30 -0.09 0.30 0.28 0.14 98.07 107.82 91.74 
0 0 0 17.33 0.00000000 0.00000000 0.00 0.00 0.00 0.22 0.38 -0.16 0.25 0.29 0.10 100.57 111.57 91.25 
0 0 0 17.43 0.00000000 0.00000000 0.00 0.00 0.00 0.15 0.41 0.18 0.03 0.31 0.04 98.44 114.63 90.45 
0 0 0 17.53 0.00000000 0.00000000 0.00 0.00 0.00 0.09 0.39 0.27 -0.12 -0.00 -0.12 97.36 113.76 88.60 
0 0 0 17.63 0.00000000 0.00000000 0.00 0.00 0.00 0.10 0.44 0.19 -0.01 -0.02 -0.10 97.83 115.54 88.76 
0 0 0 17.73 0.00000000 0.00000000 0.00 0.00 0.00 0.13 0.45 0.13 0.05 0.12 -0.02 99.36 116.63 89.74 
0 0 0 17.84 0.00000000 0.00000000 0.00 0.00 0.00 0.13 0.45 0.14 -0.01 0.21 -0.04 98.71 115.32 89.66 
0 0 0 17.94 0.00000000 0.00000000 0.00 0.00 0.00 0.18 0.47 -0.03 -0.05 0.14 -0.02 98.78 116.01 89.75 
0 0 0 18.04 0.00000000 0.00000000 0.00 0.00 0.00 0.12 0.47 0.11 0.00 0.03 -0.02 98.93 117.77 89.81 
0 0 0 18.14 0.00000000 0.00000000 0.00 0.00 0.00 0.13 0.48 0.05 -0.01 -0.02 -0.04 97.17 116.90 89.53 
0 0 0 18.25 0.00000000 0.00000000 0.00 0.00 0.00 0.13 0.50 0.08 -0.03 0.03 -0.04 97.52 118.41 89.53 
0 0 0 18.35 0.00000000 0.00000000 0.00 0.00 0.00 0.08 0.47 0.16 -0.01 -0.14 -0.02 96.63 117.11 89.70 
0 0 0 18.45 0.00000000 0.00000000 0.00 0.00 0.00 0.12 0.45 0.01 -0.05 -0.18 -0.08 95.96 116.73 89.01 
0 0 0 18.55 0.00000000 0.00000000 0.00 0.00 0.00 0.09 0.44 0.06 -0.03 -0.05 -0.10 96.08 115.38 88.81 
0 0 0 18.65 0.00000000 0.00000000 0.00 0.00 0.00 0.07 0.45 0.12 0.14 0.66 0.05 92.38 116.04 90.60 
0 0 0 18.75 0.00000000 0.00000000 0.00 0.00 0.00 0.07 0.45 0.11 0.11 0.30 -0.07 93.55 115.26 89.14 
0 0 0 18.85 0.00000000 0.00000000 0.00 0.00 0.00 0.09 0.54 0.11 0.05 0.22 -0.20 99.01 120.72 87.63 
0 0 0 18.95 0.00000000 0.00000000 0.00 0.00 0.00 0.00 0.46 0.18 0.10 0.16 -0.18 89.70 117.03 87.86 
0 0 0 19.05 0.00000000 0.00000000 0.00 0.00 0.00 0.12 0.55 0.02 0.18 0.04 -0.11 97.79 124.34 88.67 
0 0 0 19.15 0.00000000 0.00000000 0.00 0.00 0.00 0.11 0.58 0.06 0.12 -0.20 -0.01 97.61 122.24 89.89 
0 0 0 19.25 0.00000000 0.00000000 0.00 0.00 0.00 0.17 0.58 -0.09 0.08 0.09 -0.08 100.75 122.25 89.01 
0 0 0 19.35 0.00000000 0.00000000 0.00 0.00 0.00 0.09 0.60 0.16 -0.01 0.23 -0.20 97.01 123.21 87.65 
0 0 0 19.45 0.00000000 0.00000000 0.00 0.00 0.00 0.09 0.56 0.10 -0.01 0.00 -0.02 97.87 122.24 89.74 
0 0 0 19.55 0.00000000 0.00000000 0.00 0.00 0.00 0.07 0.54 0.06 -0.00 -0.44 0.01 94.85 122.96 90.24 
0 0 0 19.65 0.00000000 0.00000000 0.00 0.00 0.00 0.10 0.49 -0.02 -0.28 -0.88 -0.27 95.34 117.18 86.70 
0 0 0 19.76 0.00000000 0.00000000 0.00 0.00 0.00 0.05 0.44 -0.09 -0.38 -1.05 -0.61 90.00 111.41 82.62 
0 0 0 19.86 0.00000000 0.00000000 0.00 0.00 0.00 -0.01 0.35 -0.08 -0.40 -1.19 -0.57 91.28 109.78 83.18 
0 0 0 19.96 0.00000000 0.00000000 0.00 0.00 0.00 -0.07 0.23 -0.22 -0.33 -1.35 -0.37 87.74 103.41 85.58 
0 0 0 20.06 0.00000000 0.00000000 0.00 0.00 0.00 -0.08 -0.02 -0.35 -0.32 -1.09 -0.25 81.61 92.30 86.85 
0 0 0 20.16 0.00000000 0.00000000 0.00 0.00 0.00 -0.16 -0.06 -0.20 -0.29 -1.03 -0.22 80.49 84.73 87.34 
0 0 0 20.26 0.00000000 0.00000000 0.00 0.00 0.00 -0.12 -0.19 -0.69 -0.15 -0.90 -0.17 81.26 77.12 87.91 
0 0 0 20.37 0.00000000 0.00000000 0.00 0.00 0.00 -0.18 -0.34 -0.23 -0.05 -0.63 -0.08 77.03 74.56 88.96 
0 0 0 20.47 0.00000000 0.00000000 0.00 0.00 0.00 -0.08 -0.44 -0.61 0.06 -0.41 -0.05 80.94 66.01 89.42 
0 0 0 20.57 0.00000000 0.00000000 0.00 0.00 0.00 -0.14 -0.41 -0.46 -0.02 -0.43 -0.01 81.10 63.29 89.90 
0 0 0 20.67 0.00000000 0.00000000 0.00 0.00 0.00 -0.20 -0.44 -0.19 0.05 0.38 0.11 82.89 61.46 91.35 
0 0 0 20.77 0.00000000 0.00000000 0.00 0.00 0.00 -0.13 -0.41 -0.48 0.23 0.87 0.30 80.75 66.44 93.60 
0 0 0 20.87 0.00000000 0.00000000 0.00 0.00 0.00 -0.16 -0.21 -0.13 0.33 1.29 0.41 82.44 77.21 94.92 
0 0 0 20.97 0.00000000 0.00000000 0.00 0.00 0.00 -0.02 -0.09 -0.70 0.34 1.41 0.33 83.99 82.29 93.98 
0 0 0 21.07 0.00000000 0.00000000 0.00 0.00 0.00 -0.12 0.04 -0.42 0.41 1.42 0.27 87.48 92.38 93.27 
0 0 0 21.17 0.00000000 0.00000000 0.00 0.00 0.00 -0.03 0.14 -0.25 0.40 1.20 0.26 86.87 98.29 93.17 
0 0 0 21.27 0.00000000 0.00000000 0.00 0.00 0.00 -0.06 0.29 0.03 0.35 1.07 0.30 89.16 104.30 93.58 
0 0 0 21.38 0.00000000 0.00000000 0.00 0.00 0.00 0.04 0.36 -0.17 0.19 0.65 0.25 92.96 109.48 93.24 
0 0 0 21.48 0.00000000 0.00000000 0.00 0.00 0.00 -0.05 0.36 0.13 0.09 0.50 0.10 87.98 112.95 91.25 
0 0 0 21.58 0.00000000 0.00000000 0.00 0.00 0.00 0.03 0.49 0.04 0.11 0.27 0.05 92.91 117.90 90.63 
0 0 0 21.68 0.00000000 0.00000000 0.00 0.00 0.00 0.03 0.49 0.07 0.07 0.21 0.01 95.11 118.26 90.06 
0 0 0 21.78 0.00000000 0.00000000 0.00 0.00 0.00 0.08 0.45 -0.12 -0.10 -0.13 -0.07 94.74 117.60 89.12 
0 0 0 21.88 0.00000000 0.00000000 0.00 0.00 0.00 0.05 0.45 -0.13 -0.14 -0.77 -0.13 94.12 115.41 88.42 
0 0 0 21.98 0.00000000 0.00000000 0.00 0.00 0.00 0.06 0.39 -0.21 -0.14 -1.08 -0.18 92.32 110.38 87.84 
0 0 0 22.08 0.00000000 0.00000000 0.00 0.00 0.00 -0.05 0.30 0.06 -0.16 -1.26 -0.16 90.06 107.95 88.03 
0 0 0 22.18 0.00000000 0.00000000 0.00 0.00 0.00 -0.05 0.19 -0.13 -0.28 -1.23 -0.10 88.59 99.49 88.77 
0 0 0 22.28 0.00000000 0.00000000 0.00 0.00 0.00 0.00 -0.01 -0.37 -0.23 -1.31 -0.09 87.04 92.94 88.86 
0 0 0 22.39 0.00000000 0.00000000 0.00 0.00 0.00 -0.07 -0.18 -0.30 -0.32 -1.19 -0.16 82.56 82.85 88.38 
0 0 0 22.49 0.00000000 0.00000000 0.00 0.00 0.00 -0.11 -0.28 -0.15 -0.44 -1.03 -0.25 84.65 73.99 86.94 
0 0 0 22.59 0.00000000 0.00000000 0.00 0.00 0.00 -0.14 -0.33 -0.39 -0.45 -1.21 -0.32 81.63 70.11 86.14 
0 0 0 22.69 0.00000000 0.00000000 0.00 0.00 0.00 -0.19 -0.45 -0.31 -0.28 -0.50 -0.16 76.95 65.46 88.04 
0 0 0 22.79 0.00000000 0.00000000 0.00 0.00 0.00 -0.17 -0.49 -0.48 0.02 -0.48 -0.00 76.31 61.70 89.97 
0 0 0 22.89 0.00000000 0.00000000 0.00 0.00 0.00 -0.18 -0.55 -0.35 0.04 -0.52 0.00 79.42 61.43 90.03 
0 0 0 22.99 0.00000000 0.00000000 0.00 0.00 0.00 -0.25 -0.37 0.44 0.02 0.84 0.09 77.53 64.56 91.06 
0 0 0 23.09 0.00000000 0.00000000 0.00 0.00 0.00 -0.21 -0.38 -0.23 0.28 0.71 0.23 78.55 70.65 92.71 
0 0 0 23.19 0.00000000 0.00000000 0.00 0.00 0.00 -0.14 -0.24 -0.51 0.32 1.44 0.34 81.02 74.83 94.13 
0 0 0 23.29 0.00000000 0.00000000 0.00 0.00 0.00 -0.10 -0.11 -0.97 0.50 1.65 0.36 85.38 83.07 94.34 
0 0 0 23.39 0.00000000 0.00000000 0.00 0.00 0.00 0.01 0.11 -0.95 0.42 0.95 0.36 88.80 96.22 94.30 
0 0 0 23.49 0.00000000 0.00000000 0.00 0.00 0.00 -0.09 0.16 -0.06 0.25 1.11 0.31 84.57 99.33 93.78 
0 0 0 23.59 0.00000000 0.00000000 0.00 0.00 0.00 -0.07 0.18 -0.00 0.25 0.77 0.18 85.46 100.97 92.13 
0 0 0 23.69 0.00000000 0.00000000 0.00 0.00 0.00 0.09 0.34 -0.41 0.35 0.85 0.19 89.27 108.48 92.14 
0 0 0 23.79 0.00000000 0.00000000 0.00 0.00 0.00 -0.01 0.39 0.00 0.36 0.71 0.28 91.05 113.25 93.38 
0 0 0 23.89 0.00000000 0.00000000 0.00 0.00 0.00 0.05 0.43 0.03 0.18 0.54 0.20 94.89 114.33 92.43 
0 0 0 24.00 0.00000000 0.00000000 0.00 0.00 0.00 0.06 0.48 0.07 0.05 0.28 0.06 96.01 116.29 90.73 
0 0 0 24.10 0.00000000 0.00000000 0.00 0.00 0.00 0.11 0.43 -0.08 -0.17 -0.44 -0.14 97.26 117.97 88.60 
0 0 0 24.20 0.00000000 0.00000000 0.00 0.00 0.00 0.04 0.39 -0.03 -0.28 -0.82 -0.31 91.97 111.20 86.23 
0 0 0 24.30 0.00000000 0.00000000 0.00 0.00 0.00 0.05 0.31 -0.30 -0.51 -1.31 -0.33 91.71 108.72 86.05 
0 0 0 24.40 0.00000000 0.00000000 0.00 0.00 0.00 -0.06 0.13 -0.16 -0.52 -1.32 -0.35 88.00 98.73 85.77 
0 0 0 24.50 0.00000000 0.00000000 0.00 0.00 0.00 -0.20 -0.05 0.17 -0.35 -1.05 -0.19 84.10 88.59 87.75 
0 0 0 24.60 0.00000000 0.00000000 0.00 0.00 0.00 -0.14 -0.11 -0.08 -0.17 -1.02 -0.07 82.32 85.34 89.16 
0 0 0 24.70 0.00000000 0.00000000 0.00 0.00 0.00 -0.12 -0.15 -0.27 0.04 -0.81 -0.07 82.09 80.46 89.11 
0 0 0 24.80 0.00000000 0.00000000 0.00 0.00 0.00 -0.11 -0.24 -0.31 0.22 -0.89 -0.13 81.81 77.54 88.48 
0 0 0 24.90 0.00000000 0.00000000 0.00 0.00 0.00 -0.01 -0.51 -0.46 0.27 -0.79 -0.07 85.89 62.19 89.12 
0 0 0 25.01 0.00000000 0.00000000 0.00 0.00 0.00 -0.01 -0.48 -0.41 0.19 -0.73 -0.05 86.80 62.77 89.44 
0 0 0 25.11 0.00000000 0.00000000 0.00 0.00 0.00 -0.09 -0.58 -0.03 -0.08 -0.86 -0.02 85.78 59.38 89.79 
0 0 0 25.21 0.00000000 0.00000000 0.00 0.00 0.00 -0.13 -0.57 0.18 -0.14 -0.23 0.02 83.41 57.95 90.29 
0 0 0 25.31 0.00000000 0.00000000 0.00 0.00 0.00 -0.15 -0.59 0.23 0.07 0.49 0.05 82.95 52.21 90.63 
0 0 0 25.41 0.00000000 0.00000000 0.00 0.00 0.00 -0.07 -0.68 -0.16 0.21 1.49 0.17 82.94 51.90 92.01 
0 0 0 25.51 0.00000000 0.00000000 0.00 0.00 0.00 0.01 -0.33 -0.45 0.13 1.83 0.32 89.38 69.79 93.83 
0 0 0 25.61 0.00000000 0.00000000 0.00 0.00 0.00 -0.13 -0.07 0.73 0.05 1.90 0.32 86.93 82.83 93.84 
0 0 0 25.71 0.00000000 0.00000000 0.00 0.00 0.00 -0.07 0.15 0.10 0.04 1.42 0.26 85.66 95.64 93.12 
0 0 0 25.81 0.00000000 0.00000000 0.00 0.00 0.00 0.03 0.28 -0.82 0.26 1.08 0.32 87.92 105.85 93.84 
0 0 0 25.91 0.00000000 0.00000000 0.00 0.00 0.00 -0.06 0.29 0.09 0.43 0.57 0.30 87.48 106.84 93.55 
0 0 0 26.02 0.00000000 0.00000000 0.00 0.00 0.00 0.12 0.36 -0.25 0.31 0.23 0.16 95.11 108.16 92.12 
0 0 0 26.12 0.00000000 0.00000000 0.00 0.00 0.00 0.12 0.26 -0.18 0.08 -0.88 0.02 93.32 106.64 90.25 
0 0 0 26.22 0.00000000 0.00000000 0.00 0.00 0.00 0.06 0.08 -0.04 -0.05 -0.69 0.03 94.73 96.93 90.34 
0 0 0 26.32 0.00000000 0.00000000 0.00 0.00 0.00 0.07 0.24 -0.04 0.07 -0.16 0.04 93.91 102.35 90.47 
0 0 0 26.42 0.00000000 0.00000000 0.00 0.00 0.00 0.02 0.21 0.22 0.22 0.01 0.24 90.88 102.77 92.85 
0 0 0 26.52 0.00000000 0.00000000 0.00 0.00 0.00 0.06 0.23 0.25 0.12 -0.04 0.30 90.85 103.70 93.59 
0 0 0 26.62 0.00000000 0.00000000 0.00 0.00 0.00 0.03 0.15 0.28 -0.08 -0.51 0.17 92.11 99.32 92.06 
0 0 0 26.72 0.00000000 0.00000000 0.00 0.00 0.00 0.11 0.00 -0.08 -0.21 -0.43 0.00 97.03 89.68 90.05 
0 0 0 26.82 0.00000000 0.00000000 0.00 0.00 0.00 0.08 0.09 0.06 -0.20 -0.06 -0.01 96.55 97.06 89.85 
0 0 0 26.93 0.00000000 0.00000000 0.00 0.00 0.00 0.03 0.05 0.03 -0.07 0.09 0.07 90.33 95.18 90.88 
0 0 0 27.03 0.00000000 0.00000000 0.00 0.00 0.00 0.05 0.15 0.10 0.05 0.15 0.01 91.78 97.81 90.14 
0 0 0 27.13 0.00000000 0.00000000 0.00 0.00 0.00 0.19 0.14 -0.67 0.02 0.11 -0.05 96.63 98.15 89.42 
0 0 0 27.23 0.00000000 0.00000000 0.00 0.00 0.00 0.04 0.09 -0.03 -0.18 -0.32 -0.10 94.92 95.40 88.75 
0 0 0 27.33 0.00000000 0.00000000 0.00 0.00 0.00 -0.59 -0.33 0.68 -0.13 -0.30 -0.04 76.34 84.50 89.56 
0 0 0 27.43 0.00000000 0.00000000 0.00 0.00 0.00 0.02 0.13 0.02 0.47 0.14 0.02 89.16 99.01 90.26 
0 0 0 27.53 0.00000000 0.00000000 0.00 0.00 0.00 -0.67 0.39 1.43 0.24 -0.05 -0.09 147.35 88.83 88.96 
0 0 0 27.64 0.00000000 0.00000000 0.00 0.00 0.00 0.30 0.06 -0.86 0.30 -0.32 -0.07 94.41 100.23 89.26 
0 0 0 27.74 0.00000000 0.00000000 0.00 0.00 0.00 0.07 0.01 -0.08 0.05 -0.00 0.04 96.82 96.02 90.48 
0 0 0 27.84 0.00000000 0.00000000 0.00 0.00 0.00 1.29 -0.54 -1.31 -0.25 -0.24 0.00 123.85 79.90 90.02 
0 0 0 27.94 0.00000000 0.00000000 0.00 0.00 0.00 0.13 0.11 -0.39 -0.01 -0.02 0.01 95.32 95.45 90.07 
0 0 0 28.04 0.00000000 0.00000000 0.00 0.00 0.00 0.09 0.10 -0.10 0.04 0.02 0.00 93.79 92.02 90.02 
0 0 0 28.14 0.00000000 0.00000000 0.00 0.00 0.00 0.07 0.08 -0.08 0.02 -0.02 0.00 93.20 94.15 90.01 
0 0 0 28.24 0.00000000 0.00000000 0.00 0.00 0.00 0.08 0.09 -0.13 0.01 -0.01 0.00 95.22 94.47 90.06 
0 0 0 28.37 0.00000000 0.00000000 0.00 0.00 0.00 0.05 0.06 -0.01 0.01 -0.01 0.00 93.98 94.44 90.04 
0 0 0 28.51 0.00000000 0.00000000 0.00 0.00 0.00 0.07 0.08 -0.07 0.01 -0.01 0.00 93.35 94.03 90.06 
0 0 0 28.64 0.00000000 0.00000000 0.00 0.00 0.00 0.09 0.09 -0.22 0.02 -0.01 0.00 94.55 94.71 90.01 
0 0 0 28.78 0.00000000 0.00000000 0.00 0.00 0.00 0.05 0.11 0.12 -0.10 0.01 -0.01 94.14 95.46 89.90 
0 0 0 28.88 0.00000000 0.00000000 0.00 0.00 0.00 0.07 0.03 -0.20 0.01 -0.01 0.00 93.09 94.59 90.05 
0 0 0 28.98 0.00000000 0.00000000 0.00 0.00 0.00 0.09 0.10 -0.17 0.01 -0.02 0.01 94.91 95.20 90.06 
0 0 0 29.08 0.00000000 0.00000000 0.00 0.00 0.00 0.07 0.08 -0.06 0.02 -0.02 0.00 93.93 96.03 90.03 
0 0 0 29.18 0.00000000 0.00000000 0.00 0.00 0.00 0.07 0.05 -0.15 0.01 -0.02 0.00 92.95 92.42 90.04 
0 0 0 29.28 0.00000000 0.00000000 0.00 0.00 0.00 0.08 0.07 -0.09 0.01 -0.00 0.00 93.64 94.35 90.03 
0 0 0 29.38 0.00000000 0.00000000 0.00 0.00 0.00 0.04 0.06 0.07 0.01 -0.02 0.00 92.16 94.17 90.06 
0 0 0 29.48 0.00000000 0.00000000 0.00 0.00 0.00 0.05 0.05 0.01 0.01 -0.01 0.01 92.14 93.82 90.07 
0 0 0 29.58 0.00000000 0.00000000 0.00 0.00 0.00 0.06 0.07 -0.01 0.02 -0.01 0.00 93.29 94.31 90.05 
0 0 0 29.68 0.00000000 0.00000000 0.00 0.00 0.00 0.05 0.07 -0.05 0.01 -0.01 0.00 94.26 94.25 90.05 
0 0 0 29.78 0.00000000 0.00000000 0.00 0.00 0.00 0.09 0.07 -0.17 0.01 -0.01 0.00 95.36 94.63 90.05 
0 0 0 29.89 0.00000000 0.00000000 0.00 0.00 0.00 0.05 0.06 0.05 0.01 -0.02 0.02 92.54 93.05 90.19 
0 0 0 29.99 0.00000000 0.00000000 0.00 0.00 0.00 0.08 0.09 -0.09 0.01 -0.01 0.00 94.50 94.47 90.05 
0 0 0 30.09 0.00000000 0.00000000 0.00 0.00 0.00 0.13 0.07 -0.33 0.01 -0.01 0.00 97.32 94.65 90.03 
0 0 0 30.19 0.00000000 0.00000000 0.00 0.00 0.00 0.11 0.10 -0.27 0.02 -0.01 0.00 95.56 94.65 90.03 
0 0 0 30.29 0.00000000 0.00000000 0.00 0.00 0.00 0.11 0.07 -0.34 0.01 -0.01 0.01 95.48 93.86 90.09 
0 0 0 30.39 0.00000000 0.00000000 0.00 0.00 0.00 0.06 0.07 -0.01 0.02 -0.01 0.00 94.87 94.37 90.05 
0 0 0 30.49 0.00000000 0.00000000 0.00 0.00 0.00 0.07 0.07 -0.07 0.01 -0.01 0.00 94.55 94.27 90.00 
0 0 0 30.59 0.00000000 0.00000000 0.00 0.00 0.00 0.06 0.05 -0.03 0.01 -0.01 0.00 93.04 93.60 90.02 
0 0 0 30.69 0.00000000 0.00000000 0.00 0.00 0.00 0.06 0.07 -0.01 0.01 0.01 0.09 92.86 95.79 91.09 
0 0 0 30.79 0.00000000 0.00000000 0.00 0.00 0.00 0.06 0.08 -0.17 0.02 -0.01 0.01 94.38 94.79 90.15 
0 0 0 30.89 0.00000000 0.00000000 0.00 0.00 0.00 0.05 0.07 0.04 -0.01 -0.03 0.00 92.65 93.71 90.03 
0 0 0 31.00 0.00000000 0.00000000 0.00 0.00 0.00 0.06 0.06 -0.02 0.04 0.01 0.00 93.47 94.47 90.05 
0 0 0 31.10 0.00000000 0.00000000 0.00 0.00 0.00 -0.19 0.28 1.35 0.06 0.03 0.01 94.17 91.32 90.09 
0 0 0 31.20 0.00000000 0.00000000 0.00 0.00 0.00 0.11 0.03 -0.23 0.01 -0.01 0.00 96.44 95.26 90.02 
0 0 0 31.30 0.00000000 0.00000000 0.00 0.00 0.00 0.09 0.08 -0.19 0.02 -0.02 0.00 93.79 94.61 90.04 
0 0 0 31.40 0.00000000 0.00000000 0.00 0.00 0.00 0.04 0.06 0.07 0.02 -0.02 0.00 93.43 94.21 90.04 
0 0 0 31.50 0.00000000 0.00000000 0.00 0.00 0.00 0.11 0.08 -0.25 0.01 -0.00 0.04 96.90 93.41 90.43 
0 0 0 31.60 0.00000000 0.00000000 0.00 0.00 0.00 -0.04 0.05 0.37 0.01 -0.01 0.01 95.82 93.78 90.05 
0 0 0 31.70 0.00000000 0.00000000 0.00 0.00 0.00 0.06 0.07 0.04 0.02 -0.02 0.01 95.17 93.64 90.09 
0 0 0 31.81 0.00000000 0.00000000 0.00 0.00 0.00 0.07 0.06 -0.13 0.00 0.00 0.07 94.56 94.17 90.98 
0 0 0 31.91 0.00000000 0.00000000 0.00 0.00 0.00 0.08 0.06 -0.10 0.01 -0.01 0.01 93.59 94.53 90.14 
0 0 0 32.01 0.00000000 0.00000000 0.00 0.00 0.00 0.09 0.11 -0.11 0.01 -0.01 0.00 92.67 94.29 90.03 
0 0 0 32.11 0.00000000 0.00000000 0.00 0.00 0.00 0.04 0.03 0.04 -0.01 0.02 0.04 93.49 91.82 90.49 
0 0 0 32.21 0.00000000 0.00000000 0.00 0.00 0.00 0.06 0.09 0.01 0.02 -0.02 -0.02 93.25 94.14 89.77 
0 0 0 32.31 0.00000000 0.00000000 0.00 0.00 0.00 0.00 0.08 0.28 0.02 -0.03 -0.07 93.25 92.57 89.18 
0 0 0 32.42 0.00000000 0.00000000 0.00 0.00 0.00 -0.01 0.08 0.32 0.04 -0.02 0.01 88.76 92.15 90.06 
0 0 0 32.52 0.00000000 0.00000000 0.00 0.00 0.00 0.01 0.09 0.22 0.03 -0.03 0.00 92.55 95.60 90.06 
0 0 0 32.62 0.00000000 0.00000000 0.00 0.00 0.00 0.08 0.06 -0.07 0.01 -0.00 0.00 93.05 94.14 90.03 
0 0 0 32.72 0.00000000 0.00000000 0.00 0.00 0.00 0.06 0.08 0.01 0.00 -0.01 0.01 93.19 93.49 90.09 
0 0 0 32.82 0.00000000 0.00000000 0.00 0.00 0.00 -0.03 0.06 0.32 0.02 -0.01 0.07 91.75 94.62 90.84 
0 0 0 32.92 0.00000000 0.00000000 0.00 0.00 0.00 0.05 0.05 -0.05 0.02 -0.02 0.05 93.60 93.11 90.55 
0 0 0 33.02 0.00000000 0.00000000 0.00 0.00 0.00 0.04 0.10 0.18 -0.01 0.01 0.00 94.18 93.15 90.02 
0 0 0 33.12 0.00000000 0.00000000 0.00 0.00 0.00 0.04 0.08 0.16 -0.01 0.04 -0.00 93.21 94.08 90.00 
0 0 0 33.22 0.00000000 0.00000000 0.00 0.00 0.00 0.21 0.09 -0.67 -0.01 -0.02 0.00 100.01 90.35 90.04 
0 0 0 33.32 0.00000000 0.00000000 0.00 0.00 0.00 0.07 0.00 -0.05 0.01 -0.01 0.00 86.09 90.26 90.05 
0 0 0 33.42 0.00000000 0.00000000 0.00 0.00 0.00 0.15 0.12 -0.53 0.01 0.03 0.00 94.63 97.37 90.00 
0 0 0 33.52 0.00000000 0.00000000 0.00 0.00 0.00 0.08 0.05 -0.08 0.02 -0.02 0.00 95.02 92.98 90.05 
0 0 0 33.62 0.00000000 0.00000000 0.00 0.00 0.00 0.10 0.05 -0.16 0.01 -0.03 0.00 96.53 91.60 90.05 
0 0 0 33.72 0.00000000 0.00000000 0.00 0.00 0.00 0.00 0.13 0.28 -0.05 0.05 0.01 88.31 95.23 90.17 
0 0 0 33.82 0.00000000 0.00000000 0.00 0.00 0.00 0.01 0.05 0.08 -0.39 -0.13 -0.02 93.51 91.33 89.70 
0 0 0 33.93 0.00000000 0.00000000 0.00 0.00 0.00 -0.08 0.13 0.49 -0.72 -0.02 -0.27 85.47 96.80 86.82 
0 0 0 34.03 0.00000000 0.00000000 0.00 0.00 0.00 -0.13 -0.02 0.11 -0.69 -0.87 -0.53 88.17 86.84 83.65 
0 0 0 34.13 0.00000000 0.00000000 0.00 0.00 0.00 -0.10 0.10 0.10 0.68 0.02 -0.34 84.99 88.87 85.13 
0 0 0 34.23 0.00000000 0.00000000 0.00 0.00 0.00 0.01 0.07 -0.28 1.16 0.29 0.12 90.59 94.70 91.49 
0 0 0 34.33 0.00000000 0.00000000 0.00 0.00 0.00 0.18 0.04 -0.15 1.06 0.42 0.37 101.50 91.59 94.39 
0 0 0 34.43 0.00000000 0.00000000 0.00 0.00 0.00 0.23 0.09 -0.03 0.77 0.47 0.35 103.74 94.58 94.17 
0 0 0 34.53 0.00000000 0.00000000 0.00 0.00 0.00 0.29 0.05 0.23 0.56 0.22 0.28 106.38 93.47 93.32 
0 0 0 34.63 0.00000000 0.00000000 0.00 0.00 0.00 0.35 0.03 0.17 0.52 0.06 0.10 110.98 92.56 91.16 
0 0 0 34.73 0.00000000 0.00000000 0.00 0.00 0.00 0.40 0.09 0.34 0.38 0.18 0.02 113.06 96.75 90.28 
0 0 0 34.83 0.00000000 0.00000000 0.00 0.00 0.00 0.40 0.11 0.53 0.18 0.05 -0.05 111.48 95.87 89.44 
0 0 0 34.93 0.00000000 0.00000000 0.00 0.00 0.00 0.37 0.15 0.76 0.05 0.08 0.00 111.39 97.43 90.05 
0 0 0 35.03 0.00000000 0.00000000 0.00 0.00 0.00 0.39 0.09 0.46 -0.10 0.05 -0.03 110.90 96.64 89.64 
0 0 0 35.13 0.00000000 0.00000000 0.00 0.00 0.00 0.34 0.11 0.61 -0.46 -0.18 -0.08 108.30 95.68 88.99 
0 0 0 35.23 0.00000000 0.00000000 0.00 0.00 0.00 0.24 0.09 0.69 -0.94 -0.36 -0.19 104.85 95.33 87.74 
0 0 0 35.33 0.00000000 0.00000000 0.00 0.00 0.00 0.09 0.05 0.66 -0.92 -0.38 -0.27 96.04 92.51 86.78 
0 0 0 35.44 0.00000000 0.00000000 0.00 0.00 0.00 0.04 0.05 0.40 -0.97 -0.23 -0.14 95.65 93.02 88.34 
0 0 0 35.54 0.00000000 0.00000000 0.00 0.00 0.00 -0.03 0.04 0.46 -0.96 -0.43 -0.17 88.45 93.14 88.02 
0 0 0 35.64 0.00000000 0.00000000 0.00 0.00 0.00 -0.09 -0.01 0.12 -1.00 -0.54 -0.12 87.09 93.29 88.13 
0 0 0 35.74 0.00000000 0.00000000 0.00 0.00 0.00 -0.18 -0.18 0.00 -0.81 -0.23 -0.08 80.27 82.65 89.03 
0 0 0 35.84 0.00000000 0.00000000 0.00 0.00 0.00 -0.23 -0.05 0.12 -0.47 -0.04 -0.02 76.73 87.16 89.81 
0 0 0 35.94 0.00000000 0.00000000 0.00 0.00 0.00 -0.26 -0.07 -0.31 -0.41 0.30 0.01 73.06 84.69 90.16 
0 0 0 36.04 0.00000000 0.00000000 0.00 0.00 0.00 -0.41 -0.10 0.33 -0.35 -0.21 -0.08 68.03 85.02 89.07 
0 0 0 36.14 0.00000000 0.00000000 0.00 0.00 0.00 -0.45 -0.14 0.16 -0.32 -0.20 -0.09 69.25 85.71 88.83 
0 0 0 36.24 0.00000000 0.00000000 0.00 0.00 0.00 -0.35 -0.03 -0.39 -0.03 -0.10 0.02 69.99 86.27 90.20 
0 0 0 36.34 0.00000000 0.00000000 0.00 0.00 0.00 -0.33 -0.06 -0.32 0.59 -0.08 0.11 70.84 86.92 91.28 
0 0 0 36.44 0.00000000 0.00000000 0.00 0.00 0.00 -0.30 -0.06 -0.47 1.06 0.06 0.28 73.03 86.69 93.32 
0 0 0 36.54 0.00000000 0.00000000 0.00 0.00 0.00 -0.20 -0.03 0.16 1.16 0.26 0.43 78.80 88.36 95.20 
0 0 0 36.64 0.00000000 0.00000000 0.00 0.00 0.00 -0.10 -0.01 0.02 1.36 0.43 0.41 83.42 89.07 94.92 
0 0 0 36.74 0.00000000 0.00000000 0.00 0.00 0.00 0.04 0.02 -0.35 1.26 0.06 0.32 91.77 92.64 93.86 
0 0 0 36.84 0.00000000 0.00000000 0.00 0.00 0.00 0.18 0.03 0.43 0.66 -0.08 0.23 102.58 92.06 92.81 
0 0 0 36.95 0.00000000 0.00000000 0.00 0.00 0.00 0.24 0.03 0.27 0.12 0.15 0.13 103.02 91.34 91.58 
0 0 0 37.05 0.00000000 0.00000000 0.00 0.00 0.00 0.17 0.11 0.88 0.07 0.09 0.11 100.94 95.09 91.31 
0 0 0 37.15 0.00000000 0.00000000 0.00 0.00 0.00 0.16 0.11 0.90 0.20 0.12 0.12 99.56 93.93 91.39 
0 0 0 37.25 0.00000000 0.00000000 0.00 0.00 0.00 0.23 0.05 0.57 0.08 0.01 0.07 102.04 94.64 90.86 
0 0 0 37.35 0.00000000 0.00000000 0.00 0.00 0.00 0.25 0.08 0.51 -0.11 -0.09 0.05 103.90 93.36 90.63 
0 0 0 37.45 0.00000000 0.00000000 0.00 0.00 0.00 0.17 0.08 0.87 0.01 -0.21 0.02 100.78 94.24 90.21 
0 0 0 37.55 0.00000000 0.00000000 0.00 0.00 0.00 0.18 0.10 0.91 0.03 0.01 0.02 99.11 95.99 90.29 
0 0 0 37.65 0.00000000 0.00000000 0.00 0.00 0.00 0.22 0.10 0.85 0.16 -0.52 -0.13 103.29 96.24 88.45 
0 0 0 37.75 0.00000000 0.00000000 0.00 0.00 0.00 0.22 -0.02 0.57 0.21 -0.39 -0.03 101.13 90.66 89.64 
0 0 0 37.85 0.00000000 0.00000000 0.00 0.00 0.00 0.20 -0.06 0.77 0.25 -0.46 0.02 101.88 85.96 90.19 
0 0 0 37.95 0.00000000 0.00000000 0.00 0.00 0.00 0.30 -0.18 0.45 0.23 -0.73 0.01 104.34 81.15 90.10 
0 0 0 38.05 0.00000000 0.00000000 0.00 0.00 0.00 0.32 -0.13 0.72 0.25 -0.14 0.13 107.55 83.18 91.54 
0 0 0 38.15 0.00000000 0.00000000 0.00 0.00 0.00 0.30 -0.12 0.93 0.36 0.62 0.12 107.26 83.13 91.41 
0 0 0 38.25 0.00000000 0.00000000 0.00 0.00 0.00 0.37 -0.13 0.70 0.40 0.43 -0.02 111.61 80.65 89.81 
0 0 0 38.36 0.00000000 0.00000000 0.00 0.00 0.00 0.43 -0.03 0.97 0.42 0.39 -0.12 116.87 86.53 88.58 
0 0 0 38.46 0.00000000 0.00000000 0.00 0.00 0.00 0.53 0.06 1.17 0.15 0.23 -0.07 118.87 93.12 89.21 
0 0 0 38.56 0.00000000 0.00000000 0.00 0.00 0.00 0.46 0.02 0.85 -0.07 0.08 0.01 118.74 90.77 90.09 
0 0 0 38.66 0.00000000 0.00000000 0.00 0.00 0.00 0.36 0.03 1.00 -0.02 0.06 0.06 112.57 90.45 90.73 
0 0 0 38.76 0.00000000 0.00000000 0.00 0.00 0.00 0.43 -0.05 0.63 0.06 -0.06 0.09 112.70 88.27 91.11 
0 0 0 38.86 0.00000000 0.00000000 0.00 0.00 0.00 0.43 -0.00 0.78 0.01 -0.06 0.06 111.90 90.92 90.67 
0 0 0 38.96 0.00000000 0.00000000 0.00 0.00 0.00 0.39 -0.01 0.86 -0.14 -0.12 0.02 114.14 90.01 90.20 
0 0 0 39.06 0.00000000 0.00000000 0.00 0.00 0.00 0.37 -0.02 0.85 -0.06 -0.03 -0.01 111.26 90.45 89.85 
0 0 0 39.16 0.00000000 0.00000000 0.00 0.00 0.00 0.44 0.02 0.83 0.06 0.01 -0.00 110.30 89.59 89.98 
0 0 0 39.26 0.00000000 0.00000000 0.00 0.00 0.00 0.40 0.02 0.91 0.04 -0.02 0.05 115.30 91.18 90.62 
0 0 0 39.36 0.00000000 0.00000000 0.00 0.00 0.00 0.44 -0.02 0.64 0.08 -0.03 0.03 111.97 88.31 90.33 
0 0 0 39.46 0.00000000 0.00000000 0.00 0.00 0.00 0.47 -0.01 0.63 0.08 0.06 0.04 116.04 89.27 90.46 
0 0 0 39.56 0.00000000 0.00000000 0.00 0.00 0.00 0.51 0.02 0.55 0.05 0.06 0.01 117.02 90.77 90.08 
0 0 0 39.66 0.00000000 0.00000000 0.00 0.00 0.00 0.43 0.05 1.03 0.03 0.05 -0.03 113.99 91.49 89.61 
0 0 0 39.77 0.00000000 0.00000000 0.00 0.00 0.00 0.48 0.01 0.59 0.15 0.20 -0.13 112.99 90.48 88.50 
0 0 0 39.87 0.00000000 0.00000000 0.00 0.00 0.00 0.45 0.10 0.98 0.07 0.24 -0.11 117.14 93.57 88.55 
0 0 0 39.97 0.00000000 0.00000000 0.00 0.00 0.00 0.48 0.08 0.65 0.05 0.03 -0.08 115.37 95.79 89.06 
0 0 0 40.07 0.00000000 0.00000000 0.00 0.00 0.00 0.41 0.15 1.00 0.15 0.29 -0.05 113.55 98.32 89.43 
0 0 0 40.17 0.00000000 0.00000000 0.00 0.00 0.00 0.37 0.15 1.07 0.19 -0.11 0.04 111.13 96.60 90.43 
0 0 0 40.27 0.00000000 0.00000000 0.00 0.00 0.00 0.43 0.07 0.79 0.38 0.02 0.00 111.20 94.04 90.05 
0 0 0 40.37 0.00000000 0.00000000 0.00 0.00 0.00 0.52 0.12 0.81 0.55 0.23 0.00 119.16 96.58 90.02 
0 0 0 40.47 0.00000000 0.00000000 0.00 0.00 0.00 0.67 0.12 0.52 0.37 -0.18 0.07 126.85 97.37 90.78 
0 0 0 40.57 0.00000000 0.00000000 0.00 0.00 0.00 0.67 0.07 0.55 0.11 -0.29 0.09 129.94 93.72 91.09 
0 0 0 40.67 0.00000000 0.00000000 0.00 0.00 0.00 0.65 0.04 0.63 0.07 0.11 0.08 129.59 92.06 90.98 
0 0 0 40.77 0.00000000 0.00000000 0.00 0.00 0.00 0.58 0.07 0.86 0.10 -0.10 0.06 124.00 94.70 90.69 
0 0 0 40.87 0.00000000 0.00000000 0.00 0.00 0.00 0.63 0.08 0.86 0.18 0.03 0.04 127.07 93.93 90.42 
0 0 0 40.97 0.00000000 0.00000000 0.00 0.00 0.00 0.67 0.10 0.89 0.05 0.07 0.01 130.43 94.22 90.14 
0 0 0 41.07 0.00000000 0.00000000 0.00 0.00 0.00 0.66 0.07 0.75 -0.11 -0.06 -0.01 127.18 92.25 89.84 
0 0 0 41.17 0.00000000 0.00000000 0.00 0.00 0.00 0.66 0.10 0.85 0.03 0.02 0.03 127.56 97.60 90.41 
0 0 0 41.28 0.00000000 0.00000000 0.00 0.00 0.00 0.61 0.05 0.86 -0.02 -0.01 0.03 125.55 94.07 90.40 
0 0 0 41.38 0.00000000 0.00000000 0.00 0.00 0.00 0.58 0.08 0.91 -0.02 0.06 0.01 121.77 94.21 90.15 
0 0 0 41.48 0.00000000 0.00000000 0.00 0.00 0.00 0.56 0.09 0.99 -0.02 -0.00 -0.00 121.25 94.49 89.95 
0 0 0 41.58 0.00000000 0.00000000 0.00 0.00 0.00 0.59 0.08 0.92 -0.02 -0.01 -0.00 120.28 94.31 89.97 
0 0 0 41.68 0.00000000 0.00000000 0.00 0.00 0.00 0.53 0.07 0.96 -0.05 0.05 -0.00 122.92 94.41 89.94 
0 0 0 41.78 0.00000000 0.00000000 0.00 0.00 0.00 0.54 0.08 0.97 -0.09 -0.02 -0.01 124.64 94.60 89.82 
0 0 0 41.88 0.00000000 0.00000000 0.00 0.00 0.00 0.56 0.07 0.88 -0.09 0.01 -0.03 125.19 94.15 89.66 
0 0 0 41.98 0.00000000 0.00000000 0.00 0.00 0.00 0.61 0.07 0.73 -0.47 0.23 -0.01 126.54 94.29 89.86 
0 0 0 42.08 0.00000000 0.00000000 0.00 0.00 0.00 0.48 0.06 0.82 -1.05 0.16 -0.02 116.29 93.33 89.75 
0 0 0 42.18 0.00000000 0.00000000 0.00 0.00 0.00 0.40 0.15 0.92 -1.37 -0.13 -0.21 113.38 97.40 87.53 
0 0 0 42.28 0.00000000 0.00000000 0.00 0.00 0.00 0.30 0.08 0.65 -1.55 -0.28 -0.15 101.89 95.31 88.02 
0 0 0 42.38 0.00000000 0.00000000 0.00 0.00 0.00 0.11 0.10 0.66 -1.54 -0.29 -0.20 94.75 95.22 87.56 
0 0 0 42.48 0.00000000 0.00000000 0.00 0.00 0.00 0.02 -0.04 -0.17 -1.23 -0.14 -0.30 90.92 88.71 86.42 
0 0 0 42.59 0.00000000 0.00000000 0.00 0.00 0.00 -0.14 0.03 0.27 -0.56 -0.34 -0.28 83.42 90.32 86.59 
0 0 0 42.69 0.00000000 0.00000000 0.00 0.00 0.00 -0.15 0.02 0.19 0.10 0.08 0.09 81.33 92.83 91.05 
0 0 0 42.79 0.00000000 0.00000000 0.00 0.00 0.00 -0.17 0.02 0.43 0.32 0.24 0.17 80.44 90.05 92.10 
0 0 0 42.89 0.00000000 0.00000000 0.00 0.00 0.00 -0.11 0.06 0.34 0.56 0.32 0.16 83.08 93.04 91.94 
0 0 0 42.99 0.00000000 0.00000000 0.00 0.00 0.00 -0.05 0.13 0.46 0.75 0.37 0.19 87.34 96.86 92.29 
0 0 0 43.09 0.00000000 0.00000000 0.00 0.00 0.00 0.07 0.15 0.42 1.04 0.54 0.27 94.40 96.86 93.28 
0 0 0 43.19 0.00000000 0.00000000 0.00 0.00 0.00 0.14 0.17 0.31 1.21 0.73 0.31 98.60 100.00 93.72 
0 0 0 43.29 0.00000000 0.00000000 0.00 0.00 0.00 0.31 0.26 0.61 1.19 0.03 0.12 107.36 104.93 91.41 
0 0 0 43.39 0.00000000 0.00000000 0.00 0.00 0.00 0.42 0.23 -0.06 0.86 0.51 -0.13 114.87 103.66 88.47 
0 0 0 43.49 0.00000000 0.00000000 0.00 0.00 0.00 0.45 0.30 0.76 0.52 0.13 -0.22 116.90 106.59 87.35 
0 0 0 43.59 0.00000000 0.00000000 0.00 0.00 0.00 0.41 0.32 0.87 0.32 0.02 -0.13 114.31 107.74 88.39 
0 0 0 43.69 0.00000000 0.00000000 0.00 0.00 0.00 0.52 0.26 0.50 0.20 0.05 -0.01 118.13 106.14 89.91 
0 0 0 43.79 0.00000000 0.00000000 0.00 0.00 0.00 0.47 0.28 0.68 -0.02 -0.04 -0.00 115.62 105.46 89.94 
0 0 0 43.89 0.00000000 0.00000000 0.00 0.00 0.00 0.43 0.28 0.70 -0.19 -0.16 -0.05 114.85 107.18 89.35 
0 0 0 43.99 0.00000000 0.00000000 0.00 0.00 0.00 0.49 0.27 0.49 -0.30 -0.32 -0.09 115.51 105.70 88.87 
0 0 0 44.09 0.00000000 0.00000000 0.00 0.00 0.00 0.46 0.25 0.48 -0.53 -0.61 -0.17 114.74 104.06 87.92 
0 0 0 44.20 0.00000000 0.00000000 0.00 0.00 0.00 0.32 0.23 0.60 -0.87 -0.75 -0.21 110.48 103.51 87.47 
0 0 0 44.30 0.00000000 0.00000000 0.00 0.00 0.00 0.24 0.11 0.51 -0.76 -1.21 -0.22 108.44 94.90 87.32 
0 0 0 44.40 0.00000000 0.00000000 0.00 0.00 0.00 0.20 0.00 0.42 -0.43 -1.32 -0.06 103.95 90.83 89.26 
0 0 0 44.50 0.00000000 0.00000000 0.00 0.00 0.00 0.24 -0.26 -0.12 -0.33 -1.23 0.07 108.28 76.85 90.80 
0 0 0 44.60 0.00000000 0.00000000 0.00 0.00 0.00 0.05 -0.42 0.34 -0.36 -1.24 -0.02 94.24 71.16 89.73 
0 0 0 44.70 0.00000000 0.00000000 0.00 0.00 0.00 0.11 -0.26 1.30 -0.20 -0.82 -0.08 98.15 70.72 89.00 
0 0 0 44.80 0.00000000 0.00000000 0.00 0.00 0.00 0.13 -0.58 0.01 -0.13 -0.98 0.03 100.99 56.97 90.21 
0 0 0 44.94 0.00000000 0.00000000 0.00 0.00 0.00 0.04 -0.54 0.61 -0.27 -0.51 0.04 95.40 57.73 90.43 
0 0 0 45.07 0.00000000 0.00000000 0.00 0.00 0.00 0.05 -0.68 0.17 -0.18 -0.19 0.06 92.58 55.96 90.77 
0 0 0 45.21 0.00000000 0.00000000 0.00 0.00 0.00 0.03 -0.59 0.46 0.08 0.46 0.07 92.25 53.26 90.80 
0 0 0 45.34 0.00000000 0.00000000 0.00 0.00 0.00 0.09 -0.63 0.02 0.21 0.39 -0.01 92.93 55.22 89.89 
0 0 0 45.45 0.00000000 0.00000000 0.00 0.00 0.00 0.13 -0.52 -0.14 0.17 1.33 0.18 95.94 56.39 92.13 
0 0 0 45.55 0.00000000 0.00000000 0.00 0.00 0.00 0.17 -0.41 -0.29 0.02 2.03 0.40 90.16 71.40 94.78 
0 0 0 45.65 0.00000000 0.00000000 0.00 0.00 0.00 0.01 0.07 1.45 0.10 2.46 0.15 89.91 91.96 91.81 
0 0 0 45.75 0.00000000 0.00000000 0.00 0.00 0.00 -0.08 0.20 0.74 0.30 1.65 0.07 90.67 101.01 90.86 
0 0 0 45.85 0.00000000 0.00000000 0.00 0.00 0.00 0.03 0.32 0.53 0.17 0.46 0.07 93.34 110.89 90.82 
0 0 0 45.95 0.00000000 0.00000000 0.00 0.00 0.00 0.07 0.42 0.50 -0.09 0.27 -0.00 96.95 113.81 89.97 
0 0 0 46.05 0.00000000 0.00000000 0.00 0.00 0.00 0.08 0.35 0.14 -0.05 -0.02 -0.12 93.65 110.18 88.57 
0 0 0 46.15 0.00000000 0.00000000 0.00 0.00 0.00 0.13 0.42 0.07 0.01 -0.26 -0.06 95.45 113.79 89.24 
0 0 0 46.25 0.00000000 0.00000000 0.00 0.00 0.00 0.07 0.38 0.28 0.03 -0.16 0.01 96.34 114.09 90.15 
0 0 0 46.35 0.00000000 0.00000000 0.00 0.00 0.00 0.14 0.38 -0.02 0.00 -0.43 -0.01 98.25 110.95 89.83 
0 0 0 46.45 0.00000000 0.00000000 0.00 0.00 0.00 0.06 0.25 0.25 -0.22 -1.60 -0.11 94.33 104.93 88.69 
0 0 0 46.55 0.00000000 0.00000000 0.00 0.00 0.00 0.09 -0.09 -0.06 -0.19 -2.28 -0.34 92.99 88.61 85.96 
0 0 0 46.65 0.00000000 0.00000000 0.00 0.00 0.00 -0.02 -0.11 0.96 0.02 -2.07 -0.35 90.06 81.21 85.76 
0 0 0 46.75 0.00000000 0.00000000 0.00 0.00 0.00 0.15 -0.33 -0.48 -0.01 -1.23 0.07 99.16 72.78 90.80 
0 0 0 46.86 0.00000000 0.00000000 0.00 0.00 0.00 -0.03 -0.61 0.39 0.01 -0.94 -0.01 92.97 58.66 89.83 
0 0 0 46.96 0.00000000 0.00000000 0.00 0.00 0.00 0.08 -0.71 0.01 -0.07 -0.35 0.03 93.81 50.47 90.37 
0 0 0 47.06 0.00000000 0.00000000 0.00 0.00 0.00 0.04 -0.55 0.50 -0.14 -0.16 0.06 91.92 59.52 90.67 
0 0 0 47.16 0.00000000 0.00000000 0.00 0.00 0.00 -0.17 -0.64 0.85 -0.10 0.14 0.04 84.92 54.66 90.45 
0 0 0 47.26 0.00000000 0.00000000 0.00 0.00 0.00 -0.04 -0.56 0.74 0.03 0.08 0.03 88.53 59.62 90.35 
0 0 0 47.36 0.00000000 0.00000000 0.00 0.00 0.00 0.06 -0.61 0.01 0.04 0.05 -0.00 90.36 57.23 89.99 
0 0 0 47.46 0.00000000 0.00000000 0.00 0.00 0.00 -0.02 -0.59 0.48 0.07 0.01 0.02 90.16 57.97 90.18 
0 0 0 47.56 0.00000000 0.00000000 0.00 0.00 0.00 0.03 -0.59 0.28 0.09 0.04 0.00 93.74 55.30 90.04 
0 0 0 47.66 0.00000000 0.00000000 0.00 0.00 0.00 0.11 -0.61 -0.21 0.04 0.06 0.01 93.97 55.02 90.10 
0 0 0 47.76 0.00000000 0.00000000 0.00 0.00 0.00 0.11 -0.64 -0.18 0.07 1.54 0.11 97.11 53.01 91.30 
0 0 0 47.86 0.00000000 0.00000000 0.00 0.00 0.00 -0.06 -0.08 2.21 -0.23 2.47 0.32 91.51 81.67 93.89 
0 0 0 47.96 0.00000000 0.00000000 0.00 0.00 0.00 -0.04 0.07 2.22 -0.13 2.70 -0.04 88.38 95.12 89.47 
0 0 0 48.06 0.00000000 0.00000000 0.00 0.00 0.00 0.02 0.30 0.05 0.46 0.95 0.04 90.49 104.96 90.52 
0 0 0 48.16 0.00000000 0.00000000 0.00 0.00 0.00 0.07 0.32 -0.03 0.47 0.78 0.24 93.58 108.24 92.88 
0 0 0 48.27 0.00000000 0.00000000 0.00 0.00 0.00 0.19 0.41 -0.16 0.33 0.28 0.23 95.47 112.87 92.81 
0 0 0 48.37 0.00000000 0.00000000 0.00 0.00 0.00 0.12 0.35 0.14 -0.01 -0.10 0.02 97.70 110.72 90.26 
0 0 0 48.47 0.00000000 0.00000000 0.00 0.00 0.00 0.11 0.39 0.19 -0.15 -0.20 -0.11 96.31 112.34 88.69 
0 0 0 48.57 0.00000000 0.00000000 0.00 0.00 0.00 0.10 0.43 0.01 -0.02 0.07 -0.07 96.25 113.01 88.91 
0 0 0 48.67 0.00000000 0.00000000 0.00 0.00 0.00 0.15 0.38 -0.15 -0.12 -0.78 -0.01 96.79 111.85 89.92 
0 0 0 48.77 0.00000000 0.00000000 0.00 0.00 0.00 0.08 0.20 0.03 -0.31 -2.99 -0.02 92.89 102.27 89.72 
0 0 0 48.87 0.00000000 0.00000000 0.00 0.00 0.00 -0.00 -0.08 0.31 -0.26 -2.00 -0.21 91.63 87.03 87.45 
0 0 0 48.97 0.00000000 0.00000000 0.00 0.00 0.00 0.08 -0.16 -1.75 0.03 -1.79 -0.25 91.61 81.12 86.99 
0 0 0 49.07 0.00000000 0.00000000 0.00 0.00 0.00 -0.05 -0.42 0.63 0.14 -1.49 -0.05 92.18 67.12 89.43 
0 0 0 49.17 0.00000000 0.00000000 0.00 0.00 0.00 0.06 -0.72 0.02 0.17 -0.58 0.11 95.87 49.73 91.37 
0 0 0 49.27 0.00000000 0.00000000 0.00 0.00 0.00 0.07 -0.69 0.06 0.00 -0.19 0.14 93.66 50.76 91.67 
0 0 0 49.37 0.00000000 0.00000000 0.00 0.00 0.00 0.03 -0.59 0.29 -0.12 0.47 0.05 92.08 57.96 90.60 
0 0 0 49.47 0.00000000 0.00000000 0.00 0.00 0.00 0.00 -0.31 2.13 -0.26 2.46 0.14 86.32 69.72 91.63 
0 0 0 49.57 0.00000000 0.00000000 0.00 0.00 0.00 -0.01 -0.13 0.76 -0.13 1.94 0.22 87.93 77.59 92.64 
0 0 0 49.68 0.00000000 0.00000000 0.00 0.00 0.00 -0.02 -0.01 0.39 -0.07 1.12 0.13 89.41 90.69 91.55 
0 0 0 49.78 0.00000000 0.00000000 0.00 0.00 0.00 -0.07 0.00 0.26 0.11 0.36 0.03 89.76 89.81 90.42 
0 0 0 49.88 0.00000000 0.00000000 0.00 0.00 0.00 -0.02 0.01 0.05 0.18 -0.14 0.04 91.59 90.88 90.44 
0 0 0 49.98 0.00000000 0.00000000 0.00 0.00 0.00 0.09 0.05 -0.41 0.11 0.03 -0.01 92.48 91.78 89.85 
0 0 0 50.08 0.00000000 0.00000000 0.00 0.00 0.00 0.12 0.13 -0.76 -0.02 0.09 -0.03 93.10 95.17 89.68 
0 0 0 50.18 0.00000000 0.00000000 0.00 0.00 0.00 0.23 0.16 -1.27 0.07 0.18 0.04 88.56 89.29 90.43 
0 0 0 50.28 0.00000000 0.00000000 0.00 0.00 0.00 -0.21 0.09 0.84 0.30 0.07 0.15 73.83 80.47 91.78 
0 0 0 50.38 0.00000000 0.00000000 0.00 0.00 0.00 0.22 -0.01 -0.54 0.11 0.16 0.07 112.93 88.44 90.84 
0 0 0 50.48 0.00000000 0.00000000 0.00 0.00 0.00 0.05 0.18 0.50 -0.04 0.03 0.11 113.76 84.40 91.29 
0 0 0 50.58 0.00000000 0.00000000 0.00 0.00 0.00 0.02 0.01 0.19 0.04 -0.07 0.20 87.59 92.96 92.45 
0 0 0 50.68 0.00000000 0.00000000 0.00 0.00 0.00 0.08 0.09 -0.18 0.03 -0.00 0.00 93.93 95.25 90.01 
0 0 0 50.78 0.00000000 0.00000000 0.00 0.00 0.00 0.08 0.03 -0.07 0.03 -0.02 0.00 92.92 93.72 90.04 
0 0 0 50.88 0.00000000 0.00000000 0.00 0.00 0.00 0.08 0.05 0.02 0.01 -0.03 0.00 96.39 93.23 90.06 
0 0 0 50.98 0.00000000 0.00000000 0.00 0.00 0.00 0.08 0.06 0.00 0.00 0.01 0.00 93.76 93.89 90.03 
0 0 0 51.08 0.00000000 0.00000000 0.00 0.00 0.00 0.08 0.08 0.01 -0.00 -0.00 0.00 94.67 94.74 90.03 
0 0 0 51.19 0.00000000 0.00000000 0.00 0.00 0.00 0.08 0.08 0.01 0.01 0.00 0.00 94.72 94.35 90.01 
0 0 0 51.29 0.00000000 0.00000000 0.00 0.00 0.00 0.09 0.10 -0.00 0.01 -0.01 0.00 93.71 94.81 90.06 
0 0 0 51.39 0.00000000 0.00000000 0.00 0.00 0.00 0.05 0.07 0.14 0.01 -0.01 0.00 93.81 94.85 90.03 
0 0 0 51.49 0.00000000 0.00000000 0.00 0.00 0.00 0.08 0.05 -0.13 0.01 -0.01 0.00 92.23 94.63 90.05 
0 0 0 51.59 0.00000000 0.00000000 0.00 0.00 0.00 0.01 0.08 0.30 0.02 -0.01 0.00 92.64 94.14 90.03 
0 0 0 51.69 0.00000000 0.00000000 0.00 0.00 0.00 0.08 0.07 -0.00 0.01 -0.01 0.00 94.10 95.02 90.06 
0 0 0 51.79 0.00000000 0.00000000 0.00 0.00 0.00 0.07 0.09 -0.01 0.02 -0.01 0.00 95.39 94.71 90.03 
0 0 0 51.89 0.00000000 0.00000000 0.00 0.00 0.00 0.06 0.07 0.09 0.02 -0.01 0.00 94.11 93.43 90.04 
0 0 0 51.99 0.00000000 0.00000000 0.00 0.00 0.00 0.04 0.04 0.09 0.02 0.00 0.05 93.44 93.07 90.64 
0 0 0 52.09 0.00000000 0.00000000 0.00 0.00 0.00 0.10 0.09 -0.09 0.02 -0.00 0.00 95.77 92.38 90.06 
0 0 0 52.19 0.00000000 0.00000000 0.00 0.00 0.00 0.09 0.09 -0.02 0.03 0.01 0.03 95.58 92.99 90.35 
0 0 0 52.29 0.00000000 0.00000000 0.00 0.00 0.00 0.07 0.09 -0.02 0.00 -0.02 0.00 93.21 93.94 90.02 
0 0 0 52.39 0.00000000 0.00000000 0.00 0.00 0.00 0.00 0.09 0.39 0.02 -0.01 0.04 89.75 94.32 90.46 
0 0 0 52.49 0.00000000 0.00000000 0.00 0.00 0.00 0.10 0.08 -0.02 0.03 0.03 0.22 93.76 94.10 92.66 
0 0 0 52.59 0.00000000 0.00000000 0.00 0.00 0.00 0.05 0.00 -0.00 0.01 -0.01 0.11 93.74 91.51 91.30 
0 0 0 52.70 0.00000000 0.00000000 0.00 0.00 0.00 0.06 0.07 0.15 0.02 0.00 0.00 94.58 94.30 90.01 
0 0 0 52.80 0.00000000 0.00000000 0.00 0.00 0.00 0.03 0.05 0.17 0.01 -0.02 0.00 92.73 93.21 90.05 
0 0 0 52.90 0.00000000 0.00000000 0.00 0.00 0.00 0.05 0.04 0.13 0.01 -0.02 0.01 94.46 93.57 90.09 
0 0 0 53.00 0.00000000 0.00000000 0.00 0.00 0.00 0.05 0.07 0.19 0.01 0.01 0.00 93.53 93.44 90.02 
0 0 0 53.10 0.00000000 0.00000000 0.00 0.00 0.00 0.07 0.07 -0.03 0.03 0.00 0.00 93.03 94.76 90.01 
0 0 0 53.20 0.00000000 0.00000000 0.00 0.00 0.00 0.11 0.06 -0.10 0.01 -0.02 0.00 95.97 92.43 90.03 
0 0 0 53.30 0.00000000 0.00000000 0.00 0.00 0.00 0.09 0.07 0.01 0.01 0.01 0.00 94.58 93.43 90.03 
0 0 0 53.40 0.00000000 0.00000000 0.00 0.00 0.00 0.09 0.08 0.07 0.01 0.01 0.00 95.43 94.46 90.03 
0 0 0 53.50 0.00000000 0.00000000 0.00 0.00 0.00 0.06 0.07 0.15 0.01 -0.01 0.00 92.83 93.92 90.04 
0 0 0 53.60 0.00000000 0.00000000 0.00 0.00 0.00 0.05 0.06 0.14 0.01 -0.02 0.08 93.15 94.92 90.94 
0 0 0 53.70 0.00000000 0.00000000 0.00 0.00 0.00 0.05 0.05 0.18 0.01 -0.02 0.00 92.85 94.10 90.03 
0 0 0 53.80 0.00000000 0.00000000 0.00 0.00 0.00 0.11 0.07 -0.07 0.01 -0.01 0.00 95.44 93.57 90.03 
0 0 0 53.90 0.00000000 0.00000000 0.00 0.00 0.00 0.02 0.06 0.17 0.01 -0.01 0.00 92.47 93.68 90.05 
0 0 0 54.00 0.00000000 0.00000000 0.00 0.00 0.00 0.09 0.09 0.01 0.02 0.00 0.02 94.39 93.28 90.19 
0 0 0 54.11 0.00000000 0.00000000 0.00 0.00 0.00 0.03 0.06 0.25 -0.03 -0.06 -0.01 92.40 95.58 89.87 
0 0 0 54.21 0.00000000 0.00000000 0.00 0.00 0.00 0.08 0.08 -0.12 0.03 -0.04 0.01 94.54 95.49 90.06 
0 0 0 54.31 0.00000000 0.00000000 0.00 0.00 0.00 0.10 0.17 0.01 0.02 -0.03 0.01 94.27 96.82 90.13 
0 0 0 54.41 0.00000000 0.00000000 0.00 0.00 0.00 0.04 0.06 0.23 0.01 0.02 0.12 92.53 92.77 91.39 
0 0 0 54.51 0.00000000 0.00000000 0.00 0.00 0.00 0.08 0.08 0.14 0.02 -0.02 0.00 93.15 94.36 90.03 
0 0 0 54.61 0.00000000 0.00000000 0.00 0.00 0.00 0.04 0.06 0.23 0.02 -0.01 0.00 92.46 93.25 90.05 
0 0 0 54.71 0.00000000 0.00000000 0.00 0.00 0.00 0.08 0.08 -0.01 0.01 -0.01 0.00 93.41 94.39 90.05 
0 0 0 54.81 0.00000000 0.00000000 0.00 0.00 0.00 0.04 0.08 0.31 0.02 -0.01 0.00 92.88 94.31 90.05 
0 0 0 54.91 0.00000000 0.00000000 0.00 0.00 0.00 0.06 0.07 0.19 0.02 -0.02 0.00 93.01 93.74 90.03 
0 0 0 55.01 0.00000000 0.00000000 0.00 0.00 0.00 0.06 0.08 0.21 0.02 -0.03 0.00 93.50 95.00 90.05 
0 0 0 55.11 0.00000000 0.00000000 0.00 0.00 0.00 0.10 0.10 -0.02 0.02 -0.01 0.01 96.16 93.73 90.13 
0 0 0 55.21 0.00000000 0.00000000 0.00 0.00 0.00 0.14 0.09 -0.33 0.01 -0.03 0.07 98.59 94.29 90.90 
0 0 0 55.31 0.00000000 0.00000000 0.00 0.00 0.00 0.07 0.04 0.05 0.01 -0.01 0.03 92.86 93.34 90.32 
0 0 0 55.41 0.00000000 0.00000000 0.00 0.00 0.00 0.05 0.08 0.20 0.01 -0.00 0.02 95.65 94.92 90.28 
0 0 0 55.52 0.00000000 0.00000000 0.00 0.00 0.00 0.10 0.07 -0.07 0.00 0.02 0.11 95.19 91.97 91.33 
0 0 0 55.62 0.00000000 0.00000000 0.00 0.00 0.00 0.03 0.05 0.28 0.01 -0.02 0.08 90.33 93.65 90.95 
0 0 0 55.72 0.00000000 0.00000000 0.00 0.00 0.00 0.05 0.09 0.30 0.01 -0.00 0.00 93.33 92.82 90.05 
0 0 0 55.82 0.00000000 0.00000000 0.00 0.00 0.00 -0.35 -1.04 0.29 0.03 -0.02 0.01 79.64 71.81 90.10 
0 0 0 55.92 0.00000000 0.00000000 0.00 0.00 0.00 0.69 0.34 -1.77 0.01 -0.08 -0.07 101.84 116.64 89.10 
0 0 0 56.02 0.00000000 0.00000000 0.00 0.00 0.00 0.49 -0.39 -0.70 0.01 -0.04 0.33 95.66 80.75 94.00 
0 0 0 56.12 0.00000000 0.00000000 0.00 0.00 0.00 0.07 0.05 0.12 0.03 -0.04 0.01 92.04 93.97 90.13 
0 0 0 56.22 0.00000000 0.00000000 0.00 0.00 0.00 0.07 0.08 0.15 0.02 -0.02 0.00 93.63 94.55 90.01 
0 0 0 56.32 0.00000000 0.00000000 0.00 0.00 0.00 0.06 0.06 0.16 0.02 -0.03 0.00 93.78 94.30 90.05 
0 0 0 56.43 0.00000000 0.00000000 0.00 0.00 0.00 0.06 0.07 0.18 0.01 -0.01 0.00 93.66 94.28 90.02 
0 0 0 56.53 0.00000000 0.00000000 0.00 0.00 0.00 0.07 0.07 0.16 0.01 -0.01 0.00 93.84 93.92 90.05 
0 0 0 56.63 0.00000000 0.00000000 0.00 0.00 0.00 0.07 0.07 0.16 0.01 -0.01 0.00 93.65 94.09 90.02 
0 0 0 56.73 0.00000000 0.00000000 0.00 0.00 0.00 0.07 0.07 0.15 0.01 -0.01 0.00 93.76 94.23 90.03 
0 0 0 56.83 0.00000000 0.00000000 0.00 0.00 0.00 0.06 0.09 0.27 0.00 -0.00 0.00 93.51 93.64 90.03 
0 0 0 56.93 0.00000000 0.00000000 0.00 0.00 0.00 0.06 0.08 0.20 0.01 -0.01 0.00 93.69 94.57 90.01 
0 0 0 57.03 0.00000000 0.00000000 0.00 0.00 0.00 0.08 0.07 0.11 0.02 0.02 -0.00 94.32 95.15 89.99 
0 0 0 57.13 0.00000000 0.00000000 0.00 0.00 0.00 0.01 -0.01 0.28 0.03 0.00 -0.25 93.16 87.25 86.96 
0 0 0 57.23 0.00000000 0.00000000 0.00 0.00 0.00 0.05 0.14 0.33 0.01 -0.07 -0.32 100.48 99.16 86.18 
0 0 0 57.33 0.00000000 0.00000000 0.00 0.00 0.00 0.05 0.08 0.17 0.02 -0.01 -0.19 93.45 92.13 87.80 
0 0 0 57.43 0.00000000 0.00000000 0.00 0.00 0.00 0.05 0.08 0.13 0.03 -0.03 -0.11 92.59 93.93 88.72 
0 0 0 57.53 0.00000000 0.00000000 0.00 0.00 0.00 0.08 0.10 -0.04 -0.04 -0.05 0.00 93.69 96.24 90.05 
0 0 0 57.63 0.00000000 0.00000000 0.00 0.00 0.00 0.06 0.10 0.08 0.01 0.03 0.00 92.52 94.45 90.05 
0 0 0 57.73 0.00000000 0.00000000 0.00 0.00 0.00 0.10 0.03 -0.13 0.01 -0.04 0.04 95.13 91.44 90.53 
0 0 0 57.83 0.00000000 0.00000000 0.00 0.00 0.00 0.06 0.06 0.05 -0.01 0.00 0.00 93.75 93.70 90.03 
