0 0 0 0 0 0 1.63 0 0.00000000 0.00000000 0.00 0.00 0.00 0.00 0.00 0.00 
0 0 0 0 0 0 1.71 0 0.00000000 0.00000000 0.00 0.00 0.00 0.00 0.00 0.00 
0 0 0 0 0 0 1.74 0 0.00000000 0.00000000 0.00 0.00 0.00 0.00 0.00 0.00 
0 0 0 0 0 0 1.76 0 0.00000000 0.00000000 0.00 0.00 0.00 0.00 0.00 0.00 
0 0 0 0 0 0 1.79 0 0.00000000 0.00000000 0.00 0.00 0.00 0.00 0.00 0.00 
0 0 0 0 0 0 1.81 0 0.00000000 0.00000000 0.00 0.00 0.00 0.00 0.00 0.00 
0 0 0 0 0 0 1.84 0 0.00000000 0.00000000 0.00 0.00 0.00 0.00 0.00 0.00 
0 0 0 0 0 0 1.86 0 0.00000000 0.00000000 0.00 0.00 0.00 0.00 0.00 0.00 
0 0 0 0 0 0 1.89 0 0.00000000 0.00000000 0.00 0.00 0.00 0.00 0.00 0.00 
0 0 0 0 0 0 1.91 0 0.00000000 0.00000000 0.00 0.00 0.00 0.00 0.00 0.00 
0 0 0 0 0 0 1.94 0 0.00000000 0.00000000 0.00 0.00 0.00 0.00 0.00 0.00 
0 0 0 0 0 0 1.96 0 0.00000000 0.00000000 0.00 0.00 0.00 0.00 0.00 0.00 
0 0 0 0 0 0 1.98 0 0.00000000 0.00000000 0.00 0.00 0.00 0.00 0.00 0.00 
0 0 0 0 0 0 2.02 0 0.00000000 0.00000000 0.00 0.00 0.00 87.33 86.00 90.00 
0 0 0 0 0 0 2.04 0 0.00000000 0.00000000 0.00 0.00 0.00 87.33 86.00 90.00 
0 0 0 0 0 0 2.07 0 0.00000000 0.00000000 0.00 0.00 0.00 87.33 86.00 90.00 
0 0 0 0 0 0 2.09 0 0.00000000 0.00000000 0.00 0.00 0.00 87.33 86.00 90.00 
0 0 0 0 0 0 2.12 0 0.00000000 0.00000000 0.00 0.00 0.00 87.33 86.00 90.00 
0 0 0 0 0 0 2.14 0 0.00000000 0.00000000 0.00 0.00 0.00 87.33 86.00 90.00 
0 0 0 0 0 0 2.17 0 0.00000000 0.00000000 0.00 0.00 0.00 87.33 86.00 90.00 
0 0 0 0 0 0 2.19 0 0.00000000 0.00000000 0.00 0.00 0.00 87.33 86.00 90.00 
0 0 0 0 0 0 2.22 0 0.00000000 0.00000000 0.00 0.00 0.00 87.33 86.00 90.00 
0 0 0 0 0 0 2.24 0 0.00000000 0.00000000 0.00 0.00 0.00 87.33 86.00 90.00 
0 0 0 0 0 0 2.27 0 0.00000000 0.00000000 0.00 0.00 0.00 87.33 86.00 90.00 
0 0 0 0 0 0 2.29 0 0.00000000 0.00000000 0.00 0.00 0.00 87.33 86.00 90.00 
0 0 0 0 0 0 2.31 0 0.00000000 0.00000000 0.00 0.00 0.00 87.33 86.00 90.00 
0 0 0 0 0 0 2.34 0 0.00000000 0.00000000 0.00 0.00 0.00 87.33 86.00 90.00 
0 0 0 0 0 0 2.36 0 0.00000000 0.00000000 0.00 0.00 0.00 87.33 86.00 90.00 
0 0 0 0 0 0 2.39 0 0.00000000 0.00000000 0.00 0.00 0.00 87.33 86.00 90.00 
0 0 0 0 0 0 2.42 0 0.00000000 0.00000000 0.00 0.00 0.00 87.33 86.00 90.00 
0 0 0 0 0 0 2.44 0 0.00000000 0.00000000 0.00 0.00 0.00 87.33 86.00 90.00 
0 0 0 0 0 0 2.47 0 0.00000000 0.00000000 0.00 0.00 0.00 87.33 86.00 90.00 
0 0 0 0 0 0 2.49 0 0.00000000 0.00000000 0.00 0.00 0.00 87.33 86.00 90.00 
0 0 0 0 0 0 2.52 0 0.00000000 0.00000000 0.00 0.00 0.00 87.33 86.00 90.00 
0 0 0 0 0 0 2.54 0 0.00000000 0.00000000 0.00 0.00 0.00 87.33 86.00 90.00 
0 0 0 0 0 0 2.57 0 0.00000000 0.00000000 0.00 0.00 0.00 87.33 86.00 90.00 
0 0 0 0 0 0 2.59 0 0.00000000 0.00000000 0.00 0.00 0.00 87.33 86.00 90.00 
0 0 0 0 0 0 2.62 0 0.00000000 0.00000000 0.00 0.00 0.00 87.33 86.00 90.00 
0 0 0 0 0 0 2.64 0 0.00000000 0.00000000 0.00 0.00 0.00 87.33 86.00 90.00 
0 0 0 0 0 0 2.67 0 0.00000000 0.00000000 0.00 0.00 0.00 87.33 86.00 90.00 
0 0 0 0 0 0 2.69 0 0.00000000 0.00000000 0.00 0.00 0.00 87.33 86.00 90.00 
0 0 0 0 0 0 2.72 0 0.00000000 0.00000000 0.00 0.00 0.00 87.33 86.00 90.00 
0 0 0 0 0 0 2.75 0 0.00000000 0.00000000 0.00 0.00 0.00 87.33 86.00 90.00 
0 0 0 0 0 0 2.77 0 0.00000000 0.00000000 0.00 0.00 0.00 87.33 86.00 90.00 
0 0 0 0 0 0 2.80 0 0.00000000 0.00000000 0.00 0.00 0.00 87.33 86.00 90.00 
0 0 0 0 0 0 2.84 0 0.00000000 0.00000000 0.00 0.00 0.00 87.33 86.00 90.00 
0 0 0 0 0 0 2.87 0 0.00000000 0.00000000 0.00 0.00 0.00 87.33 86.00 90.00 
0 0 0 0 0 0 2.90 0 0.00000000 0.00000000 0.00 0.00 0.00 87.33 86.00 90.00 
0 0 0 0 0 0 2.92 0 0.00000000 0.00000000 0.00 0.00 0.00 87.33 86.00 90.00 
0 0 0 0 0 0 2.95 0 0.00000000 0.00000000 0.00 0.00 0.00 87.33 86.00 90.00 
0 0 0 0 0 0 2.97 0 0.00000000 0.00000000 0.00 0.00 0.00 87.33 86.00 90.00 
0 0 0 0 0 0 3.00 0 0.00000000 0.00000000 0.00 0.00 0.00 87.33 86.00 90.00 
0 0 0 0 0 0 3.03 0 0.00000000 0.00000000 0.00 0.00 0.00 87.63 85.73 90.00 
0 0 0 0 0 0 3.05 0 0.00000000 0.00000000 0.00 0.00 0.00 87.63 85.73 90.00 
0 0 0 0 0 0 3.08 0 0.00000000 0.00000000 0.00 0.00 0.00 87.63 85.73 90.00 
0 0 0 0 0 0 3.10 0 0.00000000 0.00000000 0.00 0.00 0.00 87.63 85.73 90.00 
0 0 0 0 0 0 3.14 0 0.00000000 0.00000000 0.00 0.00 0.00 87.63 85.73 90.00 
0 0 0 0 0 0 3.17 0 0.00000000 0.00000000 0.00 0.00 0.00 87.63 85.73 90.00 
0 0 0 0 0 0 3.19 0 0.00000000 0.00000000 0.00 0.00 0.00 87.63 85.73 90.00 
0 0 0 0 0 0 3.22 0 0.00000000 0.00000000 0.00 0.00 0.00 87.63 85.73 90.00 
0 0 0 0 0 0 3.24 0 0.00000000 0.00000000 0.00 0.00 0.00 87.63 85.73 90.00 
0 0 0 0 0 0 3.27 0 0.00000000 0.00000000 0.00 0.00 0.00 87.63 85.73 90.00 
0 0 0 0 0 0 3.29 0 0.00000000 0.00000000 0.00 0.00 0.00 87.63 85.73 90.00 
0 0 0 0 0 0 3.32 0 0.00000000 0.00000000 0.00 0.00 0.00 87.63 85.73 90.00 
0 0 0 0 0 0 3.34 0 0.00000000 0.00000000 0.00 0.00 0.00 87.63 85.73 90.00 
0 0 0 0 0 0 3.37 0 0.00000000 0.00000000 0.00 0.00 0.00 87.63 85.73 90.00 
0 0 0 0 0 0 3.39 0 0.00000000 0.00000000 0.00 0.00 0.00 87.63 85.73 90.00 
0 0 0 0 0 0 3.42 0 0.00000000 0.00000000 0.00 0.00 0.00 87.63 85.73 90.00 
0 0 0 0 0 0 3.44 0 0.00000000 0.00000000 0.00 0.00 0.00 87.63 85.73 90.00 
0 0 0 0 0 0 3.47 0 0.00000000 0.00000000 0.00 0.00 0.00 87.63 85.73 90.00 
0 0 0 0 0 0 3.50 0 0.00000000 0.00000000 0.00 0.00 0.00 87.63 85.73 90.00 
0 0 0 0 0 0 3.52 0 0.00000000 0.00000000 0.00 0.00 0.00 87.63 85.73 90.00 
0 0 0 0 0 0 3.55 0 0.00000000 0.00000000 0.00 0.00 0.00 87.63 85.73 90.00 
0 0 0 0 0 0 3.57 0 0.00000000 0.00000000 0.00 0.00 0.00 87.63 85.73 90.00 
0 0 0 0 0 0 3.60 0 0.00000000 0.00000000 0.00 0.00 0.00 87.63 85.73 90.00 
0 0 0 0 0 0 3.62 0 0.00000000 0.00000000 0.00 0.00 0.00 87.63 85.73 90.00 
0 0 0 0 0 0 3.65 0 0.00000000 0.00000000 0.00 0.00 0.00 87.63 85.73 90.00 
0 0 0 0 0 0 3.68 0 0.00000000 0.00000000 0.00 0.00 0.00 87.63 85.73 90.00 
0 0 0 0 0 0 3.70 0 0.00000000 0.00000000 0.00 0.00 0.00 87.63 85.73 90.00 
0 0 0 0 0 0 3.72 0 0.00000000 0.00000000 0.00 0.00 0.00 87.63 85.73 90.00 
0 0 0 0 0 0 3.75 0 0.00000000 0.00000000 0.00 0.00 0.00 87.63 85.73 90.00 
0 0 0 0 0 0 3.77 0 0.00000000 0.00000000 0.00 0.00 0.00 87.63 85.73 90.00 
0 0 0 0 0 0 3.80 0 0.00000000 0.00000000 0.00 0.00 0.00 87.63 85.73 90.00 
0 0 0 0 0 0 3.83 0 0.00000000 0.00000000 0.00 0.00 0.00 87.63 85.73 90.00 
0 0 0 0 0 0 3.85 0 0.00000000 0.00000000 0.00 0.00 0.00 87.63 85.73 90.00 
0 0 0 0 0 0 3.88 0 0.00000000 0.00000000 0.00 0.00 0.00 87.63 85.73 90.00 
0 0 0 0 0 0 3.90 0 0.00000000 0.00000000 0.00 0.00 0.00 87.63 85.73 90.00 
0 0 0 0 0 0 3.93 0 0.00000000 0.00000000 0.00 0.00 0.00 87.63 85.73 90.00 
0 0 0 0 0 0 3.95 0 0.00000000 0.00000000 0.00 0.00 0.00 87.63 85.73 90.00 
0 0 0 0 0 0 3.98 0 0.00000000 0.00000000 0.00 0.00 0.00 87.63 85.73 90.00 
0 0 0 0 0 0 4.01 0 0.00000000 0.00000000 0.00 0.00 0.00 87.20 85.85 90.00 
0 0 0 0 0 0 4.03 0 0.00000000 0.00000000 0.00 0.00 0.00 87.20 85.85 90.00 
0 0 0 0 0 0 4.06 0 0.00000000 0.00000000 0.00 0.00 0.00 87.20 85.85 90.00 
0 0 0 0 0 0 4.09 0 0.00000000 0.00000000 0.00 0.00 0.00 87.20 85.85 90.00 
0 0 0 0 0 0 4.11 0 0.00000000 0.00000000 0.00 0.00 0.00 87.20 85.85 90.00 
0 0 0 0 0 0 4.13 0 0.00000000 0.00000000 0.00 0.00 0.00 87.20 85.85 90.00 
0 0 0 0 0 0 4.16 0 0.00000000 0.00000000 0.00 0.00 0.00 87.20 85.85 90.00 
0 0 0 0 0 0 4.19 0 0.00000000 0.00000000 0.00 0.00 0.00 87.20 85.85 90.00 
0 0 0 0 0 0 4.21 0 0.00000000 0.00000000 0.00 0.00 0.00 87.20 85.85 90.00 
0 0 0 0 0 0 4.24 0 0.00000000 0.00000000 0.00 0.00 0.00 87.20 85.85 90.00 
0 0 0 0 0 0 4.26 0 0.00000000 0.00000000 0.00 0.00 0.00 87.20 85.85 90.00 
0 0 0 0 0 0 4.29 0 0.00000000 0.00000000 0.00 0.00 0.00 87.20 85.85 90.00 
0 0 0 0 0 0 4.31 0 0.00000000 0.00000000 0.00 0.00 0.00 87.20 85.85 90.00 
0 0 0 0 0 0 4.35 0 0.00000000 0.00000000 0.00 0.00 0.00 87.20 85.85 90.00 
0 0 0 0 0 0 4.39 0 0.00000000 0.00000000 0.00 0.00 0.00 87.20 85.85 90.00 
0 0 0 0 0 0 4.41 0 0.00000000 0.00000000 0.00 0.00 0.00 87.20 85.85 90.00 
0 0 0 0 0 0 4.43 0 0.00000000 0.00000000 0.00 0.00 0.00 87.20 85.85 90.00 
0 0 0 0 0 0 4.46 0 0.00000000 0.00000000 0.00 0.00 0.00 87.20 85.85 90.00 
0 0 0 0 0 0 4.49 0 0.00000000 0.00000000 0.00 0.00 0.00 87.20 85.85 90.00 
0 0 0 0 0 0 4.51 0 0.00000000 0.00000000 0.00 0.00 0.00 87.20 85.85 90.00 
0 0 0 0 0 0 4.55 0 0.00000000 0.00000000 0.00 0.00 0.00 87.20 85.85 90.00 
0 0 0 0 0 0 4.57 0 0.00000000 0.00000000 0.00 0.00 0.00 87.20 85.85 90.00 
0 0 0 0 0 0 4.60 0 0.00000000 0.00000000 0.00 0.00 0.00 87.20 85.85 90.00 
0 0 0 0 0 0 4.62 0 0.00000000 0.00000000 0.00 0.00 0.00 87.20 85.85 90.00 
0 0 0 0 0 0 4.65 0 0.00000000 0.00000000 0.00 0.00 0.00 87.20 85.85 90.00 
0 0 0 0 0 0 4.67 0 0.00000000 0.00000000 0.00 0.00 0.00 87.20 85.85 90.00 
0 0 0 0 0 0 4.70 0 0.00000000 0.00000000 0.00 0.00 0.00 87.20 85.85 90.00 
0 0 0 0 0 0 4.73 0 0.00000000 0.00000000 0.00 0.00 0.00 87.20 85.85 90.00 
0 0 0 0 0 0 4.75 0 0.00000000 0.00000000 0.00 0.00 0.00 87.20 85.85 90.00 
0 0 0 0 0 0 4.78 0 0.00000000 0.00000000 0.00 0.00 0.00 87.20 85.85 90.00 
0 0 0 0 0 0 4.80 0 0.00000000 0.00000000 0.00 0.00 0.00 87.20 85.85 90.00 
0 0 0 0 0 0 4.82 0 0.00000000 0.00000000 0.00 0.00 0.00 87.20 85.85 90.00 
0 0 0 0 0 0 4.85 0 0.00000000 0.00000000 0.00 0.00 0.00 87.20 85.85 90.00 
0 0 0 0 0 0 4.88 0 0.00000000 0.00000000 0.00 0.00 0.00 87.20 85.85 90.00 
0 0 0 0 0 0 4.90 0 0.00000000 0.00000000 0.00 0.00 0.00 87.20 85.85 90.00 
0 0 0 0 0 0 4.93 0 0.00000000 0.00000000 0.00 0.00 0.00 87.20 85.85 90.00 
0 0 0 0 0 0 4.95 0 0.00000000 0.00000000 0.00 0.00 0.00 87.20 85.85 90.00 
0 0 0 0 0 0 4.98 0 0.00000000 0.00000000 0.00 0.00 0.00 87.20 85.85 90.00 
0 0 0 0 0 0 5.01 0 0.00000000 0.00000000 0.00 0.00 0.00 88.09 85.59 90.00 
0 0 0 0 0 0 5.03 0 0.00000000 0.00000000 0.00 0.00 0.00 88.09 85.59 90.00 
0 0 0 0 0 0 5.06 0 0.00000000 0.00000000 0.00 0.00 0.00 88.09 85.59 90.00 
0 0 0 0 0 0 5.09 0 0.00000000 0.00000000 0.00 0.00 0.00 88.09 85.59 90.00 
0 0 0 0 0 0 5.11 0 0.00000000 0.00000000 0.00 0.00 0.00 88.09 85.59 90.00 
0 0 0 0 0 0 5.14 0 0.00000000 0.00000000 0.00 0.00 0.00 88.09 85.59 90.00 
0 0 0 0 0 0 5.16 0 0.00000000 0.00000000 0.00 0.00 0.00 88.09 85.59 90.00 
0 0 0 0 0 0 5.19 0 0.00000000 0.00000000 0.00 0.00 0.00 88.09 85.59 90.00 
0 0 0 0 0 0 5.21 0 0.00000000 0.00000000 0.00 0.00 0.00 88.09 85.59 90.00 
0 0 0 0 0 0 5.24 0 0.00000000 0.00000000 0.00 0.00 0.00 88.09 85.59 90.00 
0 0 0 0 0 0 5.26 0 0.00000000 0.00000000 0.00 0.00 0.00 88.09 85.59 90.00 
0 0 0 0 0 0 5.29 0 0.00000000 0.00000000 0.00 0.00 0.00 88.09 85.59 90.00 
0 0 0 0 0 0 5.31 0 0.00000000 0.00000000 0.00 0.00 0.00 88.09 85.59 90.00 
0 0 0 0 0 0 5.34 0 0.00000000 0.00000000 0.00 0.00 0.00 88.09 85.59 90.00 
0 0 0 0 0 0 5.36 0 0.00000000 0.00000000 0.00 0.00 0.00 88.09 85.59 90.00 
0 0 0 0 0 0 5.39 0 0.00000000 0.00000000 0.00 0.00 0.00 88.09 85.59 90.00 
0 0 0 0 0 0 5.42 0 0.00000000 0.00000000 0.00 0.00 0.00 88.09 85.59 90.00 
0 0 0 0 0 0 5.44 0 0.00000000 0.00000000 0.00 0.00 0.00 88.09 85.59 90.00 
0 0 0 0 0 0 5.47 0 0.00000000 0.00000000 0.00 0.00 0.00 88.09 85.59 90.00 
0 0 0 0 0 0 5.49 0 0.00000000 0.00000000 0.00 0.00 0.00 88.09 85.59 90.00 
0 0 0 0 0 0 5.52 0 0.00000000 0.00000000 0.00 0.00 0.00 88.09 85.59 90.00 
0 0 0 0 0 0 5.54 0 0.00000000 0.00000000 0.00 0.00 0.00 88.09 85.59 90.00 
0 0 0 0 0 0 5.57 0 0.00000000 0.00000000 0.00 0.00 0.00 88.09 85.59 90.00 
0 0 0 0 0 0 5.59 0 0.00000000 0.00000000 0.00 0.00 0.00 88.09 85.59 90.00 
0 0 0 0 0 0 5.62 0 0.00000000 0.00000000 0.00 0.00 0.00 88.09 85.59 90.00 
0 0 0 0 0 0 5.64 0 0.00000000 0.00000000 0.00 0.00 0.00 88.09 85.59 90.00 
0 0 0 0 0 0 5.67 0 0.00000000 0.00000000 0.00 0.00 0.00 88.09 85.59 90.00 
0 0 0 0 0 0 5.69 0 0.00000000 0.00000000 0.00 0.00 0.00 88.09 85.59 90.00 
0 0 0 0 0 0 5.72 0 0.00000000 0.00000000 0.00 0.00 0.00 88.09 85.59 90.00 
0 0 0 0 0 0 5.74 0 0.00000000 0.00000000 0.00 0.00 0.00 88.09 85.59 90.00 
0 0 0 0 0 0 5.77 0 0.00000000 0.00000000 0.00 0.00 0.00 88.09 85.59 90.00 
0 0 0 0 0 0 5.80 0 0.00000000 0.00000000 0.00 0.00 0.00 88.09 85.59 90.00 
0 0 0 0 0 0 5.82 0 0.00000000 0.00000000 0.00 0.00 0.00 88.09 85.59 90.00 
0 0 0 0 0 0 5.85 0 0.00000000 0.00000000 0.00 0.00 0.00 88.09 85.59 90.00 
0 0 0 0 0 0 5.88 0 0.00000000 0.00000000 0.00 0.00 0.00 88.09 85.59 90.00 
0 0 0 0 0 0 5.92 0 0.00000000 0.00000000 0.00 0.00 0.00 88.09 85.59 90.00 
0 0 0 0 0 0 5.94 0 0.00000000 0.00000000 0.00 0.00 0.00 88.09 85.59 90.00 
0 0 0 0 0 0 5.98 0 0.00000000 0.00000000 0.00 0.00 0.00 88.09 85.59 90.00 
0 0 0 0 0 0 6.01 0 0.00000000 0.00000000 0.00 0.00 0.00 87.82 85.70 90.00 
0 0 0 0 0 0 6.04 0 0.00000000 0.00000000 0.00 0.00 0.00 87.82 85.70 90.00 
0 0 0 0 0 0 6.06 0 0.00000000 0.00000000 0.00 0.00 0.00 87.82 85.70 90.00 
0 0 0 0 0 0 6.09 0 0.00000000 0.00000000 0.00 0.00 0.00 87.82 85.70 90.00 
0 0 0 0 0 0 6.11 0 0.00000000 0.00000000 0.00 0.00 0.00 87.82 85.70 90.00 
0 0 0 0 0 0 6.14 0 0.00000000 0.00000000 0.00 0.00 0.00 87.82 85.70 90.00 
0 0 0 0 0 0 6.16 0 0.00000000 0.00000000 0.00 0.00 0.00 87.82 85.70 90.00 
0 0 0 0 0 0 6.19 0 0.00000000 0.00000000 0.00 0.00 0.00 87.82 85.70 90.00 
0 0 0 0 0 0 6.21 0 0.00000000 0.00000000 0.00 0.00 0.00 87.82 85.70 90.00 
0 0 0 0 0 0 6.24 0 0.00000000 0.00000000 0.00 0.00 0.00 87.82 85.70 90.00 
0 0 0 0 0 0 6.26 0 0.00000000 0.00000000 0.00 0.00 0.00 87.82 85.70 90.00 
0 0 0 0 0 0 6.29 0 0.00000000 0.00000000 0.00 0.00 0.00 87.82 85.70 90.00 
0 0 0 0 0 0 6.31 0 0.00000000 0.00000000 0.00 0.00 0.00 87.82 85.70 90.00 
0 0 0 0 0 0 6.34 0 0.00000000 0.00000000 0.00 0.00 0.00 87.82 85.70 90.00 
0 0 0 0 0 0 6.37 0 0.00000000 0.00000000 0.00 0.00 0.00 87.82 85.70 90.00 
0 0 0 0 0 0 6.39 0 0.00000000 0.00000000 0.00 0.00 0.00 87.82 85.70 90.00 
0 0 0 0 0 0 6.42 0 0.00000000 0.00000000 0.00 0.00 0.00 87.82 85.70 90.00 
0 0 0 0 0 0 6.44 0 0.00000000 0.00000000 0.00 0.00 0.00 87.82 85.70 90.00 
0 0 0 0 0 0 6.47 0 0.00000000 0.00000000 0.00 0.00 0.00 87.82 85.70 90.00 
0 0 0 0 0 0 6.50 0 0.00000000 0.00000000 0.00 0.00 0.00 87.82 85.70 90.00 
0 0 0 0 0 0 6.52 0 0.00000000 0.00000000 0.00 0.00 0.00 87.82 85.70 90.00 
0 0 0 0 0 0 6.54 0 0.00000000 0.00000000 0.00 0.00 0.00 87.82 85.70 90.00 
0 0 0 0 0 0 6.57 0 0.00000000 0.00000000 0.00 0.00 0.00 87.82 85.70 90.00 
0 0 0 0 0 0 6.59 0 0.00000000 0.00000000 0.00 0.00 0.00 87.82 85.70 90.00 
0 0 0 0 0 0 6.62 0 0.00000000 0.00000000 0.00 0.00 0.00 87.82 85.70 90.00 
0 0 0 0 0 0 6.64 0 0.00000000 0.00000000 0.00 0.00 0.00 87.82 85.70 90.00 
0 0 0 0 0 0 6.67 0 0.00000000 0.00000000 0.00 0.00 0.00 87.82 85.70 90.00 
0 0 0 0 0 0 6.70 0 0.00000000 0.00000000 0.00 0.00 0.00 87.82 85.70 90.00 
0 0 0 0 0 0 6.72 0 0.00000000 0.00000000 0.00 0.00 0.00 87.82 85.70 90.00 
0 0 0 0 0 0 6.75 0 0.00000000 0.00000000 0.00 0.00 0.00 87.82 85.70 90.00 
0 0 0 0 0 0 6.77 0 0.00000000 0.00000000 0.00 0.00 0.00 87.82 85.70 90.00 
0 0 0 0 0 0 6.80 0 0.00000000 0.00000000 0.00 0.00 0.00 87.82 85.70 90.00 
0 0 0 0 0 0 6.82 0 0.00000000 0.00000000 0.00 0.00 0.00 87.82 85.70 90.00 
0 0 0 0 0 0 6.85 0 0.00000000 0.00000000 0.00 0.00 0.00 87.82 85.70 90.00 
0 0 0 0 0 0 6.88 0 0.00000000 0.00000000 0.00 0.00 0.00 87.82 85.70 90.00 
0 0 0 0 0 0 6.90 0 0.00000000 0.00000000 0.00 0.00 0.00 87.82 85.70 90.00 
0 0 0 0 0 0 6.93 0 0.00000000 0.00000000 0.00 0.00 0.00 87.82 85.70 90.00 
0 0 0 0 0 0 6.95 0 0.00000000 0.00000000 0.00 0.00 0.00 87.82 85.70 90.00 
0 0 0 0 0 0 6.97 0 0.00000000 0.00000000 0.00 0.00 0.00 87.82 85.70 90.00 
0 0 0 0 0 0 7.00 0 0.00000000 0.00000000 0.00 0.00 0.00 87.82 85.70 90.00 
0 0 0 0 0 0 7.03 0 0.00000000 0.00000000 0.00 0.00 0.00 88.51 85.13 90.00 
0 0 0 0 0 0 7.06 0 0.00000000 0.00000000 0.00 0.00 0.00 88.51 85.13 90.00 
0 0 0 0 0 0 7.08 0 0.00000000 0.00000000 0.00 0.00 0.00 88.51 85.13 90.00 
0 0 0 0 0 0 7.11 0 0.00000000 0.00000000 0.00 0.00 0.00 88.51 85.13 90.00 
0 0 0 0 0 0 7.13 0 0.00000000 0.00000000 0.00 0.00 0.00 88.51 85.13 90.00 
0 0 0 0 0 0 7.16 0 0.00000000 0.00000000 0.00 0.00 0.00 88.51 85.13 90.00 
0 0 0 0 0 0 7.18 0 0.00000000 0.00000000 0.00 0.00 0.00 88.51 85.13 90.00 
0 0 0 0 0 0 7.21 0 0.00000000 0.00000000 0.00 0.00 0.00 88.51 85.13 90.00 
0 0 0 0 0 0 7.24 0 0.00000000 0.00000000 0.00 0.00 0.00 88.51 85.13 90.00 
0 0 0 0 0 0 7.26 0 0.00000000 0.00000000 0.00 0.00 0.00 88.51 85.13 90.00 
0 0 0 0 0 0 7.28 0 0.00000000 0.00000000 0.00 0.00 0.00 88.51 85.13 90.00 
0 0 0 0 0 0 7.31 0 0.00000000 0.00000000 0.00 0.00 0.00 88.51 85.13 90.00 
0 0 0 0 0 0 7.33 0 0.00000000 0.00000000 0.00 0.00 0.00 88.51 85.13 90.00 
0 0 0 0 0 0 7.37 0 0.00000000 0.00000000 0.00 0.00 0.00 88.51 85.13 90.00 
0 0 0 0 0 0 7.41 0 0.00000000 0.00000000 0.00 0.00 0.00 88.51 85.13 90.00 
0 0 0 0 0 0 7.44 0 0.00000000 0.00000000 0.00 0.00 0.00 88.51 85.13 90.00 
0 0 0 0 0 0 7.47 0 0.00000000 0.00000000 0.00 0.00 0.00 88.51 85.13 90.00 
0 0 0 0 0 0 7.49 0 0.00000000 0.00000000 0.00 0.00 0.00 88.51 85.13 90.00 
0 0 0 0 0 0 7.52 0 0.00000000 0.00000000 0.00 0.00 0.00 88.51 85.13 90.00 
0 0 0 0 0 0 7.54 0 0.00000000 0.00000000 0.00 0.00 0.00 88.51 85.13 90.00 
0 0 0 0 0 0 7.57 0 0.00000000 0.00000000 0.00 0.00 0.00 88.51 85.13 90.00 
0 0 0 0 0 0 7.60 0 0.00000000 0.00000000 0.00 0.00 0.00 88.51 85.13 90.00 
0 0 0 0 0 0 7.62 0 0.00000000 0.00000000 0.00 0.00 0.00 88.51 85.13 90.00 
0 0 0 0 0 0 7.65 0 0.00000000 0.00000000 0.00 0.00 0.00 88.51 85.13 90.00 
0 0 0 0 0 0 7.67 0 0.00000000 0.00000000 0.00 0.00 0.00 88.51 85.13 90.00 
0 0 0 0 0 0 7.70 0 0.00000000 0.00000000 0.00 0.00 0.00 88.51 85.13 90.00 
0 0 0 0 0 0 7.72 0 0.00000000 0.00000000 0.00 0.00 0.00 88.51 85.13 90.00 
0 0 0 0 0 0 7.75 0 0.00000000 0.00000000 0.00 0.00 0.00 88.51 85.13 90.00 
0 0 0 0 0 0 7.77 0 0.00000000 0.00000000 0.00 0.00 0.00 88.51 85.13 90.00 
0 0 0 0 0 0 7.80 0 0.00000000 0.00000000 0.00 0.00 0.00 88.51 85.13 90.00 
0 0 0 0 0 0 7.82 0 0.00000000 0.00000000 0.00 0.00 0.00 88.51 85.13 90.00 
0 0 0 0 0 0 7.85 0 0.00000000 0.00000000 0.00 0.00 0.00 88.51 85.13 90.00 
0 0 0 0 0 0 7.87 0 0.00000000 0.00000000 0.00 0.00 0.00 88.51 85.13 90.00 
0 0 0 0 0 0 7.90 0 0.00000000 0.00000000 0.00 0.00 0.00 88.51 85.13 90.00 
0 0 0 0 0 0 7.93 0 0.00000000 0.00000000 0.00 0.00 0.00 88.51 85.13 90.00 
0 0 0 0 0 0 7.95 0 0.00000000 0.00000000 0.00 0.00 0.00 88.51 85.13 90.00 
0 0 0 0 0 0 7.98 0 0.00000000 0.00000000 0.00 0.00 0.00 88.51 85.13 90.00 
0 0 0 0 0 0 8.01 0 0.00000000 0.00000000 0.00 0.00 0.00 88.06 85.61 90.00 
0 0 0 0 0 0 8.03 0 0.00000000 0.00000000 0.00 0.00 0.00 88.06 85.61 90.00 
0 0 0 0 0 0 8.06 0 0.00000000 0.00000000 0.00 0.00 0.00 88.06 85.61 90.00 
0 0 0 0 0 0 8.08 0 0.00000000 0.00000000 0.00 0.00 0.00 88.06 85.61 90.00 
0 0 0 0 0 0 8.11 0 0.00000000 0.00000000 0.00 0.00 0.00 88.06 85.61 90.00 
0 0 0 0 0 0 8.13 0 0.00000000 0.00000000 0.00 0.00 0.00 88.06 85.61 90.00 
0 0 0 0 0 0 8.16 0 0.00000000 0.00000000 0.00 0.00 0.00 88.06 85.61 90.00 
0 0 0 0 0 0 8.18 0 0.00000000 0.00000000 0.00 0.00 0.00 88.06 85.61 90.00 
0 0 0 0 0 0 8.21 0 0.00000000 0.00000000 0.00 0.00 0.00 88.06 85.61 90.00 
0 0 0 0 0 0 8.23 0 0.00000000 0.00000000 0.00 0.00 0.00 88.06 85.61 90.00 
0 0 0 0 0 0 8.26 0 0.00000000 0.00000000 0.00 0.00 0.00 88.06 85.61 90.00 
0 0 0 0 0 0 8.29 0 0.00000000 0.00000000 0.00 0.00 0.00 88.06 85.61 90.00 
0 0 0 0 0 0 8.31 0 0.00000000 0.00000000 0.00 0.00 0.00 88.06 85.61 90.00 
0 0 0 0 0 0 8.34 0 0.00000000 0.00000000 0.00 0.00 0.00 88.06 85.61 90.00 
0 0 0 0 0 0 8.36 0 0.00000000 0.00000000 0.00 0.00 0.00 88.06 85.61 90.00 
0 0 0 0 0 0 8.39 0 0.00000000 0.00000000 0.00 0.00 0.00 88.06 85.61 90.00 
0 0 0 0 0 0 8.41 0 0.00000000 0.00000000 0.00 0.00 0.00 88.06 85.61 90.00 
0 0 0 0 0 0 8.44 0 0.00000000 0.00000000 0.00 0.00 0.00 88.06 85.61 90.00 
0 0 0 0 0 0 8.46 0 0.00000000 0.00000000 0.00 0.00 0.00 88.06 85.61 90.00 
0 0 0 0 0 0 8.49 0 0.00000000 0.00000000 0.00 0.00 0.00 88.06 85.61 90.00 
0 0 0 0 0 0 8.51 0 0.00000000 0.00000000 0.00 0.00 0.00 88.06 85.61 90.00 
0 0 0 0 0 0 8.54 0 0.00000000 0.00000000 0.00 0.00 0.00 88.06 85.61 90.00 
0 0 0 0 0 0 8.56 0 0.00000000 0.00000000 0.00 0.00 0.00 88.06 85.61 90.00 
0 0 0 0 0 0 8.59 0 0.00000000 0.00000000 0.00 0.00 0.00 88.06 85.61 90.00 
0 0 0 0 0 0 8.62 0 0.00000000 0.00000000 0.00 0.00 0.00 88.06 85.61 90.00 
0 0 0 0 0 0 8.64 0 0.00000000 0.00000000 0.00 0.00 0.00 88.06 85.61 90.00 
0 0 0 0 0 0 8.67 0 0.00000000 0.00000000 0.00 0.00 0.00 88.06 85.61 90.00 
0 0 0 0 0 0 8.69 0 0.00000000 0.00000000 0.00 0.00 0.00 88.06 85.61 90.00 
0 0 0 0 0 0 8.72 0 0.00000000 0.00000000 0.00 0.00 0.00 88.06 85.61 90.00 
0 0 0 0 0 0 8.74 0 0.00000000 0.00000000 0.00 0.00 0.00 88.06 85.61 90.00 
0 0 0 0 0 0 8.77 0 0.00000000 0.00000000 0.00 0.00 0.00 88.06 85.61 90.00 
0 0 0 0 0 0 8.80 0 0.00000000 0.00000000 0.00 0.00 0.00 88.06 85.61 90.00 
0 0 0 0 0 0 8.83 0 0.00000000 0.00000000 0.00 0.00 0.00 88.06 85.61 90.00 
0 0 0 0 0 0 8.85 0 0.00000000 0.00000000 0.00 0.00 0.00 88.06 85.61 90.00 
0 0 0 0 0 0 8.88 0 0.00000000 0.00000000 0.00 0.00 0.00 88.06 85.61 90.00 
0 0 0 0 0 0 8.90 0 0.00000000 0.00000000 0.00 0.00 0.00 88.06 85.61 90.00 
0 0 0 0 0 0 8.94 0 0.00000000 0.00000000 0.00 0.00 0.00 88.06 85.61 90.00 
0 0 0 0 0 0 8.98 0 0.00000000 0.00000000 0.00 0.00 0.00 88.06 85.61 90.00 
0 0 0 0 0 0 9.01 0 0.00000000 0.00000000 0.00 0.00 0.00 87.46 85.87 90.00 
0 0 0 0 0 0 9.03 0 0.00000000 0.00000000 0.00 0.00 0.00 87.46 85.87 90.00 
0 0 0 0 0 0 9.06 0 0.00000000 0.00000000 0.00 0.00 0.00 87.46 85.87 90.00 
0 0 0 0 0 0 9.08 0 0.00000000 0.00000000 0.00 0.00 0.00 87.46 85.87 90.00 
0 0 0 0 0 0 9.11 0 0.00000000 0.00000000 0.00 0.00 0.00 87.46 85.87 90.00 
0 0 0 0 0 0 9.13 0 0.00000000 0.00000000 0.00 0.00 0.00 87.46 85.87 90.00 
0 0 0 0 0 0 9.16 0 0.00000000 0.00000000 0.00 0.00 0.00 87.46 85.87 90.00 
0 0 0 0 0 0 9.19 0 0.00000000 0.00000000 0.00 0.00 0.00 87.46 85.87 90.00 
0 0 0 0 0 0 9.21 0 0.00000000 0.00000000 0.00 0.00 0.00 87.46 85.87 90.00 
0 0 0 0 0 0 9.24 0 0.00000000 0.00000000 0.00 0.00 0.00 87.46 85.87 90.00 
0 0 0 0 0 0 9.26 0 0.00000000 0.00000000 0.00 0.00 0.00 87.46 85.87 90.00 
0 0 0 0 0 0 9.29 0 0.00000000 0.00000000 0.00 0.00 0.00 87.46 85.87 90.00 
0 0 0 0 0 0 9.31 0 0.00000000 0.00000000 0.00 0.00 0.00 87.46 85.87 90.00 
0 0 0 0 0 0 9.34 0 0.00000000 0.00000000 0.00 0.00 0.00 87.46 85.87 90.00 
0 0 0 0 0 0 9.36 0 0.00000000 0.00000000 0.00 0.00 0.00 87.46 85.87 90.00 
0 0 0 0 0 0 9.39 0 0.00000000 0.00000000 0.00 0.00 0.00 87.46 85.87 90.00 
0 0 0 0 0 0 9.41 0 0.00000000 0.00000000 0.00 0.00 0.00 87.46 85.87 90.00 
0 0 0 0 0 0 9.44 0 0.00000000 0.00000000 0.00 0.00 0.00 87.46 85.87 90.00 
0 0 0 0 0 0 9.46 0 0.00000000 0.00000000 0.00 0.00 0.00 87.46 85.87 90.00 
0 0 0 0 0 0 9.49 0 0.00000000 0.00000000 0.00 0.00 0.00 87.46 85.87 90.00 
0 0 0 0 0 0 9.52 0 0.00000000 0.00000000 0.00 0.00 0.00 87.46 85.87 90.00 
0 0 0 0 0 0 9.54 0 0.00000000 0.00000000 0.00 0.00 0.00 87.46 85.87 90.00 
0 0 0 0 0 0 9.57 0 0.00000000 0.00000000 0.00 0.00 0.00 87.46 85.87 90.00 
0 0 0 0 0 0 9.59 0 0.00000000 0.00000000 0.00 0.00 0.00 87.46 85.87 90.00 
0 0 0 0 0 0 9.62 0 0.00000000 0.00000000 0.00 0.00 0.00 87.46 85.87 90.00 
0 0 0 0 0 0 9.64 0 0.00000000 0.00000000 0.00 0.00 0.00 87.46 85.87 90.00 
0 0 0 0 0 0 9.67 0 0.00000000 0.00000000 0.00 0.00 0.00 87.46 85.87 90.00 
0 0 0 0 0 0 9.69 0 0.00000000 0.00000000 0.00 0.00 0.00 87.46 85.87 90.00 
0 0 0 0 0 0 9.72 0 0.00000000 0.00000000 0.00 0.00 0.00 87.46 85.87 90.00 
0 0 0 0 0 0 9.75 0 0.00000000 0.00000000 0.00 0.00 0.00 87.46 85.87 90.00 
0 0 0 0 0 0 9.77 0 0.00000000 0.00000000 0.00 0.00 0.00 87.46 85.87 90.00 
0 0 0 0 0 0 9.79 0 0.00000000 0.00000000 0.00 0.00 0.00 87.46 85.87 90.00 
0 0 0 0 0 0 9.82 0 0.00000000 0.00000000 0.00 0.00 0.00 87.46 85.87 90.00 
0 0 0 0 0 0 9.84 0 0.00000000 0.00000000 0.00 0.00 0.00 87.46 85.87 90.00 
0 0 0 0 0 0 9.87 0 0.00000000 0.00000000 0.00 0.00 0.00 87.46 85.87 90.00 
0 0 0 0 0 0 9.90 0 0.00000000 0.00000000 0.00 0.00 0.00 87.46 85.87 90.00 
0 0 0 0 0 0 9.92 0 0.00000000 0.00000000 0.00 0.00 0.00 87.46 85.87 90.00 
0 0 0 0 0 0 9.95 0 0.00000000 0.00000000 0.00 0.00 0.00 87.46 85.87 90.00 
0 0 0 0 0 0 9.97 0 0.00000000 0.00000000 0.00 0.00 0.00 87.46 85.87 90.00 
0 0 0 0 0 0 10.00 0 0.00000000 0.00000000 0.00 0.00 0.00 87.46 85.87 90.00 
0 0 0 0 0 0 10.03 0 0.00000000 0.00000000 0.00 0.00 0.00 87.87 85.74 90.00 
0 0 0 0 0 0 10.06 0 0.00000000 0.00000000 0.00 0.00 0.00 87.87 85.74 90.00 
0 0 0 0 0 0 10.08 0 0.00000000 0.00000000 0.00 0.00 0.00 87.87 85.74 90.00 
0 0 0 0 0 0 10.11 0 0.00000000 0.00000000 0.00 0.00 0.00 87.87 85.74 90.00 
0 0 0 0 0 0 10.13 0 0.00000000 0.00000000 0.00 0.00 0.00 87.87 85.74 90.00 
0 0 0 0 0 0 10.16 0 0.00000000 0.00000000 0.00 0.00 0.00 87.87 85.74 90.00 
0 0 0 0 0 0 10.18 0 0.00000000 0.00000000 0.00 0.00 0.00 87.87 85.74 90.00 
0 0 0 0 0 0 10.21 0 0.00000000 0.00000000 0.00 0.00 0.00 87.87 85.74 90.00 
0 0 0 0 0 0 10.25 0 0.00000000 0.00000000 0.00 0.00 0.00 87.87 85.74 90.00 
0 0 0 0 0 0 10.27 0 0.00000000 0.00000000 0.00 0.00 0.00 87.87 85.74 90.00 
0 0 0 0 0 0 10.30 0 0.00000000 0.00000000 0.00 0.00 0.00 87.87 85.74 90.00 
0 0 0 0 0 0 10.32 0 0.00000000 0.00000000 0.00 0.00 0.00 87.87 85.74 90.00 
0 0 0 0 0 0 10.35 0 0.00000000 0.00000000 0.00 0.00 0.00 87.87 85.74 90.00 
0 0 0 0 0 0 10.37 0 0.00000000 0.00000000 0.00 0.00 0.00 87.87 85.74 90.00 
0 0 0 0 0 0 10.40 0 0.00000000 0.00000000 0.00 0.00 0.00 87.87 85.74 90.00 
0 0 0 0 0 0 10.42 0 0.00000000 0.00000000 0.00 0.00 0.00 87.87 85.74 90.00 
0 0 0 0 0 0 10.45 0 0.00000000 0.00000000 0.00 0.00 0.00 87.87 85.74 90.00 
0 0 0 0 0 0 10.49 0 0.00000000 0.00000000 0.00 0.00 0.00 87.87 85.74 90.00 
0 0 0 0 0 0 10.52 0 0.00000000 0.00000000 0.00 0.00 0.00 87.87 85.74 90.00 
0 0 0 0 0 0 10.54 0 0.00000000 0.00000000 0.00 0.00 0.00 87.87 85.74 90.00 
0 0 0 0 0 0 10.57 0 0.00000000 0.00000000 0.00 0.00 0.00 87.87 85.74 90.00 
0 0 0 0 0 0 10.60 0 0.00000000 0.00000000 0.00 0.00 0.00 87.87 85.74 90.00 
0 0 0 0 0 0 10.62 0 0.00000000 0.00000000 0.00 0.00 0.00 87.87 85.74 90.00 
0 0 0 0 0 0 10.65 0 0.00000000 0.00000000 0.00 0.00 0.00 87.87 85.74 90.00 
0 0 0 0 0 0 10.67 0 0.00000000 0.00000000 0.00 0.00 0.00 87.87 85.74 90.00 
0 0 0 0 0 0 10.70 0 0.00000000 0.00000000 0.00 0.00 0.00 87.87 85.74 90.00 
0 0 0 0 0 0 10.72 0 0.00000000 0.00000000 0.00 0.00 0.00 87.87 85.74 90.00 
0 0 0 0 0 0 10.75 0 0.00000000 0.00000000 0.00 0.00 0.00 87.87 85.74 90.00 
0 0 0 0 0 0 10.78 0 0.00000000 0.00000000 0.00 0.00 0.00 87.87 85.74 90.00 
0 0 0 0 0 0 10.80 0 0.00000000 0.00000000 0.00 0.00 0.00 87.87 85.74 90.00 
0 0 0 0 0 0 10.83 0 0.00000000 0.00000000 0.00 0.00 0.00 87.87 85.74 90.00 
0 0 0 0 0 0 10.85 0 0.00000000 0.00000000 0.00 0.00 0.00 87.87 85.74 90.00 
0 0 0 0 0 0 10.88 0 0.00000000 0.00000000 0.00 0.00 0.00 87.87 85.74 90.00 
0 0 0 0 0 0 10.90 0 0.00000000 0.00000000 0.00 0.00 0.00 87.87 85.74 90.00 
0 0 0 0 0 0 10.93 0 0.00000000 0.00000000 0.00 0.00 0.00 87.87 85.74 90.00 
0 0 0 0 0 0 10.95 0 0.00000000 0.00000000 0.00 0.00 0.00 87.87 85.74 90.00 
0 0 0 0 0 0 10.98 0 0.00000000 0.00000000 0.00 0.00 0.00 87.87 85.74 90.00 
0 0 0 0 0 0 11.01 0 0.00000000 0.00000000 0.00 0.00 0.00 88.11 86.11 90.00 
0 0 0 0 0 0 11.03 0 0.00000000 0.00000000 0.00 0.00 0.00 88.11 86.11 90.00 
0 0 0 0 0 0 11.06 0 0.00000000 0.00000000 0.00 0.00 0.00 88.11 86.11 90.00 
0 0 0 0 0 0 11.08 0 0.00000000 0.00000000 0.00 0.00 0.00 88.11 86.11 90.00 
0 0 0 0 0 0 11.11 0 0.00000000 0.00000000 0.00 0.00 0.00 88.11 86.11 90.00 
0 0 0 0 0 0 11.14 0 0.00000000 0.00000000 0.00 0.00 0.00 88.11 86.11 90.00 
0 0 0 0 0 0 11.16 0 0.00000000 0.00000000 0.00 0.00 0.00 88.11 86.11 90.00 
0 0 0 0 0 0 11.19 0 0.00000000 0.00000000 0.00 0.00 0.00 88.11 86.11 90.00 
0 0 0 0 0 0 11.21 0 0.00000000 0.00000000 0.00 0.00 0.00 88.11 86.11 90.00 
0 0 0 0 0 0 11.24 0 0.00000000 0.00000000 0.00 0.00 0.00 88.11 86.11 90.00 
0 0 0 0 0 0 11.26 0 0.00000000 0.00000000 0.00 0.00 0.00 88.11 86.11 90.00 
0 0 0 0 0 0 11.29 0 0.00000000 0.00000000 0.00 0.00 0.00 88.11 86.11 90.00 
0 0 0 0 0 0 11.32 0 0.00000000 0.00000000 0.00 0.00 0.00 88.11 86.11 90.00 
0 0 0 0 0 0 11.34 0 0.00000000 0.00000000 0.00 0.00 0.00 88.11 86.11 90.00 
0 0 0 0 0 0 11.37 0 0.00000000 0.00000000 0.00 0.00 0.00 88.11 86.11 90.00 
0 0 0 0 0 0 11.39 0 0.00000000 0.00000000 0.00 0.00 0.00 88.11 86.11 90.00 
0 0 0 0 0 0 11.42 0 0.00000000 0.00000000 0.00 0.00 0.00 88.11 86.11 90.00 
0 0 0 0 0 0 11.44 0 0.00000000 0.00000000 0.00 0.00 0.00 88.11 86.11 90.00 
0 0 0 0 0 0 11.47 0 0.00000000 0.00000000 0.00 0.00 0.00 88.11 86.11 90.00 
0 0 0 0 0 0 11.50 0 0.00000000 0.00000000 0.00 0.00 0.00 88.11 86.11 90.00 
0 0 0 0 0 0 11.52 0 0.00000000 0.00000000 0.00 0.00 0.00 88.11 86.11 90.00 
0 0 0 0 0 0 11.55 0 0.00000000 0.00000000 0.00 0.00 0.00 88.11 86.11 90.00 
0 0 0 0 0 0 11.57 0 0.00000000 0.00000000 0.00 0.00 0.00 88.11 86.11 90.00 
0 0 0 0 0 0 11.60 0 0.00000000 0.00000000 0.00 0.00 0.00 88.11 86.11 90.00 
0 0 0 0 0 0 11.63 0 0.00000000 0.00000000 0.00 0.00 0.00 88.11 86.11 90.00 
0 0 0 0 0 0 11.66 0 0.00000000 0.00000000 0.00 0.00 0.00 88.11 86.11 90.00 
0 0 0 0 0 0 11.68 0 0.00000000 0.00000000 0.00 0.00 0.00 88.11 86.11 90.00 
0 0 0 0 0 0 11.71 0 0.00000000 0.00000000 0.00 0.00 0.00 88.11 86.11 90.00 
0 0 0 0 0 0 11.73 0 0.00000000 0.00000000 0.00 0.00 0.00 88.11 86.11 90.00 
0 0 0 0 0 0 11.76 0 0.00000000 0.00000000 0.00 0.00 0.00 88.11 86.11 90.00 
0 0 0 0 0 0 11.78 0 0.00000000 0.00000000 0.00 0.00 0.00 88.11 86.11 90.00 
0 0 0 0 0 0 11.83 0 0.00000000 0.00000000 0.00 0.00 0.00 88.11 86.11 90.00 
0 0 0 0 0 0 11.95 0 0.00000000 0.00000000 0.00 0.00 0.00 88.11 86.11 90.00 
0 0 0 0 0 0 12.09 0 0.00000000 0.00000000 0.00 0.00 0.00 88.84 84.70 90.00 
0 0 0 0 0 0 12.21 0 0.00000000 0.00000000 0.00 0.00 0.00 88.84 84.70 90.00 
0 0 0 0 0 0 12.34 0 0.00000000 0.00000000 0.00 0.00 0.00 88.84 84.70 90.00 
0 0 0 0 0 0 12.42 0 0.00000000 0.00000000 0.00 0.00 0.00 88.84 84.70 90.00 
0 0 0 0 0 0 12.44 0 0.00000000 0.00000000 0.00 0.00 0.00 88.84 84.70 90.00 
0 0 0 0 0 0 12.47 0 0.00000000 0.00000000 0.00 0.00 0.00 88.84 84.70 90.00 
0 0 0 0 0 0 12.52 0 0.00000000 0.00000000 0.00 0.00 0.00 88.84 84.70 90.00 
0 0 0 0 0 0 12.54 0 0.00000000 0.00000000 0.00 0.00 0.00 88.84 84.70 90.00 
0 0 0 0 0 0 12.57 0 0.00000000 0.00000000 0.00 0.00 0.00 88.84 84.70 90.00 
0 0 0 0 0 0 12.59 0 0.00000000 0.00000000 0.00 0.00 0.00 88.84 84.70 90.00 
0 0 0 0 0 0 12.62 0 0.00000000 0.00000000 0.00 0.00 0.00 88.84 84.70 90.00 
0 0 0 0 0 0 12.64 0 0.00000000 0.00000000 0.00 0.00 0.00 88.84 84.70 90.00 
0 0 0 0 0 0 12.67 0 0.00000000 0.00000000 0.00 0.00 0.00 88.84 84.70 90.00 
0 0 0 0 0 0 12.70 0 0.00000000 0.00000000 0.00 0.00 0.00 88.84 84.70 90.00 
0 0 0 0 0 0 12.72 0 0.00000000 0.00000000 0.00 0.00 0.00 88.84 84.70 90.00 
0 0 0 0 0 0 12.75 0 0.00000000 0.00000000 0.00 0.00 0.00 88.84 84.70 90.00 
0 0 0 0 0 0 12.77 0 0.00000000 0.00000000 0.00 0.00 0.00 88.84 84.70 90.00 
0 0 0 0 0 0 12.80 0 0.00000000 0.00000000 0.00 0.00 0.00 88.84 84.70 90.00 
0 0 0 0 0 0 12.83 0 0.00000000 0.00000000 0.00 0.00 0.00 88.84 84.70 90.00 
0 0 0 0 0 0 12.85 0 0.00000000 0.00000000 0.00 0.00 0.00 88.84 84.70 90.00 
0 0 0 0 0 0 12.88 0 0.00000000 0.00000000 0.00 0.00 0.00 88.84 84.70 90.00 
0 0 0 0 0 0 12.90 0 0.00000000 0.00000000 0.00 0.00 0.00 88.84 84.70 90.00 
0 0 0 0 0 0 12.93 0 0.00000000 0.00000000 0.00 0.00 0.00 88.84 84.70 90.00 
0 0 0 0 0 0 12.95 0 0.00000000 0.00000000 0.00 0.00 0.00 88.84 84.70 90.00 
0 0 0 0 0 0 12.98 0 0.00000000 0.00000000 0.00 0.00 0.00 88.84 84.70 90.00 
0 0 0 0 0 0 13.01 0 0.00000000 0.00000000 0.00 0.00 0.00 87.33 86.29 90.00 
0 0 0 0 0 0 13.03 0 0.00000000 0.00000000 0.00 0.00 0.00 87.33 86.29 90.00 
0 0 0 0 0 0 13.06 0 0.00000000 0.00000000 0.00 0.00 0.00 87.33 86.29 90.00 
0 0 0 0 0 0 13.08 0 0.00000000 0.00000000 0.00 0.00 0.00 87.33 86.29 90.00 
0 0 0 0 0 0 13.11 0 0.00000000 0.00000000 0.00 0.00 0.00 87.33 86.29 90.00 
0 0 0 0 0 0 13.13 0 0.00000000 0.00000000 0.00 0.00 0.00 87.33 86.29 90.00 
0 0 0 0 0 0 13.16 0 0.00000000 0.00000000 0.00 0.00 0.00 87.33 86.29 90.00 
0 0 0 0 0 0 13.19 0 0.00000000 0.00000000 0.00 0.00 0.00 87.33 86.29 90.00 
0 0 0 0 0 0 13.21 0 0.00000000 0.00000000 0.00 0.00 0.00 87.33 86.29 90.00 
0 0 0 0 0 0 13.24 0 0.00000000 0.00000000 0.00 0.00 0.00 87.33 86.29 90.00 
0 0 0 0 0 0 13.26 0 0.00000000 0.00000000 0.00 0.00 0.00 87.33 86.29 90.00 
0 0 0 0 0 0 13.29 0 0.00000000 0.00000000 0.00 0.00 0.00 87.33 86.29 90.00 
0 0 0 0 0 0 13.31 0 0.00000000 0.00000000 0.00 0.00 0.00 87.33 86.29 90.00 
0 0 0 0 0 0 13.34 0 0.00000000 0.00000000 0.00 0.00 0.00 87.33 86.29 90.00 
0 0 0 0 0 0 13.37 0 0.00000000 0.00000000 0.00 0.00 0.00 87.33 86.29 90.00 
0 0 0 0 0 0 13.39 0 0.00000000 0.00000000 0.00 0.00 0.00 87.33 86.29 90.00 
0 0 0 0 0 0 13.42 0 0.00000000 0.00000000 0.00 0.00 0.00 87.33 86.29 90.00 
0 0 0 0 0 0 13.44 0 0.00000000 0.00000000 0.00 0.00 0.00 87.33 86.29 90.00 
0 0 0 0 0 0 13.47 0 0.00000000 0.00000000 0.00 0.00 0.00 87.33 86.29 90.00 
0 0 0 0 0 0 13.49 0 0.00000000 0.00000000 0.00 0.00 0.00 87.33 86.29 90.00 
0 0 0 0 0 0 13.53 0 0.00000000 0.00000000 0.00 0.00 0.00 87.33 86.29 90.00 
0 0 0 0 0 0 13.55 0 0.00000000 0.00000000 0.00 0.00 0.00 87.33 86.29 90.00 
0 0 0 0 0 0 13.58 0 0.00000000 0.00000000 0.00 0.00 0.00 87.33 86.29 90.00 
0 0 0 0 0 0 13.60 0 0.00000000 0.00000000 0.00 0.00 0.00 87.33 86.29 90.00 
0 0 0 0 0 0 13.63 0 0.00000000 0.00000000 0.00 0.00 0.00 87.33 86.29 90.00 
0 0 0 0 0 0 13.65 0 0.00000000 0.00000000 0.00 0.00 0.00 87.33 86.29 90.00 
0 0 0 0 0 0 13.68 0 0.00000000 0.00000000 0.00 0.00 0.00 87.33 86.29 90.00 
0 0 0 0 0 0 13.71 0 0.00000000 0.00000000 0.00 0.00 0.00 87.33 86.29 90.00 
0 0 0 0 0 0 13.73 0 0.00000000 0.00000000 0.00 0.00 0.00 87.33 86.29 90.00 
0 0 0 0 0 0 13.76 0 0.00000000 0.00000000 0.00 0.00 0.00 87.33 86.29 90.00 
0 0 0 0 0 0 13.78 0 0.00000000 0.00000000 0.00 0.00 0.00 87.33 86.29 90.00 
0 0 0 0 0 0 13.81 0 0.00000000 0.00000000 0.00 0.00 0.00 87.33 86.29 90.00 
0 0 0 0 0 0 13.83 0 0.00000000 0.00000000 0.00 0.00 0.00 87.33 86.29 90.00 
0 0 0 0 0 0 13.86 0 0.00000000 0.00000000 0.00 0.00 0.00 87.33 86.29 90.00 
0 0 0 0 0 0 13.89 0 0.00000000 0.00000000 0.00 0.00 0.00 87.33 86.29 90.00 
0 0 0 0 0 0 13.91 0 0.00000000 0.00000000 0.00 0.00 0.00 87.33 86.29 90.00 
0 0 0 0 0 0 13.94 0 0.00000000 0.00000000 0.00 0.00 0.00 87.33 86.29 90.00 
0 0 0 0 0 0 13.96 0 0.00000000 0.00000000 0.00 0.00 0.00 87.33 86.29 90.00 
0 0 0 0 0 0 13.99 0 0.00000000 0.00000000 0.00 0.00 0.00 87.33 86.29 90.00 
0 0 0 0 0 0 14.02 0 0.00000000 0.00000000 0.00 0.00 0.00 87.87 85.45 90.00 
0 0 0 0 0 0 14.06 0 0.00000000 0.00000000 0.00 0.00 0.00 87.87 85.45 90.00 
0 0 0 0 0 0 14.09 0 0.00000000 0.00000000 0.00 0.00 0.00 87.87 85.45 90.00 
0 0 0 0 0 0 14.11 0 0.00000000 0.00000000 0.00 0.00 0.00 87.87 85.45 90.00 
0 0 0 0 0 0 14.14 0 0.00000000 0.00000000 0.00 0.00 0.00 87.87 85.45 90.00 
0 0 0 0 0 0 14.17 0 0.00000000 0.00000000 0.00 0.00 0.00 87.87 85.45 90.00 
0 0 0 0 0 0 14.19 0 0.00000000 0.00000000 0.00 0.00 0.00 87.87 85.45 90.00 
0 0 0 0 0 0 14.22 0 0.00000000 0.00000000 0.00 0.00 0.00 87.87 85.45 90.00 
0 0 0 0 0 0 14.24 0 0.00000000 0.00000000 0.00 0.00 0.00 87.87 85.45 90.00 
0 0 0 0 0 0 14.27 0 0.00000000 0.00000000 0.00 0.00 0.00 87.87 85.45 90.00 
0 0 0 0 0 0 14.30 0 0.00000000 0.00000000 0.00 0.00 0.00 87.87 85.45 90.00 
0 0 0 0 0 0 14.32 0 0.00000000 0.00000000 0.00 0.00 0.00 87.87 85.45 90.00 
0 0 0 0 0 0 14.35 0 0.00000000 0.00000000 0.00 0.00 0.00 87.87 85.45 90.00 
0 0 0 0 0 0 14.37 0 0.00000000 0.00000000 0.00 0.00 0.00 87.87 85.45 90.00 
0 0 0 0 0 0 14.39 0 0.00000000 0.00000000 0.00 0.00 0.00 87.87 85.45 90.00 
0 0 0 0 0 0 14.42 0 0.00000000 0.00000000 0.00 0.00 0.00 87.87 85.45 90.00 
0 0 0 0 0 0 14.45 0 0.00000000 0.00000000 0.00 0.00 0.00 87.87 85.45 90.00 
0 0 0 0 0 0 14.47 0 0.00000000 0.00000000 0.00 0.00 0.00 87.87 85.45 90.00 
0 0 0 0 0 0 14.50 0 0.00000000 0.00000000 0.00 0.00 0.00 87.87 85.45 90.00 
0 0 0 0 0 0 14.52 0 0.00000000 0.00000000 0.00 0.00 0.00 87.87 85.45 90.00 
0 0 0 0 0 0 14.55 0 0.00000000 0.00000000 0.00 0.00 0.00 87.87 85.45 90.00 
0 0 0 0 0 0 14.57 0 0.00000000 0.00000000 0.00 0.00 0.00 87.87 85.45 90.00 
0 0 0 0 0 0 14.60 0 0.00000000 0.00000000 0.00 0.00 0.00 87.87 85.45 90.00 
0 0 0 0 0 0 14.63 0 0.00000000 0.00000000 0.00 0.00 0.00 87.87 85.45 90.00 
0 0 0 0 0 0 14.65 0 0.00000000 0.00000000 0.00 0.00 0.00 87.87 85.45 90.00 
0 0 0 0 0 0 14.68 0 0.00000000 0.00000000 0.00 0.00 0.00 87.87 85.45 90.00 
0 0 0 0 0 0 14.70 0 0.00000000 0.00000000 0.00 0.00 0.00 87.87 85.45 90.00 
0 0 0 0 0 0 14.73 0 0.00000000 0.00000000 0.00 0.00 0.00 87.87 85.45 90.00 
0 0 0 0 0 0 14.75 0 0.00000000 0.00000000 0.00 0.00 0.00 87.87 85.45 90.00 
0 0 0 0 0 0 14.78 0 0.00000000 0.00000000 0.00 0.00 0.00 87.87 85.45 90.00 
0 0 0 0 0 0 14.80 0 0.00000000 0.00000000 0.00 0.00 0.00 87.87 85.45 90.00 
0 0 0 0 0 0 14.83 0 0.00000000 0.00000000 0.00 0.00 0.00 87.87 85.45 90.00 
0 0 0 0 0 0 14.85 0 0.00000000 0.00000000 0.00 0.00 0.00 87.87 85.45 90.00 
0 0 0 0 0 0 14.88 0 0.00000000 0.00000000 0.00 0.00 0.00 87.87 85.45 90.00 
0 0 0 0 0 0 14.90 0 0.00000000 0.00000000 0.00 0.00 0.00 87.87 85.45 90.00 
0 0 0 0 0 0 14.94 0 0.00000000 0.00000000 0.00 0.00 0.00 87.87 85.45 90.00 
0 0 0 0 0 0 14.97 0 0.00000000 0.00000000 0.00 0.00 0.00 87.87 85.45 90.00 
0 0 0 0 0 0 14.99 0 0.00000000 0.00000000 0.00 0.00 0.00 87.87 85.45 90.00 
0 0 0 0 0 0 15.02 0 0.00000000 0.00000000 0.00 0.00 0.00 87.82 85.72 90.00 
0 0 0 0 0 0 15.05 0 0.00000000 0.00000000 0.00 0.00 0.00 87.82 85.72 90.00 
0 0 0 0 0 0 15.07 0 0.00000000 0.00000000 0.00 0.00 0.00 87.82 85.72 90.00 
0 0 0 0 0 0 15.10 0 0.00000000 0.00000000 0.00 0.00 0.00 87.82 85.72 90.00 
0 0 0 0 0 0 15.13 0 0.00000000 0.00000000 0.00 0.00 0.00 87.82 85.72 90.00 
0 0 0 0 0 0 15.15 0 0.00000000 0.00000000 0.00 0.00 0.00 87.82 85.72 90.00 
0 0 0 0 0 0 15.18 0 0.00000000 0.00000000 0.00 0.00 0.00 87.82 85.72 90.00 
0 0 0 0 0 0 15.20 0 0.00000000 0.00000000 0.00 0.00 0.00 87.82 85.72 90.00 
0 0 0 0 0 0 15.23 0 0.00000000 0.00000000 0.00 0.00 0.00 87.82 85.72 90.00 
0 0 0 0 0 0 15.25 0 0.00000000 0.00000000 0.00 0.00 0.00 87.82 85.72 90.00 
0 0 0 0 0 0 15.28 0 0.00000000 0.00000000 0.00 0.00 0.00 87.82 85.72 90.00 
0 0 0 0 0 0 15.31 0 0.00000000 0.00000000 0.00 0.00 0.00 87.82 85.72 90.00 
0 0 0 0 0 0 15.33 0 0.00000000 0.00000000 0.00 0.00 0.00 87.82 85.72 90.00 
0 0 0 0 0 0 15.36 0 0.00000000 0.00000000 0.00 0.00 0.00 87.82 85.72 90.00 
0 0 0 0 0 0 15.38 0 0.00000000 0.00000000 0.00 0.00 0.00 87.82 85.72 90.00 
0 0 0 0 0 0 15.41 0 0.00000000 0.00000000 0.00 0.00 0.00 87.82 85.72 90.00 
0 0 0 0 0 0 15.43 0 0.00000000 0.00000000 0.00 0.00 0.00 87.82 85.72 90.00 
0 0 0 0 0 0 15.46 0 0.00000000 0.00000000 0.00 0.00 0.00 87.82 85.72 90.00 
0 0 0 0 0 0 15.48 0 0.00000000 0.00000000 0.00 0.00 0.00 87.82 85.72 90.00 
0 0 0 0 0 0 15.51 0 0.00000000 0.00000000 0.00 0.00 0.00 87.82 85.72 90.00 
0 0 0 0 0 0 15.53 0 0.00000000 0.00000000 0.00 0.00 0.00 87.82 85.72 90.00 
0 0 0 0 0 0 15.57 0 0.00000000 0.00000000 0.00 0.00 0.00 87.82 85.72 90.00 
0 0 0 0 0 0 15.60 0 0.00000000 0.00000000 0.00 0.00 0.00 87.82 85.72 90.00 
0 0 0 0 0 0 15.63 0 0.00000000 0.00000000 0.00 0.00 0.00 87.82 85.72 90.00 
0 0 0 0 0 0 15.66 0 0.00000000 0.00000000 0.00 0.00 0.00 87.82 85.72 90.00 
0 0 0 0 0 0 15.68 0 0.00000000 0.00000000 0.00 0.00 0.00 87.82 85.72 90.00 
0 0 0 0 0 0 15.71 0 0.00000000 0.00000000 0.00 0.00 0.00 87.82 85.72 90.00 
0 0 0 0 0 0 15.73 0 0.00000000 0.00000000 0.00 0.00 0.00 87.82 85.72 90.00 
0 0 0 0 0 0 15.76 0 0.00000000 0.00000000 0.00 0.00 0.00 87.82 85.72 90.00 
0 0 0 0 0 0 15.78 0 0.00000000 0.00000000 0.00 0.00 0.00 87.82 85.72 90.00 
0 0 0 0 0 0 15.81 0 0.00000000 0.00000000 0.00 0.00 0.00 87.82 85.72 90.00 
0 0 0 0 0 0 15.84 0 0.00000000 0.00000000 0.00 0.00 0.00 87.82 85.72 90.00 
0 0 0 0 0 0 15.86 0 0.00000000 0.00000000 0.00 0.00 0.00 87.82 85.72 90.00 
0 0 0 0 0 0 15.89 0 0.00000000 0.00000000 0.00 0.00 0.00 87.82 85.72 90.00 
0 0 0 0 0 0 15.91 0 0.00000000 0.00000000 0.00 0.00 0.00 87.82 85.72 90.00 
0 0 0 0 0 0 15.94 0 0.00000000 0.00000000 0.00 0.00 0.00 87.82 85.72 90.00 
0 0 0 0 0 0 15.96 0 0.00000000 0.00000000 0.00 0.00 0.00 87.82 85.72 90.00 
0 0 0 0 0 0 15.99 0 0.00000000 0.00000000 0.00 0.00 0.00 87.82 85.72 90.00 
0 0 0 0 0 0 16.02 0 0.00000000 0.00000000 0.00 0.00 0.00 88.11 85.81 90.00 
0 0 0 0 0 0 16.05 0 0.00000000 0.00000000 0.00 0.00 0.00 88.11 85.81 90.00 
0 0 0 0 0 0 16.07 0 0.00000000 0.00000000 0.00 0.00 0.00 88.11 85.81 90.00 
0 0 0 0 0 0 16.10 0 0.00000000 0.00000000 0.00 0.00 0.00 88.11 85.81 90.00 
0 0 0 0 0 0 16.12 0 0.00000000 0.00000000 0.00 0.00 0.00 88.11 85.81 90.00 
0 0 0 0 0 0 16.15 0 0.00000000 0.00000000 0.00 0.00 0.00 88.11 85.81 90.00 
0 0 0 0 0 0 16.17 0 0.00000000 0.00000000 0.00 0.00 0.00 88.11 85.81 90.00 
0 0 0 0 0 0 16.20 0 0.00000000 0.00000000 0.00 0.00 0.00 88.11 85.81 90.00 
0 0 0 0 0 0 16.22 0 0.00000000 0.00000000 0.00 0.00 0.00 88.11 85.81 90.00 
0 0 0 0 0 0 16.25 0 0.00000000 0.00000000 0.00 0.00 0.00 88.11 85.81 90.00 
0 0 0 0 0 0 16.27 0 0.00000000 0.00000000 0.00 0.00 0.00 88.11 85.81 90.00 
0 0 0 0 0 0 16.30 0 0.00000000 0.00000000 0.00 0.00 0.00 88.11 85.81 90.00 
0 0 0 0 0 0 16.32 0 0.00000000 0.00000000 0.00 0.00 0.00 88.11 85.81 90.00 
0 0 0 0 0 0 16.36 0 0.00000000 0.00000000 0.00 0.00 0.00 88.11 85.81 90.00 
0 0 0 0 0 0 16.39 0 0.00000000 0.00000000 0.00 0.00 0.00 88.11 85.81 90.00 
0 0 0 0 0 0 16.41 0 0.00000000 0.00000000 0.00 0.00 0.00 88.11 85.81 90.00 
0 0 0 0 0 0 16.44 0 0.00000000 0.00000000 0.00 0.00 0.00 88.11 85.81 90.00 
0 0 0 0 0 0 16.46 0 0.00000000 0.00000000 0.00 0.00 0.00 88.11 85.81 90.00 
0 0 0 0 0 0 16.49 0 0.00000000 0.00000000 0.00 0.00 0.00 88.11 85.81 90.00 
0 0 0 0 0 0 16.51 0 0.00000000 0.00000000 0.00 0.00 0.00 88.11 85.81 90.00 
0 0 0 0 0 0 16.54 0 0.00000000 0.00000000 0.00 0.00 0.00 88.11 85.81 90.00 
0 0 0 0 0 0 16.57 0 0.00000000 0.00000000 0.00 0.00 0.00 88.11 85.81 90.00 
0 0 0 0 0 0 16.59 0 0.00000000 0.00000000 0.00 0.00 0.00 88.11 85.81 90.00 
0 0 0 0 0 0 16.62 0 0.00000000 0.00000000 0.00 0.00 0.00 88.11 85.81 90.00 
0 0 0 0 0 0 16.64 0 0.00000000 0.00000000 0.00 0.00 0.00 88.11 85.81 90.00 
0 0 0 0 0 0 16.67 0 0.00000000 0.00000000 0.00 0.00 0.00 88.11 85.81 90.00 
0 0 0 0 0 0 16.69 0 0.00000000 0.00000000 0.00 0.00 0.00 88.11 85.81 90.00 
0 0 0 0 0 0 16.72 0 0.00000000 0.00000000 0.00 0.00 0.00 88.11 85.81 90.00 
0 0 0 0 0 0 16.75 0 0.00000000 0.00000000 0.00 0.00 0.00 88.11 85.81 90.00 
0 0 0 0 0 0 16.77 0 0.00000000 0.00000000 0.00 0.00 0.00 88.11 85.81 90.00 
0 0 0 0 0 0 16.79 0 0.00000000 0.00000000 0.00 0.00 0.00 88.11 85.81 90.00 
0 0 0 0 0 0 16.82 0 0.00000000 0.00000000 0.00 0.00 0.00 88.11 85.81 90.00 
0 0 0 0 0 0 16.84 0 0.00000000 0.00000000 0.00 0.00 0.00 88.11 85.81 90.00 
0 0 0 0 0 0 16.87 0 0.00000000 0.00000000 0.00 0.00 0.00 88.11 85.81 90.00 
0 0 0 0 0 0 16.90 0 0.00000000 0.00000000 0.00 0.00 0.00 88.11 85.81 90.00 
0 0 0 0 0 0 16.92 0 0.00000000 0.00000000 0.00 0.00 0.00 88.11 85.81 90.00 
0 0 0 0 0 0 16.95 0 0.00000000 0.00000000 0.00 0.00 0.00 88.11 85.81 90.00 
0 0 0 0 0 0 16.97 0 0.00000000 0.00000000 0.00 0.00 0.00 88.11 85.81 90.00 
0 0 0 0 0 0 17.00 0 0.00000000 0.00000000 0.00 0.00 0.00 88.11 85.81 90.00 
0 0 0 0 0 0 17.03 0 0.00000000 0.00000000 0.00 0.00 0.00 87.36 85.93 90.00 
0 0 0 0 0 0 17.06 0 0.00000000 0.00000000 0.00 0.00 0.00 87.36 85.93 90.00 
0 0 0 0 0 0 17.08 0 0.00000000 0.00000000 0.00 0.00 0.00 87.36 85.93 90.00 
0 0 0 0 0 0 17.13 0 0.00000000 0.00000000 0.00 0.00 0.00 87.36 85.93 90.00 
0 0 0 0 0 0 17.15 0 0.00000000 0.00000000 0.00 0.00 0.00 87.36 85.93 90.00 
0 0 0 0 0 0 17.18 0 0.00000000 0.00000000 0.00 0.00 0.00 87.36 85.93 90.00 
0 0 0 0 0 0 17.20 0 0.00000000 0.00000000 0.00 0.00 0.00 87.36 85.93 90.00 
0 0 0 0 0 0 17.23 0 0.00000000 0.00000000 0.00 0.00 0.00 87.36 85.93 90.00 
0 0 0 0 0 0 17.26 0 0.00000000 0.00000000 0.00 0.00 0.00 87.36 85.93 90.00 
0 0 0 0 0 0 17.28 0 0.00000000 0.00000000 0.00 0.00 0.00 87.36 85.93 90.00 
0 0 0 0 0 0 17.31 0 0.00000000 0.00000000 0.00 0.00 0.00 87.36 85.93 90.00 
0 0 0 0 0 0 17.33 0 0.00000000 0.00000000 0.00 0.00 0.00 87.36 85.93 90.00 
0 0 0 0 0 0 17.36 0 0.00000000 0.00000000 0.00 0.00 0.00 87.36 85.93 90.00 
0 0 0 0 0 0 17.38 0 0.00000000 0.00000000 0.00 0.00 0.00 87.36 85.93 90.00 
0 0 0 0 0 0 17.41 0 0.00000000 0.00000000 0.00 0.00 0.00 87.36 85.93 90.00 
0 0 0 0 0 0 17.43 0 0.00000000 0.00000000 0.00 0.00 0.00 87.36 85.93 90.00 
0 0 0 0 0 0 17.46 0 0.00000000 0.00000000 0.00 0.00 0.00 87.36 85.93 90.00 
0 0 0 0 0 0 17.48 0 0.00000000 0.00000000 0.00 0.00 0.00 87.36 85.93 90.00 
0 0 0 0 0 0 17.51 0 0.00000000 0.00000000 0.00 0.00 0.00 87.36 85.93 90.00 
0 0 0 0 0 0 17.54 0 0.00000000 0.00000000 0.00 0.00 0.00 87.36 85.93 90.00 
0 0 0 0 0 0 17.56 0 0.00000000 0.00000000 0.00 0.00 0.00 87.36 85.93 90.00 
0 0 0 0 0 0 17.59 0 0.00000000 0.00000000 0.00 0.00 0.00 87.36 85.93 90.00 
0 0 0 0 0 0 17.61 0 0.00000000 0.00000000 0.00 0.00 0.00 87.36 85.93 90.00 
0 0 0 0 0 0 17.64 0 0.00000000 0.00000000 0.00 0.00 0.00 87.36 85.93 90.00 
0 0 0 0 0 0 17.66 0 0.00000000 0.00000000 0.00 0.00 0.00 87.36 85.93 90.00 
0 0 0 0 0 0 17.69 0 0.00000000 0.00000000 0.00 0.00 0.00 87.36 85.93 90.00 
0 0 0 0 0 0 17.71 0 0.00000000 0.00000000 0.00 0.00 0.00 87.36 85.93 90.00 
0 0 0 0 0 0 17.74 0 0.00000000 0.00000000 0.00 0.00 0.00 87.36 85.93 90.00 
0 0 0 0 0 0 17.78 0 0.00000000 0.00000000 0.00 0.00 0.00 87.36 85.93 90.00 
0 0 0 0 0 0 17.80 0 0.00000000 0.00000000 0.00 0.00 0.00 87.36 85.93 90.00 
0 0 0 0 0 0 17.83 0 0.00000000 0.00000000 0.00 0.00 0.00 87.36 85.93 90.00 
0 0 0 0 0 0 17.85 0 0.00000000 0.00000000 0.00 0.00 0.00 87.36 85.93 90.00 
0 0 0 0 0 0 17.88 0 0.00000000 0.00000000 0.00 0.00 0.00 87.36 85.93 90.00 
0 0 0 0 0 0 17.90 0 0.00000000 0.00000000 0.00 0.00 0.00 87.36 85.93 90.00 
0 0 0 0 0 0 17.93 0 0.00000000 0.00000000 0.00 0.00 0.00 87.36 85.93 90.00 
0 0 0 0 0 0 17.97 0 0.00000000 0.00000000 0.00 0.00 0.00 87.36 85.93 90.00 
0 0 0 0 0 0 18.10 0 0.00000000 0.00000000 0.00 0.00 0.00 87.04 86.18 90.00 
0 0 0 0 0 0 18.23 0 0.00000000 0.00000000 0.00 0.00 0.00 87.04 86.18 90.00 
0 0 0 0 0 0 18.35 0 0.00000000 0.00000000 0.00 0.00 0.00 87.04 86.18 90.00 
0 0 0 0 0 0 18.48 0 0.00000000 0.00000000 0.00 0.00 0.00 87.04 86.18 90.00 
0 0 0 0 0 0 18.56 0 0.00000000 0.00000000 0.00 0.00 0.00 87.04 86.18 90.00 
0 0 0 0 0 0 18.59 0 0.00000000 0.00000000 0.00 0.00 0.00 87.04 86.18 90.00 
0 0 0 0 0 0 18.62 0 0.00000000 0.00000000 0.00 0.00 0.00 87.04 86.18 90.00 
0 0 0 0 0 0 18.64 0 0.00000000 0.00000000 0.00 0.00 0.00 87.04 86.18 90.00 
0 0 0 0 0 0 18.67 0 0.00000000 0.00000000 0.00 0.00 0.00 87.04 86.18 90.00 
0 0 0 0 0 0 18.69 0 0.00000000 0.00000000 0.00 0.00 0.00 87.04 86.18 90.00 
0 0 0 0 0 0 18.71 0 0.00000000 0.00000000 0.00 0.00 0.00 87.04 86.18 90.00 
0 0 0 0 0 0 18.74 0 0.00000000 0.00000000 0.00 0.00 0.00 87.04 86.18 90.00 
0 0 0 0 0 0 18.77 0 0.00000000 0.00000000 0.00 0.00 0.00 87.04 86.18 90.00 
0 0 0 0 0 0 18.79 0 0.00000000 0.00000000 0.00 0.00 0.00 87.04 86.18 90.00 
0 0 0 0 0 0 18.82 0 0.00000000 0.00000000 0.00 0.00 0.00 87.04 86.18 90.00 
0 0 0 0 0 0 18.84 0 0.00000000 0.00000000 0.00 0.00 0.00 87.04 86.18 90.00 
0 0 0 0 0 0 18.87 0 0.00000000 0.00000000 0.00 0.00 0.00 87.04 86.18 90.00 
0 0 0 0 0 0 18.89 0 0.00000000 0.00000000 0.00 0.00 0.00 87.04 86.18 90.00 
0 0 0 0 0 0 18.92 0 0.00000000 0.00000000 0.00 0.00 0.00 87.04 86.18 90.00 
0 0 0 0 0 0 18.95 0 0.00000000 0.00000000 0.00 0.00 0.00 87.04 86.18 90.00 
0 0 0 0 0 0 18.97 0 0.00000000 0.00000000 0.00 0.00 0.00 87.04 86.18 90.00 
0 0 0 0 0 0 19.00 0 0.00000000 0.00000000 0.00 0.00 0.00 87.04 86.18 90.00 
0 0 0 0 0 0 19.03 0 0.00000000 0.00000000 0.00 0.00 0.00 87.38 85.55 90.00 
0 0 0 0 0 0 19.05 0 0.00000000 0.00000000 0.00 0.00 0.00 87.38 85.55 90.00 
0 0 0 0 0 0 19.08 0 0.00000000 0.00000000 0.00 0.00 0.00 87.38 85.55 90.00 
0 0 0 0 0 0 19.10 0 0.00000000 0.00000000 0.00 0.00 0.00 87.38 85.55 90.00 
0 0 0 0 0 0 19.15 0 0.00000000 0.00000000 0.00 0.00 0.00 87.38 85.55 90.00 
0 0 0 0 0 0 19.18 0 0.00000000 0.00000000 0.00 0.00 0.00 87.38 85.55 90.00 
0 0 0 0 0 0 19.20 0 0.00000000 0.00000000 0.00 0.00 0.00 87.38 85.55 90.00 
0 0 0 0 0 0 19.23 0 0.00000000 0.00000000 0.00 0.00 0.00 87.38 85.55 90.00 
0 0 0 0 0 0 19.25 0 0.00000000 0.00000000 0.00 0.00 0.00 87.38 85.55 90.00 
0 0 0 0 0 0 19.28 0 0.00000000 0.00000000 0.00 0.00 0.00 87.38 85.55 90.00 
0 0 0 0 0 0 19.31 0 0.00000000 0.00000000 0.00 0.00 0.00 87.38 85.55 90.00 
0 0 0 0 0 0 19.33 0 0.00000000 0.00000000 0.00 0.00 0.00 87.38 85.55 90.00 
0 0 0 0 0 0 19.36 0 0.00000000 0.00000000 0.00 0.00 0.00 87.38 85.55 90.00 
0 0 0 0 0 0 19.38 0 0.00000000 0.00000000 0.00 0.00 0.00 87.38 85.55 90.00 
0 0 0 0 0 0 19.41 0 0.00000000 0.00000000 0.00 0.00 0.00 87.38 85.55 90.00 
0 0 0 0 0 0 19.43 0 0.00000000 0.00000000 0.00 0.00 0.00 87.38 85.55 90.00 
0 0 0 0 0 0 19.46 0 0.00000000 0.00000000 0.00 0.00 0.00 87.38 85.55 90.00 
0 0 0 0 0 0 19.49 0 0.00000000 0.00000000 0.00 0.00 0.00 87.38 85.55 90.00 
0 0 0 0 0 0 19.51 0 0.00000000 0.00000000 0.00 0.00 0.00 87.38 85.55 90.00 
0 0 0 0 0 0 19.54 0 0.00000000 0.00000000 0.00 0.00 0.00 87.38 85.55 90.00 
0 0 0 0 0 0 19.56 0 0.00000000 0.00000000 0.00 0.00 0.00 87.38 85.55 90.00 
0 0 0 0 0 0 19.59 0 0.00000000 0.00000000 0.00 0.00 0.00 87.38 85.55 90.00 
0 0 0 0 0 0 19.61 0 0.00000000 0.00000000 0.00 0.00 0.00 87.38 85.55 90.00 
0 0 0 0 0 0 19.64 0 0.00000000 0.00000000 0.00 0.00 0.00 87.38 85.55 90.00 
0 0 0 0 0 0 19.68 0 0.00000000 0.00000000 0.00 0.00 0.00 87.38 85.55 90.00 
0 0 0 0 0 0 19.70 0 0.00000000 0.00000000 0.00 0.00 0.00 87.38 85.55 90.00 
0 0 0 0 0 0 19.73 0 0.00000000 0.00000000 0.00 0.00 0.00 87.38 85.55 90.00 
0 0 0 0 0 0 19.75 0 0.00000000 0.00000000 0.00 0.00 0.00 87.38 85.55 90.00 
0 0 0 0 0 0 19.77 0 0.00000000 0.00000000 0.00 0.00 0.00 87.38 85.55 90.00 
0 0 0 0 0 0 19.80 0 0.00000000 0.00000000 0.00 0.00 0.00 87.38 85.55 90.00 
0 0 0 0 0 0 19.82 0 0.00000000 0.00000000 0.00 0.00 0.00 87.38 85.55 90.00 
0 0 0 0 0 0 19.85 0 0.00000000 0.00000000 0.00 0.00 0.00 87.38 85.55 90.00 
0 0 0 0 0 0 19.88 0 0.00000000 0.00000000 0.00 0.00 0.00 87.38 85.55 90.00 
0 0 0 0 0 0 19.90 0 0.00000000 0.00000000 0.00 0.00 0.00 87.38 85.55 90.00 
0 0 0 0 0 0 19.93 0 0.00000000 0.00000000 0.00 0.00 0.00 87.38 85.55 90.00 
0 0 0 0 0 0 19.95 0 0.00000000 0.00000000 0.00 0.00 0.00 87.38 85.55 90.00 
0 0 0 0 0 0 19.98 0 0.00000000 0.00000000 0.00 0.00 0.00 87.38 85.55 90.00 
0 0 0 0 0 0 20.01 0 0.00000000 0.00000000 0.00 0.00 0.00 87.33 86.00 90.00 
0 0 0 0 0 0 20.04 0 0.00000000 0.00000000 0.00 0.00 0.00 87.33 86.00 90.00 
0 0 0 0 0 0 20.06 0 0.00000000 0.00000000 0.00 0.00 0.00 87.33 86.00 90.00 
0 0 0 0 0 0 20.09 0 0.00000000 0.00000000 0.00 0.00 0.00 87.33 86.00 90.00 
0 0 0 0 0 0 20.11 0 0.00000000 0.00000000 0.00 0.00 0.00 87.33 86.00 90.00 
0 0 0 0 0 0 20.14 0 0.00000000 0.00000000 0.00 0.00 0.00 87.33 86.00 90.00 
0 0 0 0 0 0 20.16 0 0.00000000 0.00000000 0.00 0.00 0.00 87.33 86.00 90.00 
0 0 0 0 0 0 20.19 0 0.00000000 0.00000000 0.00 0.00 0.00 87.33 86.00 90.00 
0 0 0 0 0 0 20.22 0 0.00000000 0.00000000 0.00 0.00 0.00 87.33 86.00 90.00 
0 0 0 0 0 0 20.24 0 0.00000000 0.00000000 0.00 0.00 0.00 87.33 86.00 90.00 
0 0 0 0 0 0 20.27 0 0.00000000 0.00000000 0.00 0.00 0.00 87.33 86.00 90.00 
0 0 0 0 0 0 20.29 0 0.00000000 0.00000000 0.00 0.00 0.00 87.33 86.00 90.00 
0 0 0 0 0 0 20.32 0 0.00000000 0.00000000 0.00 0.00 0.00 87.33 86.00 90.00 
0 0 0 0 0 0 20.34 0 0.00000000 0.00000000 0.00 0.00 0.00 87.33 86.00 90.00 
0 0 0 0 0 0 20.37 0 0.00000000 0.00000000 0.00 0.00 0.00 87.33 86.00 90.00 
0 0 0 0 0 0 20.39 0 0.00000000 0.00000000 0.00 0.00 0.00 87.33 86.00 90.00 
0 0 0 0 0 0 20.42 0 0.00000000 0.00000000 0.00 0.00 0.00 87.33 86.00 90.00 
0 0 0 0 0 0 20.44 0 0.00000000 0.00000000 0.00 0.00 0.00 87.33 86.00 90.00 
0 0 0 0 0 0 20.47 0 0.00000000 0.00000000 0.00 0.00 0.00 87.33 86.00 90.00 
0 0 0 0 0 0 20.50 0 0.00000000 0.00000000 0.00 0.00 0.00 87.33 86.00 90.00 
0 0 0 0 0 0 20.52 0 0.00000000 0.00000000 0.00 0.00 0.00 87.33 86.00 90.00 
0 0 0 0 0 0 20.55 0 0.00000000 0.00000000 0.00 0.00 0.00 87.33 86.00 90.00 
0 0 0 0 0 0 20.57 0 0.00000000 0.00000000 0.00 0.00 0.00 87.33 86.00 90.00 
0 0 0 0 0 0 20.60 0 0.00000000 0.00000000 0.00 0.00 0.00 87.33 86.00 90.00 
0 0 0 0 0 0 20.62 0 0.00000000 0.00000000 0.00 0.00 0.00 87.33 86.00 90.00 
0 0 0 0 0 0 20.65 0 0.00000000 0.00000000 0.00 0.00 0.00 87.33 86.00 90.00 
0 0 0 0 0 0 20.69 0 0.00000000 0.00000000 0.00 0.00 0.00 87.33 86.00 90.00 
0 0 0 0 0 0 20.72 0 0.00000000 0.00000000 0.00 0.00 0.00 87.33 86.00 90.00 
0 0 0 0 0 0 20.75 0 0.00000000 0.00000000 0.00 0.00 0.00 87.33 86.00 90.00 
0 0 0 0 0 0 20.77 0 0.00000000 0.00000000 0.00 0.00 0.00 87.33 86.00 90.00 
0 0 0 0 0 0 20.80 0 0.00000000 0.00000000 0.00 0.00 0.00 87.33 86.00 90.00 
0 0 0 0 0 0 20.82 0 0.00000000 0.00000000 0.00 0.00 0.00 87.33 86.00 90.00 
0 0 0 0 0 0 20.85 0 0.00000000 0.00000000 0.00 0.00 0.00 87.33 86.00 90.00 
0 0 0 0 0 0 20.87 0 0.00000000 0.00000000 0.00 0.00 0.00 87.33 86.00 90.00 
0 0 0 0 0 0 20.90 0 0.00000000 0.00000000 0.00 0.00 0.00 87.33 86.00 90.00 
0 0 0 0 0 0 20.92 0 0.00000000 0.00000000 0.00 0.00 0.00 87.33 86.00 90.00 
0 0 0 0 0 0 20.95 0 0.00000000 0.00000000 0.00 0.00 0.00 87.33 86.00 90.00 
0 0 0 0 0 0 20.97 0 0.00000000 0.00000000 0.00 0.00 0.00 87.33 86.00 90.00 
0 0 0 0 0 0 21.00 0 0.00000000 0.00000000 0.00 0.00 0.00 87.33 86.00 90.00 
0 0 0 0 0 0 21.03 0 0.00000000 0.00000000 0.00 0.00 0.00 87.92 85.47 90.00 
0 0 0 0 0 0 21.05 0 0.00000000 0.00000000 0.00 0.00 0.00 87.92 85.47 90.00 
0 0 0 0 0 0 21.09 0 0.00000000 0.00000000 0.00 0.00 0.00 87.92 85.47 90.00 
0 0 0 0 0 0 21.12 0 0.00000000 0.00000000 0.00 0.00 0.00 87.92 85.47 90.00 
0 0 0 0 0 0 21.14 0 0.00000000 0.00000000 0.00 0.00 0.00 87.92 85.47 90.00 
0 0 0 0 0 0 21.17 0 0.00000000 0.00000000 0.00 0.00 0.00 87.92 85.47 90.00 
0 0 0 0 0 0 21.19 0 0.00000000 0.00000000 0.00 0.00 0.00 87.92 85.47 90.00 
0 0 0 0 0 0 21.22 0 0.00000000 0.00000000 0.00 0.00 0.00 87.92 85.47 90.00 
0 0 0 0 0 0 21.24 0 0.00000000 0.00000000 0.00 0.00 0.00 87.92 85.47 90.00 
0 0 0 0 0 0 21.27 0 0.00000000 0.00000000 0.00 0.00 0.00 87.92 85.47 90.00 
0 0 0 0 0 0 21.30 0 0.00000000 0.00000000 0.00 0.00 0.00 87.92 85.47 90.00 
0 0 0 0 0 0 21.32 0 0.00000000 0.00000000 0.00 0.00 0.00 87.92 85.47 90.00 
0 0 0 0 0 0 21.35 0 0.00000000 0.00000000 0.00 0.00 0.00 87.92 85.47 90.00 
0 0 0 0 0 0 21.37 0 0.00000000 0.00000000 0.00 0.00 0.00 87.92 85.47 90.00 
0 0 0 0 0 0 21.40 0 0.00000000 0.00000000 0.00 0.00 0.00 87.92 85.47 90.00 
0 0 0 0 0 0 21.42 0 0.00000000 0.00000000 0.00 0.00 0.00 87.92 85.47 90.00 
0 0 0 0 0 0 21.45 0 0.00000000 0.00000000 0.00 0.00 0.00 87.92 85.47 90.00 
0 0 0 0 0 0 21.47 0 0.00000000 0.00000000 0.00 0.00 0.00 87.92 85.47 90.00 
0 0 0 0 0 0 21.50 0 0.00000000 0.00000000 0.00 0.00 0.00 87.92 85.47 90.00 
0 0 0 0 0 0 21.52 0 0.00000000 0.00000000 0.00 0.00 0.00 87.92 85.47 90.00 
0 0 0 0 0 0 21.55 0 0.00000000 0.00000000 0.00 0.00 0.00 87.92 85.47 90.00 
0 0 0 0 0 0 21.57 0 0.00000000 0.00000000 0.00 0.00 0.00 87.92 85.47 90.00 
0 0 0 0 0 0 21.60 0 0.00000000 0.00000000 0.00 0.00 0.00 87.92 85.47 90.00 
0 0 0 0 0 0 21.63 0 0.00000000 0.00000000 0.00 0.00 0.00 87.92 85.47 90.00 
0 0 0 0 0 0 21.65 0 0.00000000 0.00000000 0.00 0.00 0.00 87.92 85.47 90.00 
0 0 0 0 0 0 21.68 0 0.00000000 0.00000000 0.00 0.00 0.00 87.92 85.47 90.00 
0 0 0 0 0 0 21.70 0 0.00000000 0.00000000 0.00 0.00 0.00 87.92 85.47 90.00 
0 0 0 0 0 0 21.73 0 0.00000000 0.00000000 0.00 0.00 0.00 87.92 85.47 90.00 
0 0 0 0 0 0 21.75 0 0.00000000 0.00000000 0.00 0.00 0.00 87.92 85.47 90.00 
0 0 0 0 0 0 21.78 0 0.00000000 0.00000000 0.00 0.00 0.00 87.92 85.47 90.00 
0 0 0 0 0 0 21.81 0 0.00000000 0.00000000 0.00 0.00 0.00 87.92 85.47 90.00 
0 0 0 0 0 0 21.83 0 0.00000000 0.00000000 0.00 0.00 0.00 87.92 85.47 90.00 
0 0 0 0 0 0 21.86 0 0.00000000 0.00000000 0.00 0.00 0.00 87.92 85.47 90.00 
0 0 0 0 0 0 21.88 0 0.00000000 0.00000000 0.00 0.00 0.00 87.92 85.47 90.00 
0 0 0 0 0 0 21.91 0 0.00000000 0.00000000 0.00 0.00 0.00 87.92 85.47 90.00 
0 0 0 0 0 0 21.93 0 0.00000000 0.00000000 0.00 0.00 0.00 87.92 85.47 90.00 
0 0 0 0 0 0 21.96 0 0.00000000 0.00000000 0.00 0.00 0.00 87.92 85.47 90.00 
0 0 0 0 0 0 21.99 0 0.00000000 0.00000000 0.00 0.00 0.00 87.92 85.47 90.00 
0 0 0 0 0 0 22.02 0 0.00000000 0.00000000 0.00 0.00 0.00 87.44 85.94 90.00 
0 0 0 0 0 0 22.04 0 0.00000000 0.00000000 0.00 0.00 0.00 87.44 85.94 90.00 
0 0 0 0 0 0 22.07 0 0.00000000 0.00000000 0.00 0.00 0.00 87.44 85.94 90.00 
0 0 0 0 0 0 22.09 0 0.00000000 0.00000000 0.00 0.00 0.00 87.44 85.94 90.00 
0 0 0 0 0 0 22.12 0 0.00000000 0.00000000 0.00 0.00 0.00 87.44 85.94 90.00 
0 0 0 0 0 0 22.14 0 0.00000000 0.00000000 0.00 0.00 0.00 87.44 85.94 90.00 
0 0 0 0 0 0 22.17 0 0.00000000 0.00000000 0.00 0.00 0.00 87.44 85.94 90.00 
0 0 0 0 0 0 22.21 0 0.00000000 0.00000000 0.00 0.00 0.00 87.44 85.94 90.00 
0 0 0 0 0 0 22.24 0 0.00000000 0.00000000 0.00 0.00 0.00 87.44 85.94 90.00 
0 0 0 0 0 0 22.27 0 0.00000000 0.00000000 0.00 0.00 0.00 87.44 85.94 90.00 
0 0 0 0 0 0 22.29 0 0.00000000 0.00000000 0.00 0.00 0.00 87.44 85.94 90.00 
0 0 0 0 0 0 22.32 0 0.00000000 0.00000000 0.00 0.00 0.00 87.44 85.94 90.00 
0 0 0 0 0 0 22.34 0 0.00000000 0.00000000 0.00 0.00 0.00 87.44 85.94 90.00 
0 0 0 0 0 0 22.37 0 0.00000000 0.00000000 0.00 0.00 0.00 87.44 85.94 90.00 
0 0 0 0 0 0 22.39 0 0.00000000 0.00000000 0.00 0.00 0.00 87.44 85.94 90.00 
0 0 0 0 0 0 22.42 0 0.00000000 0.00000000 0.00 0.00 0.00 87.44 85.94 90.00 
0 0 0 0 0 0 22.44 0 0.00000000 0.00000000 0.00 0.00 0.00 87.44 85.94 90.00 
0 0 0 0 0 0 22.47 0 0.00000000 0.00000000 0.00 0.00 0.00 87.44 85.94 90.00 
0 0 0 0 0 0 22.51 0 0.00000000 0.00000000 0.00 0.00 0.00 87.44 85.94 90.00 
0 0 0 0 0 0 22.53 0 0.00000000 0.00000000 0.00 0.00 0.00 87.44 85.94 90.00 
0 0 0 0 0 0 22.56 0 0.00000000 0.00000000 0.00 0.00 0.00 87.44 85.94 90.00 
0 0 0 0 0 0 22.58 0 0.00000000 0.00000000 0.00 0.00 0.00 87.44 85.94 90.00 
0 0 0 0 0 0 22.61 0 0.00000000 0.00000000 0.00 0.00 0.00 87.44 85.94 90.00 
0 0 0 0 0 0 22.63 0 0.00000000 0.00000000 0.00 0.00 0.00 87.44 85.94 90.00 
0 0 0 0 0 0 22.66 0 0.00000000 0.00000000 0.00 0.00 0.00 87.44 85.94 90.00 
0 0 0 0 0 0 22.69 0 0.00000000 0.00000000 0.00 0.00 0.00 87.44 85.94 90.00 
0 0 0 0 0 0 22.71 0 0.00000000 0.00000000 0.00 0.00 0.00 87.44 85.94 90.00 
0 0 0 0 0 0 22.74 0 0.00000000 0.00000000 0.00 0.00 0.00 87.44 85.94 90.00 
0 0 0 0 0 0 22.76 0 0.00000000 0.00000000 0.00 0.00 0.00 87.44 85.94 90.00 
0 0 0 0 0 0 22.79 0 0.00000000 0.00000000 0.00 0.00 0.00 87.44 85.94 90.00 
0 0 0 0 0 0 22.81 0 0.00000000 0.00000000 0.00 0.00 0.00 87.44 85.94 90.00 
0 0 0 0 0 0 22.84 0 0.00000000 0.00000000 0.00 0.00 0.00 87.44 85.94 90.00 
0 0 0 0 0 0 22.86 0 0.00000000 0.00000000 0.00 0.00 0.00 87.44 85.94 90.00 
0 0 0 0 0 0 22.89 0 0.00000000 0.00000000 0.00 0.00 0.00 87.44 85.94 90.00 
0 0 0 0 0 0 22.92 0 0.00000000 0.00000000 0.00 0.00 0.00 87.44 85.94 90.00 
0 0 0 0 0 0 22.94 0 0.00000000 0.00000000 0.00 0.00 0.00 87.44 85.94 90.00 
0 0 0 0 0 0 22.96 0 0.00000000 0.00000000 0.00 0.00 0.00 87.44 85.94 90.00 
0 0 0 0 0 0 22.99 0 0.00000000 0.00000000 0.00 0.00 0.00 87.44 85.94 90.00 
0 0 0 0 0 0 23.02 0 0.00000000 0.00000000 0.00 0.00 0.00 86.91 86.42 90.00 
0 0 0 0 0 0 23.05 0 0.00000000 0.00000000 0.00 0.00 0.00 86.91 86.42 90.00 
0 0 0 0 0 0 23.07 0 0.00000000 0.00000000 0.00 0.00 0.00 86.91 86.42 90.00 
0 0 0 0 0 0 23.10 0 0.00000000 0.00000000 0.00 0.00 0.00 86.91 86.42 90.00 
0 0 0 0 0 0 23.12 0 0.00000000 0.00000000 0.00 0.00 0.00 86.91 86.42 90.00 
0 0 0 0 0 0 23.15 0 0.00000000 0.00000000 0.00 0.00 0.00 86.91 86.42 90.00 
0 0 0 0 0 0 23.17 0 0.00000000 0.00000000 0.00 0.00 0.00 86.91 86.42 90.00 
0 0 0 0 0 0 23.20 0 0.00000000 0.00000000 0.00 0.00 0.00 86.91 86.42 90.00 
0 0 0 0 0 0 23.23 0 0.00000000 0.00000000 0.00 0.00 0.00 86.91 86.42 90.00 
0 0 0 0 0 0 23.25 0 0.00000000 0.00000000 0.00 0.00 0.00 86.91 86.42 90.00 
0 0 0 0 0 0 23.28 0 0.00000000 0.00000000 0.00 0.00 0.00 86.91 86.42 90.00 
0 0 0 0 0 0 23.30 0 0.00000000 0.00000000 0.00 0.00 0.00 86.91 86.42 90.00 
0 0 0 0 0 0 23.33 0 0.00000000 0.00000000 0.00 0.00 0.00 86.91 86.42 90.00 
0 0 0 0 0 0 23.36 0 0.00000000 0.00000000 0.00 0.00 0.00 86.91 86.42 90.00 
0 0 0 0 0 0 23.38 0 0.00000000 0.00000000 0.00 0.00 0.00 86.91 86.42 90.00 
0 0 0 0 0 0 23.41 0 0.00000000 0.00000000 0.00 0.00 0.00 86.91 86.42 90.00 
0 0 0 0 0 0 23.43 0 0.00000000 0.00000000 0.00 0.00 0.00 86.91 86.42 90.00 
0 0 0 0 0 0 23.46 0 0.00000000 0.00000000 0.00 0.00 0.00 86.91 86.42 90.00 
0 0 0 0 0 0 23.48 0 0.00000000 0.00000000 0.00 0.00 0.00 86.91 86.42 90.00 
0 0 0 0 0 0 23.50 0 0.00000000 0.00000000 0.00 0.00 0.00 86.91 86.42 90.00 
0 0 0 0 0 0 23.53 0 0.00000000 0.00000000 0.00 0.00 0.00 86.91 86.42 90.00 
0 0 0 0 0 0 23.56 0 0.00000000 0.00000000 0.00 0.00 0.00 86.91 86.42 90.00 
0 0 0 0 0 0 23.58 0 0.00000000 0.00000000 0.00 0.00 0.00 86.91 86.42 90.00 
0 0 0 0 0 0 23.61 0 0.00000000 0.00000000 0.00 0.00 0.00 86.91 86.42 90.00 
0 0 0 0 0 0 23.63 0 0.00000000 0.00000000 0.00 0.00 0.00 86.91 86.42 90.00 
0 0 0 0 0 0 23.66 0 0.00000000 0.00000000 0.00 0.00 0.00 86.91 86.42 90.00 
0 0 0 0 0 0 23.68 0 0.00000000 0.00000000 0.00 0.00 0.00 86.91 86.42 90.00 
0 0 0 0 0 0 23.71 0 0.00000000 0.00000000 0.00 0.00 0.00 86.91 86.42 90.00 
0 0 0 0 0 0 23.76 0 0.00000000 0.00000000 0.00 0.00 0.00 86.91 86.42 90.00 
0 0 0 0 0 0 23.80 0 0.00000000 0.00000000 0.00 0.00 0.00 86.91 86.42 90.00 
0 0 0 0 0 0 23.83 0 0.00000000 0.00000000 0.00 0.00 0.00 86.91 86.42 90.00 
0 0 0 0 0 0 23.85 0 0.00000000 0.00000000 0.00 0.00 0.00 86.91 86.42 90.00 
0 0 0 0 0 0 23.88 0 0.00000000 0.00000000 0.00 0.00 0.00 86.91 86.42 90.00 
0 0 0 0 0 0 23.90 0 0.00000000 0.00000000 0.00 0.00 0.00 86.91 86.42 90.00 
0 0 0 0 0 0 23.94 0 0.00000000 0.00000000 0.00 0.00 0.00 86.91 86.42 90.00 
0 0 0 0 0 0 23.97 0 0.00000000 0.00000000 0.00 0.00 0.00 86.91 86.42 90.00 
0 0 0 0 0 0 23.99 0 0.00000000 0.00000000 0.00 0.00 0.00 86.91 86.42 90.00 
0 0 0 0 0 0 24.02 0 0.00000000 0.00000000 0.00 0.00 0.00 87.97 85.59 90.00 
0 0 0 0 0 0 24.05 0 0.00000000 0.00000000 0.00 0.00 0.00 87.97 85.59 90.00 
0 0 0 0 0 0 24.07 0 0.00000000 0.00000000 0.00 0.00 0.00 87.97 85.59 90.00 
0 0 0 0 0 0 24.12 0 0.00000000 0.00000000 0.00 0.00 0.00 87.97 85.59 90.00 
0 0 0 0 0 0 24.24 0 0.00000000 0.00000000 0.00 0.00 0.00 87.97 85.59 90.00 
0 0 0 0 0 0 24.37 0 0.00000000 0.00000000 0.00 0.00 0.00 87.97 85.59 90.00 
0 0 0 0 0 0 24.49 0 0.00000000 0.00000000 0.00 0.00 0.00 87.97 85.59 90.00 
0 0 0 0 0 0 24.62 0 0.00000000 0.00000000 0.00 0.00 0.00 87.97 85.59 90.00 
0 0 0 0 0 0 24.70 0 0.00000000 0.00000000 0.00 0.00 0.00 87.97 85.59 90.00 
0 0 0 0 0 0 24.73 0 0.00000000 0.00000000 0.00 0.00 0.00 87.97 85.59 90.00 
0 0 0 0 0 0 24.76 0 0.00000000 0.00000000 0.00 0.00 0.00 87.97 85.59 90.00 
0 0 0 0 0 0 24.78 0 0.00000000 0.00000000 0.00 0.00 0.00 87.97 85.59 90.00 
0 0 0 0 0 0 24.81 0 0.00000000 0.00000000 0.00 0.00 0.00 87.97 85.59 90.00 
0 0 0 0 0 0 24.83 0 0.00000000 0.00000000 0.00 0.00 0.00 87.97 85.59 90.00 
0 0 0 0 0 0 24.86 0 0.00000000 0.00000000 0.00 0.00 0.00 87.97 85.59 90.00 
0 0 0 0 0 0 24.88 0 0.00000000 0.00000000 0.00 0.00 0.00 87.97 85.59 90.00 
0 0 0 0 0 0 24.91 0 0.00000000 0.00000000 0.00 0.00 0.00 87.97 85.59 90.00 
0 0 0 0 0 0 24.93 0 0.00000000 0.00000000 0.00 0.00 0.00 87.97 85.59 90.00 
0 0 0 0 0 0 24.96 0 0.00000000 0.00000000 0.00 0.00 0.00 87.97 85.59 90.00 
0 0 0 0 0 0 24.98 0 0.00000000 0.00000000 0.00 0.00 0.00 87.97 85.59 90.00 
0 0 0 0 0 0 25.02 0 0.00000000 0.00000000 0.00 0.00 0.00 87.43 86.17 90.00 
0 0 0 0 0 0 25.04 0 0.00000000 0.00000000 0.00 0.00 0.00 87.43 86.17 90.00 
0 0 0 0 0 0 25.07 0 0.00000000 0.00000000 0.00 0.00 0.00 87.43 86.17 90.00 
0 0 0 0 0 0 25.09 0 0.00000000 0.00000000 0.00 0.00 0.00 87.43 86.17 90.00 
0 0 0 0 0 0 25.12 0 0.00000000 0.00000000 0.00 0.00 0.00 87.43 86.17 90.00 
0 0 0 0 0 0 25.14 0 0.00000000 0.00000000 0.00 0.00 0.00 87.43 86.17 90.00 
0 0 0 0 0 0 25.17 0 0.00000000 0.00000000 0.00 0.00 0.00 87.43 86.17 90.00 
0 0 0 0 0 0 25.19 0 0.00000000 0.00000000 0.00 0.00 0.00 87.43 86.17 90.00 
0 0 0 0 0 0 25.22 0 0.00000000 0.00000000 0.00 0.00 0.00 87.43 86.17 90.00 
0 0 0 0 0 0 25.24 0 0.00000000 0.00000000 0.00 0.00 0.00 87.43 86.17 90.00 
0 0 0 0 0 0 25.27 0 0.00000000 0.00000000 0.00 0.00 0.00 87.43 86.17 90.00 
0 0 0 0 0 0 25.30 0 0.00000000 0.00000000 0.00 0.00 0.00 87.43 86.17 90.00 
