0 0 0 0 0 0 1.53 0 0.00000000 0.00000000 0.00 0.00 0.00 0.00 0.00 0.00 
0 0 0 0 0 0 1.60 0 0.00000000 0.00000000 0.00 0.00 0.00 0.00 0.00 0.00 
0 0 0 0 0 0 1.63 0 0.00000000 0.00000000 0.00 0.00 0.00 0.00 0.00 0.00 
0 0 0 0 0 0 1.65 0 0.00000000 0.00000000 0.00 0.00 0.00 0.00 0.00 0.00 
0 0 0 0 0 0 1.67 0 0.00000000 0.00000000 0.00 0.00 0.00 0.00 0.00 0.00 
0 0 0 0 0 0 1.69 0 0.00000000 0.00000000 0.00 0.00 0.00 0.00 0.00 0.00 
0 0 0 0 0 0 1.72 0 0.00000000 0.00000000 0.00 0.00 0.00 0.00 0.00 0.00 
0 0 0 0 0 0 1.74 0 0.00000000 0.00000000 0.00 0.00 0.00 0.00 0.00 0.00 
0 0 0 0 0 0 1.76 0 0.00000000 0.00000000 0.00 0.00 0.00 0.00 0.00 0.00 
0 0 0 0 0 0 1.79 0 0.00000000 0.00000000 0.00 0.00 0.00 0.00 0.00 0.00 
0 0 0 0 0 0 1.81 0 0.00000000 0.00000000 0.00 0.00 0.00 0.00 0.00 0.00 
0 0 0 0 0 0 1.83 0 0.00000000 0.00000000 0.00 0.00 0.00 0.00 0.00 0.00 
0 0 0 0 0 0 1.85 0 0.00000000 0.00000000 0.00 0.00 0.00 0.00 0.00 0.00 
0 0 0 0 0 0 1.88 0 0.00000000 0.00000000 0.00 0.00 0.00 0.00 0.00 0.00 
0 0 0 0 0 0 1.90 0 0.00000000 0.00000000 0.00 0.00 0.00 0.00 0.00 0.00 
0 0 0 0 0 0 1.92 0 0.00000000 0.00000000 0.00 0.00 0.00 0.00 0.00 0.00 
0 0 0 0 0 0 1.95 0 0.00000000 0.00000000 0.00 0.00 0.00 0.00 0.00 0.00 
0 0 0 0 0 0 1.98 0 0.00000000 0.00000000 0.00 0.00 0.00 0.00 0.00 0.00 
0 0 0 0 0 0 2.02 0 0.00000000 0.00000000 0.00 0.00 0.00 88.29 85.43 90.00 
0 0 0 0 0 0 2.04 0 0.00000000 0.00000000 0.00 0.00 0.00 88.29 85.43 90.00 
0 0 0 0 0 0 2.06 0 0.00000000 0.00000000 0.00 0.00 0.00 88.29 85.43 90.00 
0 0 0 0 0 0 2.09 0 0.00000000 0.00000000 0.00 0.00 0.00 88.29 85.43 90.00 
0 0 0 0 0 0 2.11 0 0.00000000 0.00000000 0.00 0.00 0.00 88.29 85.43 90.00 
0 0 0 0 0 0 2.14 0 0.00000000 0.00000000 0.00 0.00 0.00 88.29 85.43 90.00 
0 0 0 0 0 0 2.16 0 0.00000000 0.00000000 0.00 0.00 0.00 88.29 85.43 90.00 
0 0 0 0 0 0 2.18 0 0.00000000 0.00000000 0.00 0.00 0.00 88.29 85.43 90.00 
0 0 0 0 0 0 2.20 0 0.00000000 0.00000000 0.00 0.00 0.00 88.29 85.43 90.00 
0 0 0 0 0 0 2.23 0 0.00000000 0.00000000 0.00 0.00 0.00 88.29 85.43 90.00 
0 0 0 0 0 0 2.25 0 0.00000000 0.00000000 0.00 0.00 0.00 88.29 85.43 90.00 
0 0 0 0 0 0 2.28 0 0.00000000 0.00000000 0.00 0.00 0.00 88.29 85.43 90.00 
0 0 0 0 0 0 2.30 0 0.00000000 0.00000000 0.00 0.00 0.00 88.29 85.43 90.00 
0 0 0 0 0 0 2.32 0 0.00000000 0.00000000 0.00 0.00 0.00 88.29 85.43 90.00 
0 0 0 0 0 0 2.34 0 0.00000000 0.00000000 0.00 0.00 0.00 88.29 85.43 90.00 
0 0 0 0 0 0 2.37 0 0.00000000 0.00000000 0.00 0.00 0.00 88.29 85.43 90.00 
0 0 0 0 0 0 2.39 0 0.00000000 0.00000000 0.00 0.00 0.00 88.29 85.43 90.00 
0 0 0 0 0 0 2.42 0 0.00000000 0.00000000 0.00 0.00 0.00 88.29 85.43 90.00 
0 0 0 0 0 0 2.44 0 0.00000000 0.00000000 0.00 0.00 0.00 88.29 85.43 90.00 
0 0 0 0 0 0 2.46 0 0.00000000 0.00000000 0.00 0.00 0.00 88.29 85.43 90.00 
0 0 0 0 0 0 2.48 0 0.00000000 0.00000000 0.00 0.00 0.00 88.29 85.43 90.00 
0 0 0 0 0 0 2.51 0 0.00000000 0.00000000 0.00 0.00 0.00 88.29 85.43 90.00 
0 0 0 0 0 0 2.53 0 0.00000000 0.00000000 0.00 0.00 0.00 88.29 85.43 90.00 
0 0 0 0 0 0 2.55 0 0.00000000 0.00000000 0.00 0.00 0.00 88.29 85.43 90.00 
0 0 0 0 0 0 2.58 0 0.00000000 0.00000000 0.00 0.00 0.00 88.29 85.43 90.00 
0 0 0 0 0 0 2.60 0 0.00000000 0.00000000 0.00 0.00 0.00 88.29 85.43 90.00 
0 0 0 0 0 0 2.62 0 0.00000000 0.00000000 0.00 0.00 0.00 88.29 85.43 90.00 
0 0 0 0 0 0 2.65 0 0.00000000 0.00000000 0.00 0.00 0.00 88.29 85.43 90.00 
0 0 0 0 0 0 2.67 0 0.00000000 0.00000000 0.00 0.00 0.00 88.29 85.43 90.00 
0 0 0 0 0 0 2.69 0 0.00000000 0.00000000 0.00 0.00 0.00 88.29 85.43 90.00 
0 0 0 0 0 0 2.71 0 0.00000000 0.00000000 0.00 0.00 0.00 88.29 85.43 90.00 
0 0 0 0 0 0 2.74 0 0.00000000 0.00000000 0.00 0.00 0.00 88.29 85.43 90.00 
0 0 0 0 0 0 2.76 0 0.00000000 0.00000000 0.00 0.00 0.00 88.29 85.43 90.00 
0 0 0 0 0 0 2.79 0 0.00000000 0.00000000 0.00 0.00 0.00 88.29 85.43 90.00 
0 0 0 0 0 0 2.81 0 0.00000000 0.00000000 0.00 0.00 0.00 88.29 85.43 90.00 
0 0 0 0 0 0 2.83 0 0.00000000 0.00000000 0.00 0.00 0.00 88.29 85.43 90.00 
0 0 0 0 0 0 2.85 0 0.00000000 0.00000000 0.00 0.00 0.00 88.29 85.43 90.00 
0 0 0 0 0 0 2.88 0 0.00000000 0.00000000 0.00 0.00 0.00 88.29 85.43 90.00 
0 0 0 0 0 0 2.91 0 0.00000000 0.00000000 0.00 0.00 0.00 88.29 85.43 90.00 
0 0 0 0 0 0 2.94 0 0.00000000 0.00000000 0.00 0.00 0.00 88.29 85.43 90.00 
0 0 0 0 0 0 2.96 0 0.00000000 0.00000000 0.00 0.00 0.00 88.29 85.43 90.00 
0 0 0 0 0 0 2.98 0 0.00000000 0.00000000 0.00 0.00 0.00 88.29 85.43 90.00 
0 0 0 0 0 0 3.01 0 0.00000000 0.00000000 0.00 0.00 0.00 86.96 86.06 90.00 
0 0 0 0 0 0 3.03 0 0.00000000 0.00000000 0.00 0.00 0.00 86.96 86.06 90.00 
0 0 0 0 0 0 3.05 0 0.00000000 0.00000000 0.00 0.00 0.00 86.96 86.06 90.00 
0 0 0 0 0 0 3.08 0 0.00000000 0.00000000 0.00 0.00 0.00 86.96 86.06 90.00 
0 0 0 0 0 0 3.10 0 0.00000000 0.00000000 0.00 0.00 0.00 86.96 86.06 90.00 
0 0 0 0 0 0 3.13 0 0.00000000 0.00000000 0.00 0.00 0.00 86.96 86.06 90.00 
0 0 0 0 0 0 3.15 0 0.00000000 0.00000000 0.00 0.00 0.00 86.96 86.06 90.00 
0 0 0 0 0 0 3.17 0 0.00000000 0.00000000 0.00 0.00 0.00 86.96 86.06 90.00 
0 0 0 0 0 0 3.19 0 0.00000000 0.00000000 0.00 0.00 0.00 86.96 86.06 90.00 
0 0 0 0 0 0 3.22 0 0.00000000 0.00000000 0.00 0.00 0.00 86.96 86.06 90.00 
0 0 0 0 0 0 3.24 0 0.00000000 0.00000000 0.00 0.00 0.00 86.96 86.06 90.00 
0 0 0 0 0 0 3.27 0 0.00000000 0.00000000 0.00 0.00 0.00 86.96 86.06 90.00 
0 0 0 0 0 0 3.29 0 0.00000000 0.00000000 0.00 0.00 0.00 86.96 86.06 90.00 
0 0 0 0 0 0 3.31 0 0.00000000 0.00000000 0.00 0.00 0.00 86.96 86.06 90.00 
0 0 0 0 0 0 3.33 0 0.00000000 0.00000000 0.00 0.00 0.00 86.96 86.06 90.00 
0 0 0 0 0 0 3.36 0 0.00000000 0.00000000 0.00 0.00 0.00 86.96 86.06 90.00 
0 0 0 0 0 0 3.40 0 0.00000000 0.00000000 0.00 0.00 0.00 86.96 86.06 90.00 
0 0 0 0 0 0 3.43 0 0.00000000 0.00000000 0.00 0.00 0.00 86.96 86.06 90.00 
0 0 0 0 0 0 3.45 0 0.00000000 0.00000000 0.00 0.00 0.00 86.96 86.06 90.00 
0 0 0 0 0 0 3.47 0 0.00000000 0.00000000 0.00 0.00 0.00 86.96 86.06 90.00 
0 0 0 0 0 0 3.49 0 0.00000000 0.00000000 0.00 0.00 0.00 86.96 86.06 90.00 
0 0 0 0 0 0 3.52 0 0.00000000 0.00000000 0.00 0.00 0.00 86.96 86.06 90.00 
0 0 0 0 0 0 3.54 0 0.00000000 0.00000000 0.00 0.00 0.00 86.96 86.06 90.00 
0 0 0 0 0 0 3.57 0 0.00000000 0.00000000 0.00 0.00 0.00 86.96 86.06 90.00 
0 0 0 0 0 0 3.59 0 0.00000000 0.00000000 0.00 0.00 0.00 86.96 86.06 90.00 
0 0 0 0 0 0 3.61 0 0.00000000 0.00000000 0.00 0.00 0.00 86.96 86.06 90.00 
0 0 0 0 0 0 3.63 0 0.00000000 0.00000000 0.00 0.00 0.00 86.96 86.06 90.00 
0 0 0 0 0 0 3.66 0 0.00000000 0.00000000 0.00 0.00 0.00 86.96 86.06 90.00 
0 0 0 0 0 0 3.68 0 0.00000000 0.00000000 0.00 0.00 0.00 86.96 86.06 90.00 
0 0 0 0 0 0 3.70 0 0.00000000 0.00000000 0.00 0.00 0.00 86.96 86.06 90.00 
0 0 0 0 0 0 3.73 0 0.00000000 0.00000000 0.00 0.00 0.00 86.96 86.06 90.00 
0 0 0 0 0 0 3.75 0 0.00000000 0.00000000 0.00 0.00 0.00 86.96 86.06 90.00 
0 0 0 0 0 0 3.77 0 0.00000000 0.00000000 0.00 0.00 0.00 86.96 86.06 90.00 
0 0 0 0 0 0 3.80 0 0.00000000 0.00000000 0.00 0.00 0.00 86.96 86.06 90.00 
0 0 0 0 0 0 3.82 0 0.00000000 0.00000000 0.00 0.00 0.00 86.96 86.06 90.00 
0 0 0 0 0 0 3.84 0 0.00000000 0.00000000 0.00 0.00 0.00 86.96 86.06 90.00 
0 0 0 0 0 0 3.86 0 0.00000000 0.00000000 0.00 0.00 0.00 86.96 86.06 90.00 
0 0 0 0 0 0 3.89 0 0.00000000 0.00000000 0.00 0.00 0.00 86.96 86.06 90.00 
0 0 0 0 0 0 3.91 0 0.00000000 0.00000000 0.00 0.00 0.00 86.96 86.06 90.00 
0 0 0 0 0 0 3.94 0 0.00000000 0.00000000 0.00 0.00 0.00 86.96 86.06 90.00 
0 0 0 0 0 0 3.96 0 0.00000000 0.00000000 0.00 0.00 0.00 86.96 86.06 90.00 
0 0 0 0 0 0 3.98 0 0.00000000 0.00000000 0.00 0.00 0.00 86.96 86.06 90.00 
0 0 0 0 0 0 4.01 0 0.00000000 0.00000000 0.00 0.00 0.00 87.78 85.81 90.00 
0 0 0 0 0 0 4.03 0 0.00000000 0.00000000 0.00 0.00 0.00 87.78 85.81 90.00 
0 0 0 0 0 0 4.06 0 0.00000000 0.00000000 0.00 0.00 0.00 87.78 85.81 90.00 
0 0 0 0 0 0 4.08 0 0.00000000 0.00000000 0.00 0.00 0.00 87.78 85.81 90.00 
0 0 0 0 0 0 4.10 0 0.00000000 0.00000000 0.00 0.00 0.00 87.78 85.81 90.00 
0 0 0 0 0 0 4.13 0 0.00000000 0.00000000 0.00 0.00 0.00 87.78 85.81 90.00 
0 0 0 0 0 0 4.15 0 0.00000000 0.00000000 0.00 0.00 0.00 87.78 85.81 90.00 
0 0 0 0 0 0 4.17 0 0.00000000 0.00000000 0.00 0.00 0.00 87.78 85.81 90.00 
0 0 0 0 0 0 4.21 0 0.00000000 0.00000000 0.00 0.00 0.00 87.78 85.81 90.00 
0 0 0 0 0 0 4.23 0 0.00000000 0.00000000 0.00 0.00 0.00 87.78 85.81 90.00 
0 0 0 0 0 0 4.25 0 0.00000000 0.00000000 0.00 0.00 0.00 87.78 85.81 90.00 
0 0 0 0 0 0 4.28 0 0.00000000 0.00000000 0.00 0.00 0.00 87.78 85.81 90.00 
0 0 0 0 0 0 4.30 0 0.00000000 0.00000000 0.00 0.00 0.00 87.78 85.81 90.00 
0 0 0 0 0 0 4.32 0 0.00000000 0.00000000 0.00 0.00 0.00 87.78 85.81 90.00 
0 0 0 0 0 0 4.34 0 0.00000000 0.00000000 0.00 0.00 0.00 87.78 85.81 90.00 
0 0 0 0 0 0 4.37 0 0.00000000 0.00000000 0.00 0.00 0.00 87.78 85.81 90.00 
0 0 0 0 0 0 4.39 0 0.00000000 0.00000000 0.00 0.00 0.00 87.78 85.81 90.00 
0 0 0 0 0 0 4.42 0 0.00000000 0.00000000 0.00 0.00 0.00 87.78 85.81 90.00 
0 0 0 0 0 0 4.44 0 0.00000000 0.00000000 0.00 0.00 0.00 87.78 85.81 90.00 
0 0 0 0 0 0 4.46 0 0.00000000 0.00000000 0.00 0.00 0.00 87.78 85.81 90.00 
0 0 0 0 0 0 4.48 0 0.00000000 0.00000000 0.00 0.00 0.00 87.78 85.81 90.00 
0 0 0 0 0 0 4.51 0 0.00000000 0.00000000 0.00 0.00 0.00 87.78 85.81 90.00 
0 0 0 0 0 0 4.53 0 0.00000000 0.00000000 0.00 0.00 0.00 87.78 85.81 90.00 
0 0 0 0 0 0 4.55 0 0.00000000 0.00000000 0.00 0.00 0.00 87.78 85.81 90.00 
0 0 0 0 0 0 4.58 0 0.00000000 0.00000000 0.00 0.00 0.00 87.78 85.81 90.00 
0 0 0 0 0 0 4.60 0 0.00000000 0.00000000 0.00 0.00 0.00 87.78 85.81 90.00 
0 0 0 0 0 0 4.62 0 0.00000000 0.00000000 0.00 0.00 0.00 87.78 85.81 90.00 
0 0 0 0 0 0 4.65 0 0.00000000 0.00000000 0.00 0.00 0.00 87.78 85.81 90.00 
0 0 0 0 0 0 4.67 0 0.00000000 0.00000000 0.00 0.00 0.00 87.78 85.81 90.00 
0 0 0 0 0 0 4.70 0 0.00000000 0.00000000 0.00 0.00 0.00 87.78 85.81 90.00 
0 0 0 0 0 0 4.72 0 0.00000000 0.00000000 0.00 0.00 0.00 87.78 85.81 90.00 
0 0 0 0 0 0 4.74 0 0.00000000 0.00000000 0.00 0.00 0.00 87.78 85.81 90.00 
0 0 0 0 0 0 4.76 0 0.00000000 0.00000000 0.00 0.00 0.00 87.78 85.81 90.00 
0 0 0 0 0 0 4.81 0 0.00000000 0.00000000 0.00 0.00 0.00 87.78 85.81 90.00 
0 0 0 0 0 0 4.83 0 0.00000000 0.00000000 0.00 0.00 0.00 87.78 85.81 90.00 
0 0 0 0 0 0 4.85 0 0.00000000 0.00000000 0.00 0.00 0.00 87.78 85.81 90.00 
0 0 0 0 0 0 4.88 0 0.00000000 0.00000000 0.00 0.00 0.00 87.78 85.81 90.00 
