2.16 1.58 11.83 7.17  -3.64 -16.10 10.07  -2.08 0.27 9.92  92.09 93.59 90.99 
2.31 3.56 12.91 6.80  4.84 -7.07 4.82  -2.31 0.63 10.08  91.55 95.63 90.84 
2.41 3.70 8.42 6.94  -2.13 -2.68 2.87  -1.53 0.67 10.32  91.70 93.18 90.18 
2.52 2.63 8.92 9.21  3.99 -5.32 0.14  -1.61 0.47 10.24  91.13 94.19 89.52 
2.62 5.60 9.31 5.14  7.33 -0.60 -1.96  -1.65 0.98 10.00  93.29 93.26 88.62 
2.72 4.87 8.35 8.15  8.17 -1.33 -0.24  -1.49 0.86 10.12  91.73 92.96 90.16 
2.83 3.83 11.33 12.60  10.52 1.29 -0.05  -2.00 0.67 9.96  91.92 93.81 90.01 
2.93 6.39 6.78 7.79  0.63 -2.38 -5.22  -1.22 1.14 10.16  92.79 92.96 89.09 
3.03 8.16 9.62 3.70  2.33 -5.69 -3.80  -1.69 1.41 9.85  93.33 93.77 89.00 
3.13 7.54 7.47 4.86  -5.57 -5.57 -3.45  -1.33 1.33 10.08  93.82 92.93 89.63 
3.24 6.03 6.64 6.01  -6.56 0.57 9.68  -1.22 1.10 10.40  93.30 93.46 91.15 
3.34 8.16 6.57 2.60  7.13 -3.38 -2.71  -1.18 1.45 10.12  92.93 93.38 89.36 
3.44 6.15 6.33 6.06  5.30 -7.87 2.14  -1.14 1.10 10.20  92.68 93.61 90.56 
3.55 5.49 3.72 6.90  1.16 -2.03 9.58  -0.67 0.98 10.20  92.14 92.52 91.66 
3.65 12.69 10.40 -3.03  23.03 -38.65 15.32  -2.00 2.39 10.63  95.10 95.17 90.92 
3.76 2.72 2.71 31.77  11.94 -39.04 15.69  -0.47 0.47 9.92  90.20 90.40 94.94 
3.86 16.21 5.67 0.29  10.17 -42.76 28.75  -0.82 2.31 7.96  98.25 91.83 93.03 
3.96 1.94 -10.22 29.52  -1.89 8.44 64.23  1.88 0.35 10.43  90.60 84.66 101.10 
4.07 -1.65 -5.15 44.58  9.68 5.82 33.86  0.98 -0.31 10.87  90.38 84.90 99.86 
4.17 1.63 -6.95 39.54  0.24 4.45 15.99  1.18 0.27 9.65  92.58 85.36 92.75 
4.27 9.80 -5.87 20.21  -4.86 -18.51 -11.26  1.02 1.69 9.77  93.37 88.03 87.00 
4.38 9.93 -13.17 11.97  10.07 6.50 -4.03  2.24 1.65 9.41  94.26 84.63 89.04 
4.48 9.68 -7.13 20.09  4.57 -6.67 -12.50  1.26 1.69 9.89  94.29 87.30 87.26 
4.58 6.71 -9.07 25.53  7.18 -8.46 -6.29  1.61 1.18 10.00  92.93 86.04 88.90 
4.68 4.45 -8.82 32.06  3.71 7.67 10.48  1.57 0.78 10.08  92.50 85.46 92.06 
4.78 5.44 -9.42 28.53  1.58 -2.82 -2.65  1.65 0.94 9.89  92.44 85.56 89.56 
4.89 5.03 -10.17 28.75  1.14 -2.06 -0.94  1.77 0.86 9.81  92.06 85.44 89.39 
4.99 6.34 -9.84 24.73  -1.12 3.25 -1.81  1.73 1.10 9.89  92.69 85.38 89.59 
5.09 1.92 -7.20 38.34  -0.84 7.44 -0.92  1.33 0.35 10.55  91.14 86.22 89.97 
5.19 4.26 -9.98 28.44  0.01 -2.90 -1.85  1.77 0.75 10.00  92.64 85.85 89.81 
5.29 5.28 -9.76 27.04  0.32 -1.86 -2.27  1.69 0.90 9.77  91.74 86.07 89.68 
5.39 4.67 -8.82 28.31  -0.22 6.32 0.00  1.57 0.82 10.08  92.54 85.75 90.44 
5.50 5.04 -6.10 30.08  2.45 -1.86 -5.22  1.10 0.90 10.24  92.31 87.41 89.14 
5.60 4.02 -10.38 27.25  -4.49 -3.65 2.11  1.84 0.71 10.04  92.36 85.54 90.55 
5.70 4.89 -12.25 23.12  -1.46 -0.55 0.28  2.20 0.86 10.08  91.61 85.59 90.28 
5.80 4.38 -8.90 28.12  1.63 -1.20 -0.31  1.61 0.78 10.24  91.84 85.77 90.20 
5.91 4.57 -10.61 25.15  0.28 -8.01 -1.82  1.84 0.78 9.81  91.70 85.85 89.68 
6.01 5.84 -5.60 27.40  -3.94 5.99 3.52  1.02 1.06 10.36  92.85 86.70 90.57 
6.11 7.62 -10.18 17.43  3.16 1.33 6.09  1.80 1.33 9.96  93.38 85.68 90.68 
6.21 3.96 -7.00 28.34  2.55 -2.41 -3.13  1.26 0.71 10.20  91.44 87.04 89.75 
6.31 4.95 -7.60 26.21  2.03 -3.96 -0.05  1.33 0.86 9.96  91.95 87.09 89.84 
6.41 5.34 -7.50 26.90  -0.19 0.52 -1.68  1.33 0.94 10.08  92.33 86.73 89.71 
6.51 4.15 -5.44 31.33  0.75 2.29 1.38  0.98 0.75 10.28  91.99 87.45 90.41 
6.61 5.87 -10.03 21.88  -0.48 -0.88 0.37  1.77 1.02 9.92  92.30 86.03 90.24 
6.72 4.86 -8.32 25.67  0.50 -3.06 -0.12  1.49 0.86 10.16  91.82 86.57 89.73 
6.82 6.46 -8.61 21.32  1.08 -0.38 2.06  1.53 1.14 10.04  92.54 86.42 90.33 
6.92 5.09 -8.56 25.68  3.24 -2.15 0.68  1.53 0.90 10.12  91.84 86.63 90.27 
7.02 5.15 -8.66 26.47  1.22 -1.83 -1.90  1.53 0.90 10.00  92.13 86.44 89.98 
7.12 6.16 -8.15 24.31  2.68 1.24 0.74  1.41 1.06 9.81  92.13 86.34 90.06 
7.22 6.32 -7.39 24.44  1.65 2.73 0.97  1.29 1.10 9.92  92.36 86.77 89.88 
7.32 2.92 -5.62 32.76  3.32 7.99 -2.20  1.06 0.55 10.75  91.48 87.51 89.91 
7.43 5.30 -11.79 22.26  6.68 5.87 -17.16  2.04 0.90 9.73  92.26 84.36 87.56 
7.53 8.93 -3.90 21.96  8.12 5.04 -14.82  0.71 1.61 10.24  93.19 88.69 87.74 
7.63 5.26 -2.71 31.08  -1.56 23.01 0.89  0.59 1.14 12.36  95.84 82.79 88.21 
7.73 5.92 -6.31 25.06  9.75 -11.24 5.64  1.18 1.10 10.59  92.58 87.25 90.98 
7.83 12.60 -1.82 19.99  12.32 13.20 10.24  0.31 2.16 9.65  94.88 86.44 90.62 
7.94 9.54 -4.85 24.23  3.93 7.42 -0.37  0.82 1.61 9.57  93.92 87.81 90.40 
8.04 9.46 -4.49 22.99  5.18 18.84 -1.11  0.82 1.73 10.36  93.63 87.37 90.69 
8.14 11.91 -3.28 20.95  4.94 15.29 15.63  0.59 2.12 10.04  95.08 88.10 92.14 
8.24 10.29 -1.31 29.13  0.91 10.04 17.20  0.24 1.84 10.16  94.95 88.79 93.42 
8.34 12.14 -0.45 26.91  5.39 -10.15 10.62  0.08 2.12 9.85  95.01 90.00 92.03 
8.44 10.27 -3.33 29.01  0.15 -11.08 1.83  0.59 1.80 9.96  94.22 88.14 90.55 
8.57 12.46 -5.82 22.13  1.95 -5.50 -7.08  1.02 2.16 9.77  95.43 87.46 88.76 
8.70 7.86 -2.96 35.52  -0.42 -0.24 -1.27  0.55 1.45 10.51  93.43 88.71 89.78 
8.83 10.11 -2.40 32.11  1.34 8.00 3.97  0.43 1.80 10.12  94.41 88.95 90.69 
8.95 12.03 -3.69 25.62  -3.45 -10.12 -0.07  0.67 2.16 10.12  95.25 88.39 89.99 
9.06 9.82 -1.52 32.80  -9.25 -16.87 -2.29  0.27 1.77 10.20  94.28 89.34 89.53 
9.16 8.98 -6.68 25.71  -10.60 28.35 -16.97  1.18 1.57 9.92  96.31 87.16 87.93 
9.26 8.97 -3.19 26.51  -4.14 12.26 -4.76  0.59 1.65 10.43  94.33 89.16 89.38 
9.36 8.26 -2.12 27.70  -8.63 2.60 -7.10  0.35 1.37 9.45  93.06 89.31 88.80 
9.46 11.70 -0.44 16.79  -10.38 7.81 -7.80  0.08 2.08 10.04  94.92 89.41 88.38 
9.56 8.16 -1.16 21.01  -17.68 38.05 -21.18  0.20 1.37 9.57  92.22 91.35 86.87 
9.66 5.23 5.64 22.37  1.13 37.74 -1.87  -1.02 0.94 10.28  93.06 93.13 88.40 
9.76 4.28 11.97 25.37  -3.18 44.21 -1.41  -2.12 0.75 9.96  93.77 94.10 89.16 
9.87 2.94 16.31 22.39  -5.07 50.70 -6.39  -3.14 0.55 10.71  91.15 97.63 88.89 
9.97 4.38 20.52 21.10  -9.39 41.40 -11.21  -3.84 0.78 10.24  92.14 98.40 87.62 
10.07 6.68 23.11 14.93  -0.98 38.38 -18.02  -4.31 1.18 10.04  92.86 99.90 86.68 
10.17 4.96 25.72 14.90  2.28 15.58 0.13  -4.59 0.82 9.49  92.64 100.83 90.20 
10.27 7.51 26.85 9.46  1.29 16.39 -1.48  -4.71 1.22 9.22  93.31 101.50 89.29 
10.37 7.53 26.93 7.50  -2.96 14.71 -1.30  -4.86 1.26 9.49  93.30 102.20 89.50 
10.48 8.80 29.89 6.97  2.03 12.60 2.02  -5.45 1.45 9.38  93.90 103.90 90.09 
10.58 5.96 32.62 12.27  1.21 3.72 1.22  -5.81 0.94 9.02  91.02 105.49 90.90 
10.68 3.88 33.40 15.25  -5.48 3.20 1.02  -6.12 0.63 9.26  92.09 104.63 90.10 
10.78 4.68 32.97 13.13  -5.29 1.87 -2.44  -5.92 0.75 9.10  92.04 104.39 89.57 
10.88 0.00 36.11 20.85  1.35 6.63 -5.79  -6.24 0.00 8.55  89.65 105.88 89.66 
10.98 1.01 34.61 18.37  12.29 1.19 5.61  -6.12 0.16 8.87  90.68 105.01 92.12 
11.08 3.67 35.88 18.21  -3.19 -1.14 2.06  -6.20 0.55 8.55  91.74 104.92 90.27 
11.19 5.26 33.40 14.88  1.83 -5.31 2.14  -5.92 0.82 8.94  92.69 104.48 90.19 
11.29 4.10 34.56 17.71  2.07 -6.51 0.47  -6.04 0.63 8.75  92.12 105.22 89.98 
11.39 4.57 33.96 15.32  1.32 -4.62 -0.14  -5.96 0.71 8.83  92.44 104.49 89.94 
11.49 5.04 33.53 15.56  0.63 -5.70 -0.67  -5.92 0.78 8.90  92.10 104.61 90.04 
11.59 4.23 32.16 15.94  -3.03 -8.23 1.77  -5.69 0.67 9.02  91.94 103.93 90.25 
11.69 5.44 31.46 14.72  0.32 -8.02 1.40  -5.57 0.86 9.06  92.28 104.02 90.16 
11.79 6.56 31.79 15.03  -4.14 -8.77 4.10  -5.53 1.02 8.87  92.77 103.77 90.92 
11.89 4.93 30.47 16.66  -6.30 -13.78 6.28  -5.37 0.78 9.10  92.23 103.31 91.09 
12.00 4.81 31.69 17.81  -14.04 -7.05 13.28  -5.49 0.75 8.87  91.74 103.61 92.82 
12.10 3.72 29.13 17.75  0.95 -5.13 1.70  -5.06 0.59 9.06  92.28 102.65 90.42 
12.20 3.09 28.36 19.40  -6.98 -5.77 5.13  -4.71 0.47 8.71  92.39 102.53 91.43 
12.30 2.46 26.25 18.25  -12.95 -35.30 15.67  -4.51 0.39 9.14  91.31 101.86 92.83 
12.40 3.95 26.14 17.33  -2.49 -6.13 0.40  -4.75 0.67 9.65  92.24 101.51 90.07 
12.50 2.62 23.61 16.62  6.65 -11.48 -0.72  -4.12 0.43 9.41  91.25 100.56 89.18 
12.60 4.17 26.04 15.85  -1.79 9.65 3.70  -4.75 0.71 9.69  91.96 101.31 90.65 
12.70 2.55 23.98 16.04  -6.20 -10.39 0.38  -4.31 0.43 9.69  91.42 100.79 90.18 
12.81 0.46 22.44 17.34  -0.72 -11.30 -5.99  -4.00 0.08 9.69  90.60 99.75 89.20 
12.91 1.90 23.33 15.96  15.65 2.77 -5.36  -4.08 0.31 9.45  91.56 100.55 88.93 
13.01 4.63 23.94 13.56  5.41 2.07 -5.93  -4.31 0.78 9.69  92.14 100.43 89.40 
13.11 4.09 27.27 16.07  7.49 2.35 -0.53  -4.82 0.67 9.34  91.78 101.90 89.91 
13.21 4.55 25.82 14.37  6.60 0.03 -3.78  -4.55 0.75 9.38  91.86 100.93 89.44 
13.31 4.71 24.28 13.12  1.61 -1.23 -2.11  -4.31 0.78 9.53  92.07 100.59 89.83 
13.41 5.87 24.82 11.12  2.19 1.17 -1.90  -4.43 0.98 9.53  92.29 100.96 89.74 
13.51 4.18 23.45 11.71  2.12 -2.79 -2.79  -4.20 0.71 9.65  92.01 100.07 89.58 
13.61 4.69 23.61 12.96  0.57 -2.20 -2.22  -4.20 0.78 9.57  91.92 100.19 89.90 
13.72 5.64 24.64 12.30  1.09 -2.43 3.59  -4.39 0.94 9.53  92.45 100.80 90.45 
13.82 6.39 23.61 9.95  0.53 -4.53 2.63  -4.16 1.06 9.45  91.83 100.35 90.59 
13.92 5.15 23.79 12.55  2.83 -0.04 3.77  -4.24 0.86 9.57  92.11 100.07 90.65 
14.02 7.27 22.61 9.46  1.04 -1.46 3.54  -4.00 1.22 9.53  92.72 100.24 90.27 
14.12 4.74 23.43 14.94  3.38 -1.50 -1.36  -4.31 0.82 9.92  91.50 100.72 89.61 
14.22 6.12 23.27 12.47  0.95 4.16 1.44  -4.28 1.06 9.89  92.01 100.07 90.19 
14.32 6.81 24.20 12.13  8.66 -1.92 -6.27  -4.31 1.14 9.53  92.25 100.64 89.16 
14.43 4.52 23.05 14.08  14.25 -7.07 -5.65  -4.24 0.78 9.92  92.19 100.12 89.28 
14.53 6.04 23.97 15.69  47.38 -19.09 -12.31  -4.47 1.06 10.00  92.10 100.87 88.33 
14.63 11.84 19.55 9.12  53.17 -39.01 -5.32  -3.53 2.04 9.73  95.04 98.87 89.16 
14.73 16.44 14.12 7.55  51.21 -57.85 -2.52  -2.51 2.82 9.57  97.79 96.38 89.25 
14.83 16.33 7.18 10.09  47.99 -45.67 -9.71  -1.02 2.28 7.77  93.70 95.25 90.51 
14.93 27.30 4.51 3.49  126.04 -42.70 -34.94  -0.86 5.02 9.73  100.80 93.62 84.94 
15.03 34.93 1.55 10.66  93.12 -49.93 -30.50  -0.31 6.63 9.49  104.45 90.55 84.36 
15.13 38.25 1.82 8.74  87.62 -20.23 -15.39  -0.35 6.86 8.71  104.50 91.51 85.84 
15.23 50.83 1.08 0.92  90.18 -28.05 -23.01  -0.20 8.04 6.55  108.33 90.55 85.41 
15.34 53.09 1.10 2.87  42.88 -11.30 -12.36  -0.20 8.20 6.16  113.68 89.50 87.87 
15.44 58.42 -0.45 -0.50  11.91 3.17 3.71  0.08 8.55 5.26  114.29 90.40 90.18 
15.54 57.92 0.00 0.84  -17.06 11.72 -3.57  0.00 8.51 5.33  114.97 90.68 89.10 
15.64 49.37 3.75 10.33  -19.43 0.07 -8.35  -0.67 7.73 6.63  112.39 91.45 87.69 
15.74 51.17 -1.52 4.50  1.58 -0.15 1.87  0.27 8.04 6.47  111.68 89.81 90.26 
15.84 52.14 2.36 2.74  -1.50 16.10 -9.31  -0.43 8.28 6.43  112.64 90.75 88.47 
15.94 50.08 7.58 5.53  -11.59 16.89 -10.96  -1.33 7.69 6.43  112.21 92.48 87.72 
16.04 46.71 9.14 8.06  1.44 3.15 -2.34  -1.65 7.45 7.02  109.30 94.20 88.94 
16.14 48.94 6.87 3.71  4.01 1.79 3.69  -1.22 7.61 6.63  110.73 93.09 90.12 
16.24 47.39 5.84 5.67  0.07 -1.84 3.10  -1.02 7.34 6.75  110.39 92.43 90.28 
16.34 48.18 4.93 4.24  2.43 -0.81 2.82  -0.86 7.45 6.67  110.59 92.02 90.04 
16.44 46.27 6.02 6.77  -4.51 1.06 1.96  -1.06 7.26 6.94  110.86 92.21 90.07 
16.54 48.11 3.51 2.82  -2.28 -0.53 6.86  -0.63 7.61 6.83  111.07 91.93 91.20 
16.64 48.29 4.86 3.02  -3.92 -0.04 3.54  -0.86 7.57 6.75  110.73 92.23 90.49 
16.75 47.45 3.67 2.87  -1.57 -0.90 4.31  -0.67 7.65 7.02  110.79 91.91 90.35 
16.85 47.13 4.08 3.05  -1.19 -0.04 3.35  -0.75 7.65 7.10  110.51 91.61 90.48 
16.95 44.39 3.46 6.42  1.81 -0.27 -0.16  -0.63 7.26 7.41  109.03 91.91 89.99 
17.05 46.92 4.74 3.81  0.52 -1.60 -2.53  -0.82 7.26 6.79  111.12 92.00 89.71 
17.15 46.74 3.79 3.80  -4.68 -1.83 2.04  -0.67 7.34 6.90  110.53 92.04 90.38 
17.25 45.76 3.88 4.91  -2.07 -1.31 0.11  -0.71 7.45 7.26  110.03 91.68 90.09 
17.35 45.92 5.61 4.40  2.31 1.93 -0.65  -1.02 7.45 7.22  110.11 91.90 89.96 
17.45 47.52 4.66 2.17  3.33 -1.99 0.30  -0.82 7.45 6.83  110.56 92.32 90.10 
17.55 46.67 3.86 3.07  9.50 0.21 -1.78  -0.71 7.61 7.18  110.38 92.20 89.79 
17.65 51.64 3.40 -2.28  8.88 -4.80 0.14  -0.63 8.28 6.55  112.00 91.39 89.91 
17.75 44.06 7.96 8.54  -4.96 6.23 2.79  -1.41 7.02 7.26  110.12 92.83 89.96 
17.85 43.11 3.78 7.49  -24.58 -0.31 1.62  -0.67 6.90 7.37  111.27 92.20 90.16 
17.95 37.68 5.82 6.42  -46.75 2.02 -11.18  -1.02 6.12 7.92  105.85 92.52 87.72 
18.06 43.89 2.83 -7.81  -97.83 9.82 -15.95  -0.35 4.94 5.14  105.20 92.22 87.48 
18.16 31.66 9.16 -0.39  -52.66 11.17 3.92  -1.69 5.49 8.90  103.75 94.09 90.98 
18.26 30.02 9.18 -1.17  -27.81 0.08 3.06  -1.65 5.10 8.83  103.00 93.89 90.43 
18.36 27.31 6.23 -1.49  -11.12 -3.40 -2.21  -1.18 4.94 9.57  101.84 92.68 89.51 
18.46 25.44 6.81 -2.94  -42.09 1.51 1.75  -1.18 4.24 8.90  100.35 92.21 90.11 
18.56 19.91 8.21 0.21  -16.38 5.99 -5.02  -1.53 3.61 9.96  99.11 93.08 89.31 
18.66 20.68 9.81 -3.94  -5.24 4.02 -0.60  -1.80 3.69 9.77  99.22 93.96 90.03 
18.76 18.92 10.38 -1.25  -18.45 7.01 4.79  -1.88 3.33 9.73  99.39 93.85 90.33 
18.86 18.43 6.76 -7.97  -44.28 -3.93 7.25  -1.18 3.14 9.41  96.32 93.78 91.77 
18.96 11.57 8.55 -1.16  -32.22 4.77 6.65  -1.53 2.04 9.96  95.64 92.93 91.62 
19.06 8.53 12.02 1.33  2.62 11.73 -15.96  -2.20 1.53 10.20  93.44 94.67 87.82 
19.16 9.72 12.83 -2.10  -1.28 2.89 3.68  -2.28 1.69 9.85  94.65 95.41 90.45 
19.26 10.09 9.72 -4.49  -17.57 -8.53 2.12  -1.73 1.77 9.92  94.53 94.46 90.43 
19.36 1.57 13.02 7.58  -43.93 8.31 9.27  -2.31 0.27 10.00  91.76 95.30 92.96 
19.46 6.29 13.85 -2.40  1.90 -2.04 -0.06  -2.47 1.10 9.96  92.74 96.14 90.55 
19.56 7.29 14.03 -3.28  -4.08 -2.46 5.90  -2.47 1.26 9.81  93.15 95.96 91.64 
19.67 7.74 13.59 -2.38  -5.78 -2.34 4.07  -2.39 1.33 9.81  93.73 95.76 91.03 
19.77 7.40 12.12 -2.05  2.07 -3.74 0.51  -2.16 1.29 9.96  93.11 94.79 90.08 
19.87 11.83 16.76 -12.95  -15.27 19.20 -8.36  -2.82 1.92 9.18  95.20 97.03 88.79 
19.97 3.56 11.63 -1.33  3.12 -11.27 -4.95  -2.08 0.63 10.08  90.76 95.40 89.73 
20.07 2.98 14.97 0.69  2.81 15.31 7.75  -2.82 0.55 10.55  90.48 96.42 90.38 
20.17 6.44 21.84 -2.57  0.87 16.42 18.04  -3.92 1.10 9.73  92.48 99.00 92.24 
20.27 6.14 16.75 -0.40  0.17 4.87 -0.69  -2.98 1.06 9.85  92.65 96.87 89.69 
20.37 5.84 16.78 0.03  -1.86 -11.03 -10.96  -3.02 1.02 9.96  92.06 97.06 88.83 
20.47 2.20 12.99 2.84  -12.79 -25.22 20.72  -2.35 0.39 10.20  91.71 95.06 93.32 
20.57 3.88 8.51 0.70  -9.27 -27.64 7.32  -1.65 0.75 10.98  92.13 93.50 90.26 
20.67 2.25 11.34 6.85  -4.95 -4.68 7.61  -2.00 0.39 9.96  91.47 95.04 92.31 
20.77 2.63 9.99 5.72  -9.94 2.48 11.59  -1.80 0.47 10.24  91.09 94.84 92.42 
20.87 1.50 9.98 8.55  -7.78 -0.68 13.13  -1.84 0.27 10.47  90.84 94.41 92.17 
20.98 5.19 12.65 2.89  -3.43 3.75 5.90  -2.24 0.90 9.92  92.06 95.41 91.02 
21.08 1.25 10.91 8.44  -8.53 -4.68 9.63  -2.08 0.24 10.79  90.56 94.31 90.93 
21.18 1.11 10.28 7.95  0.96 -10.53 6.18  -1.84 0.20 10.16  89.71 94.82 90.60 
21.28 4.80 11.36 1.78  -19.62 -13.97 11.31  -1.88 0.78 9.34  92.57 94.97 91.80 
21.38 -6.31 16.88 31.75  1.49 -18.79 39.84  -2.71 -0.98 8.87  87.89 96.76 97.69 
21.48 6.67 13.29 -1.24  -5.05 16.54 45.15  -2.31 1.14 9.73  92.77 96.40 97.01 
21.58 -1.87 15.25 39.40  -0.42 15.56 83.74  -2.94 -0.35 10.79  90.17 96.89 105.62 
21.68 -2.29 8.88 43.19  19.21 -37.71 74.43  -1.69 -0.43 10.79  89.64 94.23 104.59 
21.78 0.89 3.56 47.38  6.04 -16.45 15.43  -0.63 0.16 10.08  89.33 92.00 92.91 
21.88 3.49 2.84 44.78  9.31 -13.37 0.36  -0.51 0.63 10.28  91.53 90.57 90.06 
21.98 3.96 4.83 50.56  -4.93 -12.29 -4.95  -0.86 0.71 10.20  91.92 91.82 88.93 
22.08 5.02 3.92 47.49  0.00 -7.24 -4.31  -0.71 0.90 10.28  91.90 91.33 89.13 
22.18 5.02 0.44 43.07  6.62 -20.09 14.19  -0.08 0.90 10.28  92.22 90.00 91.73 
22.28 3.62 0.90 48.77  3.82 2.84 13.66  -0.16 0.63 9.92  91.58 90.30 91.73 
22.38 3.30 1.54 52.62  3.72 -2.54 8.88  -0.27 0.59 10.20  91.35 90.39 91.21 
22.49 -4.16 -0.42 55.94  -25.80 -1.40 -16.92  0.08 -0.78 10.79  89.71 89.62 88.72 
22.59 -6.96 2.44 58.86  64.44 -61.57 -135.86  -0.51 -1.45 11.89  83.70 92.20 67.80 
22.69 10.46 -10.67 10.02  60.93 -26.70 -104.30  2.16 2.08 11.26  95.11 86.51 70.53 
22.79 25.44 -7.25 -24.07  26.86 -65.99 -89.55  1.26 4.24 8.90  101.72 86.66 71.65 
22.89 20.28 -20.05 -14.79  -41.62 14.27 -28.10  3.10 2.94 7.96  97.80 83.98 85.44 
22.99 11.45 -7.61 -2.82  -14.37 16.45 -17.15  1.29 1.92 9.49  96.27 86.25 86.20 
23.09 9.95 -1.47 -6.02  -7.51 18.84 0.89  0.27 1.84 10.51  94.40 89.54 89.74 
23.19 10.00 -2.84 -7.32  -11.31 22.27 -3.91  0.55 1.92 10.90  93.96 89.04 88.85 
23.29 8.22 -2.59 -6.25  -8.93 0.32 -2.53  0.47 1.49 10.32  93.30 89.06 88.99 
23.39 6.41 -4.19 -3.67  -5.79 -14.98 5.48  0.75 1.14 10.12  93.53 89.22 90.62 
23.50 5.00 0.00 -0.13  -4.28 -7.31 17.75  0.00 0.90 10.32  92.58 90.67 93.88 
23.60 8.65 -4.09 -7.73  -6.74 -16.18 14.12  0.75 1.57 10.32  93.77 88.22 92.46 
23.70 6.61 -2.42 -3.91  -28.60 -21.27 7.11  0.43 1.18 10.16  93.73 88.24 91.06 
23.80 0.23 -10.10 -0.86  -32.49 -24.85 -7.09  1.73 0.04 9.69  89.79 84.00 89.60 
23.90 -0.22 -6.34 -5.27  18.10 19.29 -5.20  1.14 -0.04 10.24  88.45 86.91 88.40 
24.00 2.19 -6.96 -8.02  18.97 -1.82 -5.04  1.26 0.39 10.28  91.43 85.85 88.29 
24.10 2.25 -9.56 -6.31  7.08 -37.55 0.14  1.69 0.39 10.00  90.57 86.41 91.00 
24.20 0.44 -6.08 -2.53  9.41 25.65 -26.70  1.10 0.08 10.32  90.21 87.04 85.72 
24.30 3.95 -6.02 -9.29  19.78 10.61 -8.48  1.02 0.67 9.65  92.34 86.41 89.82 
24.41 2.96 -5.45 -4.42  15.03 8.81 7.08  0.94 0.51 9.85  91.87 87.25 92.04 
24.51 8.13 -9.15 -7.20  1.24 8.76 3.60  1.61 1.41 9.89  93.84 85.73 90.90 
24.61 8.19 -5.94 -8.21  5.41 24.46 9.69  1.06 1.45 10.08  92.65 87.66 91.62 
24.71 3.34 -3.73 1.92  5.83 14.67 -4.06  0.75 0.67 11.41  92.26 88.10 89.32 
24.81 3.68 1.08 1.85  25.07 45.31 3.25  -0.20 0.67 10.36  92.64 90.19 91.40 
24.91 9.42 1.88 -4.39  7.21 14.48 11.39  -0.31 1.57 9.45  93.59 90.30 92.81 
25.01 9.72 4.82 -3.43  6.91 25.10 8.63  -0.86 1.73 10.08  94.21 92.37 91.83 
25.11 9.57 10.52 -1.47  -3.89 23.35 7.66  -1.88 1.69 10.00  94.25 93.46 91.35 
25.21 9.09 14.19 0.07  -13.99 23.04 12.56  -2.51 1.57 9.81  93.82 95.22 92.19 
25.31 6.47 4.10 2.05  -17.68 29.65 14.48  -0.82 1.29 11.41  92.84 91.59 90.82 
25.41 2.45 12.43 8.78  -33.50 49.37 2.99  -2.43 0.47 11.02  92.25 98.62 90.53 
25.51 -0.94 22.80 15.20  -14.26 32.24 5.50  -4.04 -0.16 9.61  88.81 100.96 93.30 
25.61 -3.44 28.55 21.79  -0.29 -3.26 -9.73  -4.98 -0.55 9.14  89.14 102.30 88.99 
25.71 4.44 23.26 3.18  -20.40 -4.35 12.54  -3.92 0.71 9.10  91.79 99.24 92.24 
25.82 0.23 18.29 4.10  -2.60 -4.85 -17.55  -3.18 0.04 9.61  90.50 97.68 86.30 
25.92 -0.92 20.28 3.90  -2.05 16.11 -14.76  -3.61 -0.16 9.77  89.71 97.90 86.76 
26.02 4.15 16.74 -3.75  12.07 -7.74 -51.62  -3.10 0.75 10.28  91.01 97.76 82.28 
26.12 -1.11 23.57 -1.90  41.54 8.85 -72.18  -4.43 -0.20 10.16  90.69 100.67 78.96 
26.22 -5.04 28.75 -2.52  -3.59 -59.88 -28.27  -4.90 -0.78 8.90  89.57 102.69 85.33 
26.32 0.98 14.90 -15.47  7.04 -48.06 21.25  -2.43 0.16 9.14  90.21 97.56 93.43 
26.42 -1.90 4.62 -4.93  -14.71 47.31 37.42  -0.86 -0.35 10.67  89.38 91.59 96.79 
26.52 7.92 -5.41 -7.55  -12.95 -9.29 86.00  0.86 1.26 9.02  92.37 88.43 104.48 
26.62 10.85 -8.35 -10.53  25.18 92.36 15.52  1.26 1.61 8.39  94.66 85.01 94.31 
26.72 28.50 51.11 -127.94  68.17 -234.90 12.87  -8.36 3.22 5.92  100.59 109.65 85.28 
26.82 18.79 15.17 -16.26  -116.75 -29.36 142.30  -4.39 5.22 15.34  133.26 94.59 102.53 
26.92 -13.97 9.36 77.46  -286.44 88.38 121.98  -2.79 -4.08 16.40  93.62 90.63 118.32 
27.02 -3.11 -31.21 39.13  -43.54 -47.23 68.72  5.69 -0.51 9.38  81.08 76.72 107.61 
27.12 -27.94 -7.44 85.96  -14.28 66.84 164.10  1.33 -4.79 9.02  81.14 92.88 129.51 
27.23 13.30 11.72 152.54  -57.96 -20.73 62.22  -2.16 2.39 10.12  97.24 94.45 95.96 
27.33 -21.05 10.08 110.04  -116.99 -23.64 27.49  -1.88 -3.80 9.89  83.27 94.11 92.66 
27.43 -9.22 7.88 131.87  -55.16 -17.40 11.52  -1.49 -1.73 10.63  86.23 94.30 91.20 
27.53 -132.07 -28.59 129.99  -49.74 -59.47 30.77  10.94 -14.91 -13.45  76.95 90.09 96.79 
27.63 -23.13 5.18 127.35  34.47 22.69 2.85  -0.82 -3.57 8.36  83.58 90.55 91.29 
27.73 -7.68 3.45 139.81  192.09 1.56 -35.05  -0.55 -1.22 9.02  82.84 93.78 85.40 
27.83 -7.50 10.83 122.20  25.40 13.08 7.46  -2.59 -1.77 13.42  91.85 93.51 90.51 
27.93 3.00 4.31 123.69  1.88 1.58 0.11  -0.90 0.63 11.96  89.43 89.62 90.02 
28.04 0.88 2.19 119.29  0.79 -0.26 0.20  -0.39 0.16 10.24  90.77 90.67 90.04 
28.14 -1.01 1.21 114.99  0.74 -0.62 0.17  -0.24 -0.20 11.14  90.60 91.61 90.00 
28.24 2.84 1.53 118.59  0.57 -0.71 0.18  -0.27 0.51 10.28  91.12 90.75 90.02 
28.34 2.40 1.74 120.11  0.90 -0.38 0.08  -0.31 0.43 10.32  91.23 90.75 90.02 
28.44 2.43 1.33 118.03  0.77 -0.65 0.18  -0.24 0.43 10.16  91.23 90.76 90.02 
28.54 2.20 1.98 119.12  0.60 -0.43 0.13  -0.35 0.39 10.20  91.05 90.77 90.03 
28.64 2.79 2.14 121.12  0.68 -0.52 -0.01  -0.39 0.51 10.47  90.97 90.68 90.01 
28.74 3.05 1.96 119.08  0.05 -0.59 0.21  -0.35 0.55 10.32  91.33 90.85 90.04 
28.84 1.72 2.36 119.36  0.91 -0.49 0.14  -0.43 0.31 10.47  91.25 90.58 90.04 
28.94 2.83 0.44 118.52  0.69 -0.21 3.07  -0.08 0.51 10.32  91.30 90.93 90.10 
29.04 2.90 2.00 120.94  1.16 0.52 12.63  -0.35 0.51 10.08  90.94 91.41 92.70 
29.14 1.95 1.95 120.34  0.80 -0.14 0.11  -0.35 0.35 10.36  90.39 90.96 90.02 
29.24 2.40 1.31 121.60  0.74 -0.36 0.18  -0.24 0.43 10.28  91.14 90.86 90.03 
29.34 2.81 1.94 121.23  0.45 -0.48 0.11  -0.35 0.51 10.40  91.13 90.75 90.03 
29.47 3.04 1.52 120.24  0.76 -0.61 0.11  -0.27 0.55 10.36  91.32 90.66 90.02 
29.60 2.40 1.74 121.44  0.67 -0.62 0.11  -0.31 0.43 10.32  91.05 90.76 90.02 
29.73 2.42 1.76 119.96  0.67 -0.67 0.09  -0.31 0.43 10.20  91.06 90.77 90.02 
29.86 2.42 1.76 122.01  0.71 -0.57 0.13  -0.31 0.43 10.20  91.06 90.77 90.02 
29.96 2.19 1.97 120.04  0.74 -0.56 0.18  -0.35 0.39 10.28  91.14 90.66 90.04 
30.06 2.43 1.77 120.25  0.95 -0.26 0.15  -0.31 0.43 10.16  91.06 90.67 90.02 
30.16 2.58 1.72 121.27  0.81 -0.78 0.26  -0.31 0.47 10.43  90.77 90.68 90.02 
30.26 2.63 1.32 120.32  0.84 -0.46 0.18  -0.24 0.47 10.24  91.15 90.57 90.03 
30.36 2.82 1.73 121.15  0.54 -0.88 0.28  -0.31 0.51 10.36  91.04 90.76 90.00 
30.46 2.62 1.97 122.40  0.48 -0.47 0.30  -0.35 0.47 10.28  91.14 90.85 90.04 
30.56 2.21 1.77 120.40  0.60 -0.68 0.21  -0.31 0.39 10.16  91.14 90.76 90.04 
30.66 2.20 1.76 120.53  0.94 -0.56 0.16  -0.31 0.39 10.20  90.97 90.87 90.03 
30.76 2.62 1.75 121.54  0.96 -0.50 0.13  -0.31 0.47 10.28  90.96 90.77 90.05 
30.86 2.40 1.31 119.66  0.96 -0.35 0.17  -0.24 0.43 10.32  91.14 91.14 90.04 
30.96 2.40 1.53 120.38  0.74 -0.31 0.11  -0.27 0.43 10.28  91.14 90.67 90.02 
31.07 1.99 1.99 121.70  0.50 -0.56 0.15  -0.35 0.35 10.16  91.14 90.85 90.04 
31.17 1.97 1.75 120.29  0.83 -0.50 0.21  -0.31 0.35 10.24  90.77 90.77 90.04 
31.27 2.61 1.52 120.05  0.97 -0.43 0.11  -0.27 0.47 10.32  90.95 90.67 90.02 
31.37 2.40 1.96 121.91  0.96 -0.49 0.14  -0.35 0.43 10.32  90.96 90.67 90.02 
31.47 2.62 1.97 121.14  0.72 -0.64 0.13  -0.35 0.47 10.28  91.23 90.85 90.04 
31.57 2.19 1.32 119.92  0.84 -0.51 0.18  -0.24 0.39 10.24  90.95 90.95 90.03 
31.67 2.20 1.76 121.46  0.99 -0.48 0.12  -0.31 0.39 10.20  91.13 90.75 90.00 
31.77 2.20 1.76 119.62  0.96 -0.43 0.15  -0.31 0.39 10.20  90.77 90.86 90.01 
31.87 3.05 1.96 120.74  0.72 -0.62 0.13  -0.35 0.55 10.32  91.06 90.86 90.04 
31.97 2.61 1.52 121.32  0.61 -0.87 0.20  -0.27 0.47 10.32  91.14 90.95 90.04 
32.07 2.61 1.52 121.15  0.82 -0.55 0.18  -0.27 0.47 10.32  91.14 90.95 90.03 
32.18 2.15 1.72 120.16  0.76 -0.58 0.15  -0.31 0.39 10.43  90.94 90.75 90.02 
32.28 2.43 1.77 121.83  0.83 -0.61 0.08  -0.31 0.43 10.16  90.86 90.67 90.05 
32.38 2.19 2.18 120.66  0.70 -0.36 0.14  -0.39 0.39 10.28  91.06 90.58 90.04 
32.48 2.80 1.29 120.60  1.00 -0.56 0.19  -0.24 0.51 10.43  90.95 90.85 90.02 
32.58 2.15 1.72 121.46  0.70 -0.85 0.25  -0.31 0.39 10.43  90.93 90.75 90.02 
32.68 2.42 1.54 120.15  1.02 -0.47 0.19  -0.27 0.43 10.20  91.06 90.67 90.03 
32.79 2.60 1.73 120.12  0.71 -0.42 0.19  -0.31 0.47 10.36  90.96 90.77 90.03 
32.89 2.81 1.73 122.67  0.85 -0.62 0.19  -0.31 0.51 10.40  91.42 90.94 90.03 
32.99 2.82 2.38 121.25  0.64 -0.74 0.27  -0.43 0.51 10.36  91.23 91.04 90.03 
33.09 2.42 1.98 119.93  0.80 -0.60 0.14  -0.35 0.43 10.20  91.14 90.76 90.03 
33.19 2.19 1.97 121.21  0.73 -0.64 0.23  -0.35 0.39 10.28  91.16 90.77 90.03 
33.29 2.40 1.97 121.35  0.58 -0.74 0.13  -0.35 0.43 10.28  91.06 90.67 90.00 
33.39 2.41 1.97 120.77  0.64 -0.33 0.11  -0.35 0.43 10.24  90.77 90.68 90.03 
33.49 2.60 1.73 121.65  0.49 -0.77 -1.93  -0.31 0.47 10.36  91.14 90.76 89.66 
33.59 2.62 1.97 120.76  0.86 -0.50 0.15  -0.35 0.47 10.28  91.24 90.57 90.03 
33.70 2.63 1.53 119.37  0.67 -0.59 0.18  -0.27 0.47 10.24  91.14 90.57 90.02 
33.80 2.64 1.76 121.58  0.77 -0.61 0.18  -0.31 0.47 10.20  90.96 90.77 90.04 
33.90 2.62 1.31 119.57  0.89 -0.54 0.16  -0.24 0.47 10.28  91.14 90.76 90.03 
34.00 2.19 1.54 119.50  0.97 -0.37 0.11  -0.27 0.39 10.24  91.05 90.67 90.03 
34.10 2.19 1.75 121.68  0.64 -0.37 0.16  -0.31 0.39 10.24  90.96 90.77 90.03 
34.21 2.38 1.94 121.26  1.19 -0.34 0.20  -0.35 0.43 10.40  91.14 90.67 90.03 
34.31 2.62 1.97 120.66  0.98 -0.57 0.20  -0.35 0.47 10.28  91.06 90.67 90.04 
34.41 3.31 3.78 124.58  -0.26 -1.22 -8.79  -0.63 0.55 9.49  91.05 90.85 90.01 
34.51 0.24 0.00 116.16  -6.19 -3.84 0.37  0.00 0.04 9.26  90.11 90.00 90.06 
34.61 2.63 2.19 120.17  0.48 -0.91 0.20  -0.39 0.47 10.24  91.60 91.10 89.72 
34.72 1.72 1.72 120.32  3.47 1.56 -0.06  -0.31 0.31 10.43  91.27 91.00 89.96 
34.82 2.18 1.52 118.39  1.02 -0.53 0.07  -0.27 0.39 10.32  90.95 90.66 90.01 
34.92 2.88 1.55 118.88  0.84 -0.47 0.24  -0.27 0.51 10.12  90.77 90.67 90.04 
35.02 2.85 1.75 121.19  0.61 -0.68 0.14  -0.31 0.51 10.24  91.05 90.67 90.01 
35.12 1.98 1.98 120.05  0.73 -0.65 0.16  -0.35 0.35 10.20  91.13 90.75 90.03 
35.22 2.19 1.54 118.67  0.71 -0.49 0.11  -0.27 0.39 10.24  91.06 90.67 90.03 
35.32 2.16 1.51 120.46  0.40 -0.84 0.27  -0.27 0.39 10.40  90.96 90.77 90.03 
35.42 3.05 1.74 120.29  0.81 -0.49 0.06  -0.31 0.55 10.32  90.96 90.77 90.02 
35.53 2.65 1.33 118.87  0.70 -0.70 0.31  -0.24 0.47 10.16  91.05 90.77 90.05 
35.63 2.62 1.75 120.75  0.61 -0.65 0.14  -0.31 0.47 10.28  91.24 90.76 90.04 
35.73 1.76 1.76 118.98  0.67 -0.66 0.14  -0.31 0.31 10.20  91.04 90.85 90.03 
35.83 1.98 2.42 119.21  0.62 -0.63 0.33  -0.43 0.35 10.20  90.77 90.77 90.05 
35.93 2.38 1.73 120.66  0.93 -0.35 0.11  -0.31 0.43 10.40  90.75 90.75 90.03 
36.03 3.06 1.31 120.72  0.36 -0.65 0.13  -0.24 0.55 10.28  91.23 90.85 90.03 
36.14 2.40 1.31 118.15  0.58 -0.81 0.07  -0.24 0.43 10.32  91.13 90.57 90.02 
36.24 2.40 1.74 120.83  0.68 -0.53 0.10  -0.31 0.43 10.32  90.95 90.76 90.02 
36.34 1.99 1.55 119.13  0.87 -0.60 0.17  -0.27 0.35 10.16  90.86 90.96 90.03 
36.44 3.28 1.75 120.01  0.57 -0.81 0.15  -0.31 0.59 10.28  90.86 90.85 90.04 
36.54 2.87 1.77 120.90  0.63 -0.55 0.18  -0.31 0.51 10.16  91.14 90.86 90.03 
36.64 2.63 1.75 119.84  0.87 -0.51 0.11  -0.31 0.47 10.24  91.24 90.57 90.02 
36.74 1.73 1.94 118.25  0.89 -0.66 0.09  -0.35 0.31 10.40  91.15 90.57 90.02 
36.85 2.39 1.52 120.40  0.56 -0.82 0.26  -0.27 0.43 10.36  90.76 90.95 90.03 
36.95 2.61 1.52 119.20  0.85 -0.52 0.25  -0.27 0.47 10.32  90.96 90.86 90.03 
37.05 2.40 1.53 118.94  0.66 -0.82 0.18  -0.27 0.43 10.28  91.32 90.75 90.03 
37.15 1.75 1.53 119.51  0.95 -0.60 0.05  -0.27 0.31 10.28  91.23 90.66 90.03 
37.25 2.19 1.75 120.15  0.48 -0.50 0.23  -0.31 0.39 10.28  91.25 90.77 90.04 
37.35 2.61 1.31 118.56  0.86 -0.54 0.08  -0.24 0.47 10.32  90.66 90.76 90.02 
37.46 2.62 1.31 118.57  0.61 -0.94 0.21  -0.24 0.47 10.28  91.24 90.86 90.01 
37.56 2.21 2.21 119.70  1.13 -0.46 0.11  -0.39 0.39 10.16  91.42 90.85 90.02 
37.66 1.97 1.75 119.39  1.03 -0.45 0.06  -0.31 0.35 10.28  91.15 90.77 90.04 
37.76 2.19 1.53 120.10  0.44 -0.41 0.11  -0.27 0.39 10.28  91.05 90.76 90.04 
37.86 2.15 1.72 118.49  0.70 -1.05 0.30  -0.31 0.39 10.43  90.67 90.77 90.03 
37.96 2.39 1.73 118.40  1.05 -0.67 0.04  -0.31 0.43 10.36  90.85 90.76 90.02 
38.06 2.83 1.52 119.87  0.74 -0.58 0.20  -0.27 0.51 10.32  90.85 90.85 90.04 
38.17 2.85 1.75 120.54  1.11 -0.62 0.12  -0.31 0.51 10.24  91.24 90.77 90.02 
38.27 1.97 1.54 119.02  0.96 -0.40 0.09  -0.27 0.35 10.24  91.23 90.66 90.01 
38.37 2.41 1.75 120.37  0.77 -0.44 0.12  -0.31 0.43 10.24  90.96 90.77 90.02 
38.47 2.40 1.75 118.85  0.94 -0.67 0.16  -0.31 0.43 10.28  91.05 90.76 90.03 
38.57 2.82 1.95 119.97  0.84 -0.63 0.20  -0.35 0.51 10.36  90.96 90.67 90.01 
38.67 2.40 1.75 120.82  0.52 -0.52 0.21  -0.31 0.43 10.28  91.22 90.75 90.04 
38.77 1.54 1.54 118.41  0.87 -0.57 0.08  -0.27 0.27 10.24  90.67 90.67 90.01 
38.88 1.98 1.76 119.05  0.82 -0.48 0.16  -0.31 0.35 10.20  90.86 90.86 90.03 
38.98 3.02 1.73 120.96  0.82 -0.49 0.08  -0.31 0.55 10.40  90.86 90.86 90.03 
39.08 3.26 1.30 119.38  0.83 -0.54 0.22  -0.24 0.59 10.32  91.23 90.66 90.04 
39.18 2.63 1.53 118.70  0.79 -0.40 0.14  -0.27 0.47 10.24  91.33 90.57 90.04 
39.28 1.76 1.75 120.18  0.79 -0.60 0.16  -0.31 0.31 10.24  91.05 90.67 90.02 
39.38 2.19 1.53 118.90  0.72 -0.52 0.24  -0.27 0.39 10.28  90.86 90.95 90.04 
39.49 2.84 1.75 120.05  0.95 -0.39 0.14  -0.31 0.51 10.28  91.24 90.76 90.02 
39.59 2.60 1.30 119.93  0.95 -0.74 0.14  -0.24 0.47 10.36  91.23 90.66 90.03 
39.69 2.42 1.76 118.47  0.58 -0.75 0.29  -0.31 0.43 10.20  91.41 90.84 90.03 
39.79 2.20 1.98 118.18  0.69 -0.50 0.07  -0.35 0.39 10.20  90.95 90.57 90.03 
39.89 2.19 1.97 119.72  0.77 -0.71 0.21  -0.35 0.39 10.24  90.87 90.77 90.01 
40.00 0.67 1.56 117.52  0.24 -0.56 3.97  -0.27 0.12 10.08  91.65 90.92 90.30 
40.10 2.74 1.89 120.12  1.76 0.43 0.16  -0.35 0.51 10.67  91.02 90.46 90.03 
40.20 1.14 2.05 120.18  3.97 0.66 0.11  -0.35 0.20 9.85  90.50 90.90 90.03 
40.30 1.69 1.48 118.00  2.73 -0.26 -5.39  -0.27 0.31 10.63  93.88 90.85 87.61 
40.40 0.84 4.41 120.89  -0.19 -1.12 1.72  -0.82 0.16 10.67  90.28 92.57 90.30 
40.50 2.20 1.54 120.19  1.68 -1.04 0.11  -0.27 0.39 10.20  90.74 91.11 89.97 
40.60 6.45 2.73 124.03  -13.80 -6.88 0.76  -0.55 1.29 11.45  92.33 91.02 90.07 
40.71 2.47 0.67 119.63  0.51 -0.74 0.24  -0.12 0.43 10.00  91.43 90.38 90.03 
40.81 2.75 1.37 121.46  1.41 0.89 0.01  -0.24 0.47 9.81  91.82 90.58 89.95 
40.91 -2.01 -4.21 109.36  -17.46 -48.30 -11.68  0.82 -0.39 11.18  89.92 88.36 88.63 
41.01 4.02 4.46 126.80  9.63 -11.24 -6.56  -0.78 0.71 10.04  93.75 91.21 89.42 
41.11 -0.99 3.70 122.57  45.07 -33.77 4.86  -0.59 -0.16 9.10  91.87 91.75 92.28 
41.21 12.17 -4.10 119.94  72.64 -73.34 -6.64  0.63 1.84 8.55  95.23 86.95 91.40 
41.31 8.57 -6.61 113.84  93.78 -0.87 18.65  1.10 1.41 9.38  94.35 87.60 94.75 
41.42 39.27 -0.21 119.84  171.89 44.98 -16.67  0.04 6.86 8.39  107.43 90.19 88.68 
41.52 39.29 -6.97 106.45  159.76 64.14 20.17  1.29 6.71 8.20  109.25 88.12 94.70 
41.62 52.56 0.44 106.93  100.89 21.65 -58.68  -0.08 8.20 6.28  114.22 87.97 79.70 
41.72 49.86 -11.67 92.34  -40.50 -27.27 9.72  1.96 7.26 6.12  113.16 82.75 90.07 
41.82 56.43 -11.12 92.54  -47.26 -20.21 -34.57  2.12 8.98 5.96  113.88 85.25 86.25 
41.93 70.63 -5.05 97.20  -6.72 -20.42 -9.99  0.94 10.04 3.53  122.01 88.47 87.54 
42.03 57.42 -7.17 89.81  -174.02 15.99 27.59  1.41 9.45 6.04  117.20 88.61 93.77 
42.13 34.15 -5.19 100.80  -124.71 -28.12 53.72  1.10 6.79 10.00  104.51 87.89 99.30 
42.24 33.41 -26.71 73.94  -71.11 -22.23 76.35  3.33 3.65 5.53  107.51 78.55 102.63 
42.34 5.66 -10.91 113.02  -32.11 17.65 38.47  1.69 0.86 8.71  93.40 84.37 98.51 
42.44 11.72 -10.23 115.43  -32.60 10.19 -6.02  1.57 1.77 8.51  96.68 85.09 87.88 
42.54 12.59 -14.10 104.62  -77.93 -7.85 -40.24  2.08 1.80 8.08  96.12 84.96 82.66 
42.64 11.91 -5.89 114.86  -28.12 49.44 -56.14  1.22 2.43 11.53  95.53 87.14 80.08 
42.74 -2.45 -11.35 98.32  1.10 -33.98 30.11  1.84 -0.39 9.18  88.93 85.05 95.25 
42.84 6.13 -10.47 114.87  -8.01 -45.78 46.43  1.77 1.02 9.49  93.06 85.38 99.57 
42.94 5.00 -14.21 113.99  -15.07 -23.42 21.47  2.39 0.82 9.41  94.20 83.57 93.56 
43.04 6.50 -15.91 116.99  12.01 2.56 2.25  2.67 1.06 9.30  91.95 82.54 90.02 
43.15 8.63 -14.87 120.13  11.50 9.56 -3.19  2.71 1.53 10.08  93.16 83.83 89.09 
43.25 7.29 -13.82 117.53  -2.21 6.83 2.35  2.51 1.29 10.12  93.17 84.08 90.26 
43.35 4.11 -12.35 117.46  5.05 8.72 -0.59  2.39 0.78 10.90  91.80 84.61 89.90 
43.45 5.83 -16.06 112.11  -0.51 0.62 2.53  2.67 0.94 9.22  92.07 83.53 90.46 
43.55 4.86 -13.13 116.87  3.60 21.06 -2.97  2.16 0.78 9.22  91.25 84.35 89.73 
43.65 8.25 -7.31 126.90  -38.35 50.44 -21.30  0.98 1.10 7.57  90.27 84.96 88.27 
43.75 -5.57 5.35 120.45  -11.36 48.73 -33.41  -1.06 -1.10 11.26  90.27 92.05 84.94 
43.86 -4.00 0.76 109.42  -14.23 23.68 -41.88  -0.16 -0.82 11.77  89.22 90.00 82.69 
43.96 25.60 0.62 106.61  217.75 -8.65 -29.23  -0.16 6.32 13.18  101.17 90.27 84.90 
44.06 1.25 -1.99 92.80  -19.82 -31.68 17.04  0.31 0.20 9.02  91.05 89.37 93.42 
44.16 1.18 -6.13 92.62  -9.64 -7.52 10.55  1.02 0.20 9.49  90.31 87.42 92.52 
44.26 8.78 -2.91 99.90  19.88 16.71 -8.67  0.55 1.65 10.67  91.27 88.83 89.53 
44.36 13.89 -0.82 102.84  4.94 -14.92 -7.62  0.16 2.63 10.63  95.63 89.82 88.97 
44.46 15.12 -5.22 94.59  5.35 -7.87 0.18  0.82 2.35 8.71  97.02 87.41 90.20 
44.56 13.44 -5.11 94.26  3.01 3.45 1.86  0.98 2.55 10.67  96.41 87.74 89.79 
44.67 11.60 -2.13 100.64  -1.07 0.96 -2.35  0.39 2.12 10.32  95.06 89.07 89.59 
44.77 13.21 -3.38 98.33  -1.70 -3.19 -1.46  0.59 2.28 9.69  95.50 88.42 89.78 
44.87 15.69 -5.38 93.64  -0.70 -2.81 -4.66  0.90 2.59 9.22  96.57 87.87 89.03 
44.98 10.34 -2.14 98.90  -2.66 4.49 9.84  0.39 1.88 10.32  94.95 88.79 91.66 
45.08 7.61 -2.60 98.32  1.11 0.31 -1.75  0.47 1.37 10.28  93.12 88.96 90.11 
45.18 13.01 -2.89 98.66  3.93 -5.17 -6.74  0.51 2.28 9.85  95.77 88.64 88.70 
45.28 16.01 -4.16 96.93  8.58 8.19 -9.60  0.75 2.82 9.85  96.74 88.14 88.28 
45.38 11.96 -3.51 94.64  -2.96 -3.76 5.90  0.63 2.12 10.00  95.56 88.79 90.97 
45.49 12.06 -2.48 97.54  0.32 4.98 0.92  0.43 2.08 9.73  95.01 88.91 90.21 
45.59 10.70 -0.42 100.66  3.32 0.25 4.82  0.08 2.00 10.59  94.67 89.82 91.04 
45.69 12.75 -2.44 98.40  -3.38 4.37 -0.40  0.43 2.24 9.89  95.49 88.93 89.96 
45.79 12.37 -3.23 95.61  1.07 3.39 -5.51  0.59 2.24 10.20  95.25 88.96 89.20 
45.89 14.50 -2.53 97.06  5.80 -0.64 -3.27  0.47 2.67 10.32  96.44 88.62 89.24 
46.00 13.12 -2.83 96.18  -1.31 1.90 3.35  0.47 2.16 9.26  95.57 88.75 90.62 
46.10 8.51 -1.12 98.72  1.24 0.19 1.89  0.20 1.49 9.96  93.84 89.41 90.63 
46.20 13.09 -1.73 97.65  -1.14 -3.44 0.09  0.31 2.35 10.12  95.97 89.17 89.71 
46.30 13.39 -1.77 97.13  0.43 -0.13 -1.43  0.31 2.35 9.89  95.84 89.23 89.75 
46.40 12.39 -1.48 97.29  3.67 6.46 3.76  0.27 2.28 10.36  95.41 89.35 90.66 
46.50 12.41 -1.79 98.15  1.40 -3.76 -2.23  0.31 2.16 9.81  95.24 89.33 89.78 
46.60 12.24 -1.57 98.78  0.67 -0.10 0.22  0.27 2.12 9.77  95.72 89.02 90.03 
46.71 12.02 -1.58 97.38  2.44 -0.18 1.09  0.27 2.08 9.77  95.46 89.11 90.17 
46.81 13.11 -1.28 98.60  3.50 0.52 1.51  0.24 2.39 10.28  95.63 89.07 90.03 
46.91 13.05 -2.72 95.63  0.43 -0.65 1.28  0.47 2.24 9.65  95.91 88.61 90.06 
47.01 12.58 -1.72 97.50  3.03 -0.39 0.35  0.31 2.28 10.20  95.55 89.05 90.11 
47.11 12.78 -2.58 96.67  1.92 -3.62 -0.29  0.43 2.12 9.34  95.58 88.77 90.06 
47.21 12.19 -2.69 96.12  0.75 -4.33 3.54  0.47 2.12 9.81  95.47 88.94 90.50 
47.32 12.18 -2.76 95.81  2.82 -1.79 -0.36  0.51 2.24 10.36  95.45 88.88 89.85 
47.42 14.09 -2.40 97.25  1.10 -4.05 -4.15  0.43 2.51 10.00  95.89 89.04 89.26 
47.52 13.50 -2.63 96.92  2.35 -0.52 -1.87  0.47 2.39 9.96  95.93 88.92 89.69 
47.62 12.44 -2.13 97.12  3.68 6.20 3.82  0.39 2.28 10.32  95.66 89.05 90.79 
47.72 10.51 -2.95 96.65  -1.38 -0.09 5.22  0.51 1.80 9.73  94.74 88.60 90.97 
47.82 12.53 -2.36 98.25  3.04 -3.23 -4.58  0.43 2.28 10.24  95.32 89.06 89.27 
47.92 14.14 -2.58 96.50  4.67 -1.18 -0.95  0.47 2.55 10.12  96.33 88.58 89.80 
48.03 12.02 -2.47 96.21  1.26 2.68 3.72  0.43 2.08 9.77  95.09 89.11 90.76 
48.13 12.36 -3.34 96.18  1.08 0.80 -0.25  0.59 2.16 9.85  95.20 88.73 90.02 
48.23 12.00 -2.65 97.16  0.94 -1.02 -1.82  0.47 2.12 9.96  95.10 88.66 89.87 
48.33 12.02 -2.70 98.25  0.55 -2.11 3.06  0.47 2.08 9.77  95.41 88.54 90.57 
48.43 13.61 -3.31 96.57  1.28 -1.03 3.09  0.59 2.39 9.89  96.15 88.76 90.19 
48.53 13.16 -4.49 93.75  0.24 -2.98 3.45  0.78 2.28 9.73  95.70 88.25 90.52 
48.64 11.10 -2.38 98.51  -4.03 -1.54 8.23  0.43 2.00 10.20  95.17 88.69 91.38 
48.74 12.51 -3.48 97.45  1.34 -4.24 -4.32  0.63 2.24 10.08  95.08 88.76 89.57 
48.84 16.08 -2.61 101.25  10.06 14.52 17.61  0.51 3.10 10.75  97.39 88.83 92.84 
48.94 14.62 -3.72 102.22  -6.98 -10.98 21.05  0.67 2.59 9.92  96.24 88.77 93.52 
49.04 3.78 -1.78 104.63  -7.22 12.22 37.59  0.31 0.67 10.08  92.11 88.60 96.66 
49.14 4.01 -0.84 108.08  6.04 -0.53 -2.96  0.16 0.75 10.63  90.82 89.91 90.60 
49.25 13.73 -5.09 105.07  -3.68 -15.67 -2.58  0.94 2.51 10.28  95.88 88.18 89.40 
49.35 13.72 -3.94 107.33  -45.47 11.62 -8.82  0.71 2.43 9.96  96.76 87.84 88.06 
49.45 0.79 -1.97 100.22  -17.82 22.13 -45.74  0.39 0.16 11.38  91.87 89.20 82.52 
49.55 -16.47 1.07 94.75  -91.49 30.98 -39.74  -0.20 -2.98 10.08  84.78 90.73 83.06 
49.65 7.13 2.37 56.70  12.91 34.12 -99.94  -0.55 1.65 13.18  92.68 90.79 70.79 
49.76 9.50 8.39 62.35  78.74 39.75 -65.11  -2.98 3.33 19.93  98.68 93.46 80.51 
