0 0 0 0 0 0 1.86 0 0.00000000 0.00000000 0.00 0.00 0.00 0.00 0.00 0.00 
0 0 0 0 0 0 1.98 0 0.00000000 0.00000000 0.00 0.00 0.00 0.00 0.00 0.00 
0 0 0 0 0 0 2.01 0 0.00000000 0.00000000 0.00 0.00 0.00 -0.10 75.73 0.00 
0 0 0 0 0 0 2.03 0 0.00000000 0.00000000 0.00 0.00 0.00 -0.10 75.73 0.00 
0 0 0 0 0 0 2.06 0 0.00000000 0.00000000 0.00 0.00 0.00 -0.10 75.73 0.00 
0 0 0 0 0 0 2.08 0 0.00000000 0.00000000 0.00 0.00 0.00 -0.10 75.73 0.00 
0 0 0 0 0 0 2.10 0 0.00000000 0.00000000 0.00 0.00 0.00 -0.10 75.73 0.00 
0 0 0 0 0 0 2.13 0 0.00000000 0.00000000 0.00 0.00 0.00 -0.10 75.73 0.00 
0 0 0 0 0 0 2.16 0 0.00000000 0.00000000 0.00 0.00 0.00 -0.10 75.73 0.00 
0 0 0 0 0 0 2.18 0 0.00000000 0.00000000 0.00 0.00 0.00 -0.10 75.73 0.00 
0 0 0 0 0 0 2.20 0 0.00000000 0.00000000 0.00 0.00 0.00 -0.10 75.73 0.00 
0 0 0 0 0 0 2.23 0 0.00000000 0.00000000 0.00 0.00 0.00 -0.10 75.73 0.00 
0 0 0 0 0 0 2.25 0 0.00000000 0.00000000 0.00 0.00 0.00 -0.10 75.73 0.00 
0 0 0 0 0 0 2.28 0 0.00000000 0.00000000 0.00 0.00 0.00 -0.10 75.73 0.00 
0 0 0 0 0 0 2.31 0 0.00000000 0.00000000 0.00 0.00 0.00 -0.10 75.73 0.00 
0 0 0 0 0 0 2.33 0 0.00000000 0.00000000 0.00 0.00 0.00 -0.10 75.73 0.00 
0 0 0 0 0 0 2.35 0 0.00000000 0.00000000 0.00 0.00 0.00 -0.10 75.73 0.00 
0 0 0 0 0 0 2.38 0 0.00000000 0.00000000 0.00 0.00 0.00 -0.10 75.73 0.00 
0 0 0 0 0 0 2.40 0 0.00000000 0.00000000 0.00 0.00 0.00 -0.10 75.73 0.00 
0 0 0 0 0 0 2.43 0 0.00000000 0.00000000 0.00 0.00 0.00 -0.10 75.73 0.00 
0 0 0 0 0 0 2.45 0 0.00000000 0.00000000 0.00 0.00 0.00 -0.10 75.73 0.00 
0 0 0 0 0 0 2.48 0 0.00000000 0.00000000 0.00 0.00 0.00 -0.10 75.73 0.00 
