3.74 0.07 0.05 0.07 0.06 0.05 0.05 0.02 -0.01 0.00 92.94 87.58 90.07 
3.94 0.07 0.05 0.08 0.06 0.04 0.05 0.01 -0.01 0.00 93.49 87.03 90.04 
4.04 0.07 0.07 0.08 0.07 0.01 0.01 0.02 -0.01 0.00 94.05 86.16 90.05 
4.14 0.07 0.07 0.07 0.07 -0.00 -0.00 0.01 -0.01 0.00 94.05 86.16 90.05 
4.25 0.06 0.07 0.07 0.07 0.02 -0.00 0.02 -0.01 0.00 94.21 86.11 90.05 
4.35 0.07 0.07 0.08 0.07 0.03 0.03 0.02 -0.01 0.00 94.25 86.21 90.04 
4.45 0.07 0.07 0.06 0.07 0.02 0.02 0.01 -0.01 0.01 94.17 86.21 90.07 
4.55 0.07 0.06 0.07 0.07 0.02 0.02 0.02 -0.01 0.00 94.21 86.34 90.08 
4.66 0.06 0.06 0.07 0.07 0.01 0.01 0.02 -0.01 0.01 94.26 86.32 90.07 
4.76 0.07 0.07 0.07 0.07 0.01 0.01 0.02 -0.01 0.00 94.19 86.25 90.06 
4.86 0.04 0.06 0.11 0.09 0.00 0.00 0.02 -0.01 0.01 95.01 86.35 90.07 
4.96 0.07 0.07 0.07 0.08 -0.00 -0.00 0.01 -0.01 0.00 94.48 86.19 90.06 
5.07 0.06 0.07 0.08 0.08 -0.00 -0.00 0.02 -0.01 0.01 94.50 85.94 90.06 
5.17 0.08 0.07 0.12 0.08 -0.00 0.01 0.02 0.00 -0.05 94.32 86.24 89.42 
5.28 -0.02 0.04 -0.02 0.03 0.08 0.06 0.02 -0.02 -0.10 92.08 86.84 88.92 
5.38 0.10 0.08 0.13 0.08 -0.01 0.00 0.02 -0.02 -0.09 94.87 85.50 88.96 
5.48 0.08 0.08 0.18 0.14 -0.11 -0.08 0.01 -0.00 -0.13 97.67 85.18 87.94 
5.58 0.08 0.07 0.08 0.09 -0.02 -0.02 0.01 -0.01 -0.07 95.22 85.80 89.18 
5.68 0.04 0.06 0.11 0.10 -0.00 -0.03 0.01 0.00 0.01 95.59 86.30 90.07 
5.79 0.07 0.06 0.08 0.08 -0.01 -0.01 0.01 -0.01 0.00 94.64 86.37 90.04 
5.89 0.07 0.06 0.08 0.08 -0.00 -0.00 0.02 -0.01 0.00 94.33 86.33 90.06 
5.99 0.06 0.06 0.07 0.07 0.58 0.10 0.01 -0.01 0.01 94.22 86.38 90.07 
6.09 0.06 0.06 0.08 0.08 -0.02 -0.02 0.02 -0.01 0.00 94.40 86.28 90.04 
6.20 0.07 0.07 0.07 0.07 0.00 0.00 0.02 -0.01 0.01 94.21 86.26 90.08 
6.30 0.06 0.06 0.08 0.07 -0.01 -0.01 0.02 -0.01 0.00 94.17 86.38 90.04 
6.41 0.07 0.07 0.07 0.08 -0.01 -0.01 0.01 -0.01 0.01 94.41 86.18 90.05 
6.51 0.06 0.07 0.08 0.07 0.58 0.08 0.01 -0.01 0.01 94.27 86.23 90.06 
6.62 0.06 0.06 0.08 0.08 -0.01 -0.01 0.02 -0.01 0.00 94.35 86.36 90.05 
6.72 0.06 0.06 0.08 0.07 0.00 0.00 0.01 -0.01 0.01 94.23 86.30 90.08 
6.82 0.07 0.07 0.07 0.07 -0.00 -0.00 0.01 -0.01 0.01 94.24 86.24 90.08 
6.93 0.07 0.06 0.08 0.07 0.01 0.02 0.01 -0.01 0.00 94.14 86.47 90.04 
7.03 0.07 0.07 0.08 0.07 -0.01 -0.01 0.02 -0.01 0.00 94.22 86.27 90.05 
7.13 0.07 0.07 0.07 0.07 -0.01 -0.01 0.02 -0.00 0.00 94.25 86.19 90.05 
7.23 0.07 0.06 0.08 0.08 0.01 -0.01 0.01 -0.01 0.00 94.32 86.35 90.04 
7.34 0.07 0.07 0.08 0.07 0.04 0.04 0.01 -0.01 0.00 94.16 86.31 90.05 
7.44 0.07 0.07 0.07 0.07 -0.01 -0.01 0.01 -0.01 0.01 94.23 86.25 90.07 
7.54 0.07 0.07 0.07 0.07 -0.01 -0.01 0.02 -0.01 0.00 94.22 86.19 90.05 
7.65 0.06 0.06 0.07 0.07 -0.02 -0.02 0.01 -0.01 0.01 94.14 86.27 90.06 
7.75 0.06 0.06 0.07 0.07 -0.01 -0.01 0.01 -0.01 0.01 94.13 86.36 90.07 
7.86 0.06 0.06 0.08 0.07 0.01 0.01 0.02 -0.01 0.00 94.14 86.33 90.04 
7.96 0.06 0.07 0.08 0.07 0.01 0.01 0.01 -0.01 0.00 94.19 86.22 90.07 
8.07 0.07 0.07 0.08 0.08 -0.02 -0.02 0.02 -0.01 0.00 94.26 85.83 90.05 
8.17 0.06 0.07 0.08 0.07 -0.01 -0.01 0.01 -0.01 0.00 94.19 86.12 90.06 
8.27 0.07 0.06 0.07 0.07 0.01 0.01 0.01 -0.01 0.00 94.08 86.30 90.06 
8.37 0.10 0.08 0.10 0.07 -0.06 -0.05 0.01 -0.01 0.00 94.22 85.33 90.05 
8.48 0.07 0.08 0.07 0.08 -0.03 -0.03 0.02 -0.01 0.01 94.46 85.38 90.07 
8.58 0.06 0.07 0.08 0.07 0.00 0.00 0.03 -0.01 0.01 94.23 86.06 90.07 
8.68 0.08 0.07 0.04 0.07 -0.00 -0.00 0.02 -0.01 0.00 94.29 86.16 90.07 
8.78 0.07 0.06 0.08 0.08 0.00 0.02 0.02 -0.01 0.01 94.31 86.20 90.05 
8.89 0.06 0.07 0.07 0.07 -0.00 -0.01 0.02 -0.01 0.00 94.30 86.20 90.07 
8.99 0.04 0.08 0.12 0.07 0.04 0.03 0.02 -0.01 0.00 93.74 84.85 90.05 
9.09 0.05 0.07 0.08 0.08 -0.00 -0.00 0.02 -0.01 0.00 94.30 86.16 90.06 
9.19 0.06 0.07 0.08 0.07 -0.00 -0.01 0.00 -0.00 0.00 94.12 86.11 90.08 
9.29 0.06 0.07 0.06 0.07 -0.02 -0.03 0.02 -0.02 0.01 94.17 85.55 90.03 
9.40 0.10 0.07 0.06 0.08 -0.01 -0.01 0.01 -0.01 0.01 94.50 85.99 90.08 
9.50 0.07 0.07 0.07 0.07 -0.03 -0.01 0.02 -0.01 0.00 94.27 86.13 90.06 
9.60 0.07 0.06 0.07 0.07 -0.01 -0.01 0.02 -0.01 0.00 94.18 86.33 90.04 
9.71 0.06 0.06 0.08 0.08 -0.01 -0.01 0.02 -0.01 0.00 94.30 86.31 90.04 
9.81 0.06 0.06 0.07 0.07 -0.01 -0.01 0.02 -0.01 0.00 94.22 86.25 90.03 
9.91 0.06 0.06 0.07 0.07 -0.00 -0.00 0.02 -0.01 0.01 94.24 86.29 90.05 
10.01 0.07 0.07 0.07 0.07 0.01 0.02 0.02 -0.01 0.00 94.22 86.21 90.04 
10.12 0.07 0.07 0.08 0.07 -0.01 -0.01 0.02 -0.01 0.00 94.11 86.18 90.03 
10.22 0.07 0.07 0.07 0.07 -0.01 -0.01 0.01 -0.02 0.01 94.19 86.30 90.05 
10.32 0.07 0.07 0.07 0.07 -0.01 -0.01 0.01 -0.01 0.01 94.20 86.22 90.07 
10.43 0.07 0.07 0.07 0.07 -0.01 -0.01 0.01 -0.01 0.00 94.13 86.12 90.05 
10.53 0.07 0.07 0.08 0.07 -0.01 -0.01 0.01 -0.01 0.00 94.11 86.21 90.05 
10.63 0.06 0.07 0.07 0.07 -0.01 -0.01 0.02 -0.01 0.01 94.25 86.11 90.06 
10.74 0.06 0.06 0.07 0.07 -0.02 -0.02 0.02 -0.01 0.00 94.24 86.35 90.04 
10.84 0.07 0.06 0.08 0.07 0.01 0.01 0.02 -0.01 0.00 94.22 86.30 90.05 
10.94 0.07 0.06 0.08 0.07 0.01 0.01 0.01 -0.01 0.01 94.19 86.40 90.05 
11.05 0.06 0.07 0.07 0.07 -0.02 -0.01 0.01 -0.01 0.00 94.21 86.22 90.05 
11.15 0.06 0.07 0.07 0.07 -0.01 -0.01 0.01 -0.01 0.00 94.24 86.18 90.05 
11.25 0.07 0.07 0.08 0.07 0.00 0.01 0.01 -0.01 0.01 94.23 86.15 90.06 
11.36 0.07 0.06 0.06 0.07 0.00 0.00 0.02 -0.01 0.00 94.38 86.61 90.06 
11.46 0.08 0.06 0.08 0.08 -0.00 0.00 0.01 -0.01 0.00 94.24 86.52 90.02 
11.56 0.07 0.07 0.07 0.07 -0.02 -0.02 0.01 -0.01 0.00 94.18 86.16 90.05 
11.67 0.06 0.07 0.07 0.07 0.00 0.00 0.01 -0.01 0.00 94.16 86.19 90.07 
11.77 0.07 0.07 0.07 0.07 -0.01 -0.04 0.02 -0.01 0.00 94.04 86.27 90.05 
11.87 0.06 0.07 0.07 0.07 -0.01 -0.01 0.02 -0.01 0.00 94.21 86.15 90.08 
11.97 0.07 0.07 0.07 0.07 -0.01 -0.01 0.02 -0.01 0.00 94.20 86.14 90.03 
12.08 0.07 0.07 0.07 0.07 0.00 0.00 0.02 -0.01 0.00 94.29 86.23 90.04 
12.18 0.06 0.07 0.08 0.08 -0.02 -0.02 -0.05 -0.00 0.02 94.44 86.12 90.11 
12.29 0.03 0.04 0.10 0.10 0.02 -0.01 0.00 0.01 0.30 95.87 87.25 93.50 
12.39 -0.03 0.01 0.13 0.10 0.10 0.10 0.01 0.01 0.32 95.60 89.29 93.78 
12.49 -0.13 0.01 0.07 0.10 0.13 0.10 0.01 0.02 0.39 95.91 88.08 94.84 
12.60 0.16 0.09 0.09 0.10 0.07 0.08 0.00 0.01 0.27 95.84 85.45 93.21 
12.70 0.05 -0.01 0.06 0.05 0.28 0.30 0.02 -0.01 0.03 93.02 90.80 90.40 
12.80 0.11 -0.00 0.03 0.04 0.34 0.31 0.02 -0.01 0.04 92.63 91.13 90.21 
12.91 -0.07 0.02 0.01 0.06 0.28 0.26 0.00 0.00 0.16 93.75 87.85 91.76 
13.01 0.15 0.12 -0.06 0.02 0.24 0.24 0.02 0.00 0.14 92.19 83.66 91.95 
13.11 0.06 0.09 0.09 0.06 0.28 0.28 0.02 -0.01 -0.07 92.91 84.76 88.88 
13.22 0.06 0.08 0.07 0.07 0.19 0.19 0.02 -0.01 0.00 94.13 85.53 90.04 
13.32 0.07 0.07 0.07 0.07 0.24 0.23 0.01 -0.01 0.00 94.19 85.97 90.04 
13.42 0.05 0.06 0.06 0.07 0.24 0.23 0.01 -0.01 0.00 94.28 86.14 90.05 
13.52 0.06 0.06 0.07 0.07 0.25 0.26 0.01 -0.01 0.01 94.16 86.37 90.06 
13.62 0.07 0.07 0.08 0.07 0.26 0.26 0.01 -0.02 0.01 94.17 86.26 90.07 
13.73 0.06 0.06 0.07 0.07 0.23 0.22 0.02 -0.01 0.01 94.21 86.26 90.06 
13.83 0.05 0.06 0.07 0.08 0.27 0.27 0.02 -0.01 0.00 94.36 86.31 90.04 
13.93 0.06 0.06 0.07 0.08 0.27 0.27 0.02 -0.01 0.00 94.38 86.35 90.04 
14.04 0.07 0.05 0.07 0.07 0.29 0.30 0.02 -0.01 0.01 94.11 87.06 90.05 
14.14 0.05 0.06 0.07 0.07 0.30 0.30 0.01 -0.02 0.01 94.23 86.52 90.04 
14.24 0.07 0.06 0.07 0.07 0.27 0.54 0.02 -0.01 0.00 94.22 86.43 90.03 
14.35 0.07 0.07 0.08 0.08 0.28 0.28 0.01 -0.01 0.00 94.29 86.28 90.07 
14.45 0.07 0.06 0.07 0.07 0.27 0.27 0.02 -0.01 0.00 94.24 86.29 90.03 
14.55 0.06 0.06 0.07 0.07 0.28 0.27 0.02 -0.01 0.00 94.28 86.28 90.05 
14.65 0.07 0.07 0.08 0.08 0.26 0.26 0.01 -0.01 0.00 94.31 86.25 90.05 
14.76 0.07 0.07 0.08 0.07 0.27 0.27 0.01 -0.00 0.00 94.23 86.24 90.06 
14.86 0.07 0.06 0.08 0.08 0.27 0.27 0.01 -0.02 0.01 94.26 86.27 90.04 
14.96 0.07 0.07 0.08 0.08 0.24 0.24 0.01 -0.01 0.01 94.37 86.21 90.08 
15.07 0.07 0.06 0.07 0.08 0.26 0.27 0.01 -0.01 0.00 94.33 86.60 90.04 
15.17 0.07 0.07 0.07 0.08 0.26 0.26 0.02 -0.01 0.00 94.39 86.29 90.05 
15.27 0.07 0.07 0.07 0.07 0.27 0.27 0.01 -0.01 0.00 94.32 86.25 90.02 
15.38 0.07 0.07 0.08 0.08 0.27 0.27 0.02 -0.01 0.00 94.40 86.28 90.05 
15.48 0.07 0.07 0.07 0.08 0.27 0.28 0.01 -0.01 0.00 94.36 86.23 90.07 
15.58 0.07 0.07 0.08 0.07 0.26 0.26 0.01 -0.01 0.01 94.20 86.25 90.07 
15.68 0.06 0.06 0.08 0.08 0.27 0.27 0.01 -0.01 0.01 94.33 86.30 90.07 
15.79 0.06 0.06 0.07 0.07 0.29 0.26 0.01 -0.01 0.00 94.29 86.31 90.06 
15.89 0.06 0.07 0.05 0.07 0.26 0.26 0.01 -0.01 0.00 94.25 86.14 90.04 
16.00 0.06 0.07 0.07 0.07 0.26 0.26 0.01 -0.01 0.00 94.29 86.24 90.08 
16.10 0.06 0.06 0.07 0.08 0.29 0.29 0.01 -0.01 0.00 94.37 86.31 90.04 
16.20 0.07 0.07 0.07 0.07 0.24 0.24 0.02 -0.01 0.01 94.22 86.24 90.07 
16.30 0.07 0.07 0.08 0.07 0.28 0.29 0.02 -0.01 0.00 94.17 86.20 90.05 
16.40 0.06 0.07 0.07 0.07 0.26 0.26 0.01 -0.01 0.01 94.16 86.24 90.06 
16.54 0.07 0.07 0.07 0.07 0.28 0.27 0.01 -0.01 0.00 94.13 86.22 90.03 
16.67 0.06 0.07 0.08 0.07 0.28 0.28 0.01 -0.01 0.01 94.16 86.26 90.06 
16.81 0.06 0.06 0.07 0.07 0.29 0.28 0.02 -0.01 0.00 94.16 86.29 90.05 
16.96 0.06 0.06 0.07 0.07 0.27 0.28 0.02 -0.01 0.01 94.17 86.32 90.06 
17.06 0.07 0.06 0.08 0.07 0.28 0.28 0.01 -0.01 0.01 94.28 86.28 90.08 
17.16 0.06 0.07 0.07 0.07 0.29 0.29 0.02 -0.01 0.01 94.28 86.17 90.07 
17.26 0.07 0.07 0.07 0.07 0.27 0.27 0.01 -0.01 0.01 94.19 86.15 90.05 
17.37 0.07 0.06 0.07 0.07 0.28 0.28 0.02 -0.01 0.00 94.20 86.35 90.03 
17.47 0.05 0.06 0.08 0.08 0.28 0.25 0.01 -0.01 0.01 94.34 86.25 90.04 
17.57 0.07 0.06 0.07 0.07 0.27 0.27 0.01 -0.01 0.00 94.27 86.38 90.05 
17.68 0.06 0.06 0.08 0.08 0.26 0.26 0.02 -0.00 0.00 94.35 86.30 90.03 
17.78 0.06 0.06 0.07 0.08 0.28 0.27 0.02 -0.01 0.01 94.40 86.37 90.05 
17.88 0.06 0.06 0.08 0.08 0.28 0.28 0.02 -0.01 0.00 94.45 86.40 90.05 
17.98 0.06 0.07 0.07 0.07 0.26 0.26 0.01 -0.01 0.00 94.12 85.73 90.04 
18.08 0.07 0.07 0.07 0.07 0.27 0.27 0.02 -0.01 0.00 94.19 86.16 90.05 
18.18 0.07 0.07 0.07 0.07 0.25 0.26 0.02 -0.01 0.00 94.16 86.03 90.03 
18.28 0.07 0.07 0.07 0.07 0.24 0.24 0.02 -0.01 0.01 94.31 86.11 90.06 
18.39 0.06 0.06 0.07 0.07 0.28 0.28 0.01 -0.01 0.00 94.32 86.33 90.04 
18.49 0.07 0.06 0.07 0.08 0.28 0.28 0.02 -0.00 0.00 94.33 86.39 90.05 
18.59 0.09 0.07 0.11 0.08 0.21 0.21 0.02 -0.01 0.00 94.06 86.09 90.07 
18.69 0.06 0.07 0.07 0.08 0.28 0.27 0.01 -0.01 0.00 94.37 86.18 90.02 
18.80 0.06 0.07 0.07 0.07 0.27 0.26 0.01 -0.01 0.01 94.28 86.13 90.06 
18.90 0.07 0.07 0.07 0.08 0.27 0.27 0.02 -0.01 0.00 94.32 86.21 90.06 
19.01 0.06 0.07 0.08 0.08 0.26 0.26 0.02 -0.01 0.01 94.33 86.18 90.06 
19.11 0.07 0.07 0.06 0.07 0.27 0.27 0.01 -0.01 0.01 94.35 86.25 90.06 
19.21 0.06 0.07 0.08 0.07 0.27 0.27 0.01 -0.01 0.00 94.24 86.27 90.05 
19.31 0.06 0.06 0.08 0.07 0.27 0.27 0.01 -0.01 0.01 94.24 86.37 90.07 
19.42 0.06 0.06 0.08 0.07 0.28 0.28 0.02 -0.01 0.01 94.22 86.24 90.07 
19.52 0.07 0.06 0.08 0.07 0.28 0.29 0.02 -0.01 0.00 94.25 86.38 90.07 
19.62 0.07 0.06 0.07 0.08 0.27 0.28 0.01 -0.01 0.00 94.33 86.42 90.06 
19.73 0.07 0.07 0.08 0.08 0.25 0.25 0.01 -0.01 0.00 94.28 86.34 90.04 
19.83 0.06 0.07 0.08 0.08 0.27 0.27 0.02 -0.01 0.00 94.41 86.21 90.05 
19.93 0.06 0.06 0.08 0.07 0.28 0.28 0.01 -0.01 0.00 94.25 86.28 90.06 
20.03 0.06 0.06 0.08 0.08 0.28 0.28 0.01 -0.01 0.01 94.31 86.31 90.02 
20.14 0.06 0.06 0.08 0.07 0.25 0.25 0.02 -0.01 0.00 94.12 86.28 90.04 
20.24 0.07 0.07 0.07 0.07 0.29 0.29 0.02 -0.01 0.00 94.20 86.19 90.04 
20.34 0.06 0.07 0.07 0.07 0.24 0.24 0.02 -0.01 0.00 94.29 86.15 90.05 
20.45 0.07 0.07 0.07 0.07 0.27 0.26 0.02 -0.01 0.00 94.23 86.26 90.05 
20.55 0.06 0.06 0.08 0.07 0.25 0.25 0.01 -0.01 0.00 94.20 86.25 90.03 
20.65 0.06 0.06 0.07 0.08 0.25 0.25 0.02 -0.01 0.00 94.38 86.25 90.03 
20.76 0.06 0.06 0.08 0.08 0.26 0.26 0.02 -0.01 0.01 94.32 86.26 90.06 
20.86 0.06 0.07 0.07 0.07 0.27 0.26 0.01 -0.01 0.00 94.25 86.23 90.05 
20.96 0.06 0.07 0.08 0.08 0.27 0.26 0.01 -0.01 0.00 94.42 86.11 90.05 
21.06 0.06 0.06 0.07 0.08 0.24 0.24 0.02 -0.01 0.00 94.31 86.29 90.06 
21.16 0.08 0.07 0.06 0.07 0.29 0.27 0.02 -0.01 0.00 94.31 86.22 90.09 
21.26 0.06 0.07 0.07 0.07 0.27 0.27 0.01 -0.01 0.01 94.30 86.22 90.06 
21.36 0.07 0.06 0.08 0.08 0.27 0.27 0.01 -0.01 0.01 94.42 86.29 90.05 
21.47 0.06 0.06 0.08 0.07 0.27 0.27 0.01 -0.01 0.00 94.23 86.36 90.05 
21.57 0.07 0.06 0.07 0.07 0.27 0.27 0.01 -0.01 0.00 94.30 86.35 90.04 
21.67 0.07 0.07 0.08 0.07 0.26 0.26 0.01 -0.01 0.00 94.26 86.23 90.04 
21.78 0.06 0.06 0.07 0.08 0.28 0.28 0.01 -0.01 0.00 94.41 86.34 90.07 
21.88 0.07 0.06 0.08 0.08 0.27 0.27 0.02 -0.01 0.00 94.31 86.32 90.06 
21.99 0.07 0.06 0.07 0.07 0.27 0.27 0.02 -0.01 0.00 94.26 86.36 90.05 
22.09 0.07 0.07 0.08 0.08 0.25 0.25 0.02 -0.01 0.00 94.27 86.27 90.03 
22.19 0.07 0.06 0.08 0.08 0.29 0.30 0.01 -0.01 0.01 94.39 86.29 90.06 
22.29 0.06 0.06 0.07 0.07 0.27 0.27 0.01 -0.01 0.00 94.27 86.25 90.03 
22.39 0.06 0.07 0.07 0.07 0.58 0.30 0.02 -0.01 0.00 94.23 86.24 90.05 
22.49 0.07 0.06 0.07 0.07 0.26 0.26 0.02 -0.01 0.01 94.20 86.30 90.04 
22.59 0.07 0.07 0.07 0.07 0.25 0.25 0.01 -0.01 0.00 94.13 86.25 90.07 
22.70 0.06 0.07 0.07 0.08 0.27 0.27 0.02 -0.01 0.00 94.34 86.19 90.05 
22.80 0.07 0.06 0.08 0.08 0.28 0.28 0.01 -0.01 0.00 94.34 86.54 90.05 
22.90 0.07 0.07 0.08 0.08 0.27 0.27 0.01 -0.01 0.01 94.29 86.26 90.06 
23.01 0.07 0.06 0.08 0.07 0.26 0.26 0.01 -0.01 0.01 94.25 86.37 90.06 
23.11 0.07 0.07 0.07 0.07 0.28 0.28 0.02 -0.00 0.00 94.31 86.22 90.03 
23.21 0.06 0.06 0.08 0.08 0.27 0.27 0.02 -0.01 0.00 94.30 86.38 90.04 
23.31 0.08 0.07 0.09 0.08 0.26 0.27 0.01 -0.01 0.01 94.27 86.39 90.05 
23.41 0.06 0.07 0.08 0.08 0.27 0.27 0.02 -0.01 0.00 94.32 86.22 90.05 
23.51 0.06 0.07 0.08 0.08 0.28 0.28 0.02 -0.01 0.01 94.35 86.27 90.06 
23.61 0.07 0.06 0.07 0.08 0.27 0.27 0.01 -0.01 0.01 94.34 86.32 90.07 
23.71 0.06 0.06 0.08 0.08 0.27 0.27 0.01 -0.01 0.01 94.44 86.37 90.05 
23.82 0.07 0.07 0.08 0.08 0.27 0.26 0.01 -0.01 0.00 94.31 86.26 90.05 
23.92 0.07 0.06 0.08 0.08 0.26 0.26 0.02 -0.01 0.00 94.29 86.29 90.05 
24.02 0.07 0.06 0.08 0.08 0.27 0.27 0.01 -0.01 0.00 94.31 86.34 90.03 
24.12 0.07 0.06 0.07 0.08 0.27 0.27 0.01 -0.01 0.01 94.33 86.40 90.07 
24.23 0.07 0.06 0.07 0.07 0.26 0.26 0.01 -0.01 0.00 94.24 86.32 90.05 
24.33 0.07 0.06 0.08 0.07 0.27 0.27 0.02 -0.01 0.00 94.22 86.29 90.06 
24.43 0.07 0.06 0.08 0.08 0.27 0.27 0.01 -0.01 0.01 94.40 86.33 90.04 
24.54 0.05 0.06 0.07 0.07 0.28 0.26 0.01 -0.01 0.00 94.31 86.25 90.03 
24.64 0.07 0.06 0.08 0.07 0.26 0.26 0.01 -0.01 0.01 94.27 86.36 90.06 
24.74 0.06 0.06 0.07 0.07 0.27 0.27 0.01 -0.01 0.00 94.24 86.54 90.06 
24.85 0.07 0.06 0.08 0.07 0.27 0.28 0.02 -0.01 0.01 94.19 86.39 90.05 
24.95 0.07 0.07 0.08 0.07 0.26 0.26 0.02 -0.01 0.01 94.21 86.25 90.06 
25.05 0.07 0.06 0.07 0.08 0.27 0.27 0.01 -0.01 0.00 94.36 86.29 90.07 
25.15 0.07 0.07 0.08 0.08 0.27 0.27 0.02 -0.01 0.00 94.35 86.21 90.07 
25.26 0.07 0.07 0.07 0.07 0.27 0.27 0.02 -0.01 0.00 94.28 86.29 90.05 
25.36 0.07 0.07 0.08 0.08 0.27 0.27 0.01 -0.01 0.01 94.39 86.15 90.06 
25.46 0.06 0.06 0.08 0.08 0.26 0.26 0.01 -0.01 0.00 94.38 86.32 90.05 
25.56 0.07 0.06 0.07 0.07 0.28 0.28 0.02 -0.01 0.01 94.24 86.33 90.06 
25.66 0.07 0.06 0.08 0.07 0.27 0.27 0.02 -0.01 0.01 94.27 86.35 90.05 
25.76 0.05 0.06 0.07 0.08 0.28 0.27 0.02 -0.01 0.01 94.46 86.59 90.05 
25.87 0.06 0.06 0.07 0.07 0.28 0.28 0.01 -0.01 0.00 94.27 86.47 90.03 
25.97 0.06 0.06 0.07 0.07 0.28 0.28 0.02 -0.01 0.00 94.21 86.31 90.06 
26.07 0.07 0.06 0.08 0.08 0.26 0.26 0.02 -0.01 0.01 94.32 86.32 90.06 
26.18 0.07 0.07 0.07 0.07 0.25 0.25 0.02 -0.01 0.00 94.20 86.26 90.04 
26.28 0.07 0.06 0.07 0.07 0.27 0.27 0.01 -0.01 0.01 94.21 86.34 90.06 
26.38 0.05 0.06 0.07 0.07 0.27 0.27 0.02 -0.01 0.00 94.20 86.37 90.05 
26.48 0.07 0.06 0.08 0.07 0.26 0.27 0.02 -0.01 0.00 94.18 86.34 90.05 
26.58 0.05 0.06 0.08 0.08 0.26 0.26 0.02 -0.01 0.00 94.31 86.31 90.06 
26.68 0.07 0.06 0.07 0.07 0.27 0.27 0.01 -0.01 0.01 94.18 86.30 90.04 
26.78 0.07 0.06 0.08 0.07 0.28 0.28 0.01 -0.01 0.00 94.24 86.38 90.02 
26.89 0.07 0.07 0.07 0.07 0.26 0.26 0.01 -0.01 0.01 94.26 86.21 90.07 
26.99 0.06 0.06 0.07 0.07 0.26 0.26 0.02 -0.01 0.00 94.27 86.26 90.05 
27.09 0.06 0.06 0.07 0.07 0.24 0.24 0.02 -0.01 0.00 94.31 86.33 90.03 
27.19 0.07 0.07 0.07 0.07 0.25 0.25 0.02 -0.01 0.00 94.22 86.29 90.07 
27.29 0.06 0.07 0.08 0.07 0.28 0.28 0.00 0.00 0.00 94.21 86.20 90.06 
27.40 0.06 0.07 0.07 0.08 0.25 0.25 0.02 -0.01 0.00 94.33 86.23 90.05 
27.50 0.07 0.06 0.07 0.08 0.25 0.25 0.01 -0.02 0.00 94.44 86.38 90.08 
27.60 0.06 0.06 0.08 0.08 0.27 0.27 0.01 -0.00 0.00 94.33 86.38 90.01 
27.70 0.07 0.06 0.08 0.08 0.27 0.27 0.01 -0.01 0.00 94.26 86.34 90.06 
27.80 0.11 0.07 0.07 0.07 0.25 0.26 0.01 -0.01 0.00 94.22 86.37 90.05 
27.90 0.06 0.06 0.07 0.07 0.25 0.25 0.03 -0.02 0.01 94.29 86.34 90.08 
28.01 0.06 0.07 0.08 0.08 0.27 0.26 0.01 -0.01 0.00 94.27 86.19 90.03 
28.11 0.06 0.06 0.09 0.08 0.24 0.24 0.01 -0.00 0.00 94.34 86.30 90.05 
28.21 0.06 0.06 0.09 0.08 0.25 0.25 0.02 -0.01 0.00 94.35 86.36 90.05 
28.31 0.07 0.07 0.07 0.07 0.26 0.26 0.01 -0.01 0.01 94.33 86.31 90.07 
28.42 0.07 0.07 0.08 0.08 0.28 0.26 0.02 -0.01 0.00 94.35 86.26 90.04 
28.52 0.07 0.06 0.07 0.07 0.25 0.25 0.02 -0.01 0.00 94.29 86.32 90.05 
28.62 0.07 0.07 0.07 0.07 0.27 0.27 0.02 -0.01 0.00 94.24 86.29 90.07 
28.72 0.07 0.06 0.07 0.08 0.25 0.25 0.02 -0.01 0.01 94.36 86.31 90.06 
28.83 0.07 0.07 0.08 0.08 0.26 0.26 0.01 -0.01 0.01 94.32 86.18 90.05 
28.93 0.07 0.06 0.08 0.08 0.26 0.26 0.01 -0.01 0.00 94.39 86.37 90.03 
29.03 0.06 0.06 0.08 0.08 0.24 0.24 0.01 -0.01 0.01 94.38 86.29 90.05 
29.14 0.06 0.06 0.10 0.08 0.26 0.26 0.02 -0.01 0.02 94.34 86.31 90.07 
29.24 0.06 0.07 0.08 0.08 0.26 0.25 0.01 -0.01 0.01 94.27 86.14 90.08 
29.34 0.07 0.07 0.08 0.07 0.28 0.28 0.02 -0.01 0.00 94.23 86.24 90.04 
29.45 0.07 0.07 0.08 0.07 0.24 0.24 0.01 -0.01 0.01 94.15 86.27 90.05 
29.55 0.07 0.06 0.08 0.07 0.28 0.28 0.02 -0.01 0.00 94.20 86.42 90.08 
29.65 0.06 0.06 0.07 0.07 0.27 0.26 0.01 -0.01 0.01 94.15 86.37 90.05 
29.76 0.07 0.06 0.08 0.07 0.27 0.27 0.02 -0.01 0.00 94.20 86.36 90.05 
29.86 0.07 0.06 0.08 0.07 0.25 0.25 0.02 -0.01 0.01 94.16 86.34 90.04 
29.96 0.06 0.07 0.07 0.07 0.27 0.26 0.01 -0.01 0.00 94.27 86.13 90.07 
30.06 0.06 0.07 0.07 0.07 0.26 0.26 0.01 -0.01 0.01 94.23 86.23 90.05 
30.17 0.06 0.06 0.07 0.07 0.27 0.28 0.01 -0.01 0.00 94.30 86.36 90.07 
30.27 0.06 0.06 0.08 0.07 0.24 0.25 0.02 -0.01 0.00 94.21 86.33 90.05 
30.37 0.07 0.06 0.08 0.08 0.26 0.26 0.01 -0.01 0.01 94.30 86.32 90.06 
30.48 0.06 0.06 0.07 0.07 0.27 0.27 0.01 -0.01 0.01 94.30 86.30 90.05 
30.58 0.07 0.06 0.08 0.07 0.24 0.24 0.01 -0.02 0.01 94.26 86.29 90.08 
30.68 0.07 0.06 0.07 0.07 0.25 0.25 0.01 -0.01 0.00 94.30 86.30 90.04 
30.78 0.07 0.07 0.07 0.07 0.26 0.26 0.02 -0.01 0.00 94.35 86.18 90.05 
30.89 0.07 0.07 0.08 0.08 0.24 0.24 0.02 -0.01 0.00 94.38 86.17 90.03 
30.99 0.07 0.07 0.07 0.08 0.23 0.23 0.01 -0.01 0.00 94.39 86.10 90.04 
31.09 0.06 0.06 0.07 0.08 0.26 0.25 0.02 -0.01 0.00 94.34 86.29 90.05 
31.20 0.06 0.06 0.08 0.08 0.25 0.25 0.01 -0.01 0.01 94.28 86.31 90.05 
31.30 0.07 0.07 0.07 0.07 0.26 0.26 0.02 -0.01 0.00 94.26 86.15 90.07 
31.40 0.08 0.07 0.08 0.07 0.24 0.26 0.01 -0.01 0.00 94.11 86.25 90.03 
31.51 0.08 0.07 0.07 0.07 0.27 0.28 0.01 -0.01 0.00 94.18 86.27 90.08 
31.61 0.07 0.07 0.08 0.07 0.26 0.26 0.00 -0.01 0.01 94.28 86.19 90.04 
31.71 0.06 0.06 0.08 0.08 0.27 0.27 0.01 -0.01 0.01 94.32 86.34 90.06 
31.81 0.07 0.07 0.07 0.07 0.26 0.26 0.01 -0.01 0.00 94.31 86.28 90.05 
31.92 0.07 0.06 0.07 0.07 0.26 0.26 0.02 -0.01 0.00 94.19 86.29 90.07 
32.02 0.07 0.07 0.08 0.08 0.24 0.24 0.02 -0.01 0.01 94.30 86.04 90.05 
32.12 0.07 0.07 0.08 0.07 0.28 0.25 0.02 -0.01 0.00 94.24 86.27 90.04 
32.23 0.09 0.04 0.05 0.07 0.31 0.32 0.02 -0.00 0.00 94.55 88.26 90.02 
32.33 0.03 0.05 0.07 0.07 0.27 0.26 0.02 -0.01 0.00 94.29 87.07 90.06 
32.43 0.07 0.06 0.07 0.07 0.27 0.26 0.02 -0.01 0.01 94.31 86.73 90.08 
32.54 0.10 0.35 0.05 0.41 -0.47 -0.58 0.02 -0.01 0.00 117.08 67.39 90.04 
32.64 0.02 0.11 0.08 0.16 0.20 0.17 0.01 -0.01 0.00 100.07 83.12 90.06 
32.75 0.07 0.08 0.06 0.10 0.24 0.23 0.00 -0.01 0.00 96.23 85.53 90.06 
32.85 0.06 0.06 0.08 0.08 0.25 0.25 0.01 -0.01 0.00 94.66 86.29 90.03 
32.95 0.07 0.06 0.07 0.07 0.25 0.28 0.01 -0.01 0.00 94.31 86.62 90.03 
33.06 0.07 0.06 0.07 0.07 0.23 0.23 0.02 -0.01 0.00 94.16 86.31 90.05 
33.16 0.07 0.07 0.08 0.07 0.25 0.25 0.02 -0.01 0.01 94.16 86.27 90.08 
33.26 0.07 0.07 0.07 0.07 0.25 0.25 0.01 -0.01 0.00 94.31 86.33 90.07 
33.37 0.07 0.07 0.07 0.07 0.24 0.24 0.01 -0.02 0.01 94.22 86.18 90.10 
33.47 0.07 0.06 0.08 0.08 0.58 0.30 0.01 -0.01 0.00 94.30 86.40 90.07 
33.57 0.07 0.07 0.07 0.07 0.26 0.26 0.01 -0.01 0.00 94.30 86.28 90.01 
33.67 0.07 0.07 0.08 0.07 0.22 0.22 0.02 -0.01 0.00 94.25 86.27 90.05 
33.78 0.06 0.07 0.07 0.07 0.25 0.25 0.02 -0.01 0.00 94.26 86.20 90.06 
33.88 0.07 0.06 0.07 0.07 0.27 0.27 0.01 -0.01 0.01 94.16 86.32 90.08 
33.98 0.08 0.07 0.08 0.07 0.24 0.24 0.02 -0.01 0.00 94.16 86.23 90.02 
34.09 0.06 0.07 0.07 0.07 0.25 0.25 0.01 -0.01 0.00 94.10 86.21 90.07 
34.19 0.06 0.07 0.07 0.07 0.25 0.25 0.01 -0.01 0.00 94.25 86.11 90.06 
34.29 0.07 0.07 0.08 0.07 0.23 0.24 0.02 -0.01 0.00 94.28 86.16 90.03 
34.39 0.07 0.07 0.08 0.07 0.24 0.24 0.02 -0.01 0.00 94.24 86.26 90.04 
34.50 0.07 0.07 0.07 0.07 0.22 0.22 0.00 -0.02 0.01 94.23 86.22 90.05 
34.60 0.10 0.06 0.08 0.08 0.26 0.26 0.02 -0.01 0.00 94.73 86.92 90.08 
34.70 0.06 0.06 0.07 0.08 0.27 0.29 0.01 -0.01 0.00 94.82 86.45 90.05 
34.81 0.05 0.06 0.06 0.08 0.27 0.26 0.02 -0.01 0.00 94.45 86.24 90.03 
34.91 0.07 0.07 0.06 0.08 0.27 0.27 0.01 -0.01 0.00 94.50 86.26 90.05 
35.02 0.06 0.07 0.08 0.08 0.28 0.27 0.01 -0.01 0.00 94.38 86.17 90.06 
35.12 0.06 0.07 0.07 0.07 0.28 0.28 0.01 -0.01 0.00 94.25 86.23 90.04 
35.22 0.08 0.07 0.10 0.07 0.27 0.27 0.02 -0.01 -0.01 93.95 86.27 89.91 
35.32 0.07 0.07 0.08 0.08 0.26 0.26 0.01 -0.02 0.01 94.36 86.21 90.03 
35.42 0.08 0.07 0.04 0.07 0.28 0.28 0.02 -0.02 0.00 94.04 86.23 90.04 
35.53 0.05 0.05 0.04 0.08 0.28 0.27 0.01 -0.07 0.00 95.04 86.84 89.77 
35.63 0.07 0.07 0.09 0.08 0.27 0.28 0.02 -0.00 0.00 94.21 86.07 90.05 
35.74 0.05 0.07 0.06 0.07 0.27 0.26 0.00 -0.02 0.00 94.32 86.02 90.02 
35.84 0.07 0.07 0.06 0.07 0.24 0.23 -0.01 -0.05 0.01 94.12 86.05 90.10 
35.94 0.07 0.07 0.07 0.07 0.26 0.54 0.01 -0.02 0.00 94.12 86.23 90.04 
36.05 0.07 0.06 0.08 0.08 0.25 0.25 0.02 -0.01 0.00 94.29 86.28 90.05 
36.15 0.07 0.06 0.08 0.08 0.28 0.28 0.01 -0.01 0.00 94.34 86.30 90.05 
36.25 0.07 0.06 0.08 0.08 0.28 0.28 0.02 -0.01 0.00 94.41 86.30 90.04 
36.36 0.06 0.06 0.07 0.08 0.26 0.26 0.03 -0.01 0.00 94.36 86.30 90.06 
36.46 0.06 0.06 0.07 0.08 0.26 0.26 0.01 -0.01 0.01 94.47 86.28 90.08 
36.56 0.06 0.07 0.07 0.07 0.26 0.26 0.01 -0.01 0.00 94.29 86.24 90.04 
36.66 0.06 0.06 0.07 0.07 0.26 0.26 0.01 -0.01 0.00 94.18 86.28 90.03 
36.77 0.06 0.06 0.08 0.06 0.28 0.28 0.02 -0.01 0.00 93.29 86.38 90.04 
36.87 0.05 0.06 0.09 0.08 0.24 0.24 0.01 0.01 0.00 94.38 86.28 90.05 
36.97 0.06 0.07 0.10 0.08 0.19 0.25 0.02 -0.02 0.01 94.43 86.14 90.07 
37.07 0.05 0.06 0.06 0.07 0.26 0.25 0.02 -0.02 0.01 94.23 86.43 90.06 
37.17 0.09 0.07 0.09 0.08 0.26 0.26 0.01 -0.02 0.00 94.43 86.04 90.05 
37.27 0.05 0.07 0.08 0.08 0.25 0.24 0.02 0.01 0.01 94.30 86.25 90.07 
37.37 0.07 0.05 0.11 0.03 0.32 0.33 0.00 -0.08 0.01 91.73 87.32 90.12 
37.48 0.10 0.06 0.01 0.05 0.28 0.29 0.04 -0.01 0.00 93.46 86.65 90.05 
37.58 0.06 0.06 0.08 0.08 0.27 0.27 0.02 -0.01 0.00 94.39 86.41 90.05 
37.68 0.06 0.07 0.06 0.07 0.24 0.27 0.02 -0.00 0.00 94.44 86.27 90.07 
37.79 0.06 0.06 0.07 0.07 0.25 0.25 0.02 -0.01 0.00 94.09 86.28 90.02 
37.89 0.07 0.06 0.08 0.07 0.27 0.27 0.01 -0.02 0.00 94.18 86.28 90.05 
37.99 0.06 0.07 0.08 0.08 0.27 0.27 0.01 -0.00 0.00 94.34 86.18 90.05 
38.10 0.06 0.07 0.08 0.08 0.26 0.26 0.01 -0.00 0.00 94.34 86.18 90.08 
38.20 0.08 0.07 0.06 0.08 0.26 0.26 0.02 -0.01 0.00 94.32 86.09 90.06 
38.30 0.06 0.07 0.08 0.08 0.24 0.24 0.02 -0.01 0.00 94.38 86.23 90.04 
38.40 0.13 0.08 0.08 0.08 0.22 0.23 0.01 -0.00 0.01 94.40 85.63 90.03 
38.51 0.06 0.07 0.08 0.08 0.24 0.24 0.01 -0.01 0.00 94.36 85.91 90.04 
38.61 0.06 0.07 0.06 0.08 0.23 0.23 0.01 -0.02 0.00 94.43 85.97 90.06 
38.71 0.06 0.07 0.08 0.08 0.24 0.24 0.02 -0.00 0.00 94.64 86.06 90.05 
38.81 0.06 0.06 0.06 0.08 0.26 0.26 0.02 0.00 0.00 94.45 86.46 90.04 
38.92 0.09 0.07 0.07 0.08 0.24 0.24 0.01 -0.02 0.00 94.52 85.99 90.02 
39.02 0.05 0.06 0.08 0.08 0.25 0.25 0.01 -0.01 0.00 94.47 86.26 90.04 
39.12 0.06 0.06 0.07 0.08 0.25 0.25 0.02 -0.01 0.01 94.34 86.45 90.06 
39.23 0.07 0.07 0.08 0.07 0.26 0.26 0.01 -0.02 0.00 94.15 86.02 90.06 
39.33 0.06 0.07 0.08 0.07 0.24 0.24 0.01 -0.01 0.00 93.95 86.10 90.04 
39.43 0.05 0.07 0.07 0.07 0.25 0.25 -0.01 -0.06 0.01 94.27 85.86 90.04 
39.53 0.06 0.06 0.06 0.07 0.25 0.25 0.01 -0.02 0.01 93.88 86.22 90.07 
39.64 0.07 0.06 0.07 0.07 0.25 0.25 0.02 -0.01 0.00 93.90 86.31 90.01 
39.74 0.07 0.07 0.07 0.07 0.23 0.23 0.02 -0.01 0.00 93.89 86.25 90.06 
39.85 0.08 0.07 0.04 0.07 0.25 0.25 0.03 -0.00 0.00 94.02 86.19 90.07 
39.95 0.07 0.07 0.08 0.07 0.27 0.27 0.02 -0.01 0.00 93.67 86.22 90.05 
40.06 0.06 0.07 0.06 0.07 0.29 0.29 0.03 -0.01 -0.00 93.83 86.18 90.08 
40.16 0.06 0.07 0.06 0.07 0.29 0.29 -0.01 -0.01 0.01 93.78 86.21 90.07 
40.26 0.05 0.06 0.07 0.08 0.27 0.26 0.00 -0.01 0.00 94.57 86.30 89.99 
40.40 0.06 0.06 0.08 0.08 0.26 0.26 0.02 -0.01 0.00 94.44 86.44 90.06 
40.53 0.07 0.06 0.09 0.08 0.24 0.25 0.01 -0.02 0.00 94.52 86.35 90.04 
40.66 0.07 0.06 0.08 0.08 0.23 0.24 0.01 -0.01 0.01 94.53 86.30 90.07 
40.79 0.06 0.06 0.07 0.08 0.24 0.23 0.03 -0.01 0.01 94.45 86.33 90.06 
40.90 0.06 0.07 0.06 0.07 0.23 0.23 0.01 -0.00 0.00 94.18 86.17 90.03 
41.00 0.07 0.07 0.06 0.07 0.25 0.25 0.00 -0.01 0.00 94.03 86.28 90.02 
41.10 0.07 0.07 0.06 0.07 0.27 0.27 -0.01 -0.01 0.00 93.92 86.15 90.03 
41.20 0.01 0.05 0.09 0.07 0.31 0.30 0.03 0.04 0.00 93.48 86.85 90.02 
41.31 0.03 0.05 0.08 0.07 0.26 0.25 0.01 -0.01 0.00 94.13 86.60 90.07 
41.41 0.07 0.06 0.08 0.08 0.25 0.25 0.01 -0.01 0.00 94.29 86.39 90.04 
41.52 0.07 0.06 0.08 0.07 0.25 0.25 0.01 -0.01 0.00 94.24 86.38 90.03 
41.62 0.07 0.07 0.07 0.07 0.21 0.21 0.01 -0.01 0.01 94.22 86.25 90.07 
41.72 -0.14 0.02 0.18 0.10 0.28 0.26 0.01 -0.01 0.01 94.88 87.23 90.04 
41.83 0.03 0.01 0.07 0.10 0.28 0.33 0.03 -0.01 0.16 96.25 89.39 91.83 
41.93 0.00 0.02 0.03 0.10 0.34 0.33 -0.05 -0.02 -0.07 96.64 88.93 89.41 
42.04 0.40 0.17 -0.17 0.03 0.11 0.13 -0.02 0.01 -0.11 93.89 82.60 88.32 
42.14 0.01 0.13 0.02 0.04 0.30 0.27 -0.00 -0.09 0.01 92.25 81.56 90.08 
42.24 0.10 0.08 0.03 0.06 0.28 0.28 0.02 -0.01 0.00 93.20 85.16 90.03 
42.34 -0.03 0.05 0.09 0.07 0.32 0.31 -0.00 -0.05 -0.05 93.82 86.48 89.90 
42.45 0.04 0.03 0.10 0.06 0.37 0.37 -0.03 -0.05 -0.26 93.14 88.48 86.79 
42.55 -0.01 -0.06 0.18 0.04 0.55 0.57 -0.14 -0.01 -0.43 90.81 94.08 84.93 
42.65 0.09 0.05 -0.06 0.02 0.26 0.26 0.27 0.00 -0.19 90.86 87.02 87.73 
42.75 1.62 0.27 -0.93 -0.04 0.06 0.22 -0.02 -0.10 -0.19 87.93 74.25 87.72 
42.86 0.08 -0.07 0.29 -0.11 0.48 0.51 -0.55 -0.19 -0.07 79.55 95.62 89.24 
42.96 -0.11 -0.01 -0.32 -0.08 0.31 0.27 -0.37 0.05 -0.01 85.37 90.56 89.91 
43.06 -0.42 -0.23 -0.21 -0.09 0.45 0.47 -0.47 -0.90 0.04 86.16 101.52 90.78 
43.16 -0.20 -0.15 0.00 -0.08 0.33 0.33 -0.03 0.62 -0.28 84.79 98.40 86.84 
43.26 -0.11 -0.12 0.03 0.00 0.24 0.23 0.53 0.08 -0.19 90.22 97.02 87.70 
43.37 -0.12 -0.08 -0.05 0.00 0.18 0.16 0.59 -1.59 -0.14 90.63 94.21 88.62 
43.47 0.00 -0.03 -0.37 -0.16 0.13 0.11 0.32 -2.23 -0.34 82.86 91.92 86.16 
43.57 -0.08 0.03 -0.36 -0.30 -0.02 -0.05 0.28 -1.08 -0.31 72.64 88.46 86.27 
43.68 0.32 0.14 -0.59 -0.40 -0.28 -0.28 0.21 -1.25 -0.07 69.30 84.11 88.68 
43.78 0.06 0.15 -0.53 -0.48 -0.16 -0.22 0.09 -1.14 0.05 62.44 81.23 90.61 
43.88 -0.01 0.11 -0.66 -0.63 -0.10 -0.14 0.11 -0.64 0.10 54.49 82.62 91.09 
43.98 0.13 0.12 -0.80 -0.68 -0.16 -0.18 0.14 -0.49 0.13 51.07 83.21 91.59 
44.08 0.25 0.16 -0.97 -0.74 -0.14 -0.15 0.20 -0.32 0.14 47.60 80.80 91.63 
44.18 0.26 0.17 -0.71 -0.78 0.14 0.17 0.11 1.99 0.12 44.66 81.48 91.77 
44.29 -0.01 0.08 -0.24 -0.52 0.07 0.08 0.13 2.71 -0.05 57.27 84.18 89.66 
44.39 0.89 0.24 0.08 -0.29 0.01 0.15 0.15 2.57 -0.10 69.55 83.03 89.04 
44.49 0.25 0.25 0.07 -0.05 0.18 0.06 0.04 1.65 -0.05 87.13 75.63 89.42 
44.60 0.26 0.19 0.25 0.16 0.17 0.19 -0.28 0.60 -0.25 98.15 79.95 87.15 
44.70 0.11 0.15 0.23 0.21 0.15 0.15 -0.41 0.49 -0.22 102.07 81.69 87.32 
44.80 0.08 0.10 0.36 0.30 0.15 0.15 -0.05 0.55 -0.22 106.61 84.03 87.20 
44.90 0.07 0.05 0.50 0.42 0.13 0.14 0.21 0.95 -0.05 113.35 87.04 89.04 
45.01 0.20 0.11 0.53 0.51 0.17 0.14 0.15 0.50 0.26 119.05 84.44 93.10 
45.11 0.14 0.14 0.55 0.54 0.20 0.20 0.15 0.39 0.30 120.82 82.22 93.59 
45.21 0.18 0.17 0.52 0.53 0.24 0.24 0.03 -0.04 0.09 120.19 80.54 91.21 
45.32 0.14 0.16 0.48 0.51 0.26 0.26 -0.11 -0.24 0.01 119.27 80.85 90.26 
45.42 0.12 0.14 0.49 0.51 0.21 0.21 -0.11 -0.17 -0.01 119.14 81.88 89.94 
45.52 0.18 0.13 0.54 0.49 0.21 0.22 -0.07 -0.18 -0.01 117.56 82.72 89.86 
45.62 0.12 0.13 0.47 0.48 0.22 0.22 -0.03 -0.23 -0.03 117.74 82.67 89.66 
45.73 0.12 0.13 0.46 0.47 0.19 0.19 -0.10 -0.51 -0.03 116.85 82.72 89.72 
45.83 0.10 0.11 0.40 0.43 0.23 0.23 -0.17 -0.34 -0.05 114.71 83.76 89.56 
45.93 0.07 0.08 0.35 0.40 0.14 0.14 -0.28 -0.21 -0.19 113.15 85.39 87.98 
46.04 -0.02 0.04 0.36 0.37 0.15 0.14 -0.27 -0.32 -0.16 111.20 87.15 87.92 
46.14 0.03 0.03 0.32 0.35 0.06 0.06 -0.23 -0.33 -0.03 109.96 88.38 89.64 
46.24 -0.00 0.00 0.29 0.32 0.10 0.08 -0.08 -0.03 0.07 108.87 89.76 90.71 
46.35 -0.03 -0.01 0.30 0.31 0.12 0.11 0.03 -0.05 0.06 107.63 90.42 90.67 
46.45 -0.01 -0.01 0.31 0.31 0.11 0.11 -0.04 -0.18 0.03 107.89 90.78 90.26 
46.56 -0.02 -0.01 0.33 0.32 0.08 0.08 -0.07 -0.07 0.05 108.17 90.45 90.45 
46.66 0.00 -0.01 0.32 0.31 0.08 0.09 -0.01 -0.16 0.17 107.90 90.76 91.90 
46.76 -0.03 -0.02 0.30 0.30 0.12 0.11 0.01 -0.28 0.35 107.06 90.93 94.26 
46.86 -0.03 -0.03 0.21 0.25 0.19 0.19 0.19 -0.36 0.58 104.50 91.64 96.92 
46.97 0.04 0.00 0.14 0.19 0.30 0.31 0.61 -0.21 0.53 101.10 90.31 96.56 
47.07 0.07 0.04 0.11 0.14 0.39 0.40 0.91 0.07 0.39 98.24 87.48 94.62 
47.17 0.21 0.14 0.21 0.17 0.44 0.46 1.06 -0.07 0.38 99.26 82.60 94.41 
47.27 0.31 0.25 0.19 0.16 0.57 0.47 1.02 0.19 0.35 98.74 76.08 94.28 
47.37 0.42 0.34 0.15 0.14 0.57 0.59 0.94 -0.17 0.24 98.22 70.73 92.88 
47.48 0.45 0.44 0.13 0.13 0.65 0.65 0.64 -0.03 0.18 97.78 65.03 92.21 
47.58 0.56 0.54 0.17 0.14 0.59 0.59 0.24 0.05 0.05 98.05 59.13 90.56 
47.68 0.78 0.69 0.22 0.18 0.45 0.46 -0.57 0.38 0.02 99.62 51.30 90.10 
47.79 0.40 0.57 0.19 0.21 0.63 0.59 -1.95 -0.89 0.12 102.22 55.84 91.28 
47.89 0.12 0.29 0.09 0.15 0.32 0.28 -2.43 -0.95 0.29 99.21 71.74 93.10 
48.00 -0.07 0.03 0.00 0.04 0.11 0.08 -2.04 -0.61 0.54 92.88 87.34 96.40 
48.10 -0.26 -0.16 -0.05 -0.07 0.46 0.43 -1.11 -0.14 0.58 86.04 99.43 97.02 
48.20 -0.30 -0.31 -0.13 -0.13 0.59 0.60 -0.37 0.04 0.49 82.52 107.61 96.15 
48.30 -0.37 -0.37 -0.12 -0.11 0.76 0.76 -0.19 0.09 0.40 83.43 110.95 94.84 
48.40 -0.46 -0.38 -0.17 -0.11 0.68 0.65 -0.48 -0.22 0.28 84.37 110.71 93.60 
48.50 -0.48 -0.42 -0.09 -0.10 0.77 0.74 -0.49 -0.17 0.18 84.26 113.83 92.14 
48.61 -0.48 -0.47 -0.11 -0.11 0.74 0.73 -0.64 -0.31 0.00 83.64 116.64 90.25 
48.71 -0.53 -0.50 -0.12 -0.13 0.70 0.68 -0.33 -0.09 -0.07 82.74 118.49 89.23 
48.81 -0.58 -0.53 -0.11 -0.11 0.79 0.76 -0.04 0.00 0.01 83.73 120.25 90.06 
48.91 -0.55 -0.53 -0.14 -0.09 0.73 0.73 -0.03 -0.21 0.08 85.31 119.96 90.83 
49.02 -0.67 -0.57 -0.22 -0.13 0.82 0.78 -0.04 -0.14 0.12 82.75 122.47 91.48 
49.12 -0.58 -0.56 -0.16 -0.12 0.92 0.92 0.01 -0.09 0.13 83.52 122.02 91.64 
49.22 -0.55 -0.56 -0.11 -0.12 0.87 0.88 0.16 0.02 0.12 83.21 122.10 91.44 
49.32 -0.53 -0.55 -0.11 -0.11 0.91 0.92 0.19 -0.05 0.13 83.93 121.36 91.59 
49.43 -0.48 -0.51 -0.08 -0.10 0.82 0.83 0.54 0.15 0.15 84.31 119.38 91.78 
49.53 -0.45 -0.46 -0.05 -0.07 0.91 0.91 1.10 0.27 0.22 85.42 116.39 92.56 
49.63 -0.33 -0.40 0.01 -0.04 1.23 1.24 1.42 0.60 0.35 87.47 112.66 94.26 
49.73 -0.21 -0.28 0.10 0.03 1.08 1.10 1.62 0.38 0.53 91.91 106.16 96.36 
49.84 -0.03 -0.12 0.14 0.09 1.19 1.20 1.65 0.23 0.61 94.45 97.78 97.15 
49.94 0.13 0.05 0.15 0.12 1.37 1.39 1.48 0.41 0.65 96.75 88.27 97.74 
50.04 0.34 0.22 0.08 0.10 1.28 1.32 1.02 0.14 0.61 95.61 78.63 97.46 
50.14 0.39 0.33 0.09 0.09 1.43 1.44 0.55 0.05 0.44 94.96 71.13 95.33 
50.25 0.40 0.38 0.10 0.08 1.47 1.47 0.17 0.15 0.23 94.09 68.63 92.97 
50.35 0.34 0.41 0.06 0.07 1.41 1.39 -0.26 -0.05 0.05 93.93 65.63 90.89 
50.45 0.30 0.39 0.06 0.06 1.38 1.43 -0.76 -0.30 -0.10 93.63 67.47 88.78 
50.55 0.19 0.30 0.02 0.02 1.34 1.31 -1.29 -0.14 -0.28 90.92 72.63 86.66 
50.66 0.10 0.15 -0.01 -0.01 1.12 1.09 -1.73 -0.41 -0.47 89.17 81.14 84.61 
50.76 -0.13 -0.03 0.02 -0.02 1.28 1.22 -1.72 -0.45 -0.47 88.19 90.86 84.19 
50.86 -0.31 -0.18 -0.04 -0.04 1.08 0.96 -1.47 -0.09 -0.19 87.79 99.13 87.45 
50.97 -0.37 -0.28 -0.07 -0.06 1.05 1.11 -0.96 -0.23 -0.02 86.71 105.36 89.70 
51.07 -0.46 -0.37 -0.14 -0.08 1.12 1.08 -0.38 -0.35 0.03 85.86 110.42 90.37 
51.17 -0.51 -0.43 -0.06 -0.11 1.16 1.08 -0.05 0.00 -0.03 83.22 113.62 89.61 
51.28 -0.48 -0.46 -0.11 -0.11 1.38 1.37 0.05 0.03 0.01 83.87 116.22 90.15 
51.38 -0.46 -0.46 -0.12 -0.12 1.35 1.36 -0.05 -0.08 -0.01 83.35 116.57 89.91 
51.48 -0.43 -0.46 -0.12 -0.12 1.34 1.35 -0.06 0.04 -0.01 83.17 116.84 89.91 
51.58 -0.46 -0.46 -0.12 -0.12 1.28 1.28 -0.03 -0.01 -0.03 83.29 116.41 89.63 
51.69 -0.43 -0.45 -0.09 -0.11 1.27 1.29 0.13 0.08 -0.02 83.80 116.26 89.64 
51.79 -0.43 -0.44 -0.11 -0.10 1.35 1.36 0.14 0.00 0.01 84.27 115.42 90.15 
51.89 -0.39 -0.43 -0.11 -0.11 1.28 1.26 0.27 0.03 0.03 83.87 114.41 90.30 
51.99 -0.37 -0.41 -0.13 -0.11 1.23 1.25 0.85 0.12 0.01 83.77 113.61 90.03 
52.09 -0.27 -0.33 -0.10 -0.11 1.32 1.34 1.55 0.41 -0.06 83.88 109.33 89.32 
52.20 -0.07 -0.20 -0.01 -0.07 0.58 1.16 1.85 0.56 -0.11 85.39 102.70 88.80 
52.30 0.07 -0.05 0.01 -0.01 1.23 1.26 1.94 0.26 -0.17 89.03 94.14 88.01 
52.40 0.35 0.18 0.20 0.09 1.30 1.32 1.52 0.36 -0.06 93.97 81.43 89.04 
52.51 0.55 0.36 0.10 0.13 1.18 1.24 0.96 0.23 0.10 97.45 69.30 91.26 
52.61 0.48 0.47 0.11 0.12 1.23 1.23 0.32 0.07 0.09 96.72 62.88 91.23 
52.72 0.46 0.50 0.11 0.10 1.14 1.17 -0.11 -0.03 -0.03 95.41 60.79 89.84 
52.82 0.42 0.48 0.10 0.09 1.18 1.16 -0.26 -0.11 -0.10 94.80 62.20 88.89 
52.93 0.38 0.44 0.12 0.10 1.10 1.08 -0.40 -0.20 -0.18 95.47 64.35 87.79 
53.03 0.39 0.41 0.07 0.09 1.09 1.08 -0.46 -0.24 -0.15 94.88 66.24 88.19 
53.13 0.30 0.35 0.08 0.06 0.96 0.94 -0.41 -1.02 -0.15 92.97 69.37 88.11 
53.23 0.40 0.33 -0.17 -0.04 0.96 1.01 -0.61 -2.27 -0.12 87.79 70.88 88.50 
53.33 0.59 0.38 -0.70 -0.32 0.39 0.47 -0.92 -2.37 -0.05 71.74 68.15 89.40 
53.43 0.04 0.16 -0.55 -0.45 0.73 0.78 -0.82 -1.33 0.04 65.52 79.60 90.32 
53.54 0.00 0.10 -0.70 -0.59 0.65 0.60 -0.40 -0.71 0.06 57.32 83.47 90.63 
53.64 0.03 0.06 -0.58 -0.62 0.60 0.58 0.17 -0.03 0.04 54.25 86.56 90.53 
53.75 0.14 0.11 -0.67 -0.67 0.44 0.46 0.48 0.52 0.05 51.52 84.36 90.70 
53.85 0.16 0.15 -0.57 -0.66 0.59 0.59 0.51 1.77 0.12 52.17 81.36 91.41 
53.95 0.26 0.19 -0.47 -0.53 0.59 0.61 0.47 2.47 0.22 59.92 78.84 92.60 
54.05 0.11 0.20 -0.06 -0.21 0.78 0.75 0.21 2.53 0.10 77.77 78.78 91.14 
54.15 0.25 0.23 0.04 -0.01 0.81 0.81 0.03 0.87 -0.19 88.76 77.17 88.15 
54.26 0.24 0.21 0.21 0.10 1.10 1.09 0.10 1.42 -0.44 94.43 78.09 84.81 
54.36 -0.02 0.16 0.38 0.29 0.91 0.87 -0.02 1.19 -0.47 106.59 80.75 84.33 
54.46 0.24 0.19 0.50 0.41 0.84 0.85 -0.09 0.46 -0.53 112.87 79.71 83.59 
54.56 0.13 0.18 0.51 0.51 0.78 0.77 -0.10 0.39 -0.58 119.03 79.39 83.12 
54.67 0.16 0.16 0.59 0.56 0.71 0.75 -0.04 0.15 -0.37 122.09 80.75 85.60 
54.77 0.19 0.16 0.62 0.60 0.65 0.65 0.13 0.38 -0.14 124.01 81.03 88.13 
54.87 0.14 0.17 0.66 0.63 0.70 0.70 0.23 0.03 -0.05 125.78 79.72 89.12 
54.98 0.04 0.16 0.63 0.64 0.72 0.71 0.13 -0.01 -0.03 126.88 79.85 89.70 
55.08 0.16 0.14 0.60 0.61 0.73 0.73 0.07 -0.48 -0.13 124.86 81.84 88.39 
55.18 0.16 0.14 0.58 0.58 0.71 0.68 0.27 0.08 0.03 123.06 82.34 90.21 
55.29 0.21 0.18 0.59 0.59 0.68 0.68 0.32 -0.14 -0.01 124.06 80.02 90.25 
55.39 0.23 0.20 0.54 0.57 0.66 0.66 0.10 -0.61 -0.31 122.94 78.38 86.33 
55.49 0.12 0.16 0.44 0.51 0.65 0.65 -0.16 -1.29 -0.65 120.21 80.70 82.62 
55.60 0.14 0.15 0.48 0.47 0.43 0.43 -0.13 -0.70 -0.78 116.63 81.67 80.47 
55.70 0.12 0.12 0.51 0.51 0.28 0.32 0.17 0.07 -0.31 119.32 83.38 85.70 
55.80 0.14 0.13 0.46 0.49 0.27 0.27 0.27 0.02 -0.04 118.42 82.45 89.35 
55.91 0.09 0.14 0.39 0.44 0.34 0.33 0.15 -0.17 -0.05 115.47 81.48 89.47 
56.01 0.09 0.14 0.39 0.40 0.37 0.37 -0.07 -0.31 -0.09 112.99 81.28 88.90 
56.11 0.07 0.11 0.32 0.36 0.21 0.20 -0.34 -0.93 -0.31 110.44 83.43 86.26 
56.21 0.05 0.07 0.25 0.31 0.25 0.24 -0.33 -0.80 -0.21 108.04 85.60 87.11 
56.32 0.07 0.02 0.04 0.16 0.20 0.20 -0.11 -1.03 -0.13 100.40 89.16 88.69 
56.42 0.00 -0.01 0.02 0.05 0.27 0.27 0.46 -0.78 -0.23 93.08 90.67 87.12 
56.52 0.10 0.02 -0.07 -0.03 0.26 0.27 0.36 -0.61 -0.21 88.72 89.54 87.61 
56.63 0.06 0.07 -0.20 -0.12 0.23 0.23 -0.13 -0.52 -0.48 84.09 86.06 84.52 
56.73 0.03 0.08 -0.13 -0.13 0.12 0.12 -0.79 -0.10 -0.41 82.33 84.97 85.21 
56.83 -0.05 -0.02 -0.13 -0.15 0.10 0.09 -0.81 0.57 -0.76 81.49 90.71 81.46 
56.94 -0.09 -0.06 0.06 -0.02 0.04 0.02 -0.12 0.35 -0.77 88.17 93.10 80.45 
57.04 -0.05 -0.07 0.01 0.05 -0.07 -0.07 0.09 0.44 -0.52 93.00 94.36 83.70 
57.14 0.01 -0.04 0.06 0.03 -0.13 -0.12 -0.01 0.51 -0.61 91.36 93.01 82.99 
57.25 -0.08 -0.05 0.01 0.01 -0.16 -0.16 0.04 0.60 -0.79 90.44 92.84 80.96 
57.35 -0.06 -0.06 0.06 0.07 -0.32 -0.32 0.29 0.40 -0.89 93.78 93.72 79.41 
57.45 -0.04 -0.06 0.08 0.09 -0.43 -0.40 0.42 0.41 -1.13 94.93 93.44 76.39 
57.55 -0.01 -0.04 0.29 0.17 -0.56 -0.54 0.60 0.45 -1.19 98.52 92.37 75.29 
57.65 0.01 -0.01 0.26 0.20 -0.55 -0.57 0.44 0.20 -1.29 101.69 90.82 74.46 
57.76 0.19 0.06 0.56 0.40 -0.77 -0.74 0.46 -0.13 -0.64 111.40 87.90 80.79 
57.86 0.17 0.15 0.61 0.52 -0.85 -0.84 0.51 -0.08 0.83 119.87 81.36 100.00 
57.96 0.28 0.14 0.48 0.46 -0.77 -0.78 -0.29 -0.10 1.51 116.27 83.70 107.17 
58.06 0.05 0.12 0.19 0.39 -0.66 -0.69 -0.35 -0.30 2.11 114.24 82.34 114.34 
58.17 -0.18 -0.01 0.32 0.37 -0.33 -0.54 -0.55 -0.01 2.51 111.11 90.66 120.12 
58.27 -0.44 -0.25 -0.08 0.15 0.39 0.34 -0.83 -0.11 3.07 98.35 104.21 126.86 
58.37 -0.23 -0.20 -0.32 -0.13 0.60 0.53 -0.63 0.37 1.68 82.32 101.38 110.13 
58.47 0.09 -0.06 -0.19 -0.16 0.44 0.47 0.40 -0.49 0.12 81.41 94.91 92.66 
58.58 0.02 0.01 -0.08 -0.12 0.44 0.44 0.45 -0.08 -0.39 82.55 89.49 85.47 
58.68 0.07 0.04 0.00 -0.04 0.31 0.32 0.09 -0.16 -0.31 87.80 87.59 86.23 
58.78 -0.12 -0.01 -0.18 -0.13 0.40 0.38 -0.01 0.18 -0.70 83.19 89.30 82.40 
58.88 -0.05 -0.04 -0.27 -0.23 0.41 0.43 0.03 0.05 -1.74 76.89 92.04 69.17 
58.98 -0.20 -0.12 -0.10 -0.17 0.33 0.33 0.23 0.23 -3.08 80.54 96.86 53.10 
59.09 -0.22 -0.09 0.41 0.22 -0.54 -0.51 0.94 -0.44 -2.96 100.82 93.84 54.05 
59.19 0.38 0.03 0.86 0.51 -1.10 -1.03 0.88 -0.11 -1.81 119.38 88.24 68.33 
59.29 0.07 0.11 0.52 0.55 -0.95 -0.95 0.45 0.11 0.21 121.74 83.16 90.56 
59.39 0.15 0.16 0.39 0.42 -0.72 -0.75 -0.54 0.28 0.85 114.41 80.40 99.81 
59.50 0.07 0.16 0.49 0.49 -0.83 -0.83 -0.53 -0.13 1.76 117.85 79.76 109.54 
59.60 -0.03 -0.02 0.28 0.41 -0.61 -0.65 -0.30 0.23 3.14 114.82 90.89 126.26 
59.70 -0.17 -0.17 0.00 0.22 0.29 0.27 -0.55 0.03 3.91 102.87 99.66 136.93 
59.80 -0.26 -0.28 -0.66 -0.29 0.80 0.81 -0.45 -0.03 2.54 77.39 106.18 124.04 
59.90 0.02 -0.07 -0.37 -0.35 0.60 0.61 0.06 -0.04 0.22 69.95 94.22 92.70 
60.01 0.06 0.05 -0.19 -0.26 0.49 0.50 0.45 -0.25 -0.59 74.56 87.59 83.25 
60.11 0.09 0.05 0.01 -0.12 0.43 0.45 0.13 -0.10 -0.55 83.20 87.19 83.35 
60.21 0.04 0.07 -0.05 -0.03 0.44 0.43 -0.18 0.14 -0.25 88.12 85.75 86.80 
60.31 0.04 0.05 -0.12 -0.06 0.33 0.33 -0.24 0.16 -0.22 86.33 87.24 87.33 
60.42 0.10 0.04 -0.40 -0.24 0.41 0.42 -0.03 0.27 -0.86 77.81 88.49 80.93 
60.52 -0.15 -0.08 -0.21 -0.30 0.46 0.45 0.12 0.86 -2.90 72.06 93.97 57.90 
60.62 -0.25 -0.16 0.28 0.08 0.30 0.30 0.62 -0.79 -3.58 94.47 99.35 46.99 
60.73 -0.29 -0.01 0.78 0.45 -1.10 -0.97 0.88 -0.10 -1.46 112.59 87.83 69.34 
60.83 0.10 0.08 0.35 0.43 -0.93 -0.96 -0.05 0.34 -0.09 115.65 85.30 87.87 
60.94 0.07 0.10 0.23 0.34 -0.79 -0.82 -0.64 0.07 0.65 110.44 84.20 97.07 
61.04 0.17 0.04 0.09 0.18 -0.73 -0.74 -0.68 0.08 0.68 100.58 87.63 98.13 
61.14 -0.07 0.02 0.25 0.24 -0.68 -0.81 -0.10 -0.17 0.96 103.87 87.97 100.83 
61.25 0.00 -0.03 -0.05 0.11 -0.23 -0.25 0.54 -0.51 0.92 97.87 92.00 101.70 
61.35 0.23 0.14 -0.14 -0.07 0.03 0.03 0.59 -0.13 0.35 86.56 83.16 94.66 
61.46 0.27 0.19 -0.09 -0.04 0.01 0.01 0.25 0.03 0.16 88.13 79.63 91.92 
61.56 0.14 0.19 0.03 0.01 0.02 0.02 -0.14 0.33 0.18 90.72 78.82 92.27 
61.66 0.16 0.18 0.06 0.04 -0.01 0.02 -0.39 -0.19 0.26 92.37 79.46 93.14 
61.76 0.03 0.10 -0.02 0.01 0.03 0.02 -0.50 -0.30 0.13 90.75 84.08 91.61 
61.87 0.09 0.06 -0.01 -0.01 -0.03 -0.03 -0.36 0.14 -0.09 89.51 86.56 88.96 
61.97 -0.02 0.02 0.05 0.03 -0.05 -0.06 -0.22 -0.13 -0.15 91.55 88.55 88.11 
62.08 0.00 -0.01 0.03 0.04 -0.09 -0.09 -0.00 -0.25 0.03 92.37 90.62 90.04 
62.18 -0.01 -0.01 -0.08 -0.01 -0.08 -0.07 -0.01 -0.18 0.18 89.94 90.58 92.11 
62.29 0.03 0.01 -0.11 -0.05 -0.08 -0.08 0.04 -0.26 0.06 87.92 89.63 90.83 
62.39 -0.01 0.00 -0.09 -0.09 -0.01 -0.02 0.02 0.14 0.04 85.07 89.71 90.55 
62.49 0.01 0.00 -0.05 -0.06 -0.07 -0.07 -0.12 -0.13 -0.15 86.16 90.07 88.33 
62.59 -0.03 -0.01 -0.04 -0.05 -0.02 -0.03 -0.12 0.01 -0.03 87.41 90.79 89.69 
62.70 -0.01 -0.02 -0.05 -0.05 0.58 -0.00 -0.04 -0.01 0.02 86.84 91.52 90.28 
62.80 -0.08 -0.05 -0.11 -0.11 -0.06 -0.07 -0.14 -0.22 -0.07 83.86 92.54 89.29 
62.90 -0.07 -0.06 -0.11 -0.09 -0.14 -0.11 -0.09 -0.10 -0.04 84.76 93.54 89.47 
63.00 -0.12 -0.07 -0.06 -0.07 -0.13 -0.14 -0.02 -0.03 0.04 85.77 93.62 90.51 
63.11 -0.15 -0.09 -0.05 -0.10 -0.09 -0.10 0.08 0.02 -0.03 84.04 94.53 89.53 
63.21 -0.03 -0.08 -0.16 -0.09 -0.09 -0.09 0.10 0.21 -0.03 85.74 95.33 89.75 
63.34 -0.10 -0.09 -0.09 -0.09 -0.11 -0.10 0.01 0.24 -0.04 84.91 94.93 89.58 
63.47 -0.08 -0.08 0.02 -0.07 -0.08 -0.11 0.15 0.26 -0.07 85.88 94.85 89.17 
63.62 -0.01 -0.07 0.03 -0.06 -0.02 -0.07 0.36 0.44 -0.26 86.79 94.22 86.94 
63.76 0.05 -0.06 0.12 -0.03 -0.05 -0.03 0.03 0.19 -0.04 88.31 93.20 89.47 
63.88 0.01 -0.05 0.03 -0.02 -0.04 -0.05 0.04 0.19 0.05 88.82 92.65 90.65 
63.98 0.02 -0.00 -0.00 0.01 -0.01 -0.00 0.00 0.03 0.21 90.84 90.05 92.52 
64.09 -0.01 0.02 0.08 0.03 -0.14 -0.13 0.05 -0.05 0.17 91.46 88.62 91.93 
64.19 0.00 0.03 0.12 0.06 -0.15 -0.16 -0.02 0.03 0.14 92.93 88.14 91.73 
64.29 0.01 0.02 0.04 0.04 -0.15 -0.15 0.00 0.03 0.00 92.19 88.76 90.04 
64.40 0.02 0.02 0.06 0.04 -0.10 -0.10 0.13 0.18 -0.13 92.18 88.70 88.40 
64.50 0.03 0.04 0.08 0.05 -0.11 -0.10 -0.01 0.09 -0.00 92.44 87.61 90.11 
64.60 0.05 0.04 0.04 0.05 -0.12 -0.12 -0.00 -0.01 0.03 92.87 87.86 90.52 
64.70 0.03 0.02 0.02 0.05 -0.08 -0.09 0.08 -0.11 -0.14 92.63 89.11 88.36 
64.80 0.96 0.07 -0.31 0.55 -0.79 -1.20 0.36 0.49 -0.35 129.94 94.64 85.77 
64.91 -0.46 0.13 -0.15 0.12 -0.23 -0.29 -0.20 -0.53 0.02 99.42 76.26 90.31 
65.01 0.11 0.06 0.11 0.11 -0.18 -0.18 -0.06 0.01 0.00 96.13 86.78 90.09 
65.11 0.08 0.06 0.02 0.09 -0.15 -0.16 -0.01 -0.04 0.01 95.54 86.46 90.08 
65.22 0.07 0.07 0.05 0.07 -0.11 -0.11 -0.00 -0.01 0.00 94.19 86.14 90.05 
65.32 0.06 0.07 0.08 0.07 -0.14 -0.14 0.00 -0.01 0.00 94.26 86.18 90.02 
65.42 0.07 0.06 0.08 0.07 -0.12 -0.12 0.01 -0.01 0.00 94.27 86.28 90.05 
65.52 0.06 0.06 0.07 0.07 -0.14 -0.14 0.01 -0.01 0.00 94.24 86.40 90.06 
65.63 0.06 0.06 0.07 0.07 -0.11 -0.11 0.01 -0.01 0.00 94.20 86.34 90.06 
65.73 0.07 0.06 0.08 0.07 -0.13 -0.13 0.02 -0.01 0.00 94.20 86.32 90.02 
65.83 0.06 0.06 0.07 0.08 -0.12 -0.12 0.02 -0.00 0.00 94.35 86.38 90.06 
65.94 0.10 0.07 0.07 0.07 -0.13 -0.12 -0.02 -0.02 0.00 94.14 86.25 90.05 
66.04 0.08 0.07 0.06 0.07 -0.12 -0.12 0.01 -0.01 0.00 94.37 86.16 90.03 
66.14 0.02 0.06 0.12 0.08 -0.12 -0.12 0.02 -0.02 0.01 94.65 86.76 90.06 
66.24 0.06 0.06 0.07 0.08 -0.12 -0.13 0.02 -0.01 0.00 94.60 86.49 90.03 
66.35 0.06 0.06 0.08 0.07 -0.12 -0.12 0.02 -0.01 0.00 94.17 86.29 90.06 
66.45 0.07 0.06 0.08 0.07 -0.13 -0.13 0.02 -0.01 0.01 94.21 86.33 90.03 
66.55 0.07 0.06 0.07 0.07 -0.13 -0.13 0.01 -0.01 0.00 94.28 86.38 90.04 
66.66 0.06 0.06 0.07 0.07 -0.12 0.48 0.01 -0.01 0.00 94.28 86.31 90.08 
66.76 0.06 0.06 0.07 0.07 -0.12 -0.12 0.01 -0.01 0.00 94.26 86.42 90.05 
66.86 0.07 0.06 0.08 0.07 -0.11 -0.11 0.02 -0.00 0.01 94.27 86.52 90.07 
66.96 0.06 0.06 0.07 0.07 -0.12 -0.12 0.01 -0.01 0.00 94.28 86.34 90.05 
67.07 0.06 0.06 0.07 0.07 -0.13 -0.13 0.01 -0.01 0.01 94.22 86.40 90.05 
67.17 0.06 0.06 0.08 0.07 -0.13 -0.12 0.01 -0.02 0.00 94.20 86.46 90.04 
67.27 0.07 0.06 0.07 0.07 -0.12 -0.12 0.01 -0.01 0.00 94.27 86.36 90.06 
67.38 0.04 0.06 0.07 0.08 -0.14 -0.14 0.04 0.00 0.00 94.36 86.03 90.02 
67.48 0.04 0.06 0.09 0.08 -0.12 -0.12 0.02 -0.00 0.00 94.23 86.34 90.05 
67.58 0.06 0.06 0.07 0.07 -0.14 -0.14 0.01 -0.01 0.00 94.28 86.50 90.02 
67.69 0.07 0.06 0.08 0.08 -0.14 -0.12 0.01 -0.01 0.01 94.29 86.40 90.03 
67.79 0.07 0.06 0.08 0.08 -0.14 -0.14 0.02 -0.01 0.00 94.33 86.35 90.04 
67.89 0.07 0.06 0.07 0.07 -0.13 -0.13 0.01 -0.01 0.00 94.29 86.35 90.07 
68.00 0.06 0.06 0.08 0.07 -0.13 -0.13 0.01 -0.01 0.00 94.29 86.33 90.02 
68.10 0.07 0.06 0.08 0.08 -0.14 -0.14 0.02 -0.01 0.00 94.34 86.33 90.04 
68.20 0.06 0.07 0.07 0.07 -0.13 -0.13 0.01 -0.01 0.00 94.23 86.22 90.06 
68.31 0.06 0.06 0.08 0.07 -0.13 -0.13 0.01 -0.01 0.00 94.17 86.28 90.03 
68.41 0.07 0.07 0.07 0.07 -0.13 -0.13 0.02 -0.01 0.01 94.17 86.24 90.07 
68.52 0.06 0.06 0.08 0.08 -0.15 -0.15 0.02 -0.01 0.00 94.31 86.34 90.03 
68.62 0.06 0.06 0.08 0.08 -0.13 -0.13 0.01 -0.01 0.00 94.32 86.35 90.05 
68.72 0.07 0.06 0.08 0.07 -0.13 -0.13 0.02 -0.01 0.00 94.25 86.34 90.03 
68.83 0.06 0.06 0.07 0.07 -0.13 -0.13 0.01 -0.01 0.01 94.28 86.23 90.04 
68.93 0.06 0.06 0.08 0.07 -0.12 -0.12 0.01 -0.01 0.00 94.24 86.31 90.05 
69.03 0.07 0.06 0.07 0.07 -0.12 -0.12 0.01 -0.01 0.00 94.29 86.38 90.05 
69.14 0.07 0.07 0.07 0.07 -0.13 -0.13 0.02 -0.01 0.00 94.19 86.23 90.05 
69.24 0.06 0.06 0.08 0.07 -0.13 -0.13 0.01 -0.01 0.00 94.16 86.35 90.05 
69.34 0.07 0.06 0.07 0.07 -0.12 -0.12 0.01 -0.01 0.00 94.25 86.39 90.02 
69.44 0.06 0.06 0.08 0.07 -0.12 -0.12 0.01 -0.01 0.00 94.11 86.43 90.04 
69.55 0.06 0.06 0.07 0.07 -0.13 -0.13 0.01 -0.01 0.01 94.19 86.36 90.06 
69.65 0.07 0.06 0.08 0.07 -0.11 -0.11 0.01 -0.01 0.00 94.08 86.52 90.01 
69.75 0.06 0.06 0.07 0.07 -0.13 -0.13 0.01 -0.01 0.01 94.23 86.46 90.08 
69.85 0.07 0.06 0.08 0.07 -0.14 -0.14 0.01 -0.01 0.00 94.21 86.42 90.05 
69.96 0.03 0.06 0.03 0.08 -0.11 -0.14 0.01 -0.03 0.00 94.97 86.27 90.04 
70.06 0.05 0.06 0.08 0.07 -0.14 -0.14 0.01 -0.01 0.00 94.26 86.22 90.03 
70.16 0.12 0.07 0.11 0.07 -0.07 -0.06 0.01 -0.01 0.00 93.69 86.34 90.03 
70.27 0.07 0.07 0.07 0.07 -0.14 -0.14 0.01 -0.02 0.00 94.03 85.87 90.05 
70.37 0.07 0.06 0.08 0.07 -0.14 -0.14 0.01 -0.00 0.01 94.16 86.47 90.07 
70.47 0.06 0.06 0.07 0.07 -0.15 -0.15 0.02 -0.01 0.01 94.14 86.42 90.08 
70.58 0.08 0.06 0.12 0.06 -0.13 -0.12 0.01 0.00 0.00 93.03 86.48 90.08 
70.68 0.05 0.06 0.03 0.07 -0.13 -0.13 0.02 -0.01 0.00 94.08 86.35 90.04 
70.79 0.05 0.07 0.08 0.08 -0.13 -0.13 0.01 -0.01 0.00 94.57 85.98 90.06 
70.89 0.06 0.06 0.07 0.08 -0.13 -0.13 0.01 -0.00 0.00 94.38 86.37 90.04 
70.99 0.07 0.06 0.07 0.07 -0.13 -0.13 0.00 -0.01 0.00 94.24 86.32 90.03 
71.10 0.06 0.06 0.08 0.07 -0.12 -0.12 0.02 -0.01 0.00 94.21 86.39 90.04 
71.20 0.07 0.06 0.08 0.08 -0.14 -0.14 0.02 -0.01 0.00 94.30 86.36 90.05 
71.30 0.06 0.06 0.08 0.07 -0.13 -0.13 0.01 -0.01 0.00 94.17 86.35 90.05 
71.41 0.07 0.06 0.08 0.07 -0.13 -0.13 0.01 -0.01 0.00 94.26 86.31 90.02 
71.51 0.05 0.06 0.09 0.08 -0.12 -0.13 0.02 -0.01 0.00 94.22 86.47 90.04 
71.61 0.07 0.06 0.07 0.07 -0.12 -0.12 0.02 -0.01 0.00 94.29 86.44 90.05 
71.72 0.06 0.06 0.08 0.07 -0.13 -0.12 0.00 -0.01 0.01 94.23 86.46 90.07 
71.82 0.06 0.06 0.08 0.08 -0.12 -0.12 0.02 -0.01 0.00 94.30 86.35 90.06 
71.92 0.03 0.07 0.07 0.07 -0.14 -0.15 0.04 0.00 0.00 94.19 86.11 90.03 
72.03 0.06 0.06 0.07 0.07 -0.13 -0.13 0.01 -0.01 0.00 94.23 86.37 90.04 
72.13 0.06 0.06 0.08 0.07 -0.14 -0.15 0.01 -0.01 0.00 94.24 86.27 90.05 
72.24 0.07 0.07 0.07 0.07 -0.13 -0.13 0.01 -0.01 0.01 94.23 86.28 90.05 
72.34 0.07 0.06 0.07 0.08 -0.13 -0.13 0.01 -0.01 0.00 94.38 86.36 90.02 
72.44 0.06 0.06 0.07 0.08 -0.13 -0.13 0.01 -0.01 0.01 94.35 86.38 90.07 
72.55 0.06 0.06 0.07 0.07 -0.13 -0.13 0.01 -0.01 0.00 94.25 86.40 90.04 
72.65 0.06 0.06 0.08 0.07 -0.14 -0.14 0.02 -0.00 0.01 94.13 86.43 90.05 
72.76 0.07 0.07 0.07 0.07 -0.14 -0.14 0.01 -0.01 0.00 94.22 86.35 90.04 
72.86 0.06 0.06 0.08 0.08 -0.15 -0.15 0.01 -0.01 0.00 94.28 86.35 90.05 
72.96 0.07 0.06 0.07 0.08 -0.14 -0.14 0.01 -0.01 0.01 94.44 86.43 90.06 
73.06 0.06 0.06 0.07 0.07 -0.15 -0.13 0.02 -0.01 0.00 94.31 86.31 90.05 
73.17 0.05 0.06 0.08 0.07 -0.13 -0.13 0.02 -0.01 0.01 94.18 86.37 90.08 
73.27 0.06 0.06 0.06 0.07 -0.12 -0.13 0.01 -0.01 0.00 94.28 86.40 90.05 
73.37 0.06 0.06 0.07 0.07 -0.14 -0.14 0.01 -0.01 0.00 94.15 86.39 90.05 
73.48 0.06 0.06 0.07 0.07 -0.14 -0.14 0.01 -0.01 0.00 94.24 86.34 90.04 
73.58 0.07 0.06 0.08 0.08 -0.15 -0.15 0.02 -0.01 0.00 94.32 86.33 90.04 
73.68 0.06 0.06 0.07 0.07 -0.14 -0.14 0.01 -0.01 0.00 94.25 86.37 90.08 
73.79 0.07 0.06 0.06 0.07 -0.13 -0.14 0.02 -0.01 0.00 94.22 86.43 90.07 
73.89 0.07 0.06 0.07 0.07 -0.15 -0.15 0.01 -0.01 0.00 94.26 86.29 90.05 
73.99 0.07 0.06 0.07 0.07 -0.14 -0.14 0.01 -0.01 0.00 94.26 86.28 90.03 
74.09 0.06 0.06 0.07 0.07 -0.13 -0.13 0.01 -0.00 0.00 94.19 86.37 90.03 
74.19 0.07 0.06 0.07 0.07 -0.13 -0.13 0.02 -0.01 0.00 94.17 86.41 90.01 
74.30 0.06 0.06 0.08 0.07 -0.15 -0.14 0.01 -0.01 0.00 94.22 86.34 90.07 
74.40 0.06 0.07 0.08 0.08 -0.16 -0.16 0.02 -0.01 0.00 94.64 86.19 90.03 
74.50 0.07 0.07 0.08 0.08 -0.15 -0.15 0.01 -0.01 0.01 94.42 86.19 90.05 
74.61 0.03 0.06 0.07 0.07 -0.13 -0.13 0.02 -0.01 0.01 94.14 86.58 90.05 
74.71 0.06 0.06 0.08 0.07 -0.12 -0.12 0.01 -0.01 0.00 94.17 86.55 90.06 
74.82 0.06 0.06 0.07 0.07 -0.15 -0.14 0.01 -0.01 0.00 94.17 86.43 90.04 
74.92 0.06 0.06 0.07 0.07 -0.14 -0.14 0.01 -0.01 0.00 94.18 86.36 90.04 
75.02 0.07 0.06 0.07 0.07 -0.14 -0.14 0.01 -0.01 0.00 94.23 86.35 90.05 
75.13 0.06 0.06 0.07 0.07 -0.14 -0.14 0.01 -0.01 0.01 94.25 86.30 90.08 
75.23 0.07 0.06 0.07 0.08 -0.14 -0.14 0.02 -0.01 0.00 94.32 86.34 90.07 
75.33 0.06 0.06 0.08 0.08 -0.14 -0.14 0.02 -0.01 0.00 94.30 86.32 90.07 
75.44 0.07 0.06 0.07 0.07 -0.15 -0.15 0.01 -0.01 0.01 94.27 86.41 90.05 
75.54 0.07 0.06 0.07 0.07 -0.13 -0.13 0.01 -0.01 0.00 94.21 86.40 90.08 
75.65 0.07 0.07 0.07 0.07 -0.14 -0.14 0.01 -0.01 0.00 94.25 86.23 90.03 
75.75 0.05 0.06 0.08 0.08 -0.16 -0.16 0.00 -0.01 0.00 94.37 86.35 90.07 
75.86 0.07 0.06 0.07 0.07 -0.14 -0.14 0.01 -0.00 0.00 94.32 86.30 90.05 
75.96 0.06 0.06 0.07 0.07 -0.14 -0.14 0.02 -0.01 0.00 94.21 86.24 90.05 
76.06 0.06 0.07 0.07 0.07 -0.14 -0.14 0.01 -0.01 0.01 94.20 86.22 90.04 
76.16 0.07 0.07 0.08 0.08 -0.14 -0.14 0.01 -0.01 0.00 94.22 86.25 90.03 
76.27 0.04 0.06 0.06 0.07 -0.14 -0.14 0.01 -0.01 0.00 94.15 86.52 90.05 
76.37 0.05 0.06 0.07 0.07 -0.14 -0.13 0.02 -0.01 0.00 94.23 86.64 90.05 
76.48 -0.05 0.01 0.02 0.03 -0.07 -0.08 0.02 -0.04 -0.35 91.84 88.88 86.76 
76.58 0.30 0.13 0.00 0.04 -0.18 -0.16 0.02 -0.05 -0.57 92.95 84.59 82.94 
76.69 0.18 0.12 0.18 0.10 -0.21 -0.20 0.03 0.01 -0.26 94.85 83.99 86.44 
76.79 0.06 0.09 0.09 0.10 -0.22 -0.22 0.02 -0.01 0.00 95.74 84.77 90.04 
76.89 0.05 0.08 0.06 0.08 -0.20 -0.22 0.00 -0.01 0.00 94.57 85.29 90.04 
77.00 0.06 0.07 0.07 0.07 -0.20 -0.20 0.01 -0.01 0.01 94.31 86.09 90.06 
77.10 0.06 0.06 0.08 0.07 -0.20 -0.20 0.01 -0.01 0.00 94.07 86.25 90.05 
77.20 0.07 0.06 0.07 0.07 -0.20 -0.20 0.01 -0.01 0.00 94.23 86.28 90.05 
77.31 0.06 0.06 0.07 0.07 -0.20 -0.20 0.01 -0.01 0.00 94.26 86.35 90.05 
77.41 0.07 0.06 0.08 0.07 -0.19 -0.19 0.01 -0.01 0.00 94.29 86.29 90.03 
77.51 0.05 0.07 0.07 0.07 -0.21 -0.21 0.01 -0.01 0.00 94.19 86.11 90.06 
77.62 0.07 0.06 0.08 0.07 -0.19 -0.19 0.02 -0.01 0.01 94.18 86.28 90.07 
77.72 0.07 0.07 0.07 0.08 -0.19 -0.19 0.01 -0.01 0.00 94.31 86.15 90.04 
77.82 0.06 0.06 0.08 0.08 -0.19 -0.19 0.01 -0.01 0.01 94.29 86.33 90.05 
77.92 0.05 0.07 0.06 0.07 -0.19 -0.20 0.01 -0.01 0.00 94.39 85.88 90.04 
78.02 0.07 0.06 0.07 0.07 -0.20 -0.20 0.02 -0.01 0.00 94.20 86.35 90.02 
78.13 0.07 0.06 0.07 0.07 -0.21 -0.21 0.01 -0.01 0.06 94.24 86.36 90.71 
78.23 0.07 0.06 0.07 0.07 -0.20 -0.20 0.01 0.01 0.17 94.31 86.38 91.84 
78.34 0.06 0.07 0.08 0.07 -0.20 -0.20 -0.00 0.01 0.21 94.19 85.91 92.54 
78.44 0.06 0.06 0.07 0.07 -0.18 -0.18 0.01 0.00 0.14 94.30 86.26 91.89 
78.54 0.08 0.07 0.07 0.07 -0.18 -0.18 0.02 -0.01 0.00 94.38 86.40 90.04 
78.65 0.07 0.06 0.08 0.08 -0.17 -0.17 0.01 -0.01 0.00 94.30 86.37 90.05 
78.75 0.06 0.06 0.07 0.07 -0.16 -0.17 0.02 -0.01 0.00 94.29 86.33 90.03 
78.86 0.07 0.06 0.07 0.07 -0.17 -0.17 0.02 -0.01 0.00 94.14 86.39 90.06 
78.96 0.07 0.06 0.07 0.07 -0.17 -0.17 0.02 -0.01 0.00 94.26 86.60 90.05 
79.07 0.03 0.06 0.07 0.07 -0.16 -0.16 0.03 0.00 0.00 94.20 86.25 90.04 
79.17 0.07 0.06 0.08 0.07 -0.16 -0.16 0.01 -0.01 0.01 94.18 86.45 90.06 
79.27 0.06 0.06 0.08 0.07 -0.18 -0.18 0.02 -0.01 0.00 94.18 86.33 90.04 
79.37 0.06 0.06 0.07 0.07 -0.18 -0.18 0.01 -0.01 0.00 94.22 86.38 90.04 
79.48 0.07 0.06 0.07 0.07 -0.19 -0.19 0.02 -0.01 0.00 94.25 86.31 90.02 
79.58 0.06 0.06 0.07 0.07 -0.17 -0.17 0.01 -0.01 0.00 94.25 86.26 90.03 
79.68 0.06 0.06 0.08 0.07 -0.18 -0.17 0.02 -0.01 0.01 94.23 86.38 90.06 
79.79 0.06 0.06 0.08 0.07 -0.18 -0.18 0.01 -0.01 0.00 94.27 86.38 90.05 
79.89 0.08 0.06 0.08 0.07 -0.17 -0.16 0.01 -0.01 0.00 94.24 86.44 90.04 
80.00 0.07 0.07 0.07 0.07 -0.18 -0.17 0.01 -0.01 0.00 94.29 86.16 90.05 
80.10 0.09 0.07 0.14 0.08 -0.19 -0.18 0.01 -0.01 0.01 94.21 86.29 90.05 
80.20 0.05 0.06 0.07 0.07 -0.14 -0.16 0.01 -0.01 0.00 93.91 86.69 90.03 
80.30 0.15 0.06 0.02 0.08 -0.17 -0.17 0.01 -0.09 0.01 95.17 87.18 89.98 
80.41 0.07 0.06 0.08 0.07 -0.18 -0.18 0.01 -0.01 0.00 94.16 86.58 90.04 
80.51 0.05 0.06 0.06 0.07 -0.16 -0.16 0.01 -0.01 0.01 94.16 86.55 90.07 
80.61 0.09 0.08 0.08 0.08 -0.17 -0.17 0.01 -0.01 0.00 94.33 85.62 90.05 
80.71 0.07 0.07 0.07 0.07 -0.24 -0.18 0.03 0.02 0.00 93.96 86.05 90.06 
80.82 0.07 0.07 0.08 0.07 -0.17 -0.16 0.02 -0.01 0.01 94.12 86.08 90.08 
80.92 0.12 0.08 0.09 0.08 -0.19 -0.18 0.00 -0.07 0.01 94.33 86.10 90.10 
81.03 0.07 0.07 0.08 0.07 -0.17 -0.17 0.01 -0.01 0.01 93.98 86.05 90.08 
81.13 0.03 0.05 0.05 0.08 -0.17 -0.17 0.02 0.00 0.08 94.69 86.65 90.84 
81.23 0.05 0.05 0.07 0.06 -0.16 -0.14 0.03 -0.02 0.03 93.56 87.01 90.30 
81.34 0.07 0.06 0.06 0.06 -0.16 -0.16 0.02 -0.02 0.00 93.66 86.44 90.04 
