2.15 4.62 3.51 -0.48  0.76 -0.42 0.15  -0.63 0.82 10.20  92.20 91.81 90.04 
2.31 4.60 4.15 -0.51  0.78 -0.45 0.18  -0.75 0.82 10.24  92.01 91.81 90.03 
2.41 5.04 5.02 -1.01  1.02 -0.23 0.04  -0.90 0.90 10.24  92.20 92.19 90.01 
2.51 4.82 4.15 -0.38  0.55 -0.54 0.42  -0.75 0.86 10.24  92.10 91.81 90.07 
2.61 4.57 4.55 -0.88  1.25 -0.18 0.09  -0.82 0.82 10.32  91.99 91.99 90.02 
2.71 4.98 4.75 -0.90  0.26 -0.04 0.20  -0.86 0.90 10.36  92.17 92.07 90.04 
2.81 5.49 4.16 -0.67  0.61 -0.75 0.18  -0.75 0.98 10.20  92.40 91.82 90.03 
2.91 3.98 3.75 -0.55  -0.20 -0.88 -0.50  -0.67 0.71 10.16  91.73 91.63 89.91 
3.02 5.06 3.94 -0.60  0.56 -1.16 -0.97  -0.71 0.90 10.20  92.13 91.54 89.83 
3.12 5.21 3.68 -0.85  0.13 -0.70 -0.32  -0.67 0.94 10.32  92.28 91.61 89.95 
3.22 5.06 4.38 -1.23  0.07 0.04 -0.22  -0.78 0.90 10.20  92.21 91.91 89.96 
3.33 5.09 3.53 -0.64  0.54 -0.33 -0.02  -0.63 0.90 10.12  92.08 91.23 90.02 
3.43 4.15 3.70 -0.74  0.26 0.01 0.51  -0.67 0.75 10.28  91.81 91.62 90.09 
3.53 4.82 4.37 -1.11  0.67 -0.19 0.30  -0.78 0.86 10.24  92.10 91.62 90.04 
3.63 4.78 4.33 -0.94  1.18 -0.34 0.35  -0.78 0.86 10.32  92.09 91.89 90.06 
3.74 4.80 4.57 -1.26  0.56 -0.42 0.26  -0.82 0.86 10.28  92.00 91.80 90.03 
3.84 4.35 4.12 67.87  0.87 -0.47 0.27  -0.75 0.78 10.32  91.90 91.80 90.05 
3.94 4.82 4.37 -1.19  0.85 -0.51 0.26  -0.78 0.86 10.24  92.10 91.91 90.05 
4.04 4.80 4.35 -0.82  0.56 -0.59 0.19  -0.78 0.86 10.28  91.81 91.90 90.04 
4.15 4.82 4.37 -0.85  0.54 -0.49 0.41  -0.78 0.86 10.24  92.11 91.72 90.03 
4.25 4.86 4.18 -1.00  0.65 -0.58 0.18  -0.75 0.86 10.16  92.19 91.52 90.04 
4.35 4.60 3.71 -0.55  0.61 -0.67 0.20  -0.67 0.82 10.24  92.01 91.62 90.04 
4.45 5.00 4.33 -1.03  0.87 -0.46 0.18  -0.78 0.90 10.32  92.11 91.91 90.07 
4.56 4.60 4.15 -1.02  1.07 -0.59 0.16  -0.75 0.82 10.24  91.90 91.90 90.05 
4.66 5.06 3.94 -1.01  0.80 -0.46 0.15  -0.71 0.90 10.20  92.08 91.88 90.04 
4.76 4.55 4.10 -0.91  0.77 -0.55 0.37  -0.75 0.82 10.36  92.18 91.89 90.05 
4.86 5.25 3.93 -0.87  0.74 -0.68 0.30  -0.71 0.94 10.24  92.29 91.71 90.05 
4.97 4.60 3.93 -1.06  0.39 -0.33 0.17  -0.71 0.82 10.24  92.01 91.72 90.03 
5.07 5.23 4.13 -1.06  0.87 -0.60 0.12  -0.75 0.94 10.28  92.20 91.81 90.03 
5.17 4.43 3.98 -0.86  1.08 -0.57 0.13  -0.71 0.78 10.12  91.83 91.63 90.04 
5.27 5.27 3.73 -0.79  0.39 -0.56 0.17  -0.67 0.94 10.20  92.12 91.73 90.03 
5.38 4.33 4.10 -1.03  0.39 -0.55 0.32  -0.75 0.78 10.36  91.92 91.72 90.05 
5.48 5.04 3.71 -0.68  1.23 -0.40 0.12  -0.67 0.90 10.24  92.09 91.71 90.04 
5.59 4.82 3.93 -0.90  0.67 -0.39 0.17  -0.71 0.86 10.24  92.09 91.80 90.04 
5.69 5.06 3.94 -0.91  0.41 -0.53 0.28  -0.71 0.90 10.20  92.21 91.72 90.05 
5.79 5.04 4.80 -0.92  0.46 -0.21 0.30  -0.86 0.90 10.24  92.11 91.91 90.04 
5.89 4.37 4.35 -0.73  0.65 -0.50 0.27  -0.78 0.78 10.28  91.90 91.71 90.05 
5.99 4.82 4.15 -0.58  0.65 -0.63 0.05  -0.75 0.86 10.24  92.20 91.81 90.03 
6.10 5.04 4.58 -0.76  0.58 -0.60 0.38  -0.82 0.90 10.24  92.11 91.82 90.05 
6.20 5.04 3.71 -0.74  1.29 -0.34 0.23  -0.67 0.90 10.24  92.20 91.62 90.05 
6.30 5.43 4.54 -1.09  0.10 -0.32 0.25  -0.82 0.98 10.32  92.18 91.70 90.04 
6.41 4.84 4.38 -0.67  0.49 -0.77 0.20  -0.78 0.86 10.20  92.11 91.91 90.04 
6.51 4.80 3.70 -0.59  0.67 -0.33 0.12  -0.67 0.86 10.28  92.20 91.62 90.01 
6.61 4.60 4.15 -0.92  0.61 -0.72 0.18  -0.75 0.82 10.24  92.21 91.72 90.03 
6.72 4.64 4.18 -0.88  1.00 -0.74 0.25  -0.75 0.82 10.16  92.01 91.82 90.04 
6.82 5.02 3.48 -0.78  0.51 -0.74 0.36  -0.63 0.90 10.28  91.90 91.90 90.05 
6.92 4.84 4.16 -0.91  0.82 -0.42 0.16  -0.75 0.86 10.20  91.99 91.61 90.03 
7.02 4.80 3.92 -0.81  0.91 -0.32 0.32  -0.71 0.86 10.28  92.19 91.71 90.02 
7.13 4.60 4.15 -0.73  0.75 -0.25 0.12  -0.75 0.82 10.24  92.01 91.81 90.02 
7.23 5.02 4.13 -0.71  1.08 -0.26 0.29  -0.75 0.90 10.28  92.19 91.80 90.02 
7.33 4.80 3.92 -0.96  0.76 -0.24 0.18  -0.71 0.86 10.28  91.99 91.80 90.03 
7.43 5.07 4.18 -0.78  0.87 -0.55 0.22  -0.75 0.90 10.16  92.11 91.72 90.03 
7.54 4.62 3.95 -0.91  0.51 -0.36 0.11  -0.71 0.82 10.20  92.08 91.79 90.02 
7.64 4.84 3.95 -0.92  0.77 -0.70 0.20  -0.71 0.86 10.20  92.09 91.80 90.04 
7.74 5.04 4.15 -0.79  0.80 -0.56 0.25  -0.75 0.90 10.24  92.29 92.00 90.03 
7.84 4.60 3.93 -0.65  0.74 -0.34 0.25  -0.71 0.82 10.24  92.09 91.99 90.02 
7.95 4.82 4.15 -0.93  0.40 -0.70 0.12  -0.75 0.86 10.24  92.00 91.90 90.03 
8.05 3.51 4.16 -0.78  0.86 -0.79 0.17  -0.75 0.63 10.24  92.01 91.82 90.02 
8.15 4.58 4.13 -1.12  0.72 -0.45 0.22  -0.75 0.82 10.28  91.93 91.83 90.05 
8.26 4.57 4.12 -0.63  0.68 -0.54 0.11  -0.75 0.82 10.32  91.91 91.72 90.02 
8.36 5.07 3.74 -0.62  0.73 -0.80 0.19  -0.67 0.90 10.16  92.09 91.61 90.02 
8.46 5.06 3.73 -0.86  0.70 -0.65 0.18  -0.67 0.90 10.20  92.21 91.63 90.03 
8.56 4.58 4.13 -0.96  0.49 -0.32 0.25  -0.75 0.82 10.28  91.90 91.62 90.03 
8.67 4.78 3.69 -0.92  0.88 -0.59 0.30  -0.67 0.86 10.32  92.09 91.71 90.04 
8.77 4.82 4.15 -0.85  0.85 -0.81 0.25  -0.75 0.86 10.24  92.09 91.52 90.04 
8.87 4.60 3.93 -0.62  0.69 -0.55 0.25  -0.71 0.82 10.24  92.28 91.71 90.04 
8.97 4.57 3.90 -0.57  0.74 -0.17 0.21  -0.71 0.82 10.32  92.20 91.71 90.02 
9.07 4.57 4.12 -0.74  0.78 -0.65 0.36  -0.75 0.82 10.32  91.99 91.89 90.05 
9.18 4.80 4.13 -1.13  0.80 -0.66 0.27  -0.75 0.86 10.28  92.09 91.80 90.05 
9.28 5.02 3.70 -0.78  0.93 -0.58 0.23  -0.67 0.90 10.28  92.20 91.81 90.04 
9.38 4.98 4.10 -0.90  0.04 -0.55 0.21  -0.75 0.90 10.36  92.08 91.70 90.02 
9.48 4.84 3.73 -0.69  0.72 -0.88 0.23  -0.67 0.86 10.20  92.10 91.72 90.04 
9.58 4.80 3.92 -0.85  0.50 -0.52 0.32  -0.71 0.86 10.28  92.08 91.60 90.05 
9.69 4.38 4.15 -1.03  0.72 -0.60 0.37  -0.75 0.78 10.24  92.00 91.71 90.05 
9.79 4.82 3.93 -0.98  0.59 -0.42 0.12  -0.71 0.86 10.24  92.09 91.61 90.02 
9.89 4.80 4.13 -0.98  0.67 -0.69 0.39  -0.75 0.86 10.28  92.09 91.80 90.07 
9.99 4.55 4.10 -0.82  0.36 -0.69 0.21  -0.75 0.82 10.36  92.11 91.72 90.05 
10.10 4.58 3.92 -0.59  0.85 -0.28 0.18  -0.71 0.82 10.28  92.11 91.82 90.03 
10.20 4.78 4.33 -0.87  0.38 -0.52 0.18  -0.78 0.86 10.32  92.00 91.99 90.01 
10.30 4.53 4.73 -1.02  1.16 -0.64 0.19  -0.86 0.82 10.40  92.18 91.98 90.02 
10.40 4.58 4.13 -1.01  0.47 -0.77 0.46  -0.75 0.82 10.28  91.90 91.71 90.10 
10.50 4.58 4.35 -1.05  0.41 -0.59 0.11  -0.78 0.82 10.28  92.00 91.90 90.02 
10.60 4.78 3.69 -1.10  0.85 -0.76 0.32  -0.67 0.86 10.32  92.00 91.80 90.06 
10.71 4.38 4.37 -1.07  0.79 -0.54 0.12  -0.78 0.78 10.24  92.11 91.82 90.06 
10.81 4.86 4.18 -0.83  0.67 -0.67 0.29  -0.75 0.86 10.16  91.98 91.98 90.04 
10.91 4.60 4.59 -1.14  0.79 -0.35 0.32  -0.82 0.82 10.24  91.89 91.88 90.03 
11.01 4.58 3.48 -0.81  1.16 -0.57 0.15  -0.63 0.82 10.28  92.09 91.71 90.04 
11.11 4.80 3.92 -1.28  0.63 -0.59 0.17  -0.71 0.86 10.28  92.09 91.80 90.04 
11.22 5.21 3.90 -1.25  0.45 -0.55 0.28  -0.71 0.94 10.32  92.01 91.72 90.02 
11.32 4.65 3.98 -0.56  0.65 -0.52 0.14  -0.71 0.82 10.12  92.09 91.90 90.04 
11.42 5.16 3.64 -0.90  0.76 -0.36 0.18  -0.67 0.94 10.43  92.01 91.81 90.03 
11.52 4.37 3.92 -0.98  0.68 -0.69 0.26  -0.71 0.78 10.28  92.01 91.81 90.04 
11.63 5.02 3.92 -0.89  0.61 -0.81 0.39  -0.71 0.90 10.28  92.01 91.72 90.05 
11.73 4.65 3.54 -0.68  0.67 -0.87 0.15  -0.63 0.82 10.12  92.13 91.54 90.03 
11.83 5.02 3.70 -0.79  0.82 -0.56 0.25  -0.67 0.90 10.28  92.13 91.54 90.03 
11.93 4.58 3.70 -0.69  0.86 -0.31 0.18  -0.67 0.82 10.28  92.09 91.71 90.02 
12.03 4.87 4.20 -0.96  0.60 -0.64 0.22  -0.75 0.86 10.12  91.90 91.71 90.02 
12.14 4.65 3.98 -0.88  0.85 -0.63 0.25  -0.71 0.82 10.12  92.01 91.62 90.03 
12.24 5.04 3.49 -0.96  0.58 -0.61 0.13  -0.63 0.90 10.24  92.04 91.55 90.04 
12.34 4.84 3.73 -0.95  0.76 -0.33 0.01  -0.67 0.86 10.20  92.11 91.63 90.01 
12.44 4.60 3.71 -0.89  0.80 -0.69 0.13  -0.67 0.82 10.24  91.93 91.73 90.01 
12.54 4.57 3.47 -0.63  0.70 -0.67 0.23  -0.63 0.82 10.32  91.99 91.51 90.04 
12.65 4.86 4.18 -1.04  1.32 -0.80 0.24  -0.75 0.86 10.16  92.09 91.89 90.09 
12.75 4.10 4.52 -1.15  0.37 -0.30 0.12  -0.82 0.75 10.40  92.10 91.72 90.03 
12.85 4.58 3.92 -0.95  0.88 -1.03 0.32  -0.71 0.82 10.28  91.99 92.27 90.04 
12.95 4.57 4.12 -1.02  1.13 -1.05 0.18  -0.75 0.82 10.32  92.00 91.80 90.04 
13.05 5.02 3.70 -0.76  0.46 -0.79 0.10  -0.67 0.90 10.28  92.09 91.71 90.03 
13.15 4.80 3.92 -0.69  0.69 -0.38 0.24  -0.71 0.86 10.28  92.10 91.72 90.06 
13.26 4.38 3.93 -0.96  0.80 -0.85 0.17  -0.71 0.78 10.24  92.00 91.80 90.01 
13.36 4.58 3.48 -0.83  1.09 -0.45 0.27  -0.63 0.82 10.28  92.10 91.81 90.05 
13.46 4.80 4.13 -1.14  0.95 -0.65 0.31  -0.75 0.86 10.28  92.11 91.91 90.04 
13.56 4.58 3.70 -0.83  1.04 -0.39 0.18  -0.67 0.82 10.28  92.01 91.53 90.04 
13.66 4.38 3.50 -0.61  0.64 -0.64 0.36  -0.63 0.78 10.24  92.28 91.80 90.08 
13.77 5.02 4.35 -0.87  0.60 -0.52 0.18  -0.78 0.90 10.28  91.82 91.82 90.00 
13.87 4.57 3.90 -0.65  1.06 -0.27 0.25  -0.71 0.82 10.32  91.99 91.70 90.05 
13.97 4.64 4.40 -1.16  0.81 -0.52 0.24  -0.78 0.82 10.16  92.02 91.92 90.02 
14.08 4.58 3.92 -0.87  0.52 -0.26 0.36  -0.71 0.82 10.28  92.09 91.80 90.04 
14.18 4.60 3.71 -0.65  0.93 -0.69 0.28  -0.67 0.82 10.24  92.20 91.90 90.04 
14.28 4.60 3.93 -0.92  0.59 -0.29 0.10  -0.71 0.82 10.24  91.90 91.90 90.03 
14.38 4.84 3.51 -0.65  1.20 -1.05 0.28  -0.63 0.86 10.20  92.20 91.62 90.03 
14.49 4.80 3.27 -0.86  0.65 -0.51 0.28  -0.59 0.86 10.28  91.93 91.73 90.04 
14.59 4.58 4.13 -0.90  0.63 -0.67 0.32  -0.75 0.82 10.28  92.00 91.80 90.05 
14.69 4.35 4.34 -1.08  0.92 -0.40 0.35  -0.78 0.78 10.32  91.82 91.82 90.04 
14.79 5.04 4.58 -1.25  0.81 -0.71 0.14  -0.82 0.90 10.24  92.01 91.81 90.04 
14.90 4.60 4.37 -1.17  0.67 -0.63 0.01  -0.78 0.82 10.24  92.18 91.80 90.03 
15.00 4.60 3.71 -1.07  1.17 -0.55 0.02  -0.67 0.82 10.24  92.11 91.63 90.01 
15.10 4.82 3.93 -0.78  1.04 -0.59 0.19  -0.71 0.86 10.24  92.10 91.72 90.04 
15.20 4.57 3.90 -0.95  0.49 -0.27 0.18  -0.71 0.82 10.32  92.20 91.71 90.03 
15.30 4.53 4.09 -0.95  0.62 -0.52 0.21  -0.75 0.82 10.40  91.98 91.78 90.04 
15.40 4.60 3.93 -0.84  0.52 -0.45 0.31  -0.71 0.82 10.24  92.01 91.72 90.02 
15.51 4.78 4.12 -0.99  0.84 -0.50 0.26  -0.75 0.86 10.32  92.19 91.71 90.03 
15.61 4.60 4.15 -0.97  0.77 -0.37 0.21  -0.75 0.82 10.24  92.01 91.91 90.04 
15.71 4.86 3.74 -0.88  0.59 -0.50 0.11  -0.67 0.86 10.16  92.18 91.70 90.04 
15.81 4.57 4.12 -1.09  0.74 -0.49 0.29  -0.75 0.82 10.32  92.09 91.80 90.06 
15.92 4.80 3.70 -0.83  0.53 -0.54 0.31  -0.67 0.86 10.28  92.09 91.61 90.05 
16.02 4.82 3.50 -1.03  1.06 -0.49 0.15  -0.63 0.86 10.24  92.10 91.81 90.04 
16.12 5.04 4.15 -0.82  0.34 -0.33 0.13  -0.75 0.90 10.24  92.01 91.62 90.04 
16.22 4.40 3.95 -0.74  0.69 -0.60 0.14  -0.71 0.78 10.20  92.21 92.01 90.02 
16.32 4.57 4.33 -1.48  0.51 -0.18 0.31  -0.78 0.82 10.32  92.10 91.72 90.02 
16.42 4.57 3.90 -1.17  0.73 -0.81 0.25  -0.71 0.82 10.32  91.90 91.71 90.05 
16.52 4.60 3.93 -0.94  0.63 -0.57 0.32  -0.71 0.82 10.24  92.20 91.71 90.07 
16.62 5.04 4.37 -1.06  0.56 -0.56 0.15  -0.78 0.90 10.24  91.80 91.99 90.04 
16.73 4.60 4.15 -0.64  0.36 -0.54 0.32  -0.75 0.82 10.24  92.00 91.71 90.03 
16.83 4.62 3.95 -0.78  0.55 -0.47 0.10  -0.71 0.82 10.20  92.01 91.62 90.01 
16.93 4.82 3.93 -0.89  0.81 -0.57 0.25  -0.71 0.86 10.24  92.09 91.71 90.04 
17.03 4.57 3.90 -0.89  0.47 -0.38 0.21  -0.71 0.82 10.32  92.11 91.72 90.04 
17.13 5.27 4.60 -1.08  0.85 -0.46 0.16  -0.82 0.94 10.20  92.10 91.72 90.04 
17.23 4.80 4.13 -0.97  0.67 -0.43 0.14  -0.75 0.86 10.28  92.19 91.80 90.01 
17.33 4.37 3.92 -0.57  0.20 -0.88 0.22  -0.71 0.78 10.28  91.90 91.71 90.04 
17.43 4.80 3.70 -0.92  0.50 -0.51 0.24  -0.67 0.86 10.28  92.01 91.53 90.06 
17.53 4.80 3.70 -0.85  0.74 -0.52 0.21  -0.67 0.86 10.28  92.18 91.61 90.04 
17.63 4.55 3.89 -0.70  0.38 -0.62 0.07  -0.71 0.82 10.36  92.00 91.71 90.01 
17.73 4.78 3.90 -0.89  0.68 -0.50 0.28  -0.71 0.86 10.32  92.10 91.72 90.03 
17.83 4.58 3.92 -0.89  0.56 -0.88 0.34  -0.71 0.82 10.28  92.10 91.91 90.05 
17.93 4.58 3.92 -0.88  1.00 -0.45 0.12  -0.71 0.82 10.28  92.00 91.71 90.02 
18.03 4.58 4.35 -0.95  0.57 -0.74 0.25  -0.78 0.82 10.28  91.98 91.60 90.04 
18.14 4.40 3.29 -0.84  0.84 -0.50 0.14  -0.59 0.78 10.20  91.92 91.53 90.04 
18.24 4.76 4.10 -1.04  0.86 -0.32 0.26  -0.75 0.86 10.36  92.00 91.80 90.04 
18.34 5.06 3.94 -0.76  0.74 -0.86 0.17  -0.71 0.90 10.20  91.93 91.73 90.04 
18.44 4.82 4.37 -0.94  0.35 -0.45 0.18  -0.78 0.86 10.24  92.19 91.71 90.05 
18.54 4.60 4.15 -0.92  1.10 -0.88 0.27  -0.75 0.82 10.24  91.91 91.81 90.06 
18.64 4.80 4.13 -0.59  0.42 -0.72 0.02  -0.75 0.86 10.28  92.09 91.80 90.00 
18.74 4.86 3.52 -1.03  0.76 -0.75 0.24  -0.63 0.86 10.16  92.21 91.63 90.05 
18.84 4.62 3.95 -0.67  0.67 -0.25 0.03  -0.71 0.82 10.20  92.10 91.81 90.00 
18.95 4.80 4.13 -0.81  1.24 -0.29 0.22  -0.75 0.86 10.28  92.09 91.89 90.05 
19.05 4.62 3.95 -1.05  0.43 -0.89 0.19  -0.71 0.82 10.20  92.01 91.81 90.04 
19.15 4.82 3.93 -0.82  0.49 -0.63 0.12  -0.71 0.86 10.24  91.93 91.54 90.04 
19.25 5.00 4.12 -0.88  0.76 -0.54 0.25  -0.75 0.90 10.32  92.17 91.70 90.02 
19.35 4.78 4.12 -1.16  0.64 -0.28 0.18  -0.75 0.86 10.32  92.09 91.80 90.04 
19.45 4.82 3.93 -1.09  0.42 -0.44 0.20  -0.71 0.86 10.24  92.09 91.61 90.04 
19.55 4.80 3.92 -0.98  0.63 -0.36 0.15  -0.71 0.86 10.28  92.20 91.62 90.03 
19.65 4.58 3.92 -0.87  0.57 -0.48 0.18  -0.71 0.82 10.28  92.09 91.90 90.02 
19.75 4.58 3.92 -0.80  0.47 -0.58 0.25  -0.71 0.82 10.28  91.98 91.70 90.05 
19.85 4.60 3.93 -0.75  0.50 -0.51 0.24  -0.71 0.82 10.24  92.32 92.02 90.05 
19.95 4.84 3.95 -1.04  0.68 -0.25 0.21  -0.71 0.86 10.20  92.11 91.72 90.04 
20.06 4.78 3.90 -0.88  0.61 -0.67 0.08  -0.71 0.86 10.32  92.09 91.70 90.04 
20.16 4.60 4.15 -0.84  0.64 -0.34 0.24  -0.75 0.82 10.24  91.98 91.60 90.02 
20.26 4.64 3.96 -0.81  0.80 -0.53 0.22  -0.71 0.82 10.16  91.91 91.43 90.03 
20.36 4.35 3.69 -0.93  0.70 -0.47 0.09  -0.67 0.78 10.32  92.19 91.61 90.05 
20.46 4.58 3.92 -1.25  0.65 -0.39 0.12  -0.71 0.82 10.28  92.09 91.80 90.03 
20.56 4.33 3.67 -0.94  0.71 -0.46 0.25  -0.67 0.78 10.36  92.09 91.71 90.05 
20.66 4.64 3.74 -0.99  0.86 -0.70 0.33  -0.67 0.82 10.16  92.09 91.80 90.05 
20.76 4.82 4.37 -1.10  0.18 -0.54 0.11  -0.78 0.86 10.24  92.20 91.62 90.02 
20.87 4.58 3.92 -1.02  0.50 -0.41 0.31  -0.71 0.82 10.28  92.29 91.62 90.02 
20.97 4.40 4.39 -1.07  0.79 -0.42 0.18  -0.78 0.78 10.20  91.99 91.70 90.04 
21.07 5.23 3.70 -0.70  0.96 -0.50 0.36  -0.67 0.94 10.28  92.01 91.72 90.06 
21.17 4.82 4.15 -0.93  0.55 -0.60 0.16  -0.75 0.86 10.24  91.99 91.80 90.03 
21.27 5.02 3.70 -0.79  0.55 -0.53 0.16  -0.67 0.90 10.28  92.00 91.80 90.03 
21.37 4.58 4.13 -0.95  0.75 -0.59 0.08  -0.75 0.82 10.28  92.00 91.80 90.01 
21.47 4.60 3.71 -0.86  0.73 -0.59 0.29  -0.67 0.82 10.24  92.01 91.62 90.04 
21.57 4.82 4.15 -0.99  0.87 -0.40 0.26  -0.75 0.86 10.24  91.99 91.80 90.05 
21.67 4.82 4.58 -1.19  0.39 -0.56 0.28  -0.82 0.86 10.24  92.00 91.71 90.05 
21.77 4.42 4.18 -1.02  0.59 -0.39 0.29  -0.75 0.78 10.16  92.18 91.80 90.03 
21.87 4.18 3.95 -0.73  0.62 -0.60 0.29  -0.71 0.75 10.20  91.91 91.62 90.04 
21.98 4.38 4.15 -0.83  0.54 -0.68 0.19  -0.75 0.78 10.24  91.92 91.72 90.03 
22.08 4.80 3.70 -0.74  0.04 -0.72 0.30  -0.67 0.86 10.28  92.09 91.70 90.06 
22.18 4.60 4.15 -1.10  0.67 -0.53 0.15  -0.75 0.82 10.24  92.01 91.63 90.03 
22.28 4.38 4.15 -1.12  1.04 -0.47 0.18  -0.75 0.78 10.24  92.00 91.71 90.05 
22.38 4.60 3.71 -0.79  0.34 -0.71 0.19  -0.67 0.82 10.24  92.11 91.63 90.02 
22.48 4.82 3.93 -1.11  0.88 -0.74 0.15  -0.71 0.86 10.24  92.09 91.71 90.05 
22.58 4.37 4.14 -0.96  1.03 -0.70 0.22  -0.75 0.78 10.28  91.91 91.72 90.04 
22.68 4.62 3.95 -0.83  0.81 -0.42 0.11  -0.71 0.82 10.20  92.09 91.80 90.02 
22.79 5.04 4.15 -0.84  0.93 -0.69 0.15  -0.75 0.90 10.24  92.10 91.62 90.04 
22.89 4.82 3.71 -0.85  0.95 -0.66 0.05  -0.67 0.86 10.24  92.20 91.90 90.03 
22.99 5.02 4.13 -1.07  0.70 -0.22 0.25  -0.75 0.90 10.28  92.12 91.82 90.05 
23.09 4.80 3.70 -0.70  0.77 -0.48 0.23  -0.67 0.86 10.28  92.29 91.71 90.02 
23.19 4.62 3.95 -0.84  0.72 -0.68 0.11  -0.71 0.82 10.20  92.18 91.61 90.03 
23.29 4.80 3.92 -0.96  0.54 -0.39 0.24  -0.71 0.86 10.28  92.09 91.61 90.02 
23.39 4.62 4.38 -0.83  0.66 -0.47 0.27  -0.78 0.82 10.20  92.01 91.91 90.05 
23.49 5.02 4.13 -0.86  0.64 -0.67 0.10  -0.75 0.90 10.28  92.19 91.61 90.03 
23.59 5.25 4.58 -0.98  0.53 -0.53 0.24  -0.82 0.94 10.24  91.90 91.80 90.06 
23.69 5.06 4.16 -0.83  0.80 -0.81 0.16  -0.75 0.90 10.20  92.19 91.80 90.02 
23.79 4.60 3.50 -0.77  0.46 -0.43 0.14  -0.63 0.82 10.24  92.10 91.91 90.03 
23.89 5.02 4.35 -0.97  0.97 -0.41 0.09  -0.78 0.90 10.28  92.12 91.73 90.04 
24.00 5.06 3.94 -0.94  0.95 -0.32 0.16  -0.71 0.90 10.20  92.20 91.90 90.03 
24.10 4.82 4.15 -1.03  0.53 -0.80 0.26  -0.75 0.86 10.24  92.10 91.62 90.04 
24.20 3.95 4.15 -0.98  0.70 -0.66 0.06  -0.75 0.71 10.24  91.91 91.81 90.02 
24.30 4.58 4.35 -1.07  0.81 -0.46 0.19  -0.78 0.82 10.28  92.09 91.80 90.04 
24.40 4.38 3.72 -0.70  0.42 -0.53 0.23  -0.67 0.78 10.24  92.08 91.79 90.01 
24.50 4.84 3.95 -0.74  0.98 -0.42 0.29  -0.71 0.86 10.20  92.10 91.53 90.05 
24.60 5.02 4.13 -0.96  0.83 -0.49 0.20  -0.75 0.90 10.28  92.01 91.81 90.04 
24.71 5.02 3.92 -0.71  0.72 -0.55 0.25  -0.71 0.90 10.28  91.99 91.80 90.04 
24.81 4.35 4.55 -1.11  0.33 -0.38 0.20  -0.82 0.78 10.32  92.12 91.82 90.02 
24.91 4.37 3.92 -0.84  0.92 -0.53 0.23  -0.71 0.78 10.28  91.99 91.89 90.02 
25.01 4.82 4.15 -0.78  0.67 -0.60 0.24  -0.75 0.86 10.24  92.01 91.72 90.03 
25.11 4.84 3.95 -0.97  0.66 -0.80 0.04  -0.71 0.86 10.20  92.00 91.71 90.02 
25.21 4.80 3.70 -0.79  0.97 -0.29 0.23  -0.67 0.86 10.28  92.00 91.71 90.02 
25.31 4.82 3.71 -0.92  0.54 -0.97 0.29  -0.67 0.86 10.24  92.01 91.62 90.05 
25.41 4.82 3.71 -0.88  0.96 -0.41 0.27  -0.67 0.86 10.24  92.19 91.61 90.03 
25.51 4.58 3.92 -0.74  0.89 -0.52 0.29  -0.71 0.82 10.28  92.09 91.80 90.04 
25.61 4.84 4.38 -0.97  0.58 -0.41 0.31  -0.78 0.86 10.20  92.21 91.54 90.04 
25.72 5.09 3.76 -0.89  1.02 -0.65 0.05  -0.67 0.90 10.12  92.10 91.53 90.04 
25.82 4.78 4.12 -0.61  0.64 -0.58 0.23  -0.75 0.86 10.32  91.99 91.70 90.02 
25.92 4.58 3.70 -1.10  0.64 -0.34 0.11  -0.67 0.82 10.28  91.99 91.61 90.04 
26.02 4.13 3.91 -0.98  0.55 -0.73 0.35  -0.71 0.75 10.32  92.00 91.90 90.05 
26.12 4.80 4.13 -1.00  0.64 -0.41 0.07  -0.75 0.86 10.28  92.01 91.72 90.01 
26.22 5.25 4.15 -0.72  0.62 -0.28 0.09  -0.75 0.94 10.24  92.10 91.81 90.02 
26.32 4.58 3.92 -0.92  0.85 -0.33 0.27  -0.71 0.82 10.28  92.21 91.72 90.05 
26.42 5.00 3.47 -0.78  0.56 -0.43 0.32  -0.63 0.90 10.32  92.00 91.80 90.03 
26.52 4.38 4.37 -1.00  0.73 -0.46 0.16  -0.78 0.78 10.24  92.00 91.90 90.05 
26.63 4.64 3.96 -1.01  0.62 -0.62 0.10  -0.71 0.82 10.16  91.90 91.80 90.02 
26.73 5.06 4.16 -0.96  0.55 -0.42 0.25  -0.75 0.90 10.20  91.91 91.53 90.05 
26.83 5.04 4.15 -0.89  0.88 -0.51 0.18  -0.75 0.90 10.24  91.88 91.88 90.04 
26.93 4.40 4.17 -1.08  0.51 -0.59 0.18  -0.75 0.78 10.20  92.02 91.54 90.03 
27.03 4.58 3.92 -0.81  0.59 -0.61 0.24  -0.71 0.82 10.28  92.06 91.49 90.05 
27.13 4.60 3.93 -1.00  0.87 -0.42 0.17  -0.71 0.82 10.24  92.21 91.63 90.01 
27.23 5.04 4.37 -1.05  0.87 -0.30 0.29  -0.78 0.90 10.24  92.10 91.72 90.02 
27.34 4.37 3.92 -0.97  0.74 -0.39 0.18  -0.71 0.78 10.28  92.01 91.72 90.02 
27.44 4.76 4.32 -0.63  0.20 -0.51 0.24  -0.78 0.86 10.36  92.10 91.72 90.02 
27.54 4.78 4.33 -1.07  0.76 -0.38 0.24  -0.78 0.86 10.32  91.91 91.72 90.02 
27.64 4.60 3.93 -1.04  0.51 -0.93 0.11  -0.71 0.82 10.24  92.01 91.81 90.05 
27.74 4.76 4.10 -1.09  0.72 -0.36 0.18  -0.75 0.86 10.36  91.99 91.61 90.03 
27.84 4.84 4.16 -1.16  0.77 -0.36 0.20  -0.75 0.86 10.20  92.09 91.71 90.04 
27.94 4.37 4.35 -0.93  0.68 -0.44 0.14  -0.78 0.78 10.28  92.00 91.90 90.04 
28.04 4.84 3.95 -0.82  0.54 -0.64 0.29  -0.71 0.86 10.20  91.92 91.63 90.06 
28.15 4.58 3.48 -0.63  0.82 -0.36 0.15  -0.63 0.82 10.28  92.08 91.60 90.02 
28.25 5.07 4.18 -0.97  0.47 -0.51 0.12  -0.75 0.90 10.16  92.11 91.72 90.02 
28.35 5.04 3.93 -0.96  0.95 -0.25 0.23  -0.71 0.90 10.24  92.09 91.71 90.02 
28.45 4.80 4.35 -0.89  0.70 -0.31 0.18  -0.78 0.86 10.28  92.11 91.72 90.02 
28.55 5.02 4.35 -0.88  0.73 -0.39 0.30  -0.78 0.90 10.28  92.01 91.81 90.05 
28.65 4.80 3.70 -0.78  0.38 -0.34 0.09  -0.67 0.86 10.28  92.08 91.70 90.02 
28.75 5.04 4.15 -0.82  0.89 -0.51 0.09  -0.75 0.90 10.24  92.20 91.81 90.02 
28.85 4.82 3.71 -1.10  0.69 -0.54 0.18  -0.67 0.86 10.24  92.10 91.62 90.04 
28.95 4.64 4.40 -1.03  0.63 -0.55 0.15  -0.78 0.82 10.16  92.01 91.62 90.04 
29.05 4.86 4.18 -0.77  0.86 -0.44 0.27  -0.75 0.86 10.16  92.09 91.80 90.05 
29.15 4.84 4.16 -0.78  0.80 -0.55 0.14  -0.75 0.86 10.20  92.09 91.80 90.04 
29.25 4.60 3.93 -0.75  0.67 -0.75 0.18  -0.71 0.82 10.24  92.20 91.81 90.02 
29.36 4.57 3.90 -0.96  0.98 -0.52 0.14  -0.71 0.82 10.32  91.99 91.70 90.02 
29.46 4.84 4.16 -1.19  0.59 -0.35 0.23  -0.75 0.86 10.20  92.21 91.91 90.03 
29.56 4.80 3.70 -0.70  0.74 -0.60 0.18  -0.67 0.86 10.28  92.11 91.72 90.02 
29.66 5.25 3.93 -1.04  0.97 -0.38 0.14  -0.71 0.94 10.24  92.20 91.81 90.03 
29.76 5.04 3.49 -0.99  0.55 -0.97 0.24  -0.63 0.90 10.24  92.12 91.63 90.04 
29.86 4.84 3.73 -0.80  0.11 -0.39 0.12  -0.67 0.86 10.20  92.09 91.61 90.04 
29.96 4.60 3.93 -0.86  0.80 -0.62 0.20  -0.71 0.82 10.24  92.09 91.71 90.04 
30.07 4.60 3.71 -0.84  0.51 -0.39 0.32  -0.67 0.82 10.24  92.00 91.71 90.05 
30.17 5.04 4.37 -1.17  0.66 -0.11 0.09  -0.78 0.90 10.24  92.00 91.61 90.03 
30.27 5.04 3.93 -0.88  1.06 -0.18 0.11  -0.71 0.90 10.24  92.21 91.82 90.02 
30.37 4.82 3.50 -0.73  0.52 -0.76 0.25  -0.63 0.86 10.24  92.09 91.70 90.04 
30.47 4.37 3.70 -0.78  0.80 -0.81 0.25  -0.67 0.78 10.28  91.90 91.80 90.04 
30.57 4.78 3.47 -0.80  0.88 -0.39 0.15  -0.63 0.86 10.32  92.20 91.52 90.05 
30.67 5.00 3.90 -0.70  0.44 -0.53 0.28  -0.71 0.90 10.32  92.09 91.80 90.05 
30.77 4.84 3.73 -0.98  0.60 -0.49 0.25  -0.67 0.86 10.20  92.11 91.63 90.04 
30.87 4.64 3.74 -0.67  0.63 -0.29 0.25  -0.67 0.82 10.16  91.99 91.70 90.03 
30.97 4.84 3.95 -1.21  0.64 -0.46 0.06  -0.71 0.86 10.20  92.01 91.72 90.04 
31.07 4.75 3.66 -0.69  0.68 -0.51 0.23  -0.67 0.86 10.40  92.07 91.69 90.03 
31.17 4.58 3.48 -0.84  0.74 -0.45 0.28  -0.63 0.82 10.28  92.01 91.53 90.02 
