0:0:0 1.22 0 0.00000000 0.00000000 0.00 0.00 0.00 24.73 10.00 -41.12 -0.22 0.08 0.35 -0.35 0.08 10.87
 0:0:0 1.36 0 0.00000000 0.00000000 0.00 0.00 0.00 24.09 10.00 -41.53 -0.60 0.17 0.25 -1.88 -2.12 9.65
 0:0:0 1.46 0 0.00000000 0.00000000 0.00 0.00 0.00 24.18 10.09 -41.84 0.28 -0.34 0.08 -0.55 0.78 10.40
 0:0:0 1.56 0 0.00000000 0.00000000 0.00 0.00 0.00 23.27 9.27 -42.14 0.05 -0.01 -0.05 -1.06 0.35 10.08
 0:0:0 1.66 0 0.00000000 0.00000000 0.00 0.00 0.00 23.27 9.00 -41.94 0.00 -0.01 -0.02 -0.98 0.08 10.28
 0:0:0 1.76 0 0.00000000 0.00000000 0.00 0.00 0.00 23.27 9.00 -42.14 0.13 0.01 -0.08 -1.02 0.31 9.85
 0:0:0 1.86 0 0.00000000 0.00000000 0.00 0.00 0.00 23.45 8.45 -41.94 0.08 0.03 -0.06 -0.82 0.43 10.00
 0:0:20 1.97 0 0.00000000 0.00000000 0.00 0.00 0.00 23.27 8.45 -41.84 0.07 -0.04 -0.02 -1.02 0.39 10.16
 0:0:20 2.07 0 0.00000000 0.00000000 0.00 0.00 0.00 23.18 8.27 -42.04 -0.10 0.06 -0.07 -0.86 0.90 10.08
 0:0:20 2.17 0 0.00000000 0.00000000 0.00 0.00 0.00 23.55 8.73 -41.53 -0.01 0.01 -0.05 -1.26 0.51 10.08
 0:0:20 2.27 0 0.00000000 0.00000000 0.00 0.00 0.00 23.55 8.55 -41.84 0.05 -0.04 0.01 -1.06 0.24 10.08
 0:0:20 2.37 0 0.00000000 0.00000000 0.00 0.00 0.00 23.64 8.09 -41.84 0.09 -0.08 0.02 -1.22 0.67 10.32
 0:0:20 2.47 0 0.00000000 0.00000000 0.00 0.00 0.00 23.45 7.91 -41.84 -0.01 0.00 -0.03 -1.14 0.59 10.04
 0:0:20 2.57 0 0.00000000 0.00000000 0.00 0.00 0.00 23.55 8.00 -41.63 0.04 0.09 -0.11 -1.22 0.63 10.20
 0:0:20 2.67 0 0.00000000 0.00000000 0.00 0.00 0.00 24.00 8.09 -41.94 0.02 0.04 -0.04 -1.26 0.78 10.24
 0:0:20 2.77 0 0.00000000 0.00000000 0.00 0.00 0.00 24.09 8.27 -41.63 0.04 0.03 -0.01 -1.29 0.47 10.43
 0:0:21 2.87 0 0.00000000 0.00000000 0.00 0.00 0.00 23.91 8.00 -41.33 0.01 -0.06 0.00 -1.10 0.78 10.12
 0:0:21 2.97 0 0.00000000 0.00000000 0.00 0.00 0.00 23.82 8.18 -41.84 -0.00 0.03 -0.00 -1.22 0.35 10.32
 0:0:21 3.07 0 0.00000000 0.00000000 0.00 0.00 0.00 24.09 8.27 -41.53 0.00 -0.02 -0.01 -1.33 0.43 10.20
 0:0:21 3.17 0 0.00000000 0.00000000 0.00 0.00 0.00 24.00 7.91 -41.73 -0.03 0.01 0.02 -1.10 0.59 10.16
 0:0:21 3.27 0 0.00000000 0.00000000 0.00 0.00 0.00 23.91 8.00 -41.73 -0.01 -0.03 0.01 -1.22 0.39 10.16
 0:0:21 3.37 0 0.00000000 0.00000000 0.00 0.00 0.00 23.82 8.09 -41.53 0.02 -0.00 -0.01 -1.18 0.86 9.92
 0:0:21 3.48 0 0.00000000 0.00000000 0.00 0.00 0.00 24.09 8.00 -41.43 0.04 -0.01 0.01 -1.06 0.59 10.12
 0:0:21 3.58 0 0.00000000 0.00000000 0.00 0.00 0.00 24.09 8.09 -41.43 -0.02 -0.01 0.00 -1.29 0.63 10.00
 0:0:21 3.68 0 0.00000000 0.00000000 0.00 0.00 0.00 23.91 7.82 -41.53 -0.02 0.03 -0.03 -1.26 0.55 9.85
 0:0:21 3.78 0 0.00000000 0.00000000 0.00 0.00 0.00 24.00 8.09 -41.53 0.00 -0.03 0.01 -1.22 0.67 9.96
 