0 0 0 2.89 0.00000000 0.00000000 0.00 0.00 0.00 0.06 0.08 0.00 0.01 -0.00 0.01 90.91 91.17 90.06 
0 0 0 3.06 0.00000000 0.00000000 0.00 0.00 0.00 0.07 0.05 -0.00 0.01 -0.01 0.00 91.18 90.91 90.02 
0 0 0 3.16 0.00000000 0.00000000 0.00 0.00 0.00 0.07 0.08 -0.01 0.02 0.00 0.01 91.25 91.38 90.05 
0 0 0 3.26 0.00000000 0.00000000 0.00 0.00 0.00 0.05 0.08 0.10 0.03 -0.02 0.00 90.91 91.43 90.04 
0 0 0 3.36 0.00000000 0.00000000 0.00 0.00 0.00 0.06 0.06 0.04 0.02 -0.02 0.00 90.99 91.06 90.04 
0 0 0 3.46 0.00000000 0.00000000 0.00 0.00 0.00 0.07 0.07 0.00 0.00 -0.00 0.00 91.19 91.25 90.04 
0 0 0 3.56 0.00000000 0.00000000 0.00 0.00 0.00 0.06 0.06 0.05 0.01 -0.01 0.00 90.96 91.08 90.03 
0 0 0 3.66 0.00000000 0.00000000 0.00 0.00 0.00 0.07 0.07 -0.00 0.03 -0.02 0.01 91.11 91.11 90.05 
0 0 0 3.76 0.00000000 0.00000000 0.00 0.00 0.00 0.04 0.08 0.14 0.02 -0.02 0.00 90.74 91.40 90.04 
0 0 0 3.86 0.00000000 0.00000000 0.00 0.00 0.00 0.07 0.07 -0.00 0.02 -0.01 0.00 91.12 91.19 90.04 
0 0 0 3.97 0.00000000 0.00000000 0.00 0.00 0.00 0.07 0.07 -0.04 0.01 0.00 0.00 91.20 91.20 90.04 
0 0 0 4.07 0.00000000 0.00000000 0.00 0.00 0.00 0.04 0.05 0.08 0.01 -0.00 0.00 90.60 90.92 90.03 
0 0 0 4.17 0.00000000 0.00000000 0.00 0.00 0.00 0.06 0.08 0.00 0.02 -0.00 0.00 91.06 91.38 90.05 
0 0 0 4.27 0.00000000 0.00000000 0.00 0.00 0.00 0.07 0.07 0.01 0.02 -0.02 0.01 91.18 91.18 90.05 
0 0 0 4.37 0.00000000 0.00000000 0.00 0.00 0.00 0.07 0.06 0.01 0.02 -0.02 0.00 91.11 91.04 90.05 
0 0 0 4.47 0.00000000 0.00000000 0.00 0.00 0.00 0.09 0.08 -0.11 0.02 0.00 0.01 91.50 91.43 90.06 
0 0 0 4.57 0.00000000 0.00000000 0.00 0.00 0.00 0.07 0.08 -0.01 0.02 -0.01 0.00 91.11 91.44 90.04 
0 0 0 4.67 0.00000000 0.00000000 0.00 0.00 0.00 0.06 0.07 0.01 0.01 -0.01 0.01 91.04 91.17 90.05 
0 0 0 4.77 0.00000000 0.00000000 0.00 0.00 0.00 0.07 0.07 -0.04 0.02 -0.01 0.01 91.17 91.23 90.06 
0 0 0 4.87 0.00000000 0.00000000 0.00 0.00 0.00 0.07 0.06 -0.00 0.01 -0.01 0.00 91.21 91.00 90.03 
0 0 0 4.98 0.00000000 0.00000000 0.00 0.00 0.00 0.07 0.06 -0.03 0.02 -0.02 0.01 90.98 91.24 90.05 
0 0 0 5.08 0.00000000 0.00000000 0.00 0.00 0.00 0.04 0.05 0.08 0.02 -0.02 0.01 90.72 90.92 90.05 
0 0 0 5.18 0.00000000 0.00000000 0.00 0.00 0.00 0.06 0.09 0.01 0.02 -0.01 0.00 91.05 91.51 90.05 
0 0 0 5.28 0.00000000 0.00000000 0.00 0.00 0.00 0.06 0.07 0.03 0.02 -0.01 0.00 90.97 91.22 90.05 
0 0 0 5.38 0.00000000 0.00000000 0.00 0.00 0.00 0.07 0.08 -0.00 0.01 -0.01 0.00 91.18 91.37 90.05 
0 0 0 5.48 0.00000000 0.00000000 0.00 0.00 0.00 0.06 0.07 0.02 0.01 0.00 0.00 91.06 91.12 90.02 
0 0 0 5.59 0.00000000 0.00000000 0.00 0.00 0.00 0.06 0.08 0.00 0.02 -0.00 0.00 91.06 91.32 90.03 
0 0 0 5.69 0.00000000 0.00000000 0.00 0.00 0.00 0.06 0.08 -0.02 0.02 -0.02 0.01 91.10 91.35 90.05 
0 0 0 5.79 0.00000000 0.00000000 0.00 0.00 0.00 0.05 0.06 0.03 0.02 -0.02 0.00 90.91 91.04 90.04 
0 0 0 5.89 0.00000000 0.00000000 0.00 0.00 0.00 0.06 0.09 0.00 0.01 0.01 0.00 91.06 91.51 90.04 
0 0 0 5.99 0.00000000 0.00000000 0.00 0.00 0.00 0.08 0.05 -0.05 0.02 -0.02 0.01 91.28 91.40 90.07 
0 0 0 6.09 0.00000000 0.00000000 0.00 0.00 0.00 0.06 0.07 0.01 0.02 -0.01 0.00 91.05 91.12 90.03 
0 0 0 6.20 0.00000000 0.00000000 0.00 0.00 0.00 0.06 0.08 0.06 0.01 0.00 0.00 90.98 91.30 90.04 
0 0 0 6.30 0.00000000 0.00000000 0.00 0.00 0.00 0.05 0.07 0.04 0.01 -0.01 0.01 90.85 91.23 90.05 
0 0 0 6.40 0.00000000 0.00000000 0.00 0.00 0.00 0.02 0.04 0.11 0.01 -0.02 0.01 90.42 90.71 90.06 
0 0 0 6.50 0.00000000 0.00000000 0.00 0.00 0.00 0.06 0.07 -0.02 0.01 -0.00 0.00 91.02 91.27 90.02 
0 0 0 6.60 0.00000000 0.00000000 0.00 0.00 0.00 0.00 0.09 0.28 0.02 0.02 0.00 90.07 91.45 90.03 
0 0 0 6.70 0.00000000 0.00000000 0.00 0.00 0.00 0.06 0.07 -0.01 0.02 -0.01 0.00 91.09 91.22 90.03 
0 0 0 6.80 0.00000000 0.00000000 0.00 0.00 0.00 0.07 0.06 -0.05 0.01 -0.01 0.00 91.23 91.03 90.05 
0 0 0 6.90 0.00000000 0.00000000 0.00 0.00 0.00 0.07 0.08 -0.01 0.01 0.00 0.00 91.16 91.41 90.03 
0 0 0 7.00 0.00000000 0.00000000 0.00 0.00 0.00 0.02 0.10 0.21 0.02 0.00 0.01 90.38 91.64 90.05 
0 0 0 7.10 0.00000000 0.00000000 0.00 0.00 0.00 0.06 0.08 0.01 0.01 -0.01 0.01 91.04 91.30 90.05 
0 0 0 7.20 0.00000000 0.00000000 0.00 0.00 0.00 0.07 0.08 -0.02 0.01 -0.00 0.00 91.12 91.32 90.03 
0 0 0 7.30 0.00000000 0.00000000 0.00 0.00 0.00 0.06 0.08 0.02 0.01 -0.01 0.01 91.04 91.37 90.08 
0 0 0 7.41 0.00000000 0.00000000 0.00 0.00 0.00 0.07 0.07 -0.02 0.02 -0.01 0.00 91.15 91.21 90.04 
0 0 0 7.51 0.00000000 0.00000000 0.00 0.00 0.00 0.07 0.07 -0.03 0.02 -0.01 0.00 91.23 91.22 90.02 
0 0 0 7.61 0.00000000 0.00000000 0.00 0.00 0.00 0.07 0.08 -0.03 0.01 -0.00 0.01 91.18 91.31 90.05 
0 0 0 7.71 0.00000000 0.00000000 0.00 0.00 0.00 0.07 0.06 -0.01 0.01 -0.02 0.00 90.92 91.31 90.05 
0 0 0 7.81 0.00000000 0.00000000 0.00 0.00 0.00 0.06 0.09 0.04 0.01 -0.01 0.00 91.07 91.53 90.05 
0 0 0 7.91 0.00000000 0.00000000 0.00 0.00 0.00 -0.00 0.03 0.26 0.03 0.03 -0.04 89.93 90.57 89.57 
0 0 0 8.01 0.00000000 0.00000000 0.00 0.00 0.00 0.22 0.14 -0.80 0.04 0.03 -0.01 93.73 92.38 89.92 
0 0 0 8.11 0.00000000 0.00000000 0.00 0.00 0.00 -0.03 -0.13 0.13 0.02 0.00 -0.01 89.57 87.73 89.92 
0 0 0 8.22 0.00000000 0.00000000 0.00 0.00 0.00 0.03 0.18 0.24 0.03 -0.02 -0.59 92.41 94.95 83.89 
0 0 0 8.32 0.00000000 0.00000000 0.00 0.00 0.00 0.05 0.30 -0.43 0.09 0.05 -0.36 90.83 95.15 86.44 
0 0 0 8.42 0.00000000 0.00000000 0.00 0.00 0.00 0.11 0.15 -0.25 0.10 0.10 -0.07 91.87 92.49 89.35 
0 0 0 8.52 0.00000000 0.00000000 0.00 0.00 0.00 0.19 0.28 -0.96 0.27 0.28 -0.10 88.69 90.00 89.33 
0 0 0 8.62 0.00000000 0.00000000 0.00 0.00 0.00 0.23 0.17 -0.58 0.27 0.29 -0.30 93.97 92.82 87.03 
0 0 0 8.73 0.00000000 0.00000000 0.00 0.00 0.00 0.09 0.17 0.04 0.10 -0.04 -0.32 90.63 94.28 86.68 
0 0 0 8.83 0.00000000 0.00000000 0.00 0.00 0.00 0.19 0.27 -0.51 0.09 -0.04 -0.22 93.23 94.62 87.79 
0 0 0 8.93 0.00000000 0.00000000 0.00 0.00 0.00 0.24 0.16 -0.45 0.12 0.08 -0.13 94.03 92.79 88.68 
0 0 0 9.03 0.00000000 0.00000000 0.00 0.00 0.00 0.26 0.14 -0.51 -0.18 -0.30 -0.16 95.90 94.59 88.48 
0 0 0 9.13 0.00000000 0.00000000 0.00 0.00 0.00 0.13 0.19 -0.28 0.01 0.19 -0.23 92.24 93.16 87.70 
0 0 0 9.23 0.00000000 0.00000000 0.00 0.00 0.00 0.23 0.17 -0.56 -0.05 -0.02 -0.11 93.91 92.84 88.91 
0 0 0 9.33 0.00000000 0.00000000 0.00 0.00 0.00 0.14 0.14 -0.34 0.08 -0.38 0.02 92.39 92.31 90.24 
0 0 0 9.43 0.00000000 0.00000000 0.00 0.00 0.00 2.62 -0.25 -1.34 0.30 -0.39 0.03 134.50 85.83 90.33 
0 0 0 9.53 0.00000000 0.00000000 0.00 0.00 0.00 0.09 0.18 -0.22 0.49 -0.49 -0.02 91.48 92.98 89.82 
0 0 0 9.64 0.00000000 0.00000000 0.00 0.00 0.00 0.24 0.10 -0.75 0.01 -0.37 0.04 94.13 91.69 90.36 
0 0 0 9.74 0.00000000 0.00000000 0.00 0.00 0.00 0.04 -0.10 0.21 -0.33 0.28 0.27 90.62 88.34 92.65 
0 0 0 9.84 0.00000000 0.00000000 0.00 0.00 0.00 0.10 0.21 -0.56 -0.24 -0.27 -0.22 91.73 93.64 87.80 
0 0 0 9.94 0.00000000 0.00000000 0.00 0.00 0.00 0.16 -0.03 -0.47 -0.35 0.27 -0.14 92.80 89.44 88.56 
0 0 0 10.04 0.00000000 0.00000000 0.00 0.00 0.00 0.16 -0.03 -0.53 -0.38 -0.12 -0.26 92.68 89.41 87.44 
0 0 0 10.14 0.00000000 0.00000000 0.00 0.00 0.00 0.07 0.09 -0.54 0.03 0.30 -0.21 91.16 91.60 87.93 
0 0 0 10.24 0.00000000 0.00000000 0.00 0.00 0.00 -0.00 0.13 0.20 0.14 0.17 -0.11 89.93 92.20 88.94 
0 0 0 10.34 0.00000000 0.00000000 0.00 0.00 0.00 -0.02 0.10 0.36 -0.04 -0.15 0.18 89.65 91.68 91.85 
0 0 0 10.44 0.00000000 0.00000000 0.00 0.00 0.00 0.00 0.13 0.25 -0.07 0.14 0.15 90.07 92.16 91.49 
0 0 0 10.54 0.00000000 0.00000000 0.00 0.00 0.00 0.00 0.11 0.18 -0.26 0.09 -0.01 90.07 91.90 89.92 
0 0 0 10.65 0.00000000 0.00000000 0.00 0.00 0.00 -0.06 0.09 0.34 -0.14 -0.03 -0.03 90.00 91.44 89.52 
0 0 0 10.75 0.00000000 0.00000000 0.00 0.00 0.00 -0.00 0.12 -0.06 -0.56 -0.03 0.06 89.65 92.04 90.79 
0 0 0 10.85 0.00000000 0.00000000 0.00 0.00 0.00 -0.11 0.13 -0.10 -1.11 -0.12 0.03 88.11 92.26 90.26 
0 0 0 10.95 0.00000000 0.00000000 0.00 0.00 0.00 -0.21 0.11 0.11 -0.91 -0.04 0.02 86.45 91.88 90.22 
0 0 0 11.05 0.00000000 0.00000000 0.00 0.00 0.00 -0.29 0.09 0.02 -0.53 -0.04 -0.02 85.04 91.60 89.75 
0 0 0 11.15 0.00000000 0.00000000 0.00 0.00 0.00 -0.33 0.11 0.06 -0.41 -0.03 -0.01 84.47 91.83 89.95 
0 0 0 11.26 0.00000000 0.00000000 0.00 0.00 0.00 -0.36 0.11 -0.00 -0.45 0.04 0.02 83.85 91.86 90.24 
0 0 0 11.36 0.00000000 0.00000000 0.00 0.00 0.00 -0.41 0.11 0.22 -0.46 0.02 0.00 83.29 92.21 89.93 
0 0 0 11.46 0.00000000 0.00000000 0.00 0.00 0.00 -0.44 0.11 -0.00 -0.39 -0.02 0.01 82.52 91.87 90.10 
0 0 0 11.56 0.00000000 0.00000000 0.00 0.00 0.00 -0.47 0.11 0.09 -0.24 -0.01 0.03 81.94 91.82 90.31 
0 0 0 11.66 0.00000000 0.00000000 0.00 0.00 0.00 -0.47 0.11 -0.06 -0.00 -0.05 -0.03 81.95 91.88 89.74 
0 0 0 11.76 0.00000000 0.00000000 0.00 0.00 0.00 -0.48 0.13 -0.09 0.26 -0.01 -0.01 81.89 92.23 89.86 
0 0 0 11.86 0.00000000 0.00000000 0.00 0.00 0.00 -0.43 0.09 -0.16 0.73 0.03 -0.01 82.71 91.50 89.88 
0 0 0 12.00 0.00000000 0.00000000 0.00 0.00 0.00 -0.29 0.11 -0.43 1.25 0.00 -0.02 85.12 91.92 89.79 
0 0 0 12.13 0.00000000 0.00000000 0.00 0.00 0.00 -0.13 0.10 -0.38 1.40 0.13 -0.02 87.81 91.73 89.75 
0 0 0 12.27 0.00000000 0.00000000 0.00 0.00 0.00 0.03 0.12 -0.27 1.23 0.11 0.04 90.51 92.05 90.41 
0 0 0 12.40 0.00000000 0.00000000 0.00 0.00 0.00 0.23 0.10 -0.33 1.13 -0.07 0.11 93.84 91.68 91.10 
0 0 0 12.50 0.00000000 0.00000000 0.00 0.00 0.00 0.34 0.14 -0.24 0.69 -0.08 0.06 95.77 92.34 90.60 
0 0 0 12.61 0.00000000 0.00000000 0.00 0.00 0.00 0.34 0.16 0.05 0.09 -0.08 0.04 95.49 92.31 90.28 
0 0 0 12.71 0.00000000 0.00000000 0.00 0.00 0.00 0.32 0.06 0.08 -0.36 -0.16 -0.00 95.51 91.10 89.98 
0 0 0 12.81 0.00000000 0.00000000 0.00 0.00 0.00 0.22 0.05 0.30 -0.53 -0.95 0.20 93.68 90.87 92.04 
0 0 0 12.91 0.00000000 0.00000000 0.00 0.00 0.00 0.21 -0.08 0.11 -0.44 -1.38 0.44 93.10 88.72 94.44 
0 0 0 13.01 0.00000000 0.00000000 0.00 0.00 0.00 0.19 -0.21 -0.08 -0.22 -0.90 0.29 93.15 86.37 92.86 
0 0 0 13.12 0.00000000 0.00000000 0.00 0.00 0.00 0.15 -0.29 -0.04 -0.04 -0.66 0.23 93.07 85.01 92.25 
0 0 0 13.22 0.00000000 0.00000000 0.00 0.00 0.00 0.15 -0.35 -0.02 0.00 -0.38 0.17 92.55 83.98 91.74 
0 0 0 13.32 0.00000000 0.00000000 0.00 0.00 0.00 0.12 -0.43 0.06 -0.09 0.59 -0.10 92.04 82.61 88.99 
0 0 0 13.42 0.00000000 0.00000000 0.00 0.00 0.00 0.16 -0.11 -2.11 -0.10 1.96 -0.51 92.73 88.08 84.91 
0 0 0 13.52 0.00000000 0.00000000 0.00 0.00 0.00 0.12 0.04 0.02 -0.25 1.57 -0.30 92.00 90.75 86.99 
0 0 0 13.62 0.00000000 0.00000000 0.00 0.00 0.00 0.11 0.15 -0.01 -0.28 1.19 -0.20 91.79 92.60 88.05 
0 0 0 13.72 0.00000000 0.00000000 0.00 0.00 0.00 0.08 0.24 -0.06 -0.26 0.92 -0.13 91.35 94.10 88.72 
0 0 0 13.82 0.00000000 0.00000000 0.00 0.00 0.00 0.05 0.32 -0.01 -0.23 0.85 -0.13 90.86 95.50 88.73 
0 0 0 13.93 0.00000000 0.00000000 0.00 0.00 0.00 0.01 0.40 0.04 -0.15 0.38 -0.10 90.13 96.83 88.98 
0 0 0 14.03 0.00000000 0.00000000 0.00 0.00 0.00 0.02 0.42 -0.09 -0.04 -0.01 -0.05 90.34 97.19 89.50 
0 0 0 14.13 0.00000000 0.00000000 0.00 0.00 0.00 -0.00 0.36 0.00 -0.04 -0.93 0.12 89.94 96.07 91.19 
0 0 0 14.23 0.00000000 0.00000000 0.00 0.00 0.00 0.01 0.21 -0.12 -0.01 -1.91 0.21 90.49 93.82 92.06 
0 0 0 14.33 0.00000000 0.00000000 0.00 0.00 0.00 -0.01 0.00 -0.05 -0.08 -1.62 0.26 89.80 90.00 92.64 
0 0 0 14.43 0.00000000 0.00000000 0.00 0.00 0.00 -0.02 -0.15 0.01 0.14 -0.12 -0.04 89.72 87.46 89.60 
0 0 0 14.53 0.00000000 0.00000000 0.00 0.00 0.00 0.07 0.01 -0.55 0.25 0.90 -0.31 91.24 90.13 86.91 
0 0 0 14.63 0.00000000 0.00000000 0.00 0.00 0.00 0.13 0.27 -1.89 0.17 0.66 1.35 92.28 94.51 103.51 
0 0 0 14.73 0.00000000 0.00000000 0.00 0.00 0.00 0.02 0.17 0.74 -0.23 0.43 2.19 90.27 92.97 111.91 
0 0 0 14.83 0.00000000 0.00000000 0.00 0.00 0.00 -0.04 -0.01 0.70 -0.26 0.21 1.56 89.38 89.81 105.65 
0 0 0 14.93 0.00000000 0.00000000 0.00 0.00 0.00 -0.04 0.11 1.16 -0.07 0.23 0.27 89.24 91.82 92.74 
0 0 0 15.03 0.00000000 0.00000000 0.00 0.00 0.00 -0.05 0.10 1.00 0.20 0.03 -0.86 89.23 91.78 81.37 
0 0 0 15.14 0.00000000 0.00000000 0.00 0.00 0.00 0.04 0.18 0.73 0.34 -0.16 -1.86 90.76 93.08 71.44 
0 0 0 15.24 0.00000000 0.00000000 0.00 0.00 0.00 0.09 0.31 1.39 0.30 -0.11 -1.78 91.46 95.31 72.23 
0 0 0 15.34 0.00000000 0.00000000 0.00 0.00 0.00 0.10 0.19 -0.26 0.22 -0.12 -1.04 91.30 93.26 78.84 
0 0 0 15.44 0.00000000 0.00000000 0.00 0.00 0.00 0.07 0.19 -0.16 -0.06 -0.05 -0.06 91.23 93.23 89.35 
0 0 0 15.54 0.00000000 0.00000000 0.00 0.00 0.00 0.04 -0.09 0.01 -0.17 -0.00 0.42 90.60 88.39 94.15 
0 0 0 15.64 0.00000000 0.00000000 0.00 0.00 0.00 0.00 0.10 0.17 0.03 0.03 -0.16 90.13 91.38 88.69 
0 0 0 15.74 0.00000000 0.00000000 0.00 0.00 0.00 0.10 0.19 -0.28 0.12 -0.05 0.21 91.67 93.29 92.12 
0 0 0 15.85 0.00000000 0.00000000 0.00 0.00 0.00 0.08 0.26 0.24 -0.20 0.03 1.89 91.80 94.67 107.31 
0 0 0 15.95 0.00000000 0.00000000 0.00 0.00 0.00 -0.13 -0.05 0.64 -0.30 -0.22 1.61 87.82 89.07 106.10 
0 0 0 16.05 0.00000000 0.00000000 0.00 0.00 0.00 -0.08 -0.02 0.73 0.03 0.15 -0.66 88.66 89.70 83.37 
0 0 0 16.15 0.00000000 0.00000000 0.00 0.00 0.00 0.05 0.14 0.38 0.39 0.02 -2.16 90.87 92.30 68.43 
0 0 0 16.25 0.00000000 0.00000000 0.00 0.00 0.00 0.09 0.30 -0.07 0.45 0.13 -1.10 91.45 95.17 79.03 
0 0 0 16.35 0.00000000 0.00000000 0.00 0.00 0.00 0.13 0.14 -0.22 -0.04 -0.34 0.61 92.26 92.31 96.11 
0 0 0 16.45 0.00000000 0.00000000 0.00 0.00 0.00 0.02 -0.04 0.23 -0.20 -0.04 0.84 90.65 88.90 99.11 
0 0 0 16.55 0.00000000 0.00000000 0.00 0.00 0.00 -0.01 -0.03 0.36 -0.02 -0.05 -0.59 89.81 89.50 84.05 
0 0 0 16.65 0.00000000 0.00000000 0.00 0.00 0.00 0.15 0.21 -0.71 0.04 0.04 -0.64 92.50 93.61 83.58 
0 0 0 16.76 0.00000000 0.00000000 0.00 0.00 0.00 0.10 0.12 -0.15 0.01 0.05 0.12 91.65 92.11 91.20 
0 0 0 16.86 0.00000000 0.00000000 0.00 0.00 0.00 0.12 0.27 -0.64 0.02 0.05 1.64 91.98 94.51 106.38 
0 0 0 16.96 0.00000000 0.00000000 0.00 0.00 0.00 -0.07 -0.14 0.55 0.04 0.01 1.21 88.21 87.81 104.54 
0 0 0 17.06 0.00000000 0.00000000 0.00 0.00 0.00 0.07 0.08 0.66 0.05 0.34 -1.25 91.15 91.35 77.52 
0 0 0 17.16 0.00000000 0.00000000 0.00 0.00 0.00 0.12 0.27 -0.19 0.13 0.02 -1.76 91.96 94.52 72.45 
0 0 0 17.26 0.00000000 0.00000000 0.00 0.00 0.00 0.09 0.29 -0.05 0.00 -0.08 0.11 91.46 94.85 91.10 
0 0 0 17.36 0.00000000 0.00000000 0.00 0.00 0.00 -0.02 0.00 0.32 -0.31 -0.38 1.67 89.71 90.00 106.71 
0 0 0 17.46 0.00000000 0.00000000 0.00 0.00 0.00 -0.14 -0.14 0.55 -0.09 0.04 -0.13 87.61 87.69 88.71 
0 0 0 17.57 0.00000000 0.00000000 0.00 0.00 0.00 0.08 0.29 1.48 0.28 0.15 -1.23 89.54 94.83 76.34 
0 0 0 17.67 0.00000000 0.00000000 0.00 0.00 0.00 0.07 0.15 0.17 0.11 0.06 0.07 91.15 92.60 90.67 
0 0 0 17.77 0.00000000 0.00000000 0.00 0.00 0.00 0.04 0.04 0.22 0.12 -0.06 0.09 90.67 90.67 90.88 
0 0 0 17.87 0.00000000 0.00000000 0.00 0.00 0.00 0.10 0.10 0.16 -0.10 -0.06 0.03 91.69 91.62 90.30 
0 0 0 17.97 0.00000000 0.00000000 0.00 0.00 0.00 -0.01 0.12 0.43 -0.90 -0.17 -0.06 89.87 92.08 89.45 
0 0 0 18.07 0.00000000 0.00000000 0.00 0.00 0.00 -0.11 0.12 0.33 -0.67 -0.10 -0.10 88.10 92.08 89.04 
0 0 0 18.17 0.00000000 0.00000000 0.00 0.00 0.00 -0.13 0.11 0.30 -0.34 -0.08 0.01 87.73 91.79 90.06 
0 0 0 18.27 0.00000000 0.00000000 0.00 0.00 0.00 -0.14 0.11 0.14 -0.36 0.07 -0.01 87.57 91.83 89.93 
0 0 0 18.37 0.00000000 0.00000000 0.00 0.00 0.00 -0.13 0.12 -0.00 -0.07 0.06 -0.11 87.73 92.01 88.92 
0 0 0 18.47 0.00000000 0.00000000 0.00 0.00 0.00 -0.09 0.23 -0.59 0.30 -0.01 -0.40 88.42 93.90 85.99 
0 0 0 18.57 0.00000000 0.00000000 0.00 0.00 0.00 -0.14 0.14 -0.36 0.18 -0.09 -0.53 87.62 92.36 84.69 
0 0 0 18.67 0.00000000 0.00000000 0.00 0.00 0.00 -0.19 0.01 -0.17 -0.39 -0.01 -0.51 86.69 90.24 84.91 
0 0 0 18.77 0.00000000 0.00000000 0.00 0.00 0.00 -0.26 0.02 -0.62 -0.95 0.21 -0.30 85.65 90.32 87.04 
0 0 0 18.87 0.00000000 0.00000000 0.00 0.00 0.00 -0.39 0.03 -0.40 -1.52 0.19 -0.17 83.44 90.44 88.27 
0 0 0 18.97 0.00000000 0.00000000 0.00 0.00 0.00 -0.55 0.02 -0.55 -1.69 0.07 -0.11 80.60 90.33 88.89 
0 0 0 19.07 0.00000000 0.00000000 0.00 0.00 0.00 -0.67 0.09 -0.76 -1.59 0.01 0.06 78.63 91.49 90.63 
0 0 0 19.18 0.00000000 0.00000000 0.00 0.00 0.00 -0.81 0.09 -0.91 -1.40 -0.15 0.06 76.31 91.61 90.60 
0 0 0 19.28 0.00000000 0.00000000 0.00 0.00 0.00 -0.92 0.10 -0.72 -1.21 -0.20 0.01 74.38 91.72 90.05 
0 0 0 19.38 0.00000000 0.00000000 0.00 0.00 0.00 -1.07 0.09 -0.42 -0.85 -0.03 0.03 71.87 91.47 90.34 
0 0 0 19.48 0.00000000 0.00000000 0.00 0.00 0.00 -1.11 0.13 -1.07 -0.35 0.02 0.03 71.33 92.34 90.24 
0 0 0 19.58 0.00000000 0.00000000 0.00 0.00 0.00 -1.11 0.10 -0.70 0.26 -0.02 0.04 71.00 91.63 90.36 
0 0 0 19.68 0.00000000 0.00000000 0.00 0.00 0.00 -1.03 0.05 -0.57 1.48 -0.27 0.03 72.05 89.94 90.37 
0 0 0 19.78 0.00000000 0.00000000 0.00 0.00 0.00 -0.93 0.11 -0.75 2.54 -0.23 0.23 74.15 91.91 92.31 
0 0 0 19.88 0.00000000 0.00000000 0.00 0.00 0.00 -0.57 0.19 -1.37 2.74 0.25 0.04 80.38 93.15 90.42 
0 0 0 19.98 0.00000000 0.00000000 0.00 0.00 0.00 -0.31 0.11 -1.10 2.26 -0.01 0.14 84.74 91.94 91.39 
0 0 0 20.09 0.00000000 0.00000000 0.00 0.00 0.00 -0.12 0.13 -0.78 1.75 0.09 0.01 88.03 92.15 90.44 
0 0 0 20.19 0.00000000 0.00000000 0.00 0.00 0.00 0.02 0.17 -0.46 1.45 -0.02 -0.05 90.37 92.83 89.52 
0 0 0 20.29 0.00000000 0.00000000 0.00 0.00 0.00 0.16 0.08 -0.53 1.22 -0.05 0.11 92.76 91.44 91.09 
0 0 0 20.39 0.00000000 0.00000000 0.00 0.00 0.00 0.30 0.05 -0.33 1.17 -0.20 0.24 95.04 90.90 92.37 
0 0 0 20.49 0.00000000 0.00000000 0.00 0.00 0.00 0.38 0.04 -0.32 0.82 -0.08 0.10 96.52 90.76 91.02 
0 0 0 20.59 0.00000000 0.00000000 0.00 0.00 0.00 0.45 0.07 -0.23 0.41 -0.03 -0.01 97.25 91.02 89.84 
0 0 0 20.69 0.00000000 0.00000000 0.00 0.00 0.00 0.44 0.09 -0.09 0.22 -0.00 0.08 97.42 91.55 90.80 
0 0 0 20.79 0.00000000 0.00000000 0.00 0.00 0.00 0.46 0.11 -0.05 0.11 -0.04 0.05 97.79 91.89 90.50 
0 0 0 20.89 0.00000000 0.00000000 0.00 0.00 0.00 0.47 0.10 -0.04 0.11 -0.01 -0.01 98.02 91.69 89.88 
0 0 0 20.99 0.00000000 0.00000000 0.00 0.00 0.00 0.50 0.12 -0.15 0.00 0.03 -0.01 98.47 92.04 89.89 
0 0 0 21.09 0.00000000 0.00000000 0.00 0.00 0.00 0.52 0.09 -0.48 -0.46 -0.04 -0.09 97.48 91.79 89.21 
0 0 0 21.20 0.00000000 0.00000000 0.00 0.00 0.00 0.35 0.12 0.24 -0.25 -0.05 -0.06 96.06 91.62 89.21 
0 0 0 21.30 0.00000000 0.00000000 0.00 0.00 0.00 0.39 0.12 -0.19 -0.22 -0.05 0.03 96.70 91.97 90.27 
0 0 0 21.40 0.00000000 0.00000000 0.00 0.00 0.00 0.34 0.07 -0.04 -0.60 -0.07 0.04 95.83 91.21 90.38 
0 0 0 21.50 0.00000000 0.00000000 0.00 0.00 0.00 0.26 0.08 -0.05 -0.47 0.01 -0.03 94.40 91.38 89.65 
0 0 0 21.60 0.00000000 0.00000000 0.00 0.00 0.00 0.26 0.08 -0.16 -0.19 -0.05 0.01 94.35 91.43 90.09 
0 0 0 21.70 0.00000000 0.00000000 0.00 0.00 0.00 0.25 0.10 -0.29 -0.12 0.02 0.03 94.26 91.78 90.28 
0 0 0 21.80 0.00000000 0.00000000 0.00 0.00 0.00 0.24 0.10 -0.34 -0.28 0.05 0.04 94.08 91.72 90.38 
0 0 0 21.90 0.00000000 0.00000000 0.00 0.00 0.00 0.18 0.07 -0.29 -0.26 -0.03 0.07 93.08 91.15 90.70 
0 0 0 22.00 0.00000000 0.00000000 0.00 0.00 0.00 0.18 0.08 -0.37 -0.13 -0.01 0.03 93.03 91.41 90.33 
0 0 0 22.11 0.00000000 0.00000000 0.00 0.00 0.00 0.16 0.08 -0.36 -0.10 -0.03 0.05 92.79 91.22 90.49 
0 0 0 22.21 0.00000000 0.00000000 0.00 0.00 0.00 0.15 0.07 -0.34 -0.07 -0.05 0.03 92.82 91.11 90.36 
0 0 0 22.31 0.00000000 0.00000000 0.00 0.00 0.00 0.16 0.11 -0.48 0.07 0.06 -0.00 92.71 91.79 89.95 
0 0 0 22.41 0.00000000 0.00000000 0.00 0.00 0.00 0.14 0.09 -0.29 0.00 -0.00 0.03 92.46 91.45 90.32 
0 0 0 22.51 0.00000000 0.00000000 0.00 0.00 0.00 0.15 0.10 -0.60 -0.44 -0.04 0.06 92.97 91.78 90.52 
0 0 0 22.61 0.00000000 0.00000000 0.00 0.00 0.00 0.11 0.09 -0.53 -0.71 -0.10 0.08 91.80 91.45 90.81 
0 0 0 22.71 0.00000000 0.00000000 0.00 0.00 0.00 -0.01 0.03 -0.35 -0.56 -0.15 0.11 89.87 90.58 91.12 
0 0 0 22.81 0.00000000 0.00000000 0.00 0.00 0.00 -0.09 0.09 0.04 -0.11 -0.09 -0.10 88.39 91.48 89.03 
0 0 0 22.92 0.00000000 0.00000000 0.00 0.00 0.00 -0.02 0.10 -0.77 -0.02 0.02 0.13 89.67 91.71 91.27 
0 0 0 23.02 0.00000000 0.00000000 0.00 0.00 0.00 -0.05 0.04 -0.34 0.07 -0.00 0.02 89.19 90.75 90.16 
0 0 0 23.12 0.00000000 0.00000000 0.00 0.00 0.00 -0.02 0.06 -0.45 0.20 0.03 0.01 89.73 90.99 90.08 
0 0 0 23.22 0.00000000 0.00000000 0.00 0.00 0.00 0.03 0.06 -0.60 0.05 0.01 0.08 90.00 91.00 90.73 
0 0 0 23.32 0.00000000 0.00000000 0.00 0.00 0.00 0.01 0.06 -0.51 -0.15 0.01 0.05 90.13 91.03 90.52 
0 0 0 23.43 0.00000000 0.00000000 0.00 0.00 0.00 -0.02 0.04 -0.45 -0.08 -0.02 0.06 89.67 90.52 90.67 
0 0 0 23.53 0.00000000 0.00000000 0.00 0.00 0.00 -0.02 0.05 -0.45 0.19 -0.03 0.09 89.87 90.92 90.78 
0 0 0 23.63 0.00000000 0.00000000 0.00 0.00 0.00 -0.00 0.08 -0.40 0.15 0.02 0.10 89.93 91.30 90.97 
0 0 0 23.74 0.00000000 0.00000000 0.00 0.00 0.00 0.02 0.07 -0.47 -0.03 0.05 0.07 90.20 91.18 90.72 
0 0 0 23.84 0.00000000 0.00000000 0.00 0.00 0.00 -0.01 0.07 -0.35 -0.17 0.01 0.07 90.00 91.17 90.83 
0 0 0 23.94 0.00000000 0.00000000 0.00 0.00 0.00 -0.03 0.07 -0.27 -0.19 -0.02 0.05 89.48 91.18 90.54 
0 0 0 24.04 0.00000000 0.00000000 0.00 0.00 0.00 -0.04 0.08 -0.38 -0.05 -0.02 0.04 89.28 91.31 90.40 
0 0 0 24.14 0.00000000 0.00000000 0.00 0.00 0.00 -0.03 0.05 -0.38 0.18 -0.01 0.05 89.48 90.79 90.48 
0 0 0 24.24 0.00000000 0.00000000 0.00 0.00 0.00 -0.02 0.08 -0.32 0.13 -0.18 0.10 89.59 91.29 91.01 
0 0 0 24.34 0.00000000 0.00000000 0.00 0.00 0.00 -0.02 0.03 -0.21 -0.03 -0.20 0.19 89.61 90.52 91.89 
0 0 0 24.44 0.00000000 0.00000000 0.00 0.00 0.00 0.00 0.13 -0.56 -0.16 -0.02 0.07 90.06 92.16 90.71 
0 0 0 24.54 0.00000000 0.00000000 0.00 0.00 0.00 -0.05 0.00 -0.15 -0.18 -0.04 0.00 89.07 90.07 90.01 
0 0 0 24.64 0.00000000 0.00000000 0.00 0.00 0.00 -0.05 0.05 -0.29 -0.04 0.03 -0.08 89.17 90.83 89.22 
0 0 0 24.74 0.00000000 0.00000000 0.00 0.00 0.00 -0.05 0.02 -0.20 0.20 0.10 -0.04 89.11 90.41 89.62 
0 0 0 24.84 0.00000000 0.00000000 0.00 0.00 0.00 -0.04 0.03 -0.21 0.11 -0.15 -0.04 89.38 90.55 89.58 
0 0 0 24.94 0.00000000 0.00000000 0.00 0.00 0.00 -0.02 0.02 -0.21 0.08 -0.09 0.01 89.67 90.26 90.09 
0 0 0 25.05 0.00000000 0.00000000 0.00 0.00 0.00 -0.02 0.05 -0.18 -0.05 -0.07 0.06 89.67 90.92 90.47 
0 0 0 25.15 0.00000000 0.00000000 0.00 0.00 0.00 -0.01 0.01 -0.20 -0.07 -0.02 0.03 89.55 90.13 90.36 
0 0 0 25.26 0.00000000 0.00000000 0.00 0.00 0.00 -0.06 -0.00 -0.02 -0.05 -0.00 0.02 89.00 89.93 90.22 
0 0 0 25.36 0.00000000 0.00000000 0.00 0.00 0.00 -0.04 0.02 -0.08 -0.11 -0.00 0.02 89.60 90.20 90.15 
0 0 0 25.46 0.00000000 0.00000000 0.00 0.00 0.00 -0.08 0.04 0.03 -0.16 -0.09 -0.00 88.66 90.70 89.98 
0 0 0 25.56 0.00000000 0.00000000 0.00 0.00 0.00 -0.06 0.01 -0.13 0.06 0.02 -0.04 88.91 90.38 89.56 
0 0 0 25.67 0.00000000 0.00000000 0.00 0.00 0.00 -0.05 0.02 -0.15 0.08 -0.06 -0.03 89.23 90.83 89.66 
0 0 0 25.77 0.00000000 0.00000000 0.00 0.00 0.00 -0.06 0.02 -0.00 0.09 0.06 -0.05 88.82 90.33 89.49 
0 0 0 25.87 0.00000000 0.00000000 0.00 0.00 0.00 -0.04 0.01 -0.13 0.07 -0.04 0.02 89.34 90.20 90.22 
0 0 0 25.97 0.00000000 0.00000000 0.00 0.00 0.00 -0.03 0.03 -0.08 0.06 0.05 0.01 89.42 90.58 90.07 
0 0 0 26.07 0.00000000 0.00000000 0.00 0.00 0.00 -0.02 0.02 -0.16 0.04 -0.01 -0.02 89.67 90.40 89.78 
0 0 0 26.17 0.00000000 0.00000000 0.00 0.00 0.00 -0.02 0.04 -0.13 -0.00 -0.04 0.03 89.67 90.73 90.30 
0 0 0 26.27 0.00000000 0.00000000 0.00 0.00 0.00 0.01 0.11 -0.41 0.07 0.00 0.01 90.19 91.85 90.07 
0 0 0 26.37 0.00000000 0.00000000 0.00 0.00 0.00 -0.03 0.04 -0.02 0.08 0.09 0.01 89.49 90.63 90.14 
0 0 0 26.47 0.00000000 0.00000000 0.00 0.00 0.00 -0.02 0.04 -0.08 0.03 0.01 0.06 89.60 90.74 90.55 
0 0 0 26.58 0.00000000 0.00000000 0.00 0.00 0.00 -0.02 0.06 -0.11 -0.07 -0.07 0.09 89.87 90.95 90.80 
0 0 0 26.68 0.00000000 0.00000000 0.00 0.00 0.00 -0.04 0.02 0.02 -0.03 0.07 0.06 89.55 90.45 90.63 
0 0 0 26.79 0.00000000 0.00000000 0.00 0.00 0.00 -0.03 0.03 -0.10 -0.03 -0.02 0.05 89.47 90.45 90.55 
0 0 0 26.89 0.00000000 0.00000000 0.00 0.00 0.00 -0.05 0.05 0.02 -0.07 -0.05 0.14 89.61 90.26 91.24 
0 0 0 26.99 0.00000000 0.00000000 0.00 0.00 0.00 -0.04 0.01 -0.08 0.04 0.04 0.12 89.33 90.20 91.22 
0 0 0 27.09 0.00000000 0.00000000 0.00 0.00 0.00 -0.04 0.08 -0.01 0.12 0.08 0.01 89.36 91.35 90.12 
0 0 0 27.19 0.00000000 0.00000000 0.00 0.00 0.00 -0.01 0.04 -0.09 0.13 0.04 -0.01 89.80 90.72 89.92 
0 0 0 27.29 0.00000000 0.00000000 0.00 0.00 0.00 0.01 0.04 -0.15 0.06 -0.03 0.02 89.72 90.63 90.30 
0 0 0 27.39 0.00000000 0.00000000 0.00 0.00 0.00 -0.02 0.06 0.08 -0.03 -0.04 -0.02 89.68 91.03 89.78 
0 0 0 27.49 0.00000000 0.00000000 0.00 0.00 0.00 -0.02 0.02 0.09 -0.09 -0.05 -0.00 89.44 90.50 89.98 
0 0 0 27.59 0.00000000 0.00000000 0.00 0.00 0.00 -0.07 0.05 0.23 -0.06 -0.07 -0.00 88.88 90.91 89.98 
0 0 0 27.69 0.00000000 0.00000000 0.00 0.00 0.00 -0.05 0.07 0.08 -0.02 0.01 0.01 89.21 91.25 90.11 
0 0 0 27.79 0.00000000 0.00000000 0.00 0.00 0.00 -0.04 0.02 0.01 0.06 -0.03 0.00 89.47 90.27 90.15 
0 0 0 27.90 0.00000000 0.00000000 0.00 0.00 0.00 -0.08 0.03 0.30 0.09 0.02 -0.05 89.60 90.26 89.45 
0 0 0 28.00 0.00000000 0.00000000 0.00 0.00 0.00 -0.04 0.03 0.11 0.13 0.05 -0.11 89.34 90.46 88.92 
0 0 0 28.10 0.00000000 0.00000000 0.00 0.00 0.00 -0.03 0.11 0.17 0.05 0.15 -0.11 89.80 92.02 88.80 
0 0 0 28.21 0.00000000 0.00000000 0.00 0.00 0.00 -0.00 0.10 0.00 -0.39 0.15 0.11 90.14 92.04 90.93 
0 0 0 28.31 0.00000000 0.00000000 0.00 0.00 0.00 -0.13 0.04 0.26 -0.64 -0.18 0.03 88.68 90.99 90.34 
0 0 0 28.42 0.00000000 0.00000000 0.00 0.00 0.00 -0.20 0.13 0.42 -0.34 0.23 -0.08 87.09 91.54 89.14 
0 0 0 28.52 0.00000000 0.00000000 0.00 0.00 0.00 -0.17 0.05 0.13 0.06 0.10 -0.03 86.99 90.33 90.04 
0 0 0 28.65 0.00000000 0.00000000 0.00 0.00 0.00 -0.14 0.07 0.02 0.15 -0.15 -0.11 87.58 91.24 88.93 
0 0 0 28.79 0.00000000 0.00000000 0.00 0.00 0.00 -0.10 0.05 -0.09 0.86 -0.01 -0.07 88.36 90.88 89.30 
0 0 0 28.92 0.00000000 0.00000000 0.00 0.00 0.00 0.06 0.06 -0.37 1.09 0.04 -0.04 91.10 90.98 89.56 
0 0 0 29.06 0.00000000 0.00000000 0.00 0.00 0.00 0.16 0.11 -0.22 0.78 0.01 -0.05 92.64 91.87 89.53 
0 0 0 29.16 0.00000000 0.00000000 0.00 0.00 0.00 0.23 0.09 -0.17 0.56 0.01 0.06 93.99 91.53 90.57 
0 0 0 29.26 0.00000000 0.00000000 0.00 0.00 0.00 0.30 0.01 -0.23 0.57 -0.02 0.10 95.21 90.21 91.19 
0 0 0 29.37 0.00000000 0.00000000 0.00 0.00 0.00 0.38 0.10 -0.32 0.10 -0.02 0.05 96.38 91.64 90.43 
0 0 0 29.47 0.00000000 0.00000000 0.00 0.00 0.00 0.35 0.10 -0.40 -0.39 -0.19 -0.10 96.01 91.70 89.00 
0 0 0 29.57 0.00000000 0.00000000 0.00 0.00 0.00 0.25 0.00 0.04 -0.52 -0.12 -0.21 94.27 90.07 87.87 
0 0 0 29.67 0.00000000 0.00000000 0.00 0.00 0.00 0.19 0.05 -0.17 -1.02 0.20 -0.22 93.30 90.84 87.75 
0 0 0 29.77 0.00000000 0.00000000 0.00 0.00 0.00 -0.03 0.09 0.57 -1.76 0.16 -0.01 89.43 91.46 89.92 
0 0 0 29.87 0.00000000 0.00000000 0.00 0.00 0.00 -0.15 0.06 -0.23 -2.06 -0.13 0.13 87.51 90.97 91.26 
0 0 0 29.97 0.00000000 0.00000000 0.00 0.00 0.00 -0.35 0.09 0.16 -2.01 0.04 -0.03 84.11 91.52 89.65 
0 0 0 30.07 0.00000000 0.00000000 0.00 0.00 0.00 -0.54 0.10 -0.33 -1.86 -0.03 -0.05 80.84 91.75 89.51 
0 0 0 30.17 0.00000000 0.00000000 0.00 0.00 0.00 -0.72 0.08 -0.53 -1.56 0.00 -0.02 77.74 91.41 89.79 
0 0 0 30.27 0.00000000 0.00000000 0.00 0.00 0.00 -0.87 0.09 0.01 -1.24 0.02 -0.01 75.56 91.89 89.89 
0 0 0 30.38 0.00000000 0.00000000 0.00 0.00 0.00 -0.99 0.09 -0.08 -0.89 -0.02 0.01 73.54 91.86 90.12 
0 0 0 30.48 0.00000000 0.00000000 0.00 0.00 0.00 -1.03 0.10 -0.07 -0.60 0.07 -0.03 72.43 91.63 89.70 
0 0 0 30.58 0.00000000 0.00000000 0.00 0.00 0.00 -1.11 0.08 0.03 -0.50 -0.07 -0.06 71.12 91.34 89.40 
0 0 0 30.68 0.00000000 0.00000000 0.00 0.00 0.00 -1.12 0.09 -0.24 -0.30 -0.00 -0.03 71.03 91.56 89.69 
0 0 0 30.78 0.00000000 0.00000000 0.00 0.00 0.00 -1.12 0.08 -0.37 0.15 0.03 0.01 70.93 91.40 90.07 
0 0 0 30.88 0.00000000 0.00000000 0.00 0.00 0.00 -1.06 0.06 -0.42 0.91 0.02 0.07 72.04 90.97 90.67 
0 0 0 30.98 0.00000000 0.00000000 0.00 0.00 0.00 -0.89 0.10 -1.11 1.55 -0.00 0.09 74.86 91.78 90.94 
0 0 0 31.08 0.00000000 0.00000000 0.00 0.00 0.00 -0.76 0.05 -0.32 2.11 0.00 0.11 77.16 90.79 91.09 
0 0 0 31.18 0.00000000 0.00000000 0.00 0.00 0.00 -0.63 0.15 -0.95 2.37 0.05 0.16 79.23 92.55 91.63 
0 0 0 31.28 0.00000000 0.00000000 0.00 0.00 0.00 -0.30 0.12 -0.85 2.05 -0.10 0.15 85.50 92.67 91.39 
0 0 0 31.38 0.00000000 0.00000000 0.00 0.00 0.00 -0.12 0.08 -1.10 1.74 0.05 0.09 87.27 91.45 91.09 
0 0 0 31.48 0.00000000 0.00000000 0.00 0.00 0.00 0.00 0.09 -0.42 1.30 -0.04 0.13 90.07 91.57 91.27 
0 0 0 31.59 0.00000000 0.00000000 0.00 0.00 0.00 0.09 0.10 0.11 1.05 -0.03 0.06 92.62 91.47 90.77 
0 0 0 31.69 0.00000000 0.00000000 0.00 0.00 0.00 0.24 0.08 -0.41 0.91 0.15 -0.05 94.05 91.40 89.51 
0 0 0 31.79 0.00000000 0.00000000 0.00 0.00 0.00 0.31 0.10 -0.08 1.16 -0.02 0.06 95.05 92.20 90.42 
0 0 0 31.89 0.00000000 0.00000000 0.00 0.00 0.00 0.44 0.15 -0.29 1.04 -0.04 0.07 97.48 92.56 90.71 
0 0 0 32.00 0.00000000 0.00000000 0.00 0.00 0.00 0.56 0.11 -0.11 0.85 -0.07 0.03 99.46 91.93 90.27 
0 0 0 32.10 0.00000000 0.00000000 0.00 0.00 0.00 0.18 0.17 1.18 0.07 -0.04 0.03 93.10 92.96 90.32 
0 0 0 32.20 0.00000000 0.00000000 0.00 0.00 0.00 0.23 0.07 0.95 -0.53 -0.04 0.05 97.09 92.22 90.57 
0 0 0 32.30 0.00000000 0.00000000 0.00 0.00 0.00 0.34 0.13 0.83 -1.25 0.02 -0.07 95.75 92.28 89.33 
0 0 0 32.40 0.00000000 0.00000000 0.00 0.00 0.00 0.21 0.07 0.37 -2.09 -0.12 -0.00 93.64 91.18 89.96 
0 0 0 32.50 0.00000000 0.00000000 0.00 0.00 0.00 0.05 0.11 0.61 -2.33 -0.11 -0.09 90.90 91.94 89.11 
0 0 0 32.60 0.00000000 0.00000000 0.00 0.00 0.00 -0.21 0.09 0.05 -2.28 -0.06 -0.07 86.50 91.53 89.25 
0 0 0 32.70 0.00000000 0.00000000 0.00 0.00 0.00 -0.41 0.09 -0.70 -2.04 -0.19 -0.04 83.11 91.51 89.64 
0 0 0 32.80 0.00000000 0.00000000 0.00 0.00 0.00 -0.60 0.05 -0.08 -1.76 -0.08 -0.05 79.87 90.81 89.53 
0 0 0 32.90 0.00000000 0.00000000 0.00 0.00 0.00 -0.69 0.06 -0.82 -1.43 -0.05 -0.04 78.23 91.02 89.60 
0 0 0 33.00 0.00000000 0.00000000 0.00 0.00 0.00 -0.93 0.06 0.41 -1.13 -0.01 -0.04 74.17 91.03 89.62 
0 0 0 33.10 0.00000000 0.00000000 0.00 0.00 0.00 -0.95 0.06 -0.54 -0.83 -0.04 -0.03 73.91 91.07 89.70 
0 0 0 33.20 0.00000000 0.00000000 0.00 0.00 0.00 -1.02 0.06 -0.16 -0.44 0.03 0.04 72.63 91.10 90.37 
0 0 0 33.30 0.00000000 0.00000000 0.00 0.00 0.00 -1.02 0.07 -0.63 -0.08 0.09 0.02 72.63 91.19 90.18 
0 0 0 33.40 0.00000000 0.00000000 0.00 0.00 0.00 -1.01 0.07 -0.75 0.33 0.04 0.01 72.87 91.26 90.07 
0 0 0 33.50 0.00000000 0.00000000 0.00 0.00 0.00 -0.99 0.09 -0.55 0.72 0.08 0.02 73.11 91.52 90.19 
0 0 0 33.61 0.00000000 0.00000000 0.00 0.00 0.00 -0.90 0.09 -0.51 0.97 0.08 0.06 74.65 91.51 90.63 
0 0 0 33.71 0.00000000 0.00000000 0.00 0.00 0.00 -0.85 0.07 -0.37 1.15 0.06 0.02 75.96 91.61 90.29 
0 0 0 33.81 0.00000000 0.00000000 0.00 0.00 0.00 -0.68 0.11 -0.55 1.30 -0.02 0.02 78.49 91.86 90.20 
0 0 0 33.91 0.00000000 0.00000000 0.00 0.00 0.00 -0.55 0.10 -0.82 1.58 -0.02 0.03 80.57 91.66 90.30 
0 0 0 34.01 0.00000000 0.00000000 0.00 0.00 0.00 -0.43 0.11 -0.47 1.81 -0.05 0.05 82.77 91.87 90.45 
0 0 0 34.11 0.00000000 0.00000000 0.00 0.00 0.00 -0.20 0.05 -0.62 1.85 -0.10 0.05 86.62 90.77 90.49 
0 0 0 34.21 0.00000000 0.00000000 0.00 0.00 0.00 0.00 0.08 -0.63 1.71 0.00 0.02 90.00 91.29 90.24 
0 0 0 34.31 0.00000000 0.00000000 0.00 0.00 0.00 0.20 0.12 -1.04 1.31 -0.02 0.02 93.48 92.04 90.18 
0 0 0 34.41 0.00000000 0.00000000 0.00 0.00 0.00 0.27 0.08 -0.59 0.87 -0.11 0.15 94.52 91.40 91.53 
0 0 0 34.51 0.00000000 0.00000000 0.00 0.00 0.00 0.33 0.06 -0.33 0.62 -0.13 0.14 95.57 91.04 91.36 
0 0 0 34.61 0.00000000 0.00000000 0.00 0.00 0.00 0.36 0.05 -0.24 0.48 -0.07 0.05 96.07 90.81 90.53 
0 0 0 34.71 0.00000000 0.00000000 0.00 0.00 0.00 0.36 0.04 0.03 0.40 0.09 -0.04 96.20 90.65 89.58 
0 0 0 34.81 0.00000000 0.00000000 0.00 0.00 0.00 0.42 0.07 -0.11 0.48 0.08 -0.06 97.11 91.19 89.43 
0 0 0 34.91 0.00000000 0.00000000 0.00 0.00 0.00 0.47 0.09 -0.12 0.20 0.05 -0.02 98.03 91.49 89.85 
0 0 0 35.02 0.00000000 0.00000000 0.00 0.00 0.00 0.49 0.06 -0.19 -0.39 -0.03 0.02 98.36 90.94 90.23 
0 0 0 35.12 0.00000000 0.00000000 0.00 0.00 0.00 0.33 0.06 0.21 -0.73 0.03 -0.07 95.67 91.00 89.26 
0 0 0 35.22 0.00000000 0.00000000 0.00 0.00 0.00 0.29 0.09 0.24 -0.78 -0.05 0.08 94.87 91.51 90.76 
0 0 0 35.32 0.00000000 0.00000000 0.00 0.00 0.00 0.22 0.06 -0.11 -0.99 -0.02 0.08 93.79 90.94 90.81 
0 0 0 35.42 0.00000000 0.00000000 0.00 0.00 0.00 0.11 0.12 -0.48 -1.20 -0.01 -0.03 91.79 92.05 89.72 
0 0 0 35.52 0.00000000 0.00000000 0.00 0.00 0.00 -0.07 0.09 0.16 -1.25 -0.03 -0.02 88.82 91.60 89.84 
0 0 0 35.62 0.00000000 0.00000000 0.00 0.00 0.00 -0.18 0.08 -0.33 -1.16 -0.01 -0.05 86.98 91.33 89.53 
0 0 0 35.72 0.00000000 0.00000000 0.00 0.00 0.00 -0.26 0.08 -0.28 -1.19 -0.08 -0.03 85.52 91.36 89.73 
0 0 0 35.82 0.00000000 0.00000000 0.00 0.00 0.00 -0.41 0.05 -0.42 -1.31 -0.02 -0.02 83.10 90.85 89.82 
0 0 0 35.92 0.00000000 0.00000000 0.00 0.00 0.00 -0.51 0.07 -0.37 -1.28 0.16 -0.05 81.38 91.25 89.53 
0 0 0 36.02 0.00000000 0.00000000 0.00 0.00 0.00 -0.61 0.08 -0.59 -1.00 0.01 -0.03 79.60 91.32 89.72 
0 0 0 36.12 0.00000000 0.00000000 0.00 0.00 0.00 -0.71 0.07 -0.27 -0.50 0.00 -0.04 77.89 91.12 89.64 
0 0 0 36.22 0.00000000 0.00000000 0.00 0.00 0.00 -0.67 0.06 -0.74 0.29 0.08 -0.01 78.64 91.04 89.89 
0 0 0 36.32 0.00000000 0.00000000 0.00 0.00 0.00 -0.63 0.09 -0.50 1.32 0.16 0.04 79.02 91.63 90.34 
0 0 0 36.43 0.00000000 0.00000000 0.00 0.00 0.00 -0.47 0.15 -1.00 2.00 0.07 0.12 81.95 92.48 91.22 
0 0 0 36.53 0.00000000 0.00000000 0.00 0.00 0.00 -0.23 0.14 -0.68 2.27 -0.14 0.11 86.01 92.33 91.09 
0 0 0 36.63 0.00000000 0.00000000 0.00 0.00 0.00 0.02 0.10 -0.91 1.75 -0.14 0.08 90.26 91.67 90.75 
0 0 0 36.73 0.00000000 0.00000000 0.00 0.00 0.00 0.10 0.07 -0.59 0.53 -0.65 0.09 91.71 91.21 90.92 
0 0 0 36.83 0.00000000 0.00000000 0.00 0.00 0.00 0.07 -0.06 -0.23 -0.05 -1.42 0.19 91.14 88.92 91.89 
0 0 0 36.93 0.00000000 0.00000000 0.00 0.00 0.00 0.06 -0.21 -0.40 -0.05 -1.84 0.11 91.02 86.39 91.10 
0 0 0 37.03 0.00000000 0.00000000 0.00 0.00 0.00 0.06 -0.38 -0.31 0.21 -1.48 0.14 90.57 83.90 91.22 
0 0 0 37.13 0.00000000 0.00000000 0.00 0.00 0.00 0.05 -0.58 -0.20 0.21 -1.27 0.19 91.14 80.62 91.94 
0 0 0 37.23 0.00000000 0.00000000 0.00 0.00 0.00 0.07 -0.68 -0.26 -0.03 -1.14 0.07 91.26 78.45 90.70 
0 0 0 37.33 0.00000000 0.00000000 0.00 0.00 0.00 0.07 -0.81 -0.35 -0.16 -1.03 0.06 91.16 76.29 90.56 
0 0 0 37.43 0.00000000 0.00000000 0.00 0.00 0.00 0.04 -0.85 -0.58 -0.10 -0.73 0.07 90.62 75.55 90.66 
0 0 0 37.53 0.00000000 0.00000000 0.00 0.00 0.00 -0.03 -0.95 -0.05 0.02 0.02 0.14 89.52 73.85 91.38 
0 0 0 37.63 0.00000000 0.00000000 0.00 0.00 0.00 -0.16 -0.92 0.40 -0.07 1.65 -0.09 87.21 74.28 89.07 
0 0 0 37.73 0.00000000 0.00000000 0.00 0.00 0.00 0.03 -0.51 -2.53 -0.21 2.98 -0.46 90.58 81.33 85.42 
0 0 0 37.83 0.00000000 0.00000000 0.00 0.00 0.00 0.07 -0.06 -2.15 -0.34 3.02 -0.27 91.20 89.05 87.26 
0 0 0 37.94 0.00000000 0.00000000 0.00 0.00 0.00 0.03 0.09 -0.54 -0.13 2.38 -0.08 90.12 90.89 89.44 
0 0 0 38.04 0.00000000 0.00000000 0.00 0.00 0.00 0.03 0.35 -0.81 0.45 2.37 -0.17 90.59 95.94 88.28 
0 0 0 38.14 0.00000000 0.00000000 0.00 0.00 0.00 0.14 0.57 -0.51 0.61 2.08 -0.02 92.38 99.72 89.79 
0 0 0 38.24 0.00000000 0.00000000 0.00 0.00 0.00 0.14 0.66 -0.28 0.28 1.37 0.15 92.43 101.14 91.52 
0 0 0 38.34 0.00000000 0.00000000 0.00 0.00 0.00 0.15 0.78 -0.07 0.20 0.87 -0.15 92.58 103.25 88.48 
0 0 0 38.44 0.00000000 0.00000000 0.00 0.00 0.00 0.21 0.90 -0.17 0.12 0.70 -0.13 93.50 105.23 88.74 
0 0 0 38.54 0.00000000 0.00000000 0.00 0.00 0.00 0.16 0.89 -0.04 0.01 0.58 -0.06 92.71 105.11 89.42 
0 0 0 38.64 0.00000000 0.00000000 0.00 0.00 0.00 0.14 0.95 0.00 -0.10 0.37 -0.10 92.35 106.22 89.03 
0 0 0 38.75 0.00000000 0.00000000 0.00 0.00 0.00 0.11 0.92 0.01 -0.17 -0.38 -0.01 91.95 105.71 89.92 
0 0 0 38.85 0.00000000 0.00000000 0.00 0.00 0.00 0.05 0.87 0.01 -0.10 -1.78 0.21 90.91 104.72 92.15 
0 0 0 38.95 0.00000000 0.00000000 0.00 0.00 0.00 0.12 0.69 -0.07 -0.02 -2.54 0.34 92.04 101.71 93.44 
0 0 0 39.05 0.00000000 0.00000000 0.00 0.00 0.00 0.12 0.41 -0.35 -0.56 -2.81 0.37 92.12 96.99 93.74 
0 0 0 39.15 0.00000000 0.00000000 0.00 0.00 0.00 0.11 0.12 -0.39 -0.48 -2.58 0.13 91.87 91.99 91.27 
0 0 0 39.25 0.00000000 0.00000000 0.00 0.00 0.00 0.03 -0.12 -0.48 0.01 -2.07 0.13 90.51 88.01 91.33 
0 0 0 39.35 0.00000000 0.00000000 0.00 0.00 0.00 0.00 -0.31 -0.22 0.12 -1.91 0.16 90.07 84.78 91.56 
0 0 0 39.45 0.00000000 0.00000000 0.00 0.00 0.00 0.04 -0.50 -0.64 0.02 -1.71 0.12 90.64 81.49 91.21 
0 0 0 39.55 0.00000000 0.00000000 0.00 0.00 0.00 0.01 -0.64 -0.42 -0.10 -1.61 0.12 90.25 79.09 91.16 
0 0 0 39.65 0.00000000 0.00000000 0.00 0.00 0.00 0.01 -0.82 -0.65 -0.22 -1.36 0.05 90.10 76.12 90.47 
0 0 0 39.75 0.00000000 0.00000000 0.00 0.00 0.00 -0.05 -0.92 -0.34 -0.18 -0.60 -0.05 89.20 74.44 89.48 
0 0 0 39.85 0.00000000 0.00000000 0.00 0.00 0.00 -0.15 -0.91 0.13 -0.01 0.88 0.03 87.49 74.51 90.31 
0 0 0 39.95 0.00000000 0.00000000 0.00 0.00 0.00 -0.13 -0.74 0.59 0.08 2.08 -0.05 87.82 77.34 89.54 
0 0 0 40.05 0.00000000 0.00000000 0.00 0.00 0.00 -0.00 -0.38 -2.39 -0.07 2.78 -0.09 89.93 83.46 89.08 
0 0 0 40.15 0.00000000 0.00000000 0.00 0.00 0.00 -0.03 -0.20 -0.51 -0.00 2.06 0.03 89.49 86.58 90.31 
0 0 0 40.25 0.00000000 0.00000000 0.00 0.00 0.00 -0.03 -0.09 -0.31 0.42 1.38 -0.11 89.51 88.48 88.92 
0 0 0 40.36 0.00000000 0.00000000 0.00 0.00 0.00 0.04 0.03 -0.20 0.77 0.61 -0.14 90.55 90.74 88.73 
0 0 0 40.46 0.00000000 0.00000000 0.00 0.00 0.00 0.17 0.08 -0.68 0.53 0.31 -0.07 92.96 91.37 89.34 
0 0 0 40.56 0.00000000 0.00000000 0.00 0.00 0.00 0.16 0.10 -0.31 0.14 0.19 -0.02 92.72 91.67 89.79 
0 0 0 40.66 0.00000000 0.00000000 0.00 0.00 0.00 0.13 0.13 -0.11 0.08 0.12 0.02 92.29 92.14 90.21 
0 0 0 40.76 0.00000000 0.00000000 0.00 0.00 0.00 0.17 0.12 -0.22 0.34 -0.08 0.03 92.84 91.96 90.30 
0 0 0 40.86 0.00000000 0.00000000 0.00 0.00 0.00 0.21 0.11 -0.18 0.49 -0.03 0.03 93.05 91.88 90.29 
0 0 0 40.96 0.00000000 0.00000000 0.00 0.00 0.00 0.27 0.07 -0.27 0.26 -0.02 0.08 94.60 91.27 90.77 
0 0 0 41.06 0.00000000 0.00000000 0.00 0.00 0.00 0.28 0.11 -0.22 0.11 0.01 0.00 94.82 91.91 90.03 
0 0 0 41.16 0.00000000 0.00000000 0.00 0.00 0.00 0.25 0.11 -0.02 0.17 -0.02 0.03 94.24 91.83 90.26 
0 0 0 41.26 0.00000000 0.00000000 0.00 0.00 0.00 0.22 0.09 0.32 0.38 -0.02 0.02 93.68 91.46 90.22 
0 0 0 41.36 0.00000000 0.00000000 0.00 0.00 0.00 0.36 0.13 -0.23 0.41 0.14 0.10 96.08 92.26 91.01 
0 0 0 41.46 0.00000000 0.00000000 0.00 0.00 0.00 0.44 0.08 -0.42 0.11 0.02 0.02 97.51 91.37 90.20 
0 0 0 41.56 0.00000000 0.00000000 0.00 0.00 0.00 0.43 0.15 -0.41 -0.02 0.10 -0.05 97.38 92.48 89.49 
0 0 0 41.67 0.00000000 0.00000000 0.00 0.00 0.00 0.23 0.14 0.62 0.09 -0.04 0.05 95.97 92.29 90.55 
0 0 0 41.77 0.00000000 0.00000000 0.00 0.00 0.00 0.35 0.12 0.18 0.10 -0.07 0.03 95.94 92.09 90.28 
0 0 0 41.87 0.00000000 0.00000000 0.00 0.00 0.00 0.36 0.08 0.07 -0.08 0.40 -0.24 96.17 91.35 87.62 
0 0 0 41.97 0.00000000 0.00000000 0.00 0.00 0.00 0.37 0.32 -0.06 -0.22 1.37 -0.35 96.33 95.43 86.46 
0 0 0 42.07 0.00000000 0.00000000 0.00 0.00 0.00 0.32 0.35 0.14 -0.07 0.58 -0.08 95.45 95.93 89.16 
0 0 0 42.17 0.00000000 0.00000000 0.00 0.00 0.00 0.32 0.38 0.08 -0.12 -0.53 0.07 95.49 96.48 90.65 
0 0 0 42.27 0.00000000 0.00000000 0.00 0.00 0.00 0.31 0.26 0.03 -0.30 -1.69 0.41 95.26 94.36 94.12 
0 0 0 42.37 0.00000000 0.00000000 0.00 0.00 0.00 0.24 0.07 0.05 -0.49 -1.89 0.32 94.15 91.25 93.23 
0 0 0 42.47 0.00000000 0.00000000 0.00 0.00 0.00 0.26 -0.17 -0.17 -0.25 -2.35 0.38 94.38 87.18 93.81 
0 0 0 42.57 0.00000000 0.00000000 0.00 0.00 0.00 0.21 -0.44 -0.17 -0.02 -2.26 0.48 93.64 82.49 94.79 
0 0 0 42.68 0.00000000 0.00000000 0.00 0.00 0.00 0.20 -0.65 -0.19 -0.01 -1.82 0.42 93.34 78.90 94.23 
0 0 0 42.78 0.00000000 0.00000000 0.00 0.00 0.00 0.20 -0.82 -0.18 -0.10 -1.36 0.29 93.41 76.07 92.88 
0 0 0 42.88 0.00000000 0.00000000 0.00 0.00 0.00 0.21 -0.96 -0.43 -0.11 -0.80 0.16 93.56 73.72 91.65 
0 0 0 42.98 0.00000000 0.00000000 0.00 0.00 0.00 0.13 -0.95 -0.04 -0.17 0.50 0.03 92.23 73.81 90.32 
0 0 0 43.08 0.00000000 0.00000000 0.00 0.00 0.00 0.10 -0.77 -0.62 -0.30 2.02 -0.18 91.77 76.95 88.17 
0 0 0 43.18 0.00000000 0.00000000 0.00 0.00 0.00 0.08 -0.39 -3.11 -0.46 2.89 -0.34 91.34 83.37 86.58 
0 0 0 43.28 0.00000000 0.00000000 0.00 0.00 0.00 0.07 -0.21 -1.21 -0.34 2.30 -0.08 91.20 86.39 89.21 
0 0 0 43.38 0.00000000 0.00000000 0.00 0.00 0.00 0.03 -0.02 -1.67 -0.06 1.46 -0.14 90.59 89.59 88.56 
0 0 0 43.48 0.00000000 0.00000000 0.00 0.00 0.00 0.05 0.08 -0.52 0.11 0.67 -0.07 90.92 91.35 89.27 
0 0 0 43.58 0.00000000 0.00000000 0.00 0.00 0.00 0.03 0.07 -0.15 -0.11 0.43 0.02 90.49 91.23 90.23 
0 0 0 43.68 0.00000000 0.00000000 0.00 0.00 0.00 0.11 0.31 -1.87 -0.07 0.15 0.60 91.87 95.28 95.96 
0 0 0 43.78 0.00000000 0.00000000 0.00 0.00 0.00 0.05 0.17 -0.50 -0.32 -0.10 1.20 90.93 92.87 102.05 
0 0 0 43.88 0.00000000 0.00000000 0.00 0.00 0.00 0.37 0.14 -1.50 0.49 -3.19 2.29 96.28 92.39 112.93 
0 0 0 43.98 0.00000000 0.00000000 0.00 0.00 0.00 -0.36 -0.77 0.70 0.71 -0.24 2.47 83.90 76.86 114.74 
0 0 0 44.08 0.00000000 0.00000000 0.00 0.00 0.00 -0.05 -0.14 2.27 -0.40 1.00 2.15 89.16 87.57 111.51 
0 0 0 44.19 0.00000000 0.00000000 0.00 0.00 0.00 -0.17 0.04 2.60 -0.12 -0.12 1.47 87.17 90.75 104.67 
0 0 0 44.29 0.00000000 0.00000000 0.00 0.00 0.00 -0.21 -0.09 2.16 0.61 -0.25 0.82 86.37 88.39 98.15 
0 0 0 44.39 0.00000000 0.00000000 0.00 0.00 0.00 -0.21 -0.17 1.90 0.27 -0.01 0.64 86.50 87.15 96.41 
0 0 0 44.49 0.00000000 0.00000000 0.00 0.00 0.00 -0.09 -0.06 2.02 0.10 2.43 0.98 88.85 91.53 99.68 
0 0 0 44.59 0.00000000 0.00000000 0.00 0.00 0.00 -0.13 0.14 2.40 0.49 -0.76 1.01 87.74 92.36 100.08 
0 0 0 44.69 0.00000000 0.00000000 0.00 0.00 0.00 -0.01 0.15 2.77 0.62 -0.68 0.35 89.83 92.56 93.51 
0 0 0 44.79 0.00000000 0.00000000 0.00 0.00 0.00 0.23 0.18 -2.89 0.34 0.03 0.45 93.86 93.11 94.45 
0 0 0 44.89 0.00000000 0.00000000 0.00 0.00 0.00 0.15 -0.08 3.03 -0.02 0.51 0.74 92.53 88.70 97.39 
0 0 0 44.99 0.00000000 0.00000000 0.00 0.00 0.00 0.10 -0.05 3.05 -0.26 0.22 0.59 91.67 89.23 95.87 
0 0 0 45.12 0.00000000 0.00000000 0.00 0.00 0.00 0.03 0.06 2.98 -0.02 0.19 0.27 90.51 90.96 92.74 
0 0 0 45.26 0.00000000 0.00000000 0.00 0.00 0.00 0.07 0.00 -3.10 0.13 0.32 0.15 91.20 90.00 91.46 
0 0 0 45.39 0.00000000 0.00000000 0.00 0.00 0.00 0.00 0.04 2.97 -0.29 0.13 0.17 90.00 90.73 91.75 
0 0 0 45.53 0.00000000 0.00000000 0.00 0.00 0.00 -0.01 0.11 -3.14 -0.34 0.07 -0.23 89.75 91.94 87.70 
0 0 0 45.63 0.00000000 0.00000000 0.00 0.00 0.00 0.12 0.06 -2.50 0.07 0.13 -0.09 92.05 91.08 89.14 
0 0 0 45.73 0.00000000 0.00000000 0.00 0.00 0.00 -0.02 0.06 -3.16 0.32 -0.08 0.19 89.59 91.10 91.86 
0 0 0 45.83 0.00000000 0.00000000 0.00 0.00 0.00 -0.23 0.13 2.34 0.30 -0.17 -0.00 86.04 92.13 89.98 
0 0 0 45.93 0.00000000 0.00000000 0.00 0.00 0.00 -0.08 0.14 2.72 0.09 -0.35 -0.14 88.72 92.42 88.58 
0 0 0 46.03 0.00000000 0.00000000 0.00 0.00 0.00 0.04 0.09 3.01 0.31 -0.31 0.05 90.62 91.49 90.48 
0 0 0 46.13 0.00000000 0.00000000 0.00 0.00 0.00 0.07 0.02 2.95 0.37 0.11 0.14 91.15 90.42 91.44 
0 0 0 46.23 0.00000000 0.00000000 0.00 0.00 0.00 0.13 0.02 -3.13 0.17 -0.13 -0.02 92.22 90.38 89.75 
0 0 0 46.33 0.00000000 0.00000000 0.00 0.00 0.00 0.20 0.03 -2.92 -0.01 0.26 0.09 93.33 90.46 90.85 
0 0 0 46.44 0.00000000 0.00000000 0.00 0.00 0.00 0.10 0.06 3.01 -0.23 0.20 -0.06 91.63 90.94 89.38 
0 0 0 46.54 0.00000000 0.00000000 0.00 0.00 0.00 0.06 0.08 2.96 -0.15 0.20 -0.14 91.00 91.33 88.63 
0 0 0 46.64 0.00000000 0.00000000 0.00 0.00 0.00 0.04 0.12 3.00 -0.14 -0.00 -0.18 90.76 92.05 88.19 
0 0 0 46.74 0.00000000 0.00000000 0.00 0.00 0.00 0.04 0.10 3.02 -0.08 0.07 -0.04 90.76 91.77 89.62 
0 0 0 46.84 0.00000000 0.00000000 0.00 0.00 0.00 0.03 0.07 2.96 0.03 -0.05 0.05 90.43 91.16 90.48 
0 0 0 46.94 0.00000000 0.00000000 0.00 0.00 0.00 0.03 0.09 2.98 0.09 -0.03 0.02 90.52 91.49 90.20 
0 0 0 47.04 0.00000000 0.00000000 0.00 0.00 0.00 0.00 0.10 2.87 0.05 0.01 0.02 90.07 91.70 90.25 
0 0 0 47.14 0.00000000 0.00000000 0.00 0.00 0.00 0.04 0.09 2.99 0.03 -0.02 0.06 90.65 91.49 90.59 
0 0 0 47.24 0.00000000 0.00000000 0.00 0.00 0.00 0.03 0.07 2.95 0.04 -0.01 0.08 90.52 91.23 90.71 
0 0 0 47.34 0.00000000 0.00000000 0.00 0.00 0.00 0.03 0.05 -0.04 0.10 -0.02 0.06 90.59 90.85 90.58 
0 0 0 47.44 0.00000000 0.00000000 0.00 0.00 0.00 0.07 0.07 3.08 0.09 -0.05 -0.01 91.26 91.19 89.90 
0 0 0 47.54 0.00000000 0.00000000 0.00 0.00 0.00 0.08 0.08 3.05 0.08 -0.02 0.02 91.39 91.39 90.25 
0 0 0 47.65 0.00000000 0.00000000 0.00 0.00 0.00 0.09 0.09 -3.08 0.04 -0.01 0.03 91.65 91.38 90.29 
0 0 0 47.75 0.00000000 0.00000000 0.00 0.00 0.00 0.10 0.07 -3.18 0.02 -0.06 -0.01 91.65 91.12 89.87 
0 0 0 47.85 0.00000000 0.00000000 0.00 0.00 0.00 0.08 0.05 3.03 -0.00 -0.07 -0.09 91.32 90.92 89.12 
0 0 0 47.95 0.00000000 0.00000000 0.00 0.00 0.00 0.07 -0.04 3.00 -0.21 -0.06 -0.10 91.21 89.40 89.01 
0 0 0 48.05 0.00000000 0.00000000 0.00 0.00 0.00 -0.03 0.02 2.61 -0.17 0.37 -0.25 89.47 90.38 87.46 
0 0 0 48.15 0.00000000 0.00000000 0.00 0.00 0.00 0.00 0.30 2.89 -0.09 -0.69 -0.56 90.07 95.14 84.40 
0 0 0 48.25 0.00000000 0.00000000 0.00 0.00 0.00 0.01 0.18 2.96 0.21 0.03 0.15 90.17 92.99 91.50 
0 0 0 48.35 0.00000000 0.00000000 0.00 0.00 0.00 0.01 0.23 2.90 0.30 0.08 0.14 90.21 93.93 91.37 
0 0 0 48.45 0.00000000 0.00000000 0.00 0.00 0.00 0.09 0.12 3.01 0.16 0.02 0.24 91.46 92.12 92.41 
0 0 0 48.55 0.00000000 0.00000000 0.00 0.00 0.00 0.09 0.06 2.98 0.02 -0.16 0.08 91.45 91.05 90.79 
0 0 0 48.65 0.00000000 0.00000000 0.00 0.00 0.00 0.05 0.07 2.85 0.00 -0.03 0.10 90.84 91.16 91.00 
0 0 0 48.75 0.00000000 0.00000000 0.00 0.00 0.00 0.10 0.06 3.05 -0.02 -0.00 0.09 91.64 90.98 90.89 
0 0 0 48.86 0.00000000 0.00000000 0.00 0.00 0.00 0.04 0.12 2.90 -0.06 0.18 0.06 90.72 92.04 90.57 
0 0 0 48.96 0.00000000 0.00000000 0.00 0.00 0.00 0.12 0.12 -3.09 -0.10 -0.24 0.19 92.09 92.00 91.86 
0 0 0 49.06 0.00000000 0.00000000 0.00 0.00 0.00 0.01 -0.08 2.65 0.01 -0.07 0.04 90.14 88.59 90.38 
0 0 0 49.16 0.00000000 0.00000000 0.00 0.00 0.00 0.05 0.08 2.98 0.05 0.08 -0.07 90.86 91.44 89.33 
0 0 0 49.26 0.00000000 0.00000000 0.00 0.00 0.00 0.09 0.08 -3.17 0.10 -0.21 -0.10 91.57 91.43 89.00 
0 0 0 49.36 0.00000000 0.00000000 0.00 0.00 0.00 0.06 0.07 2.95 0.07 -0.24 0.05 90.94 91.27 90.48 
0 0 0 49.46 0.00000000 0.00000000 0.00 0.00 0.00 0.04 0.01 2.90 0.20 0.02 0.02 90.74 90.25 90.16 
0 0 0 49.56 0.00000000 0.00000000 0.00 0.00 0.00 0.18 0.02 3.06 1.14 -0.27 0.45 92.99 90.40 94.47 
0 0 0 49.66 0.00000000 0.00000000 0.00 0.00 0.00 2.60 -0.52 -2.39 -1.19 -0.83 0.34 134.27 81.24 93.45 
0 0 0 49.76 0.00000000 0.00000000 0.00 0.00 0.00 -0.09 -0.46 1.15 -0.99 0.39 -0.26 88.40 82.11 87.36 
0 0 0 49.86 0.00000000 0.00000000 0.00 0.00 0.00 0.18 0.44 -2.93 1.58 2.09 0.56 93.10 97.40 95.63 
0 0 0 49.96 0.00000000 0.00000000 0.00 0.00 0.00 -0.06 0.21 2.60 -1.06 -0.63 -0.09 89.03 93.57 89.08 
0 0 0 50.06 0.00000000 0.00000000 0.00 0.00 0.00 -0.26 -0.25 1.93 0.33 -1.73 -0.73 85.50 85.81 82.74 
0 0 0 50.16 0.00000000 0.00000000 0.00 0.00 0.00 0.38 -0.36 -1.74 2.29 1.43 -0.13 96.44 83.85 88.65 
0 0 0 50.27 0.00000000 0.00000000 0.00 0.00 0.00 0.28 0.16 -3.00 -2.39 0.81 -0.19 94.82 92.67 88.14 
0 0 0 50.37 0.00000000 0.00000000 0.00 0.00 0.00 -0.20 0.25 2.55 -2.50 -1.10 -0.18 86.59 94.23 88.20 
0 0 0 50.47 0.00000000 0.00000000 0.00 0.00 0.00 -0.26 0.14 2.72 3.06 -2.92 -0.56 85.61 92.40 84.41 
0 0 0 50.57 0.00000000 0.00000000 0.00 0.00 0.00 0.39 -0.21 -2.76 1.55 2.05 -0.47 96.69 86.49 85.28 
0 0 0 50.67 0.00000000 0.00000000 0.00 0.00 0.00 -0.10 -0.31 1.84 -3.77 2.62 0.93 88.30 84.65 99.26 
0 0 0 50.77 0.00000000 0.00000000 0.00 0.00 0.00 -0.27 0.11 2.61 -2.63 1.09 -0.47 85.39 91.91 85.30 
0 0 0 50.87 0.00000000 0.00000000 0.00 0.00 0.00 -0.26 0.35 -3.17 2.45 -3.13 -0.37 85.53 95.95 86.29 
0 0 0 50.97 0.00000000 0.00000000 0.00 0.00 0.00 0.32 -0.30 -2.88 2.73 -2.63 -0.83 95.47 84.90 81.66 
0 0 0 51.07 0.00000000 0.00000000 0.00 0.00 0.00 0.94 -0.04 -2.47 0.93 3.94 0.45 106.00 89.32 94.49 
0 0 0 51.17 0.00000000 0.00000000 0.00 0.00 0.00 0.14 0.54 2.93 -1.54 3.75 -0.72 92.40 99.16 82.84 
0 0 0 51.27 0.00000000 0.00000000 0.00 0.00 0.00 -0.06 0.08 1.17 -0.38 -2.65 -0.44 89.04 91.29 85.58 
0 0 0 51.37 0.00000000 0.00000000 0.00 0.00 0.00 0.12 0.21 2.96 0.84 -0.23 -0.45 92.03 93.61 85.55 
0 0 0 51.47 0.00000000 0.00000000 0.00 0.00 0.00 0.25 -0.17 -0.55 0.26 -2.17 0.25 94.23 87.05 92.50 
0 0 0 51.57 0.00000000 0.00000000 0.00 0.00 0.00 0.30 0.04 -2.80 -0.57 -0.06 0.09 95.03 90.76 90.89 
0 0 0 51.67 0.00000000 0.00000000 0.00 0.00 0.00 0.14 0.05 -3.18 -0.42 0.26 0.29 92.33 90.84 92.95 
0 0 0 51.78 0.00000000 0.00000000 0.00 0.00 0.00 0.16 0.02 -2.86 0.26 0.17 0.26 92.69 90.32 92.64 
0 0 0 51.88 0.00000000 0.00000000 0.00 0.00 0.00 0.02 0.05 2.77 0.28 0.34 -0.03 90.33 90.93 89.73 
0 0 0 51.98 0.00000000 0.00000000 0.00 0.00 0.00 -0.13 0.03 2.08 0.42 0.18 -0.08 87.76 90.52 89.24 
0 0 0 52.08 0.00000000 0.00000000 0.00 0.00 0.00 0.21 0.08 -3.14 0.33 -0.17 -0.01 93.64 91.32 89.87 
0 0 0 52.18 0.00000000 0.00000000 0.00 0.00 0.00 0.31 0.14 -2.91 -0.02 -0.23 -0.09 95.21 92.41 89.13 
0 0 0 52.28 0.00000000 0.00000000 0.00 0.00 0.00 0.26 0.15 -3.05 -0.14 0.04 -0.02 94.37 92.52 89.76 
0 0 0 52.38 0.00000000 0.00000000 0.00 0.00 0.00 0.16 0.07 2.98 -0.40 0.41 0.02 92.65 91.18 90.24 
0 0 0 52.48 0.00000000 0.00000000 0.00 0.00 0.00 -0.02 0.12 2.54 -0.29 0.09 0.09 89.64 92.08 90.88 
0 0 0 52.58 0.00000000 0.00000000 0.00 0.00 0.00 0.07 0.25 2.97 -0.15 0.17 0.08 91.18 94.28 90.80 
0 0 0 52.68 0.00000000 0.00000000 0.00 0.00 0.00 0.17 0.03 -2.67 0.14 0.49 0.08 92.89 90.54 90.83 
0 0 0 52.78 0.00000000 0.00000000 0.00 0.00 0.00 0.02 0.14 2.70 0.18 -0.52 -0.12 90.31 92.32 88.76 
0 0 0 52.88 0.00000000 0.00000000 0.00 0.00 0.00 0.12 0.20 -3.18 0.02 -0.16 -0.10 91.90 93.35 88.89 
0 0 0 52.98 0.00000000 0.00000000 0.00 0.00 0.00 0.17 0.17 -3.07 -0.17 0.04 0.09 92.85 92.94 90.87 
0 0 0 53.08 0.00000000 0.00000000 0.00 0.00 0.00 0.05 0.13 2.93 -0.12 0.01 0.20 90.93 92.16 91.99 
0 0 0 53.19 0.00000000 0.00000000 0.00 0.00 0.00 0.06 0.03 2.97 -0.05 0.01 0.12 91.09 90.58 91.23 
0 0 0 53.29 0.00000000 0.00000000 0.00 0.00 0.00 0.05 0.07 2.91 0.01 -0.07 -0.02 90.81 91.24 89.84 
0 0 0 53.39 0.00000000 0.00000000 0.00 0.00 0.00 0.08 0.10 3.06 0.21 0.07 -0.06 91.41 91.72 89.36 
0 0 0 53.49 0.00000000 0.00000000 0.00 0.00 0.00 0.16 0.16 -3.01 0.25 -0.64 -0.30 92.76 92.73 86.99 
0 0 0 53.59 0.00000000 0.00000000 0.00 0.00 0.00 0.12 0.08 3.01 0.31 -0.08 -0.04 92.08 91.30 89.58 
0 0 0 53.69 0.00000000 0.00000000 0.00 0.00 0.00 0.05 -0.08 2.43 0.07 -0.17 0.09 90.81 88.61 90.89 
0 0 0 53.79 0.00000000 0.00000000 0.00 0.00 0.00 0.15 0.08 3.08 -0.10 0.22 -0.04 92.60 91.36 89.62 
0 0 0 53.89 0.00000000 0.00000000 0.00 0.00 0.00 0.16 0.07 -3.16 -0.02 0.18 0.15 92.66 91.15 91.46 
0 0 0 53.99 0.00000000 0.00000000 0.00 0.00 0.00 0.11 0.01 2.93 0.03 -0.03 0.03 91.92 90.14 90.28 
0 0 0 54.09 0.00000000 0.00000000 0.00 0.00 0.00 0.13 0.03 3.00 0.10 -0.11 0.01 92.15 90.47 90.06 
0 0 0 54.19 0.00000000 0.00000000 0.00 0.00 0.00 0.15 0.08 3.08 -0.02 -0.05 -0.00 92.56 91.41 89.98 
0 0 0 54.30 0.00000000 0.00000000 0.00 0.00 0.00 0.11 0.08 2.97 -0.10 0.20 0.12 91.94 91.16 91.17 
0 0 0 54.40 0.00000000 0.00000000 0.00 0.00 0.00 0.10 0.04 2.94 0.02 -0.03 0.05 91.65 90.76 90.52 
0 0 0 54.50 0.00000000 0.00000000 0.00 0.00 0.00 0.11 0.06 3.01 0.05 -0.00 -0.01 91.81 90.87 89.88 
0 0 0 54.60 0.00000000 0.00000000 0.00 0.00 0.00 0.14 0.08 -3.16 0.04 0.11 0.03 92.28 91.23 90.27 
0 0 0 54.70 0.00000000 0.00000000 0.00 0.00 0.00 0.15 0.04 -3.16 0.07 -0.11 0.02 92.58 90.74 90.23 
0 0 0 54.80 0.00000000 0.00000000 0.00 0.00 0.00 0.11 0.03 2.94 -0.00 0.00 -0.05 91.91 90.53 89.46 
0 0 0 54.90 0.00000000 0.00000000 0.00 0.00 0.00 0.10 0.05 2.93 -0.04 0.11 -0.11 91.92 91.08 88.96 
0 0 0 55.00 0.00000000 0.00000000 0.00 0.00 0.00 0.12 0.10 3.06 0.03 0.16 -0.19 92.11 91.71 88.10 
0 0 0 55.10 0.00000000 0.00000000 0.00 0.00 0.00 0.12 0.14 3.00 0.18 -0.02 -0.08 91.98 92.37 89.21 
0 0 0 55.20 0.00000000 0.00000000 0.00 0.00 0.00 0.16 0.13 -3.18 -0.01 -0.03 -0.07 92.72 92.22 89.26 
0 0 0 55.30 0.00000000 0.00000000 0.00 0.00 0.00 0.11 0.09 2.93 -0.18 -0.10 -0.06 91.95 91.46 89.39 
0 0 0 55.40 0.00000000 0.00000000 0.00 0.00 0.00 0.12 0.07 3.03 0.05 -0.74 0.07 92.04 91.25 90.68 
0 0 0 55.50 0.00000000 0.00000000 0.00 0.00 0.00 0.07 -0.11 2.66 -0.11 0.55 -0.22 91.22 88.15 87.81 
0 0 0 55.61 0.00000000 0.00000000 0.00 0.00 0.00 0.17 0.15 -3.00 0.03 1.53 -0.09 92.88 92.48 89.11 
0 0 0 55.71 0.00000000 0.00000000 0.00 0.00 0.00 0.19 0.48 -3.05 0.02 0.36 -0.15 93.19 98.16 88.55 
0 0 0 55.81 0.00000000 0.00000000 0.00 0.00 0.00 0.14 0.23 -3.17 -0.10 -0.59 -0.03 92.33 93.94 89.75 
0 0 0 55.91 0.00000000 0.00000000 0.00 0.00 0.00 0.13 0.36 3.06 0.23 1.39 -0.12 92.22 96.08 88.78 
0 0 0 56.01 0.00000000 0.00000000 0.00 0.00 0.00 0.16 0.59 -3.17 0.16 0.86 -0.07 92.67 100.05 89.34 
0 0 0 56.11 0.00000000 0.00000000 0.00 0.00 0.00 0.15 0.49 2.99 0.00 -0.48 -0.02 92.60 98.25 89.84 
0 0 0 56.21 0.00000000 0.00000000 0.00 0.00 0.00 0.13 0.47 2.95 -0.10 -0.71 0.06 92.20 97.94 90.63 
0 0 0 56.31 0.00000000 0.00000000 0.00 0.00 0.00 0.13 0.30 3.06 -0.31 -1.46 0.09 92.22 95.06 90.87 
0 0 0 56.41 0.00000000 0.00000000 0.00 0.00 0.00 0.06 0.09 2.57 -0.37 -0.63 0.07 90.99 91.57 90.73 
0 0 0 56.51 0.00000000 0.00000000 0.00 0.00 0.00 0.02 0.16 2.91 -0.08 -0.24 0.02 90.54 92.58 90.20 
0 0 0 56.61 0.00000000 0.00000000 0.00 0.00 0.00 0.04 0.11 2.97 0.21 -0.47 0.04 90.60 91.87 90.45 
0 0 0 56.71 0.00000000 0.00000000 0.00 0.00 0.00 0.09 0.10 -3.16 0.09 0.01 0.03 91.51 91.66 90.29 
0 0 0 56.82 0.00000000 0.00000000 0.00 0.00 0.00 0.04 0.10 2.97 -0.23 -0.16 0.04 90.83 91.92 90.34 
0 0 0 56.92 0.00000000 0.00000000 0.00 0.00 0.00 0.01 0.08 2.93 -0.16 -0.09 0.03 90.19 91.36 90.30 
0 0 0 57.02 0.00000000 0.00000000 0.00 0.00 0.00 0.02 0.06 2.99 0.30 -0.25 0.00 90.36 91.08 90.06 
0 0 0 57.12 0.00000000 0.00000000 0.00 0.00 0.00 0.10 0.01 -3.03 0.28 -0.23 -0.02 91.71 90.22 89.76 
0 0 0 57.22 0.00000000 0.00000000 0.00 0.00 0.00 0.08 0.03 3.07 -0.22 0.05 0.02 91.36 90.54 90.25 
0 0 0 57.32 0.00000000 0.00000000 0.00 0.00 0.00 0.03 0.06 3.01 -0.14 0.01 0.01 90.69 91.01 90.01 
0 0 0 57.43 0.00000000 0.00000000 0.00 0.00 0.00 0.03 0.03 3.04 0.09 -0.16 0.01 90.57 90.57 90.06 
0 0 0 57.53 0.00000000 0.00000000 0.00 0.00 0.00 0.05 0.04 3.04 0.17 -0.40 0.02 90.82 90.82 90.08 
0 0 0 57.63 0.00000000 0.00000000 0.00 0.00 0.00 0.11 0.08 -3.09 0.43 4.16 -0.25 91.87 91.36 87.54 
0 0 0 57.73 0.00000000 0.00000000 0.00 0.00 0.00 0.06 0.41 2.97 -0.26 -2.58 0.01 91.08 96.98 90.13 
0 0 0 57.83 0.00000000 0.00000000 0.00 0.00 0.00 -0.08 -0.13 1.23 0.61 -2.98 0.01 88.69 87.76 90.10 
0 0 0 57.93 0.00000000 0.00000000 0.00 0.00 0.00 0.26 0.05 -3.05 0.11 -0.49 0.14 94.50 90.87 91.45 
0 0 0 58.03 0.00000000 0.00000000 0.00 0.00 0.00 -0.28 -0.32 2.62 -2.72 1.60 0.85 85.20 84.62 98.45 
0 0 0 58.13 0.00000000 0.00000000 0.00 0.00 0.00 -0.22 -0.05 2.65 -0.14 2.35 -0.37 86.27 89.21 86.28 
0 0 0 58.23 0.00000000 0.00000000 0.00 0.00 0.00 -0.12 0.52 2.92 2.14 3.42 0.07 87.90 98.81 90.75 
0 0 0 58.33 0.00000000 0.00000000 0.00 0.00 0.00 0.04 0.50 2.70 2.17 -2.08 0.72 90.73 98.42 97.20 
0 0 0 58.43 0.00000000 0.00000000 0.00 0.00 0.00 0.42 -0.01 -2.79 1.29 -3.54 -0.01 97.20 89.85 89.89 
0 0 0 58.53 0.00000000 0.00000000 0.00 0.00 0.00 0.76 0.02 -2.43 -0.80 -2.89 0.74 102.88 90.33 97.35 
0 0 0 58.63 0.00000000 0.00000000 0.00 0.00 0.00 0.02 -0.53 1.91 -2.30 0.22 1.80 90.36 81.06 107.99 
0 0 0 58.73 0.00000000 0.00000000 0.00 0.00 0.00 -0.19 -0.51 1.98 -2.45 0.17 1.10 86.82 81.41 101.03 
0 0 0 58.83 0.00000000 0.00000000 0.00 0.00 0.00 -0.35 -0.11 -3.08 -1.85 3.24 -0.05 84.01 88.07 89.51 
0 0 0 58.94 0.00000000 0.00000000 0.00 0.00 0.00 -0.43 0.29 -3.08 -0.35 4.17 -0.48 82.62 94.99 85.22 
0 0 0 59.04 0.00000000 0.00000000 0.00 0.00 0.00 -0.42 0.63 -2.94 1.42 2.97 0.24 82.88 100.65 92.39 
0 0 0 59.14 0.00000000 0.00000000 0.00 0.00 0.00 -0.32 0.67 2.77 2.28 -1.94 0.79 84.48 101.40 97.88 
0 0 0 59.24 0.00000000 0.00000000 0.00 0.00 0.00 0.16 0.50 -2.41 1.82 -2.04 0.02 92.78 98.54 90.19 
0 0 0 59.34 0.00000000 0.00000000 0.00 0.00 0.00 0.29 0.53 -2.67 0.05 -0.87 -0.46 95.01 99.04 85.41 
0 0 0 59.44 0.00000000 0.00000000 0.00 0.00 0.00 -0.08 0.33 2.55 -0.57 -1.40 -0.42 88.58 95.58 85.79 
0 0 0 59.54 0.00000000 0.00000000 0.00 0.00 0.00 -0.10 -0.06 1.79 0.26 -0.96 -0.80 88.36 88.93 82.03 
0 0 0 59.64 0.00000000 0.00000000 0.00 0.00 0.00 0.04 0.02 2.63 0.55 0.30 -1.09 90.73 90.31 79.10 
0 0 0 59.74 0.00000000 0.00000000 0.00 0.00 0.00 -0.18 -0.15 1.32 -0.39 0.27 -0.69 86.90 87.51 83.15 
0 0 0 59.84 0.00000000 0.00000000 0.00 0.00 0.00 0.10 0.30 3.06 0.07 -0.29 -0.69 91.68 95.06 83.12 
0 0 0 59.94 0.00000000 0.00000000 0.00 0.00 0.00 -2.76 -1.17 2.83 0.14 -1.04 -0.06 43.16 70.03 89.36 
0 0 0 60.04 0.00000000 0.00000000 0.00 0.00 0.00 0.17 -0.01 -1.52 -0.03 0.10 0.25 92.95 89.84 92.54 
0 0 0 60.14 0.00000000 0.00000000 0.00 0.00 0.00 -0.22 -0.17 1.14 -0.05 -0.01 0.06 86.19 87.09 90.56 
0 0 0 60.24 0.00000000 0.00000000 0.00 0.00 0.00 0.05 -0.04 1.03 -0.04 -0.09 -0.04 90.87 89.37 89.60 
0 0 0 60.34 0.00000000 0.00000000 0.00 0.00 0.00 0.09 -0.04 0.54 0.15 0.16 -0.04 91.59 89.24 89.61 
0 0 0 60.45 0.00000000 0.00000000 0.00 0.00 0.00 0.10 0.01 1.00 0.07 0.09 -0.05 91.76 90.25 89.54 
0 0 0 60.55 0.00000000 0.00000000 0.00 0.00 0.00 0.13 0.01 0.28 0.09 0.06 -0.10 91.38 91.05 88.67 
0 0 0 60.65 0.00000000 0.00000000 0.00 0.00 0.00 0.19 0.06 -1.52 0.01 1.07 -0.12 93.26 90.98 88.81 
0 0 0 60.75 0.00000000 0.00000000 0.00 0.00 0.00 0.31 0.08 -1.15 -0.10 -0.87 -0.13 95.23 91.28 88.71 
0 0 0 60.85 0.00000000 0.00000000 0.00 0.00 0.00 -2.22 0.63 0.90 0.32 0.40 -0.21 52.28 100.70 87.89 
0 0 0 60.95 0.00000000 0.00000000 0.00 0.00 0.00 0.17 -0.01 -0.36 0.01 -0.06 0.02 92.91 89.80 90.15 
0 0 0 61.05 0.00000000 0.00000000 0.00 0.00 0.00 0.14 0.06 -0.20 0.01 -0.02 0.00 89.83 90.63 90.09 
0 0 0 61.15 0.00000000 0.00000000 0.00 0.00 0.00 0.07 0.07 0.56 0.01 -0.01 0.01 91.27 91.13 90.06 
0 0 0 61.25 0.00000000 0.00000000 0.00 0.00 0.00 0.06 0.07 0.65 0.01 -0.02 0.00 90.98 91.24 90.03 
0 0 0 61.35 0.00000000 0.00000000 0.00 0.00 0.00 0.07 0.06 0.47 0.01 -0.00 0.00 91.19 90.99 90.05 
0 0 0 61.45 0.00000000 0.00000000 0.00 0.00 0.00 0.06 0.07 0.61 0.00 -0.01 0.00 90.98 91.11 90.04 
0 0 0 61.56 0.00000000 0.00000000 0.00 0.00 0.00 0.06 0.07 0.60 0.03 -0.00 0.00 90.73 91.26 90.05 
0 0 0 61.66 0.00000000 0.00000000 0.00 0.00 0.00 0.05 0.08 0.83 0.02 -0.00 0.00 90.78 91.35 90.02 
0 0 0 61.80 0.00000000 0.00000000 0.00 0.00 0.00 0.05 0.07 0.71 -0.02 -0.02 0.00 90.85 91.17 90.04 
0 0 0 61.93 0.00000000 0.00000000 0.00 0.00 0.00 0.10 0.04 0.24 0.00 -0.02 0.01 91.64 90.72 90.06 
0 0 0 62.06 0.00000000 0.00000000 0.00 0.00 0.00 0.07 0.07 0.63 0.02 -0.01 0.00 91.11 91.24 90.04 
0 0 0 62.20 0.00000000 0.00000000 0.00 0.00 0.00 0.07 0.07 0.57 0.01 -0.01 0.00 91.12 91.19 90.04 
0 0 0 62.30 0.00000000 0.00000000 0.00 0.00 0.00 0.06 0.07 0.65 0.01 -0.00 0.00 90.98 91.17 90.03 
0 0 0 62.40 0.00000000 0.00000000 0.00 0.00 0.00 0.07 0.07 0.58 0.01 -0.01 0.00 91.11 91.17 90.04 
0 0 0 62.50 0.00000000 0.00000000 0.00 0.00 0.00 0.06 0.07 0.70 0.01 -0.01 0.01 90.98 91.24 90.06 
0 0 0 62.60 0.00000000 0.00000000 0.00 0.00 0.00 0.10 0.04 0.16 0.02 -0.00 -0.22 91.71 90.66 87.83 
0 0 0 62.70 0.00000000 0.00000000 0.00 0.00 0.00 0.09 0.05 0.22 0.01 -0.03 -0.27 91.45 90.92 87.31 
0 0 0 62.80 0.00000000 0.00000000 0.00 0.00 0.00 0.08 0.06 0.29 0.01 -0.01 -0.17 91.34 91.02 88.32 
0 0 0 62.90 0.00000000 0.00000000 0.00 0.00 0.00 0.06 0.08 0.50 0.01 -0.00 0.00 91.05 91.44 90.03 
0 0 0 63.01 0.00000000 0.00000000 0.00 0.00 0.00 0.05 0.07 0.46 0.02 0.02 0.00 91.27 91.34 90.01 
0 0 0 63.11 0.00000000 0.00000000 0.00 0.00 0.00 0.07 0.05 0.33 0.01 0.01 0.01 91.12 90.92 90.05 
0 0 0 63.21 0.00000000 0.00000000 0.00 0.00 0.00 0.05 0.07 0.58 0.02 -0.01 0.00 90.82 91.20 90.04 
0 0 0 63.31 0.00000000 0.00000000 0.00 0.00 0.00 0.06 0.07 0.53 0.02 -0.02 0.00 90.98 91.24 90.04 
0 0 0 63.41 0.00000000 0.00000000 0.00 0.00 0.00 0.06 0.06 0.44 0.01 -0.01 0.01 90.97 91.10 90.06 
0 0 0 63.51 0.00000000 0.00000000 0.00 0.00 0.00 0.05 0.08 0.67 0.02 -0.01 0.00 90.77 91.41 90.02 
0 0 0 63.61 0.00000000 0.00000000 0.00 0.00 0.00 0.07 0.07 0.48 0.01 -0.03 0.01 91.11 91.24 90.06 
0 0 0 63.71 0.00000000 0.00000000 0.00 0.00 0.00 0.05 0.06 0.47 0.01 -0.05 0.01 90.91 91.04 90.08 
0 0 0 63.81 0.00000000 0.00000000 0.00 0.00 0.00 0.05 0.08 0.59 0.01 -0.02 0.01 90.93 91.32 90.06 
0 0 0 63.92 0.00000000 0.00000000 0.00 0.00 0.00 0.07 0.07 0.43 0.02 -0.02 0.01 91.17 91.23 90.05 
0 0 0 64.02 0.00000000 0.00000000 0.00 0.00 0.00 0.07 0.08 0.38 0.01 -0.05 0.01 91.27 91.33 90.06 
0 0 0 64.12 0.00000000 0.00000000 0.00 0.00 0.00 0.05 0.07 0.55 0.02 -0.01 0.01 90.85 91.11 90.05 
0 0 0 64.22 0.00000000 0.00000000 0.00 0.00 0.00 0.05 0.08 0.62 0.02 -0.01 0.01 90.78 91.16 90.09 
0 0 0 64.32 0.00000000 0.00000000 0.00 0.00 0.00 0.06 0.09 0.62 0.01 -0.00 0.00 90.97 91.48 90.04 
0 0 0 64.43 0.00000000 0.00000000 0.00 0.00 0.00 0.06 0.08 0.56 0.02 -0.01 0.00 90.90 91.28 90.04 
0 0 0 64.53 0.00000000 0.00000000 0.00 0.00 0.00 1.48 -0.92 -1.35 0.01 -0.00 0.01 90.90 91.16 90.02 
0 0 0 64.63 0.00000000 0.00000000 0.00 0.00 0.00 -0.49 0.48 1.90 -0.05 -0.42 0.06 81.62 98.16 90.61 
0 0 0 64.73 0.00000000 0.00000000 0.00 0.00 0.00 0.18 -0.09 -0.29 0.17 0.12 0.39 93.00 88.48 93.93 
0 0 0 64.84 0.00000000 0.00000000 0.00 0.00 0.00 0.12 0.07 -0.04 -0.03 -0.04 -0.01 92.20 92.06 89.52 
0 0 0 64.94 0.00000000 0.00000000 0.00 0.00 0.00 0.10 0.07 0.29 -0.01 -0.04 0.00 91.70 91.20 90.04 
0 0 0 65.04 0.00000000 0.00000000 0.00 0.00 0.00 0.06 0.07 0.61 0.01 -0.01 0.01 91.04 91.10 90.05 
0 0 0 65.15 0.00000000 0.00000000 0.00 0.00 0.00 0.06 0.09 0.80 0.01 -0.01 0.00 91.11 91.11 90.04 
0 0 0 65.25 0.00000000 0.00000000 0.00 0.00 0.00 0.06 0.07 0.65 0.01 -0.02 0.00 91.04 91.17 90.05 
0 0 0 65.35 0.00000000 0.00000000 0.00 0.00 0.00 0.06 0.08 0.72 0.01 -0.01 0.00 90.98 91.30 90.04 
0 0 0 65.45 0.00000000 0.00000000 0.00 0.00 0.00 0.06 0.07 0.64 0.02 -0.01 0.01 91.04 91.30 90.04 
0 0 0 65.55 0.00000000 0.00000000 0.00 0.00 0.00 0.05 0.06 0.64 0.02 -0.01 0.01 90.91 91.11 90.05 
0 0 0 65.66 0.00000000 0.00000000 0.00 0.00 0.00 0.07 0.07 0.59 0.02 -0.01 0.00 91.12 91.19 90.05 
0 0 0 65.76 0.00000000 0.00000000 0.00 0.00 0.00 0.06 0.07 0.70 0.01 -0.01 0.00 91.05 91.18 90.04 
0 0 0 65.86 0.00000000 0.00000000 0.00 0.00 0.00 0.06 0.08 0.74 0.02 -0.01 0.00 90.97 91.29 90.04 
0 0 0 65.96 0.00000000 0.00000000 0.00 0.00 0.00 0.28 -0.01 -0.82 0.02 0.04 -0.00 94.82 89.83 89.99 
0 0 0 66.06 0.00000000 0.00000000 0.00 0.00 0.00 0.18 0.01 -0.44 0.02 0.00 -0.00 93.11 90.22 89.95 
0 0 0 66.17 0.00000000 0.00000000 0.00 0.00 0.00 -0.02 0.07 1.01 0.02 -0.02 -0.21 90.59 91.43 88.10 
0 0 0 66.27 0.00000000 0.00000000 0.00 0.00 0.00 0.07 0.10 0.73 0.02 0.02 -0.28 90.49 91.78 87.11 
0 0 0 66.37 0.00000000 0.00000000 0.00 0.00 0.00 -0.07 0.20 1.72 0.03 0.07 -0.50 89.52 88.70 85.50 
0 0 0 66.47 0.00000000 0.00000000 0.00 0.00 0.00 0.06 0.15 1.13 0.01 -0.07 0.04 91.09 92.55 90.44 
0 0 0 66.57 0.00000000 0.00000000 0.00 0.00 0.00 0.11 0.08 0.11 0.03 -0.02 0.09 91.28 90.94 90.99 
