0 0 0 0 0 0 1.61 0 0.00000000 0.00000000 0.00 0.00 0.00 0.00 0.00 0.00 
0 0 0 0 0 0 1.69 0 0.00000000 0.00000000 0.00 0.00 0.00 0.00 0.00 0.00 
0 0 0 0 0 0 1.72 0 0.00000000 0.00000000 0.00 0.00 0.00 0.00 0.00 0.00 
0 0 0 0 0 0 1.74 0 0.00000000 0.00000000 0.00 0.00 0.00 0.00 0.00 0.00 
0 0 0 0 0 0 1.77 0 0.00000000 0.00000000 0.00 0.00 0.00 0.00 0.00 0.00 
0 0 0 0 0 0 1.79 0 0.00000000 0.00000000 0.00 0.00 0.00 0.00 0.00 0.00 
0 0 0 0 0 0 1.82 0 0.00000000 0.00000000 0.00 0.00 0.00 0.00 0.00 0.00 
0 0 0 0 0 0 1.84 0 0.00000000 0.00000000 0.00 0.00 0.00 0.00 0.00 0.00 
0 0 0 0 0 0 1.87 0 0.00000000 0.00000000 0.00 0.00 0.00 0.00 0.00 0.00 
0 0 0 0 0 0 1.89 0 0.00000000 0.00000000 0.00 0.00 0.00 0.00 0.00 0.00 
0 0 0 0 0 0 1.92 0 0.00000000 0.00000000 0.00 0.00 0.00 0.00 0.00 0.00 
0 0 0 0 0 0 1.94 0 0.00000000 0.00000000 0.00 0.00 0.00 0.00 0.00 0.00 
0 0 0 0 0 0 1.97 0 0.00000000 0.00000000 0.00 0.00 0.00 0.00 0.00 0.00 
0 0 0 0 0 0 1.99 0 0.00000000 0.00000000 0.00 0.00 0.00 0.00 0.00 0.00 
0 0 0 0 0 0 2.02 0 0.00000000 0.00000000 0.00 0.00 0.00 88.02 85.91 90.00 
0 0 0 0 0 0 2.05 0 0.00000000 0.00000000 0.00 0.00 0.00 88.02 85.91 90.00 
0 0 0 0 0 0 2.08 0 0.00000000 0.00000000 0.00 0.00 0.00 88.02 85.91 90.00 
0 0 0 0 0 0 2.10 0 0.00000000 0.00000000 0.00 0.00 0.00 88.02 85.91 90.00 
0 0 0 0 0 0 2.12 0 0.00000000 0.00000000 0.00 0.00 0.00 88.02 85.91 90.00 
0 0 0 0 0 0 2.15 0 0.00000000 0.00000000 0.00 0.00 0.00 88.02 85.91 90.00 
0 0 0 0 0 0 2.17 0 0.00000000 0.00000000 0.00 0.00 0.00 88.02 85.91 90.00 
0 0 0 0 0 0 2.20 0 0.00000000 0.00000000 0.00 0.00 0.00 88.02 85.91 90.00 
0 0 0 0 0 0 2.23 0 0.00000000 0.00000000 0.00 0.00 0.00 88.02 85.91 90.00 
0 0 0 0 0 0 2.25 0 0.00000000 0.00000000 0.00 0.00 0.00 88.02 85.91 90.00 
0 0 0 0 0 0 2.28 0 0.00000000 0.00000000 0.00 0.00 0.00 88.02 85.91 90.00 
0 0 0 0 0 0 2.30 0 0.00000000 0.00000000 0.00 0.00 0.00 88.02 85.91 90.00 
0 0 0 0 0 0 2.33 0 0.00000000 0.00000000 0.00 0.00 0.00 88.02 85.91 90.00 
0 0 0 0 0 0 2.35 0 0.00000000 0.00000000 0.00 0.00 0.00 88.02 85.91 90.00 
0 0 0 0 0 0 2.38 0 0.00000000 0.00000000 0.00 0.00 0.00 88.02 85.91 90.00 
0 0 0 0 0 0 2.41 0 0.00000000 0.00000000 0.00 0.00 0.00 88.02 85.91 90.00 
0 0 0 0 0 0 2.43 0 0.00000000 0.00000000 0.00 0.00 0.00 88.02 85.91 90.00 
0 0 0 0 0 0 2.46 0 0.00000000 0.00000000 0.00 0.00 0.00 88.02 85.91 90.00 
0 0 0 0 0 0 2.48 0 0.00000000 0.00000000 0.00 0.00 0.00 88.02 85.91 90.00 
0 0 0 0 0 0 2.50 0 0.00000000 0.00000000 0.00 0.00 0.00 88.02 85.91 90.00 
0 0 0 0 0 0 2.53 0 0.00000000 0.00000000 0.00 0.00 0.00 88.02 85.91 90.00 
0 0 0 0 0 0 2.56 0 0.00000000 0.00000000 0.00 0.00 0.00 88.02 85.91 90.00 
0 0 0 0 0 0 2.58 0 0.00000000 0.00000000 0.00 0.00 0.00 88.02 85.91 90.00 
0 0 0 0 0 0 2.63 0 0.00000000 0.00000000 0.00 0.00 0.00 88.02 85.91 90.00 
0 0 0 0 0 0 2.66 0 0.00000000 0.00000000 0.00 0.00 0.00 88.02 85.91 90.00 
0 0 0 0 0 0 2.68 0 0.00000000 0.00000000 0.00 0.00 0.00 88.02 85.91 90.00 
0 0 0 0 0 0 2.71 0 0.00000000 0.00000000 0.00 0.00 0.00 88.02 85.91 90.00 
0 0 0 0 0 0 2.73 0 0.00000000 0.00000000 0.00 0.00 0.00 88.02 85.91 90.00 
0 0 0 0 0 0 2.76 0 0.00000000 0.00000000 0.00 0.00 0.00 88.02 85.91 90.00 
0 0 0 0 0 0 2.78 0 0.00000000 0.00000000 0.00 0.00 0.00 88.02 85.91 90.00 
0 0 0 0 0 0 2.81 0 0.00000000 0.00000000 0.00 0.00 0.00 88.02 85.91 90.00 
0 0 0 0 0 0 2.83 0 0.00000000 0.00000000 0.00 0.00 0.00 88.02 85.91 90.00 
0 0 0 0 0 0 2.86 0 0.00000000 0.00000000 0.00 0.00 0.00 88.02 85.91 90.00 
0 0 0 0 0 0 2.88 0 0.00000000 0.00000000 0.00 0.00 0.00 88.02 85.91 90.00 
0 0 0 0 0 0 2.91 0 0.00000000 0.00000000 0.00 0.00 0.00 88.02 85.91 90.00 
0 0 0 0 0 0 2.94 0 0.00000000 0.00000000 0.00 0.00 0.00 88.02 85.91 90.00 
0 0 0 0 0 0 2.96 0 0.00000000 0.00000000 0.00 0.00 0.00 88.02 85.91 90.00 
0 0 0 0 0 0 2.99 0 0.00000000 0.00000000 0.00 0.00 0.00 88.02 85.91 90.00 
0 0 0 0 0 0 3.02 0 0.00000000 0.00000000 0.00 0.00 0.00 88.50 85.42 90.00 
0 0 0 0 0 0 3.04 0 0.00000000 0.00000000 0.00 0.00 0.00 88.50 85.42 90.00 
0 0 0 0 0 0 3.07 0 0.00000000 0.00000000 0.00 0.00 0.00 88.50 85.42 90.00 
0 0 0 0 0 0 3.09 0 0.00000000 0.00000000 0.00 0.00 0.00 88.50 85.42 90.00 
0 0 0 0 0 0 3.13 0 0.00000000 0.00000000 0.00 0.00 0.00 88.50 85.42 90.00 
0 0 0 0 0 0 3.15 0 0.00000000 0.00000000 0.00 0.00 0.00 88.50 85.42 90.00 
0 0 0 0 0 0 3.18 0 0.00000000 0.00000000 0.00 0.00 0.00 88.50 85.42 90.00 
0 0 0 0 0 0 3.21 0 0.00000000 0.00000000 0.00 0.00 0.00 88.50 85.42 90.00 
0 0 0 0 0 0 3.23 0 0.00000000 0.00000000 0.00 0.00 0.00 88.50 85.42 90.00 
0 0 0 0 0 0 3.25 0 0.00000000 0.00000000 0.00 0.00 0.00 88.50 85.42 90.00 
0 0 0 0 0 0 3.28 0 0.00000000 0.00000000 0.00 0.00 0.00 88.50 85.42 90.00 
0 0 0 0 0 0 3.30 0 0.00000000 0.00000000 0.00 0.00 0.00 88.50 85.42 90.00 
0 0 0 0 0 0 3.33 0 0.00000000 0.00000000 0.00 0.00 0.00 88.50 85.42 90.00 
0 0 0 0 0 0 3.35 0 0.00000000 0.00000000 0.00 0.00 0.00 88.50 85.42 90.00 
0 0 0 0 0 0 3.38 0 0.00000000 0.00000000 0.00 0.00 0.00 88.50 85.42 90.00 
0 0 0 0 0 0 3.40 0 0.00000000 0.00000000 0.00 0.00 0.00 88.50 85.42 90.00 
0 0 0 0 0 0 3.43 0 0.00000000 0.00000000 0.00 0.00 0.00 88.50 85.42 90.00 
0 0 0 0 0 0 3.45 0 0.00000000 0.00000000 0.00 0.00 0.00 88.50 85.42 90.00 
0 0 0 0 0 0 3.48 0 0.00000000 0.00000000 0.00 0.00 0.00 88.50 85.42 90.00 
0 0 0 0 0 0 3.51 0 0.00000000 0.00000000 0.00 0.00 0.00 88.50 85.42 90.00 
0 0 0 0 0 0 3.53 0 0.00000000 0.00000000 0.00 0.00 0.00 88.50 85.42 90.00 
0 0 0 0 0 0 3.55 0 0.00000000 0.00000000 0.00 0.00 0.00 88.50 85.42 90.00 
0 0 0 0 0 0 3.58 0 0.00000000 0.00000000 0.00 0.00 0.00 88.50 85.42 90.00 
0 0 0 0 0 0 3.60 0 0.00000000 0.00000000 0.00 0.00 0.00 88.50 85.42 90.00 
0 0 0 0 0 0 3.63 0 0.00000000 0.00000000 0.00 0.00 0.00 88.50 85.42 90.00 
0 0 0 0 0 0 3.66 0 0.00000000 0.00000000 0.00 0.00 0.00 88.50 85.42 90.00 
0 0 0 0 0 0 3.68 0 0.00000000 0.00000000 0.00 0.00 0.00 88.50 85.42 90.00 
0 0 0 0 0 0 3.71 0 0.00000000 0.00000000 0.00 0.00 0.00 88.50 85.42 90.00 
0 0 0 0 0 0 3.73 0 0.00000000 0.00000000 0.00 0.00 0.00 88.50 85.42 90.00 
0 0 0 0 0 0 3.76 0 0.00000000 0.00000000 0.00 0.00 0.00 88.50 85.42 90.00 
0 0 0 0 0 0 3.78 0 0.00000000 0.00000000 0.00 0.00 0.00 88.50 85.42 90.00 
0 0 0 0 0 0 3.81 0 0.00000000 0.00000000 0.00 0.00 0.00 88.50 85.42 90.00 
0 0 0 0 0 0 3.84 0 0.00000000 0.00000000 0.00 0.00 0.00 88.50 85.42 90.00 
0 0 0 0 0 0 3.86 0 0.00000000 0.00000000 0.00 0.00 0.00 88.50 85.42 90.00 
0 0 0 0 0 0 3.89 0 0.00000000 0.00000000 0.00 0.00 0.00 88.50 85.42 90.00 
0 0 0 0 0 0 3.91 0 0.00000000 0.00000000 0.00 0.00 0.00 88.50 85.42 90.00 
0 0 0 0 0 0 3.94 0 0.00000000 0.00000000 0.00 0.00 0.00 88.50 85.42 90.00 
0 0 0 0 0 0 3.96 0 0.00000000 0.00000000 0.00 0.00 0.00 88.50 85.42 90.00 
0 0 0 0 0 0 3.99 0 0.00000000 0.00000000 0.00 0.00 0.00 88.50 85.42 90.00 
0 0 0 0 0 0 4.02 0 0.00000000 0.00000000 0.00 0.00 0.00 88.06 85.40 90.00 
0 0 0 0 0 0 4.04 0 0.00000000 0.00000000 0.00 0.00 0.00 88.06 85.40 90.00 
0 0 0 0 0 0 4.07 0 0.00000000 0.00000000 0.00 0.00 0.00 88.06 85.40 90.00 
0 0 0 0 0 0 4.09 0 0.00000000 0.00000000 0.00 0.00 0.00 88.06 85.40 90.00 
0 0 0 0 0 0 4.12 0 0.00000000 0.00000000 0.00 0.00 0.00 88.06 85.40 90.00 
0 0 0 0 0 0 4.15 0 0.00000000 0.00000000 0.00 0.00 0.00 88.06 85.40 90.00 
0 0 0 0 0 0 4.19 0 0.00000000 0.00000000 0.00 0.00 0.00 88.06 85.40 90.00 
0 0 0 0 0 0 4.22 0 0.00000000 0.00000000 0.00 0.00 0.00 88.06 85.40 90.00 
0 0 0 0 0 0 4.24 0 0.00000000 0.00000000 0.00 0.00 0.00 88.06 85.40 90.00 
0 0 0 0 0 0 4.26 0 0.00000000 0.00000000 0.00 0.00 0.00 88.06 85.40 90.00 
0 0 0 0 0 0 4.29 0 0.00000000 0.00000000 0.00 0.00 0.00 88.06 85.40 90.00 
0 0 0 0 0 0 4.32 0 0.00000000 0.00000000 0.00 0.00 0.00 88.06 85.40 90.00 
0 0 0 0 0 0 4.34 0 0.00000000 0.00000000 0.00 0.00 0.00 88.06 85.40 90.00 
0 0 0 0 0 0 4.37 0 0.00000000 0.00000000 0.00 0.00 0.00 88.06 85.40 90.00 
0 0 0 0 0 0 4.39 0 0.00000000 0.00000000 0.00 0.00 0.00 88.06 85.40 90.00 
0 0 0 0 0 0 4.42 0 0.00000000 0.00000000 0.00 0.00 0.00 88.06 85.40 90.00 
0 0 0 0 0 0 4.44 0 0.00000000 0.00000000 0.00 0.00 0.00 88.06 85.40 90.00 
0 0 0 0 0 0 4.47 0 0.00000000 0.00000000 0.00 0.00 0.00 88.06 85.40 90.00 
0 0 0 0 0 0 4.49 0 0.00000000 0.00000000 0.00 0.00 0.00 88.06 85.40 90.00 
0 0 0 0 0 0 4.53 0 0.00000000 0.00000000 0.00 0.00 0.00 88.06 85.40 90.00 
0 0 0 0 0 0 4.55 0 0.00000000 0.00000000 0.00 0.00 0.00 88.06 85.40 90.00 
0 0 0 0 0 0 4.58 0 0.00000000 0.00000000 0.00 0.00 0.00 88.06 85.40 90.00 
0 0 0 0 0 0 4.61 0 0.00000000 0.00000000 0.00 0.00 0.00 88.06 85.40 90.00 
0 0 0 0 0 0 4.63 0 0.00000000 0.00000000 0.00 0.00 0.00 88.06 85.40 90.00 
0 0 0 0 0 0 4.66 0 0.00000000 0.00000000 0.00 0.00 0.00 88.06 85.40 90.00 
0 0 0 0 0 0 4.68 0 0.00000000 0.00000000 0.00 0.00 0.00 88.06 85.40 90.00 
0 0 0 0 0 0 4.71 0 0.00000000 0.00000000 0.00 0.00 0.00 88.06 85.40 90.00 
0 0 0 0 0 0 4.73 0 0.00000000 0.00000000 0.00 0.00 0.00 88.06 85.40 90.00 
0 0 0 0 0 0 4.76 0 0.00000000 0.00000000 0.00 0.00 0.00 88.06 85.40 90.00 
0 0 0 0 0 0 4.78 0 0.00000000 0.00000000 0.00 0.00 0.00 88.06 85.40 90.00 
0 0 0 0 0 0 4.81 0 0.00000000 0.00000000 0.00 0.00 0.00 88.06 85.40 90.00 
0 0 0 0 0 0 4.83 0 0.00000000 0.00000000 0.00 0.00 0.00 88.06 85.40 90.00 
0 0 0 0 0 0 4.86 0 0.00000000 0.00000000 0.00 0.00 0.00 88.06 85.40 90.00 
0 0 0 0 0 0 4.89 0 0.00000000 0.00000000 0.00 0.00 0.00 88.06 85.40 90.00 
0 0 0 0 0 0 4.91 0 0.00000000 0.00000000 0.00 0.00 0.00 88.06 85.40 90.00 
0 0 0 0 0 0 4.94 0 0.00000000 0.00000000 0.00 0.00 0.00 88.06 85.40 90.00 
0 0 0 0 0 0 4.96 0 0.00000000 0.00000000 0.00 0.00 0.00 88.06 85.40 90.00 
0 0 0 0 0 0 4.99 0 0.00000000 0.00000000 0.00 0.00 0.00 88.06 85.40 90.00 
0 0 0 0 0 0 5.02 0 0.00000000 0.00000000 0.00 0.00 0.00 88.27 85.12 90.00 
0 0 0 0 0 0 5.04 0 0.00000000 0.00000000 0.00 0.00 0.00 88.27 85.12 90.00 
0 0 0 0 0 0 5.07 0 0.00000000 0.00000000 0.00 0.00 0.00 88.27 85.12 90.00 
0 0 0 0 0 0 5.09 0 0.00000000 0.00000000 0.00 0.00 0.00 88.27 85.12 90.00 
0 0 0 0 0 0 5.12 0 0.00000000 0.00000000 0.00 0.00 0.00 88.27 85.12 90.00 
0 0 0 0 0 0 5.14 0 0.00000000 0.00000000 0.00 0.00 0.00 88.27 85.12 90.00 
0 0 0 0 0 0 5.17 0 0.00000000 0.00000000 0.00 0.00 0.00 88.27 85.12 90.00 
0 0 0 0 0 0 5.19 0 0.00000000 0.00000000 0.00 0.00 0.00 88.27 85.12 90.00 
0 0 0 0 0 0 5.22 0 0.00000000 0.00000000 0.00 0.00 0.00 88.27 85.12 90.00 
0 0 0 0 0 0 5.25 0 0.00000000 0.00000000 0.00 0.00 0.00 88.27 85.12 90.00 
0 0 0 0 0 0 5.27 0 0.00000000 0.00000000 0.00 0.00 0.00 88.27 85.12 90.00 
0 0 0 0 0 0 5.30 0 0.00000000 0.00000000 0.00 0.00 0.00 88.27 85.12 90.00 
0 0 0 0 0 0 5.32 0 0.00000000 0.00000000 0.00 0.00 0.00 88.27 85.12 90.00 
0 0 0 0 0 0 5.35 0 0.00000000 0.00000000 0.00 0.00 0.00 88.27 85.12 90.00 
0 0 0 0 0 0 5.37 0 0.00000000 0.00000000 0.00 0.00 0.00 88.27 85.12 90.00 
0 0 0 0 0 0 5.40 0 0.00000000 0.00000000 0.00 0.00 0.00 88.27 85.12 90.00 
0 0 0 0 0 0 5.43 0 0.00000000 0.00000000 0.00 0.00 0.00 88.27 85.12 90.00 
0 0 0 0 0 0 5.45 0 0.00000000 0.00000000 0.00 0.00 0.00 88.27 85.12 90.00 
0 0 0 0 0 0 5.48 0 0.00000000 0.00000000 0.00 0.00 0.00 88.27 85.12 90.00 
0 0 0 0 0 0 5.50 0 0.00000000 0.00000000 0.00 0.00 0.00 88.27 85.12 90.00 
0 0 0 0 0 0 5.53 0 0.00000000 0.00000000 0.00 0.00 0.00 88.27 85.12 90.00 
0 0 0 0 0 0 5.55 0 0.00000000 0.00000000 0.00 0.00 0.00 88.27 85.12 90.00 
0 0 0 0 0 0 5.58 0 0.00000000 0.00000000 0.00 0.00 0.00 88.27 85.12 90.00 
0 0 0 0 0 0 5.60 0 0.00000000 0.00000000 0.00 0.00 0.00 88.27 85.12 90.00 
0 0 0 0 0 0 5.63 0 0.00000000 0.00000000 0.00 0.00 0.00 88.27 85.12 90.00 
0 0 0 0 0 0 5.65 0 0.00000000 0.00000000 0.00 0.00 0.00 88.27 85.12 90.00 
0 0 0 0 0 0 5.70 0 0.00000000 0.00000000 0.00 0.00 0.00 88.27 85.12 90.00 
0 0 0 0 0 0 5.73 0 0.00000000 0.00000000 0.00 0.00 0.00 88.27 85.12 90.00 
0 0 0 0 0 0 5.75 0 0.00000000 0.00000000 0.00 0.00 0.00 88.27 85.12 90.00 
0 0 0 0 0 0 5.78 0 0.00000000 0.00000000 0.00 0.00 0.00 88.27 85.12 90.00 
0 0 0 0 0 0 5.80 0 0.00000000 0.00000000 0.00 0.00 0.00 88.27 85.12 90.00 
0 0 0 0 0 0 5.83 0 0.00000000 0.00000000 0.00 0.00 0.00 88.27 85.12 90.00 
0 0 0 0 0 0 5.85 0 0.00000000 0.00000000 0.00 0.00 0.00 88.27 85.12 90.00 
0 0 0 0 0 0 5.88 0 0.00000000 0.00000000 0.00 0.00 0.00 88.27 85.12 90.00 
0 0 0 0 0 0 5.90 0 0.00000000 0.00000000 0.00 0.00 0.00 88.27 85.12 90.00 
0 0 0 0 0 0 5.93 0 0.00000000 0.00000000 0.00 0.00 0.00 88.27 85.12 90.00 
0 0 0 0 0 0 5.97 0 0.00000000 0.00000000 0.00 0.00 0.00 88.27 85.12 90.00 
0 0 0 0 0 0 5.99 0 0.00000000 0.00000000 0.00 0.00 0.00 88.27 85.12 90.00 
0 0 0 0 0 0 6.02 0 0.00000000 0.00000000 0.00 0.00 0.00 87.31 86.48 90.00 
0 0 0 0 0 0 6.05 0 0.00000000 0.00000000 0.00 0.00 0.00 87.31 86.48 90.00 
0 0 0 0 0 0 6.07 0 0.00000000 0.00000000 0.00 0.00 0.00 87.31 86.48 90.00 
0 0 0 0 0 0 6.09 0 0.00000000 0.00000000 0.00 0.00 0.00 87.31 86.48 90.00 
0 0 0 0 0 0 6.12 0 0.00000000 0.00000000 0.00 0.00 0.00 87.31 86.48 90.00 
0 0 0 0 0 0 6.15 0 0.00000000 0.00000000 0.00 0.00 0.00 87.31 86.48 90.00 
0 0 0 0 0 0 6.17 0 0.00000000 0.00000000 0.00 0.00 0.00 87.31 86.48 90.00 
0 0 0 0 0 0 6.20 0 0.00000000 0.00000000 0.00 0.00 0.00 87.31 86.48 90.00 
0 0 0 0 0 0 6.22 0 0.00000000 0.00000000 0.00 0.00 0.00 87.31 86.48 90.00 
0 0 0 0 0 0 6.25 0 0.00000000 0.00000000 0.00 0.00 0.00 87.31 86.48 90.00 
0 0 0 0 0 0 6.27 0 0.00000000 0.00000000 0.00 0.00 0.00 87.31 86.48 90.00 
0 0 0 0 0 0 6.30 0 0.00000000 0.00000000 0.00 0.00 0.00 87.31 86.48 90.00 
0 0 0 0 0 0 6.33 0 0.00000000 0.00000000 0.00 0.00 0.00 87.31 86.48 90.00 
0 0 0 0 0 0 6.35 0 0.00000000 0.00000000 0.00 0.00 0.00 87.31 86.48 90.00 
0 0 0 0 0 0 6.38 0 0.00000000 0.00000000 0.00 0.00 0.00 87.31 86.48 90.00 
0 0 0 0 0 0 6.40 0 0.00000000 0.00000000 0.00 0.00 0.00 87.31 86.48 90.00 
0 0 0 0 0 0 6.43 0 0.00000000 0.00000000 0.00 0.00 0.00 87.31 86.48 90.00 
0 0 0 0 0 0 6.45 0 0.00000000 0.00000000 0.00 0.00 0.00 87.31 86.48 90.00 
0 0 0 0 0 0 6.48 0 0.00000000 0.00000000 0.00 0.00 0.00 87.31 86.48 90.00 
0 0 0 0 0 0 6.51 0 0.00000000 0.00000000 0.00 0.00 0.00 87.31 86.48 90.00 
0 0 0 0 0 0 6.53 0 0.00000000 0.00000000 0.00 0.00 0.00 87.31 86.48 90.00 
0 0 0 0 0 0 6.55 0 0.00000000 0.00000000 0.00 0.00 0.00 87.31 86.48 90.00 
0 0 0 0 0 0 6.58 0 0.00000000 0.00000000 0.00 0.00 0.00 87.31 86.48 90.00 
0 0 0 0 0 0 6.60 0 0.00000000 0.00000000 0.00 0.00 0.00 87.31 86.48 90.00 
0 0 0 0 0 0 6.63 0 0.00000000 0.00000000 0.00 0.00 0.00 87.31 86.48 90.00 
0 0 0 0 0 0 6.66 0 0.00000000 0.00000000 0.00 0.00 0.00 87.31 86.48 90.00 
0 0 0 0 0 0 6.68 0 0.00000000 0.00000000 0.00 0.00 0.00 87.31 86.48 90.00 
0 0 0 0 0 0 6.71 0 0.00000000 0.00000000 0.00 0.00 0.00 87.31 86.48 90.00 
0 0 0 0 0 0 6.73 0 0.00000000 0.00000000 0.00 0.00 0.00 87.31 86.48 90.00 
0 0 0 0 0 0 6.76 0 0.00000000 0.00000000 0.00 0.00 0.00 87.31 86.48 90.00 
0 0 0 0 0 0 6.78 0 0.00000000 0.00000000 0.00 0.00 0.00 87.31 86.48 90.00 
0 0 0 0 0 0 6.81 0 0.00000000 0.00000000 0.00 0.00 0.00 87.31 86.48 90.00 
0 0 0 0 0 0 6.84 0 0.00000000 0.00000000 0.00 0.00 0.00 87.31 86.48 90.00 
0 0 0 0 0 0 6.86 0 0.00000000 0.00000000 0.00 0.00 0.00 87.31 86.48 90.00 
0 0 0 0 0 0 6.89 0 0.00000000 0.00000000 0.00 0.00 0.00 87.31 86.48 90.00 
0 0 0 0 0 0 6.91 0 0.00000000 0.00000000 0.00 0.00 0.00 87.31 86.48 90.00 
0 0 0 0 0 0 6.94 0 0.00000000 0.00000000 0.00 0.00 0.00 87.31 86.48 90.00 
0 0 0 0 0 0 6.96 0 0.00000000 0.00000000 0.00 0.00 0.00 87.31 86.48 90.00 
0 0 0 0 0 0 6.98 0 0.00000000 0.00000000 0.00 0.00 0.00 87.31 86.48 90.00 
0 0 0 0 0 0 7.02 0 0.00000000 0.00000000 0.00 0.00 0.00 88.19 85.60 90.00 
0 0 0 0 0 0 7.04 0 0.00000000 0.00000000 0.00 0.00 0.00 88.19 85.60 90.00 
0 0 0 0 0 0 7.07 0 0.00000000 0.00000000 0.00 0.00 0.00 88.19 85.60 90.00 
0 0 0 0 0 0 7.09 0 0.00000000 0.00000000 0.00 0.00 0.00 88.19 85.60 90.00 
0 0 0 0 0 0 7.12 0 0.00000000 0.00000000 0.00 0.00 0.00 88.19 85.60 90.00 
0 0 0 0 0 0 7.14 0 0.00000000 0.00000000 0.00 0.00 0.00 88.19 85.60 90.00 
0 0 0 0 0 0 7.17 0 0.00000000 0.00000000 0.00 0.00 0.00 88.19 85.60 90.00 
0 0 0 0 0 0 7.21 0 0.00000000 0.00000000 0.00 0.00 0.00 88.19 85.60 90.00 
0 0 0 0 0 0 7.25 0 0.00000000 0.00000000 0.00 0.00 0.00 88.19 85.60 90.00 
0 0 0 0 0 0 7.27 0 0.00000000 0.00000000 0.00 0.00 0.00 88.19 85.60 90.00 
0 0 0 0 0 0 7.30 0 0.00000000 0.00000000 0.00 0.00 0.00 88.19 85.60 90.00 
0 0 0 0 0 0 7.32 0 0.00000000 0.00000000 0.00 0.00 0.00 88.19 85.60 90.00 
0 0 0 0 0 0 7.35 0 0.00000000 0.00000000 0.00 0.00 0.00 88.19 85.60 90.00 
0 0 0 0 0 0 7.37 0 0.00000000 0.00000000 0.00 0.00 0.00 88.19 85.60 90.00 
0 0 0 0 0 0 7.41 0 0.00000000 0.00000000 0.00 0.00 0.00 88.19 85.60 90.00 
0 0 0 0 0 0 7.44 0 0.00000000 0.00000000 0.00 0.00 0.00 88.19 85.60 90.00 
0 0 0 0 0 0 7.46 0 0.00000000 0.00000000 0.00 0.00 0.00 88.19 85.60 90.00 
0 0 0 0 0 0 7.48 0 0.00000000 0.00000000 0.00 0.00 0.00 88.19 85.60 90.00 
0 0 0 0 0 0 7.51 0 0.00000000 0.00000000 0.00 0.00 0.00 88.19 85.60 90.00 
0 0 0 0 0 0 7.53 0 0.00000000 0.00000000 0.00 0.00 0.00 88.19 85.60 90.00 
0 0 0 0 0 0 7.56 0 0.00000000 0.00000000 0.00 0.00 0.00 88.19 85.60 90.00 
0 0 0 0 0 0 7.59 0 0.00000000 0.00000000 0.00 0.00 0.00 88.19 85.60 90.00 
0 0 0 0 0 0 7.61 0 0.00000000 0.00000000 0.00 0.00 0.00 88.19 85.60 90.00 
0 0 0 0 0 0 7.64 0 0.00000000 0.00000000 0.00 0.00 0.00 88.19 85.60 90.00 
0 0 0 0 0 0 7.66 0 0.00000000 0.00000000 0.00 0.00 0.00 88.19 85.60 90.00 
0 0 0 0 0 0 7.69 0 0.00000000 0.00000000 0.00 0.00 0.00 88.19 85.60 90.00 
0 0 0 0 0 0 7.71 0 0.00000000 0.00000000 0.00 0.00 0.00 88.19 85.60 90.00 
0 0 0 0 0 0 7.74 0 0.00000000 0.00000000 0.00 0.00 0.00 88.19 85.60 90.00 
0 0 0 0 0 0 7.76 0 0.00000000 0.00000000 0.00 0.00 0.00 88.19 85.60 90.00 
0 0 0 0 0 0 7.79 0 0.00000000 0.00000000 0.00 0.00 0.00 88.19 85.60 90.00 
0 0 0 0 0 0 7.82 0 0.00000000 0.00000000 0.00 0.00 0.00 88.19 85.60 90.00 
0 0 0 0 0 0 7.84 0 0.00000000 0.00000000 0.00 0.00 0.00 88.19 85.60 90.00 
0 0 0 0 0 0 7.86 0 0.00000000 0.00000000 0.00 0.00 0.00 88.19 85.60 90.00 
0 0 0 0 0 0 7.89 0 0.00000000 0.00000000 0.00 0.00 0.00 88.19 85.60 90.00 
0 0 0 0 0 0 7.92 0 0.00000000 0.00000000 0.00 0.00 0.00 88.19 85.60 90.00 
0 0 0 0 0 0 7.94 0 0.00000000 0.00000000 0.00 0.00 0.00 88.19 85.60 90.00 
0 0 0 0 0 0 7.97 0 0.00000000 0.00000000 0.00 0.00 0.00 88.19 85.60 90.00 
0 0 0 0 0 0 7.99 0 0.00000000 0.00000000 0.00 0.00 0.00 88.19 85.60 90.00 
0 0 0 0 0 0 8.02 0 0.00000000 0.00000000 0.00 0.00 0.00 88.23 85.20 90.00 
0 0 0 0 0 0 8.05 0 0.00000000 0.00000000 0.00 0.00 0.00 88.23 85.20 90.00 
0 0 0 0 0 0 8.07 0 0.00000000 0.00000000 0.00 0.00 0.00 88.23 85.20 90.00 
0 0 0 0 0 0 8.10 0 0.00000000 0.00000000 0.00 0.00 0.00 88.23 85.20 90.00 
0 0 0 0 0 0 8.13 0 0.00000000 0.00000000 0.00 0.00 0.00 88.23 85.20 90.00 
0 0 0 0 0 0 8.15 0 0.00000000 0.00000000 0.00 0.00 0.00 88.23 85.20 90.00 
0 0 0 0 0 0 8.18 0 0.00000000 0.00000000 0.00 0.00 0.00 88.23 85.20 90.00 
0 0 0 0 0 0 8.20 0 0.00000000 0.00000000 0.00 0.00 0.00 88.23 85.20 90.00 
0 0 0 0 0 0 8.23 0 0.00000000 0.00000000 0.00 0.00 0.00 88.23 85.20 90.00 
0 0 0 0 0 0 8.25 0 0.00000000 0.00000000 0.00 0.00 0.00 88.23 85.20 90.00 
0 0 0 0 0 0 8.28 0 0.00000000 0.00000000 0.00 0.00 0.00 88.23 85.20 90.00 
0 0 0 0 0 0 8.30 0 0.00000000 0.00000000 0.00 0.00 0.00 88.23 85.20 90.00 
0 0 0 0 0 0 8.33 0 0.00000000 0.00000000 0.00 0.00 0.00 88.23 85.20 90.00 
0 0 0 0 0 0 8.35 0 0.00000000 0.00000000 0.00 0.00 0.00 88.23 85.20 90.00 
0 0 0 0 0 0 8.38 0 0.00000000 0.00000000 0.00 0.00 0.00 88.23 85.20 90.00 
0 0 0 0 0 0 8.40 0 0.00000000 0.00000000 0.00 0.00 0.00 88.23 85.20 90.00 
0 0 0 0 0 0 8.43 0 0.00000000 0.00000000 0.00 0.00 0.00 88.23 85.20 90.00 
0 0 0 0 0 0 8.46 0 0.00000000 0.00000000 0.00 0.00 0.00 88.23 85.20 90.00 
0 0 0 0 0 0 8.48 0 0.00000000 0.00000000 0.00 0.00 0.00 88.23 85.20 90.00 
0 0 0 0 0 0 8.51 0 0.00000000 0.00000000 0.00 0.00 0.00 88.23 85.20 90.00 
0 0 0 0 0 0 8.53 0 0.00000000 0.00000000 0.00 0.00 0.00 88.23 85.20 90.00 
0 0 0 0 0 0 8.56 0 0.00000000 0.00000000 0.00 0.00 0.00 88.23 85.20 90.00 
0 0 0 0 0 0 8.58 0 0.00000000 0.00000000 0.00 0.00 0.00 88.23 85.20 90.00 
0 0 0 0 0 0 8.61 0 0.00000000 0.00000000 0.00 0.00 0.00 88.23 85.20 90.00 
0 0 0 0 0 0 8.63 0 0.00000000 0.00000000 0.00 0.00 0.00 88.23 85.20 90.00 
0 0 0 0 0 0 8.66 0 0.00000000 0.00000000 0.00 0.00 0.00 88.23 85.20 90.00 
0 0 0 0 0 0 8.68 0 0.00000000 0.00000000 0.00 0.00 0.00 88.23 85.20 90.00 
0 0 0 0 0 0 8.71 0 0.00000000 0.00000000 0.00 0.00 0.00 88.23 85.20 90.00 
0 0 0 0 0 0 8.74 0 0.00000000 0.00000000 0.00 0.00 0.00 88.23 85.20 90.00 
0 0 0 0 0 0 8.78 0 0.00000000 0.00000000 0.00 0.00 0.00 88.23 85.20 90.00 
0 0 0 0 0 0 8.82 0 0.00000000 0.00000000 0.00 0.00 0.00 88.23 85.20 90.00 
0 0 0 0 0 0 8.85 0 0.00000000 0.00000000 0.00 0.00 0.00 88.23 85.20 90.00 
0 0 0 0 0 0 8.87 0 0.00000000 0.00000000 0.00 0.00 0.00 88.23 85.20 90.00 
0 0 0 0 0 0 8.90 0 0.00000000 0.00000000 0.00 0.00 0.00 88.23 85.20 90.00 
0 0 0 0 0 0 8.92 0 0.00000000 0.00000000 0.00 0.00 0.00 88.23 85.20 90.00 
0 0 0 0 0 0 8.95 0 0.00000000 0.00000000 0.00 0.00 0.00 88.23 85.20 90.00 
0 0 0 0 0 0 8.97 0 0.00000000 0.00000000 0.00 0.00 0.00 88.23 85.20 90.00 
0 0 0 0 0 0 9.03 0 0.00000000 0.00000000 0.00 0.00 0.00 87.88 85.97 90.00 
0 0 0 0 0 0 9.15 0 0.00000000 0.00000000 0.00 0.00 0.00 87.88 85.97 90.00 
0 0 0 0 0 0 9.28 0 0.00000000 0.00000000 0.00 0.00 0.00 87.88 85.97 90.00 
0 0 0 0 0 0 9.40 0 0.00000000 0.00000000 0.00 0.00 0.00 87.88 85.97 90.00 
0 0 0 0 0 0 9.53 0 0.00000000 0.00000000 0.00 0.00 0.00 87.88 85.97 90.00 
0 0 0 0 0 0 9.61 0 0.00000000 0.00000000 0.00 0.00 0.00 87.88 85.97 90.00 
0 0 0 0 0 0 9.64 0 0.00000000 0.00000000 0.00 0.00 0.00 87.88 85.97 90.00 
0 0 0 0 0 0 9.67 0 0.00000000 0.00000000 0.00 0.00 0.00 87.88 85.97 90.00 
0 0 0 0 0 0 9.69 0 0.00000000 0.00000000 0.00 0.00 0.00 87.88 85.97 90.00 
0 0 0 0 0 0 9.72 0 0.00000000 0.00000000 0.00 0.00 0.00 87.88 85.97 90.00 
0 0 0 0 0 0 9.74 0 0.00000000 0.00000000 0.00 0.00 0.00 87.88 85.97 90.00 
0 0 0 0 0 0 9.77 0 0.00000000 0.00000000 0.00 0.00 0.00 87.88 85.97 90.00 
0 0 0 0 0 0 9.79 0 0.00000000 0.00000000 0.00 0.00 0.00 87.88 85.97 90.00 
0 0 0 0 0 0 9.81 0 0.00000000 0.00000000 0.00 0.00 0.00 87.88 85.97 90.00 
0 0 0 0 0 0 9.84 0 0.00000000 0.00000000 0.00 0.00 0.00 87.88 85.97 90.00 
0 0 0 0 0 0 9.87 0 0.00000000 0.00000000 0.00 0.00 0.00 87.88 85.97 90.00 
0 0 0 0 0 0 9.89 0 0.00000000 0.00000000 0.00 0.00 0.00 87.88 85.97 90.00 
0 0 0 0 0 0 9.92 0 0.00000000 0.00000000 0.00 0.00 0.00 87.88 85.97 90.00 
0 0 0 0 0 0 9.94 0 0.00000000 0.00000000 0.00 0.00 0.00 87.88 85.97 90.00 
0 0 0 0 0 0 9.97 0 0.00000000 0.00000000 0.00 0.00 0.00 87.88 85.97 90.00 
0 0 0 0 0 0 10.00 0 0.00000000 0.00000000 0.00 0.00 0.00 87.88 85.97 90.00 
0 0 0 0 0 0 10.03 0 0.00000000 0.00000000 0.00 0.00 0.00 88.65 84.95 90.00 
0 0 0 0 0 0 10.05 0 0.00000000 0.00000000 0.00 0.00 0.00 88.65 84.95 90.00 
0 0 0 0 0 0 10.08 0 0.00000000 0.00000000 0.00 0.00 0.00 88.65 84.95 90.00 
0 0 0 0 0 0 10.10 0 0.00000000 0.00000000 0.00 0.00 0.00 88.65 84.95 90.00 
0 0 0 0 0 0 10.13 0 0.00000000 0.00000000 0.00 0.00 0.00 88.65 84.95 90.00 
0 0 0 0 0 0 10.15 0 0.00000000 0.00000000 0.00 0.00 0.00 88.65 84.95 90.00 
0 0 0 0 0 0 10.18 0 0.00000000 0.00000000 0.00 0.00 0.00 88.65 84.95 90.00 
0 0 0 0 0 0 10.21 0 0.00000000 0.00000000 0.00 0.00 0.00 88.65 84.95 90.00 
0 0 0 0 0 0 10.23 0 0.00000000 0.00000000 0.00 0.00 0.00 88.65 84.95 90.00 
0 0 0 0 0 0 10.26 0 0.00000000 0.00000000 0.00 0.00 0.00 88.65 84.95 90.00 
0 0 0 0 0 0 10.28 0 0.00000000 0.00000000 0.00 0.00 0.00 88.65 84.95 90.00 
0 0 0 0 0 0 10.31 0 0.00000000 0.00000000 0.00 0.00 0.00 88.65 84.95 90.00 
0 0 0 0 0 0 10.33 0 0.00000000 0.00000000 0.00 0.00 0.00 88.65 84.95 90.00 
0 0 0 0 0 0 10.36 0 0.00000000 0.00000000 0.00 0.00 0.00 88.65 84.95 90.00 
0 0 0 0 0 0 10.38 0 0.00000000 0.00000000 0.00 0.00 0.00 88.65 84.95 90.00 
0 0 0 0 0 0 10.41 0 0.00000000 0.00000000 0.00 0.00 0.00 88.65 84.95 90.00 
0 0 0 0 0 0 10.43 0 0.00000000 0.00000000 0.00 0.00 0.00 88.65 84.95 90.00 
0 0 0 0 0 0 10.46 0 0.00000000 0.00000000 0.00 0.00 0.00 88.65 84.95 90.00 
0 0 0 0 0 0 10.48 0 0.00000000 0.00000000 0.00 0.00 0.00 88.65 84.95 90.00 
0 0 0 0 0 0 10.51 0 0.00000000 0.00000000 0.00 0.00 0.00 88.65 84.95 90.00 
0 0 0 0 0 0 10.54 0 0.00000000 0.00000000 0.00 0.00 0.00 88.65 84.95 90.00 
0 0 0 0 0 0 10.56 0 0.00000000 0.00000000 0.00 0.00 0.00 88.65 84.95 90.00 
0 0 0 0 0 0 10.59 0 0.00000000 0.00000000 0.00 0.00 0.00 88.65 84.95 90.00 
0 0 0 0 0 0 10.61 0 0.00000000 0.00000000 0.00 0.00 0.00 88.65 84.95 90.00 
0 0 0 0 0 0 10.64 0 0.00000000 0.00000000 0.00 0.00 0.00 88.65 84.95 90.00 
0 0 0 0 0 0 10.66 0 0.00000000 0.00000000 0.00 0.00 0.00 88.65 84.95 90.00 
0 0 0 0 0 0 10.70 0 0.00000000 0.00000000 0.00 0.00 0.00 88.65 84.95 90.00 
0 0 0 0 0 0 10.73 0 0.00000000 0.00000000 0.00 0.00 0.00 88.65 84.95 90.00 
0 0 0 0 0 0 10.75 0 0.00000000 0.00000000 0.00 0.00 0.00 88.65 84.95 90.00 
0 0 0 0 0 0 10.80 0 0.00000000 0.00000000 0.00 0.00 0.00 88.65 84.95 90.00 
0 0 0 0 0 0 10.82 0 0.00000000 0.00000000 0.00 0.00 0.00 88.65 84.95 90.00 
0 0 0 0 0 0 10.85 0 0.00000000 0.00000000 0.00 0.00 0.00 88.65 84.95 90.00 
0 0 0 0 0 0 10.87 0 0.00000000 0.00000000 0.00 0.00 0.00 88.65 84.95 90.00 
0 0 0 0 0 0 10.90 0 0.00000000 0.00000000 0.00 0.00 0.00 88.65 84.95 90.00 
0 0 0 0 0 0 10.93 0 0.00000000 0.00000000 0.00 0.00 0.00 88.65 84.95 90.00 
0 0 0 0 0 0 10.95 0 0.00000000 0.00000000 0.00 0.00 0.00 88.65 84.95 90.00 
0 0 0 0 0 0 10.98 0 0.00000000 0.00000000 0.00 0.00 0.00 88.65 84.95 90.00 
0 0 0 0 0 0 11.01 0 0.00000000 0.00000000 0.00 0.00 0.00 87.29 86.10 90.00 
0 0 0 0 0 0 11.03 0 0.00000000 0.00000000 0.00 0.00 0.00 87.29 86.10 90.00 
0 0 0 0 0 0 11.06 0 0.00000000 0.00000000 0.00 0.00 0.00 87.29 86.10 90.00 
0 0 0 0 0 0 11.09 0 0.00000000 0.00000000 0.00 0.00 0.00 87.29 86.10 90.00 
0 0 0 0 0 0 11.11 0 0.00000000 0.00000000 0.00 0.00 0.00 87.29 86.10 90.00 
0 0 0 0 0 0 11.14 0 0.00000000 0.00000000 0.00 0.00 0.00 87.29 86.10 90.00 
0 0 0 0 0 0 11.16 0 0.00000000 0.00000000 0.00 0.00 0.00 87.29 86.10 90.00 
0 0 0 0 0 0 11.19 0 0.00000000 0.00000000 0.00 0.00 0.00 87.29 86.10 90.00 
0 0 0 0 0 0 11.21 0 0.00000000 0.00000000 0.00 0.00 0.00 87.29 86.10 90.00 
0 0 0 0 0 0 11.24 0 0.00000000 0.00000000 0.00 0.00 0.00 87.29 86.10 90.00 
0 0 0 0 0 0 11.27 0 0.00000000 0.00000000 0.00 0.00 0.00 87.29 86.10 90.00 
0 0 0 0 0 0 11.29 0 0.00000000 0.00000000 0.00 0.00 0.00 87.29 86.10 90.00 
0 0 0 0 0 0 11.32 0 0.00000000 0.00000000 0.00 0.00 0.00 87.29 86.10 90.00 
0 0 0 0 0 0 11.34 0 0.00000000 0.00000000 0.00 0.00 0.00 87.29 86.10 90.00 
0 0 0 0 0 0 11.37 0 0.00000000 0.00000000 0.00 0.00 0.00 87.29 86.10 90.00 
0 0 0 0 0 0 11.39 0 0.00000000 0.00000000 0.00 0.00 0.00 87.29 86.10 90.00 
0 0 0 0 0 0 11.42 0 0.00000000 0.00000000 0.00 0.00 0.00 87.29 86.10 90.00 
0 0 0 0 0 0 11.44 0 0.00000000 0.00000000 0.00 0.00 0.00 87.29 86.10 90.00 
0 0 0 0 0 0 11.47 0 0.00000000 0.00000000 0.00 0.00 0.00 87.29 86.10 90.00 
0 0 0 0 0 0 11.49 0 0.00000000 0.00000000 0.00 0.00 0.00 87.29 86.10 90.00 
0 0 0 0 0 0 11.52 0 0.00000000 0.00000000 0.00 0.00 0.00 87.29 86.10 90.00 
0 0 0 0 0 0 11.54 0 0.00000000 0.00000000 0.00 0.00 0.00 87.29 86.10 90.00 
0 0 0 0 0 0 11.57 0 0.00000000 0.00000000 0.00 0.00 0.00 87.29 86.10 90.00 
0 0 0 0 0 0 11.60 0 0.00000000 0.00000000 0.00 0.00 0.00 87.29 86.10 90.00 
0 0 0 0 0 0 11.62 0 0.00000000 0.00000000 0.00 0.00 0.00 87.29 86.10 90.00 
0 0 0 0 0 0 11.65 0 0.00000000 0.00000000 0.00 0.00 0.00 87.29 86.10 90.00 
0 0 0 0 0 0 11.67 0 0.00000000 0.00000000 0.00 0.00 0.00 87.29 86.10 90.00 
0 0 0 0 0 0 11.70 0 0.00000000 0.00000000 0.00 0.00 0.00 87.29 86.10 90.00 
0 0 0 0 0 0 11.72 0 0.00000000 0.00000000 0.00 0.00 0.00 87.29 86.10 90.00 
0 0 0 0 0 0 11.75 0 0.00000000 0.00000000 0.00 0.00 0.00 87.29 86.10 90.00 
0 0 0 0 0 0 11.78 0 0.00000000 0.00000000 0.00 0.00 0.00 87.29 86.10 90.00 
0 0 0 0 0 0 11.80 0 0.00000000 0.00000000 0.00 0.00 0.00 87.29 86.10 90.00 
0 0 0 0 0 0 11.83 0 0.00000000 0.00000000 0.00 0.00 0.00 87.29 86.10 90.00 
0 0 0 0 0 0 11.85 0 0.00000000 0.00000000 0.00 0.00 0.00 87.29 86.10 90.00 
0 0 0 0 0 0 11.88 0 0.00000000 0.00000000 0.00 0.00 0.00 87.29 86.10 90.00 
0 0 0 0 0 0 11.90 0 0.00000000 0.00000000 0.00 0.00 0.00 87.29 86.10 90.00 
0 0 0 0 0 0 11.93 0 0.00000000 0.00000000 0.00 0.00 0.00 87.29 86.10 90.00 
0 0 0 0 0 0 11.95 0 0.00000000 0.00000000 0.00 0.00 0.00 87.29 86.10 90.00 
0 0 0 0 0 0 11.98 0 0.00000000 0.00000000 0.00 0.00 0.00 87.29 86.10 90.00 
0 0 0 0 0 0 12.01 0 0.00000000 0.00000000 0.00 0.00 0.00 88.04 85.53 90.00 
0 0 0 0 0 0 12.03 0 0.00000000 0.00000000 0.00 0.00 0.00 88.04 85.53 90.00 
0 0 0 0 0 0 12.06 0 0.00000000 0.00000000 0.00 0.00 0.00 88.04 85.53 90.00 
0 0 0 0 0 0 12.09 0 0.00000000 0.00000000 0.00 0.00 0.00 88.04 85.53 90.00 
0 0 0 0 0 0 12.12 0 0.00000000 0.00000000 0.00 0.00 0.00 88.04 85.53 90.00 
0 0 0 0 0 0 12.15 0 0.00000000 0.00000000 0.00 0.00 0.00 88.04 85.53 90.00 
0 0 0 0 0 0 12.17 0 0.00000000 0.00000000 0.00 0.00 0.00 88.04 85.53 90.00 
0 0 0 0 0 0 12.20 0 0.00000000 0.00000000 0.00 0.00 0.00 88.04 85.53 90.00 
0 0 0 0 0 0 12.22 0 0.00000000 0.00000000 0.00 0.00 0.00 88.04 85.53 90.00 
0 0 0 0 0 0 12.25 0 0.00000000 0.00000000 0.00 0.00 0.00 88.04 85.53 90.00 
0 0 0 0 0 0 12.27 0 0.00000000 0.00000000 0.00 0.00 0.00 88.04 85.53 90.00 
0 0 0 0 0 0 12.31 0 0.00000000 0.00000000 0.00 0.00 0.00 88.04 85.53 90.00 
0 0 0 0 0 0 12.35 0 0.00000000 0.00000000 0.00 0.00 0.00 88.04 85.53 90.00 
0 0 0 0 0 0 12.37 0 0.00000000 0.00000000 0.00 0.00 0.00 88.04 85.53 90.00 
0 0 0 0 0 0 12.40 0 0.00000000 0.00000000 0.00 0.00 0.00 88.04 85.53 90.00 
0 0 0 0 0 0 12.42 0 0.00000000 0.00000000 0.00 0.00 0.00 88.04 85.53 90.00 
0 0 0 0 0 0 12.45 0 0.00000000 0.00000000 0.00 0.00 0.00 88.04 85.53 90.00 
0 0 0 0 0 0 12.47 0 0.00000000 0.00000000 0.00 0.00 0.00 88.04 85.53 90.00 
0 0 0 0 0 0 12.50 0 0.00000000 0.00000000 0.00 0.00 0.00 88.04 85.53 90.00 
0 0 0 0 0 0 12.53 0 0.00000000 0.00000000 0.00 0.00 0.00 88.04 85.53 90.00 
0 0 0 0 0 0 12.55 0 0.00000000 0.00000000 0.00 0.00 0.00 88.04 85.53 90.00 
0 0 0 0 0 0 12.57 0 0.00000000 0.00000000 0.00 0.00 0.00 88.04 85.53 90.00 
0 0 0 0 0 0 12.60 0 0.00000000 0.00000000 0.00 0.00 0.00 88.04 85.53 90.00 
0 0 0 0 0 0 12.63 0 0.00000000 0.00000000 0.00 0.00 0.00 88.04 85.53 90.00 
0 0 0 0 0 0 12.65 0 0.00000000 0.00000000 0.00 0.00 0.00 88.04 85.53 90.00 
0 0 0 0 0 0 12.68 0 0.00000000 0.00000000 0.00 0.00 0.00 88.04 85.53 90.00 
0 0 0 0 0 0 12.70 0 0.00000000 0.00000000 0.00 0.00 0.00 88.04 85.53 90.00 
0 0 0 0 0 0 12.73 0 0.00000000 0.00000000 0.00 0.00 0.00 88.04 85.53 90.00 
0 0 0 0 0 0 12.75 0 0.00000000 0.00000000 0.00 0.00 0.00 88.04 85.53 90.00 
0 0 0 0 0 0 12.78 0 0.00000000 0.00000000 0.00 0.00 0.00 88.04 85.53 90.00 
0 0 0 0 0 0 12.80 0 0.00000000 0.00000000 0.00 0.00 0.00 88.04 85.53 90.00 
0 0 0 0 0 0 12.83 0 0.00000000 0.00000000 0.00 0.00 0.00 88.04 85.53 90.00 
0 0 0 0 0 0 12.86 0 0.00000000 0.00000000 0.00 0.00 0.00 88.04 85.53 90.00 
0 0 0 0 0 0 12.88 0 0.00000000 0.00000000 0.00 0.00 0.00 88.04 85.53 90.00 
0 0 0 0 0 0 12.91 0 0.00000000 0.00000000 0.00 0.00 0.00 88.04 85.53 90.00 
0 0 0 0 0 0 12.93 0 0.00000000 0.00000000 0.00 0.00 0.00 88.04 85.53 90.00 
0 0 0 0 0 0 12.96 0 0.00000000 0.00000000 0.00 0.00 0.00 88.04 85.53 90.00 
0 0 0 0 0 0 12.98 0 0.00000000 0.00000000 0.00 0.00 0.00 88.04 85.53 90.00 
0 0 0 0 0 0 13.02 0 0.00000000 0.00000000 0.00 0.00 0.00 87.96 85.29 90.00 
0 0 0 0 0 0 13.04 0 0.00000000 0.00000000 0.00 0.00 0.00 87.96 85.29 90.00 
0 0 0 0 0 0 13.07 0 0.00000000 0.00000000 0.00 0.00 0.00 87.96 85.29 90.00 
0 0 0 0 0 0 13.09 0 0.00000000 0.00000000 0.00 0.00 0.00 87.96 85.29 90.00 
0 0 0 0 0 0 13.12 0 0.00000000 0.00000000 0.00 0.00 0.00 87.96 85.29 90.00 
0 0 0 0 0 0 13.14 0 0.00000000 0.00000000 0.00 0.00 0.00 87.96 85.29 90.00 
0 0 0 0 0 0 13.17 0 0.00000000 0.00000000 0.00 0.00 0.00 87.96 85.29 90.00 
0 0 0 0 0 0 13.19 0 0.00000000 0.00000000 0.00 0.00 0.00 87.96 85.29 90.00 
0 0 0 0 0 0 13.22 0 0.00000000 0.00000000 0.00 0.00 0.00 87.96 85.29 90.00 
0 0 0 0 0 0 13.25 0 0.00000000 0.00000000 0.00 0.00 0.00 87.96 85.29 90.00 
0 0 0 0 0 0 13.27 0 0.00000000 0.00000000 0.00 0.00 0.00 87.96 85.29 90.00 
0 0 0 0 0 0 13.30 0 0.00000000 0.00000000 0.00 0.00 0.00 87.96 85.29 90.00 
0 0 0 0 0 0 13.32 0 0.00000000 0.00000000 0.00 0.00 0.00 87.96 85.29 90.00 
0 0 0 0 0 0 13.35 0 0.00000000 0.00000000 0.00 0.00 0.00 87.96 85.29 90.00 
0 0 0 0 0 0 13.37 0 0.00000000 0.00000000 0.00 0.00 0.00 87.96 85.29 90.00 
0 0 0 0 0 0 13.40 0 0.00000000 0.00000000 0.00 0.00 0.00 87.96 85.29 90.00 
0 0 0 0 0 0 13.42 0 0.00000000 0.00000000 0.00 0.00 0.00 87.96 85.29 90.00 
0 0 0 0 0 0 13.45 0 0.00000000 0.00000000 0.00 0.00 0.00 87.96 85.29 90.00 
0 0 0 0 0 0 13.47 0 0.00000000 0.00000000 0.00 0.00 0.00 87.96 85.29 90.00 
0 0 0 0 0 0 13.50 0 0.00000000 0.00000000 0.00 0.00 0.00 87.96 85.29 90.00 
0 0 0 0 0 0 13.54 0 0.00000000 0.00000000 0.00 0.00 0.00 87.96 85.29 90.00 
0 0 0 0 0 0 13.56 0 0.00000000 0.00000000 0.00 0.00 0.00 87.96 85.29 90.00 
0 0 0 0 0 0 13.59 0 0.00000000 0.00000000 0.00 0.00 0.00 87.96 85.29 90.00 
0 0 0 0 0 0 13.61 0 0.00000000 0.00000000 0.00 0.00 0.00 87.96 85.29 90.00 
0 0 0 0 0 0 13.64 0 0.00000000 0.00000000 0.00 0.00 0.00 87.96 85.29 90.00 
0 0 0 0 0 0 13.66 0 0.00000000 0.00000000 0.00 0.00 0.00 87.96 85.29 90.00 
0 0 0 0 0 0 13.69 0 0.00000000 0.00000000 0.00 0.00 0.00 87.96 85.29 90.00 
0 0 0 0 0 0 13.72 0 0.00000000 0.00000000 0.00 0.00 0.00 87.96 85.29 90.00 
0 0 0 0 0 0 13.74 0 0.00000000 0.00000000 0.00 0.00 0.00 87.96 85.29 90.00 
0 0 0 0 0 0 13.77 0 0.00000000 0.00000000 0.00 0.00 0.00 87.96 85.29 90.00 
0 0 0 0 0 0 13.79 0 0.00000000 0.00000000 0.00 0.00 0.00 87.96 85.29 90.00 
0 0 0 0 0 0 13.81 0 0.00000000 0.00000000 0.00 0.00 0.00 87.96 85.29 90.00 
0 0 0 0 0 0 13.85 0 0.00000000 0.00000000 0.00 0.00 0.00 87.96 85.29 90.00 
0 0 0 0 0 0 13.89 0 0.00000000 0.00000000 0.00 0.00 0.00 87.96 85.29 90.00 
0 0 0 0 0 0 13.91 0 0.00000000 0.00000000 0.00 0.00 0.00 87.96 85.29 90.00 
0 0 0 0 0 0 13.94 0 0.00000000 0.00000000 0.00 0.00 0.00 87.96 85.29 90.00 
0 0 0 0 0 0 13.96 0 0.00000000 0.00000000 0.00 0.00 0.00 87.96 85.29 90.00 
0 0 0 0 0 0 13.99 0 0.00000000 0.00000000 0.00 0.00 0.00 87.96 85.29 90.00 
0 0 0 0 0 0 14.02 0 0.00000000 0.00000000 0.00 0.00 0.00 87.66 85.61 90.00 
0 0 0 0 0 0 14.05 0 0.00000000 0.00000000 0.00 0.00 0.00 87.66 85.61 90.00 
0 0 0 0 0 0 14.07 0 0.00000000 0.00000000 0.00 0.00 0.00 87.66 85.61 90.00 
0 0 0 0 0 0 14.10 0 0.00000000 0.00000000 0.00 0.00 0.00 87.66 85.61 90.00 
0 0 0 0 0 0 14.12 0 0.00000000 0.00000000 0.00 0.00 0.00 87.66 85.61 90.00 
0 0 0 0 0 0 14.15 0 0.00000000 0.00000000 0.00 0.00 0.00 87.66 85.61 90.00 
0 0 0 0 0 0 14.17 0 0.00000000 0.00000000 0.00 0.00 0.00 87.66 85.61 90.00 
0 0 0 0 0 0 14.20 0 0.00000000 0.00000000 0.00 0.00 0.00 87.66 85.61 90.00 
0 0 0 0 0 0 14.22 0 0.00000000 0.00000000 0.00 0.00 0.00 87.66 85.61 90.00 
0 0 0 0 0 0 14.25 0 0.00000000 0.00000000 0.00 0.00 0.00 87.66 85.61 90.00 
0 0 0 0 0 0 14.28 0 0.00000000 0.00000000 0.00 0.00 0.00 87.66 85.61 90.00 
0 0 0 0 0 0 14.30 0 0.00000000 0.00000000 0.00 0.00 0.00 87.66 85.61 90.00 
0 0 0 0 0 0 14.33 0 0.00000000 0.00000000 0.00 0.00 0.00 87.66 85.61 90.00 
0 0 0 0 0 0 14.35 0 0.00000000 0.00000000 0.00 0.00 0.00 87.66 85.61 90.00 
0 0 0 0 0 0 14.38 0 0.00000000 0.00000000 0.00 0.00 0.00 87.66 85.61 90.00 
0 0 0 0 0 0 14.40 0 0.00000000 0.00000000 0.00 0.00 0.00 87.66 85.61 90.00 
0 0 0 0 0 0 14.43 0 0.00000000 0.00000000 0.00 0.00 0.00 87.66 85.61 90.00 
0 0 0 0 0 0 14.45 0 0.00000000 0.00000000 0.00 0.00 0.00 87.66 85.61 90.00 
0 0 0 0 0 0 14.48 0 0.00000000 0.00000000 0.00 0.00 0.00 87.66 85.61 90.00 
0 0 0 0 0 0 14.50 0 0.00000000 0.00000000 0.00 0.00 0.00 87.66 85.61 90.00 
0 0 0 0 0 0 14.53 0 0.00000000 0.00000000 0.00 0.00 0.00 87.66 85.61 90.00 
0 0 0 0 0 0 14.56 0 0.00000000 0.00000000 0.00 0.00 0.00 87.66 85.61 90.00 
0 0 0 0 0 0 14.58 0 0.00000000 0.00000000 0.00 0.00 0.00 87.66 85.61 90.00 
0 0 0 0 0 0 14.61 0 0.00000000 0.00000000 0.00 0.00 0.00 87.66 85.61 90.00 
0 0 0 0 0 0 14.63 0 0.00000000 0.00000000 0.00 0.00 0.00 87.66 85.61 90.00 
0 0 0 0 0 0 14.66 0 0.00000000 0.00000000 0.00 0.00 0.00 87.66 85.61 90.00 
0 0 0 0 0 0 14.68 0 0.00000000 0.00000000 0.00 0.00 0.00 87.66 85.61 90.00 
0 0 0 0 0 0 14.71 0 0.00000000 0.00000000 0.00 0.00 0.00 87.66 85.61 90.00 
0 0 0 0 0 0 14.73 0 0.00000000 0.00000000 0.00 0.00 0.00 87.66 85.61 90.00 
0 0 0 0 0 0 14.76 0 0.00000000 0.00000000 0.00 0.00 0.00 87.66 85.61 90.00 
0 0 0 0 0 0 14.79 0 0.00000000 0.00000000 0.00 0.00 0.00 87.66 85.61 90.00 
0 0 0 0 0 0 14.81 0 0.00000000 0.00000000 0.00 0.00 0.00 87.66 85.61 90.00 
0 0 0 0 0 0 14.84 0 0.00000000 0.00000000 0.00 0.00 0.00 87.66 85.61 90.00 
0 0 0 0 0 0 14.86 0 0.00000000 0.00000000 0.00 0.00 0.00 87.66 85.61 90.00 
0 0 0 0 0 0 14.89 0 0.00000000 0.00000000 0.00 0.00 0.00 87.66 85.61 90.00 
0 0 0 0 0 0 14.91 0 0.00000000 0.00000000 0.00 0.00 0.00 87.66 85.61 90.00 
0 0 0 0 0 0 14.95 0 0.00000000 0.00000000 0.00 0.00 0.00 87.66 85.61 90.00 
0 0 0 0 0 0 14.98 0 0.00000000 0.00000000 0.00 0.00 0.00 87.66 85.61 90.00 
0 0 0 0 0 0 15.01 0 0.00000000 0.00000000 0.00 0.00 0.00 87.96 85.93 90.00 
0 0 0 0 0 0 15.03 0 0.00000000 0.00000000 0.00 0.00 0.00 87.96 85.93 90.00 
0 0 0 0 0 0 15.06 0 0.00000000 0.00000000 0.00 0.00 0.00 87.96 85.93 90.00 
0 0 0 0 0 0 15.08 0 0.00000000 0.00000000 0.00 0.00 0.00 87.96 85.93 90.00 
0 0 0 0 0 0 15.11 0 0.00000000 0.00000000 0.00 0.00 0.00 87.96 85.93 90.00 
0 0 0 0 0 0 15.15 0 0.00000000 0.00000000 0.00 0.00 0.00 87.96 85.93 90.00 
0 0 0 0 0 0 15.28 0 0.00000000 0.00000000 0.00 0.00 0.00 87.96 85.93 90.00 
0 0 0 0 0 0 15.40 0 0.00000000 0.00000000 0.00 0.00 0.00 87.96 85.93 90.00 
0 0 0 0 0 0 15.53 0 0.00000000 0.00000000 0.00 0.00 0.00 87.96 85.93 90.00 
0 0 0 0 0 0 15.65 0 0.00000000 0.00000000 0.00 0.00 0.00 87.96 85.93 90.00 
0 0 0 0 0 0 15.74 0 0.00000000 0.00000000 0.00 0.00 0.00 87.96 85.93 90.00 
0 0 0 0 0 0 15.76 0 0.00000000 0.00000000 0.00 0.00 0.00 87.96 85.93 90.00 
0 0 0 0 0 0 15.79 0 0.00000000 0.00000000 0.00 0.00 0.00 87.96 85.93 90.00 
0 0 0 0 0 0 15.82 0 0.00000000 0.00000000 0.00 0.00 0.00 87.96 85.93 90.00 
0 0 0 0 0 0 15.84 0 0.00000000 0.00000000 0.00 0.00 0.00 87.96 85.93 90.00 
0 0 0 0 0 0 15.88 0 0.00000000 0.00000000 0.00 0.00 0.00 87.96 85.93 90.00 
0 0 0 0 0 0 15.92 0 0.00000000 0.00000000 0.00 0.00 0.00 87.96 85.93 90.00 
0 0 0 0 0 0 15.94 0 0.00000000 0.00000000 0.00 0.00 0.00 87.96 85.93 90.00 
0 0 0 0 0 0 15.97 0 0.00000000 0.00000000 0.00 0.00 0.00 87.96 85.93 90.00 
0 0 0 0 0 0 15.99 0 0.00000000 0.00000000 0.00 0.00 0.00 87.96 85.93 90.00 
0 0 0 0 0 0 16.02 0 0.00000000 0.00000000 0.00 0.00 0.00 87.67 86.07 90.00 
0 0 0 0 0 0 16.05 0 0.00000000 0.00000000 0.00 0.00 0.00 87.67 86.07 90.00 
0 0 0 0 0 0 16.07 0 0.00000000 0.00000000 0.00 0.00 0.00 87.67 86.07 90.00 
0 0 0 0 0 0 16.10 0 0.00000000 0.00000000 0.00 0.00 0.00 87.67 86.07 90.00 
0 0 0 0 0 0 16.12 0 0.00000000 0.00000000 0.00 0.00 0.00 87.67 86.07 90.00 
0 0 0 0 0 0 16.15 0 0.00000000 0.00000000 0.00 0.00 0.00 87.67 86.07 90.00 
0 0 0 0 0 0 16.18 0 0.00000000 0.00000000 0.00 0.00 0.00 87.67 86.07 90.00 
0 0 0 0 0 0 16.20 0 0.00000000 0.00000000 0.00 0.00 0.00 87.67 86.07 90.00 
0 0 0 0 0 0 16.23 0 0.00000000 0.00000000 0.00 0.00 0.00 87.67 86.07 90.00 
0 0 0 0 0 0 16.25 0 0.00000000 0.00000000 0.00 0.00 0.00 87.67 86.07 90.00 
0 0 0 0 0 0 16.28 0 0.00000000 0.00000000 0.00 0.00 0.00 87.67 86.07 90.00 
0 0 0 0 0 0 16.30 0 0.00000000 0.00000000 0.00 0.00 0.00 87.67 86.07 90.00 
0 0 0 0 0 0 16.33 0 0.00000000 0.00000000 0.00 0.00 0.00 87.67 86.07 90.00 
0 0 0 0 0 0 16.36 0 0.00000000 0.00000000 0.00 0.00 0.00 87.67 86.07 90.00 
0 0 0 0 0 0 16.38 0 0.00000000 0.00000000 0.00 0.00 0.00 87.67 86.07 90.00 
0 0 0 0 0 0 16.41 0 0.00000000 0.00000000 0.00 0.00 0.00 87.67 86.07 90.00 
0 0 0 0 0 0 16.43 0 0.00000000 0.00000000 0.00 0.00 0.00 87.67 86.07 90.00 
0 0 0 0 0 0 16.46 0 0.00000000 0.00000000 0.00 0.00 0.00 87.67 86.07 90.00 
0 0 0 0 0 0 16.48 0 0.00000000 0.00000000 0.00 0.00 0.00 87.67 86.07 90.00 
0 0 0 0 0 0 16.51 0 0.00000000 0.00000000 0.00 0.00 0.00 87.67 86.07 90.00 
0 0 0 0 0 0 16.53 0 0.00000000 0.00000000 0.00 0.00 0.00 87.67 86.07 90.00 
0 0 0 0 0 0 16.56 0 0.00000000 0.00000000 0.00 0.00 0.00 87.67 86.07 90.00 
0 0 0 0 0 0 16.58 0 0.00000000 0.00000000 0.00 0.00 0.00 87.67 86.07 90.00 
0 0 0 0 0 0 16.61 0 0.00000000 0.00000000 0.00 0.00 0.00 87.67 86.07 90.00 
0 0 0 0 0 0 16.63 0 0.00000000 0.00000000 0.00 0.00 0.00 87.67 86.07 90.00 
0 0 0 0 0 0 16.66 0 0.00000000 0.00000000 0.00 0.00 0.00 87.67 86.07 90.00 
0 0 0 0 0 0 16.69 0 0.00000000 0.00000000 0.00 0.00 0.00 87.67 86.07 90.00 
0 0 0 0 0 0 16.71 0 0.00000000 0.00000000 0.00 0.00 0.00 87.67 86.07 90.00 
0 0 0 0 0 0 16.74 0 0.00000000 0.00000000 0.00 0.00 0.00 87.67 86.07 90.00 
0 0 0 0 0 0 16.76 0 0.00000000 0.00000000 0.00 0.00 0.00 87.67 86.07 90.00 
0 0 0 0 0 0 16.79 0 0.00000000 0.00000000 0.00 0.00 0.00 87.67 86.07 90.00 
0 0 0 0 0 0 16.81 0 0.00000000 0.00000000 0.00 0.00 0.00 87.67 86.07 90.00 
0 0 0 0 0 0 16.85 0 0.00000000 0.00000000 0.00 0.00 0.00 87.67 86.07 90.00 
0 0 0 0 0 0 16.88 0 0.00000000 0.00000000 0.00 0.00 0.00 87.67 86.07 90.00 
0 0 0 0 0 0 16.90 0 0.00000000 0.00000000 0.00 0.00 0.00 87.67 86.07 90.00 
0 0 0 0 0 0 16.93 0 0.00000000 0.00000000 0.00 0.00 0.00 87.67 86.07 90.00 
0 0 0 0 0 0 16.95 0 0.00000000 0.00000000 0.00 0.00 0.00 87.67 86.07 90.00 
0 0 0 0 0 0 16.98 0 0.00000000 0.00000000 0.00 0.00 0.00 87.67 86.07 90.00 
0 0 0 0 0 0 17.01 0 0.00000000 0.00000000 0.00 0.00 0.00 88.54 84.96 90.00 
0 0 0 0 0 0 17.04 0 0.00000000 0.00000000 0.00 0.00 0.00 88.54 84.96 90.00 
0 0 0 0 0 0 17.06 0 0.00000000 0.00000000 0.00 0.00 0.00 88.54 84.96 90.00 
0 0 0 0 0 0 17.09 0 0.00000000 0.00000000 0.00 0.00 0.00 88.54 84.96 90.00 
0 0 0 0 0 0 17.11 0 0.00000000 0.00000000 0.00 0.00 0.00 88.54 84.96 90.00 
0 0 0 0 0 0 17.13 0 0.00000000 0.00000000 0.00 0.00 0.00 88.54 84.96 90.00 
0 0 0 0 0 0 17.16 0 0.00000000 0.00000000 0.00 0.00 0.00 88.54 84.96 90.00 
0 0 0 0 0 0 17.19 0 0.00000000 0.00000000 0.00 0.00 0.00 88.54 84.96 90.00 
0 0 0 0 0 0 17.21 0 0.00000000 0.00000000 0.00 0.00 0.00 88.54 84.96 90.00 
0 0 0 0 0 0 17.24 0 0.00000000 0.00000000 0.00 0.00 0.00 88.54 84.96 90.00 
0 0 0 0 0 0 17.26 0 0.00000000 0.00000000 0.00 0.00 0.00 88.54 84.96 90.00 
0 0 0 0 0 0 17.29 0 0.00000000 0.00000000 0.00 0.00 0.00 88.54 84.96 90.00 
0 0 0 0 0 0 17.31 0 0.00000000 0.00000000 0.00 0.00 0.00 88.54 84.96 90.00 
0 0 0 0 0 0 17.34 0 0.00000000 0.00000000 0.00 0.00 0.00 88.54 84.96 90.00 
0 0 0 0 0 0 17.37 0 0.00000000 0.00000000 0.00 0.00 0.00 88.54 84.96 90.00 
0 0 0 0 0 0 17.39 0 0.00000000 0.00000000 0.00 0.00 0.00 88.54 84.96 90.00 
0 0 0 0 0 0 17.44 0 0.00000000 0.00000000 0.00 0.00 0.00 88.54 84.96 90.00 
0 0 0 0 0 0 17.46 0 0.00000000 0.00000000 0.00 0.00 0.00 88.54 84.96 90.00 
0 0 0 0 0 0 17.49 0 0.00000000 0.00000000 0.00 0.00 0.00 88.54 84.96 90.00 
0 0 0 0 0 0 17.51 0 0.00000000 0.00000000 0.00 0.00 0.00 88.54 84.96 90.00 
0 0 0 0 0 0 17.54 0 0.00000000 0.00000000 0.00 0.00 0.00 88.54 84.96 90.00 
0 0 0 0 0 0 17.56 0 0.00000000 0.00000000 0.00 0.00 0.00 88.54 84.96 90.00 
0 0 0 0 0 0 17.59 0 0.00000000 0.00000000 0.00 0.00 0.00 88.54 84.96 90.00 
0 0 0 0 0 0 17.61 0 0.00000000 0.00000000 0.00 0.00 0.00 88.54 84.96 90.00 
0 0 0 0 0 0 17.64 0 0.00000000 0.00000000 0.00 0.00 0.00 88.54 84.96 90.00 
0 0 0 0 0 0 17.67 0 0.00000000 0.00000000 0.00 0.00 0.00 88.54 84.96 90.00 
0 0 0 0 0 0 17.69 0 0.00000000 0.00000000 0.00 0.00 0.00 88.54 84.96 90.00 
0 0 0 0 0 0 17.72 0 0.00000000 0.00000000 0.00 0.00 0.00 88.54 84.96 90.00 
0 0 0 0 0 0 17.74 0 0.00000000 0.00000000 0.00 0.00 0.00 88.54 84.96 90.00 
0 0 0 0 0 0 17.77 0 0.00000000 0.00000000 0.00 0.00 0.00 88.54 84.96 90.00 
0 0 0 0 0 0 17.79 0 0.00000000 0.00000000 0.00 0.00 0.00 88.54 84.96 90.00 
0 0 0 0 0 0 17.82 0 0.00000000 0.00000000 0.00 0.00 0.00 88.54 84.96 90.00 
0 0 0 0 0 0 17.84 0 0.00000000 0.00000000 0.00 0.00 0.00 88.54 84.96 90.00 
0 0 0 0 0 0 17.87 0 0.00000000 0.00000000 0.00 0.00 0.00 88.54 84.96 90.00 
0 0 0 0 0 0 17.90 0 0.00000000 0.00000000 0.00 0.00 0.00 88.54 84.96 90.00 
0 0 0 0 0 0 17.92 0 0.00000000 0.00000000 0.00 0.00 0.00 88.54 84.96 90.00 
0 0 0 0 0 0 17.95 0 0.00000000 0.00000000 0.00 0.00 0.00 88.54 84.96 90.00 
0 0 0 0 0 0 17.97 0 0.00000000 0.00000000 0.00 0.00 0.00 88.54 84.96 90.00 
0 0 0 0 0 0 18.00 0 0.00000000 0.00000000 0.00 0.00 0.00 88.54 84.96 90.00 
0 0 0 0 0 0 18.03 0 0.00000000 0.00000000 0.00 0.00 0.00 88.08 85.67 90.00 
0 0 0 0 0 0 18.05 0 0.00000000 0.00000000 0.00 0.00 0.00 88.08 85.67 90.00 
0 0 0 0 0 0 18.08 0 0.00000000 0.00000000 0.00 0.00 0.00 88.08 85.67 90.00 
0 0 0 0 0 0 18.11 0 0.00000000 0.00000000 0.00 0.00 0.00 88.08 85.67 90.00 
0 0 0 0 0 0 18.13 0 0.00000000 0.00000000 0.00 0.00 0.00 88.08 85.67 90.00 
0 0 0 0 0 0 18.16 0 0.00000000 0.00000000 0.00 0.00 0.00 88.08 85.67 90.00 
0 0 0 0 0 0 18.18 0 0.00000000 0.00000000 0.00 0.00 0.00 88.08 85.67 90.00 
0 0 0 0 0 0 18.21 0 0.00000000 0.00000000 0.00 0.00 0.00 88.08 85.67 90.00 
0 0 0 0 0 0 18.23 0 0.00000000 0.00000000 0.00 0.00 0.00 88.08 85.67 90.00 
0 0 0 0 0 0 18.27 0 0.00000000 0.00000000 0.00 0.00 0.00 88.08 85.67 90.00 
0 0 0 0 0 0 18.29 0 0.00000000 0.00000000 0.00 0.00 0.00 88.08 85.67 90.00 
0 0 0 0 0 0 18.32 0 0.00000000 0.00000000 0.00 0.00 0.00 88.08 85.67 90.00 
0 0 0 0 0 0 18.34 0 0.00000000 0.00000000 0.00 0.00 0.00 88.08 85.67 90.00 
0 0 0 0 0 0 18.37 0 0.00000000 0.00000000 0.00 0.00 0.00 88.08 85.67 90.00 
0 0 0 0 0 0 18.39 0 0.00000000 0.00000000 0.00 0.00 0.00 88.08 85.67 90.00 
0 0 0 0 0 0 18.42 0 0.00000000 0.00000000 0.00 0.00 0.00 88.08 85.67 90.00 
0 0 0 0 0 0 18.45 0 0.00000000 0.00000000 0.00 0.00 0.00 88.08 85.67 90.00 
0 0 0 0 0 0 18.47 0 0.00000000 0.00000000 0.00 0.00 0.00 88.08 85.67 90.00 
0 0 0 0 0 0 18.50 0 0.00000000 0.00000000 0.00 0.00 0.00 88.08 85.67 90.00 
0 0 0 0 0 0 18.52 0 0.00000000 0.00000000 0.00 0.00 0.00 88.08 85.67 90.00 
0 0 0 0 0 0 18.55 0 0.00000000 0.00000000 0.00 0.00 0.00 88.08 85.67 90.00 
0 0 0 0 0 0 18.57 0 0.00000000 0.00000000 0.00 0.00 0.00 88.08 85.67 90.00 
0 0 0 0 0 0 18.60 0 0.00000000 0.00000000 0.00 0.00 0.00 88.08 85.67 90.00 
0 0 0 0 0 0 18.63 0 0.00000000 0.00000000 0.00 0.00 0.00 88.08 85.67 90.00 
0 0 0 0 0 0 18.65 0 0.00000000 0.00000000 0.00 0.00 0.00 88.08 85.67 90.00 
0 0 0 0 0 0 18.68 0 0.00000000 0.00000000 0.00 0.00 0.00 88.08 85.67 90.00 
0 0 0 0 0 0 18.70 0 0.00000000 0.00000000 0.00 0.00 0.00 88.08 85.67 90.00 
0 0 0 0 0 0 18.73 0 0.00000000 0.00000000 0.00 0.00 0.00 88.08 85.67 90.00 
0 0 0 0 0 0 18.75 0 0.00000000 0.00000000 0.00 0.00 0.00 88.08 85.67 90.00 
0 0 0 0 0 0 18.78 0 0.00000000 0.00000000 0.00 0.00 0.00 88.08 85.67 90.00 
0 0 0 0 0 0 18.80 0 0.00000000 0.00000000 0.00 0.00 0.00 88.08 85.67 90.00 
0 0 0 0 0 0 18.83 0 0.00000000 0.00000000 0.00 0.00 0.00 88.08 85.67 90.00 
0 0 0 0 0 0 18.85 0 0.00000000 0.00000000 0.00 0.00 0.00 88.08 85.67 90.00 
0 0 0 0 0 0 18.88 0 0.00000000 0.00000000 0.00 0.00 0.00 88.08 85.67 90.00 
0 0 0 0 0 0 18.91 0 0.00000000 0.00000000 0.00 0.00 0.00 88.08 85.67 90.00 
0 0 0 0 0 0 18.93 0 0.00000000 0.00000000 0.00 0.00 0.00 88.08 85.67 90.00 
0 0 0 0 0 0 19.01 0 0.00000000 0.00000000 0.00 0.00 0.00 88.31 85.41 90.00 
0 0 0 0 0 0 19.03 0 0.00000000 0.00000000 0.00 0.00 0.00 88.31 85.41 90.00 
0 0 0 0 0 0 19.06 0 0.00000000 0.00000000 0.00 0.00 0.00 88.31 85.41 90.00 
0 0 0 0 0 0 19.08 0 0.00000000 0.00000000 0.00 0.00 0.00 88.31 85.41 90.00 
0 0 0 0 0 0 19.11 0 0.00000000 0.00000000 0.00 0.00 0.00 88.31 85.41 90.00 
0 0 0 0 0 0 19.13 0 0.00000000 0.00000000 0.00 0.00 0.00 88.31 85.41 90.00 
0 0 0 0 0 0 19.16 0 0.00000000 0.00000000 0.00 0.00 0.00 88.31 85.41 90.00 
0 0 0 0 0 0 19.18 0 0.00000000 0.00000000 0.00 0.00 0.00 88.31 85.41 90.00 
0 0 0 0 0 0 19.21 0 0.00000000 0.00000000 0.00 0.00 0.00 88.31 85.41 90.00 
0 0 0 0 0 0 19.23 0 0.00000000 0.00000000 0.00 0.00 0.00 88.31 85.41 90.00 
0 0 0 0 0 0 19.26 0 0.00000000 0.00000000 0.00 0.00 0.00 88.31 85.41 90.00 
0 0 0 0 0 0 19.29 0 0.00000000 0.00000000 0.00 0.00 0.00 88.31 85.41 90.00 
0 0 0 0 0 0 19.31 0 0.00000000 0.00000000 0.00 0.00 0.00 88.31 85.41 90.00 
0 0 0 0 0 0 19.34 0 0.00000000 0.00000000 0.00 0.00 0.00 88.31 85.41 90.00 
0 0 0 0 0 0 19.36 0 0.00000000 0.00000000 0.00 0.00 0.00 88.31 85.41 90.00 
0 0 0 0 0 0 19.39 0 0.00000000 0.00000000 0.00 0.00 0.00 88.31 85.41 90.00 
0 0 0 0 0 0 19.41 0 0.00000000 0.00000000 0.00 0.00 0.00 88.31 85.41 90.00 
0 0 0 0 0 0 19.44 0 0.00000000 0.00000000 0.00 0.00 0.00 88.31 85.41 90.00 
0 0 0 0 0 0 19.46 0 0.00000000 0.00000000 0.00 0.00 0.00 88.31 85.41 90.00 
0 0 0 0 0 0 19.49 0 0.00000000 0.00000000 0.00 0.00 0.00 88.31 85.41 90.00 
0 0 0 0 0 0 19.52 0 0.00000000 0.00000000 0.00 0.00 0.00 88.31 85.41 90.00 
0 0 0 0 0 0 19.54 0 0.00000000 0.00000000 0.00 0.00 0.00 88.31 85.41 90.00 
0 0 0 0 0 0 19.57 0 0.00000000 0.00000000 0.00 0.00 0.00 88.31 85.41 90.00 
0 0 0 0 0 0 19.59 0 0.00000000 0.00000000 0.00 0.00 0.00 88.31 85.41 90.00 
0 0 0 0 0 0 19.62 0 0.00000000 0.00000000 0.00 0.00 0.00 88.31 85.41 90.00 
0 0 0 0 0 0 19.64 0 0.00000000 0.00000000 0.00 0.00 0.00 88.31 85.41 90.00 
0 0 0 0 0 0 19.67 0 0.00000000 0.00000000 0.00 0.00 0.00 88.31 85.41 90.00 
0 0 0 0 0 0 19.71 0 0.00000000 0.00000000 0.00 0.00 0.00 88.31 85.41 90.00 
0 0 0 0 0 0 19.73 0 0.00000000 0.00000000 0.00 0.00 0.00 88.31 85.41 90.00 
0 0 0 0 0 0 19.76 0 0.00000000 0.00000000 0.00 0.00 0.00 88.31 85.41 90.00 
0 0 0 0 0 0 19.78 0 0.00000000 0.00000000 0.00 0.00 0.00 88.31 85.41 90.00 
0 0 0 0 0 0 19.81 0 0.00000000 0.00000000 0.00 0.00 0.00 88.31 85.41 90.00 
0 0 0 0 0 0 19.83 0 0.00000000 0.00000000 0.00 0.00 0.00 88.31 85.41 90.00 
0 0 0 0 0 0 19.86 0 0.00000000 0.00000000 0.00 0.00 0.00 88.31 85.41 90.00 
