0 0 0 2.81 0.00000000 0.00000000 0.00 0.00 0.00 0.06 0.07 -0.00 0.01 -0.01 0.00 93.56 94.12 90.04 
0 0 0 2.98 0.00000000 0.00000000 0.00 0.00 0.00 0.07 0.07 -0.01 0.01 -0.01 0.00 93.72 94.17 90.04 
0 0 0 3.08 0.00000000 0.00000000 0.00 0.00 0.00 0.06 0.08 0.01 0.01 -0.01 0.00 93.30 94.39 90.04 
0 0 0 3.18 0.00000000 0.00000000 0.00 0.00 0.00 0.06 0.07 -0.01 0.01 -0.01 0.00 93.37 94.20 90.05 
0 0 0 3.28 0.00000000 0.00000000 0.00 0.00 0.00 0.06 0.07 -0.02 0.02 -0.02 0.00 93.44 94.12 90.03 
0 0 0 3.38 0.00000000 0.00000000 0.00 0.00 0.00 0.06 0.07 -0.02 0.01 -0.01 0.00 93.54 93.95 90.03 
0 0 0 3.49 0.00000000 0.00000000 0.00 0.00 0.00 0.07 0.08 -0.07 0.02 -0.01 0.00 94.24 94.47 90.05 
0 0 0 3.59 0.00000000 0.00000000 0.00 0.00 0.00 0.07 0.07 -0.04 0.01 -0.01 0.01 93.71 93.94 90.06 
0 0 0 3.69 0.00000000 0.00000000 0.00 0.00 0.00 0.06 0.08 -0.02 0.01 -0.01 0.00 93.68 94.56 90.06 
0 0 0 3.79 0.00000000 0.00000000 0.00 0.00 0.00 0.06 0.08 0.00 0.01 -0.01 0.00 93.58 94.41 90.03 
0 0 0 3.89 0.00000000 0.00000000 0.00 0.00 0.00 0.06 0.06 -0.03 0.01 -0.02 0.00 93.51 93.69 90.05 
0 0 0 3.99 0.00000000 0.00000000 0.00 0.00 0.00 0.06 0.07 -0.03 0.01 -0.01 0.00 93.50 93.91 90.01 
0 0 0 4.09 0.00000000 0.00000000 0.00 0.00 0.00 0.05 0.08 0.01 0.01 -0.01 0.00 93.13 94.48 90.05 
0 0 0 4.19 0.00000000 0.00000000 0.00 0.00 0.00 0.06 0.08 0.01 0.01 -0.01 0.00 93.34 94.70 90.03 
0 0 0 4.29 0.00000000 0.00000000 0.00 0.00 0.00 0.06 0.07 0.03 0.02 -0.01 0.00 93.51 94.12 90.02 
0 0 0 4.40 0.00000000 0.00000000 0.00 0.00 0.00 0.06 0.08 0.01 0.01 0.00 0.00 93.51 94.37 90.01 
0 0 0 4.50 0.00000000 0.00000000 0.00 0.00 0.00 0.06 0.07 -0.01 0.01 -0.01 0.00 93.52 93.92 90.05 
0 0 0 4.60 0.00000000 0.00000000 0.00 0.00 0.00 0.06 0.07 0.00 0.02 -0.01 0.00 93.65 94.09 90.01 
0 0 0 4.70 0.00000000 0.00000000 0.00 0.00 0.00 0.06 0.06 -0.00 0.01 -0.01 0.01 93.36 93.69 90.07 
0 0 0 4.80 0.00000000 0.00000000 0.00 0.00 0.00 0.06 0.07 -0.01 0.01 -0.01 0.00 93.55 94.19 90.03 
0 0 0 4.90 0.00000000 0.00000000 0.00 0.00 0.00 0.06 0.08 -0.01 0.01 -0.01 0.00 93.59 94.42 90.05 
0 0 0 5.00 0.00000000 0.00000000 0.00 0.00 0.00 0.07 0.08 -0.09 0.02 -0.02 0.01 93.93 94.41 90.07 
0 0 0 5.10 0.00000000 0.00000000 0.00 0.00 0.00 0.07 0.07 -0.04 0.02 -0.01 0.00 93.75 94.15 90.02 
0 0 0 5.20 0.00000000 0.00000000 0.00 0.00 0.00 0.05 0.07 0.05 0.01 -0.01 0.01 92.93 94.14 90.07 
0 0 0 5.30 0.00000000 0.00000000 0.00 0.00 0.00 0.06 0.07 0.00 0.01 -0.01 0.01 93.25 94.11 90.07 
0 0 0 5.40 0.00000000 0.00000000 0.00 0.00 0.00 0.07 0.07 -0.03 0.02 -0.01 0.00 93.69 94.17 90.03 
0 0 0 5.50 0.00000000 0.00000000 0.00 0.00 0.00 0.06 0.07 -0.02 0.01 -0.00 0.00 93.56 94.00 90.04 
0 0 0 5.61 0.00000000 0.00000000 0.00 0.00 0.00 0.05 0.08 0.06 0.02 -0.01 0.00 92.89 94.58 90.03 
0 0 0 5.71 0.00000000 0.00000000 0.00 0.00 0.00 0.06 0.07 -0.03 0.01 -0.01 0.00 93.49 94.16 90.03 
0 0 0 5.81 0.00000000 0.00000000 0.00 0.00 0.00 0.07 0.07 -0.01 0.01 -0.01 0.00 93.74 93.95 90.04 
0 0 0 5.91 0.00000000 0.00000000 0.00 0.00 0.00 0.06 0.07 0.00 0.01 -0.01 0.00 93.27 94.19 90.05 
0 0 0 6.01 0.00000000 0.00000000 0.00 0.00 0.00 0.07 0.08 -0.04 0.01 -0.01 0.00 93.73 94.41 90.03 
0 0 0 6.11 0.00000000 0.00000000 0.00 0.00 0.00 0.07 0.06 -0.02 0.01 -0.01 0.00 93.73 93.72 90.01 
0 0 0 6.21 0.00000000 0.00000000 0.00 0.00 0.00 0.06 0.09 0.04 0.02 -0.00 0.00 93.57 94.90 90.04 
0 0 0 6.31 0.00000000 0.00000000 0.00 0.00 0.00 0.06 0.08 0.00 0.01 -0.01 0.00 93.52 94.37 90.05 
0 0 0 6.41 0.00000000 0.00000000 0.00 0.00 0.00 0.06 0.07 0.02 0.01 -0.01 0.00 93.32 93.92 90.04 
0 0 0 6.51 0.00000000 0.00000000 0.00 0.00 0.00 0.06 0.08 -0.02 0.02 -0.01 0.00 93.54 94.61 90.05 
0 0 0 6.61 0.00000000 0.00000000 0.00 0.00 0.00 0.06 0.07 0.01 0.01 -0.01 0.00 93.32 94.19 90.02 
0 0 0 6.72 0.00000000 0.00000000 0.00 0.00 0.00 0.06 0.07 -0.01 0.02 -0.02 0.00 93.72 93.92 90.05 
0 0 0 6.82 0.00000000 0.00000000 0.00 0.00 0.00 0.06 0.08 -0.00 0.01 -0.02 0.00 93.53 94.63 90.05 
0 0 0 6.92 0.00000000 0.00000000 0.00 0.00 0.00 0.07 0.09 -0.01 0.01 -0.00 -0.00 93.74 95.14 90.00 
0 0 0 7.02 0.00000000 0.00000000 0.00 0.00 0.00 0.06 0.08 -0.01 0.01 -0.01 0.00 93.45 94.32 90.04 
0 0 0 7.12 0.00000000 0.00000000 0.00 0.00 0.00 0.07 0.08 -0.01 0.01 -0.01 0.01 93.49 93.72 90.04 
0 0 0 7.22 0.00000000 0.00000000 0.00 0.00 0.00 0.06 0.08 0.00 0.01 -0.01 0.00 93.30 94.33 90.05 
0 0 0 7.32 0.00000000 0.00000000 0.00 0.00 0.00 0.06 0.08 -0.01 0.01 -0.01 0.00 93.50 94.42 90.03 
0 0 0 7.42 0.00000000 0.00000000 0.00 0.00 0.00 0.07 0.07 -0.06 0.02 -0.01 0.00 94.06 94.11 90.05 
0 0 0 7.52 0.00000000 0.00000000 0.00 0.00 0.00 0.07 0.08 -0.03 0.01 -0.00 0.00 93.95 94.41 90.01 
0 0 0 7.62 0.00000000 0.00000000 0.00 0.00 0.00 0.06 0.08 0.01 0.02 -0.02 0.00 93.51 94.86 90.03 
0 0 0 7.72 0.00000000 0.00000000 0.00 0.00 0.00 0.05 0.06 0.04 0.02 -0.02 0.00 93.04 93.68 90.06 
0 0 0 7.82 0.00000000 0.00000000 0.00 0.00 0.00 0.05 0.07 0.03 0.01 -0.01 0.00 93.10 93.92 90.05 
0 0 0 7.93 0.00000000 0.00000000 0.00 0.00 0.00 0.07 0.08 -0.03 0.02 -0.01 0.01 93.82 94.49 90.06 
0 0 0 8.03 0.00000000 0.00000000 0.00 0.00 0.00 0.06 0.07 -0.00 0.01 -0.01 0.00 93.69 94.14 90.05 
0 0 0 8.13 0.00000000 0.00000000 0.00 0.00 0.00 0.06 0.07 0.01 0.01 -0.01 0.00 93.48 94.57 90.06 
0 0 0 8.23 0.00000000 0.00000000 0.00 0.00 0.00 0.06 0.07 0.02 0.01 -0.01 0.00 93.38 94.02 90.05 
0 0 0 8.33 0.00000000 0.00000000 0.00 0.00 0.00 0.06 0.07 -0.01 0.01 -0.00 0.00 93.51 94.19 90.03 
0 0 0 8.43 0.00000000 0.00000000 0.00 0.00 0.00 0.06 0.07 -0.02 0.02 -0.01 0.00 93.50 93.92 90.03 
0 0 0 8.53 0.00000000 0.00000000 0.00 0.00 0.00 0.06 0.07 -0.01 0.00 -0.01 0.00 93.54 93.95 90.06 
0 0 0 8.63 0.00000000 0.00000000 0.00 0.00 0.00 0.09 0.03 -0.12 0.01 -0.02 0.01 94.89 91.62 90.07 
0 0 0 8.73 0.00000000 0.00000000 0.00 0.00 0.00 0.06 0.08 0.01 0.01 -0.01 0.00 93.22 94.77 90.04 
0 0 0 8.83 0.00000000 0.00000000 0.00 0.00 0.00 0.06 0.07 0.01 0.01 -0.01 0.00 93.26 93.92 90.03 
0 0 0 8.94 0.00000000 0.00000000 0.00 0.00 0.00 0.07 0.08 -0.03 0.01 0.00 0.00 93.58 94.22 90.03 
0 0 0 9.04 0.00000000 0.00000000 0.00 0.00 0.00 0.06 0.08 -0.00 0.01 -0.01 0.00 93.37 94.61 90.03 
0 0 0 9.14 0.00000000 0.00000000 0.00 0.00 0.00 0.06 0.06 -0.03 0.02 -0.02 0.00 93.63 93.64 90.04 
0 0 0 9.24 0.00000000 0.00000000 0.00 0.00 0.00 0.06 0.07 -0.02 0.01 -0.01 0.00 93.56 93.95 90.02 
0 0 0 9.34 0.00000000 0.00000000 0.00 0.00 0.00 0.06 0.08 -0.02 0.01 -0.01 0.01 93.52 94.39 90.06 
0 0 0 9.44 0.00000000 0.00000000 0.00 0.00 0.00 0.06 0.06 0.00 0.01 -0.01 0.00 93.32 93.71 90.05 
0 0 0 9.54 0.00000000 0.00000000 0.00 0.00 0.00 0.05 0.07 0.02 0.01 -0.02 0.00 93.16 94.00 90.05 
0 0 0 9.64 0.00000000 0.00000000 0.00 0.00 0.00 0.06 0.08 -0.01 0.01 -0.00 0.00 93.51 94.66 90.04 
0 0 0 9.74 0.00000000 0.00000000 0.00 0.00 0.00 0.06 0.07 -0.03 0.02 -0.02 0.01 93.48 94.14 90.06 
0 0 0 9.84 0.00000000 0.00000000 0.00 0.00 0.00 0.06 0.07 -0.02 0.02 -0.02 0.00 93.71 93.92 90.05 
0 0 0 9.95 0.00000000 0.00000000 0.00 0.00 0.00 0.06 0.07 0.00 0.01 -0.01 0.00 93.63 93.76 90.06 
0 0 0 10.05 0.00000000 0.00000000 0.00 0.00 0.00 0.06 0.07 -0.01 0.01 -0.01 0.00 93.36 94.19 90.05 
0 0 0 10.15 0.00000000 0.00000000 0.00 0.00 0.00 0.06 0.06 -0.02 0.01 -0.01 0.00 93.72 93.70 90.04 
0 0 0 10.25 0.00000000 0.00000000 0.00 0.00 0.00 0.06 0.08 0.00 0.01 -0.01 0.01 93.57 94.41 90.06 
0 0 0 10.36 0.00000000 0.00000000 0.00 0.00 0.00 0.06 0.07 -0.01 0.02 -0.01 0.00 93.52 94.19 90.02 
0 0 0 10.46 0.00000000 0.00000000 0.00 0.00 0.00 0.06 0.06 -0.03 0.01 -0.01 0.00 93.91 93.49 90.05 
0 0 0 10.56 0.00000000 0.00000000 0.00 0.00 0.00 0.07 0.08 -0.03 0.00 -0.01 0.00 93.90 94.59 90.05 
0 0 0 10.67 0.00000000 0.00000000 0.00 0.00 0.00 0.06 0.07 -0.00 0.01 -0.01 0.00 93.50 93.92 90.03 
0 0 0 10.77 0.00000000 0.00000000 0.00 0.00 0.00 0.06 0.07 -0.04 0.01 -0.01 0.00 93.52 94.17 90.05 
0 0 0 10.87 0.00000000 0.00000000 0.00 0.00 0.00 0.06 0.07 -0.03 0.01 -0.01 0.00 93.52 94.17 90.04 
0 0 0 10.97 0.00000000 0.00000000 0.00 0.00 0.00 0.07 0.08 -0.06 0.01 -0.00 0.00 93.79 94.68 90.04 
0 0 0 11.07 0.00000000 0.00000000 0.00 0.00 0.00 0.07 0.08 -0.01 0.02 -0.00 0.00 93.70 94.83 90.04 
0 0 0 11.17 0.00000000 0.00000000 0.00 0.00 0.00 0.06 0.07 -0.02 0.02 -0.02 0.00 93.52 94.12 90.05 
0 0 0 11.27 0.00000000 0.00000000 0.00 0.00 0.00 0.05 0.07 0.05 0.01 -0.01 0.00 93.84 94.11 90.06 
0 0 0 11.37 0.00000000 0.00000000 0.00 0.00 0.00 0.05 0.08 0.03 0.01 -0.00 0.00 93.12 94.38 90.04 
0 0 0 11.47 0.00000000 0.00000000 0.00 0.00 0.00 0.06 0.07 0.01 0.01 -0.01 0.00 93.30 93.92 90.03 
0 0 0 11.57 0.00000000 0.00000000 0.00 0.00 0.00 0.07 0.08 -0.03 0.01 -0.01 0.00 93.75 94.68 90.04 
0 0 0 11.67 0.00000000 0.00000000 0.00 0.00 0.00 0.07 0.08 -0.03 0.02 0.00 0.00 93.79 94.44 90.04 
0 0 0 11.77 0.00000000 0.00000000 0.00 0.00 0.00 0.07 0.06 -0.02 0.02 -0.02 0.00 93.90 93.26 90.05 
0 0 0 11.88 0.00000000 0.00000000 0.00 0.00 0.00 0.06 0.07 0.00 0.01 -0.00 0.00 93.70 94.31 90.03 
0 0 0 12.01 0.00000000 0.00000000 0.00 0.00 0.00 0.05 0.08 0.01 0.01 -0.00 0.00 93.12 94.63 90.03 
0 0 0 12.15 0.00000000 0.00000000 0.00 0.00 0.00 0.06 0.08 -0.00 0.01 -0.01 0.00 93.48 94.61 90.05 
0 0 0 12.28 0.00000000 0.00000000 0.00 0.00 0.00 0.07 0.08 -0.01 0.01 -0.01 0.00 93.72 94.61 90.04 
0 0 0 12.42 0.00000000 0.00000000 0.00 0.00 0.00 0.09 0.06 -0.12 0.01 0.00 0.00 94.90 93.34 90.06 
0 0 0 12.52 0.00000000 0.00000000 0.00 0.00 0.00 0.07 0.07 0.00 0.02 -0.01 0.00 93.87 94.17 90.05 
0 0 0 12.62 0.00000000 0.00000000 0.00 0.00 0.00 0.05 0.08 0.07 0.02 -0.00 0.00 92.68 94.72 90.01 
0 0 0 12.72 0.00000000 0.00000000 0.00 0.00 0.00 0.07 0.07 -0.03 0.01 -0.01 0.01 93.73 94.17 90.06 
0 0 0 12.82 0.00000000 0.00000000 0.00 0.00 0.00 0.06 0.08 0.01 0.01 -0.01 0.00 93.34 94.41 90.03 
0 0 0 12.92 0.00000000 0.00000000 0.00 0.00 0.00 0.06 0.06 -0.03 0.02 -0.01 0.00 93.48 93.71 90.05 
0 0 0 13.02 0.00000000 0.00000000 0.00 0.00 0.00 0.09 0.09 -0.15 0.01 -0.00 0.00 95.13 94.89 90.03 
0 0 0 13.12 0.00000000 0.00000000 0.00 0.00 0.00 0.07 0.07 -0.02 0.01 -0.01 0.00 93.72 94.20 90.04 
0 0 0 13.22 0.00000000 0.00000000 0.00 0.00 0.00 0.06 0.08 0.02 0.01 -0.02 0.00 93.30 94.36 90.03 
0 0 0 13.32 0.00000000 0.00000000 0.00 0.00 0.00 0.07 0.08 -0.06 0.01 -0.01 0.01 94.15 94.59 90.06 
0 0 0 13.43 0.00000000 0.00000000 0.00 0.00 0.00 0.07 0.07 -0.04 0.01 -0.02 0.00 93.91 94.14 90.02 
0 0 0 13.53 0.00000000 0.00000000 0.00 0.00 0.00 0.06 0.08 0.00 0.01 -0.01 0.00 93.56 94.44 90.05 
0 0 0 13.63 0.00000000 0.00000000 0.00 0.00 0.00 0.06 0.07 -0.06 0.01 -0.01 0.00 93.52 94.17 90.04 
0 0 0 13.73 0.00000000 0.00000000 0.00 0.00 0.00 0.06 0.07 -0.02 0.02 -0.01 0.00 93.55 93.94 90.05 
0 0 0 13.83 0.00000000 0.00000000 0.00 0.00 0.00 0.06 0.08 -0.02 0.01 -0.00 0.00 93.55 94.68 90.03 
0 0 0 13.93 0.00000000 0.00000000 0.00 0.00 0.00 0.06 0.06 0.01 0.01 -0.01 0.00 93.91 94.15 90.07 
0 0 0 14.03 0.00000000 0.00000000 0.00 0.00 0.00 0.07 0.08 0.00 0.01 -0.01 0.00 93.28 94.14 90.04 
0 0 0 14.13 0.00000000 0.00000000 0.00 0.00 0.00 0.06 0.08 0.02 0.01 -0.01 0.01 93.32 94.43 90.06 
0 0 0 14.24 0.00000000 0.00000000 0.00 0.00 0.00 0.06 0.08 -0.02 0.02 -0.01 0.00 93.52 94.61 90.04 
0 0 0 14.34 0.00000000 0.00000000 0.00 0.00 0.00 0.06 0.07 -0.04 0.02 -0.01 0.00 93.53 94.16 90.03 
0 0 0 14.44 0.00000000 0.00000000 0.00 0.00 0.00 0.06 0.07 -0.01 0.01 -0.01 0.00 93.56 93.97 90.04 
0 0 0 14.54 0.00000000 0.00000000 0.00 0.00 0.00 0.06 0.08 0.02 0.01 -0.01 0.00 93.54 94.39 90.04 
0 0 0 14.64 0.00000000 0.00000000 0.00 0.00 0.00 0.06 0.07 0.02 0.01 -0.02 0.00 93.34 93.95 90.03 
0 0 0 14.74 0.00000000 0.00000000 0.00 0.00 0.00 0.06 0.08 -0.03 0.01 -0.00 0.00 93.52 94.64 90.05 
0 0 0 14.84 0.00000000 0.00000000 0.00 0.00 0.00 0.06 0.08 -0.01 0.01 -0.00 0.00 93.52 94.41 90.04 
0 0 0 14.94 0.00000000 0.00000000 0.00 0.00 0.00 0.07 0.07 -0.03 0.01 -0.01 0.01 93.74 94.17 90.07 
0 0 0 15.05 0.00000000 0.00000000 0.00 0.00 0.00 0.07 0.07 -0.05 0.01 -0.01 0.00 93.78 94.22 90.04 
0 0 0 15.15 0.00000000 0.00000000 0.00 0.00 0.00 0.06 0.07 -0.00 0.01 -0.00 0.00 93.50 94.17 90.01 
0 0 0 15.25 0.00000000 0.00000000 0.00 0.00 0.00 0.06 0.06 0.00 0.02 -0.01 0.00 93.50 93.71 90.05 
0 0 0 15.35 0.00000000 0.00000000 0.00 0.00 0.00 0.07 0.07 -0.05 0.01 -0.01 0.00 93.89 93.95 90.03 
0 0 0 15.45 0.00000000 0.00000000 0.00 0.00 0.00 0.06 0.08 0.01 0.01 -0.01 0.00 93.37 94.43 90.06 
0 0 0 15.55 0.00000000 0.00000000 0.00 0.00 0.00 0.06 0.08 -0.00 0.02 -0.01 0.00 93.53 94.85 90.05 
0 0 0 15.65 0.00000000 0.00000000 0.00 0.00 0.00 0.07 0.07 -0.01 0.01 -0.01 0.00 93.74 94.61 90.03 
0 0 0 15.75 0.00000000 0.00000000 0.00 0.00 0.00 0.06 0.07 -0.01 0.02 -0.01 0.00 93.72 93.92 90.04 
0 0 0 15.85 0.00000000 0.00000000 0.00 0.00 0.00 0.07 0.07 -0.08 0.01 -0.01 0.00 93.73 93.94 90.06 
0 0 0 15.96 0.00000000 0.00000000 0.00 0.00 0.00 0.07 0.08 -0.06 0.02 -0.01 0.00 94.11 94.40 90.03 
0 0 0 16.05 0.00000000 0.00000000 0.00 0.00 0.00 0.06 0.07 -0.01 0.02 -0.01 0.00 93.31 93.97 90.05 
0 0 0 16.15 0.00000000 0.00000000 0.00 0.00 0.00 0.06 0.07 0.01 0.02 -0.01 0.00 93.58 94.19 90.03 
0 0 0 16.26 0.00000000 0.00000000 0.00 0.00 0.00 0.07 0.08 -0.01 0.01 -0.01 0.00 93.73 94.41 90.02 
0 0 0 16.36 0.00000000 0.00000000 0.00 0.00 0.00 0.07 0.07 -0.05 0.02 -0.01 0.00 93.76 93.97 90.02 
0 0 0 16.46 0.00000000 0.00000000 0.00 0.00 0.00 0.06 0.07 0.02 0.01 -0.01 0.00 93.54 93.73 90.03 
0 0 0 16.56 0.00000000 0.00000000 0.00 0.00 0.00 0.06 0.06 0.02 0.01 -0.01 0.00 93.30 93.71 90.03 
0 0 0 16.66 0.00000000 0.00000000 0.00 0.00 0.00 0.06 0.07 -0.04 0.01 -0.02 0.00 93.71 93.92 90.04 
0 0 0 16.76 0.00000000 0.00000000 0.00 0.00 0.00 0.07 0.08 -0.05 0.02 -0.01 0.00 93.72 94.41 90.04 
0 0 0 16.86 0.00000000 0.00000000 0.00 0.00 0.00 0.07 0.07 -0.01 0.01 -0.01 0.00 93.75 93.75 90.04 
0 0 0 16.96 0.00000000 0.00000000 0.00 0.00 0.00 0.06 0.07 -0.01 0.01 -0.01 0.00 93.53 94.19 90.04 
0 0 0 17.06 0.00000000 0.00000000 0.00 0.00 0.00 0.06 0.07 -0.06 0.01 -0.01 0.00 93.55 93.98 90.05 
0 0 0 17.16 0.00000000 0.00000000 0.00 0.00 0.00 0.07 0.07 -0.02 0.01 -0.00 0.00 93.73 93.97 90.03 
0 0 0 17.26 0.00000000 0.00000000 0.00 0.00 0.00 0.06 0.06 0.01 0.02 -0.01 0.00 93.49 93.72 90.05 
0 0 0 17.37 0.00000000 0.00000000 0.00 0.00 0.00 0.06 0.07 -0.00 0.01 -0.01 0.00 93.48 94.14 90.02 
0 0 0 17.47 0.00000000 0.00000000 0.00 0.00 0.00 0.06 0.08 -0.01 0.01 -0.01 0.00 93.27 94.44 90.06 
0 0 0 17.57 0.00000000 0.00000000 0.00 0.00 0.00 0.06 0.08 0.02 0.01 -0.01 0.01 93.73 94.63 90.06 
0 0 0 17.67 0.00000000 0.00000000 0.00 0.00 0.00 0.06 0.07 -0.02 0.01 -0.00 0.00 93.55 94.19 90.03 
0 0 0 17.78 0.00000000 0.00000000 0.00 0.00 0.00 0.07 0.07 -0.02 0.01 -0.01 0.00 93.96 94.66 90.06 
0 0 0 17.88 0.00000000 0.00000000 0.00 0.00 0.00 0.06 0.07 0.01 0.01 -0.01 0.00 93.50 93.95 90.03 
0 0 0 17.98 0.00000000 0.00000000 0.00 0.00 0.00 0.06 0.08 -0.00 0.02 -0.01 0.00 93.33 94.87 90.05 
0 0 0 18.08 0.00000000 0.00000000 0.00 0.00 0.00 0.06 0.08 0.01 0.01 -0.01 0.00 93.92 93.97 90.06 
0 0 0 18.18 0.00000000 0.00000000 0.00 0.00 0.00 0.05 0.07 0.03 0.02 -0.01 0.00 93.12 94.19 90.03 
0 0 0 18.29 0.00000000 0.00000000 0.00 0.00 0.00 0.07 0.08 -0.04 0.01 -0.01 0.00 93.93 94.42 90.04 
0 0 0 18.39 0.00000000 0.00000000 0.00 0.00 0.00 0.06 0.07 0.00 0.01 -0.01 0.00 93.32 94.17 90.06 
0 0 0 18.49 0.00000000 0.00000000 0.00 0.00 0.00 0.06 0.07 -0.01 0.02 -0.01 0.01 93.33 93.94 90.07 
0 0 0 18.59 0.00000000 0.00000000 0.00 0.00 0.00 0.06 0.07 0.02 0.01 -0.02 0.00 93.31 94.16 90.05 
0 0 0 18.69 0.00000000 0.00000000 0.00 0.00 0.00 0.06 0.07 -0.02 0.02 -0.01 0.00 93.57 94.19 90.05 
0 0 0 18.79 0.00000000 0.00000000 0.00 0.00 0.00 0.07 0.07 -0.04 0.01 -0.00 0.00 93.76 94.17 90.03 
0 0 0 18.89 0.00000000 0.00000000 0.00 0.00 0.00 0.05 0.08 0.04 0.00 -0.01 0.00 93.16 94.44 90.04 
0 0 0 18.99 0.00000000 0.00000000 0.00 0.00 0.00 0.06 0.07 -0.02 0.01 -0.01 0.00 93.54 93.97 90.03 
0 0 0 19.09 0.00000000 0.00000000 0.00 0.00 0.00 0.06 0.07 -0.00 0.01 -0.00 0.00 93.56 93.97 90.05 
0 0 0 19.19 0.00000000 0.00000000 0.00 0.00 0.00 0.06 0.08 0.03 0.02 -0.02 0.01 93.25 94.58 90.06 
0 0 0 19.29 0.00000000 0.00000000 0.00 0.00 0.00 0.06 0.06 -0.04 0.00 -0.01 0.00 93.66 93.46 90.04 
0 0 0 19.39 0.00000000 0.00000000 0.00 0.00 0.00 0.07 0.08 -0.02 0.01 -0.01 0.00 93.75 94.59 90.03 
0 0 0 19.50 0.00000000 0.00000000 0.00 0.00 0.00 0.06 0.07 -0.01 0.01 -0.01 0.00 93.56 94.19 90.03 
0 0 0 19.60 0.00000000 0.00000000 0.00 0.00 0.00 0.06 0.07 -0.01 0.01 -0.01 0.00 93.51 93.97 90.05 
0 0 0 19.70 0.00000000 0.00000000 0.00 0.00 0.00 0.05 0.08 0.04 0.01 -0.01 0.00 93.07 94.38 90.06 
0 0 0 19.80 0.00000000 0.00000000 0.00 0.00 0.00 0.06 0.07 0.02 0.01 -0.01 0.00 93.29 94.56 90.04 
0 0 0 19.90 0.00000000 0.00000000 0.00 0.00 0.00 0.07 0.07 -0.06 0.01 -0.01 0.00 94.49 93.28 90.01 
0 0 0 20.01 0.00000000 0.00000000 0.00 0.00 0.00 0.07 0.07 -0.06 0.01 -0.01 0.00 94.20 93.28 90.07 
0 0 0 20.11 0.00000000 0.00000000 0.00 0.00 0.00 0.07 0.07 -0.05 0.01 -0.01 0.00 93.92 93.94 90.04 
0 0 0 20.21 0.00000000 0.00000000 0.00 0.00 0.00 0.06 0.08 0.01 0.01 -0.01 0.00 93.27 94.59 90.05 
0 0 0 20.31 0.00000000 0.00000000 0.00 0.00 0.00 0.06 0.09 0.00 0.02 -0.02 0.00 93.28 94.99 90.05 
0 0 0 20.41 0.00000000 0.00000000 0.00 0.00 0.00 0.05 0.07 0.03 0.01 -0.01 0.00 92.89 94.22 90.02 
0 0 0 20.51 0.00000000 0.00000000 0.00 0.00 0.00 0.06 0.08 0.00 0.01 -0.01 0.00 93.41 94.41 90.04 
0 0 0 20.62 0.00000000 0.00000000 0.00 0.00 0.00 0.05 0.08 0.01 0.01 -0.01 0.00 93.36 94.61 90.05 
0 0 0 20.72 0.00000000 0.00000000 0.00 0.00 0.00 0.06 0.07 -0.00 0.01 -0.01 0.00 93.35 94.20 90.01 
0 0 0 20.82 0.00000000 0.00000000 0.00 0.00 0.00 0.07 0.08 -0.02 0.01 -0.01 0.00 93.80 94.41 90.05 
0 0 0 20.92 0.00000000 0.00000000 0.00 0.00 0.00 0.08 0.05 -0.06 0.01 0.00 0.00 94.24 92.73 90.05 
0 0 0 21.02 0.00000000 0.00000000 0.00 0.00 0.00 0.07 0.06 0.03 0.02 -0.02 0.00 93.91 93.70 90.01 
0 0 0 21.12 0.00000000 0.00000000 0.00 0.00 0.00 0.06 0.07 -0.01 0.02 -0.01 0.00 93.32 94.20 90.04 
0 0 0 21.22 0.00000000 0.00000000 0.00 0.00 0.00 0.07 0.06 -0.01 0.01 -0.01 0.00 93.68 93.72 90.03 
0 0 0 21.32 0.00000000 0.00000000 0.00 0.00 0.00 0.06 0.08 0.02 0.01 -0.01 0.00 93.33 94.63 90.04 
0 0 0 21.42 0.00000000 0.00000000 0.00 0.00 0.00 0.05 0.08 0.06 0.01 -0.01 0.00 93.11 94.87 90.02 
0 0 0 21.52 0.00000000 0.00000000 0.00 0.00 0.00 0.07 0.07 -0.05 0.01 -0.02 0.00 93.94 93.95 90.06 
0 0 0 21.62 0.00000000 0.00000000 0.00 0.00 0.00 0.07 0.06 -0.05 0.01 -0.01 0.00 94.20 93.57 90.06 
0 0 0 21.72 0.00000000 0.00000000 0.00 0.00 0.00 0.06 0.09 0.00 0.02 -0.01 0.00 93.30 94.97 90.03 
0 0 0 21.82 0.00000000 0.00000000 0.00 0.00 0.00 0.07 0.07 -0.04 0.02 -0.01 0.00 93.76 93.73 90.01 
0 0 0 21.93 0.00000000 0.00000000 0.00 0.00 0.00 0.07 0.08 -0.05 0.02 -0.01 0.00 93.29 94.81 90.02 
0 0 0 22.03 0.00000000 0.00000000 0.00 0.00 0.00 0.07 0.07 -0.02 0.01 -0.00 0.00 93.13 94.63 90.03 
0 0 0 22.14 0.00000000 0.00000000 0.00 0.00 0.00 0.07 0.07 -0.06 0.02 -0.01 0.00 94.40 94.40 90.04 
0 0 0 22.24 0.00000000 0.00000000 0.00 0.00 0.00 0.06 0.07 -0.00 0.01 -0.01 0.00 94.73 93.27 90.03 
0 0 0 22.34 0.00000000 0.00000000 0.00 0.00 0.00 0.06 0.09 -0.01 0.02 -0.01 0.00 93.67 95.20 90.06 
0 0 0 22.44 0.00000000 0.00000000 0.00 0.00 0.00 0.06 0.08 0.01 0.02 -0.01 0.00 93.28 94.61 90.01 
0 0 0 22.54 0.00000000 0.00000000 0.00 0.00 0.00 0.05 0.07 0.05 0.01 -0.01 0.00 92.87 93.75 90.05 
0 0 0 22.64 0.00000000 0.00000000 0.00 0.00 0.00 0.05 0.09 0.08 0.01 -0.01 0.01 92.71 95.31 90.06 
0 0 0 22.75 0.00000000 0.00000000 0.00 0.00 0.00 0.05 0.08 0.01 0.01 -0.00 0.01 93.14 94.41 90.07 
0 0 0 22.85 0.00000000 0.00000000 0.00 0.00 0.00 0.06 0.07 -0.02 0.01 -0.01 0.00 93.72 94.11 90.04 
0 0 0 22.95 0.00000000 0.00000000 0.00 0.00 0.00 0.07 0.06 -0.02 0.01 -0.02 0.01 93.94 93.69 90.08 
0 0 0 23.05 0.00000000 0.00000000 0.00 0.00 0.00 0.07 0.08 -0.02 0.01 -0.01 0.00 93.74 94.61 90.03 
0 0 0 23.15 0.00000000 0.00000000 0.00 0.00 0.00 0.06 0.07 -0.01 0.01 -0.01 0.00 93.48 94.17 90.03 
0 0 0 23.25 0.00000000 0.00000000 0.00 0.00 0.00 0.06 0.08 -0.01 0.01 -0.01 0.01 93.43 94.32 90.08 
0 0 0 23.35 0.00000000 0.00000000 0.00 0.00 0.00 0.07 0.09 -0.02 0.01 -0.01 0.01 93.69 94.88 90.06 
0 0 0 23.45 0.00000000 0.00000000 0.00 0.00 0.00 0.07 0.07 -0.02 0.01 0.00 0.00 93.87 93.98 90.03 
0 0 0 23.55 0.00000000 0.00000000 0.00 0.00 0.00 0.07 0.08 -0.05 0.02 -0.01 0.00 94.09 94.55 90.05 
0 0 0 23.65 0.00000000 0.00000000 0.00 0.00 0.00 0.05 0.07 0.03 0.01 -0.01 0.01 93.17 93.74 90.06 
0 0 0 23.76 0.00000000 0.00000000 0.00 0.00 0.00 0.06 0.07 -0.01 0.01 -0.01 0.00 93.32 94.16 90.04 
0 0 0 23.86 0.00000000 0.00000000 0.00 0.00 0.00 0.07 0.09 -0.05 0.01 -0.01 0.00 93.90 94.59 90.04 
0 0 0 23.96 0.00000000 0.00000000 0.00 0.00 0.00 0.06 0.07 -0.01 0.01 -0.01 0.00 93.33 94.19 90.06 
0 0 0 24.06 0.00000000 0.00000000 0.00 0.00 0.00 0.06 0.08 0.01 0.01 -0.01 0.00 93.55 94.37 90.05 
0 0 0 24.16 0.00000000 0.00000000 0.00 0.00 0.00 0.08 0.06 -0.06 0.01 -0.01 0.00 94.27 93.38 90.04 
0 0 0 24.26 0.00000000 0.00000000 0.00 0.00 0.00 0.08 0.08 -0.05 0.02 -0.01 0.00 94.32 94.37 90.02 
0 0 0 24.37 0.00000000 0.00000000 0.00 0.00 0.00 0.06 0.08 -0.02 0.01 -0.01 0.00 93.48 94.61 90.05 
0 0 0 24.47 0.00000000 0.00000000 0.00 0.00 0.00 0.05 0.08 0.04 0.00 -0.00 0.00 93.07 94.38 90.05 
0 0 0 24.57 0.00000000 0.00000000 0.00 0.00 0.00 0.06 0.08 0.02 0.01 -0.01 0.00 93.36 94.63 90.03 
0 0 0 24.67 0.00000000 0.00000000 0.00 0.00 0.00 0.07 0.08 -0.06 0.01 -0.00 0.00 94.17 94.40 90.04 
0 0 0 24.77 0.00000000 0.00000000 0.00 0.00 0.00 0.06 0.06 -0.00 0.01 -0.01 0.00 93.32 94.17 90.03 
0 0 0 24.87 0.00000000 0.00000000 0.00 0.00 0.00 0.07 0.06 -0.03 0.01 -0.02 0.00 93.91 93.70 90.06 
0 0 0 24.97 0.00000000 0.00000000 0.00 0.00 0.00 0.07 0.07 -0.03 0.01 -0.01 0.01 93.74 93.98 90.07 
0 0 0 25.07 0.00000000 0.00000000 0.00 0.00 0.00 0.05 0.07 0.03 0.01 -0.01 0.00 93.15 94.00 90.05 
0 0 0 25.18 0.00000000 0.00000000 0.00 0.00 0.00 0.06 0.08 -0.02 0.01 -0.00 0.00 93.31 94.63 90.04 
0 0 0 25.28 0.00000000 0.00000000 0.00 0.00 0.00 0.07 0.08 -0.02 0.01 -0.01 0.00 93.76 94.39 90.02 
0 0 0 25.38 0.00000000 0.00000000 0.00 0.00 0.00 0.07 0.07 -0.05 0.01 -0.00 0.00 93.98 93.97 90.02 
0 0 0 25.48 0.00000000 0.00000000 0.00 0.00 0.00 0.07 0.07 -0.06 0.02 -0.01 0.01 93.71 93.94 90.06 
0 0 0 25.58 0.00000000 0.00000000 0.00 0.00 0.00 0.06 0.07 -0.01 0.01 -0.01 0.00 93.43 93.98 90.04 
0 0 0 25.68 0.00000000 0.00000000 0.00 0.00 0.00 0.06 0.08 -0.01 0.01 -0.01 0.01 93.31 94.44 90.07 
0 0 0 25.79 0.00000000 0.00000000 0.00 0.00 0.00 0.07 0.08 -0.04 0.00 -0.00 0.00 94.29 94.15 90.03 
0 0 0 25.89 0.00000000 0.00000000 0.00 0.00 0.00 0.06 0.06 -0.04 0.01 -0.01 0.00 93.67 93.68 90.02 
0 0 0 25.99 0.00000000 0.00000000 0.00 0.00 0.00 0.07 0.07 -0.04 0.01 -0.01 0.00 93.99 93.79 90.03 
0 0 0 26.09 0.00000000 0.00000000 0.00 0.00 0.00 0.07 0.08 -0.03 0.01 -0.00 0.00 93.74 94.84 90.03 
0 0 0 26.19 0.00000000 0.00000000 0.00 0.00 0.00 0.05 0.07 0.04 0.01 -0.01 0.01 93.13 93.90 90.07 
0 0 0 26.29 0.00000000 0.00000000 0.00 0.00 0.00 0.07 0.07 -0.04 0.01 -0.02 0.00 93.92 93.75 90.05 
0 0 0 26.40 0.00000000 0.00000000 0.00 0.00 0.00 0.07 0.08 -0.01 0.01 -0.00 0.00 93.37 94.46 90.03 
0 0 0 26.50 0.00000000 0.00000000 0.00 0.00 0.00 0.06 0.07 -0.01 0.01 -0.01 0.00 93.72 94.20 90.04 
0 0 0 26.60 0.00000000 0.00000000 0.00 0.00 0.00 0.06 0.08 -0.00 0.01 -0.01 0.00 93.46 94.31 90.04 
0 0 0 26.70 0.00000000 0.00000000 0.00 0.00 0.00 0.07 0.08 -0.02 0.01 -0.01 0.00 93.95 94.37 90.03 
0 0 0 26.80 0.00000000 0.00000000 0.00 0.00 0.00 0.08 0.07 -0.08 0.01 -0.02 0.00 94.30 93.93 90.06 
0 0 0 26.90 0.00000000 0.00000000 0.00 0.00 0.00 0.06 0.07 -0.02 0.01 -0.01 0.00 93.78 94.06 90.03 
0 0 0 27.01 0.00000000 0.00000000 0.00 0.00 0.00 0.07 0.07 -0.06 0.02 -0.01 0.01 93.52 94.42 90.06 
0 0 0 27.11 0.00000000 0.00000000 0.00 0.00 0.00 0.06 0.06 -0.01 0.01 -0.01 0.00 93.43 93.71 90.03 
0 0 0 27.21 0.00000000 0.00000000 0.00 0.00 0.00 0.05 0.07 0.05 0.01 -0.02 0.00 92.60 94.11 90.06 
0 0 0 27.32 0.00000000 0.00000000 0.00 0.00 0.00 0.06 0.09 0.01 0.01 -0.00 0.00 93.15 93.97 90.04 
0 0 0 27.42 0.00000000 0.00000000 0.00 0.00 0.00 0.06 0.06 -0.01 0.01 -0.01 0.00 93.57 93.98 90.07 
0 0 0 27.52 0.00000000 0.00000000 0.00 0.00 0.00 0.06 0.07 -0.01 0.01 -0.01 0.00 93.55 93.97 90.05 
0 0 0 27.62 0.00000000 0.00000000 0.00 0.00 0.00 0.05 0.08 0.01 0.01 -0.00 0.00 93.17 94.43 90.00 
0 0 0 27.72 0.00000000 0.00000000 0.00 0.00 0.00 0.06 0.07 0.00 0.02 -0.01 0.00 93.70 94.12 90.05 
0 0 0 27.82 0.00000000 0.00000000 0.00 0.00 0.00 0.06 0.07 -0.01 0.02 -0.01 0.01 93.29 93.97 90.07 
0 0 0 27.92 0.00000000 0.00000000 0.00 0.00 0.00 0.06 0.06 -0.03 0.01 -0.02 0.00 93.44 93.31 90.02 
0 0 0 28.02 0.00000000 0.00000000 0.00 0.00 0.00 0.05 0.07 0.04 0.01 0.00 0.00 93.14 94.25 90.04 
0 0 0 28.12 0.00000000 0.00000000 0.00 0.00 0.00 0.06 0.06 -0.01 0.01 -0.02 0.01 93.47 94.37 90.04 
0 0 0 28.22 0.00000000 0.00000000 0.00 0.00 0.00 0.06 0.07 -0.01 0.01 -0.02 0.00 93.52 93.95 90.04 
0 0 0 28.32 0.00000000 0.00000000 0.00 0.00 0.00 0.06 0.09 -0.01 0.01 -0.00 0.00 93.58 95.32 90.01 
0 0 0 28.43 0.00000000 0.00000000 0.00 0.00 0.00 0.06 0.08 -0.00 0.02 -0.02 0.00 93.30 94.39 90.05 
0 0 0 28.53 0.00000000 0.00000000 0.00 0.00 0.00 0.06 0.07 0.01 0.01 -0.01 0.00 93.72 94.15 90.05 
0 0 0 28.64 0.00000000 0.00000000 0.00 0.00 0.00 0.06 0.07 -0.00 0.01 -0.01 0.00 93.34 94.36 90.04 
0 0 0 28.77 0.00000000 0.00000000 0.00 0.00 0.00 0.06 0.08 0.02 0.01 -0.01 0.00 93.33 94.65 90.03 
0 0 0 28.90 0.00000000 0.00000000 0.00 0.00 0.00 0.06 0.07 -0.03 0.02 -0.01 0.00 93.49 93.94 90.06 
0 0 0 29.04 0.00000000 0.00000000 0.00 0.00 0.00 0.06 0.08 -0.02 0.01 -0.01 0.00 93.51 94.37 90.05 
0 0 0 29.18 0.00000000 0.00000000 0.00 0.00 0.00 0.06 0.08 0.01 0.02 -0.02 0.00 93.50 94.36 90.04 
0 0 0 29.28 0.00000000 0.00000000 0.00 0.00 0.00 0.06 0.07 -0.02 0.01 -0.02 0.01 93.48 93.91 90.07 
0 0 0 29.38 0.00000000 0.00000000 0.00 0.00 0.00 0.07 0.07 -0.04 0.00 -0.01 0.00 93.83 94.25 90.03 
0 0 0 29.48 0.00000000 0.00000000 0.00 0.00 0.00 0.05 0.08 0.04 0.01 -0.00 0.00 92.92 94.38 90.03 
0 0 0 29.58 0.00000000 0.00000000 0.00 0.00 0.00 0.07 0.08 -0.04 0.01 -0.02 0.00 93.95 94.37 90.04 
0 0 0 29.68 0.00000000 0.00000000 0.00 0.00 0.00 0.07 0.07 -0.02 0.01 -0.01 0.01 93.82 94.09 90.06 
0 0 0 29.78 0.00000000 0.00000000 0.00 0.00 0.00 0.06 0.07 -0.01 0.02 -0.00 0.00 93.53 94.24 90.05 
0 0 0 29.88 0.00000000 0.00000000 0.00 0.00 0.00 0.05 0.09 0.04 0.02 -0.01 0.00 93.05 95.07 90.04 
0 0 0 29.99 0.00000000 0.00000000 0.00 0.00 0.00 0.06 0.08 -0.01 0.01 -0.01 0.00 93.29 93.91 90.08 
0 0 0 30.09 0.00000000 0.00000000 0.00 0.00 0.00 0.05 0.07 0.01 0.00 -0.01 0.00 93.09 94.19 90.05 
0 0 0 30.19 0.00000000 0.00000000 0.00 0.00 0.00 0.06 0.08 -0.00 0.01 -0.01 0.00 93.33 94.65 90.03 
0 0 0 30.29 0.00000000 0.00000000 0.00 0.00 0.00 0.07 0.07 -0.03 0.01 -0.01 0.00 93.91 93.92 90.03 
0 0 0 30.39 0.00000000 0.00000000 0.00 0.00 0.00 0.07 0.07 -0.04 0.01 -0.01 0.00 93.80 93.73 90.02 
0 0 0 30.49 0.00000000 0.00000000 0.00 0.00 0.00 0.08 0.08 -0.07 0.01 -0.00 0.00 94.32 94.42 90.05 
0 0 0 30.59 0.00000000 0.00000000 0.00 0.00 0.00 0.08 0.07 -0.07 0.01 -0.01 0.01 93.67 93.27 90.06 
0 0 0 30.70 0.00000000 0.00000000 0.00 0.00 0.00 0.07 0.08 -0.04 0.01 -0.01 0.00 93.31 93.91 90.05 
0 0 0 30.80 0.00000000 0.00000000 0.00 0.00 0.00 0.06 0.09 0.01 0.00 -0.01 0.00 92.92 95.07 90.02 
0 0 0 30.90 0.00000000 0.00000000 0.00 0.00 0.00 0.06 0.07 -0.00 0.01 -0.02 0.00 93.73 93.94 90.04 
0 0 0 31.00 0.00000000 0.00000000 0.00 0.00 0.00 0.07 0.07 0.00 0.01 -0.01 0.00 93.75 93.94 90.02 
0 0 0 31.10 0.00000000 0.00000000 0.00 0.00 0.00 0.07 0.08 -0.02 0.01 -0.01 0.01 93.80 94.66 90.07 
0 0 0 31.20 0.00000000 0.00000000 0.00 0.00 0.00 0.06 0.08 -0.01 0.01 -0.02 0.00 93.57 94.42 90.04 
0 0 0 31.30 0.00000000 0.00000000 0.00 0.00 0.00 0.07 0.06 -0.03 0.01 -0.02 0.01 94.14 93.69 90.06 
0 0 0 31.40 0.00000000 0.00000000 0.00 0.00 0.00 0.07 0.08 -0.03 0.01 0.00 0.00 93.77 94.46 90.05 
0 0 0 31.51 0.00000000 0.00000000 0.00 0.00 0.00 0.06 0.08 -0.02 0.02 -0.01 0.00 93.50 94.42 90.05 
0 0 0 31.61 0.00000000 0.00000000 0.00 0.00 0.00 0.05 0.07 0.03 0.02 -0.01 0.00 93.09 94.16 90.03 
0 0 0 31.71 0.00000000 0.00000000 0.00 0.00 0.00 0.06 0.07 0.00 0.01 -0.01 0.00 93.13 93.94 90.06 
0 0 0 31.81 0.00000000 0.00000000 0.00 0.00 0.00 0.05 0.07 0.01 0.02 -0.01 0.00 93.70 94.37 90.05 
0 0 0 31.91 0.00000000 0.00000000 0.00 0.00 0.00 0.07 0.08 -0.04 0.01 -0.02 0.01 94.06 94.54 90.06 
0 0 0 32.01 0.00000000 0.00000000 0.00 0.00 0.00 0.05 0.07 0.01 0.01 -0.02 0.00 93.09 93.88 90.05 
0 0 0 32.11 0.00000000 0.00000000 0.00 0.00 0.00 0.06 0.08 -0.02 0.01 -0.00 0.00 93.57 94.72 90.03 
0 0 0 32.21 0.00000000 0.00000000 0.00 0.00 0.00 0.06 0.07 -0.01 0.02 -0.01 0.01 93.56 94.19 90.07 
0 0 0 32.31 0.00000000 0.00000000 0.00 0.00 0.00 0.06 0.07 -0.03 0.01 -0.01 0.00 93.56 93.98 90.05 
0 0 0 32.42 0.00000000 0.00000000 0.00 0.00 0.00 0.06 0.08 -0.02 0.00 -0.01 0.00 93.75 94.15 90.05 
0 0 0 32.52 0.00000000 0.00000000 0.00 0.00 0.00 0.06 0.07 -0.02 0.01 -0.02 0.00 93.69 94.14 90.05 
0 0 0 32.62 0.00000000 0.00000000 0.00 0.00 0.00 0.07 0.06 -0.05 0.01 -0.03 0.00 93.90 93.50 90.05 
0 0 0 32.72 0.00000000 0.00000000 0.00 0.00 0.00 0.05 0.09 0.02 0.01 -0.01 0.00 93.15 95.11 90.04 
0 0 0 32.82 0.00000000 0.00000000 0.00 0.00 0.00 0.05 0.08 0.01 0.01 -0.01 0.00 93.10 94.41 90.05 
0 0 0 32.92 0.00000000 0.00000000 0.00 0.00 0.00 0.06 0.07 0.01 0.01 -0.02 0.00 93.53 93.94 90.05 
0 0 0 33.02 0.00000000 0.00000000 0.00 0.00 0.00 0.07 0.07 -0.05 0.01 -0.01 0.00 93.90 94.15 90.02 
0 0 0 33.12 0.00000000 0.00000000 0.00 0.00 0.00 0.06 0.06 -0.03 0.01 -0.01 0.01 93.72 93.70 90.06 
0 0 0 33.22 0.00000000 0.00000000 0.00 0.00 0.00 0.07 0.08 -0.02 0.01 -0.01 0.00 93.73 94.41 90.04 
0 0 0 33.32 0.00000000 0.00000000 0.00 0.00 0.00 0.06 0.06 -0.03 0.02 -0.02 0.00 93.66 93.47 90.04 
0 0 0 33.42 0.00000000 0.00000000 0.00 0.00 0.00 0.06 0.07 -0.03 0.01 -0.01 0.00 93.54 94.20 90.03 
0 0 0 33.52 0.00000000 0.00000000 0.00 0.00 0.00 0.05 0.08 0.02 0.01 0.00 0.00 93.16 94.66 90.03 
0 0 0 33.62 0.00000000 0.00000000 0.00 0.00 0.00 0.07 0.08 -0.07 0.01 -0.01 0.00 94.02 94.35 90.04 
0 0 0 33.72 0.00000000 0.00000000 0.00 0.00 0.00 0.07 0.08 -0.01 0.02 -0.01 0.00 93.71 94.37 90.06 
0 0 0 33.82 0.00000000 0.00000000 0.00 0.00 0.00 0.07 0.07 -0.05 0.01 -0.01 0.00 93.85 94.12 90.05 
0 0 0 33.92 0.00000000 0.00000000 0.00 0.00 0.00 0.06 0.07 0.00 0.02 -0.02 0.00 93.43 93.92 90.05 
0 0 0 34.03 0.00000000 0.00000000 0.00 0.00 0.00 0.07 0.07 -0.04 0.02 -0.02 0.01 93.86 94.11 90.06 
0 0 0 34.13 0.00000000 0.00000000 0.00 0.00 0.00 0.06 0.07 0.02 0.01 -0.01 0.00 93.33 93.78 90.04 
0 0 0 34.23 0.00000000 0.00000000 0.00 0.00 0.00 0.06 0.08 -0.01 0.02 -0.01 0.00 93.56 94.44 90.03 
0 0 0 34.33 0.00000000 0.00000000 0.00 0.00 0.00 0.06 0.07 0.02 0.02 -0.01 0.00 93.53 93.95 90.03 
0 0 0 34.43 0.00000000 0.00000000 0.00 0.00 0.00 0.06 0.07 0.01 0.01 -0.02 0.00 93.27 93.91 90.05 
0 0 0 34.53 0.00000000 0.00000000 0.00 0.00 0.00 0.06 0.07 0.03 0.01 -0.01 0.00 93.33 94.16 90.05 
0 0 0 34.63 0.00000000 0.00000000 0.00 0.00 0.00 0.05 0.08 0.04 0.02 -0.01 0.00 92.89 94.39 90.00 
0 0 0 34.73 0.00000000 0.00000000 0.00 0.00 0.00 0.07 0.06 -0.07 0.02 -0.02 0.00 94.12 93.70 90.04 
0 0 0 34.83 0.00000000 0.00000000 0.00 0.00 0.00 0.06 0.07 -0.00 0.01 -0.01 0.00 93.58 94.03 90.05 
0 0 0 34.93 0.00000000 0.00000000 0.00 0.00 0.00 0.06 0.08 0.01 0.02 -0.00 0.00 93.52 94.41 90.03 
0 0 0 35.03 0.00000000 0.00000000 0.00 0.00 0.00 0.06 0.08 -0.02 0.01 -0.02 0.00 93.68 94.31 90.05 
0 0 0 35.13 0.00000000 0.00000000 0.00 0.00 0.00 0.05 0.06 0.01 0.01 -0.01 0.00 93.19 93.57 90.05 
0 0 0 35.23 0.00000000 0.00000000 0.00 0.00 0.00 0.06 0.08 0.03 0.01 -0.00 0.00 93.30 94.61 90.01 
0 0 0 35.34 0.00000000 0.00000000 0.00 0.00 0.00 0.07 0.06 -0.05 0.01 -0.01 0.00 93.86 93.47 90.05 
0 0 0 35.44 0.00000000 0.00000000 0.00 0.00 0.00 0.06 0.08 0.00 0.00 -0.01 0.00 93.46 94.31 90.06 
0 0 0 35.54 0.00000000 0.00000000 0.00 0.00 0.00 0.06 0.07 0.00 0.02 -0.01 0.00 93.67 93.92 90.03 
0 0 0 35.64 0.00000000 0.00000000 0.00 0.00 0.00 0.05 0.07 0.04 0.01 -0.01 0.00 93.15 94.21 90.04 
0 0 0 35.74 0.00000000 0.00000000 0.00 0.00 0.00 0.06 0.08 0.02 0.02 -0.01 0.00 93.51 94.59 90.05 
0 0 0 35.84 0.00000000 0.00000000 0.00 0.00 0.00 0.06 0.06 -0.03 0.02 -0.01 0.00 93.70 93.69 90.03 
0 0 0 35.94 0.00000000 0.00000000 0.00 0.00 0.00 0.07 0.09 -0.02 0.01 -0.02 0.00 93.73 95.06 90.04 
0 0 0 36.04 0.00000000 0.00000000 0.00 0.00 0.00 0.06 0.07 -0.01 0.02 -0.02 0.00 93.51 93.94 90.06 
0 0 0 36.14 0.00000000 0.00000000 0.00 0.00 0.00 0.06 0.07 0.00 0.01 -0.01 0.00 93.67 93.89 90.05 
0 0 0 36.24 0.00000000 0.00000000 0.00 0.00 0.00 0.07 0.06 -0.02 0.02 -0.02 0.01 93.63 93.51 90.08 
0 0 0 36.34 0.00000000 0.00000000 0.00 0.00 0.00 0.05 0.07 0.05 0.01 -0.01 0.00 92.86 94.02 90.02 
0 0 0 36.44 0.00000000 0.00000000 0.00 0.00 0.00 0.05 0.09 0.04 0.01 -0.01 0.00 92.92 94.89 90.05 
0 0 0 36.54 0.00000000 0.00000000 0.00 0.00 0.00 0.06 0.07 0.00 0.01 -0.02 0.00 93.15 94.43 90.05 
0 0 0 36.64 0.00000000 0.00000000 0.00 0.00 0.00 0.06 0.10 0.02 0.01 -0.01 0.00 93.59 95.52 90.03 
0 0 0 36.74 0.00000000 0.00000000 0.00 0.00 0.00 0.07 0.08 -0.03 0.01 -0.00 0.00 93.93 94.36 90.05 
0 0 0 36.84 0.00000000 0.00000000 0.00 0.00 0.00 0.07 0.06 -0.07 0.01 -0.02 0.00 94.07 93.45 90.05 
0 0 0 36.95 0.00000000 0.00000000 0.00 0.00 0.00 0.07 0.07 -0.05 0.01 -0.01 0.00 93.96 94.22 90.03 
0 0 0 37.05 0.00000000 0.00000000 0.00 0.00 0.00 0.06 0.07 0.00 0.02 -0.01 0.00 93.34 94.00 90.03 
0 0 0 37.15 0.00000000 0.00000000 0.00 0.00 0.00 0.05 0.07 0.03 0.01 -0.01 0.00 93.16 94.22 90.05 
0 0 0 37.25 0.00000000 0.00000000 0.00 0.00 0.00 0.07 0.08 -0.01 0.01 -0.00 0.00 93.76 94.63 90.05 
0 0 0 37.35 0.00000000 0.00000000 0.00 0.00 0.00 0.07 0.07 -0.06 0.01 -0.01 0.00 93.72 93.95 90.04 
0 0 0 37.45 0.00000000 0.00000000 0.00 0.00 0.00 0.06 0.07 -0.01 0.01 -0.02 0.00 93.73 93.91 90.03 
0 0 0 37.55 0.00000000 0.00000000 0.00 0.00 0.00 0.06 0.08 0.01 0.01 -0.01 0.00 93.33 94.37 90.04 
0 0 0 37.65 0.00000000 0.00000000 0.00 0.00 0.00 0.06 0.08 -0.02 0.01 -0.02 0.01 93.64 94.36 90.06 
0 0 0 37.75 0.00000000 0.00000000 0.00 0.00 0.00 0.05 0.06 0.04 0.01 -0.01 0.00 93.04 93.64 90.04 
0 0 0 37.85 0.00000000 0.00000000 0.00 0.00 0.00 0.07 0.07 -0.05 0.01 -0.01 0.00 94.11 94.14 90.04 
0 0 0 37.95 0.00000000 0.00000000 0.00 0.00 0.00 0.07 0.07 -0.03 0.01 -0.01 0.01 93.78 93.95 90.07 
0 0 0 38.05 0.00000000 0.00000000 0.00 0.00 0.00 0.07 0.07 0.00 0.01 -0.01 0.01 93.72 94.17 90.09 
0 0 0 38.15 0.00000000 0.00000000 0.00 0.00 0.00 0.07 0.08 -0.06 0.01 -0.01 0.00 93.86 94.36 90.02 
0 0 0 38.25 0.00000000 0.00000000 0.00 0.00 0.00 0.06 0.08 0.00 0.01 -0.01 0.00 93.51 94.63 90.05 
0 0 0 38.36 0.00000000 0.00000000 0.00 0.00 0.00 0.06 0.09 -0.01 0.01 -0.01 0.01 93.32 95.09 90.08 
0 0 0 38.46 0.00000000 0.00000000 0.00 0.00 0.00 0.06 0.07 -0.01 0.01 -0.01 0.00 93.56 94.22 90.04 
0 0 0 38.56 0.00000000 0.00000000 0.00 0.00 0.00 0.06 0.07 -0.02 0.01 -0.01 0.00 93.56 94.00 90.04 
0 0 0 38.66 0.00000000 0.00000000 0.00 0.00 0.00 0.06 0.07 0.03 0.01 -0.01 0.00 93.37 93.95 90.05 
0 0 0 38.76 0.00000000 0.00000000 0.00 0.00 0.00 0.06 0.07 -0.04 0.02 -0.02 0.00 93.67 94.14 90.03 
0 0 0 38.86 0.00000000 0.00000000 0.00 0.00 0.00 0.06 0.07 0.00 0.01 -0.01 0.00 93.52 93.95 90.06 
0 0 0 38.96 0.00000000 0.00000000 0.00 0.00 0.00 0.06 0.08 -0.03 0.01 -0.00 0.00 93.60 94.44 90.02 
0 0 0 39.06 0.00000000 0.00000000 0.00 0.00 0.00 0.06 0.07 0.02 0.01 -0.01 0.00 93.34 94.00 90.04 
0 0 0 39.16 0.00000000 0.00000000 0.00 0.00 0.00 0.06 0.08 -0.02 0.02 -0.01 0.00 93.52 94.39 90.04 
0 0 0 39.26 0.00000000 0.00000000 0.00 0.00 0.00 0.06 0.07 -0.04 0.01 -0.01 0.00 93.57 93.98 90.05 
0 0 0 39.36 0.00000000 0.00000000 0.00 0.00 0.00 0.07 0.08 -0.04 0.01 -0.01 0.00 93.64 94.81 90.03 
0 0 0 39.46 0.00000000 0.00000000 0.00 0.00 0.00 0.06 0.06 -0.02 0.02 -0.01 0.00 93.66 93.69 90.05 
0 0 0 39.56 0.00000000 0.00000000 0.00 0.00 0.00 0.08 0.07 -0.05 0.02 -0.01 0.00 94.30 93.92 90.03 
0 0 0 39.66 0.00000000 0.00000000 0.00 0.00 0.00 0.07 0.07 0.01 0.01 -0.01 0.01 93.57 94.37 90.07 
0 0 0 39.77 0.00000000 0.00000000 0.00 0.00 0.00 0.07 0.08 -0.03 0.01 -0.01 0.01 93.76 94.42 90.07 
0 0 0 39.87 0.00000000 0.00000000 0.00 0.00 0.00 0.06 0.07 -0.06 0.02 -0.01 0.00 93.55 93.98 90.04 
0 0 0 39.97 0.00000000 0.00000000 0.00 0.00 0.00 0.06 0.08 -0.00 0.01 -0.01 0.00 93.53 94.63 90.03 
0 0 0 40.07 0.00000000 0.00000000 0.00 0.00 0.00 0.07 0.07 -0.02 0.01 -0.01 0.00 93.72 93.95 90.05 
0 0 0 40.17 0.00000000 0.00000000 0.00 0.00 0.00 0.06 0.06 -0.04 0.01 -0.02 0.00 93.50 93.49 90.05 
0 0 0 40.27 0.00000000 0.00000000 0.00 0.00 0.00 0.06 0.07 -0.01 0.01 -0.01 0.00 93.32 93.95 90.02 
0 0 0 40.37 0.00000000 0.00000000 0.00 0.00 0.00 0.06 0.07 0.00 0.01 -0.01 0.00 93.51 94.16 90.03 
0 0 0 40.47 0.00000000 0.00000000 0.00 0.00 0.00 0.07 0.07 -0.03 0.02 -0.01 0.00 93.94 94.20 90.02 
0 0 0 40.57 0.00000000 0.00000000 0.00 0.00 0.00 0.05 0.08 0.02 0.00 -0.01 0.00 93.13 94.61 90.04 
0 0 0 40.67 0.00000000 0.00000000 0.00 0.00 0.00 0.06 0.07 -0.01 0.01 -0.01 0.00 93.81 94.44 90.05 
0 0 0 40.77 0.00000000 0.00000000 0.00 0.00 0.00 0.06 0.08 0.03 0.00 -0.01 0.00 93.37 94.43 90.04 
0 0 0 40.87 0.00000000 0.00000000 0.00 0.00 0.00 0.06 0.08 -0.02 0.02 -0.02 0.00 93.45 94.32 90.04 
0 0 0 40.97 0.00000000 0.00000000 0.00 0.00 0.00 0.06 0.08 -0.02 0.01 -0.01 0.00 93.58 94.37 90.05 
0 0 0 41.07 0.00000000 0.00000000 0.00 0.00 0.00 0.06 0.08 -0.02 0.01 -0.00 0.00 93.55 94.44 90.04 
0 0 0 41.17 0.00000000 0.00000000 0.00 0.00 0.00 0.07 0.08 -0.02 0.02 -0.01 0.00 93.73 94.59 90.03 
0 0 0 41.28 0.00000000 0.00000000 0.00 0.00 0.00 0.06 0.07 0.02 0.01 -0.01 0.00 93.49 94.16 90.04 
0 0 0 41.38 0.00000000 0.00000000 0.00 0.00 0.00 0.06 0.07 0.01 0.01 -0.00 0.00 93.36 94.19 90.04 
0 0 0 41.48 0.00000000 0.00000000 0.00 0.00 0.00 0.06 0.07 0.01 0.01 -0.01 0.00 93.32 94.14 90.03 
0 0 0 41.58 0.00000000 0.00000000 0.00 0.00 0.00 0.06 0.07 -0.02 0.01 -0.02 0.00 93.74 93.91 90.06 
0 0 0 41.68 0.00000000 0.00000000 0.00 0.00 0.00 0.07 0.07 -0.02 0.01 -0.00 0.00 93.79 93.98 90.05 
0 0 0 41.78 0.00000000 0.00000000 0.00 0.00 0.00 0.06 0.08 -0.02 0.01 -0.01 0.00 93.52 94.44 90.05 
0 0 0 41.88 0.00000000 0.00000000 0.00 0.00 0.00 0.06 0.07 -0.01 0.02 -0.00 0.00 93.48 93.95 90.03 
0 0 0 41.98 0.00000000 0.00000000 0.00 0.00 0.00 0.06 0.08 0.00 0.01 -0.01 0.00 93.51 94.37 90.04 
0 0 0 42.08 0.00000000 0.00000000 0.00 0.00 0.00 0.06 0.08 -0.01 0.01 -0.00 0.00 93.51 94.44 90.04 
0 0 0 42.18 0.00000000 0.00000000 0.00 0.00 0.00 0.06 0.08 -0.01 0.01 -0.01 0.00 93.53 94.39 90.04 
0 0 0 42.28 0.00000000 0.00000000 0.00 0.00 0.00 0.06 0.06 -0.00 0.01 -0.02 0.00 93.36 94.72 90.03 
0 0 0 42.38 0.00000000 0.00000000 0.00 0.00 0.00 0.06 0.08 -0.01 0.01 -0.01 0.00 93.59 94.46 90.03 
0 0 0 42.48 0.00000000 0.00000000 0.00 0.00 0.00 0.05 0.07 0.01 0.02 -0.01 0.01 93.16 94.19 90.08 
0 0 0 42.59 0.00000000 0.00000000 0.00 0.00 0.00 0.06 0.07 -0.01 0.01 -0.01 0.00 93.47 93.92 90.06 
0 0 0 42.69 0.00000000 0.00000000 0.00 0.00 0.00 0.06 0.07 -0.00 0.01 -0.01 0.01 93.54 93.98 90.07 
0 0 0 42.79 0.00000000 0.00000000 0.00 0.00 0.00 0.05 0.08 0.02 0.01 -0.01 0.00 93.09 94.59 90.03 
0 0 0 42.89 0.00000000 0.00000000 0.00 0.00 0.00 0.07 0.07 -0.03 0.01 -0.01 0.00 93.89 94.11 90.05 
0 0 0 42.99 0.00000000 0.00000000 0.00 0.00 0.00 0.06 0.07 0.00 0.02 -0.02 0.00 93.25 94.28 90.05 
0 0 0 43.09 0.00000000 0.00000000 0.00 0.00 0.00 0.06 0.07 -0.02 0.01 -0.00 0.00 93.54 93.73 90.03 
0 0 0 43.19 0.00000000 0.00000000 0.00 0.00 0.00 0.06 0.08 -0.00 0.01 -0.00 0.00 93.37 94.68 90.03 
0 0 0 43.29 0.00000000 0.00000000 0.00 0.00 0.00 0.07 0.07 -0.05 0.01 -0.01 0.00 93.73 94.19 90.03 
0 0 0 43.39 0.00000000 0.00000000 0.00 0.00 0.00 0.07 0.07 -0.01 0.01 -0.00 0.00 93.74 94.17 90.04 
0 0 0 43.49 0.00000000 0.00000000 0.00 0.00 0.00 0.06 0.08 -0.01 0.01 -0.01 0.00 93.52 94.37 90.03 
0 0 0 43.59 0.00000000 0.00000000 0.00 0.00 0.00 0.06 0.07 -0.01 0.01 -0.01 0.00 93.49 93.91 90.02 
0 0 0 43.69 0.00000000 0.00000000 0.00 0.00 0.00 0.06 0.06 0.00 0.01 -0.02 0.01 93.30 93.68 90.07 
0 0 0 43.79 0.00000000 0.00000000 0.00 0.00 0.00 0.06 0.07 -0.01 0.01 -0.00 0.00 93.58 94.22 90.06 
0 0 0 43.89 0.00000000 0.00000000 0.00 0.00 0.00 0.06 0.07 -0.01 0.01 0.00 0.00 93.51 94.16 90.03 
0 0 0 43.99 0.00000000 0.00000000 0.00 0.00 0.00 0.07 0.08 -0.05 0.01 -0.02 0.00 93.89 94.34 90.05 
0 0 0 44.09 0.00000000 0.00000000 0.00 0.00 0.00 0.06 0.06 0.02 0.01 -0.01 0.00 93.37 93.57 90.05 
0 0 0 44.20 0.00000000 0.00000000 0.00 0.00 0.00 0.06 0.07 -0.03 0.01 -0.00 0.00 93.58 94.27 90.04 
0 0 0 44.30 0.00000000 0.00000000 0.00 0.00 0.00 0.06 0.07 -0.01 0.02 -0.02 0.00 93.64 93.91 90.05 
0 0 0 44.40 0.00000000 0.00000000 0.00 0.00 0.00 0.06 0.07 -0.03 0.01 -0.02 0.00 93.69 93.92 90.03 
0 0 0 44.50 0.00000000 0.00000000 0.00 0.00 0.00 0.06 0.08 0.02 0.01 0.00 0.00 93.60 94.44 90.04 
0 0 0 44.60 0.00000000 0.00000000 0.00 0.00 0.00 0.06 0.08 0.01 0.02 -0.01 0.00 93.32 94.63 90.04 
0 0 0 44.70 0.00000000 0.00000000 0.00 0.00 0.00 0.07 0.07 -0.06 0.01 -0.02 0.00 93.68 94.15 90.05 
0 0 0 44.80 0.00000000 0.00000000 0.00 0.00 0.00 0.06 0.07 0.02 0.01 0.00 0.01 93.76 93.73 90.07 
0 0 0 44.90 0.00000000 0.00000000 0.00 0.00 0.00 0.06 0.07 -0.02 0.02 -0.01 0.00 93.74 94.14 90.03 
0 0 0 45.00 0.00000000 0.00000000 0.00 0.00 0.00 0.08 0.08 -0.08 0.01 -0.02 0.00 94.35 94.57 90.04 
0 0 0 45.10 0.00000000 0.00000000 0.00 0.00 0.00 0.06 0.07 -0.02 0.01 -0.01 0.00 93.55 93.97 90.03 
0 0 0 45.20 0.00000000 0.00000000 0.00 0.00 0.00 0.06 0.08 0.01 0.01 0.00 0.00 93.34 94.43 90.02 
0 0 0 45.31 0.00000000 0.00000000 0.00 0.00 0.00 0.07 0.08 -0.01 0.01 -0.01 0.00 93.14 94.41 90.06 
0 0 0 45.44 0.00000000 0.00000000 0.00 0.00 0.00 0.07 0.07 -0.05 0.01 -0.01 0.00 93.92 94.12 90.01 
0 0 0 45.58 0.00000000 0.00000000 0.00 0.00 0.00 0.06 0.06 -0.03 0.01 -0.01 0.00 93.72 93.69 90.02 
0 0 0 45.71 0.00000000 0.00000000 0.00 0.00 0.00 0.06 0.06 -0.02 0.01 -0.01 0.00 93.67 93.66 90.03 
0 0 0 45.85 0.00000000 0.00000000 0.00 0.00 0.00 0.06 0.06 -0.02 0.01 -0.02 0.00 93.71 93.70 90.02 
0 0 0 45.95 0.00000000 0.00000000 0.00 0.00 0.00 0.05 0.08 0.04 0.01 -0.01 0.00 92.99 94.46 90.04 
0 0 0 46.05 0.00000000 0.00000000 0.00 0.00 0.00 0.06 0.08 0.00 0.02 -0.01 0.00 93.32 94.37 90.04 
0 0 0 46.15 0.00000000 0.00000000 0.00 0.00 0.00 0.06 0.07 0.00 0.01 -0.02 0.00 93.68 94.12 90.05 
0 0 0 46.25 0.00000000 0.00000000 0.00 0.00 0.00 0.06 0.08 0.01 0.01 -0.01 0.01 93.38 94.70 90.07 
0 0 0 46.35 0.00000000 0.00000000 0.00 0.00 0.00 0.06 0.08 -0.01 0.01 -0.01 0.00 93.50 94.61 90.03 
0 0 0 46.45 0.00000000 0.00000000 0.00 0.00 0.00 0.06 0.06 -0.03 0.02 -0.03 0.01 93.68 93.69 90.07 
0 0 0 46.55 0.00000000 0.00000000 0.00 0.00 0.00 0.05 0.08 0.01 0.01 -0.00 0.00 93.63 94.09 90.07 
0 0 0 46.65 0.00000000 0.00000000 0.00 0.00 0.00 0.06 0.08 0.04 0.01 -0.01 0.01 93.51 94.59 90.06 
0 0 0 46.75 0.00000000 0.00000000 0.00 0.00 0.00 0.06 0.07 0.01 0.01 -0.01 0.00 93.36 93.75 90.05 
0 0 0 46.86 0.00000000 0.00000000 0.00 0.00 0.00 0.06 0.07 -0.03 0.01 -0.01 0.01 93.73 94.14 90.06 
0 0 0 46.96 0.00000000 0.00000000 0.00 0.00 0.00 0.07 0.08 -0.02 0.01 -0.01 0.00 93.72 94.37 90.06 
0 0 0 47.06 0.00000000 0.00000000 0.00 0.00 0.00 0.06 0.08 0.02 0.01 -0.00 0.01 93.37 94.43 90.07 
0 0 0 47.16 0.00000000 0.00000000 0.00 0.00 0.00 0.07 0.07 -0.03 0.01 -0.01 0.00 93.93 94.15 90.04 
0 0 0 47.26 0.00000000 0.00000000 0.00 0.00 0.00 0.06 0.06 -0.05 0.01 -0.02 0.01 93.73 93.70 90.07 
0 0 0 47.36 0.00000000 0.00000000 0.00 0.00 0.00 0.07 0.07 -0.02 0.02 -0.01 0.00 93.77 93.97 90.04 
0 0 0 47.46 0.00000000 0.00000000 0.00 0.00 0.00 0.08 0.07 -0.06 0.02 -0.01 0.00 94.31 93.95 90.05 
0 0 0 47.56 0.00000000 0.00000000 0.00 0.00 0.00 0.07 0.08 -0.04 0.01 -0.01 0.00 93.84 94.54 90.05 
0 0 0 47.66 0.00000000 0.00000000 0.00 0.00 0.00 0.05 0.09 0.05 0.00 -0.01 0.00 92.71 94.93 90.03 
0 0 0 47.76 0.00000000 0.00000000 0.00 0.00 0.00 0.06 0.09 -0.00 0.01 -0.01 0.01 93.61 95.08 90.10 
0 0 0 47.86 0.00000000 0.00000000 0.00 0.00 0.00 0.07 0.08 -0.05 0.01 -0.01 0.00 94.16 94.81 90.04 
0 0 0 47.96 0.00000000 0.00000000 0.00 0.00 0.00 0.07 0.07 -0.03 0.02 -0.01 0.00 93.91 94.12 90.05 
0 0 0 48.06 0.00000000 0.00000000 0.00 0.00 0.00 0.07 0.07 -0.03 0.01 -0.01 0.00 93.74 93.98 90.03 
0 0 0 48.16 0.00000000 0.00000000 0.00 0.00 0.00 0.05 0.07 0.01 0.02 -0.01 0.00 93.10 94.17 90.02 
0 0 0 48.27 0.00000000 0.00000000 0.00 0.00 0.00 0.06 0.07 0.05 0.01 -0.01 0.00 93.28 93.89 90.05 
0 0 0 48.37 0.00000000 0.00000000 0.00 0.00 0.00 0.07 0.07 -0.02 0.02 -0.00 0.00 93.89 93.76 90.03 
0 0 0 48.47 0.00000000 0.00000000 0.00 0.00 0.00 0.08 0.08 -0.10 0.02 -0.01 0.00 94.33 94.40 90.05 
0 0 0 48.57 0.00000000 0.00000000 0.00 0.00 0.00 0.07 0.07 -0.07 0.02 -0.02 0.00 94.07 94.12 90.05 
0 0 0 48.67 0.00000000 0.00000000 0.00 0.00 0.00 0.05 0.06 0.04 0.01 -0.01 0.00 93.14 93.71 90.03 
0 0 0 48.77 0.00000000 0.00000000 0.00 0.00 0.00 0.09 0.07 -0.11 0.01 -0.01 0.00 94.82 93.79 90.01 
0 0 0 48.87 0.00000000 0.00000000 0.00 0.00 0.00 0.07 0.07 -0.05 0.01 0.00 0.00 94.02 93.83 90.02 
0 0 0 48.97 0.00000000 0.00000000 0.00 0.00 0.00 0.06 0.07 -0.00 0.01 -0.02 0.01 93.50 94.11 90.07 
0 0 0 49.07 0.00000000 0.00000000 0.00 0.00 0.00 0.06 0.08 0.01 0.01 -0.00 0.00 94.08 93.27 90.05 
0 0 0 49.17 0.00000000 0.00000000 0.00 0.00 0.00 0.05 0.08 0.05 0.02 -0.01 0.01 93.39 94.72 90.03 
0 0 0 49.27 0.00000000 0.00000000 0.00 0.00 0.00 0.07 0.06 -0.04 0.02 -0.02 0.00 93.18 94.63 90.01 
0 0 0 49.37 0.00000000 0.00000000 0.00 0.00 0.00 0.06 0.07 0.01 0.01 -0.02 0.00 93.37 93.91 90.05 
0 0 0 49.47 0.00000000 0.00000000 0.00 0.00 0.00 0.06 0.08 -0.01 0.00 -0.02 0.00 93.32 94.46 90.05 
0 0 0 49.57 0.00000000 0.00000000 0.00 0.00 0.00 0.06 0.08 -0.01 0.01 -0.01 0.00 93.32 94.66 90.03 
0 0 0 49.67 0.00000000 0.00000000 0.00 0.00 0.00 0.06 0.08 -0.02 0.01 -0.02 0.00 93.51 94.34 90.06 
0 0 0 49.78 0.00000000 0.00000000 0.00 0.00 0.00 0.06 0.08 -0.03 0.01 -0.00 0.00 93.40 94.41 90.03 
0 0 0 49.88 0.00000000 0.00000000 0.00 0.00 0.00 0.07 0.07 0.01 0.01 -0.01 0.00 93.93 94.19 90.03 
0 0 0 49.98 0.00000000 0.00000000 0.00 0.00 0.00 0.06 0.07 0.02 0.02 -0.01 0.00 93.33 93.94 90.03 
0 0 0 50.08 0.00000000 0.00000000 0.00 0.00 0.00 0.06 0.07 0.01 0.01 -0.01 0.00 93.26 94.13 90.04 
0 0 0 50.18 0.00000000 0.00000000 0.00 0.00 0.00 0.06 0.07 0.01 0.01 -0.01 0.00 93.51 94.19 90.04 
0 0 0 50.28 0.00000000 0.00000000 0.00 0.00 0.00 0.07 0.07 -0.04 0.02 -0.01 0.00 93.71 94.19 90.05 
0 0 0 50.38 0.00000000 0.00000000 0.00 0.00 0.00 0.07 0.07 -0.02 0.02 -0.01 0.00 93.71 94.15 90.05 
0 0 0 50.48 0.00000000 0.00000000 0.00 0.00 0.00 0.05 0.07 0.01 0.01 -0.01 0.00 93.15 94.00 90.04 
0 0 0 50.58 0.00000000 0.00000000 0.00 0.00 0.00 0.06 0.07 -0.01 0.01 -0.01 0.00 93.53 94.17 90.04 
0 0 0 50.68 0.00000000 0.00000000 0.00 0.00 0.00 0.06 0.07 -0.02 0.01 -0.02 0.00 93.51 93.91 90.05 
0 0 0 50.78 0.00000000 0.00000000 0.00 0.00 0.00 0.06 0.07 0.03 0.01 -0.01 0.01 93.31 93.94 90.06 
0 0 0 50.88 0.00000000 0.00000000 0.00 0.00 0.00 0.06 0.07 0.00 0.00 -0.01 0.00 93.38 94.00 90.01 
0 0 0 50.98 0.00000000 0.00000000 0.00 0.00 0.00 0.08 0.08 -0.07 0.02 -0.01 0.00 94.33 94.75 90.03 
0 0 0 51.08 0.00000000 0.00000000 0.00 0.00 0.00 0.06 0.08 -0.03 0.02 -0.01 0.00 93.54 94.36 90.05 
0 0 0 51.19 0.00000000 0.00000000 0.00 0.00 0.00 0.06 0.08 -0.00 0.01 -0.01 0.00 93.33 94.43 90.03 
0 0 0 51.29 0.00000000 0.00000000 0.00 0.00 0.00 0.06 0.07 0.02 0.02 -0.01 0.01 93.28 93.98 90.06 
0 0 0 51.39 0.00000000 0.00000000 0.00 0.00 0.00 0.07 0.07 -0.04 0.01 -0.02 0.00 93.95 94.15 90.03 
0 0 0 51.49 0.00000000 0.00000000 0.00 0.00 0.00 0.07 0.07 0.02 0.01 -0.01 0.00 93.72 94.15 90.05 
0 0 0 51.59 0.00000000 0.00000000 0.00 0.00 0.00 0.06 0.08 0.00 0.01 -0.00 0.00 93.38 94.44 90.03 
0 0 0 51.69 0.00000000 0.00000000 0.00 0.00 0.00 0.07 0.08 -0.01 0.01 -0.02 0.00 93.70 94.61 90.04 
0 0 0 51.79 0.00000000 0.00000000 0.00 0.00 0.00 0.07 0.07 -0.03 0.01 -0.01 0.00 93.92 94.15 90.03 
0 0 0 51.89 0.00000000 0.00000000 0.00 0.00 0.00 0.06 0.07 0.02 0.02 -0.01 0.00 93.39 94.24 90.04 
0 0 0 51.99 0.00000000 0.00000000 0.00 0.00 0.00 0.06 0.07 -0.03 0.01 -0.01 0.00 93.33 93.95 90.05 
0 0 0 52.09 0.00000000 0.00000000 0.00 0.00 0.00 0.06 0.07 0.02 0.01 -0.01 0.01 93.48 94.12 90.06 
0 0 0 52.19 0.00000000 0.00000000 0.00 0.00 0.00 0.06 0.09 0.02 0.01 -0.01 0.00 93.33 94.88 90.03 
0 0 0 52.29 0.00000000 0.00000000 0.00 0.00 0.00 0.05 0.07 -0.01 0.01 -0.01 0.01 93.17 94.24 90.07 
0 0 0 52.39 0.00000000 0.00000000 0.00 0.00 0.00 0.07 0.06 -0.05 0.02 -0.01 0.00 93.72 93.53 90.04 
0 0 0 52.49 0.00000000 0.00000000 0.00 0.00 0.00 0.07 0.08 0.00 0.02 -0.01 0.00 93.90 94.37 90.04 
0 0 0 52.59 0.00000000 0.00000000 0.00 0.00 0.00 0.05 0.07 0.01 0.01 -0.01 0.00 93.10 94.17 90.06 
0 0 0 52.70 0.00000000 0.00000000 0.00 0.00 0.00 0.06 0.08 -0.01 0.01 -0.00 0.00 93.50 94.83 90.04 
0 0 0 52.80 0.00000000 0.00000000 0.00 0.00 0.00 0.06 0.07 0.00 0.02 -0.03 0.01 93.56 94.28 90.07 
0 0 0 52.90 0.00000000 0.00000000 0.00 0.00 0.00 0.06 0.07 0.04 0.01 -0.00 0.00 93.16 93.94 90.03 
0 0 0 53.00 0.00000000 0.00000000 0.00 0.00 0.00 0.05 0.08 0.06 0.01 -0.00 0.00 92.91 94.87 90.04 
0 0 0 53.10 0.00000000 0.00000000 0.00 0.00 0.00 0.06 0.07 -0.01 0.01 -0.01 0.00 93.50 94.17 90.05 
0 0 0 53.20 0.00000000 0.00000000 0.00 0.00 0.00 0.06 0.06 -0.01 0.01 -0.01 0.00 93.49 93.71 90.05 
0 0 0 53.30 0.00000000 0.00000000 0.00 0.00 0.00 0.06 0.08 0.00 0.01 -0.00 0.00 93.55 94.63 90.04 
0 0 0 53.40 0.00000000 0.00000000 0.00 0.00 0.00 0.06 0.07 0.04 0.01 -0.01 0.01 93.27 94.16 90.06 
0 0 0 53.50 0.00000000 0.00000000 0.00 0.00 0.00 0.05 0.07 -0.01 0.02 -0.01 0.01 93.08 93.92 90.06 
0 0 0 53.60 0.00000000 0.00000000 0.00 0.00 0.00 0.07 0.06 -0.04 0.01 -0.02 0.01 93.72 93.72 90.06 
0 0 0 53.70 0.00000000 0.00000000 0.00 0.00 0.00 0.07 0.08 -0.03 0.01 -0.01 0.00 93.97 94.41 90.04 
0 0 0 53.80 0.00000000 0.00000000 0.00 0.00 0.00 0.08 0.07 -0.08 0.01 -0.01 0.00 94.32 93.93 90.06 
0 0 0 53.90 0.00000000 0.00000000 0.00 0.00 0.00 0.06 0.08 -0.04 0.01 -0.01 0.00 93.53 94.59 90.04 
0 0 0 54.00 0.00000000 0.00000000 0.00 0.00 0.00 0.06 0.07 0.01 0.02 -0.01 0.00 93.36 93.78 90.04 
0 0 0 54.11 0.00000000 0.00000000 0.00 0.00 0.00 0.06 0.07 -0.03 0.01 -0.01 0.00 93.67 93.89 90.04 
0 0 0 54.21 0.00000000 0.00000000 0.00 0.00 0.00 0.06 0.07 -0.00 0.02 -0.02 0.00 93.50 94.09 90.05 
0 0 0 54.31 0.00000000 0.00000000 0.00 0.00 0.00 0.05 0.07 0.02 0.01 -0.01 0.00 92.99 94.14 90.05 
0 0 0 54.41 0.00000000 0.00000000 0.00 0.00 0.00 0.05 0.08 0.04 0.01 -0.01 0.00 93.13 94.46 90.02 
0 0 0 54.51 0.00000000 0.00000000 0.00 0.00 0.00 0.05 0.07 0.02 0.01 -0.01 0.01 92.88 93.77 90.07 
0 0 0 54.61 0.00000000 0.00000000 0.00 0.00 0.00 0.05 0.07 0.03 0.01 -0.02 0.01 93.20 94.17 90.06 
0 0 0 54.71 0.00000000 0.00000000 0.00 0.00 0.00 0.07 0.08 -0.04 0.01 -0.01 0.00 93.92 94.37 90.06 
0 0 0 54.81 0.00000000 0.00000000 0.00 0.00 0.00 0.06 0.07 -0.03 0.01 -0.01 0.01 93.70 93.91 90.09 
0 0 0 54.91 0.00000000 0.00000000 0.00 0.00 0.00 0.07 0.08 -0.04 0.01 -0.02 0.00 93.89 94.59 90.06 
0 0 0 55.01 0.00000000 0.00000000 0.00 0.00 0.00 0.04 0.08 0.10 0.02 -0.01 0.00 92.47 94.41 90.04 
0 0 0 55.11 0.00000000 0.00000000 0.00 0.00 0.00 0.06 0.08 -0.00 0.01 -0.01 0.00 93.67 94.57 90.04 
0 0 0 55.21 0.00000000 0.00000000 0.00 0.00 0.00 0.06 0.08 0.00 0.01 -0.01 0.00 93.52 94.64 90.05 
0 0 0 55.31 0.00000000 0.00000000 0.00 0.00 0.00 0.08 0.07 -0.08 0.01 -0.00 0.00 94.59 93.98 90.05 
0 0 0 55.41 0.00000000 0.00000000 0.00 0.00 0.00 0.07 0.08 -0.02 0.01 -0.01 0.00 93.75 94.41 90.06 
0 0 0 55.52 0.00000000 0.00000000 0.00 0.00 0.00 0.06 0.06 -0.01 0.02 -0.01 0.00 93.50 93.71 90.02 
0 0 0 55.62 0.00000000 0.00000000 0.00 0.00 0.00 0.06 0.07 -0.00 0.01 -0.01 0.01 93.51 94.16 90.07 
0 0 0 55.72 0.00000000 0.00000000 0.00 0.00 0.00 0.06 0.07 -0.01 0.02 -0.01 0.01 93.52 94.17 90.07 
0 0 0 55.82 0.00000000 0.00000000 0.00 0.00 0.00 0.06 0.07 0.02 0.01 -0.02 0.00 93.30 93.98 90.04 
0 0 0 55.92 0.00000000 0.00000000 0.00 0.00 0.00 0.07 0.07 -0.02 0.01 -0.01 0.00 93.91 93.75 90.04 
0 0 0 56.02 0.00000000 0.00000000 0.00 0.00 0.00 0.06 0.07 0.00 0.02 -0.01 0.00 93.35 93.76 90.04 
0 0 0 56.12 0.00000000 0.00000000 0.00 0.00 0.00 0.05 0.08 0.06 0.01 0.00 0.00 92.94 94.83 90.03 
0 0 0 56.22 0.00000000 0.00000000 0.00 0.00 0.00 0.07 0.07 -0.02 0.01 -0.01 0.00 93.76 94.17 90.04 
0 0 0 56.32 0.00000000 0.00000000 0.00 0.00 0.00 0.06 0.07 -0.02 0.01 -0.01 0.00 93.55 93.97 90.05 
0 0 0 56.42 0.00000000 0.00000000 0.00 0.00 0.00 0.06 0.07 -0.03 0.02 -0.00 0.00 93.60 94.16 90.04 
0 0 0 56.52 0.00000000 0.00000000 0.00 0.00 0.00 0.05 0.07 0.00 0.01 -0.00 0.00 93.15 94.21 90.01 
0 0 0 56.62 0.00000000 0.00000000 0.00 0.00 0.00 0.05 0.08 0.08 0.01 -0.00 0.00 92.88 94.43 90.04 
0 0 0 56.72 0.00000000 0.00000000 0.00 0.00 0.00 0.07 0.07 -0.06 0.01 -0.01 0.00 93.91 94.14 90.04 
0 0 0 56.82 0.00000000 0.00000000 0.00 0.00 0.00 0.06 0.07 -0.00 0.01 -0.01 0.01 93.64 93.94 90.06 
0 0 0 56.92 0.00000000 0.00000000 0.00 0.00 0.00 0.07 0.07 0.01 0.02 -0.01 0.00 93.73 94.15 90.04 
0 0 0 57.03 0.00000000 0.00000000 0.00 0.00 0.00 0.06 0.07 0.00 0.02 -0.01 0.00 93.45 94.11 90.04 
0 0 0 57.13 0.00000000 0.00000000 0.00 0.00 0.00 0.06 0.08 0.01 0.01 -0.02 0.00 93.32 94.39 90.05 
0 0 0 57.23 0.00000000 0.00000000 0.00 0.00 0.00 0.07 0.07 -0.02 0.02 -0.01 0.00 93.71 94.15 90.04 
0 0 0 57.33 0.00000000 0.00000000 0.00 0.00 0.00 0.05 0.07 0.03 0.01 -0.00 0.00 93.12 94.21 90.03 
0 0 0 57.43 0.00000000 0.00000000 0.00 0.00 0.00 0.07 0.07 -0.03 0.01 -0.01 0.00 93.75 94.19 90.05 
0 0 0 57.53 0.00000000 0.00000000 0.00 0.00 0.00 0.07 0.07 -0.05 0.01 -0.01 0.00 93.91 93.97 90.04 
0 0 0 57.63 0.00000000 0.00000000 0.00 0.00 0.00 0.06 0.07 -0.02 0.02 -0.02 0.01 93.66 94.11 90.06 
0 0 0 57.73 0.00000000 0.00000000 0.00 0.00 0.00 0.04 0.09 0.07 0.01 -0.01 0.00 92.56 94.89 90.04 
0 0 0 57.83 0.00000000 0.00000000 0.00 0.00 0.00 0.06 0.08 -0.01 0.01 -0.01 0.01 93.44 94.56 90.07 
0 0 0 57.93 0.00000000 0.00000000 0.00 0.00 0.00 0.07 0.08 -0.05 0.01 -0.01 0.00 93.90 94.39 90.02 
0 0 0 58.03 0.00000000 0.00000000 0.00 0.00 0.00 0.07 0.09 -0.05 0.01 -0.00 0.00 93.74 94.88 90.05 
0 0 0 58.13 0.00000000 0.00000000 0.00 0.00 0.00 0.06 0.07 0.00 0.02 -0.01 0.00 93.44 94.12 90.04 
0 0 0 58.23 0.00000000 0.00000000 0.00 0.00 0.00 0.05 0.06 0.06 0.01 -0.01 0.00 92.90 93.67 90.03 
0 0 0 58.33 0.00000000 0.00000000 0.00 0.00 0.00 0.06 0.06 -0.03 0.01 -0.01 0.00 93.48 93.72 90.05 
0 0 0 58.44 0.00000000 0.00000000 0.00 0.00 0.00 0.06 0.07 0.01 0.01 -0.01 0.00 93.25 94.14 90.03 
0 0 0 58.54 0.00000000 0.00000000 0.00 0.00 0.00 0.06 0.07 0.01 0.01 -0.01 0.01 93.31 93.94 90.07 
0 0 0 58.64 0.00000000 0.00000000 0.00 0.00 0.00 0.07 0.08 -0.04 0.01 -0.01 0.01 93.79 94.42 90.06 
0 0 0 58.74 0.00000000 0.00000000 0.00 0.00 0.00 0.07 0.08 -0.02 0.01 -0.00 0.01 93.76 94.44 90.06 
0 0 0 58.84 0.00000000 0.00000000 0.00 0.00 0.00 0.06 0.08 -0.03 0.02 -0.01 0.00 93.55 94.37 90.04 
0 0 0 58.94 0.00000000 0.00000000 0.00 0.00 0.00 0.07 0.07 -0.02 0.02 -0.01 0.00 93.72 94.17 90.05 
0 0 0 59.04 0.00000000 0.00000000 0.00 0.00 0.00 0.06 0.07 0.00 0.01 -0.01 0.01 93.31 93.94 90.06 
0 0 0 59.14 0.00000000 0.00000000 0.00 0.00 0.00 0.06 0.08 0.03 0.02 -0.01 0.00 93.32 94.39 90.05 
0 0 0 59.24 0.00000000 0.00000000 0.00 0.00 0.00 0.07 0.08 -0.04 0.01 -0.01 0.00 93.71 94.37 90.04 
0 0 0 59.34 0.00000000 0.00000000 0.00 0.00 0.00 0.06 0.09 -0.01 0.01 -0.00 0.00 93.51 95.07 90.03 
0 0 0 59.44 0.00000000 0.00000000 0.00 0.00 0.00 0.07 0.08 -0.04 0.01 -0.00 0.00 93.72 94.39 90.06 
0 0 0 59.54 0.00000000 0.00000000 0.00 0.00 0.00 0.06 0.07 0.01 0.02 -0.01 0.00 93.34 93.97 90.03 
0 0 0 59.64 0.00000000 0.00000000 0.00 0.00 0.00 0.06 0.07 -0.00 0.02 -0.02 0.01 93.44 93.91 90.07 
0 0 0 59.74 0.00000000 0.00000000 0.00 0.00 0.00 0.05 0.07 0.05 0.01 -0.01 0.00 92.89 94.19 90.04 
0 0 0 59.84 0.00000000 0.00000000 0.00 0.00 0.00 0.06 0.07 -0.01 0.02 -0.01 0.00 93.33 94.17 90.03 
0 0 0 59.95 0.00000000 0.00000000 0.00 0.00 0.00 0.07 0.07 -0.04 0.01 -0.01 0.00 93.90 93.94 90.03 
0 0 0 60.05 0.00000000 0.00000000 0.00 0.00 0.00 0.06 0.08 -0.01 0.01 -0.01 0.00 93.58 94.41 90.05 
0 0 0 60.15 0.00000000 0.00000000 0.00 0.00 0.00 0.06 0.08 0.02 0.01 -0.00 0.00 93.35 94.83 90.04 
0 0 0 60.25 0.00000000 0.00000000 0.00 0.00 0.00 0.05 0.07 0.03 0.02 -0.01 0.00 93.10 94.28 90.05 
0 0 0 60.35 0.00000000 0.00000000 0.00 0.00 0.00 0.06 0.07 -0.03 0.01 -0.01 0.00 93.71 94.14 90.05 
0 0 0 60.45 0.00000000 0.00000000 0.00 0.00 0.00 0.06 0.08 -0.00 0.01 -0.01 0.00 93.45 94.34 90.03 
0 0 0 60.55 0.00000000 0.00000000 0.00 0.00 0.00 0.07 0.08 -0.02 0.01 -0.01 0.00 93.79 94.44 90.04 
0 0 0 60.65 0.00000000 0.00000000 0.00 0.00 0.00 0.07 0.07 -0.03 0.01 -0.02 0.00 93.95 94.03 90.03 
0 0 0 60.76 0.00000000 0.00000000 0.00 0.00 0.00 0.06 0.08 -0.00 0.01 -0.00 0.01 93.65 94.44 90.07 
0 0 0 60.86 0.00000000 0.00000000 0.00 0.00 0.00 0.06 0.07 -0.01 0.02 -0.01 0.00 93.33 94.43 90.02 
0 0 0 60.96 0.00000000 0.00000000 0.00 0.00 0.00 0.06 0.07 -0.02 0.01 -0.02 0.00 93.66 93.91 90.05 
0 0 0 61.06 0.00000000 0.00000000 0.00 0.00 0.00 0.06 0.07 0.00 0.02 -0.01 0.00 93.33 94.19 90.04 
0 0 0 61.16 0.00000000 0.00000000 0.00 0.00 0.00 0.06 0.07 0.01 0.02 -0.01 0.00 93.38 94.00 90.04 
0 0 0 61.26 0.00000000 0.00000000 0.00 0.00 0.00 0.06 0.08 0.03 0.01 -0.00 0.00 93.37 94.87 90.04 
0 0 0 61.36 0.00000000 0.00000000 0.00 0.00 0.00 0.06 0.08 -0.02 0.02 -0.01 0.00 93.70 94.56 90.03 
0 0 0 61.46 0.00000000 0.00000000 0.00 0.00 0.00 0.07 0.07 -0.03 0.01 -0.01 0.00 93.71 94.15 90.05 
0 0 0 61.56 0.00000000 0.00000000 0.00 0.00 0.00 0.07 0.07 -0.05 0.02 -0.01 0.01 93.54 94.19 90.05 
0 0 0 61.66 0.00000000 0.00000000 0.00 0.00 0.00 0.06 0.08 -0.02 0.02 -0.02 0.00 93.50 94.36 90.05 
0 0 0 61.76 0.00000000 0.00000000 0.00 0.00 0.00 0.07 0.07 -0.02 0.02 -0.02 0.00 93.71 93.95 90.03 
0 0 0 61.86 0.00000000 0.00000000 0.00 0.00 0.00 0.06 0.08 0.01 0.01 -0.01 0.00 93.39 94.49 90.03 
0 0 0 61.96 0.00000000 0.00000000 0.00 0.00 0.00 0.07 0.07 -0.03 0.02 -0.01 0.01 93.88 93.94 90.06 
0 0 0 62.07 0.00000000 0.00000000 0.00 0.00 0.00 0.06 0.06 -0.03 0.01 -0.01 0.00 93.71 93.50 90.03 
0 0 0 62.20 0.00000000 0.00000000 0.00 0.00 0.00 0.07 0.07 -0.02 0.01 -0.01 0.00 93.75 94.19 90.06 
0 0 0 62.34 0.00000000 0.00000000 0.00 0.00 0.00 0.05 0.07 0.03 0.01 -0.01 0.00 93.00 94.26 90.04 
0 0 0 62.47 0.00000000 0.00000000 0.00 0.00 0.00 0.06 0.08 -0.00 0.01 -0.01 0.00 93.45 94.59 90.05 
0 0 0 62.61 0.00000000 0.00000000 0.00 0.00 0.00 0.06 0.07 -0.02 0.01 -0.01 0.00 93.53 94.19 90.04 
0 0 0 62.71 0.00000000 0.00000000 0.00 0.00 0.00 0.06 0.07 0.02 0.01 -0.01 0.00 93.54 94.19 90.03 
0 0 0 62.81 0.00000000 0.00000000 0.00 0.00 0.00 0.07 0.07 -0.01 0.02 -0.02 0.00 93.73 93.97 90.05 
0 0 0 62.91 0.00000000 0.00000000 0.00 0.00 0.00 0.07 0.07 -0.03 0.01 -0.02 0.00 93.72 94.17 90.03 
0 0 0 63.01 0.00000000 0.00000000 0.00 0.00 0.00 0.07 0.07 -0.02 0.02 -0.01 0.00 93.75 94.19 90.03 
0 0 0 63.11 0.00000000 0.00000000 0.00 0.00 0.00 0.06 0.08 -0.04 0.01 -0.01 0.00 93.55 94.86 90.03 
0 0 0 63.21 0.00000000 0.00000000 0.00 0.00 0.00 0.06 0.07 0.00 0.01 -0.01 0.00 93.55 93.97 90.06 
0 0 0 63.31 0.00000000 0.00000000 0.00 0.00 0.00 0.06 0.07 0.00 0.01 -0.01 0.00 93.54 94.17 90.04 
0 0 0 63.41 0.00000000 0.00000000 0.00 0.00 0.00 0.06 0.07 0.02 0.01 -0.01 0.00 93.56 94.19 90.05 
0 0 0 63.51 0.00000000 0.00000000 0.00 0.00 0.00 0.07 0.07 -0.04 0.01 -0.01 0.00 93.73 94.19 90.01 
0 0 0 63.61 0.00000000 0.00000000 0.00 0.00 0.00 0.07 0.08 -0.01 0.01 -0.01 0.00 93.78 94.66 90.03 
0 0 0 63.71 0.00000000 0.00000000 0.00 0.00 0.00 0.06 0.07 -0.01 0.01 -0.01 0.00 93.50 93.95 90.05 
0 0 0 63.81 0.00000000 0.00000000 0.00 0.00 0.00 0.06 0.07 -0.03 0.02 -0.01 0.00 93.64 93.89 90.03 
0 0 0 63.92 0.00000000 0.00000000 0.00 0.00 0.00 0.07 0.07 -0.01 0.01 -0.01 0.00 93.96 94.17 90.04 
0 0 0 64.02 0.00000000 0.00000000 0.00 0.00 0.00 0.07 0.08 -0.07 0.01 -0.01 0.00 93.95 94.42 90.05 
0 0 0 64.12 0.00000000 0.00000000 0.00 0.00 0.00 0.08 0.08 -0.08 0.01 -0.01 0.01 94.32 94.66 90.07 
0 0 0 64.22 0.00000000 0.00000000 0.00 0.00 0.00 0.05 0.07 0.02 0.01 -0.02 0.00 93.12 93.74 90.04 
0 0 0 64.32 0.00000000 0.00000000 0.00 0.00 0.00 0.05 0.07 0.02 0.02 -0.00 0.00 93.15 94.24 90.01 
0 0 0 64.42 0.00000000 0.00000000 0.00 0.00 0.00 0.07 0.07 -0.03 0.01 -0.01 0.00 93.78 94.01 90.05 
0 0 0 64.52 0.00000000 0.00000000 0.00 0.00 0.00 0.07 0.08 -0.05 0.01 -0.00 0.00 93.92 94.57 90.02 
0 0 0 64.62 0.00000000 0.00000000 0.00 0.00 0.00 0.07 0.07 -0.04 0.01 -0.02 0.00 93.72 93.69 90.02 
0 0 0 64.73 0.00000000 0.00000000 0.00 0.00 0.00 0.07 0.07 -0.05 0.01 -0.01 0.00 94.33 94.27 90.03 
0 0 0 64.83 0.00000000 0.00000000 0.00 0.00 0.00 0.04 0.07 0.08 0.01 -0.02 0.00 92.52 93.84 90.05 
0 0 0 64.93 0.00000000 0.00000000 0.00 0.00 0.00 0.05 0.06 0.01 0.00 -0.01 0.00 93.11 93.72 90.04 
0 0 0 65.03 0.00000000 0.00000000 0.00 0.00 0.00 0.06 0.07 0.01 0.01 -0.01 0.00 93.56 93.94 90.04 
0 0 0 65.13 0.00000000 0.00000000 0.00 0.00 0.00 0.07 0.08 -0.01 0.01 -0.01 0.01 93.73 94.41 90.08 
0 0 0 65.23 0.00000000 0.00000000 0.00 0.00 0.00 0.06 0.07 0.02 0.02 -0.01 0.00 93.67 93.86 90.05 
0 0 0 65.33 0.00000000 0.00000000 0.00 0.00 0.00 0.05 0.07 0.06 0.01 -0.00 0.00 93.13 94.19 90.03 
0 0 0 65.44 0.00000000 0.00000000 0.00 0.00 0.00 0.06 0.08 -0.03 0.02 -0.01 0.00 93.36 94.22 90.03 
0 0 0 65.54 0.00000000 0.00000000 0.00 0.00 0.00 0.06 0.07 0.03 0.01 -0.02 0.00 93.65 94.29 90.05 
0 0 0 65.64 0.00000000 0.00000000 0.00 0.00 0.00 0.07 0.08 -0.02 0.01 -0.01 0.00 93.53 94.41 90.04 
0 0 0 65.74 0.00000000 0.00000000 0.00 0.00 0.00 0.06 0.07 0.01 0.02 -0.03 0.00 93.12 94.06 90.05 
0 0 0 65.84 0.00000000 0.00000000 0.00 0.00 0.00 0.06 0.07 -0.00 0.01 -0.02 0.01 92.84 94.31 90.06 
0 0 0 65.95 0.00000000 0.00000000 0.00 0.00 0.00 0.05 0.08 0.04 0.01 -0.01 0.00 93.50 93.91 90.04 
0 0 0 66.05 0.00000000 0.00000000 0.00 0.00 0.00 0.05 0.08 0.07 0.01 -0.00 0.00 92.76 94.58 90.04 
0 0 0 66.15 0.00000000 0.00000000 0.00 0.00 0.00 0.06 0.07 -0.03 0.01 -0.02 0.00 94.34 93.93 90.05 
0 0 0 66.25 0.00000000 0.00000000 0.00 0.00 0.00 0.07 0.07 -0.05 0.00 -0.01 0.00 94.01 93.98 90.05 
0 0 0 66.35 0.00000000 0.00000000 0.00 0.00 0.00 0.07 0.07 -0.01 0.02 -0.01 0.00 93.70 93.95 90.03 
0 0 0 66.45 0.00000000 0.00000000 0.00 0.00 0.00 0.06 0.06 -0.01 0.03 -0.02 0.00 93.18 93.66 90.03 
0 0 0 66.55 0.00000000 0.00000000 0.00 0.00 0.00 0.06 0.07 -0.03 0.01 -0.02 0.00 93.31 93.97 90.05 
0 0 0 66.66 0.00000000 0.00000000 0.00 0.00 0.00 0.05 0.07 0.02 0.01 -0.00 0.00 93.14 94.21 90.02 
0 0 0 66.76 0.00000000 0.00000000 0.00 0.00 0.00 0.06 0.07 -0.01 0.01 -0.01 0.01 93.48 94.14 90.06 
0 0 0 66.86 0.00000000 0.00000000 0.00 0.00 0.00 0.06 0.07 0.01 0.01 -0.01 0.00 93.63 93.91 90.03 
0 0 0 66.96 0.00000000 0.00000000 0.00 0.00 0.00 0.08 0.09 -0.09 0.04 -0.06 0.01 91.20 96.58 90.10 
0 0 0 67.06 0.00000000 0.00000000 0.00 0.00 0.00 0.06 0.08 -0.02 0.02 -0.03 0.00 93.48 94.36 90.06 
0 0 0 67.16 0.00000000 0.00000000 0.00 0.00 0.00 0.07 0.06 -0.01 -0.00 -0.01 0.00 93.75 93.53 90.04 
0 0 0 67.27 0.00000000 0.00000000 0.00 0.00 0.00 0.07 0.08 -0.04 0.02 -0.00 0.00 93.71 93.92 90.05 
0 0 0 67.37 0.00000000 0.00000000 0.00 0.00 0.00 0.06 0.07 0.02 0.01 -0.00 0.00 93.28 93.95 90.03 
0 0 0 67.47 0.00000000 0.00000000 0.00 0.00 0.00 0.06 0.08 -0.03 0.02 -0.01 0.00 93.72 94.57 90.05 
0 0 0 67.57 0.00000000 0.00000000 0.00 0.00 0.00 0.05 0.08 0.03 0.01 -0.01 0.01 93.11 94.59 90.07 
0 0 0 67.67 0.00000000 0.00000000 0.00 0.00 0.00 0.06 0.08 0.00 0.01 -0.01 0.00 93.56 94.44 90.06 
0 0 0 67.77 0.00000000 0.00000000 0.00 0.00 0.00 0.06 0.08 -0.02 0.01 -0.01 0.00 93.67 94.57 90.04 
0 0 0 67.88 0.00000000 0.00000000 0.00 0.00 0.00 0.06 0.07 0.00 0.01 -0.02 0.00 93.60 94.16 90.03 
0 0 0 67.98 0.00000000 0.00000000 0.00 0.00 0.00 0.06 0.08 -0.01 0.01 -0.00 0.00 93.48 94.57 90.03 
0 0 0 68.08 0.00000000 0.00000000 0.00 0.00 0.00 0.06 0.08 -0.01 0.01 -0.00 0.01 93.53 94.42 90.06 
0 0 0 68.18 0.00000000 0.00000000 0.00 0.00 0.00 0.06 0.07 -0.01 0.01 -0.02 0.00 93.54 93.73 90.04 
0 0 0 68.28 0.00000000 0.00000000 0.00 0.00 0.00 0.07 0.08 -0.04 0.00 -0.00 0.00 93.70 94.61 90.05 
0 0 0 68.38 0.00000000 0.00000000 0.00 0.00 0.00 0.06 0.07 -0.01 0.02 -0.02 0.00 93.54 94.17 90.05 
0 0 0 68.48 0.00000000 0.00000000 0.00 0.00 0.00 0.07 0.07 -0.02 0.01 -0.01 0.00 93.93 93.95 90.05 
0 0 0 68.58 0.00000000 0.00000000 0.00 0.00 0.00 0.06 0.07 0.00 0.02 -0.01 0.00 93.72 93.95 90.06 
0 0 0 68.69 0.00000000 0.00000000 0.00 0.00 0.00 0.05 0.08 0.06 0.01 0.00 0.00 92.71 94.51 90.03 
0 0 0 68.79 0.00000000 0.00000000 0.00 0.00 0.00 0.06 0.08 0.02 0.02 -0.02 0.00 93.36 94.87 90.04 
0 0 0 68.89 0.00000000 0.00000000 0.00 0.00 0.00 0.07 0.08 -0.01 0.01 -0.01 0.00 93.37 94.28 90.04 
0 0 0 68.99 0.00000000 0.00000000 0.00 0.00 0.00 0.06 0.07 0.03 0.01 0.01 0.00 93.07 93.91 90.06 
0 0 0 69.10 0.00000000 0.00000000 0.00 0.00 0.00 0.06 0.08 0.01 0.02 -0.01 0.00 93.55 95.08 90.04 
0 0 0 69.20 0.00000000 0.00000000 0.00 0.00 0.00 0.06 0.07 -0.02 0.01 -0.01 0.00 93.57 94.20 90.04 
0 0 0 69.30 0.00000000 0.00000000 0.00 0.00 0.00 0.06 0.09 0.01 0.01 -0.00 0.00 93.53 95.05 90.03 
0 0 0 69.40 0.00000000 0.00000000 0.00 0.00 0.00 0.07 0.07 -0.05 0.01 -0.01 0.01 93.91 94.17 90.03 
0 0 0 69.50 0.00000000 0.00000000 0.00 0.00 0.00 0.06 0.06 -0.03 0.02 -0.01 0.00 93.69 93.70 90.05 
0 0 0 69.61 0.00000000 0.00000000 0.00 0.00 0.00 0.05 0.08 0.06 0.02 -0.02 0.00 92.82 94.39 90.05 
0 0 0 69.71 0.00000000 0.00000000 0.00 0.00 0.00 0.06 0.08 0.02 0.01 0.00 0.00 93.29 94.58 90.03 
0 0 0 69.81 0.00000000 0.00000000 0.00 0.00 0.00 0.06 0.07 -0.00 0.01 -0.01 0.00 93.49 93.92 90.03 
0 0 0 69.91 0.00000000 0.00000000 0.00 0.00 0.00 0.06 0.09 0.02 0.00 -0.00 0.00 93.37 95.33 90.04 
0 0 0 70.01 0.00000000 0.00000000 0.00 0.00 0.00 0.07 0.07 -0.05 0.02 -0.00 0.00 93.34 94.44 90.03 
0 0 0 70.11 0.00000000 0.00000000 0.00 0.00 0.00 0.07 0.07 -0.04 0.01 -0.01 0.01 94.02 94.09 90.08 
0 0 0 70.21 0.00000000 0.00000000 0.00 0.00 0.00 0.06 0.07 -0.01 0.01 -0.01 0.00 93.09 93.91 90.03 
0 0 0 70.32 0.00000000 0.00000000 0.00 0.00 0.00 0.06 0.07 -0.01 0.02 -0.00 0.00 93.51 94.59 90.04 
0 0 0 70.42 0.00000000 0.00000000 0.00 0.00 0.00 0.04 0.07 0.06 0.01 -0.01 0.00 92.55 94.22 90.05 
0 0 0 70.52 0.00000000 0.00000000 0.00 0.00 0.00 0.07 0.07 -0.02 0.02 -0.01 0.00 93.76 93.97 90.03 
0 0 0 70.62 0.00000000 0.00000000 0.00 0.00 0.00 0.07 0.07 -0.01 0.01 -0.01 0.00 93.76 93.75 90.05 
0 0 0 70.72 0.00000000 0.00000000 0.00 0.00 0.00 0.07 0.07 -0.03 0.01 -0.01 0.00 93.87 93.88 90.03 
0 0 0 70.82 0.00000000 0.00000000 0.00 0.00 0.00 0.07 0.07 -0.05 0.01 -0.01 0.00 93.78 94.00 90.04 
0 0 0 70.92 0.00000000 0.00000000 0.00 0.00 0.00 0.07 0.08 -0.04 0.01 -0.01 0.01 93.66 94.84 90.07 
0 0 0 71.02 0.00000000 0.00000000 0.00 0.00 0.00 0.07 0.07 -0.06 0.01 -0.01 0.00 93.93 94.19 90.03 
0 0 0 71.13 0.00000000 0.00000000 0.00 0.00 0.00 0.07 0.07 -0.06 0.02 -0.02 0.00 94.02 94.05 90.01 
0 0 0 71.23 0.00000000 0.00000000 0.00 0.00 0.00 0.06 0.08 -0.03 0.01 -0.01 0.01 93.72 94.36 90.07 
0 0 0 71.33 0.00000000 0.00000000 0.00 0.00 0.00 0.06 0.08 -0.01 0.01 -0.01 0.00 93.55 94.42 90.02 
0 0 0 71.43 0.00000000 0.00000000 0.00 0.00 0.00 0.06 0.08 0.03 0.02 -0.02 0.00 93.27 94.34 90.05 
0 0 0 71.53 0.00000000 0.00000000 0.00 0.00 0.00 0.06 0.07 -0.00 0.01 -0.02 0.00 93.64 93.89 90.06 
0 0 0 71.63 0.00000000 0.00000000 0.00 0.00 0.00 0.06 0.08 0.01 0.01 0.00 0.00 93.79 94.46 90.05 
0 0 0 71.73 0.00000000 0.00000000 0.00 0.00 0.00 0.06 0.08 -0.01 0.02 -0.01 0.00 93.67 94.32 90.03 
0 0 0 71.83 0.00000000 0.00000000 0.00 0.00 0.00 0.07 0.06 -0.03 0.01 -0.01 0.00 93.73 93.33 90.05 
0 0 0 71.94 0.00000000 0.00000000 0.00 0.00 0.00 0.07 0.08 -0.04 0.01 -0.01 0.00 93.59 94.24 90.05 
0 0 0 72.04 0.00000000 0.00000000 0.00 0.00 0.00 0.06 0.07 0.02 0.01 -0.02 0.00 93.30 94.11 90.06 
0 0 0 72.14 0.00000000 0.00000000 0.00 0.00 0.00 0.06 0.07 -0.00 0.01 -0.02 0.00 93.53 94.12 90.04 
0 0 0 72.24 0.00000000 0.00000000 0.00 0.00 0.00 0.06 0.07 0.03 0.01 -0.00 0.00 93.54 94.20 90.00 
0 0 0 72.35 0.00000000 0.00000000 0.00 0.00 0.00 0.06 0.07 -0.03 0.01 -0.01 0.00 93.65 94.57 90.06 
0 0 0 72.45 0.00000000 0.00000000 0.00 0.00 0.00 0.06 0.08 -0.02 0.01 -0.01 0.00 93.69 94.36 90.04 
0 0 0 72.55 0.00000000 0.00000000 0.00 0.00 0.00 0.06 0.07 0.02 0.01 -0.01 0.01 93.70 93.94 90.07 
0 0 0 72.65 0.00000000 0.00000000 0.00 0.00 0.00 0.07 0.07 -0.04 0.01 -0.01 0.00 93.70 94.17 90.03 
0 0 0 72.76 0.00000000 0.00000000 0.00 0.00 0.00 0.07 0.08 -0.03 0.01 -0.01 0.00 93.94 94.39 90.04 
0 0 0 72.86 0.00000000 0.00000000 0.00 0.00 0.00 0.06 0.08 0.02 0.01 -0.00 0.00 93.59 94.20 90.04 
0 0 0 72.96 0.00000000 0.00000000 0.00 0.00 0.00 0.07 0.07 -0.04 0.01 -0.01 0.00 93.74 94.17 90.06 
0 0 0 73.07 0.00000000 0.00000000 0.00 0.00 0.00 0.07 0.06 -0.02 0.01 -0.01 0.00 93.90 93.88 90.05 
0 0 0 73.17 0.00000000 0.00000000 0.00 0.00 0.00 0.07 0.07 -0.03 0.01 -0.01 0.00 93.78 94.22 90.03 
0 0 0 73.27 0.00000000 0.00000000 0.00 0.00 0.00 0.06 0.07 0.01 0.02 -0.01 0.00 93.31 94.16 90.03 
0 0 0 73.37 0.00000000 0.00000000 0.00 0.00 0.00 0.06 0.06 0.02 0.01 -0.01 0.00 93.69 93.46 90.05 
0 0 0 73.47 0.00000000 0.00000000 0.00 0.00 0.00 0.07 0.07 -0.09 0.01 -0.01 0.00 94.20 94.28 90.04 
0 0 0 73.58 0.00000000 0.00000000 0.00 0.00 0.00 0.06 0.07 0.01 0.01 -0.02 0.00 93.96 94.17 90.02 
0 0 0 73.68 0.00000000 0.00000000 0.00 0.00 0.00 0.06 0.06 -0.02 0.01 -0.01 0.00 93.70 93.69 90.04 
0 0 0 73.78 0.00000000 0.00000000 0.00 0.00 0.00 0.06 0.08 -0.00 0.01 -0.01 0.00 93.53 94.41 90.06 
0 0 0 73.88 0.00000000 0.00000000 0.00 0.00 0.00 0.07 0.07 -0.01 0.01 -0.01 0.00 93.70 93.95 90.03 
0 0 0 73.98 0.00000000 0.00000000 0.00 0.00 0.00 0.06 0.06 0.00 0.02 -0.01 0.00 93.26 93.46 90.03 
0 0 0 74.09 0.00000000 0.00000000 0.00 0.00 0.00 0.07 0.07 0.00 0.01 -0.01 0.01 93.98 95.10 90.05 
0 0 0 74.19 0.00000000 0.00000000 0.00 0.00 0.00 0.06 0.07 -0.01 0.01 -0.01 0.00 94.07 94.12 90.02 
0 0 0 74.29 0.00000000 0.00000000 0.00 0.00 0.00 0.05 0.08 0.05 0.01 -0.02 0.00 93.05 94.39 90.03 
0 0 0 74.39 0.00000000 0.00000000 0.00 0.00 0.00 0.05 0.08 0.04 0.01 -0.00 0.00 94.00 93.33 90.01 
0 0 0 74.50 0.00000000 0.00000000 0.00 0.00 0.00 0.06 0.08 0.01 0.01 -0.00 0.00 93.37 94.65 90.05 
0 0 0 74.60 0.00000000 0.00000000 0.00 0.00 0.00 0.05 0.08 0.05 0.01 -0.01 0.00 93.15 94.65 90.02 
0 0 0 74.70 0.00000000 0.00000000 0.00 0.00 0.00 0.06 0.07 0.00 0.01 -0.01 0.00 93.51 93.73 90.05 
0 0 0 74.80 0.00000000 0.00000000 0.00 0.00 0.00 0.06 0.07 0.01 0.01 -0.01 0.00 93.37 94.24 90.05 
0 0 0 74.90 0.00000000 0.00000000 0.00 0.00 0.00 0.07 0.07 -0.05 0.02 -0.01 0.00 93.92 94.17 90.03 
0 0 0 75.00 0.00000000 0.00000000 0.00 0.00 0.00 0.07 0.07 -0.04 0.00 -0.01 0.00 94.07 94.11 90.05 
0 0 0 75.10 0.00000000 0.00000000 0.00 0.00 0.00 0.06 0.08 -0.03 0.01 -0.01 0.00 93.52 94.39 90.04 
0 0 0 75.20 0.00000000 0.00000000 0.00 0.00 0.00 0.07 0.06 -0.03 0.01 -0.02 0.00 93.95 93.53 90.06 
0 0 0 75.30 0.00000000 0.00000000 0.00 0.00 0.00 0.06 0.08 0.04 0.01 -0.01 0.00 93.32 94.58 90.04 
0 0 0 75.41 0.00000000 0.00000000 0.00 0.00 0.00 0.06 0.07 -0.01 0.01 -0.01 0.00 92.95 93.96 90.03 
0 0 0 75.51 0.00000000 0.00000000 0.00 0.00 0.00 0.07 0.06 -0.02 0.01 -0.01 0.00 94.14 93.69 90.03 
0 0 0 75.61 0.00000000 0.00000000 0.00 0.00 0.00 0.06 0.06 -0.01 0.01 -0.01 0.00 93.50 93.49 90.04 
0 0 0 75.71 0.00000000 0.00000000 0.00 0.00 0.00 0.07 0.07 -0.01 0.02 0.00 0.00 94.16 95.04 90.01 
0 0 0 75.81 0.00000000 0.00000000 0.00 0.00 0.00 0.07 0.07 -0.06 0.01 -0.01 0.01 93.94 94.15 90.06 
0 0 0 75.92 0.00000000 0.00000000 0.00 0.00 0.00 0.07 0.08 -0.05 0.02 -0.00 0.00 93.97 94.42 90.02 
0 0 0 76.02 0.00000000 0.00000000 0.00 0.00 0.00 0.07 0.08 -0.02 0.01 -0.02 0.00 94.12 94.81 90.05 
0 0 0 76.12 0.00000000 0.00000000 0.00 0.00 0.00 0.06 0.06 0.02 0.02 -0.01 0.00 93.28 93.72 90.05 
0 0 0 76.22 0.00000000 0.00000000 0.00 0.00 0.00 0.05 0.07 0.03 0.01 -0.01 0.00 93.13 94.21 90.03 
0 0 0 76.32 0.00000000 0.00000000 0.00 0.00 0.00 0.06 0.07 0.00 0.01 -0.01 0.00 93.32 93.95 90.04 
0 0 0 76.42 0.00000000 0.00000000 0.00 0.00 0.00 0.05 0.08 0.03 0.01 -0.01 0.00 93.14 94.44 90.03 
0 0 0 76.53 0.00000000 0.00000000 0.00 0.00 0.00 0.06 0.07 0.01 0.01 -0.01 0.00 93.53 94.36 90.06 
0 0 0 76.63 0.00000000 0.00000000 0.00 0.00 0.00 0.06 0.08 0.02 0.01 -0.01 0.00 93.29 94.63 90.05 
0 0 0 76.73 0.00000000 0.00000000 0.00 0.00 0.00 0.06 0.08 0.00 0.02 -0.01 0.00 93.55 93.94 90.06 
0 0 0 76.84 0.00000000 0.00000000 0.00 0.00 0.00 0.05 0.07 0.06 0.01 -0.01 0.00 93.16 94.16 90.03 
0 0 0 76.94 0.00000000 0.00000000 0.00 0.00 0.00 0.05 0.09 0.03 0.01 -0.01 0.00 93.11 95.07 90.05 
0 0 0 77.04 0.00000000 0.00000000 0.00 0.00 0.00 0.07 0.08 -0.02 0.01 -0.01 0.00 93.23 94.24 90.05 
0 0 0 77.14 0.00000000 0.00000000 0.00 0.00 0.00 0.07 0.07 0.01 0.01 -0.01 0.00 93.72 93.73 90.05 
0 0 0 77.25 0.00000000 0.00000000 0.00 0.00 0.00 0.06 0.07 0.01 0.01 -0.01 0.01 93.44 94.16 90.06 
0 0 0 77.35 0.00000000 0.00000000 0.00 0.00 0.00 0.06 0.07 -0.06 0.01 -0.01 0.00 93.31 93.94 90.04 
0 0 0 77.45 0.00000000 0.00000000 0.00 0.00 0.00 0.05 0.07 0.03 0.01 -0.01 0.00 93.18 93.95 90.04 
0 0 0 77.55 0.00000000 0.00000000 0.00 0.00 0.00 0.07 0.08 -0.03 0.01 0.00 0.00 94.05 94.44 90.05 
0 0 0 77.65 0.00000000 0.00000000 0.00 0.00 0.00 0.07 0.07 -0.06 0.02 -0.01 0.00 94.14 93.93 90.01 
0 0 0 77.76 0.00000000 0.00000000 0.00 0.00 0.00 0.07 0.07 -0.07 0.01 -0.01 0.00 93.95 94.20 90.03 
0 0 0 77.86 0.00000000 0.00000000 0.00 0.00 0.00 0.07 0.06 -0.06 0.02 -0.01 0.01 94.15 93.53 90.06 
0 0 0 77.96 0.00000000 0.00000000 0.00 0.00 0.00 0.05 0.07 0.02 0.01 -0.01 0.00 93.17 93.99 90.02 
0 0 0 78.06 0.00000000 0.00000000 0.00 0.00 0.00 0.06 0.08 -0.02 0.01 -0.02 0.00 93.63 94.34 90.02 
0 0 0 78.16 0.00000000 0.00000000 0.00 0.00 0.00 0.06 0.07 0.01 0.02 -0.01 0.00 93.53 94.19 90.05 
0 0 0 78.27 0.00000000 0.00000000 0.00 0.00 0.00 0.07 0.07 -0.04 0.02 -0.01 0.00 93.36 94.22 90.04 
0 0 0 78.37 0.00000000 0.00000000 0.00 0.00 0.00 0.07 0.07 -0.02 0.01 -0.01 0.01 93.75 93.95 90.07 
0 0 0 78.47 0.00000000 0.00000000 0.00 0.00 0.00 0.06 0.07 0.03 0.01 -0.02 0.00 93.71 94.39 90.03 
0 0 0 78.57 0.00000000 0.00000000 0.00 0.00 0.00 0.07 0.07 -0.08 0.01 -0.01 0.00 94.11 93.95 90.04 
0 0 0 78.67 0.00000000 0.00000000 0.00 0.00 0.00 0.06 0.07 -0.01 0.01 -0.01 0.00 93.89 94.14 90.06 
0 0 0 78.77 0.00000000 0.00000000 0.00 0.00 0.00 0.07 0.07 -0.00 0.01 0.00 0.00 93.75 94.19 90.03 
0 0 0 78.88 0.00000000 0.00000000 0.00 0.00 0.00 0.06 0.07 0.03 0.02 -0.01 0.00 93.36 94.22 90.02 
0 0 0 78.98 0.00000000 0.00000000 0.00 0.00 0.00 0.06 0.07 0.02 0.01 -0.01 0.01 93.55 93.98 90.05 
0 0 0 79.11 0.00000000 0.00000000 0.00 0.00 0.00 0.07 0.08 -0.02 0.01 -0.01 0.00 93.84 94.52 90.03 
0 0 0 79.25 0.00000000 0.00000000 0.00 0.00 0.00 0.05 0.09 0.06 0.01 -0.01 0.00 93.16 95.27 90.05 
0 0 0 79.38 0.00000000 0.00000000 0.00 0.00 0.00 0.06 0.07 0.01 0.01 -0.01 0.00 93.31 94.00 90.05 
0 0 0 79.52 0.00000000 0.00000000 0.00 0.00 0.00 0.06 0.08 -0.01 0.01 -0.00 0.00 93.54 94.66 90.03 
0 0 0 79.62 0.00000000 0.00000000 0.00 0.00 0.00 0.06 0.08 -0.04 0.01 -0.01 0.01 93.57 94.46 90.06 
0 0 0 79.72 0.00000000 0.00000000 0.00 0.00 0.00 0.05 0.08 0.03 0.02 -0.01 0.00 93.71 94.41 90.06 
0 0 0 79.83 0.00000000 0.00000000 0.00 0.00 0.00 0.06 0.08 -0.01 0.01 -0.01 0.00 93.31 94.59 90.05 
0 0 0 79.93 0.00000000 0.00000000 0.00 0.00 0.00 0.06 0.08 0.01 0.01 -0.01 0.00 93.33 94.41 90.04 
0 0 0 80.03 0.00000000 0.00000000 0.00 0.00 0.00 0.07 0.07 -0.05 0.02 -0.01 0.00 93.53 94.37 90.03 
0 0 0 80.13 0.00000000 0.00000000 0.00 0.00 0.00 0.07 0.07 -0.05 0.01 -0.01 0.00 93.92 93.94 90.03 
0 0 0 80.23 0.00000000 0.00000000 0.00 0.00 0.00 0.07 0.07 -0.02 0.01 -0.00 0.00 93.77 93.76 90.06 
0 0 0 80.33 0.00000000 0.00000000 0.00 0.00 0.00 0.06 0.07 0.03 0.02 -0.01 0.00 93.49 94.16 90.04 
0 0 0 80.43 0.00000000 0.00000000 0.00 0.00 0.00 0.07 0.06 -0.03 0.02 -0.02 0.01 93.78 93.32 90.06 
0 0 0 80.54 0.00000000 0.00000000 0.00 0.00 0.00 0.07 0.07 -0.03 0.00 -0.00 0.00 93.74 94.22 90.02 
0 0 0 80.64 0.00000000 0.00000000 0.00 0.00 0.00 0.06 0.07 0.03 0.02 -0.01 0.01 93.35 94.17 90.06 
0 0 0 80.74 0.00000000 0.00000000 0.00 0.00 0.00 0.06 0.07 -0.00 0.01 -0.01 0.00 93.63 94.09 90.05 
0 0 0 80.84 0.00000000 0.00000000 0.00 0.00 0.00 0.07 0.07 -0.09 0.02 -0.01 0.01 94.18 94.14 90.06 
0 0 0 80.94 0.00000000 0.00000000 0.00 0.00 0.00 0.06 0.08 -0.02 0.01 -0.01 0.00 93.57 94.64 90.03 
0 0 0 81.04 0.00000000 0.00000000 0.00 0.00 0.00 0.07 0.07 -0.03 0.01 -0.01 0.00 93.72 94.66 90.04 
0 0 0 81.14 0.00000000 0.00000000 0.00 0.00 0.00 0.07 0.07 -0.05 0.01 -0.02 0.00 93.96 93.95 90.04 
0 0 0 81.25 0.00000000 0.00000000 0.00 0.00 0.00 0.06 0.07 0.01 0.01 0.00 0.00 93.35 94.20 90.03 
0 0 0 81.35 0.00000000 0.00000000 0.00 0.00 0.00 0.07 0.07 -0.03 0.02 -0.01 0.00 93.35 94.39 90.04 
0 0 0 81.45 0.00000000 0.00000000 0.00 0.00 0.00 0.08 0.06 -0.06 0.01 -0.01 0.00 94.32 93.72 90.05 
0 0 0 81.55 0.00000000 0.00000000 0.00 0.00 0.00 0.06 0.08 -0.02 0.01 -0.01 0.00 93.52 94.14 90.05 
0 0 0 81.66 0.00000000 0.00000000 0.00 0.00 0.00 0.06 0.08 -0.02 0.01 -0.01 0.00 93.31 94.36 90.04 
0 0 0 81.76 0.00000000 0.00000000 0.00 0.00 0.00 0.06 0.06 0.01 0.02 -0.02 0.00 93.51 93.71 90.03 
0 0 0 81.86 0.00000000 0.00000000 0.00 0.00 0.00 0.06 0.07 0.00 0.01 -0.00 0.00 93.35 94.19 90.02 
0 0 0 81.96 0.00000000 0.00000000 0.00 0.00 0.00 0.06 0.07 0.02 0.01 -0.01 0.00 93.54 94.17 90.02 
0 0 0 82.06 0.00000000 0.00000000 0.00 0.00 0.00 0.06 0.07 -0.02 0.01 -0.01 0.00 94.10 94.15 90.04 
0 0 0 82.17 0.00000000 0.00000000 0.00 0.00 0.00 0.06 0.07 -0.01 0.01 -0.01 0.00 93.31 93.94 90.04 
0 0 0 82.27 0.00000000 0.00000000 0.00 0.00 0.00 0.07 0.07 -0.01 0.02 -0.01 0.00 93.85 93.91 90.04 
0 0 0 82.37 0.00000000 0.00000000 0.00 0.00 0.00 0.05 0.07 0.02 0.01 -0.01 0.00 93.50 94.36 90.03 
0 0 0 82.47 0.00000000 0.00000000 0.00 0.00 0.00 0.06 0.07 0.01 0.01 -0.01 0.01 93.36 94.20 90.06 
0 0 0 82.58 0.00000000 0.00000000 0.00 0.00 0.00 0.06 0.07 0.03 0.01 -0.01 0.00 93.61 94.92 90.01 
0 0 0 82.69 0.00000000 0.00000000 0.00 0.00 0.00 0.06 0.06 -0.01 0.01 -0.01 0.00 94.08 93.46 90.04 
0 0 0 82.79 0.00000000 0.00000000 0.00 0.00 0.00 0.08 0.08 -0.10 0.01 -0.00 0.00 94.51 94.38 90.05 
0 0 0 82.89 0.00000000 0.00000000 0.00 0.00 0.00 0.06 0.07 -0.02 0.02 -0.01 0.01 93.64 94.36 90.04 
0 0 0 82.99 0.00000000 0.00000000 0.00 0.00 0.00 0.05 0.08 0.02 0.01 -0.01 0.00 93.16 94.41 90.05 
0 0 0 83.10 0.00000000 0.00000000 0.00 0.00 0.00 0.07 0.09 -0.02 0.01 -0.01 0.00 93.13 94.03 90.05 
0 0 0 83.20 0.00000000 0.00000000 0.00 0.00 0.00 0.06 0.08 0.01 0.01 -0.01 0.00 93.53 94.59 90.02 
0 0 0 83.30 0.00000000 0.00000000 0.00 0.00 0.00 0.05 0.08 0.02 0.01 -0.01 0.00 93.14 94.63 90.05 
0 0 0 83.40 0.00000000 0.00000000 0.00 0.00 0.00 0.07 0.08 -0.04 0.02 -0.01 0.00 93.79 94.39 90.02 
0 0 0 83.50 0.00000000 0.00000000 0.00 0.00 0.00 0.04 0.07 0.07 0.01 -0.00 0.00 92.53 94.05 90.03 
0 0 0 83.60 0.00000000 0.00000000 0.00 0.00 0.00 0.06 0.08 -0.01 0.02 -0.01 0.00 93.67 94.36 90.05 
0 0 0 83.70 0.00000000 0.00000000 0.00 0.00 0.00 0.06 0.08 -0.00 0.00 -0.01 0.00 93.57 94.41 90.06 
0 0 0 83.80 0.00000000 0.00000000 0.00 0.00 0.00 0.05 0.09 0.04 0.02 -0.01 0.00 93.16 95.27 90.06 
0 0 0 83.90 0.00000000 0.00000000 0.00 0.00 0.00 0.07 0.06 -0.02 0.01 -0.02 0.00 93.70 93.35 90.05 
0 0 0 84.01 0.00000000 0.00000000 0.00 0.00 0.00 0.06 0.07 -0.04 0.02 -0.00 0.00 93.69 93.92 90.03 
0 0 0 84.11 0.00000000 0.00000000 0.00 0.00 0.00 0.07 0.07 -0.04 0.02 -0.00 0.00 93.92 93.95 90.03 
0 0 0 84.21 0.00000000 0.00000000 0.00 0.00 0.00 0.06 0.07 0.01 0.01 -0.01 0.00 93.34 93.95 90.03 
0 0 0 84.31 0.00000000 0.00000000 0.00 0.00 0.00 0.06 0.09 0.02 0.02 -0.01 0.00 93.33 95.29 90.04 
0 0 0 84.41 0.00000000 0.00000000 0.00 0.00 0.00 0.06 0.08 -0.00 0.01 -0.00 0.00 92.93 94.19 90.03 
0 0 0 84.52 0.00000000 0.00000000 0.00 0.00 0.00 0.06 0.06 0.00 0.01 -0.01 0.00 93.72 94.17 90.07 
0 0 0 84.62 0.00000000 0.00000000 0.00 0.00 0.00 0.06 0.08 0.02 0.01 -0.01 0.00 93.30 94.39 90.05 
0 0 0 84.72 0.00000000 0.00000000 0.00 0.00 0.00 0.06 0.08 0.01 0.02 0.00 0.00 93.70 93.94 90.02 
0 0 0 84.82 0.00000000 0.00000000 0.00 0.00 0.00 0.07 0.08 -0.02 0.01 -0.00 0.00 93.76 94.41 90.03 
0 0 0 84.93 0.00000000 0.00000000 0.00 0.00 0.00 0.07 0.06 -0.05 0.01 -0.02 0.01 93.96 93.97 90.07 
0 0 0 85.03 0.00000000 0.00000000 0.00 0.00 0.00 0.06 0.07 0.00 0.01 -0.01 0.00 93.32 94.20 90.04 
0 0 0 85.13 0.00000000 0.00000000 0.00 0.00 0.00 0.06 0.08 -0.02 0.01 -0.00 0.00 93.53 94.86 90.03 
0 0 0 85.23 0.00000000 0.00000000 0.00 0.00 0.00 0.06 0.07 0.03 0.01 -0.01 0.00 93.28 94.11 90.04 
0 0 0 85.33 0.00000000 0.00000000 0.00 0.00 0.00 0.06 0.07 0.01 0.01 -0.01 0.00 93.39 94.19 90.03 
0 0 0 85.43 0.00000000 0.00000000 0.00 0.00 0.00 0.05 0.08 0.01 0.01 -0.00 0.00 93.12 94.39 90.05 
0 0 0 85.54 0.00000000 0.00000000 0.00 0.00 0.00 0.06 0.06 -0.04 0.01 -0.02 0.01 93.83 94.47 90.07 
0 0 0 85.64 0.00000000 0.00000000 0.00 0.00 0.00 0.07 0.07 -0.03 0.01 -0.01 0.00 93.73 93.94 90.04 
0 0 0 85.74 0.00000000 0.00000000 0.00 0.00 0.00 0.06 0.07 0.01 0.01 -0.01 0.00 93.56 94.41 90.05 
0 0 0 85.85 0.00000000 0.00000000 0.00 0.00 0.00 0.06 0.06 -0.01 0.01 -0.01 0.01 93.50 93.72 90.09 
0 0 0 85.95 0.00000000 0.00000000 0.00 0.00 0.00 0.05 0.09 0.03 0.02 -0.01 0.00 93.37 93.54 90.05 
0 0 0 86.05 0.00000000 0.00000000 0.00 0.00 0.00 0.06 0.08 0.01 0.01 -0.00 0.00 93.47 94.59 90.03 
0 0 0 86.15 0.00000000 0.00000000 0.00 0.00 0.00 0.06 0.06 -0.02 0.02 -0.02 0.00 93.69 93.68 90.04 
0 0 0 86.26 0.00000000 0.00000000 0.00 0.00 0.00 0.07 0.07 -0.05 0.01 -0.00 0.00 93.47 94.29 90.03 
0 0 0 86.36 0.00000000 0.00000000 0.00 0.00 0.00 0.06 0.07 -0.01 0.01 -0.01 0.00 93.36 94.22 90.05 
0 0 0 86.46 0.00000000 0.00000000 0.00 0.00 0.00 0.07 0.07 -0.05 0.01 -0.02 0.01 94.07 94.12 90.07 
0 0 0 86.56 0.00000000 0.00000000 0.00 0.00 0.00 0.06 0.07 -0.02 0.01 -0.02 0.00 93.57 94.00 90.04 
0 0 0 86.66 0.00000000 0.00000000 0.00 0.00 0.00 0.06 0.08 -0.02 0.01 -0.00 0.00 93.55 94.46 90.02 
0 0 0 86.77 0.00000000 0.00000000 0.00 0.00 0.00 0.07 0.08 -0.04 0.02 -0.02 0.00 93.77 94.39 90.01 
0 0 0 86.87 0.00000000 0.00000000 0.00 0.00 0.00 0.06 0.07 0.03 0.01 -0.01 0.01 93.40 94.16 90.07 
0 0 0 86.97 0.00000000 0.00000000 0.00 0.00 0.00 0.07 0.08 -0.03 0.01 -0.01 0.00 93.44 93.79 90.03 
0 0 0 87.07 0.00000000 0.00000000 0.00 0.00 0.00 0.06 0.07 -0.03 0.01 -0.01 0.00 93.52 94.14 90.04 
0 0 0 87.17 0.00000000 0.00000000 0.00 0.00 0.00 0.07 0.07 -0.06 0.01 -0.02 0.01 93.92 93.98 90.06 
0 0 0 87.28 0.00000000 0.00000000 0.00 0.00 0.00 0.06 0.08 0.00 0.01 -0.01 0.01 93.16 93.78 90.05 
0 0 0 87.38 0.00000000 0.00000000 0.00 0.00 0.00 0.06 0.08 0.05 0.01 0.00 0.00 93.30 94.68 90.05 
0 0 0 87.48 0.00000000 0.00000000 0.00 0.00 0.00 0.07 0.05 -0.05 0.01 -0.02 0.00 93.92 93.05 90.03 
0 0 0 87.58 0.00000000 0.00000000 0.00 0.00 0.00 0.07 0.08 -0.08 0.01 -0.00 0.00 94.21 94.86 90.02 
0 0 0 87.68 0.00000000 0.00000000 0.00 0.00 0.00 0.06 0.07 0.01 0.01 -0.00 0.00 93.34 94.19 90.02 
0 0 0 87.79 0.00000000 0.00000000 0.00 0.00 0.00 0.07 0.08 -0.04 0.01 -0.01 0.00 93.76 94.61 90.04 
0 0 0 87.89 0.00000000 0.00000000 0.00 0.00 0.00 0.07 0.07 -0.02 0.01 -0.01 0.00 93.70 94.15 90.06 
0 0 0 87.99 0.00000000 0.00000000 0.00 0.00 0.00 0.05 0.08 0.06 0.02 -0.01 0.00 92.70 94.68 90.03 
0 0 0 88.09 0.00000000 0.00000000 0.00 0.00 0.00 0.06 0.07 -0.00 0.02 -0.02 0.00 93.41 94.14 90.05 
0 0 0 88.19 0.00000000 0.00000000 0.00 0.00 0.00 0.07 0.07 -0.02 0.01 -0.01 0.00 93.87 93.73 90.02 
0 0 0 88.29 0.00000000 0.00000000 0.00 0.00 0.00 0.07 0.08 -0.03 0.01 -0.00 0.00 93.40 94.92 90.03 
0 0 0 88.39 0.00000000 0.00000000 0.00 0.00 0.00 0.06 0.07 0.00 0.01 -0.01 0.01 93.37 93.98 90.06 
0 0 0 88.50 0.00000000 0.00000000 0.00 0.00 0.00 0.07 0.07 -0.03 0.01 -0.01 0.00 93.72 93.95 90.05 
0 0 0 88.60 0.00000000 0.00000000 0.00 0.00 0.00 0.06 0.07 -0.01 0.01 -0.00 0.00 93.36 94.22 90.02 
0 0 0 88.70 0.00000000 0.00000000 0.00 0.00 0.00 0.06 0.08 0.04 0.02 -0.01 0.00 93.28 94.61 90.04 
0 0 0 88.80 0.00000000 0.00000000 0.00 0.00 0.00 0.06 0.06 -0.02 0.02 -0.02 0.01 93.50 93.69 90.07 
0 0 0 88.90 0.00000000 0.00000000 0.00 0.00 0.00 0.07 0.08 -0.03 0.01 -0.01 0.00 93.56 94.79 90.03 
0 0 0 89.01 0.00000000 0.00000000 0.00 0.00 0.00 0.06 0.08 0.02 0.02 -0.01 0.00 93.51 94.37 90.02 
0 0 0 89.11 0.00000000 0.00000000 0.00 0.00 0.00 0.06 0.07 -0.01 0.01 -0.01 0.00 93.95 94.19 90.04 
0 0 0 89.21 0.00000000 0.00000000 0.00 0.00 0.00 0.06 0.07 -0.01 0.01 -0.01 0.01 93.36 94.19 90.07 
0 0 0 89.31 0.00000000 0.00000000 0.00 0.00 0.00 0.06 0.07 -0.00 0.01 -0.00 0.00 93.51 93.94 90.05 
0 0 0 89.42 0.00000000 0.00000000 0.00 0.00 0.00 0.06 0.07 -0.03 0.01 -0.02 0.00 93.50 94.14 90.06 
0 0 0 89.52 0.00000000 0.00000000 0.00 0.00 0.00 0.06 0.07 0.01 0.01 -0.01 0.00 93.35 94.22 90.04 
0 0 0 89.62 0.00000000 0.00000000 0.00 0.00 0.00 0.06 0.08 -0.01 0.01 -0.00 0.00 93.33 94.20 90.06 
0 0 0 89.73 0.00000000 0.00000000 0.00 0.00 0.00 0.06 0.06 -0.03 0.01 -0.02 0.00 93.49 93.91 90.03 
0 0 0 89.83 0.00000000 0.00000000 0.00 0.00 0.00 0.07 0.07 -0.04 0.01 -0.01 0.00 94.02 93.79 90.05 
0 0 0 89.93 0.00000000 0.00000000 0.00 0.00 0.00 0.06 0.09 0.01 0.01 -0.00 0.00 93.33 94.90 90.04 
0 0 0 90.03 0.00000000 0.00000000 0.00 0.00 0.00 0.07 0.07 -0.02 0.01 -0.01 0.00 93.72 93.95 90.04 
0 0 0 90.13 0.00000000 0.00000000 0.00 0.00 0.00 0.07 0.07 -0.05 0.01 -0.01 0.00 93.96 93.95 90.05 
0 0 0 90.23 0.00000000 0.00000000 0.00 0.00 0.00 0.06 0.08 0.01 0.01 -0.01 0.00 93.51 94.63 90.05 
0 0 0 90.33 0.00000000 0.00000000 0.00 0.00 0.00 0.07 0.08 0.02 0.01 -0.01 0.00 93.70 94.39 90.03 
0 0 0 90.43 0.00000000 0.00000000 0.00 0.00 0.00 0.07 0.07 -0.05 0.01 -0.02 0.00 93.88 93.91 90.05 
0 0 0 90.54 0.00000000 0.00000000 0.00 0.00 0.00 0.06 0.08 -0.01 0.01 -0.01 0.00 93.52 94.39 90.03 
0 0 0 90.64 0.00000000 0.00000000 0.00 0.00 0.00 0.06 0.07 -0.06 0.01 -0.01 0.00 93.56 94.22 90.04 
0 0 0 90.74 0.00000000 0.00000000 0.00 0.00 0.00 0.06 0.07 -0.02 0.01 -0.01 0.00 93.50 93.95 90.05 
0 0 0 90.84 0.00000000 0.00000000 0.00 0.00 0.00 0.06 0.08 0.00 0.01 -0.00 0.00 93.56 94.42 90.03 
0 0 0 90.94 0.00000000 0.00000000 0.00 0.00 0.00 0.06 0.09 -0.00 0.01 -0.01 0.00 93.34 94.88 90.02 
0 0 0 91.04 0.00000000 0.00000000 0.00 0.00 0.00 0.06 0.06 -0.05 0.02 -0.01 0.00 93.68 93.47 90.05 
0 0 0 91.14 0.00000000 0.00000000 0.00 0.00 0.00 0.07 0.06 -0.03 0.01 -0.02 0.00 93.70 93.49 90.05 
0 0 0 91.24 0.00000000 0.00000000 0.00 0.00 0.00 0.06 0.07 0.00 0.01 -0.01 0.00 93.49 93.92 90.02 
0 0 0 91.34 0.00000000 0.00000000 0.00 0.00 0.00 0.06 0.08 0.01 0.01 -0.01 0.00 93.24 94.33 90.04 
0 0 0 91.44 0.00000000 0.00000000 0.00 0.00 0.00 0.06 0.07 -0.02 0.01 -0.01 0.01 93.66 93.91 90.07 
0 0 0 91.55 0.00000000 0.00000000 0.00 0.00 0.00 0.07 0.08 -0.03 0.01 -0.00 0.00 93.76 93.98 90.04 
0 0 0 91.65 0.00000000 0.00000000 0.00 0.00 0.00 0.06 0.08 0.01 0.02 -0.01 0.00 93.33 94.58 90.01 
0 0 0 91.75 0.00000000 0.00000000 0.00 0.00 0.00 0.05 0.08 0.04 0.01 -0.01 0.00 93.08 93.68 90.04 
0 0 0 91.85 0.00000000 0.00000000 0.00 0.00 0.00 0.07 0.07 -0.02 0.00 -0.01 0.00 93.70 94.20 90.04 
0 0 0 91.95 0.00000000 0.00000000 0.00 0.00 0.00 0.07 0.07 0.02 0.01 -0.00 0.00 93.73 94.17 90.02 
0 0 0 92.06 0.00000000 0.00000000 0.00 0.00 0.00 0.07 0.08 -0.01 0.02 -0.00 0.00 93.45 94.14 90.04 
0 0 0 92.16 0.00000000 0.00000000 0.00 0.00 0.00 0.06 0.08 -0.01 0.02 -0.00 0.00 93.27 93.91 90.05 
0 0 0 92.26 0.00000000 0.00000000 0.00 0.00 0.00 0.06 0.07 -0.06 0.02 -0.02 0.00 93.47 94.16 90.04 
0 0 0 92.36 0.00000000 0.00000000 0.00 0.00 0.00 0.06 0.07 0.01 0.02 -0.02 0.00 93.56 94.17 90.03 
0 0 0 92.46 0.00000000 0.00000000 0.00 0.00 0.00 0.06 0.07 0.02 0.01 -0.01 0.00 93.31 94.19 90.04 
0 0 0 92.56 0.00000000 0.00000000 0.00 0.00 0.00 0.05 0.08 0.02 0.01 -0.00 0.00 93.17 94.65 90.03 
0 0 0 92.66 0.00000000 0.00000000 0.00 0.00 0.00 0.06 0.07 0.00 0.01 -0.02 0.00 93.48 94.14 90.05 
0 0 0 92.76 0.00000000 0.00000000 0.00 0.00 0.00 0.06 0.07 -0.01 0.02 -0.00 0.00 93.50 94.17 90.04 
0 0 0 92.87 0.00000000 0.00000000 0.00 0.00 0.00 0.06 0.07 0.01 0.01 -0.01 0.00 93.39 94.20 90.04 
0 0 0 92.97 0.00000000 0.00000000 0.00 0.00 0.00 0.07 0.08 -0.03 0.02 -0.00 0.00 93.73 94.37 90.03 
0 0 0 93.07 0.00000000 0.00000000 0.00 0.00 0.00 0.06 0.06 0.00 0.02 -0.01 0.00 93.53 93.72 90.04 
0 0 0 93.17 0.00000000 0.00000000 0.00 0.00 0.00 0.06 0.07 -0.01 0.01 -0.01 0.00 93.45 94.17 90.03 
0 0 0 93.27 0.00000000 0.00000000 0.00 0.00 0.00 0.05 0.07 0.01 0.01 -0.01 0.01 93.17 94.21 90.06 
0 0 0 93.37 0.00000000 0.00000000 0.00 0.00 0.00 0.07 0.07 -0.01 0.01 -0.01 0.00 93.72 94.17 90.05 
0 0 0 93.47 0.00000000 0.00000000 0.00 0.00 0.00 0.06 0.07 -0.04 0.01 -0.01 0.00 93.54 94.17 90.04 
0 0 0 93.58 0.00000000 0.00000000 0.00 0.00 0.00 0.06 0.08 -0.01 0.01 -0.01 0.00 93.55 94.64 90.05 
0 0 0 93.68 0.00000000 0.00000000 0.00 0.00 0.00 0.06 0.07 0.01 0.02 -0.02 0.00 93.68 93.69 90.03 
0 0 0 93.79 0.00000000 0.00000000 0.00 0.00 0.00 0.06 0.07 -0.01 0.01 -0.01 0.00 93.50 93.92 90.03 
0 0 0 93.89 0.00000000 0.00000000 0.00 0.00 0.00 0.06 0.08 0.00 0.01 -0.01 0.00 93.37 94.43 90.04 
0 0 0 93.99 0.00000000 0.00000000 0.00 0.00 0.00 0.07 0.07 -0.05 0.01 -0.01 0.00 93.90 94.15 90.04 
0 0 0 94.09 0.00000000 0.00000000 0.00 0.00 0.00 0.06 0.07 0.02 0.01 -0.02 0.00 93.48 93.91 90.04 
0 0 0 94.19 0.00000000 0.00000000 0.00 0.00 0.00 0.07 0.07 -0.03 0.01 -0.01 0.00 93.53 93.97 90.04 
0 0 0 94.29 0.00000000 0.00000000 0.00 0.00 0.00 0.06 0.07 -0.00 0.01 -0.02 0.00 93.55 94.17 90.04 
0 0 0 94.40 0.00000000 0.00000000 0.00 0.00 0.00 0.06 0.08 0.01 0.01 -0.00 0.00 93.97 94.19 90.05 
0 0 0 94.50 0.00000000 0.00000000 0.00 0.00 0.00 0.06 0.07 -0.01 0.01 -0.01 0.00 93.57 93.98 90.04 
0 0 0 94.60 0.00000000 0.00000000 0.00 0.00 0.00 0.07 0.06 -0.03 0.02 -0.01 0.00 93.71 93.50 90.05 
0 0 0 94.70 0.00000000 0.00000000 0.00 0.00 0.00 0.06 0.07 0.00 0.02 -0.01 0.00 93.50 94.14 90.03 
0 0 0 94.80 0.00000000 0.00000000 0.00 0.00 0.00 0.06 0.08 0.00 0.01 -0.01 0.01 93.49 94.39 90.06 
0 0 0 94.90 0.00000000 0.00000000 0.00 0.00 0.00 0.06 0.07 0.00 0.01 -0.01 0.00 93.50 94.20 90.05 
0 0 0 95.00 0.00000000 0.00000000 0.00 0.00 0.00 0.06 0.07 -0.03 0.01 -0.00 0.00 93.57 93.76 90.02 
0 0 0 95.11 0.00000000 0.00000000 0.00 0.00 0.00 0.06 0.07 0.00 0.01 -0.01 0.00 93.52 94.17 90.05 
0 0 0 95.21 0.00000000 0.00000000 0.00 0.00 0.00 0.06 0.08 0.03 0.01 -0.01 0.00 93.29 93.94 90.06 
0 0 0 95.31 0.00000000 0.00000000 0.00 0.00 0.00 0.06 0.06 -0.03 0.01 -0.01 0.00 93.51 93.72 90.05 
0 0 0 95.41 0.00000000 0.00000000 0.00 0.00 0.00 0.06 0.07 -0.01 0.02 -0.01 0.00 93.52 93.76 90.05 
0 0 0 95.52 0.00000000 0.00000000 0.00 0.00 0.00 0.07 0.08 -0.01 0.01 -0.00 0.00 93.54 93.71 90.04 
0 0 0 95.62 0.00000000 0.00000000 0.00 0.00 0.00 0.06 0.08 -0.01 0.01 -0.01 0.00 93.57 94.64 90.05 
0 0 0 95.72 0.00000000 0.00000000 0.00 0.00 0.00 0.07 0.07 -0.00 0.01 -0.01 0.00 93.13 93.97 90.03 
0 0 0 95.82 0.00000000 0.00000000 0.00 0.00 0.00 0.06 0.08 -0.02 0.01 -0.01 0.00 93.58 94.41 90.01 
0 0 0 95.96 0.00000000 0.00000000 0.00 0.00 0.00 0.07 0.07 -0.01 0.01 -0.01 0.00 93.92 94.17 90.03 
0 0 0 96.09 0.00000000 0.00000000 0.00 0.00 0.00 0.06 0.07 -0.01 0.01 -0.01 0.00 93.58 93.97 90.02 
0 0 0 96.23 0.00000000 0.00000000 0.00 0.00 0.00 0.06 0.07 -0.02 0.01 -0.00 0.00 93.54 94.19 90.04 
0 0 0 96.39 0.00000000 0.00000000 0.00 0.00 0.00 0.07 0.07 -0.02 0.01 -0.01 0.00 93.72 93.95 90.05 
0 0 0 96.49 0.00000000 0.00000000 0.00 0.00 0.00 0.06 0.08 -0.02 0.01 -0.01 0.00 93.54 94.39 90.04 
0 0 0 96.60 0.00000000 0.00000000 0.00 0.00 0.00 0.06 0.07 0.01 0.01 -0.01 0.00 93.14 94.19 90.04 
0 0 0 96.70 0.00000000 0.00000000 0.00 0.00 0.00 0.06 0.07 -0.02 0.01 -0.01 0.00 93.55 94.19 90.04 
0 0 0 96.80 0.00000000 0.00000000 0.00 0.00 0.00 0.07 0.08 -0.05 0.01 -0.01 0.00 94.15 94.61 90.05 
0 0 0 96.90 0.00000000 0.00000000 0.00 0.00 0.00 0.07 0.08 -0.06 0.01 -0.00 0.00 93.96 94.61 90.02 
0 0 0 97.00 0.00000000 0.00000000 0.00 0.00 0.00 0.06 0.07 -0.01 0.01 -0.01 0.00 93.34 93.97 90.04 
0 0 0 97.10 0.00000000 0.00000000 0.00 0.00 0.00 0.06 0.06 0.00 0.01 -0.02 0.00 93.70 93.26 90.05 
0 0 0 97.20 0.00000000 0.00000000 0.00 0.00 0.00 0.05 0.08 0.02 0.02 -0.01 0.00 93.10 94.39 90.02 
0 0 0 97.30 0.00000000 0.00000000 0.00 0.00 0.00 0.05 0.08 0.04 0.02 -0.01 0.00 93.31 94.19 90.03 
0 0 0 97.41 0.00000000 0.00000000 0.00 0.00 0.00 0.07 0.07 -0.02 0.01 -0.01 0.00 93.74 93.95 90.04 
0 0 0 97.51 0.00000000 0.00000000 0.00 0.00 0.00 0.07 0.08 -0.04 0.01 -0.00 0.00 93.83 94.70 90.05 
0 0 0 97.61 0.00000000 0.00000000 0.00 0.00 0.00 0.07 0.08 -0.00 0.01 -0.00 0.00 93.76 94.44 90.06 
0 0 0 97.71 0.00000000 0.00000000 0.00 0.00 0.00 0.07 0.06 -0.04 0.01 -0.01 0.00 93.71 93.72 90.05 
0 0 0 97.81 0.00000000 0.00000000 0.00 0.00 0.00 0.06 0.07 -0.00 0.01 -0.02 0.00 93.51 94.16 90.04 
0 0 0 97.91 0.00000000 0.00000000 0.00 0.00 0.00 0.06 0.08 0.00 0.01 0.00 0.00 93.32 94.39 90.05 
0 0 0 98.01 0.00000000 0.00000000 0.00 0.00 0.00 0.06 0.08 -0.00 0.02 -0.00 0.00 93.51 94.37 90.03 
0 0 0 98.11 0.00000000 0.00000000 0.00 0.00 0.00 0.06 0.07 -0.03 0.01 -0.01 0.01 93.53 93.94 90.08 
0 0 0 98.21 0.00000000 0.00000000 0.00 0.00 0.00 0.06 0.08 0.00 0.01 -0.00 0.00 93.51 94.41 90.04 
0 0 0 98.31 0.00000000 0.00000000 0.00 0.00 0.00 0.06 0.08 -0.02 0.01 -0.01 0.00 93.51 94.37 90.04 
0 0 0 98.42 0.00000000 0.00000000 0.00 0.00 0.00 0.06 0.06 0.01 0.01 -0.01 0.00 93.48 93.91 90.03 
0 0 0 98.52 0.00000000 0.00000000 0.00 0.00 0.00 0.06 0.07 0.00 0.01 -0.01 0.00 93.53 94.19 90.02 
0 0 0 98.62 0.00000000 0.00000000 0.00 0.00 0.00 0.07 0.09 -0.01 0.02 -0.00 0.00 93.76 94.88 90.04 
0 0 0 98.72 0.00000000 0.00000000 0.00 0.00 0.00 0.06 0.07 0.01 0.01 -0.02 0.01 93.45 94.11 90.07 
0 0 0 98.82 0.00000000 0.00000000 0.00 0.00 0.00 0.06 0.07 -0.01 0.01 -0.01 0.00 93.46 94.17 90.05 
0 0 0 98.93 0.00000000 0.00000000 0.00 0.00 0.00 0.06 0.07 -0.01 0.00 -0.01 0.01 93.34 93.81 90.02 
0 0 0 99.03 0.00000000 0.00000000 0.00 0.00 0.00 0.06 0.07 -0.03 0.01 -0.01 0.01 93.68 93.91 90.07 
0 0 0 99.13 0.00000000 0.00000000 0.00 0.00 0.00 0.06 0.07 -0.01 0.01 -0.01 0.00 93.47 93.89 90.03 
0 0 0 99.23 0.00000000 0.00000000 0.00 0.00 0.00 0.06 0.08 -0.01 0.01 -0.01 0.00 93.32 94.41 90.05 
0 0 0 99.33 0.00000000 0.00000000 0.00 0.00 0.00 0.07 0.07 -0.05 0.02 -0.01 0.00 93.87 94.14 90.01 
0 0 0 99.43 0.00000000 0.00000000 0.00 0.00 0.00 0.06 0.08 -0.02 0.01 -0.01 0.00 93.52 94.39 90.02 
0 0 0 99.54 0.00000000 0.00000000 0.00 0.00 0.00 0.06 0.07 -0.01 0.02 -0.00 0.00 93.51 94.63 90.03 
0 0 0 99.64 0.00000000 0.00000000 0.00 0.00 0.00 0.06 0.08 0.01 0.01 -0.01 0.01 93.49 94.59 90.07 
0 0 0 99.74 0.00000000 0.00000000 0.00 0.00 0.00 0.06 0.07 0.00 0.01 -0.01 0.00 93.48 93.88 90.04 
0 0 0 99.84 0.00000000 0.00000000 0.00 0.00 0.00 0.06 0.08 -0.06 0.01 -0.00 0.00 93.35 94.44 90.03 
0 0 0 99.95 0.00000000 0.00000000 0.00 0.00 0.00 0.06 0.07 0.02 0.01 -0.01 0.01 93.32 94.19 90.03 
0 0 0 100.05 0.00000000 0.00000000 0.00 0.00 0.00 0.06 0.07 0.01 0.02 -0.01 0.00 93.29 94.09 90.04 
0 0 0 100.15 0.00000000 0.00000000 0.00 0.00 0.00 0.06 0.07 -0.01 0.01 -0.01 0.00 93.56 94.00 90.03 
0 0 0 100.25 0.00000000 0.00000000 0.00 0.00 0.00 0.06 0.07 -0.04 0.01 -0.01 0.00 93.52 94.17 90.02 
0 0 0 100.35 0.00000000 0.00000000 0.00 0.00 0.00 0.06 0.08 0.02 0.01 -0.01 0.00 93.49 94.41 90.05 
0 0 0 100.45 0.00000000 0.00000000 0.00 0.00 0.00 0.06 0.07 -0.00 0.01 -0.00 0.00 93.55 93.98 90.02 
0 0 0 100.55 0.00000000 0.00000000 0.00 0.00 0.00 0.06 0.08 -0.01 0.00 -0.00 0.01 93.55 94.44 90.07 
0 0 0 100.66 0.00000000 0.00000000 0.00 0.00 0.00 0.06 0.07 -0.00 0.02 -0.02 0.00 93.35 94.65 90.02 
0 0 0 100.76 0.00000000 0.00000000 0.00 0.00 0.00 0.06 0.07 0.01 0.01 -0.01 0.00 93.54 93.95 90.03 
0 0 0 100.87 0.00000000 0.00000000 0.00 0.00 0.00 0.06 0.06 -0.01 0.02 -0.01 0.00 93.73 94.37 90.05 
0 0 0 100.97 0.00000000 0.00000000 0.00 0.00 0.00 0.06 0.07 -0.01 0.01 -0.01 0.00 93.54 94.14 90.05 
0 0 0 101.08 0.00000000 0.00000000 0.00 0.00 0.00 0.07 0.08 -0.07 0.01 -0.01 0.00 93.55 94.19 90.06 
0 0 0 101.18 0.00000000 0.00000000 0.00 0.00 0.00 0.06 0.07 -0.01 0.01 -0.01 0.00 93.33 94.19 90.05 
0 0 0 101.28 0.00000000 0.00000000 0.00 0.00 0.00 0.06 0.06 -0.01 0.02 -0.02 0.00 93.68 93.69 90.04 
0 0 0 101.38 0.00000000 0.00000000 0.00 0.00 0.00 0.07 0.07 -0.05 0.01 -0.01 0.00 93.92 94.15 90.03 
0 0 0 101.48 0.00000000 0.00000000 0.00 0.00 0.00 0.06 0.08 0.03 0.01 -0.01 0.00 93.35 94.68 90.04 
0 0 0 101.58 0.00000000 0.00000000 0.00 0.00 0.00 0.06 0.07 0.01 0.01 -0.01 0.00 93.48 94.14 90.04 
0 0 0 101.68 0.00000000 0.00000000 0.00 0.00 0.00 0.06 0.07 -0.01 0.01 -0.01 0.00 93.56 94.20 90.02 
0 0 0 101.79 0.00000000 0.00000000 0.00 0.00 0.00 0.07 0.07 -0.03 0.01 -0.00 0.00 93.60 94.44 90.04 
0 0 0 101.89 0.00000000 0.00000000 0.00 0.00 0.00 0.06 0.06 -0.02 0.01 -0.02 0.01 93.66 93.68 90.08 
0 0 0 101.99 0.00000000 0.00000000 0.00 0.00 0.00 0.06 0.08 -0.00 0.01 -0.01 0.00 93.88 93.89 90.07 
0 0 0 102.09 0.00000000 0.00000000 0.00 0.00 0.00 0.06 0.09 -0.00 0.02 0.00 0.00 93.38 94.90 90.05 
0 0 0 102.20 0.00000000 0.00000000 0.00 0.00 0.00 0.06 0.07 0.01 0.02 -0.02 0.00 93.50 93.92 90.04 
