2.08 6.83 2.98 -0.40  3.54 -2.85 0.51  -0.55 1.26 10.47  91.88 91.78 89.95 
2.23 7.64 3.48 -0.89  0.93 -1.49 -0.31  -0.63 1.37 10.24  93.33 91.52 89.95 
2.33 7.52 2.27 -0.65  1.92 -0.44 0.40  -0.39 1.29 9.81  93.28 90.99 90.07 
2.43 6.32 3.26 -0.53  0.02 0.40 0.11  -0.59 1.14 10.28  92.76 91.42 90.02 
2.53 6.36 2.84 -0.69  -0.88 -0.04 0.13  -0.51 1.14 10.20  92.78 91.24 90.02 
2.63 6.99 3.26 -0.82  0.17 -0.25 0.09  -0.59 1.26 10.24  93.05 91.42 90.02 
2.73 6.56 3.49 -0.72  0.56 -0.13 0.24  -0.63 1.18 10.24  92.86 91.52 90.04 
2.83 6.51 3.03 -0.67  0.74 -0.55 0.19  -0.55 1.18 10.32  92.84 91.32 90.03 
2.93 6.77 3.05 -0.61  0.79 -0.65 0.19  -0.55 1.22 10.24  92.96 91.33 90.03 
3.03 6.58 3.06 -0.64  0.36 -0.59 0.19  -0.55 1.18 10.20  92.87 91.34 90.03 
3.13 6.85 3.08 -1.00  0.88 -0.46 0.17  -0.55 1.22 10.12  92.99 91.35 90.03 
3.24 6.17 3.30 -0.94  0.88 -0.62 0.11  -0.59 1.10 10.16  92.68 91.24 90.05 
3.34 6.99 3.70 -0.89  0.44 0.11 0.02  -0.67 1.26 10.24  93.05 91.61 90.00 
3.44 6.77 2.83 -0.82  0.66 -0.46 0.24  -0.51 1.22 10.24  92.96 91.24 90.04 
3.54 7.02 2.40 -0.69  0.20 -0.40 0.20  -0.43 1.26 10.20  93.06 91.05 90.04 
3.64 6.72 3.46 -0.69  0.52 -0.44 0.25  -0.63 1.22 10.32  92.93 91.51 90.04 
3.74 10.32 2.18 -0.85  4.53 0.94 -1.03  -0.39 1.84 10.12  94.50 90.95 89.82 
3.84 5.71 2.44 -0.53  -0.15 0.11 -0.21  -0.47 1.10 10.98  92.49 91.07 89.96 
3.94 5.14 -1.07 0.44  -4.17 6.10 18.74  0.20 0.94 10.47  92.24 89.53 93.27 
4.04 5.19 -0.77 5.71  74.05 153.37 -4.71  0.16 1.06 11.65  91.40 89.22 90.06 
4.15 16.37 23.58 7.26  88.91 168.94 -38.19  -3.77 2.43 8.28  98.22 100.58 83.49 
4.25 23.91 56.78 9.02  55.82 118.20 -37.29  -6.35 1.69 3.80  100.43 114.77 83.49 
4.35 35.70 55.29 20.59  11.71 38.77 -34.53  -9.41 3.80 5.30  106.63 114.10 83.92 
4.46 30.17 57.25 18.29  -7.17 -29.65 -0.49  -9.10 2.94 5.06  102.52 114.34 89.31 
4.56 23.25 38.55 13.16  -60.44 -139.61 13.27  -8.71 4.31 10.04  106.85 110.52 91.65 
4.66 12.39 35.28 4.23  -58.76 -157.12 36.72  -6.08 1.84 8.39  95.40 105.39 96.41 
4.76 8.06 17.26 3.55  -6.75 -45.42 -11.68  -4.43 2.00 14.12  91.05 97.92 88.99 
4.86 10.40 13.34 3.06  -13.48 -49.40 1.49  -2.63 2.00 10.90  94.54 95.82 90.26 
4.97 10.19 9.00 0.28  24.18 -71.40 30.93  -2.00 2.24 12.43  94.14 94.47 94.58 
5.07 5.05 -0.32 5.15  116.87 -37.08 27.13  0.08 1.26 14.20  94.82 90.39 95.16 
5.18 13.05 -7.32 8.92  190.43 -38.44 2.52  1.14 2.00 8.63  92.97 86.95 90.79 
5.28 117.62 -7.34 -7.11  133.16 56.72 -11.31  0.98 6.75 -3.53  143.87 85.22 88.12 
5.38 127.14 -7.50 -0.51  -107.63 33.51 -35.69  0.67 4.04 -3.06  145.47 86.73 83.77 
5.48 10.01 15.85 -4.65  -193.67 1.36 -29.58  -1.92 1.18 6.67  94.37 96.91 84.84 
5.58 5.35 8.89 0.84  -162.12 -20.35 10.71  -1.84 1.10 11.73  92.33 93.88 91.87 
5.68 2.16 2.47 2.37  -65.49 11.29 28.83  -0.63 0.55 14.55  91.41 90.94 95.39 
5.79 -1.20 0.24 2.65  -46.87 -33.13 27.50  -0.04 -0.20 9.38  89.19 91.41 94.80 
5.89 -11.90 -6.18 5.65  -3.09 -44.97 18.74  1.22 -2.31 10.98  91.02 80.61 93.64 
6.00 -2.17 -5.62 3.68  10.69 11.52 4.26  1.02 -0.39 10.36  87.85 86.51 91.03 
6.10 -6.50 -3.42 4.51  -5.16 -6.00 -4.81  0.75 -1.41 12.40  87.50 88.92 89.31 
6.20 -0.35 -11.00 5.63  64.77 -8.04 -16.51  3.77 -0.12 19.38  89.85 85.20 87.12 
6.30 -10.53 0.69 5.58  219.77 -7.38 -36.16  -0.20 -2.98 16.04  86.43 89.84 83.62 
6.40 -170.65 15.88 117.09  221.79 31.72 -33.28  -1.92 -1.10 -6.67  20.36 96.05 84.06 
6.51 155.22 43.67 65.19  -165.78 11.75 -20.78  -1.61 0.71 -1.53  163.96 92.43 86.18 
6.61 -6.38 8.31 1.85  -202.97 -41.15 37.96  -2.94 -2.24 20.01  86.54 95.26 95.43 
6.72 8.21 -10.37 5.97  -63.26 67.02 10.53  2.31 1.80 12.51  92.69 84.78 93.32 
6.82 0.00 3.57 4.11  -9.25 65.71 8.50  -0.78 0.00 12.59  90.00 91.56 91.48 
6.92 14.09 3.20 6.38  17.57 21.29 -8.18  -0.55 2.39 9.53  83.00 92.82 88.40 
7.02 1.26 20.58 3.12  -0.42 -30.96 -15.61  -6.04 0.35 16.08  91.49 98.66 87.28 
7.13 -10.22 36.13 -17.16  26.53 -286.72 75.68  -7.10 -1.73 9.57  89.54 103.38 101.76 
7.23 -130.16 -68.72 153.72  64.83 -255.12 89.88  8.43 -2.51 -2.12  33.21 60.02 105.69 
7.34 -139.76 -79.29 163.38  4.14 268.25 -38.27  7.06 -0.86 -1.02  23.57 55.68 84.60 
7.44 -5.41 -0.70 -5.64  19.15 286.41 -73.97  0.12 -0.90 9.53  86.66 88.67 76.95 
7.54 12.17 8.93 6.03  6.49 92.23 -47.35  -1.61 2.16 10.00  94.69 94.26 81.25 
7.65 -0.16 14.70 4.40  -31.19 -5.73 -23.47  -3.77 -0.04 14.36  89.50 95.91 85.07 
7.75 3.04 5.35 5.70  -8.72 -28.74 -2.98  -1.18 0.67 12.55  91.39 92.08 89.74 
7.85 5.19 7.93 4.45  22.79 -11.99 -4.05  -1.57 1.02 11.22  92.19 93.70 89.06 
7.96 0.80 4.26 6.19  9.02 -19.64 3.61  -0.63 0.12 8.43  90.32 92.99 90.72 
8.06 2.26 6.25 4.93  -4.69 -1.59 -7.18  -0.98 0.35 8.94  90.89 92.56 88.88 
8.16 3.67 5.58 4.76  -6.76 10.89 -5.65  -1.14 0.75 11.61  91.60 92.44 89.01 
8.26 3.07 6.71 4.17  3.83 -3.97 -1.31  -1.29 0.59 10.98  91.34 92.50 89.68 
8.37 3.35 1.20 6.46  6.45 -12.92 2.51  -0.20 0.55 9.38  91.31 90.81 90.46 
8.47 2.34 1.64 5.85  0.54 3.48 -3.05  -0.27 0.39 9.61  91.01 91.31 89.48 
8.57 4.16 5.59 4.87  -6.64 5.26 -3.98  -1.06 0.78 10.79  92.25 91.87 89.26 
8.67 3.88 5.41 4.99  -3.75 -26.43 7.59  -1.10 0.78 11.57  91.40 92.63 91.04 
8.78 0.21 -2.78 7.61  -1.91 -50.66 9.70  0.51 0.04 10.51  90.56 88.60 91.69 
8.88 1.49 -4.23 6.52  8.26 -9.54 3.66  0.78 0.27 10.59  90.86 87.73 90.72 
8.98 1.18 -8.46 7.14  10.24 -40.77 4.66  1.41 0.20 9.49  90.71 86.40 90.85 
9.08 2.25 -5.48 3.86  6.52 -16.57 -3.08  0.86 0.35 8.98  90.86 87.64 89.35 
9.19 2.26 -11.64 5.60  -2.72 -20.86 5.43  1.84 0.35 8.94  91.41 85.49 91.01 
9.29 2.24 -11.47 4.36  -3.30 -7.46 2.90  2.04 0.39 10.04  91.10 84.97 90.50 
9.39 2.46 -13.60 5.70  -0.33 -3.37 0.72  2.43 0.43 10.04  91.05 84.45 90.25 
9.50 2.30 -12.88 4.70  0.67 -3.90 -0.19  2.24 0.39 9.77  91.09 84.07 89.94 
9.60 -1.61 -31.66 15.74  6.05 277.82 -11.40  2.59 -0.12 4.20  90.20 77.02 89.06 
9.70 -9.85 31.72 6.43  125.90 286.41 -58.32  -8.79 -2.43 14.00  88.33 106.43 77.14 
9.81 15.07 65.76 11.06  73.92 61.77 -58.43  -11.73 1.37 5.10  90.91 118.55 78.68 
9.91 8.70 56.05 5.91  0.19 -236.24 46.24  -12.32 1.26 8.20  94.18 117.35 96.99 
10.01 13.67 44.94 -14.60  -19.84 -286.72 73.33  -7.45 1.77 7.26  102.11 115.05 101.93 
10.11 4.21 -13.59 2.54  -9.22 -109.81 51.80  2.20 0.67 9.06  91.84 84.07 99.04 
10.22 4.48 -15.51 0.12  16.85 54.29 0.71  2.79 0.78 10.00  91.62 81.88 90.43 
10.32 6.34 -12.22 -0.75  -0.81 3.15 2.11  2.00 1.02 9.18  92.25 84.74 90.38 
10.42 5.94 -5.68 -3.39  -2.62 12.63 -3.07  0.98 1.02 9.81  92.91 87.51 89.53 
10.52 5.60 -2.80 -3.54  -8.90 17.89 1.02  0.51 1.02 10.40  92.48 88.76 89.89 
10.63 2.47 -4.73 -1.22  -6.34 -0.28 5.12  0.90 0.47 10.90  91.36 88.10 90.95 
10.73 3.04 -6.90 0.66  0.81 2.14 3.18  1.26 0.55 10.36  91.49 87.03 90.60 
10.83 2.28 -3.52 -1.06  1.61 6.03 -2.45  0.67 0.43 10.83  91.00 88.46 89.57 
10.93 2.69 -4.26 -0.55  1.72 1.97 -1.88  0.75 0.47 10.00  90.96 88.46 89.67 
11.03 4.15 -2.83 -1.36  -4.53 6.20 -2.46  0.51 0.75 10.28  91.86 88.44 89.57 
11.14 4.64 -2.42 -1.04  -1.35 11.80 -2.29  0.43 0.82 10.16  91.70 88.96 89.74 
11.24 1.20 -6.50 2.52  17.66 13.62 2.00  1.92 0.35 16.87  90.06 87.53 90.40 
11.34 -7.51 -9.28 11.04  224.24 8.27 13.01  2.35 -1.88 14.28  87.35 86.60 92.27 
11.44 156.35 4.33 66.20  170.06 -0.26 -14.97  -0.39 2.08 -4.75  159.40 90.41 86.90 
11.55 121.81 -6.73 2.46  -109.02 15.25 -23.71  0.59 4.24 -2.63  138.94 88.46 86.59 
11.65 -5.51 5.64 7.54  -263.12 -15.68 -14.90  -1.45 -1.41 14.63  71.47 93.66 87.40 
11.76 3.29 -8.88 7.46  -41.05 75.14 16.93  1.92 0.71 12.28  96.21 87.52 93.56 
11.86 2.96 10.25 0.31  -10.47 6.13 -2.26  -2.47 0.71 13.65  91.55 94.46 89.18 
11.96 6.10 7.14 2.11  7.52 -0.34 -1.81  -1.29 1.10 10.28  92.87 92.76 89.82 
12.06 7.32 8.83 0.82  4.98 2.20 -0.39  -1.53 1.26 9.77  92.90 93.66 90.01 
12.17 7.26 11.90 -0.17  3.10 13.36 -0.69  -2.16 1.29 10.16  92.67 95.16 89.88 
12.27 7.99 12.59 0.58  -0.19 11.38 0.31  -2.08 1.29 9.22  93.20 95.49 90.10 
12.37 5.91 16.34 0.00  -6.47 40.73 0.87  -2.90 1.02 9.85  92.58 97.13 90.15 
12.48 5.38 13.82 4.12  -1.22 5.93 7.89  -2.47 0.94 10.00  92.80 96.35 91.56 
12.58 5.91 16.56 3.42  0.95 -5.57 -1.59  -3.06 1.06 10.24  92.31 96.66 89.76 
12.68 6.11 16.63 2.67  7.05 6.01 -1.24  -2.86 1.02 9.53  92.66 97.26 89.83 
12.78 6.72 17.90 2.17  4.38 2.30 -1.94  -3.14 1.14 9.65  92.81 97.66 89.66 
12.88 8.13 20.27 1.41  -3.48 -1.94 -0.20  -3.69 1.41 9.89  93.80 98.61 89.91 
12.98 8.55 43.21 67.85  2.99 -86.70 45.30  -14.87 2.35 15.65  93.73 108.85 97.91 
13.08 -8.99 40.22 -31.20  76.27 -203.44 248.62  -4.67 -0.86 5.45  86.29 110.40 131.25 
13.19 -18.43 -68.36 60.31  27.13 -27.52 207.43  10.32 -1.29 3.88  75.15 59.89 128.15 
13.29 -69.13 -70.71 108.38  -73.54 39.45 -25.89  16.67 -5.45 2.08  56.16 58.68 91.03 
13.40 -36.75 -25.55 66.19  -67.81 109.78 -197.85  5.45 -6.83 9.14  74.81 79.87 57.72 
13.50 -23.13 34.97 -15.96  2.53 108.05 -250.68  -8.59 -4.82 11.30  79.91 105.26 46.25 
13.60 4.06 45.77 -18.13  23.14 55.10 -95.56  -10.83 0.75 10.51  96.02 111.51 70.38 
13.70 5.94 34.58 -11.22  11.59 -31.75 28.46  -5.49 0.82 7.92  91.52 106.03 94.00 
13.80 -1.97 8.30 2.49  -6.26 -8.45 36.72  -1.33 -0.31 9.14  88.78 95.20 96.63 
13.91 -7.99 -4.96 10.95  -9.74 -13.34 0.30  0.78 -1.26 8.94  85.94 87.61 91.25 
14.01 -2.21 5.29 4.36  -7.12 18.52 -25.18  -0.94 -0.39 10.16  88.73 92.43 86.00 
14.11 0.20 16.75 -0.55  8.72 25.25 -20.41  -3.41 0.04 11.34  90.09 97.31 86.44 
14.22 5.38 17.82 1.19  38.26 -7.93 3.93  -2.82 0.82 8.75  89.70 98.58 90.62 
14.32 4.95 0.45 5.16  15.35 -83.73 20.54  -0.04 0.43 4.98  92.32 92.36 93.77 
14.42 1.59 -1.98 3.70  13.78 6.93 0.67  0.39 0.31 11.34  91.44 89.62 90.63 
14.52 -6.01 18.40 -3.94  24.48 -39.62 -2.31  -3.49 -1.10 10.43  93.34 93.94 89.49 
14.63 1.88 17.86 -3.18  11.79 34.41 -4.68  -3.84 0.39 11.92  94.21 93.63 88.72 
14.73 14.36 4.65 2.78  -29.31 -30.67 2.35  -0.82 2.51 9.81  96.27 92.03 90.41 
14.83 0.15 -1.35 2.87  5.38 20.81 0.74  0.35 0.04 15.02  91.38 90.00 90.28 
14.93 7.65 6.80 0.87  3.08 1.89 0.81  -1.02 1.14 8.47  92.95 92.93 90.11 
15.04 1.42 -2.60 2.91  -8.82 -0.74 -0.25  0.43 0.24 9.49  89.78 86.58 90.13 
15.14 8.95 4.45 0.96  9.65 4.45 -3.85  -0.67 1.33 8.47  94.15 92.16 89.30 
15.24 7.01 4.42 0.92  -3.56 -14.96 1.32  -0.75 1.18 9.57  92.76 92.19 90.13 
15.34 3.67 4.95 0.73  0.03 -0.57 1.56  -0.90 0.67 10.40  91.83 91.82 90.21 
15.44 4.60 5.02 0.78  1.03 -5.83 1.45  -0.90 0.82 10.24  92.01 92.19 90.25 
15.55 3.83 4.67 0.87  -0.44 -1.10 0.25  -0.86 0.71 10.55  91.70 92.16 90.00 
15.65 4.87 5.08 0.57  1.55 -1.31 0.04  -0.90 0.86 10.12  91.82 92.10 90.01 
15.75 4.84 3.73 0.83  0.04 -0.70 -1.49  -0.67 0.86 10.20  92.31 91.54 89.70 
15.85 4.87 4.42 0.65  0.26 -0.42 0.35  -0.78 0.86 10.12  92.13 91.83 90.05 
15.95 5.25 5.67 0.44  0.81 0.24 0.19  -1.02 0.94 10.24  92.20 91.90 90.02 
16.06 4.55 5.18 0.72  -1.15 0.04 0.51  -0.94 0.82 10.36  92.20 92.38 90.08 
16.16 3.68 5.18 0.44  0.89 -0.96 0.25  -0.94 0.67 10.36  91.80 92.35 90.06 
16.26 3.46 4.09 0.98  -0.38 -0.84 -0.20  -0.75 0.63 10.40  91.69 92.34 89.90 
16.36 3.29 3.72 0.84  0.65 -0.58 0.77  -0.67 0.59 10.24  91.73 91.91 90.13 
16.46 4.04 3.36 1.11  0.69 -1.16 0.47  -0.59 0.71 10.00  91.93 91.54 90.13 
16.56 5.17 6.01 0.35  0.53 0.04 -0.16  -1.10 0.94 10.40  92.19 92.18 89.63 
16.66 4.38 4.59 0.74  0.78 -1.27 0.53  -0.82 0.78 10.24  92.16 92.15 90.06 
16.76 4.35 4.34 1.00  0.49 -0.50 0.18  -0.78 0.78 10.32  91.91 91.72 90.05 
16.87 4.18 3.73 1.08  0.78 -0.33 -0.38  -0.67 0.75 10.20  91.82 91.81 89.98 
16.97 5.07 4.62 0.65  0.68 -0.31 -0.51  -0.82 0.90 10.16  91.91 92.29 89.89 
17.07 4.40 4.39 0.81  0.67 -0.68 0.04  -0.78 0.78 10.20  91.90 92.09 90.02 
17.17 4.58 4.57 0.95  1.02 -0.39 0.46  -0.82 0.82 10.28  92.09 92.18 90.07 
17.27 4.86 4.18 0.92  0.95 -0.88 0.00  -0.75 0.86 10.16  91.93 91.83 90.02 
17.37 4.51 4.71 0.63  0.58 -0.73 0.08  -0.86 0.82 10.43  91.90 91.99 90.00 
17.48 5.07 3.96 0.70  0.82 -0.74 0.41  -0.71 0.90 10.16  92.36 91.86 90.03 
17.58 5.21 6.27 0.44  0.82 0.43 0.42  -1.14 0.94 10.32  92.00 92.18 90.07 
17.68 4.13 6.28 0.39  2.01 -2.30 0.78  -1.14 0.75 10.32  92.46 93.44 89.98 
17.78 3.81 3.14 1.03  0.12 -2.02 1.15  -0.55 0.67 10.00  92.13 91.64 90.19 
17.88 3.71 4.79 0.63  1.87 -0.18 -0.81  -0.86 0.67 10.28  91.70 91.79 89.84 
17.98 0.22 3.05 0.86  0.26 -0.95 -4.37  -0.55 0.04 10.32  89.81 91.54 89.36 
18.08 8.81 3.51 0.01  1.47 -1.47 -8.06  -0.63 1.57 10.12  93.85 92.20 88.46 
18.18 3.96 4.17 0.21  -0.78 -0.21 3.12  -0.75 0.71 10.20  91.73 91.82 90.54 
18.28 4.21 4.42 0.05  1.66 -1.22 1.28  -0.78 0.75 10.12  92.19 92.18 90.16 
18.39 4.01 4.00 0.36  0.12 -0.36 1.69  -0.71 0.71 10.08  91.83 91.73 90.33 
18.49 4.37 5.22 -0.19  1.34 -0.67 -0.49  -0.94 0.78 10.28  92.09 92.37 89.90 
18.59 5.58 4.00 0.15  1.23 -1.20 -0.26  -0.71 0.98 10.04  92.01 91.81 89.92 
18.69 4.98 5.39 0.02  0.97 -0.33 0.53  -0.98 0.90 10.36  92.21 92.20 90.15 
18.79 4.62 4.17 0.19  0.61 -0.85 -0.29  -0.75 0.82 10.20  91.91 91.91 89.99 
18.90 5.17 5.37 0.03  0.90 -0.30 0.02  -0.98 0.94 10.40  92.16 92.06 89.99 
19.00 4.82 4.80 0.33  0.34 -1.15 0.18  -0.86 0.86 10.24  92.08 92.35 90.02 
19.10 4.57 4.55 0.11  0.67 -0.82 0.12  -0.82 0.82 10.32  92.08 91.98 90.01 
19.20 5.58 3.78 0.13  0.09 -1.82 -0.58  -0.67 0.98 10.04  91.68 91.08 89.92 
19.30 5.27 5.25 -0.39  0.65 -0.01 -0.63  -0.94 0.94 10.20  91.82 91.53 89.90 
19.40 5.13 4.67 0.02  1.66 -0.87 -0.11  -0.82 0.90 10.04  92.16 91.59 90.00 
19.50 4.62 4.17 0.13  1.19 -0.42 0.15  -0.75 0.82 10.20  92.00 91.90 90.03 
19.60 4.60 4.59 -0.02  1.02 -0.62 0.15  -0.82 0.82 10.24  92.21 91.73 90.02 
19.70 4.42 4.62 -0.12  0.06 -0.95 0.04  -0.82 0.78 10.16  92.21 92.10 89.99 
19.81 4.82 4.58 0.01  1.28 -0.53 0.13  -0.82 0.86 10.24  91.99 91.99 90.05 
19.91 4.82 4.58 -0.14  0.74 -0.52 0.10  -0.82 0.86 10.24  92.10 92.00 90.02 
20.01 4.76 4.96 -0.01  1.04 -0.37 0.17  -0.90 0.86 10.36  92.11 92.29 90.04 
20.11 4.37 4.57 0.07  0.92 -0.47 0.39  -0.82 0.78 10.28  92.09 92.17 90.05 
20.21 4.20 4.40 0.00  0.53 -0.33 0.16  -0.78 0.75 10.16  91.90 91.99 90.04 
20.31 4.37 4.57 0.02  0.77 -0.37 0.17  -0.82 0.78 10.28  92.09 91.90 90.04 
20.41 5.23 4.56 -0.26  0.47 -0.32 0.14  -0.82 0.94 10.28  91.91 92.00 90.00 
20.51 4.80 5.00 -0.14  0.97 -0.71 0.11  -0.90 0.86 10.28  91.93 92.21 90.04 
20.62 4.82 4.37 -0.22  0.83 -0.58 0.20  -0.78 0.86 10.24  92.30 92.10 90.03 
20.72 4.40 4.39 0.00  0.49 -0.27 0.25  -0.78 0.78 10.20  92.01 92.19 90.04 
20.82 4.80 4.35 67.85  0.67 -0.63 0.23  -0.78 0.86 10.28  92.01 92.00 90.05 
20.92 4.58 5.00 -0.02  0.40 -0.73 0.27  -0.90 0.82 10.28  92.00 92.18 90.05 
21.02 3.96 4.83 -0.05  0.61 -0.53 0.18  -0.86 0.71 10.20  91.90 92.08 90.02 
21.12 4.58 4.57 0.15  0.91 -0.46 0.16  -0.82 0.82 10.28  92.17 92.16 90.04 
21.22 4.58 4.57 0.07  0.81 -0.48 0.11  -0.82 0.82 10.28  91.73 92.02 90.01 
21.32 4.80 4.57 -0.09  0.97 -0.18 0.18  -0.82 0.86 10.28  92.18 91.98 90.03 
21.42 4.60 4.80 -0.17  0.74 -0.39 0.32  -0.86 0.82 10.24  92.01 92.10 90.05 
21.53 4.40 4.60 -0.05  0.46 -0.52 0.17  -0.82 0.78 10.20  92.10 92.00 90.04 
21.63 4.38 4.80 -0.04  0.46 -0.77 0.06  -0.86 0.78 10.24  92.20 92.00 90.01 
21.73 4.82 4.58 0.11  0.71 -0.54 0.38  -0.82 0.86 10.24  92.21 92.20 90.07 
21.83 4.35 4.34 0.06  1.01 -0.66 0.19  -0.78 0.78 10.32  92.09 91.89 90.03 
21.93 5.04 4.37 0.22  0.60 -0.60 0.09  -0.78 0.90 10.24  92.09 91.90 90.03 
22.03 4.82 4.37 0.25  0.74 -0.39 0.15  -0.78 0.86 10.24  92.00 91.90 90.02 
22.13 4.82 4.80 0.13  0.57 -0.60 0.12  -0.86 0.86 10.24  91.90 92.09 90.02 
22.24 4.57 4.98 -0.14  0.95 -0.17 0.11  -0.90 0.82 10.32  92.00 91.90 90.02 
22.34 5.02 4.35 -0.00  0.79 -0.39 0.03  -0.78 0.90 10.28  92.00 91.90 90.02 
22.44 4.62 4.38 0.03  0.77 -0.56 0.18  -0.78 0.82 10.20  92.02 92.21 90.00 
22.54 4.58 4.57 -0.12  0.52 -0.49 0.16  -0.82 0.82 10.28  92.00 92.18 90.03 
22.64 4.60 4.59 0.24  0.63 -0.46 0.34  -0.82 0.82 10.24  92.09 91.99 90.03 
22.74 4.80 4.35 -0.09  1.03 -0.52 0.00  -0.78 0.86 10.28  92.11 91.91 90.02 
22.84 4.82 4.58 0.04  0.89 -0.65 0.19  -0.82 0.86 10.24  92.21 91.92 90.03 
22.94 4.60 4.37 -0.23  0.81 -0.53 0.23  -0.78 0.82 10.24  92.09 91.99 90.03 
23.04 4.40 4.60 -0.24  0.88 -0.51 0.18  -0.82 0.78 10.20  92.20 92.19 90.03 
23.15 4.40 4.39 0.09  0.42 -0.25 0.12  -0.78 0.78 10.20  92.11 92.20 90.02 
23.25 4.62 4.60 0.10  0.68 -0.74 0.17  -0.82 0.82 10.20  92.00 91.71 90.05 
23.35 4.80 4.57 -0.10  0.51 -0.71 0.17  -0.82 0.86 10.28  92.00 92.09 90.04 
23.45 4.58 4.13 -0.15  0.81 -0.88 0.26  -0.75 0.82 10.28  92.01 91.81 90.05 
23.55 4.55 4.96 -0.10  0.39 -0.62 0.03  -0.90 0.82 10.36  91.98 92.17 90.00 
23.65 4.84 4.38 0.12  0.83 -0.57 0.12  -0.78 0.86 10.20  92.28 92.08 90.03 
23.75 4.82 4.80 0.02  0.71 -0.41 0.19  -0.86 0.86 10.24  92.18 92.17 90.02 
23.85 4.80 4.78 -0.05  0.37 -0.42 0.18  -0.86 0.86 10.28  92.01 92.10 90.03 
23.95 4.18 4.17 0.06  0.98 -0.51 0.23  -0.75 0.75 10.20  92.09 91.99 90.05 
24.06 4.82 4.58 -0.01  0.75 -0.51 0.18  -0.82 0.86 10.24  92.10 92.09 90.05 
24.16 4.80 4.35 -0.09  1.09 -0.60 0.11  -0.78 0.86 10.28  91.90 92.17 90.02 
24.26 4.86 4.84 0.23  0.43 -0.70 0.24  -0.86 0.86 10.16  92.12 92.11 90.04 
24.39 5.04 4.58 0.05  0.70 -0.49 0.18  -0.82 0.90 10.24  92.20 92.00 90.03 
24.52 4.38 4.59 -0.13  0.67 -0.35 0.16  -0.82 0.78 10.24  91.91 92.00 90.03 
24.66 4.82 4.58 -0.10  0.48 -0.46 0.04  -0.82 0.86 10.24  92.10 92.00 90.01 
24.79 5.06 4.38 0.11  0.67 -0.52 0.15  -0.78 0.90 10.20  92.21 91.91 90.03 
24.89 4.55 4.53 0.04  0.46 -0.61 0.24  -0.82 0.82 10.36  91.98 91.98 90.04 
24.99 4.82 4.37 -0.20  0.77 -0.32 0.20  -0.78 0.86 10.24  92.10 92.00 90.03 
25.09 4.78 4.77 -0.10  0.93 -0.60 0.21  -0.86 0.86 10.32  92.02 92.02 90.01 
25.19 4.58 4.57 -0.27  0.80 -0.53 0.21  -0.82 0.82 10.28  91.90 92.09 90.04 
25.29 5.23 4.56 -0.16  0.93 -0.69 0.18  -0.82 0.94 10.28  91.91 92.00 90.04 
25.40 4.57 4.55 -0.06  0.64 -0.65 0.18  -0.82 0.82 10.32  91.99 91.89 90.03 
25.50 4.80 3.92 0.13  1.16 -0.49 0.20  -0.71 0.86 10.28  92.20 92.09 90.03 
25.60 4.35 5.20 -0.33  0.77 -0.37 0.19  -0.94 0.78 10.32  91.80 92.07 90.02 
25.70 4.84 4.60 0.10  0.90 -0.39 0.20  -0.82 0.86 10.20  92.11 92.01 90.04 
25.80 4.57 4.77 0.07  0.53 -0.21 0.09  -0.86 0.82 10.32  91.92 92.01 90.02 
25.90 4.57 4.77 0.23  0.81 -0.39 0.25  -0.86 0.82 10.32  91.98 91.88 90.04 
26.00 4.80 5.22 -0.15  0.18 -0.63 0.20  -0.94 0.86 10.28  92.01 92.19 90.02 
26.10 4.86 4.84 -0.02  0.60 -0.51 0.14  -0.86 0.86 10.16  91.98 91.98 90.03 
26.20 4.80 4.57 -0.11  0.50 -0.63 0.31  -0.82 0.86 10.28  92.19 92.09 90.05 
26.30 4.60 4.37 -0.27  0.46 -0.65 0.25  -0.78 0.82 10.24  91.92 92.01 90.04 
26.40 4.86 4.84 -0.10  0.48 -0.45 0.25  -0.86 0.86 10.16  92.12 92.11 90.04 
26.50 4.82 4.15 0.24  0.57 -0.32 0.20  -0.75 0.86 10.24  91.92 92.01 90.06 
26.60 4.37 4.35 -0.07  0.91 -0.54 0.21  -0.78 0.78 10.28  92.00 91.99 90.03 
26.70 4.87 4.42 0.08  1.09 -0.46 0.07  -0.78 0.86 10.12  92.12 91.82 90.04 
26.81 4.62 4.82 -0.21  0.60 -0.52 0.25  -0.86 0.82 10.20  92.01 92.00 90.05 
26.91 4.58 4.35 -0.13  0.67 -0.46 0.20  -0.78 0.82 10.28  92.08 91.98 90.02 
27.01 3.92 4.77 -0.06  0.71 -0.67 0.18  -0.86 0.71 10.32  92.02 92.11 90.04 
27.11 3.71 4.79 -0.12  0.88 -0.58 0.17  -0.86 0.67 10.28  91.81 92.09 90.05 
27.21 4.60 3.71 0.07  0.52 -0.46 0.14  -0.67 0.82 10.24  92.01 91.72 90.02 
27.31 4.40 4.60 -0.12  0.74 -0.53 0.17  -0.82 0.78 10.20  92.00 91.90 90.04 
27.41 4.58 4.78 -0.31  0.86 -0.42 0.18  -0.86 0.82 10.28  92.20 92.09 90.03 
27.51 4.60 4.59 0.02  0.35 -0.62 0.25  -0.82 0.82 10.24  92.09 92.09 90.04 
27.61 4.80 4.78 -0.21  0.60 -0.60 0.14  -0.86 0.86 10.28  92.03 91.74 90.03 
27.72 4.80 5.00 0.08  0.97 -0.16 0.10  -0.90 0.86 10.28  91.90 91.80 90.02 
27.82 4.82 4.80 0.09  0.50 -0.37 0.25  -0.86 0.86 10.24  91.90 92.08 90.04 
27.92 5.21 4.12 0.09  0.53 -0.29 0.18  -0.75 0.94 10.32  91.90 91.89 90.04 
28.02 4.37 4.57 -0.10  0.57 -0.62 0.27  -0.82 0.78 10.28  91.99 91.99 90.05 
28.12 4.64 4.84 -0.33  0.96 -0.52 0.25  -0.86 0.82 10.16  92.00 92.09 90.03 
28.22 4.78 4.77 0.06  0.68 -0.30 0.19  -0.86 0.86 10.32  92.09 92.08 90.04 
28.32 5.06 4.82 -0.28  0.86 -0.88 0.31  -0.86 0.90 10.20  92.09 92.28 90.07 
28.43 4.12 4.75 -0.19  0.91 -0.63 0.11  -0.86 0.75 10.36  91.98 92.17 90.02 
28.53 4.38 4.59 -0.27  0.64 -0.67 0.20  -0.82 0.78 10.24  91.91 92.00 90.07 
28.63 4.64 4.40 -0.18  0.78 -0.36 0.26  -0.78 0.82 10.16  92.00 91.99 90.05 
28.73 4.37 4.79 -0.02  0.72 0.18 0.21  -0.86 0.78 10.28  92.01 91.91 90.05 
28.83 4.60 4.59 -0.09  0.70 -0.39 0.16  -0.82 0.82 10.24  92.11 91.91 90.05 
28.93 4.57 4.12 -0.12  0.46 -0.45 0.06  -0.75 0.82 10.32  92.11 92.01 90.02 
29.03 4.57 4.33 -0.17  0.74 -1.27 0.32  -0.78 0.82 10.32  92.09 92.17 90.03 
29.13 4.38 4.80 -0.04  0.32 -0.88 0.11  -0.86 0.78 10.24  91.91 92.10 90.02 
29.23 3.71 4.57 -0.09  0.46 -0.23 0.47  -0.82 0.67 10.28  91.88 92.34 90.04 
29.33 4.20 3.96 0.18  1.18 0.15 0.48  -0.71 0.75 10.16  91.83 91.63 90.11 
29.43 3.66 5.78 -0.17  1.51 0.11 1.75  -1.06 0.67 10.43  92.12 92.57 90.28 
29.53 4.00 5.86 -0.10  -1.38 0.15 -0.15  -1.10 0.75 10.67  92.18 92.64 89.92 
29.64 5.06 4.38 0.14  2.33 -0.93 0.95  -0.78 0.90 10.20  91.91 92.29 90.18 
29.74 4.30 4.93 0.07  -1.46 0.26 -0.46  -0.90 0.78 10.43  91.84 91.65 89.98 
29.84 4.84 5.04 -0.10  1.40 -0.86 -0.11  -0.90 0.86 10.20  92.11 92.20 89.98 
29.94 5.07 4.18 0.21  -0.32 -1.21 -0.14  -0.75 0.90 10.16  92.10 92.00 89.92 
30.04 4.96 5.16 -0.18  0.97 -0.17 0.05  -0.94 0.90 10.40  91.90 91.80 90.01 
30.14 4.84 4.60 0.13  0.71 -0.46 0.02  -0.82 0.86 10.20  91.82 92.01 90.03 
30.24 5.62 5.17 -0.14  0.78 0.15 0.15  -0.94 1.02 10.36  92.45 92.26 90.03 
30.34 4.58 3.92 0.17  0.34 -0.60 0.30  -0.71 0.82 10.28  91.99 91.99 90.00 
30.45 5.29 4.83 -0.12  0.32 0.83 -0.16  -0.86 0.94 10.16  92.13 91.84 89.99 
