0 0 0 2.77 0.00000000 0.00000000 0.00 0.00 0.00 0.07 0.08 -0.04 0.01 -0.02 0.01 92.87 94.59 90.03 
0 0 0 2.94 0.00000000 0.00000000 0.00 0.00 0.00 0.06 0.07 0.01 0.01 -0.01 0.00 93.35 93.97 90.03 
0 0 0 3.04 0.00000000 0.00000000 0.00 0.00 0.00 0.07 0.07 -0.06 0.01 -0.01 0.00 93.83 93.95 90.02 
0 0 0 3.14 0.00000000 0.00000000 0.00 0.00 0.00 0.00 0.06 0.19 0.00 0.02 -0.04 91.53 93.19 89.47 
0 0 0 3.24 0.00000000 0.00000000 0.00 0.00 0.00 -0.09 -0.04 0.21 0.00 -0.02 -0.45 87.50 87.69 84.62 
0 0 0 3.34 0.00000000 0.00000000 0.00 0.00 0.00 0.19 0.03 -0.71 0.04 -0.01 -0.32 97.79 91.95 86.13 
0 0 0 3.44 0.00000000 0.00000000 0.00 0.00 0.00 0.06 0.06 -0.19 0.00 -0.01 0.00 94.42 93.49 90.03 
0 0 0 3.54 0.00000000 0.00000000 0.00 0.00 0.00 0.06 0.08 -0.13 0.01 -0.00 0.00 93.69 94.42 90.01 
0 0 0 3.64 0.00000000 0.00000000 0.00 0.00 0.00 0.06 0.07 -0.13 0.01 -0.00 0.00 93.56 94.19 90.03 
0 0 0 3.74 0.00000000 0.00000000 0.00 0.00 0.00 0.07 0.07 -0.17 0.01 -0.01 0.00 93.83 94.17 90.03 
0 0 0 3.84 0.00000000 0.00000000 0.00 0.00 0.00 0.06 0.07 -0.14 0.01 -0.02 0.00 93.66 94.16 90.06 
0 0 0 3.95 0.00000000 0.00000000 0.00 0.00 0.00 0.06 0.08 -0.12 0.01 -0.02 0.01 93.50 94.36 90.06 
0 0 0 4.05 0.00000000 0.00000000 0.00 0.00 0.00 0.06 0.07 -0.15 0.02 -0.01 0.00 93.63 94.25 90.06 
0 0 0 4.15 0.00000000 0.00000000 0.00 0.00 0.00 0.07 0.07 -0.17 0.01 -0.01 0.00 93.66 93.94 90.03 
0 0 0 4.25 0.00000000 0.00000000 0.00 0.00 0.00 0.07 0.08 -0.18 0.01 -0.01 0.00 93.75 94.41 90.05 
0 0 0 4.35 0.00000000 0.00000000 0.00 0.00 0.00 0.05 0.07 -0.09 0.01 -0.01 0.00 93.34 93.79 90.02 
0 0 0 4.45 0.00000000 0.00000000 0.00 0.00 0.00 0.06 0.06 -0.13 0.01 -0.03 0.00 93.64 93.53 90.05 
0 0 0 4.55 0.00000000 0.00000000 0.00 0.00 0.00 0.06 0.07 -0.13 0.01 -0.02 0.01 93.57 93.88 90.08 
0 0 0 4.65 0.00000000 0.00000000 0.00 0.00 0.00 0.06 0.07 -0.15 0.02 -0.00 0.00 93.65 93.95 90.02 
0 0 0 4.75 0.00000000 0.00000000 0.00 0.00 0.00 0.07 0.08 -0.19 0.01 -0.02 0.00 93.72 94.31 90.06 
0 0 0 4.85 0.00000000 0.00000000 0.00 0.00 0.00 0.06 0.07 -0.16 0.01 -0.01 0.00 93.55 93.92 90.05 
0 0 0 4.95 0.00000000 0.00000000 0.00 0.00 0.00 0.06 0.07 -0.13 0.01 -0.00 0.00 93.62 93.85 90.05 
0 0 0 5.05 0.00000000 0.00000000 0.00 0.00 0.00 0.06 0.08 -0.10 0.01 0.00 0.01 93.71 94.43 90.08 
0 0 0 5.16 0.00000000 0.00000000 0.00 0.00 0.00 0.06 0.07 -0.13 0.01 -0.00 0.01 93.58 94.19 90.12 
0 0 0 5.26 0.00000000 0.00000000 0.00 0.00 0.00 0.07 0.07 -0.20 0.01 -0.01 0.01 93.89 94.15 90.10 
0 0 0 5.36 0.00000000 0.00000000 0.00 0.00 0.00 0.09 0.08 -0.27 0.01 -0.01 0.01 94.27 94.69 90.12 
0 0 0 5.46 0.00000000 0.00000000 0.00 0.00 0.00 0.06 0.08 -0.13 0.01 -0.02 0.00 93.69 94.31 90.04 
0 0 0 5.56 0.00000000 0.00000000 0.00 0.00 0.00 0.07 0.05 -0.21 0.01 -0.02 0.01 93.76 92.66 90.13 
0 0 0 5.66 0.00000000 0.00000000 0.00 0.00 0.00 0.06 0.07 -0.14 0.01 -0.01 0.00 93.83 93.82 90.05 
0 0 0 5.76 0.00000000 0.00000000 0.00 0.00 0.00 0.06 0.08 -0.13 0.01 -0.01 0.00 93.74 94.54 90.06 
0 0 0 5.86 0.00000000 0.00000000 0.00 0.00 0.00 0.06 0.07 -0.12 0.00 -0.02 0.00 93.56 93.89 90.06 
0 0 0 5.96 0.00000000 0.00000000 0.00 0.00 0.00 0.07 0.07 -0.14 0.01 -0.01 0.00 93.66 93.73 90.03 
0 0 0 6.06 0.00000000 0.00000000 0.00 0.00 0.00 0.06 0.09 -0.06 0.02 0.01 0.00 93.41 95.28 90.02 
0 0 0 6.17 0.00000000 0.00000000 0.00 0.00 0.00 0.06 0.06 -0.18 0.01 -0.02 0.01 93.55 93.69 90.08 
0 0 0 6.27 0.00000000 0.00000000 0.00 0.00 0.00 0.05 0.08 -0.08 0.01 0.00 0.01 93.48 94.41 90.09 
0 0 0 6.37 0.00000000 0.00000000 0.00 0.00 0.00 0.05 0.08 -0.07 0.02 -0.00 0.02 94.46 94.70 90.19 
0 0 0 6.47 0.00000000 0.00000000 0.00 0.00 0.00 0.11 0.09 -0.30 0.01 0.01 0.17 93.66 95.15 92.05 
0 0 0 6.57 0.00000000 0.00000000 0.00 0.00 0.00 0.07 0.06 -0.09 0.02 -0.01 0.00 93.51 93.66 90.06 
0 0 0 6.67 0.00000000 0.00000000 0.00 0.00 0.00 0.07 0.07 -0.11 0.02 -0.02 0.01 93.40 94.00 90.07 
0 0 0 6.77 0.00000000 0.00000000 0.00 0.00 0.00 0.05 0.08 -0.03 0.02 -0.02 0.00 93.45 94.44 90.05 
0 0 0 6.87 0.00000000 0.00000000 0.00 0.00 0.00 0.07 0.07 -0.08 0.01 -0.01 0.00 93.64 94.19 90.05 
0 0 0 6.97 0.00000000 0.00000000 0.00 0.00 0.00 0.06 0.13 0.07 0.01 -0.02 0.00 93.74 97.24 90.03 
0 0 0 7.07 0.00000000 0.00000000 0.00 0.00 0.00 0.05 0.03 -0.16 0.02 -0.01 -0.10 94.06 91.13 89.17 
0 0 0 7.17 0.00000000 0.00000000 0.00 0.00 0.00 0.09 0.14 -0.21 0.00 -0.02 -0.03 94.33 98.22 89.64 
0 0 0 7.27 0.00000000 0.00000000 0.00 0.00 0.00 0.06 0.07 -0.11 0.01 -0.01 0.00 93.00 93.79 90.05 
0 0 0 7.38 0.00000000 0.00000000 0.00 0.00 0.00 0.10 0.06 -0.30 0.02 -0.01 -0.03 93.95 93.21 89.60 
0 0 0 7.48 0.00000000 0.00000000 0.00 0.00 0.00 0.05 0.08 -0.19 0.02 -0.02 0.01 92.66 94.49 90.08 
0 0 0 7.58 0.00000000 0.00000000 0.00 0.00 0.00 0.07 0.05 -0.21 0.02 -0.02 0.01 92.79 92.89 90.11 
0 0 0 7.68 0.00000000 0.00000000 0.00 0.00 0.00 0.07 0.08 -0.25 0.02 -0.02 0.00 93.48 94.51 90.05 
0 0 0 7.78 0.00000000 0.00000000 0.00 0.00 0.00 0.06 0.07 -0.24 0.01 0.00 0.00 93.06 94.27 90.03 
0 0 0 7.88 0.00000000 0.00000000 0.00 0.00 0.00 0.07 0.07 -0.21 0.01 -0.00 0.01 93.95 93.76 90.06 
0 0 0 7.98 0.00000000 0.00000000 0.00 0.00 0.00 0.03 0.07 -0.10 0.01 -0.01 0.00 93.03 93.80 90.04 
0 0 0 8.08 0.00000000 0.00000000 0.00 0.00 0.00 0.03 0.21 0.55 -0.04 0.12 0.43 95.60 94.78 95.35 
0 0 0 8.18 0.00000000 0.00000000 0.00 0.00 0.00 0.15 0.06 -0.54 -0.01 -0.00 0.09 93.16 91.96 91.13 
0 0 0 8.28 0.00000000 0.00000000 0.00 0.00 0.00 0.07 0.08 -0.13 0.02 -0.01 -0.00 92.81 94.57 89.95 
0 0 0 8.38 0.00000000 0.00000000 0.00 0.00 0.00 0.13 0.07 -0.41 0.08 0.05 -0.11 94.54 94.03 88.63 
0 0 0 8.48 0.00000000 0.00000000 0.00 0.00 0.00 0.04 0.08 0.03 -0.07 -0.11 -0.21 92.77 94.40 87.52 
0 0 0 8.59 0.00000000 0.00000000 0.00 0.00 0.00 0.16 0.09 -0.61 0.02 0.07 -0.04 95.53 94.99 89.47 
0 0 0 8.69 0.00000000 0.00000000 0.00 0.00 0.00 0.03 0.06 -0.00 0.01 -0.02 0.16 93.90 93.61 91.95 
0 0 0 8.79 0.00000000 0.00000000 0.00 0.00 0.00 0.08 0.07 -0.18 0.02 0.02 0.30 93.69 94.19 93.62 
0 0 0 8.89 0.00000000 0.00000000 0.00 0.00 0.00 0.07 0.07 -0.07 0.02 -0.03 0.06 93.61 93.81 90.76 
0 0 0 8.99 0.00000000 0.00000000 0.00 0.00 0.00 0.09 0.08 -0.11 0.00 0.01 0.20 93.42 94.53 92.35 
0 0 0 9.09 0.00000000 0.00000000 0.00 0.00 0.00 0.03 0.05 0.08 0.02 -0.07 -0.03 91.90 92.58 89.59 
0 0 0 9.19 0.00000000 0.00000000 0.00 0.00 0.00 0.08 0.03 -0.11 0.01 0.00 -0.03 94.98 91.97 89.65 
0 0 0 9.29 0.00000000 0.00000000 0.00 0.00 0.00 -0.16 0.09 0.62 -0.09 0.01 0.11 91.05 95.44 91.35 
0 0 0 9.39 0.00000000 0.00000000 0.00 0.00 0.00 0.15 -0.02 -0.58 -0.23 0.00 0.05 92.10 88.71 90.61 
0 0 0 9.50 0.00000000 0.00000000 0.00 0.00 0.00 0.05 0.07 -0.13 -0.23 -0.07 0.05 92.97 93.55 90.61 
0 0 0 9.60 0.00000000 0.00000000 0.00 0.00 0.00 0.03 0.06 -0.08 -0.07 -0.03 0.06 91.59 93.62 90.67 
0 0 0 9.70 0.00000000 0.00000000 0.00 0.00 0.00 0.05 0.07 -0.23 -0.04 -0.23 0.04 91.40 93.84 90.51 
0 0 0 9.80 0.00000000 0.00000000 0.00 0.00 0.00 0.02 0.03 -0.06 -0.17 -1.06 0.04 90.06 91.67 90.51 
0 0 0 9.90 0.00000000 0.00000000 0.00 0.00 0.00 -0.04 -0.01 0.36 -0.28 -0.63 0.01 87.45 89.61 90.17 
0 0 0 10.00 0.00000000 0.00000000 0.00 0.00 0.00 0.00 -0.11 -0.25 -0.17 -0.55 -0.00 87.62 83.58 89.97 
0 0 0 10.10 0.00000000 0.00000000 0.00 0.00 0.00 -0.05 -0.13 0.21 0.02 -0.81 -0.04 86.06 82.60 89.50 
0 0 0 10.20 0.00000000 0.00000000 0.00 0.00 0.00 -0.10 -0.27 0.15 0.21 -1.12 -0.01 84.40 74.80 89.92 
0 0 0 10.30 0.00000000 0.00000000 0.00 0.00 0.00 0.04 -0.48 -0.44 -0.10 -1.27 0.04 88.04 62.72 90.52 
0 0 0 10.40 0.00000000 0.00000000 0.00 0.00 0.00 -0.08 -0.50 0.83 -0.17 -1.05 0.04 86.46 61.09 90.43 
0 0 0 10.50 0.00000000 0.00000000 0.00 0.00 0.00 -0.12 -0.61 0.60 -0.04 -0.72 0.06 83.83 55.19 90.71 
0 0 0 10.60 0.00000000 0.00000000 0.00 0.00 0.00 -0.16 -0.68 0.74 0.03 -0.46 0.07 81.40 50.78 90.79 
0 0 0 10.70 0.00000000 0.00000000 0.00 0.00 0.00 -0.15 -0.66 1.18 -0.05 -0.16 -0.02 81.62 51.92 89.80 
0 0 0 10.81 0.00000000 0.00000000 0.00 0.00 0.00 -0.19 -0.72 0.88 0.02 -0.20 0.03 82.95 48.75 90.30 
0 0 0 10.91 0.00000000 0.00000000 0.00 0.00 0.00 -0.23 -0.85 0.40 -0.05 -0.12 0.08 81.79 41.18 91.00 
0 0 0 11.01 0.00000000 0.00000000 0.00 0.00 0.00 -0.17 -0.74 0.88 -0.04 0.08 0.02 81.27 47.77 90.25 
0 0 0 11.11 0.00000000 0.00000000 0.00 0.00 0.00 -0.12 -0.76 0.40 0.04 -0.02 -0.02 82.19 46.22 89.73 
0 0 0 11.21 0.00000000 0.00000000 0.00 0.00 0.00 -0.11 -0.72 0.90 0.04 0.02 -0.03 82.90 44.52 89.73 
0 0 0 11.31 0.00000000 0.00000000 0.00 0.00 0.00 -0.14 -0.78 0.37 -0.04 0.14 -0.01 81.89 45.27 89.91 
0 0 0 11.41 0.00000000 0.00000000 0.00 0.00 0.00 -0.13 -0.69 0.88 -0.02 0.12 -0.00 81.39 50.53 89.99 
0 0 0 11.51 0.00000000 0.00000000 0.00 0.00 0.00 -0.14 -0.68 1.09 0.05 -0.03 -0.02 81.04 51.26 89.73 
0 0 0 11.61 0.00000000 0.00000000 0.00 0.00 0.00 -0.17 -0.67 1.01 -0.04 -0.05 -0.00 80.89 51.44 90.00 
0 0 0 11.71 0.00000000 0.00000000 0.00 0.00 0.00 -0.18 -0.68 0.98 0.00 0.03 -0.00 80.58 50.89 89.96 
0 0 0 11.81 0.00000000 0.00000000 0.00 0.00 0.00 -0.22 -0.66 1.21 -0.02 0.37 0.01 79.83 52.37 90.07 
0 0 0 11.92 0.00000000 0.00000000 0.00 0.00 0.00 -0.15 -0.63 0.91 -0.05 0.30 -0.01 81.50 54.10 89.82 
0 0 0 12.02 0.00000000 0.00000000 0.00 0.00 0.00 -0.16 -0.56 1.36 0.00 0.11 -0.05 82.71 58.07 89.34 
0 0 0 12.12 0.00000000 0.00000000 0.00 0.00 0.00 -0.08 -0.62 0.28 0.03 -0.06 -0.02 84.20 54.42 89.80 
0 0 0 12.22 0.00000000 0.00000000 0.00 0.00 0.00 -0.09 -0.56 1.19 0.03 -0.03 0.01 83.41 58.10 90.11 
0 0 0 12.32 0.00000000 0.00000000 0.00 0.00 0.00 -0.06 -0.69 -0.11 -0.01 -0.02 0.03 83.16 50.71 90.30 
0 0 0 12.42 0.00000000 0.00000000 0.00 0.00 0.00 -0.09 -0.72 -0.12 -0.04 -0.01 0.00 83.31 48.64 90.01 
0 0 0 12.52 0.00000000 0.00000000 0.00 0.00 0.00 -0.08 -0.60 0.49 0.01 -0.06 -0.00 80.31 55.56 89.97 
0 0 0 12.62 0.00000000 0.00000000 0.00 0.00 0.00 -0.04 -0.65 -0.38 0.03 -0.05 -0.00 83.60 52.62 89.98 
0 0 0 12.72 0.00000000 0.00000000 0.00 0.00 0.00 -0.13 -0.64 0.37 0.01 0.01 -0.01 81.74 53.06 89.92 
0 0 0 12.82 0.00000000 0.00000000 0.00 0.00 0.00 -0.21 -0.61 0.76 0.09 0.71 0.01 79.74 55.05 90.09 
0 0 0 12.92 0.00000000 0.00000000 0.00 0.00 0.00 -0.02 -0.39 -0.16 0.20 2.17 0.14 85.36 67.65 91.66 
0 0 0 13.02 0.00000000 0.00000000 0.00 0.00 0.00 -0.08 -0.18 0.91 0.18 2.07 0.17 86.51 79.46 92.06 
0 0 0 13.12 0.00000000 0.00000000 0.00 0.00 0.00 -0.04 0.02 -0.09 0.04 1.39 0.15 87.51 91.20 91.80 
0 0 0 13.22 0.00000000 0.00000000 0.00 0.00 0.00 0.02 0.19 0.85 0.09 1.43 0.06 88.79 101.03 90.73 
0 0 0 13.32 0.00000000 0.00000000 0.00 0.00 0.00 -0.00 0.32 0.32 0.12 0.56 0.10 88.95 108.51 91.23 
0 0 0 13.43 0.00000000 0.00000000 0.00 0.00 0.00 -0.08 0.28 0.15 -0.05 0.26 0.18 86.40 106.05 92.13 
0 0 0 13.53 0.00000000 0.00000000 0.00 0.00 0.00 -0.04 0.32 0.04 -0.13 0.68 0.18 85.97 108.29 92.15 
0 0 0 13.63 0.00000000 0.00000000 0.00 0.00 0.00 -0.10 0.38 0.25 -0.09 0.02 0.06 85.01 111.64 90.67 
0 0 0 13.73 0.00000000 0.00000000 0.00 0.00 0.00 -0.15 0.32 0.16 -0.07 0.13 0.03 83.21 108.29 90.35 
0 0 0 13.83 0.00000000 0.00000000 0.00 0.00 0.00 -0.10 0.36 0.14 0.08 0.05 0.03 84.10 110.70 90.41 
0 0 0 13.93 0.00000000 0.00000000 0.00 0.00 0.00 -0.08 0.40 0.13 0.09 0.02 0.04 85.34 112.96 90.44 
0 0 0 14.03 0.00000000 0.00000000 0.00 0.00 0.00 -0.07 0.39 0.15 -0.00 -0.00 0.00 86.53 113.34 89.90 
0 0 0 14.14 0.00000000 0.00000000 0.00 0.00 0.00 -0.06 0.39 0.09 -0.02 -0.01 -0.01 87.37 112.43 89.86 
0 0 0 14.24 0.00000000 0.00000000 0.00 0.00 0.00 -0.09 0.39 0.04 0.06 0.02 -0.02 86.70 112.41 89.72 
0 0 0 14.34 0.00000000 0.00000000 0.00 0.00 0.00 -0.05 0.42 0.17 0.05 -0.02 -0.01 87.17 114.05 89.88 
0 0 0 14.44 0.00000000 0.00000000 0.00 0.00 0.00 -0.01 0.37 -0.25 0.01 -0.03 -0.01 88.16 110.95 89.85 
0 0 0 14.54 0.00000000 0.00000000 0.00 0.00 0.00 -0.04 0.36 0.10 0.06 -1.35 -0.06 87.26 110.22 89.25 
0 0 0 14.64 0.00000000 0.00000000 0.00 0.00 0.00 -0.07 0.15 -0.18 0.10 -1.18 -0.19 87.01 98.79 87.68 
0 0 0 14.74 0.00000000 0.00000000 0.00 0.00 0.00 -0.03 0.07 -0.09 0.03 -1.45 -0.15 87.80 94.25 88.24 
0 0 0 14.85 0.00000000 0.00000000 0.00 0.00 0.00 0.00 -0.08 -0.20 -0.13 -1.86 -0.13 87.38 85.66 88.41 
0 0 0 14.95 0.00000000 0.00000000 0.00 0.00 0.00 -0.01 -0.30 -0.20 -0.16 -1.59 -0.10 86.46 72.88 88.78 
0 0 0 15.05 0.00000000 0.00000000 0.00 0.00 0.00 -0.01 -0.33 1.91 -0.03 -1.16 -0.06 85.72 69.80 89.25 
0 0 0 15.15 0.00000000 0.00000000 0.00 0.00 0.00 0.02 -0.42 2.55 0.01 -0.69 -0.00 87.30 66.16 89.94 
0 0 0 15.25 0.00000000 0.00000000 0.00 0.00 0.00 -0.10 -0.63 0.69 0.03 -0.75 0.05 84.89 51.11 90.68 
0 0 0 15.35 0.00000000 0.00000000 0.00 0.00 0.00 -0.10 -0.82 -0.00 0.00 -0.48 0.04 84.17 42.98 90.51 
0 0 0 15.45 0.00000000 0.00000000 0.00 0.00 0.00 -0.15 -0.74 0.67 -0.03 -0.27 0.04 82.54 47.66 90.49 
0 0 0 15.56 0.00000000 0.00000000 0.00 0.00 0.00 -0.16 -0.74 0.87 -0.07 0.03 0.03 80.70 47.68 90.37 
0 0 0 15.66 0.00000000 0.00000000 0.00 0.00 0.00 -0.19 -0.76 0.67 0.02 0.23 0.07 79.74 46.61 90.84 
0 0 0 15.76 0.00000000 0.00000000 0.00 0.00 0.00 -0.07 -0.38 2.35 0.34 3.02 0.63 81.52 68.50 97.59 
0 0 0 15.86 0.00000000 0.00000000 0.00 0.00 0.00 -0.07 -0.06 1.94 0.35 3.36 0.78 84.06 86.51 99.31 
0 0 0 15.96 0.00000000 0.00000000 0.00 0.00 0.00 -0.09 0.03 0.80 0.18 1.43 0.22 86.54 91.60 92.61 
0 0 0 16.06 0.00000000 0.00000000 0.00 0.00 0.00 -0.10 0.27 0.85 0.09 1.24 -0.05 84.57 105.36 89.40 
0 0 0 16.16 0.00000000 0.00000000 0.00 0.00 0.00 -0.07 0.44 -0.51 0.03 0.72 -0.09 86.18 115.25 88.88 
0 0 0 16.26 0.00000000 0.00000000 0.00 0.00 0.00 -0.02 0.50 1.18 -0.06 0.41 0.04 87.12 118.55 90.50 
0 0 0 16.36 0.00000000 0.00000000 0.00 0.00 0.00 -0.05 0.45 0.30 -0.18 0.14 0.08 86.28 115.85 90.94 
0 0 0 16.47 0.00000000 0.00000000 0.00 0.00 0.00 -0.11 0.38 0.30 -0.10 -0.00 0.04 84.62 112.69 90.54 
0 0 0 16.57 0.00000000 0.00000000 0.00 0.00 0.00 -0.13 0.38 0.32 0.04 0.07 0.07 83.61 111.68 90.85 
0 0 0 16.67 0.00000000 0.00000000 0.00 0.00 0.00 -0.12 0.37 0.24 0.07 0.11 0.03 83.67 110.37 90.47 
0 0 0 16.77 0.00000000 0.00000000 0.00 0.00 0.00 -0.11 0.40 0.38 -0.00 0.10 -0.06 84.17 112.87 89.56 
0 0 0 16.87 0.00000000 0.00000000 0.00 0.00 0.00 -0.09 0.42 0.34 -0.02 0.01 -0.03 86.14 114.06 89.62 
0 0 0 16.97 0.00000000 0.00000000 0.00 0.00 0.00 0.01 0.54 1.58 0.03 -0.01 0.02 88.20 120.70 90.28 
0 0 0 17.07 0.00000000 0.00000000 0.00 0.00 0.00 -0.09 0.45 0.57 0.02 0.01 0.03 85.80 116.06 90.41 
0 0 0 17.17 0.00000000 0.00000000 0.00 0.00 0.00 -0.10 0.39 0.33 -0.00 -0.00 0.01 83.97 112.28 90.16 
0 0 0 17.27 0.00000000 0.00000000 0.00 0.00 0.00 -0.05 0.45 0.44 -0.01 0.01 -0.02 85.55 115.51 89.81 
0 0 0 17.38 0.00000000 0.00000000 0.00 0.00 0.00 -0.06 0.43 0.33 -0.01 -0.03 -0.04 85.92 115.24 89.55 
0 0 0 17.48 0.00000000 0.00000000 0.00 0.00 0.00 -0.05 0.44 0.22 -0.00 -0.04 0.01 85.65 115.07 90.12 
0 0 0 17.58 0.00000000 0.00000000 0.00 0.00 0.00 -0.09 0.36 0.21 0.01 0.06 0.02 84.88 110.62 90.25 
0 0 0 17.68 0.00000000 0.00000000 0.00 0.00 0.00 -0.14 0.34 0.24 -0.00 -0.03 -0.04 82.62 109.33 89.53 
0 0 0 17.78 0.00000000 0.00000000 0.00 0.00 0.00 -0.09 0.44 0.56 -0.05 -0.20 -0.15 83.07 115.29 88.25 
0 0 0 17.88 0.00000000 0.00000000 0.00 0.00 0.00 -0.11 0.35 0.22 -0.05 -0.31 -0.04 85.40 114.52 89.25 
0 0 0 17.98 0.00000000 0.00000000 0.00 0.00 0.00 -0.12 0.36 0.23 0.08 0.11 0.09 84.39 110.66 91.06 
0 0 0 18.08 0.00000000 0.00000000 0.00 0.00 0.00 -0.10 0.39 0.39 0.11 0.21 0.07 85.04 112.49 90.84 
0 0 0 18.18 0.00000000 0.00000000 0.00 0.00 0.00 -0.10 0.38 0.34 0.05 0.09 -0.02 85.84 112.04 89.70 
0 0 0 18.28 0.00000000 0.00000000 0.00 0.00 0.00 -0.07 0.41 0.19 -0.05 -0.28 -0.03 85.99 113.28 89.64 
0 0 0 18.38 0.00000000 0.00000000 0.00 0.00 0.00 -0.08 0.32 0.31 -0.02 -1.55 -0.16 84.31 108.10 88.09 
0 0 0 18.48 0.00000000 0.00000000 0.00 0.00 0.00 -0.14 0.09 0.16 -0.09 -1.77 -0.35 82.06 95.30 85.75 
0 0 0 18.59 0.00000000 0.00000000 0.00 0.00 0.00 -0.12 -0.04 0.50 0.03 -1.55 -0.39 83.00 87.74 85.32 
0 0 0 18.69 0.00000000 0.00000000 0.00 0.00 0.00 -0.09 -0.10 1.80 0.19 -1.62 -0.39 83.54 84.37 85.26 
0 0 0 18.79 0.00000000 0.00000000 0.00 0.00 0.00 -0.05 -0.30 1.59 0.24 -1.15 -0.24 84.43 72.88 87.18 
0 0 0 18.89 0.00000000 0.00000000 0.00 0.00 0.00 -0.01 -0.57 0.24 0.19 -1.00 -0.03 88.26 57.61 89.68 
0 0 0 18.99 0.00000000 0.00000000 0.00 0.00 0.00 0.04 -0.79 -0.35 0.09 -0.59 0.07 87.10 45.02 90.87 
0 0 0 19.09 0.00000000 0.00000000 0.00 0.00 0.00 -0.09 -0.62 1.02 0.00 -0.29 0.07 83.48 54.21 90.83 
0 0 0 19.19 0.00000000 0.00000000 0.00 0.00 0.00 -0.02 -0.60 1.24 -0.05 0.10 -0.03 89.57 55.57 89.59 
0 0 0 19.29 0.00000000 0.00000000 0.00 0.00 0.00 -0.07 -0.60 1.33 -0.08 -0.23 -0.01 86.34 55.41 89.93 
0 0 0 19.39 0.00000000 0.00000000 0.00 0.00 0.00 -0.11 -0.58 1.60 -0.07 -0.16 -0.02 84.98 58.46 89.60 
0 0 0 19.49 0.00000000 0.00000000 0.00 0.00 0.00 -0.01 -0.63 1.23 -0.02 0.05 0.04 86.63 53.78 90.44 
0 0 0 19.59 0.00000000 0.00000000 0.00 0.00 0.00 -0.12 -0.65 1.12 0.04 0.09 0.01 85.84 52.62 90.11 
0 0 0 19.69 0.00000000 0.00000000 0.00 0.00 0.00 -0.10 -0.59 1.54 0.04 0.23 0.01 84.53 56.13 90.17 
0 0 0 19.79 0.00000000 0.00000000 0.00 0.00 0.00 -0.06 -0.62 1.34 0.04 -0.01 -0.00 85.81 54.48 89.99 
0 0 0 19.90 0.00000000 0.00000000 0.00 0.00 0.00 -0.13 -0.63 1.36 -0.04 -0.07 -0.02 86.01 54.09 89.79 
0 0 0 20.03 0.00000000 0.00000000 0.00 0.00 0.00 -0.08 -0.68 0.80 -0.03 0.21 0.02 85.92 51.17 90.24 
0 0 0 20.17 0.00000000 0.00000000 0.00 0.00 0.00 -0.09 -0.59 1.44 0.11 1.42 0.20 85.67 56.00 92.41 
0 0 0 20.30 0.00000000 0.00000000 0.00 0.00 0.00 -0.06 -0.35 1.14 0.07 1.00 0.27 85.90 70.07 93.27 
0 0 0 20.44 0.00000000 0.00000000 0.00 0.00 0.00 -0.07 -0.30 0.30 0.13 1.15 0.22 85.97 72.67 92.69 
0 0 0 20.54 0.00000000 0.00000000 0.00 0.00 0.00 -0.06 -0.01 1.52 0.02 2.32 0.13 86.14 89.70 91.53 
0 0 0 20.64 0.00000000 0.00000000 0.00 0.00 0.00 -0.11 0.17 0.48 -0.01 1.77 0.07 82.41 99.85 90.78 
0 0 0 20.74 0.00000000 0.00000000 0.00 0.00 0.00 -0.11 0.30 0.50 -0.16 0.56 0.01 84.66 107.47 90.16 
0 0 0 20.84 0.00000000 0.00000000 0.00 0.00 0.00 -0.07 0.34 0.07 -0.22 0.61 -0.08 84.56 109.25 89.00 
0 0 0 20.94 0.00000000 0.00000000 0.00 0.00 0.00 -0.11 0.42 0.31 -0.08 0.31 -0.07 84.53 113.86 89.11 
0 0 0 21.04 0.00000000 0.00000000 0.00 0.00 0.00 -0.10 0.42 0.23 0.04 0.09 0.10 84.81 114.27 91.14 
0 0 0 21.14 0.00000000 0.00000000 0.00 0.00 0.00 -0.09 0.47 0.40 0.07 0.10 0.11 84.60 117.21 91.36 
0 0 0 21.24 0.00000000 0.00000000 0.00 0.00 0.00 -0.07 0.52 0.55 0.06 0.21 0.08 85.00 119.97 90.96 
0 0 0 21.34 0.00000000 0.00000000 0.00 0.00 0.00 -0.09 0.50 0.47 -0.02 0.15 0.03 83.66 118.89 90.40 
0 0 0 21.45 0.00000000 0.00000000 0.00 0.00 0.00 -0.07 0.45 0.08 -0.05 -0.24 -0.01 84.25 117.17 89.81 
0 0 0 21.55 0.00000000 0.00000000 0.00 0.00 0.00 -0.14 0.38 0.33 -0.19 -0.57 -0.22 81.79 111.87 87.40 
0 0 0 21.65 0.00000000 0.00000000 0.00 0.00 0.00 -0.25 0.25 0.21 -0.95 -1.34 -0.56 78.27 104.61 83.30 
0 0 0 21.75 0.00000000 0.00000000 0.00 0.00 0.00 -0.35 0.16 0.30 -1.38 -0.95 -0.63 72.60 101.05 82.16 
0 0 0 21.85 0.00000000 0.00000000 0.00 0.00 0.00 -0.44 0.05 0.22 -0.78 -0.15 -0.31 65.33 92.93 86.30 
0 0 0 21.95 0.00000000 0.00000000 0.00 0.00 0.00 -0.47 0.02 0.02 -0.49 -0.37 -0.12 64.88 91.39 88.51 
0 0 0 22.05 0.00000000 0.00000000 0.00 0.00 0.00 -0.51 0.01 -0.15 -0.33 -0.17 -0.10 61.70 90.44 88.75 
0 0 0 22.15 0.00000000 0.00000000 0.00 0.00 0.00 -0.55 0.03 0.37 -0.09 -0.05 -0.02 58.80 91.89 89.81 
0 0 0 22.26 0.00000000 0.00000000 0.00 0.00 0.00 -0.55 0.04 0.34 0.04 0.01 0.03 58.87 92.14 90.36 
0 0 0 22.36 0.00000000 0.00000000 0.00 0.00 0.00 -0.45 0.08 -1.89 0.17 0.01 0.04 60.65 94.61 90.51 
0 0 0 22.46 0.00000000 0.00000000 0.00 0.00 0.00 -0.42 0.04 -0.28 0.94 0.36 0.18 63.07 92.07 92.11 
0 0 0 22.56 0.00000000 0.00000000 0.00 0.00 0.00 -0.36 0.07 -0.10 1.79 0.43 0.28 67.36 94.01 93.34 
0 0 0 22.66 0.00000000 0.00000000 0.00 0.00 0.00 -0.15 0.11 0.30 1.89 0.18 0.24 76.18 96.22 92.82 
0 0 0 22.76 0.00000000 0.00000000 0.00 0.00 0.00 -0.12 0.12 0.61 1.61 0.05 0.12 81.63 96.62 91.45 
0 0 0 22.86 0.00000000 0.00000000 0.00 0.00 0.00 0.12 0.10 0.55 1.10 -0.34 -0.03 92.88 95.45 89.67 
0 0 0 22.96 0.00000000 0.00000000 0.00 0.00 0.00 0.25 0.13 0.80 0.74 -0.24 -0.07 101.12 97.17 89.21 
0 0 0 23.06 0.00000000 0.00000000 0.00 0.00 0.00 0.25 0.14 1.03 0.51 0.29 0.05 106.88 98.11 90.55 
0 0 0 23.16 0.00000000 0.00000000 0.00 0.00 0.00 0.36 0.11 0.66 0.20 0.21 0.07 110.67 96.17 90.81 
0 0 0 23.26 0.00000000 0.00000000 0.00 0.00 0.00 0.24 0.10 0.75 -0.02 0.09 0.09 109.75 95.91 91.09 
0 0 0 23.36 0.00000000 0.00000000 0.00 0.00 0.00 0.26 0.14 0.87 -0.21 -0.04 0.02 108.07 97.78 90.19 
0 0 0 23.46 0.00000000 0.00000000 0.00 0.00 0.00 0.34 0.14 0.75 -0.57 -0.14 -0.05 110.06 98.22 89.40 
0 0 0 23.56 0.00000000 0.00000000 0.00 0.00 0.00 0.23 0.13 0.74 -1.04 -0.19 -0.13 106.16 97.05 88.38 
0 0 0 23.67 0.00000000 0.00000000 0.00 0.00 0.00 0.07 0.14 0.88 -1.37 -0.36 -0.23 96.59 98.28 87.19 
0 0 0 23.77 0.00000000 0.00000000 0.00 0.00 0.00 -0.10 0.13 0.74 -1.44 0.10 -0.27 87.09 97.22 86.75 
0 0 0 23.87 0.00000000 0.00000000 0.00 0.00 0.00 -0.22 0.15 0.78 -1.51 -0.21 -0.28 79.25 98.38 86.69 
0 0 0 23.97 0.00000000 0.00000000 0.00 0.00 0.00 -0.35 0.08 0.32 -1.28 -0.39 -0.24 72.07 94.87 87.08 
0 0 0 24.07 0.00000000 0.00000000 0.00 0.00 0.00 -0.45 0.06 0.22 -0.88 -0.38 -0.13 66.42 93.40 88.39 
0 0 0 24.17 0.00000000 0.00000000 0.00 0.00 0.00 -0.50 0.02 -0.04 -0.62 -0.17 -0.03 62.88 91.25 89.60 
0 0 0 24.27 0.00000000 0.00000000 0.00 0.00 0.00 -0.56 -0.03 -0.11 -0.59 -0.30 -0.11 59.32 88.34 88.64 
0 0 0 24.37 0.00000000 0.00000000 0.00 0.00 0.00 -0.61 -0.04 -0.01 -0.47 -0.18 -0.14 55.11 87.89 88.35 
0 0 0 24.47 0.00000000 0.00000000 0.00 0.00 0.00 -0.71 -0.18 -0.08 0.01 -0.22 0.02 44.89 79.46 90.21 
0 0 0 24.57 0.00000000 0.00000000 0.00 0.00 0.00 -0.52 -0.05 -1.17 0.31 -0.78 0.02 56.78 86.92 90.19 
0 0 0 24.67 0.00000000 0.00000000 0.00 0.00 0.00 -0.53 -0.06 -0.44 0.98 0.12 -0.11 56.41 86.57 88.65 
0 0 0 24.77 0.00000000 0.00000000 0.00 0.00 0.00 -0.47 -0.16 -0.75 1.30 -0.33 -0.23 58.74 80.82 87.28 
0 0 0 24.88 0.00000000 0.00000000 0.00 0.00 0.00 -0.45 -0.43 0.07 1.09 -1.63 -0.42 62.33 65.87 85.14 
0 0 0 24.98 0.00000000 0.00000000 0.00 0.00 0.00 -0.34 -0.51 0.39 0.64 -1.45 -0.35 70.92 61.04 85.84 
0 0 0 25.08 0.00000000 0.00000000 0.00 0.00 0.00 -0.23 -0.45 1.37 0.17 -1.20 -0.18 76.04 64.02 87.87 
0 0 0 25.18 0.00000000 0.00000000 0.00 0.00 0.00 -0.35 -0.67 1.11 -0.23 -1.19 -0.13 75.59 51.41 88.33 
0 0 0 25.29 0.00000000 0.00000000 0.00 0.00 0.00 -0.39 -1.17 -0.10 -0.21 -0.50 -0.06 71.25 34.89 89.10 
0 0 0 25.39 0.00000000 0.00000000 0.00 0.00 0.00 -0.31 -0.97 -0.02 0.13 -0.20 0.06 71.05 36.71 90.82 
0 0 0 25.50 0.00000000 0.00000000 0.00 0.00 0.00 -0.42 -0.93 0.47 0.17 0.23 -0.01 65.71 30.83 89.89 
0 0 0 25.60 0.00000000 0.00000000 0.00 0.00 0.00 -0.26 -0.68 1.94 0.22 1.73 0.10 68.08 41.85 90.62 
0 0 0 25.70 0.00000000 0.00000000 0.00 0.00 0.00 -0.17 -0.42 2.14 0.57 2.18 0.25 77.23 65.67 92.99 
0 0 0 25.80 0.00000000 0.00000000 0.00 0.00 0.00 -0.15 -0.21 2.28 0.65 3.10 0.35 80.66 72.04 94.28 
0 0 0 25.90 0.00000000 0.00000000 0.00 0.00 0.00 -0.15 -0.07 0.82 0.43 2.83 0.30 81.20 86.09 93.58 
0 0 0 26.00 0.00000000 0.00000000 0.00 0.00 0.00 -0.12 0.16 0.98 0.34 2.19 0.03 84.31 99.16 90.40 
0 0 0 26.10 0.00000000 0.00000000 0.00 0.00 0.00 -0.02 0.40 0.41 0.08 1.55 -0.06 87.48 113.13 89.30 
0 0 0 26.20 0.00000000 0.00000000 0.00 0.00 0.00 0.10 0.55 0.03 -0.01 0.62 -0.13 92.76 121.79 88.49 
0 0 0 26.30 0.00000000 0.00000000 0.00 0.00 0.00 -0.02 0.47 -0.04 -0.01 -0.39 0.10 88.98 117.01 91.19 
0 0 0 26.40 0.00000000 0.00000000 0.00 0.00 0.00 -0.05 0.40 0.27 -0.05 -1.94 0.11 87.50 112.79 91.32 
0 0 0 26.51 0.00000000 0.00000000 0.00 0.00 0.00 0.01 0.40 0.07 -0.11 -0.50 -0.26 84.17 113.02 86.87 
0 0 0 26.61 0.00000000 0.00000000 0.00 0.00 0.00 -0.10 0.33 0.75 0.08 -0.29 -0.49 85.55 109.05 84.15 
0 0 0 26.71 0.00000000 0.00000000 0.00 0.00 0.00 0.08 0.44 -3.65 0.59 0.27 -0.23 89.45 115.13 87.25 
0 0 0 26.81 0.00000000 0.00000000 0.00 0.00 0.00 -0.89 -0.33 0.59 0.08 -2.41 -0.12 98.08 70.84 88.62 
0 0 0 26.91 0.00000000 0.00000000 0.00 0.00 0.00 -0.32 0.14 0.80 0.01 0.08 -0.12 84.96 97.92 88.55 
0 0 0 27.01 0.00000000 0.00000000 0.00 0.00 0.00 0.35 0.30 -2.31 0.26 -0.11 0.28 102.04 107.28 93.40 
0 0 0 27.11 0.00000000 0.00000000 0.00 0.00 0.00 0.02 0.05 0.14 -0.48 0.17 -0.04 100.85 93.01 89.53 
0 0 0 27.22 0.00000000 0.00000000 0.00 0.00 0.00 0.15 0.11 -0.14 0.08 -0.11 0.03 97.83 97.64 90.35 
0 0 0 27.32 0.00000000 0.00000000 0.00 0.00 0.00 -0.01 0.12 0.41 -0.01 -0.05 -0.00 93.80 97.03 89.98 
0 0 0 27.42 0.00000000 0.00000000 0.00 0.00 0.00 0.06 0.08 0.07 -0.36 0.14 -0.00 99.05 93.44 90.27 
0 0 0 27.52 0.00000000 0.00000000 0.00 0.00 0.00 0.09 0.31 1.48 0.16 -0.25 0.03 95.09 107.51 90.33 
0 0 0 27.62 0.00000000 0.00000000 0.00 0.00 0.00 -0.11 0.09 0.50 -0.70 0.07 0.22 107.64 87.42 91.76 
0 0 0 27.72 0.00000000 0.00000000 0.00 0.00 0.00 0.02 0.06 -0.03 -0.08 0.04 0.50 93.43 93.18 95.95 
0 0 0 27.82 0.00000000 0.00000000 0.00 0.00 0.00 -0.05 0.15 0.73 0.21 0.07 0.36 90.49 98.82 94.35 
0 0 0 27.92 0.00000000 0.00000000 0.00 0.00 0.00 0.21 -0.10 -0.59 -0.17 0.13 0.02 112.84 84.52 90.24 
0 0 0 28.02 0.00000000 0.00000000 0.00 0.00 0.00 -0.01 0.14 0.77 0.01 -0.05 -0.01 90.46 97.75 89.91 
0 0 0 28.12 0.00000000 0.00000000 0.00 0.00 0.00 0.23 0.06 -0.81 0.09 -0.09 0.01 104.69 93.38 90.16 
0 0 0 28.22 0.00000000 0.00000000 0.00 0.00 0.00 0.05 0.05 0.32 0.08 -0.08 0.01 95.35 92.85 90.14 
0 0 0 28.32 0.00000000 0.00000000 0.00 0.00 0.00 0.07 0.08 0.30 0.05 -0.03 0.01 92.60 94.56 90.08 
0 0 0 28.43 0.00000000 0.00000000 0.00 0.00 0.00 0.07 0.02 0.13 0.00 0.01 -0.00 94.00 91.32 89.99 
0 0 0 28.53 0.00000000 0.00000000 0.00 0.00 0.00 0.06 0.09 0.43 -0.03 0.03 -0.00 94.02 93.10 89.98 
0 0 0 28.63 0.00000000 0.00000000 0.00 0.00 0.00 0.06 0.08 0.37 -0.01 -0.00 -0.00 93.36 94.46 89.98 
0 0 0 28.73 0.00000000 0.00000000 0.00 0.00 0.00 0.05 0.09 0.39 0.03 -0.03 0.00 93.46 94.91 90.05 
0 0 0 28.84 0.00000000 0.00000000 0.00 0.00 0.00 0.05 0.07 0.34 0.03 -0.04 0.01 94.70 95.24 90.10 
0 0 0 28.94 0.00000000 0.00000000 0.00 0.00 0.00 0.05 0.07 0.36 0.02 -0.03 0.01 94.85 93.22 90.07 
0 0 0 29.04 0.00000000 0.00000000 0.00 0.00 0.00 0.05 0.05 0.30 -0.01 -0.01 0.00 94.78 93.29 90.06 
0 0 0 29.14 0.00000000 0.00000000 0.00 0.00 0.00 0.07 0.08 0.40 0.01 0.01 0.00 93.62 94.83 90.03 
0 0 0 29.25 0.00000000 0.00000000 0.00 0.00 0.00 0.09 0.06 0.13 0.02 0.02 0.00 93.54 93.59 90.04 
0 0 0 29.35 0.00000000 0.00000000 0.00 0.00 0.00 0.06 0.08 0.28 0.01 -0.01 -0.00 93.43 94.84 90.01 
0 0 0 29.45 0.00000000 0.00000000 0.00 0.00 0.00 0.07 0.09 0.42 0.02 -0.03 0.00 93.61 94.22 90.06 
0 0 0 29.56 0.00000000 0.00000000 0.00 0.00 0.00 0.06 0.08 0.36 0.01 -0.00 0.01 93.43 93.53 90.04 
0 0 0 29.66 0.00000000 0.00000000 0.00 0.00 0.00 0.04 0.06 0.36 -0.00 -0.02 0.01 93.07 93.20 90.05 
0 0 0 29.76 0.00000000 0.00000000 0.00 0.00 0.00 0.05 0.08 0.37 0.00 -0.00 0.00 93.97 93.63 90.07 
0 0 0 29.86 0.00000000 0.00000000 0.00 0.00 0.00 0.06 0.05 0.22 0.00 -0.00 0.00 92.97 93.00 90.01 
0 0 0 29.97 0.00000000 0.00000000 0.00 0.00 0.00 0.04 0.07 0.38 0.01 -0.02 0.00 92.76 94.40 90.08 
0 0 0 30.07 0.00000000 0.00000000 0.00 0.00 0.00 0.04 0.07 0.43 0.00 -0.00 0.00 93.41 93.19 90.01 
0 0 0 30.17 0.00000000 0.00000000 0.00 0.00 0.00 0.07 0.05 0.20 0.01 -0.02 0.01 94.41 93.04 90.07 
0 0 0 30.27 0.00000000 0.00000000 0.00 0.00 0.00 0.03 0.09 0.55 0.01 -0.02 0.01 93.69 95.35 90.07 
0 0 0 30.37 0.00000000 0.00000000 0.00 0.00 0.00 0.07 0.06 0.25 0.02 -0.04 0.01 93.71 93.54 90.12 
0 0 0 30.47 0.00000000 0.00000000 0.00 0.00 0.00 0.06 0.08 0.32 0.04 -0.03 0.02 94.16 94.60 90.19 
0 0 0 30.57 0.00000000 0.00000000 0.00 0.00 0.00 0.09 0.11 0.42 0.02 -0.01 0.01 94.48 96.24 90.06 
0 0 0 30.68 0.00000000 0.00000000 0.00 0.00 0.00 -0.16 0.11 0.77 -0.04 -0.03 0.02 78.01 96.03 90.23 
0 0 0 30.78 0.00000000 0.00000000 0.00 0.00 0.00 0.02 0.05 0.39 0.00 -0.02 0.00 90.98 92.75 90.01 
0 0 0 30.88 0.00000000 0.00000000 0.00 0.00 0.00 0.06 0.07 0.41 0.01 0.01 0.00 93.24 94.11 90.01 
0 0 0 30.99 0.00000000 0.00000000 0.00 0.00 0.00 0.06 0.08 0.42 0.01 0.01 -0.00 93.34 95.49 90.01 
0 0 0 31.09 0.00000000 0.00000000 0.00 0.00 0.00 0.05 0.08 0.43 0.02 -0.00 0.00 93.04 94.53 90.02 
0 0 0 31.19 0.00000000 0.00000000 0.00 0.00 0.00 0.07 0.07 0.28 0.02 -0.02 0.00 93.63 93.92 90.05 
0 0 0 31.29 0.00000000 0.00000000 0.00 0.00 0.00 0.07 0.07 0.26 0.01 -0.02 0.00 93.66 93.94 90.05 
0 0 0 31.39 0.00000000 0.00000000 0.00 0.00 0.00 0.07 0.06 0.27 0.01 -0.02 0.00 93.73 94.17 90.04 
0 0 0 31.50 0.00000000 0.00000000 0.00 0.00 0.00 0.06 0.08 0.38 0.01 -0.01 0.00 93.66 93.97 90.04 
0 0 0 31.60 0.00000000 0.00000000 0.00 0.00 0.00 0.08 0.07 0.26 0.01 -0.01 0.00 94.05 94.23 90.04 
0 0 0 31.70 0.00000000 0.00000000 0.00 0.00 0.00 0.06 0.07 0.35 0.00 -0.01 0.00 93.84 94.12 90.05 
0 0 0 31.80 0.00000000 0.00000000 0.00 0.00 0.00 0.07 0.07 0.31 0.01 -0.01 0.00 93.76 94.15 90.04 
0 0 0 31.90 0.00000000 0.00000000 0.00 0.00 0.00 0.07 0.07 0.35 0.02 -0.01 0.00 93.64 94.20 90.03 
0 0 0 32.00 0.00000000 0.00000000 0.00 0.00 0.00 0.06 0.08 0.43 0.02 -0.01 0.00 93.40 94.42 90.03 
0 0 0 32.10 0.00000000 0.00000000 0.00 0.00 0.00 0.06 0.08 0.38 0.01 -0.00 0.00 93.56 94.59 90.04 
0 0 0 32.20 0.00000000 0.00000000 0.00 0.00 0.00 0.06 0.07 0.36 0.02 -0.01 0.00 93.65 94.11 90.05 
0 0 0 32.30 0.00000000 0.00000000 0.00 0.00 0.00 0.08 0.07 0.28 0.02 -0.00 0.00 94.36 94.17 90.05 
0 0 0 32.40 0.00000000 0.00000000 0.00 0.00 0.00 0.07 0.07 0.37 0.01 -0.01 0.00 93.59 94.15 90.04 
0 0 0 32.50 0.00000000 0.00000000 0.00 0.00 0.00 0.07 0.08 0.38 0.01 -0.01 0.00 93.62 94.84 90.03 
0 0 0 32.61 0.00000000 0.00000000 0.00 0.00 0.00 0.05 0.07 0.36 0.02 -0.01 0.00 93.55 93.74 90.05 
0 0 0 32.71 0.00000000 0.00000000 0.00 0.00 0.00 0.06 0.08 0.37 0.01 -0.01 0.00 93.68 94.58 90.05 
0 0 0 32.81 0.00000000 0.00000000 0.00 0.00 0.00 0.07 0.07 0.31 0.01 -0.01 0.00 93.87 93.95 90.05 
0 0 0 32.91 0.00000000 0.00000000 0.00 0.00 0.00 0.07 0.07 0.33 0.01 -0.02 0.00 93.72 93.97 90.06 
0 0 0 33.01 0.00000000 0.00000000 0.00 0.00 0.00 0.06 0.07 0.35 0.01 -0.01 0.00 93.53 94.12 90.05 
0 0 0 33.11 0.00000000 0.00000000 0.00 0.00 0.00 0.06 0.07 0.39 0.02 -0.01 0.00 93.41 94.24 90.04 
0 0 0 33.21 0.00000000 0.00000000 0.00 0.00 0.00 0.06 0.07 0.36 0.01 -0.00 0.00 93.50 94.17 90.04 
0 0 0 33.31 0.00000000 0.00000000 0.00 0.00 0.00 0.07 0.08 0.35 0.01 -0.01 0.01 93.62 94.44 90.08 
0 0 0 33.41 0.00000000 0.00000000 0.00 0.00 0.00 0.06 0.07 0.36 0.01 -0.02 0.00 93.71 94.17 90.03 
0 0 0 33.51 0.00000000 0.00000000 0.00 0.00 0.00 0.07 0.08 0.35 0.01 -0.01 0.00 93.72 94.37 90.05 
0 0 0 33.61 0.00000000 0.00000000 0.00 0.00 0.00 0.06 0.07 0.35 0.02 -0.01 0.00 93.79 94.14 90.00 
0 0 0 33.71 0.00000000 0.00000000 0.00 0.00 0.00 0.06 0.08 0.41 0.00 -0.01 0.01 93.67 94.59 90.06 
0 0 0 33.81 0.00000000 0.00000000 0.00 0.00 0.00 0.06 0.07 0.32 0.01 -0.01 0.00 93.48 93.91 90.04 
0 0 0 33.91 0.00000000 0.00000000 0.00 0.00 0.00 0.07 0.08 0.33 0.01 -0.01 0.00 93.58 94.39 90.05 
0 0 0 34.02 0.00000000 0.00000000 0.00 0.00 0.00 0.06 0.08 0.41 0.01 -0.01 0.00 93.56 94.59 90.04 
0 0 0 34.12 0.00000000 0.00000000 0.00 0.00 0.00 0.07 0.07 0.34 0.02 -0.01 0.00 93.75 94.17 90.02 
0 0 0 34.22 0.00000000 0.00000000 0.00 0.00 0.00 0.07 0.07 0.34 0.01 -0.01 0.00 93.83 94.17 90.04 
0 0 0 34.32 0.00000000 0.00000000 0.00 0.00 0.00 0.07 0.07 0.26 0.02 -0.01 0.00 93.69 93.92 90.02 
0 0 0 34.42 0.00000000 0.00000000 0.00 0.00 0.00 0.09 0.08 0.30 0.04 0.00 0.00 93.99 94.55 90.03 
0 0 0 34.52 0.00000000 0.00000000 0.00 0.00 0.00 0.06 0.07 0.37 0.02 -0.01 0.00 93.55 93.92 90.04 
0 0 0 34.62 0.00000000 0.00000000 0.00 0.00 0.00 0.08 0.28 1.77 0.01 -0.00 -0.01 93.64 106.29 89.85 
0 0 0 34.72 0.00000000 0.00000000 0.00 0.00 0.00 0.13 -0.05 -0.27 0.03 -0.05 -0.48 96.62 87.12 84.22 
0 0 0 34.82 0.00000000 0.00000000 0.00 0.00 0.00 0.06 0.09 0.35 0.02 -0.06 -0.45 96.06 95.40 84.64 
0 0 0 34.92 0.00000000 0.00000000 0.00 0.00 0.00 0.12 0.05 -0.21 0.02 -0.05 -0.39 95.36 92.90 85.35 
0 0 0 35.02 0.00000000 0.00000000 0.00 0.00 0.00 0.06 0.08 0.08 0.01 -0.01 0.00 94.25 94.79 90.01 
0 0 0 35.12 0.00000000 0.00000000 0.00 0.00 0.00 0.05 0.08 0.10 0.01 -0.01 0.00 93.57 94.41 90.02 
0 0 0 35.22 0.00000000 0.00000000 0.00 0.00 0.00 0.06 0.07 0.06 0.01 -0.00 0.00 93.69 94.01 90.01 
0 0 0 35.32 0.00000000 0.00000000 0.00 0.00 0.00 0.06 0.06 0.07 0.01 -0.02 0.01 93.53 93.62 90.06 
0 0 0 35.42 0.00000000 0.00000000 0.00 0.00 0.00 0.08 0.08 0.01 0.03 -0.04 -0.00 93.44 94.62 90.00 
0 0 0 35.53 0.00000000 0.00000000 0.00 0.00 0.00 0.06 -0.02 -0.13 -0.01 -0.09 -0.63 90.38 88.59 82.46 
0 0 0 35.63 0.00000000 0.00000000 0.00 0.00 0.00 -0.03 0.14 0.46 0.03 -0.03 -0.76 92.33 98.13 80.89 
0 0 0 35.73 0.00000000 0.00000000 0.00 0.00 0.00 0.34 -0.10 -1.05 0.05 -0.06 -0.87 101.41 84.20 79.56 
0 0 0 35.83 0.00000000 0.00000000 0.00 0.00 0.00 0.10 0.13 -0.61 -0.10 0.28 -0.49 96.75 97.34 84.15 
0 0 0 35.93 0.00000000 0.00000000 0.00 0.00 0.00 0.03 0.09 -0.50 -0.55 -0.07 -0.31 96.08 94.95 86.24 
0 0 0 36.03 0.00000000 0.00000000 0.00 0.00 0.00 0.06 0.09 -0.78 -0.12 -0.15 -0.02 87.00 100.29 89.44 
0 0 0 36.13 0.00000000 0.00000000 0.00 0.00 0.00 -0.07 0.15 -0.35 -0.17 0.24 0.06 85.97 98.55 90.69 
0 0 0 36.23 0.00000000 0.00000000 0.00 0.00 0.00 -0.03 0.03 -0.56 0.22 -0.33 -0.02 87.70 91.87 89.71 
0 0 0 36.33 0.00000000 0.00000000 0.00 0.00 0.00 0.00 0.11 -0.52 0.60 0.44 -0.07 89.23 96.39 89.10 
0 0 0 36.43 0.00000000 0.00000000 0.00 0.00 0.00 0.10 0.18 -0.81 0.29 0.18 0.14 94.04 100.18 91.62 
0 0 0 36.53 0.00000000 0.00000000 0.00 0.00 0.00 0.04 0.08 -0.36 -0.08 -1.30 0.16 93.33 94.38 91.90 
0 0 0 36.67 0.00000000 0.00000000 0.00 0.00 0.00 0.01 -0.15 -0.25 -0.02 -1.57 0.08 92.66 81.69 90.94 
0 0 0 36.80 0.00000000 0.00000000 0.00 0.00 0.00 0.03 -0.27 -0.19 0.06 -1.16 0.21 92.48 74.61 92.53 
0 0 0 36.94 0.00000000 0.00000000 0.00 0.00 0.00 0.05 -0.46 -0.24 -0.01 -0.45 0.23 92.53 63.46 92.80 
0 0 0 37.07 0.00000000 0.00000000 0.00 0.00 0.00 -0.01 -0.51 0.09 -0.08 -0.83 0.20 91.70 60.63 92.37 
0 0 0 37.17 0.00000000 0.00000000 0.00 0.00 0.00 -0.04 -0.45 1.27 -0.13 -0.05 0.10 90.70 64.10 91.26 
0 0 0 37.27 0.00000000 0.00000000 0.00 0.00 0.00 -0.04 -0.53 0.53 -0.08 0.27 0.01 87.41 59.36 90.12 
0 0 0 37.37 0.00000000 0.00000000 0.00 0.00 0.00 -0.04 -0.51 0.68 -0.01 0.23 -0.01 87.44 60.74 89.82 
0 0 0 37.47 0.00000000 0.00000000 0.00 0.00 0.00 -0.05 -0.62 -0.04 0.01 0.08 0.00 87.25 54.63 90.05 
0 0 0 37.57 0.00000000 0.00000000 0.00 0.00 0.00 -0.05 -0.57 0.17 0.00 0.03 -0.00 87.30 57.40 89.96 
0 0 0 37.68 0.00000000 0.00000000 0.00 0.00 0.00 -0.04 -0.58 -0.01 0.03 0.15 0.00 87.58 56.85 90.04 
0 0 0 37.78 0.00000000 0.00000000 0.00 0.00 0.00 -0.06 -0.59 0.03 0.04 0.41 -0.01 87.46 56.08 89.84 
0 0 0 37.88 0.00000000 0.00000000 0.00 0.00 0.00 -0.01 -0.48 -0.26 -0.11 1.53 0.10 88.98 62.54 91.24 
0 0 0 37.98 0.00000000 0.00000000 0.00 0.00 0.00 -0.06 -0.20 0.78 -0.18 1.82 0.15 87.01 78.67 91.80 
0 0 0 38.08 0.00000000 0.00000000 0.00 0.00 0.00 -0.09 0.03 0.13 -0.18 2.12 0.06 85.43 91.44 90.67 
0 0 0 38.18 0.00000000 0.00000000 0.00 0.00 0.00 -0.07 0.16 -0.21 -0.14 1.91 -0.13 85.81 99.13 88.48 
0 0 0 38.28 0.00000000 0.00000000 0.00 0.00 0.00 -0.06 0.33 -0.57 -0.02 1.44 -0.25 84.08 108.63 87.06 
0 0 0 38.38 0.00000000 0.00000000 0.00 0.00 0.00 -0.15 0.37 -0.30 0.18 0.42 -0.19 84.83 111.42 87.73 
0 0 0 38.48 0.00000000 0.00000000 0.00 0.00 0.00 -0.09 0.58 -0.53 0.10 0.98 0.09 85.35 123.06 91.13 
0 0 0 38.58 0.00000000 0.00000000 0.00 0.00 0.00 -0.10 0.53 -0.48 -0.18 0.21 0.35 84.93 120.09 94.20 
0 0 0 38.68 0.00000000 0.00000000 0.00 0.00 0.00 -0.11 0.51 -0.42 0.02 0.04 0.08 84.56 119.22 90.91 
0 0 0 38.78 0.00000000 0.00000000 0.00 0.00 0.00 -0.10 0.53 -0.41 0.08 0.06 -0.08 84.44 120.33 89.04 
0 0 0 38.88 0.00000000 0.00000000 0.00 0.00 0.00 -0.12 0.57 -0.36 0.02 -0.09 -0.13 84.13 122.56 88.42 
0 0 0 38.98 0.00000000 0.00000000 0.00 0.00 0.00 -0.10 0.58 -0.45 0.03 0.04 -0.07 84.77 123.17 89.18 
0 0 0 39.08 0.00000000 0.00000000 0.00 0.00 0.00 -0.07 0.54 -0.55 0.08 0.01 0.05 85.55 121.01 90.62 
0 0 0 39.19 0.00000000 0.00000000 0.00 0.00 0.00 -0.08 0.55 -0.51 0.03 -0.01 0.06 85.56 121.72 90.66 
0 0 0 39.29 0.00000000 0.00000000 0.00 0.00 0.00 -0.08 0.54 -0.46 -0.03 -0.02 -0.02 85.37 120.96 89.74 
0 0 0 39.39 0.00000000 0.00000000 0.00 0.00 0.00 -0.07 0.54 -0.52 0.00 -0.00 -0.05 85.43 120.93 89.34 
0 0 0 39.49 0.00000000 0.00000000 0.00 0.00 0.00 -0.08 0.50 -0.52 -0.03 -0.34 -0.18 84.99 118.40 87.79 
0 0 0 39.59 0.00000000 0.00000000 0.00 0.00 0.00 -0.10 0.48 -0.49 -0.26 -1.41 -0.23 84.91 117.22 87.29 
0 0 0 39.69 0.00000000 0.00000000 0.00 0.00 0.00 -0.17 0.31 -0.49 -0.35 -1.34 -0.27 81.94 107.86 86.73 
0 0 0 39.79 0.00000000 0.00000000 0.00 0.00 0.00 -0.15 0.18 -0.68 -0.55 -0.80 -0.35 79.63 100.40 85.81 
0 0 0 39.89 0.00000000 0.00000000 0.00 0.00 0.00 -0.26 0.08 -0.69 -1.13 -0.38 -0.24 75.96 94.78 87.15 
0 0 0 39.99 0.00000000 0.00000000 0.00 0.00 0.00 -0.38 0.08 -0.59 -1.77 -0.74 -0.01 70.08 94.79 89.94 
0 0 0 40.09 0.00000000 0.00000000 0.00 0.00 0.00 -0.54 0.03 -0.85 -1.52 -0.63 -0.04 60.35 91.79 89.57 
0 0 0 40.19 0.00000000 0.00000000 0.00 0.00 0.00 -0.74 -0.02 -0.09 -0.70 -0.40 -0.10 53.88 88.82 88.70 
0 0 0 40.29 0.00000000 0.00000000 0.00 0.00 0.00 -0.77 0.03 -0.23 -0.30 -0.10 0.10 48.02 91.75 91.23 
0 0 0 40.39 0.00000000 0.00000000 0.00 0.00 0.00 -0.79 0.00 -0.23 -0.08 -0.10 0.16 45.98 90.22 91.96 
0 0 0 40.49 0.00000000 0.00000000 0.00 0.00 0.00 -0.79 -0.05 -0.41 -0.03 -0.04 0.12 44.32 87.34 91.44 
0 0 0 40.59 0.00000000 0.00000000 0.00 0.00 0.00 -0.76 -0.04 -0.52 0.12 -0.04 -0.04 44.83 87.82 89.49 
0 0 0 40.70 0.00000000 0.00000000 0.00 0.00 0.00 -0.68 0.01 -1.09 0.50 0.19 -0.11 47.94 90.67 88.72 
0 0 0 40.80 0.00000000 0.00000000 0.00 0.00 0.00 -0.68 0.01 -0.42 1.02 0.29 0.03 50.60 90.42 90.36 
0 0 0 40.90 0.00000000 0.00000000 0.00 0.00 0.00 -0.55 0.04 -0.84 1.38 0.29 0.00 56.25 92.03 90.03 
0 0 0 41.00 0.00000000 0.00000000 0.00 0.00 0.00 -0.43 -0.02 -0.47 1.58 -0.27 -0.12 62.41 89.07 88.61 
0 0 0 41.10 0.00000000 0.00000000 0.00 0.00 0.00 -0.28 0.04 -0.89 1.38 0.45 0.08 69.82 92.41 91.00 
0 0 0 41.20 0.00000000 0.00000000 0.00 0.00 0.00 -0.10 0.07 -0.76 1.04 0.38 0.04 79.40 94.26 90.50 
0 0 0 41.30 0.00000000 0.00000000 0.00 0.00 0.00 -0.03 0.09 -0.79 0.57 -0.04 -0.20 86.64 95.07 87.65 
0 0 0 41.40 0.00000000 0.00000000 0.00 0.00 0.00 -0.01 0.15 -0.65 0.13 -0.08 -0.13 89.69 98.61 88.47 
0 0 0 41.50 0.00000000 0.00000000 0.00 0.00 0.00 -0.06 0.13 -0.32 -0.18 -0.01 -0.12 88.19 97.36 88.54 
0 0 0 41.60 0.00000000 0.00000000 0.00 0.00 0.00 -0.12 -0.02 -0.36 -0.28 0.04 -0.34 82.83 88.63 85.88 
0 0 0 41.70 0.00000000 0.00000000 0.00 0.00 0.00 -0.10 0.06 -0.61 0.11 0.34 -0.52 82.69 93.15 83.74 
0 0 0 41.80 0.00000000 0.00000000 0.00 0.00 0.00 -0.05 0.19 -0.92 0.27 0.16 -0.21 84.96 100.67 87.50 
0 0 0 41.90 0.00000000 0.00000000 0.00 0.00 0.00 0.05 0.24 -1.18 0.26 0.47 0.02 90.06 103.66 90.27 
0 0 0 42.00 0.00000000 0.00000000 0.00 0.00 0.00 0.03 0.31 -1.25 -0.07 -0.05 0.80 91.75 107.93 99.64 
0 0 0 42.11 0.00000000 0.00000000 0.00 0.00 0.00 0.02 0.19 -0.77 -0.10 -0.28 1.78 89.27 101.05 111.31 
0 0 0 42.21 0.00000000 0.00000000 0.00 0.00 0.00 -0.09 0.09 -0.11 0.07 -0.24 1.79 87.63 94.98 111.45 
0 0 0 42.31 0.00000000 0.00000000 0.00 0.00 0.00 -0.11 0.05 0.34 0.12 -0.21 1.28 87.20 92.73 105.36 
0 0 0 42.41 0.00000000 0.00000000 0.00 0.00 0.00 -0.10 0.04 0.44 -0.10 -0.12 0.48 87.02 92.38 95.73 
0 0 0 42.51 0.00000000 0.00000000 0.00 0.00 0.00 -0.10 0.06 0.58 -0.22 -0.10 -0.02 85.52 93.63 89.72 
0 0 0 42.61 0.00000000 0.00000000 0.00 0.00 0.00 -0.09 0.03 0.36 -0.15 0.13 -0.27 84.42 91.98 86.82 
0 0 0 42.71 0.00000000 0.00000000 0.00 0.00 0.00 -0.13 0.03 0.34 0.08 -0.02 -1.22 83.68 91.45 75.34 
0 0 0 42.81 0.00000000 0.00000000 0.00 0.00 0.00 -0.09 -0.01 -0.10 -0.03 -0.26 -2.18 82.71 89.35 63.88 
0 0 0 42.91 0.00000000 0.00000000 0.00 0.00 0.00 -0.14 0.11 0.22 -0.31 0.00 -2.45 82.61 96.25 60.61 
0 0 0 43.01 0.00000000 0.00000000 0.00 0.00 0.00 -0.16 0.16 -0.77 -0.80 -0.03 -1.87 81.83 99.35 67.60 
0 0 0 43.11 0.00000000 0.00000000 0.00 0.00 0.00 -0.12 0.01 -1.10 -0.66 -0.85 -0.83 83.79 92.87 78.43 
0 0 0 43.21 0.00000000 0.00000000 0.00 0.00 0.00 -0.21 0.01 -1.19 0.11 0.18 0.25 80.87 90.62 92.09 
0 0 0 43.31 0.00000000 0.00000000 0.00 0.00 0.00 -0.18 0.04 -1.27 0.63 0.41 0.50 79.60 92.35 95.94 
0 0 0 43.42 0.00000000 0.00000000 0.00 0.00 0.00 -0.13 0.01 -1.09 0.41 0.13 0.34 81.83 91.13 94.43 
0 0 0 43.52 0.00000000 0.00000000 0.00 0.00 0.00 -0.11 -0.02 -0.82 0.00 -0.16 0.08 83.27 89.04 90.96 
0 0 0 43.62 0.00000000 0.00000000 0.00 0.00 0.00 -0.11 0.00 -0.86 -0.15 -0.18 -0.06 83.14 90.22 89.27 
0 0 0 43.72 0.00000000 0.00000000 0.00 0.00 0.00 -0.13 0.03 -0.92 -0.05 -0.17 -0.01 82.99 91.93 89.90 
0 0 0 43.82 0.00000000 0.00000000 0.00 0.00 0.00 -0.10 0.02 -1.06 0.12 -0.13 0.13 83.99 90.91 91.61 
0 0 0 43.92 0.00000000 0.00000000 0.00 0.00 0.00 -0.05 -0.01 -1.10 0.14 -0.23 0.57 85.34 89.29 96.86 
0 0 0 44.03 0.00000000 0.00000000 0.00 0.00 0.00 -0.13 -0.02 -0.75 0.17 0.41 1.14 83.38 88.96 103.62 
0 0 0 44.13 0.00000000 0.00000000 0.00 0.00 0.00 -0.15 0.05 -0.44 0.34 0.14 0.84 84.53 93.01 100.12 
0 0 0 44.23 0.00000000 0.00000000 0.00 0.00 0.00 -0.01 0.02 -0.77 0.34 0.01 0.23 86.85 92.16 93.28 
0 0 0 44.33 0.00000000 0.00000000 0.00 0.00 0.00 -0.25 0.07 0.27 -0.15 0.30 0.10 84.12 93.91 91.17 
0 0 0 44.43 0.00000000 0.00000000 0.00 0.00 0.00 -0.63 0.15 0.95 -0.32 -2.09 0.23 76.21 98.37 92.70 
0 0 0 44.53 0.00000000 0.00000000 0.00 0.00 0.00 -0.10 -0.03 -0.39 0.41 0.58 0.41 80.08 88.55 94.87 
0 0 0 44.63 0.00000000 0.00000000 0.00 0.00 0.00 -0.41 -0.21 0.20 0.29 -0.26 0.58 87.07 78.20 96.98 
0 0 0 44.73 0.00000000 0.00000000 0.00 0.00 0.00 0.13 0.09 -1.02 0.10 -0.02 0.40 97.61 95.06 94.86 
0 0 0 44.83 0.00000000 0.00000000 0.00 0.00 0.00 0.07 0.65 2.52 -0.01 -0.58 0.55 72.71 127.15 96.54 
0 0 0 44.93 0.00000000 0.00000000 0.00 0.00 0.00 -0.57 0.25 0.93 0.11 0.08 0.43 53.91 104.06 95.14 
0 0 0 45.03 0.00000000 0.00000000 0.00 0.00 0.00 0.25 0.08 -1.11 -0.04 0.04 -0.00 94.62 94.57 89.99 
0 0 0 45.13 0.00000000 0.00000000 0.00 0.00 0.00 0.03 0.13 0.12 0.00 0.06 -0.00 93.02 97.23 89.99 
0 0 0 45.23 0.00000000 0.00000000 0.00 0.00 0.00 0.00 0.07 0.07 0.04 -0.03 0.01 92.55 93.84 90.07 
0 0 0 45.34 0.00000000 0.00000000 0.00 0.00 0.00 0.10 0.05 -0.36 0.02 -0.01 0.00 93.86 92.76 90.07 
0 0 0 45.44 0.00000000 0.00000000 0.00 0.00 0.00 0.09 0.06 -0.31 -0.01 0.01 0.00 94.81 93.63 90.04 
0 0 0 45.54 0.00000000 0.00000000 0.00 0.00 0.00 0.06 0.09 -0.14 -0.00 0.02 0.00 93.98 94.97 90.01 
0 0 0 45.64 0.00000000 0.00000000 0.00 0.00 0.00 0.07 0.07 -0.19 0.03 -0.03 0.01 93.46 94.17 90.07 
0 0 0 45.74 0.00000000 0.00000000 0.00 0.00 0.00 0.06 0.07 -0.15 0.01 -0.00 0.00 93.58 94.22 90.03 
0 0 0 45.84 0.00000000 0.00000000 0.00 0.00 0.00 0.05 0.08 -0.12 0.01 0.00 0.00 93.66 94.83 90.02 
0 0 0 45.94 0.00000000 0.00000000 0.00 0.00 0.00 0.07 0.07 -0.20 0.02 -0.02 0.01 93.79 94.12 90.08 
0 0 0 46.04 0.00000000 0.00000000 0.00 0.00 0.00 0.06 0.08 -0.17 0.01 -0.02 0.01 93.85 94.32 90.06 
0 0 0 46.14 0.00000000 0.00000000 0.00 0.00 0.00 0.06 0.08 -0.15 0.01 0.00 0.01 93.74 94.39 90.06 
0 0 0 46.24 0.00000000 0.00000000 0.00 0.00 0.00 0.06 0.09 -0.10 0.02 -0.01 0.00 93.12 95.35 90.06 
0 0 0 46.34 0.00000000 0.00000000 0.00 0.00 0.00 0.07 0.06 -0.23 0.01 -0.00 0.00 93.00 93.51 90.04 
0 0 0 46.45 0.00000000 0.00000000 0.00 0.00 0.00 0.06 0.08 -0.18 0.01 0.00 0.00 93.50 94.42 90.05 
0 0 0 46.55 0.00000000 0.00000000 0.00 0.00 0.00 0.06 0.08 -0.18 0.01 -0.01 0.00 93.50 94.79 90.03 
0 0 0 46.65 0.00000000 0.00000000 0.00 0.00 0.00 0.07 0.06 -0.23 0.01 -0.01 0.00 93.84 93.70 90.05 
0 0 0 46.75 0.00000000 0.00000000 0.00 0.00 0.00 0.07 0.07 -0.20 0.01 -0.01 0.00 93.84 94.19 90.04 
0 0 0 46.85 0.00000000 0.00000000 0.00 0.00 0.00 0.06 0.08 -0.13 0.02 -0.00 0.00 93.55 94.41 90.03 
0 0 0 46.95 0.00000000 0.00000000 0.00 0.00 0.00 0.06 0.07 -0.18 0.01 -0.00 0.00 93.45 94.17 90.03 
0 0 0 47.05 0.00000000 0.00000000 0.00 0.00 0.00 0.07 0.07 -0.21 0.02 -0.01 0.00 93.64 93.94 90.04 
0 0 0 47.15 0.00000000 0.00000000 0.00 0.00 0.00 0.06 0.07 -0.15 0.02 -0.01 0.01 93.49 94.24 90.07 
0 0 0 47.25 0.00000000 0.00000000 0.00 0.00 0.00 0.07 0.07 -0.17 0.01 0.00 0.00 93.64 94.22 90.04 
0 0 0 47.35 0.00000000 0.00000000 0.00 0.00 0.00 0.07 0.06 -0.21 0.01 -0.02 0.01 93.66 94.42 90.05 
0 0 0 47.45 0.00000000 0.00000000 0.00 0.00 0.00 0.06 0.07 -0.17 0.02 -0.02 0.00 93.44 94.16 90.03 
0 0 0 47.56 0.00000000 0.00000000 0.00 0.00 0.00 0.07 0.08 -0.18 0.02 -0.00 0.00 93.59 94.66 90.05 
0 0 0 47.66 0.00000000 0.00000000 0.00 0.00 0.00 0.07 0.07 -0.20 0.01 -0.01 0.00 93.71 94.19 90.05 
0 0 0 47.76 0.00000000 0.00000000 0.00 0.00 0.00 0.06 0.08 -0.17 0.01 -0.00 0.00 93.63 94.61 90.04 
0 0 0 47.86 0.00000000 0.00000000 0.00 0.00 0.00 0.07 0.08 -0.18 0.01 -0.01 0.00 93.71 94.84 90.05 
0 0 0 47.96 0.00000000 0.00000000 0.00 0.00 0.00 0.06 0.07 -0.16 0.01 -0.02 0.00 93.68 93.92 90.05 
0 0 0 48.06 0.00000000 0.00000000 0.00 0.00 0.00 0.06 0.08 -0.16 0.02 -0.02 0.00 93.62 94.74 90.06 
0 0 0 48.16 0.00000000 0.00000000 0.00 0.00 0.00 0.07 0.08 -0.14 0.02 -0.01 0.00 93.71 94.84 90.02 
0 0 0 48.27 0.00000000 0.00000000 0.00 0.00 0.00 0.06 0.07 -0.21 0.01 -0.02 0.01 93.69 94.14 90.07 
0 0 0 48.37 0.00000000 0.00000000 0.00 0.00 0.00 0.06 0.07 -0.17 0.01 -0.01 0.00 93.83 94.36 90.02 
0 0 0 48.47 0.00000000 0.00000000 0.00 0.00 0.00 0.06 0.08 -0.13 0.02 -0.01 0.00 93.61 94.37 90.06 
0 0 0 48.57 0.00000000 0.00000000 0.00 0.00 0.00 0.06 0.08 -0.15 0.01 -0.01 0.00 93.58 94.39 90.05 
0 0 0 48.67 0.00000000 0.00000000 0.00 0.00 0.00 0.07 0.07 -0.20 0.01 -0.01 0.01 93.74 94.12 90.06 
0 0 0 48.77 0.00000000 0.00000000 0.00 0.00 0.00 0.05 0.07 -0.13 0.02 -0.02 0.01 93.66 94.13 90.06 
0 0 0 48.87 0.00000000 0.00000000 0.00 0.00 0.00 0.07 0.08 -0.18 0.01 -0.01 0.01 93.73 93.91 90.05 
0 0 0 48.97 0.00000000 0.00000000 0.00 0.00 0.00 0.07 0.07 -0.15 0.01 -0.01 0.01 93.76 94.39 90.05 
0 0 0 49.07 0.00000000 0.00000000 0.00 0.00 0.00 0.07 0.06 -0.22 0.01 -0.01 0.00 93.71 93.68 90.05 
0 0 0 49.17 0.00000000 0.00000000 0.00 0.00 0.00 0.06 0.07 -0.13 0.01 -0.01 0.01 93.60 94.19 90.07 
0 0 0 49.27 0.00000000 0.00000000 0.00 0.00 0.00 0.07 0.08 -0.14 0.01 -0.00 0.00 93.58 94.42 90.03 
0 0 0 49.37 0.00000000 0.00000000 0.00 0.00 0.00 0.06 0.07 -0.15 0.01 -0.02 0.00 93.53 93.91 90.02 
0 0 0 49.47 0.00000000 0.00000000 0.00 0.00 0.00 0.07 0.08 -0.16 0.02 -0.01 0.00 93.71 94.37 90.05 
0 0 0 49.57 0.00000000 0.00000000 0.00 0.00 0.00 0.06 0.08 -0.12 0.02 -0.00 0.00 93.53 94.65 90.04 
0 0 0 49.67 0.00000000 0.00000000 0.00 0.00 0.00 0.06 0.08 -0.13 0.01 -0.01 0.00 93.55 94.41 90.04 
0 0 0 49.78 0.00000000 0.00000000 0.00 0.00 0.00 0.07 0.07 -0.20 0.01 -0.01 0.00 93.59 94.17 90.06 
0 0 0 49.88 0.00000000 0.00000000 0.00 0.00 0.00 0.06 0.07 -0.18 0.02 -0.01 0.00 93.55 94.17 90.03 
0 0 0 49.98 0.00000000 0.00000000 0.00 0.00 0.00 0.06 0.07 -0.18 0.01 -0.01 0.00 93.58 93.92 90.03 
0 0 0 50.08 0.00000000 0.00000000 0.00 0.00 0.00 0.07 0.07 -0.19 0.01 -0.01 0.00 93.66 93.92 90.04 
0 0 0 50.18 0.00000000 0.00000000 0.00 0.00 0.00 0.06 0.08 -0.15 0.02 -0.00 0.00 93.62 94.36 90.04 
0 0 0 50.28 0.00000000 0.00000000 0.00 0.00 0.00 0.06 0.08 -0.16 0.02 -0.00 0.00 93.57 94.41 90.02 
0 0 0 50.38 0.00000000 0.00000000 0.00 0.00 0.00 0.06 0.07 -0.18 0.02 -0.01 0.00 93.60 94.20 90.05 
0 0 0 50.48 0.00000000 0.00000000 0.00 0.00 0.00 0.06 0.07 -0.16 0.01 -0.01 0.00 93.71 93.73 90.05 
0 0 0 50.58 0.00000000 0.00000000 0.00 0.00 0.00 0.06 0.07 -0.14 0.02 -0.01 0.00 93.67 94.17 90.04 
0 0 0 50.69 0.00000000 0.00000000 0.00 0.00 0.00 0.06 0.07 -0.18 0.00 -0.01 0.00 93.63 94.16 90.05 
0 0 0 50.79 0.00000000 0.00000000 0.00 0.00 0.00 0.07 0.07 -0.20 0.02 -0.01 0.00 93.51 93.94 90.03 
0 0 0 50.89 0.00000000 0.00000000 0.00 0.00 0.00 0.06 0.08 -0.12 0.01 -0.01 0.00 93.65 94.66 90.03 
0 0 0 50.99 0.00000000 0.00000000 0.00 0.00 0.00 0.06 0.08 -0.13 0.01 -0.01 0.00 93.44 94.43 90.03 
0 0 0 51.09 0.00000000 0.00000000 0.00 0.00 0.00 0.07 0.08 -0.19 0.01 -0.01 0.00 93.78 94.41 90.05 
0 0 0 51.19 0.00000000 0.00000000 0.00 0.00 0.00 0.06 0.07 -0.14 0.01 -0.01 0.01 93.73 94.19 90.06 
0 0 0 51.29 0.00000000 0.00000000 0.00 0.00 0.00 0.06 0.07 -0.20 0.01 -0.02 0.00 93.73 93.79 90.02 
0 0 0 51.39 0.00000000 0.00000000 0.00 0.00 0.00 0.06 0.08 -0.17 0.01 -0.02 0.00 93.72 94.34 90.05 
0 0 0 51.49 0.00000000 0.00000000 0.00 0.00 0.00 0.06 0.06 -0.23 0.02 -0.01 0.00 93.68 93.49 90.05 
0 0 0 51.59 0.00000000 0.00000000 0.00 0.00 0.00 0.07 0.07 -0.21 0.01 -0.01 0.00 93.80 94.15 90.00 
0 0 0 51.69 0.00000000 0.00000000 0.00 0.00 0.00 0.06 0.08 -0.13 0.01 -0.01 0.01 93.60 94.44 90.07 
0 0 0 51.79 0.00000000 0.00000000 0.00 0.00 0.00 0.06 0.07 -0.17 0.01 -0.01 0.00 93.62 94.17 90.05 
0 0 0 51.89 0.00000000 0.00000000 0.00 0.00 0.00 0.06 0.07 -0.19 0.01 -0.01 0.01 93.66 93.94 90.07 
0 0 0 51.99 0.00000000 0.00000000 0.00 0.00 0.00 0.07 0.07 -0.19 0.01 -0.01 0.01 93.65 93.97 90.07 
0 0 0 52.09 0.00000000 0.00000000 0.00 0.00 0.00 0.07 0.07 -0.18 0.02 -0.01 0.01 93.57 94.15 90.06 
0 0 0 52.20 0.00000000 0.00000000 0.00 0.00 0.00 0.07 0.08 -0.22 0.01 -0.01 0.01 93.61 94.39 90.08 
0 0 0 52.30 0.00000000 0.00000000 0.00 0.00 0.00 0.06 0.08 -0.14 0.01 -0.01 0.00 93.73 94.63 90.04 
0 0 0 52.40 0.00000000 0.00000000 0.00 0.00 0.00 0.07 0.07 -0.16 0.02 -0.01 0.00 93.80 94.15 90.02 
0 0 0 52.50 0.00000000 0.00000000 0.00 0.00 0.00 0.06 0.07 -0.15 0.01 -0.01 0.00 93.73 94.19 90.05 
0 0 0 52.60 0.00000000 0.00000000 0.00 0.00 0.00 0.07 0.07 -0.20 0.01 -0.01 0.00 93.80 94.15 90.03 
0 0 0 52.70 0.00000000 0.00000000 0.00 0.00 0.00 0.06 0.08 -0.15 0.01 -0.01 0.01 93.69 94.63 90.06 
0 0 0 52.80 0.00000000 0.00000000 0.00 0.00 0.00 0.07 0.07 -0.21 0.01 -0.02 0.01 93.65 93.94 90.07 
0 0 0 52.90 0.00000000 0.00000000 0.00 0.00 0.00 0.07 0.07 -0.20 0.01 -0.02 0.01 93.70 94.15 90.07 
0 0 0 53.00 0.00000000 0.00000000 0.00 0.00 0.00 0.06 0.07 -0.16 0.01 -0.01 0.00 93.33 94.41 90.04 
0 0 0 53.14 0.00000000 0.00000000 0.00 0.00 0.00 0.06 0.08 -0.15 0.01 -0.00 0.00 93.37 94.59 90.03 
0 0 0 53.27 0.00000000 0.00000000 0.00 0.00 0.00 0.07 0.07 -0.17 0.01 -0.01 0.00 93.46 94.15 90.05 
0 0 0 53.41 0.00000000 0.00000000 0.00 0.00 0.00 0.06 0.07 -0.16 0.01 -0.01 0.00 93.47 93.95 90.03 
0 0 0 53.54 0.00000000 0.00000000 0.00 0.00 0.00 0.06 0.07 -0.18 0.01 -0.01 0.00 93.53 93.92 90.04 
0 0 0 53.64 0.00000000 0.00000000 0.00 0.00 0.00 0.06 0.07 -0.17 0.01 -0.01 0.00 93.52 93.92 90.03 
0 0 0 53.74 0.00000000 0.00000000 0.00 0.00 0.00 0.06 0.08 -0.20 0.02 -0.01 0.00 93.68 94.36 90.04 
0 0 0 53.84 0.00000000 0.00000000 0.00 0.00 0.00 0.06 0.07 -0.16 0.02 -0.00 0.01 93.63 94.19 90.06 
0 0 0 53.95 0.00000000 0.00000000 0.00 0.00 0.00 0.06 0.08 -0.16 0.01 -0.01 0.00 93.61 94.83 90.04 
0 0 0 54.05 0.00000000 0.00000000 0.00 0.00 0.00 0.06 0.07 -0.17 0.01 -0.00 0.00 93.69 94.20 90.01 
0 0 0 54.15 0.00000000 0.00000000 0.00 0.00 0.00 0.06 0.07 -0.15 0.01 -0.01 0.00 93.58 94.17 90.02 
0 0 0 54.25 0.00000000 0.00000000 0.00 0.00 0.00 0.07 0.07 -0.19 0.02 -0.02 0.00 93.73 94.15 90.06 
0 0 0 54.35 0.00000000 0.00000000 0.00 0.00 0.00 0.06 0.06 -0.17 0.02 -0.01 0.00 93.63 93.68 90.05 
0 0 0 54.45 0.00000000 0.00000000 0.00 0.00 0.00 0.07 0.08 -0.20 0.02 -0.01 0.00 93.70 94.42 90.03 
0 0 0 54.55 0.00000000 0.00000000 0.00 0.00 0.00 0.06 0.07 -0.18 0.01 -0.01 0.00 93.53 93.98 90.06 
0 0 0 54.65 0.00000000 0.00000000 0.00 0.00 0.00 0.07 0.08 -0.20 0.01 -0.01 0.00 93.65 94.64 90.03 
0 0 0 54.75 0.00000000 0.00000000 0.00 0.00 0.00 0.07 0.07 -0.17 0.01 -0.01 0.00 93.72 94.15 90.05 
0 0 0 54.85 0.00000000 0.00000000 0.00 0.00 0.00 0.06 0.08 -0.16 0.01 -0.01 0.00 93.71 94.19 90.05 
0 0 0 54.95 0.00000000 0.00000000 0.00 0.00 0.00 0.07 0.08 -0.19 0.01 -0.01 0.00 93.69 94.19 90.03 
0 0 0 55.05 0.00000000 0.00000000 0.00 0.00 0.00 0.07 0.06 -0.21 0.01 -0.01 0.01 93.69 93.51 90.06 
0 0 0 55.15 0.00000000 0.00000000 0.00 0.00 0.00 0.06 0.08 -0.14 0.01 -0.01 0.00 93.58 94.41 90.03 
0 0 0 55.26 0.00000000 0.00000000 0.00 0.00 0.00 0.06 0.08 -0.13 0.01 -0.01 0.00 93.55 94.63 90.01 
0 0 0 55.36 0.00000000 0.00000000 0.00 0.00 0.00 0.07 0.08 -0.20 0.01 -0.01 0.00 93.77 94.42 90.05 
0 0 0 55.46 0.00000000 0.00000000 0.00 0.00 0.00 0.06 0.08 -0.13 0.01 -0.01 0.00 93.60 94.39 90.04 
0 0 0 55.56 0.00000000 0.00000000 0.00 0.00 0.00 0.07 0.07 -0.21 0.01 -0.01 0.00 93.69 93.73 90.05 
0 0 0 55.66 0.00000000 0.00000000 0.00 0.00 0.00 0.06 0.08 -0.15 0.02 -0.01 0.00 93.64 94.41 90.06 
0 0 0 55.76 0.00000000 0.00000000 0.00 0.00 0.00 0.06 0.08 -0.16 0.02 -0.01 0.00 93.57 94.34 90.04 
0 0 0 55.86 0.00000000 0.00000000 0.00 0.00 0.00 0.07 0.07 -0.26 0.01 -0.02 0.00 93.65 93.95 90.05 
0 0 0 55.96 0.00000000 0.00000000 0.00 0.00 0.00 0.06 0.08 -0.10 0.01 -0.01 0.00 93.54 94.65 90.04 
0 0 0 56.06 0.00000000 0.00000000 0.00 0.00 0.00 0.06 0.08 -0.16 0.01 -0.01 0.00 93.62 94.41 90.05 
0 0 0 56.16 0.00000000 0.00000000 0.00 0.00 0.00 0.07 0.07 -0.23 0.01 -0.01 0.00 93.73 93.98 90.03 
0 0 0 56.26 0.00000000 0.00000000 0.00 0.00 0.00 0.06 0.07 -0.17 0.01 -0.02 0.00 93.70 94.14 90.04 
0 0 0 56.36 0.00000000 0.00000000 0.00 0.00 0.00 0.05 0.08 -0.12 0.02 -0.01 0.00 93.56 94.38 90.03 
0 0 0 56.46 0.00000000 0.00000000 0.00 0.00 0.00 0.05 0.07 -0.14 0.01 -0.01 0.00 93.47 93.97 90.05 
0 0 0 56.56 0.00000000 0.00000000 0.00 0.00 0.00 0.07 0.07 -0.21 0.01 -0.01 0.00 93.85 93.94 90.04 
0 0 0 56.66 0.00000000 0.00000000 0.00 0.00 0.00 0.05 0.08 -0.11 0.02 -0.01 0.00 93.46 94.61 90.04 
0 0 0 56.77 0.00000000 0.00000000 0.00 0.00 0.00 0.07 0.07 -0.21 0.02 -0.00 0.00 93.81 94.20 90.03 
0 0 0 56.87 0.00000000 0.00000000 0.00 0.00 0.00 0.06 0.07 -0.17 0.00 -0.01 0.00 93.59 93.94 90.05 
0 0 0 56.97 0.00000000 0.00000000 0.00 0.00 0.00 0.06 0.07 -0.16 0.01 -0.02 0.00 93.56 93.73 90.04 
0 0 0 57.07 0.00000000 0.00000000 0.00 0.00 0.00 0.06 0.07 -0.13 0.01 -0.01 0.00 93.65 94.00 90.04 
0 0 0 57.17 0.00000000 0.00000000 0.00 0.00 0.00 0.07 0.07 -0.19 0.01 -0.01 0.00 93.69 93.98 90.01 
0 0 0 57.27 0.00000000 0.00000000 0.00 0.00 0.00 0.07 0.06 -0.20 0.01 -0.01 0.01 93.62 93.51 90.08 
0 0 0 57.37 0.00000000 0.00000000 0.00 0.00 0.00 0.06 0.07 -0.14 0.01 -0.01 0.00 93.62 93.94 90.05 
0 0 0 57.47 0.00000000 0.00000000 0.00 0.00 0.00 0.06 0.08 -0.12 0.01 -0.01 0.00 93.53 94.44 90.03 
0 0 0 57.57 0.00000000 0.00000000 0.00 0.00 0.00 0.07 0.08 -0.15 0.01 -0.01 0.00 93.63 94.59 90.03 
0 0 0 57.67 0.00000000 0.00000000 0.00 0.00 0.00 0.07 0.07 -0.20 0.01 -0.01 0.00 93.65 94.14 90.05 
0 0 0 57.77 0.00000000 0.00000000 0.00 0.00 0.00 0.06 0.07 -0.15 0.01 -0.01 0.00 93.69 93.92 90.05 
0 0 0 57.87 0.00000000 0.00000000 0.00 0.00 0.00 0.06 0.07 -0.18 0.01 -0.01 0.00 93.49 93.91 90.04 
0 0 0 57.97 0.00000000 0.00000000 0.00 0.00 0.00 0.07 0.07 -0.21 0.01 -0.01 0.00 93.66 94.20 90.03 
0 0 0 58.07 0.00000000 0.00000000 0.00 0.00 0.00 0.07 0.08 -0.16 0.02 -0.00 0.00 93.65 94.81 90.05 
0 0 0 58.17 0.00000000 0.00000000 0.00 0.00 0.00 0.06 0.07 -0.12 0.01 -0.01 0.00 93.51 94.16 90.05 
0 0 0 58.28 0.00000000 0.00000000 0.00 0.00 0.00 0.06 0.08 -0.17 0.01 -0.01 0.00 93.53 94.41 90.01 
0 0 0 58.38 0.00000000 0.00000000 0.00 0.00 0.00 0.07 0.07 -0.19 0.01 -0.01 0.00 93.69 93.95 90.05 
0 0 0 58.48 0.00000000 0.00000000 0.00 0.00 0.00 0.07 0.07 -0.16 0.01 -0.02 0.00 93.70 93.73 90.03 
0 0 0 58.58 0.00000000 0.00000000 0.00 0.00 0.00 0.07 0.07 -0.24 0.02 -0.01 0.00 93.80 94.18 90.05 
0 0 0 58.68 0.00000000 0.00000000 0.00 0.00 0.00 0.06 0.06 -0.21 0.01 -0.01 0.01 93.48 93.72 90.06 
0 0 0 58.78 0.00000000 0.00000000 0.00 0.00 0.00 0.07 0.07 -0.21 0.01 -0.01 0.01 93.72 93.98 90.07 
0 0 0 58.88 0.00000000 0.00000000 0.00 0.00 0.00 0.06 0.08 -0.17 0.01 -0.01 0.00 93.64 94.42 90.01 
0 0 0 58.98 0.00000000 0.00000000 0.00 0.00 0.00 0.06 0.07 -0.18 0.01 -0.01 0.00 93.46 93.98 90.02 
0 0 0 59.08 0.00000000 0.00000000 0.00 0.00 0.00 0.07 0.07 -0.20 0.02 -0.01 0.00 93.84 93.75 90.06 
0 0 0 59.18 0.00000000 0.00000000 0.00 0.00 0.00 0.06 0.07 -0.16 0.02 -0.01 0.00 93.58 93.97 90.03 
0 0 0 59.28 0.00000000 0.00000000 0.00 0.00 0.00 0.06 0.07 -0.19 0.01 -0.02 0.00 93.80 93.92 90.06 
0 0 0 59.38 0.00000000 0.00000000 0.00 0.00 0.00 0.07 0.07 -0.23 0.01 -0.01 0.00 93.72 94.18 90.05 
0 0 0 59.48 0.00000000 0.00000000 0.00 0.00 0.00 0.06 0.07 -0.17 0.02 -0.01 0.00 93.54 93.73 90.05 
0 0 0 59.58 0.00000000 0.00000000 0.00 0.00 0.00 0.06 0.07 -0.20 0.01 -0.01 0.00 93.72 93.97 90.01 
0 0 0 59.69 0.00000000 0.00000000 0.00 0.00 0.00 0.07 0.07 -0.20 0.01 -0.01 0.00 93.71 93.94 90.05 
0 0 0 59.79 0.00000000 0.00000000 0.00 0.00 0.00 0.07 0.07 -0.20 0.01 -0.02 0.00 93.82 93.97 90.06 
0 0 0 59.89 0.00000000 0.00000000 0.00 0.00 0.00 0.06 0.07 -0.19 0.01 -0.01 0.00 93.59 93.94 90.04 
0 0 0 59.99 0.00000000 0.00000000 0.00 0.00 0.00 0.06 0.07 -0.13 0.01 -0.01 0.00 93.43 94.17 90.04 
0 0 0 60.09 0.00000000 0.00000000 0.00 0.00 0.00 0.08 0.07 -0.26 0.02 -0.01 0.00 93.81 94.17 90.04 
0 0 0 60.19 0.00000000 0.00000000 0.00 0.00 0.00 0.07 0.08 -0.19 0.01 -0.01 0.00 93.80 94.41 90.04 
0 0 0 60.29 0.00000000 0.00000000 0.00 0.00 0.00 0.07 0.07 -0.21 0.01 -0.00 0.00 93.79 94.17 90.04 
0 0 0 60.39 0.00000000 0.00000000 0.00 0.00 0.00 0.07 0.07 -0.21 0.01 -0.01 0.00 93.69 93.91 90.04 
0 0 0 60.49 0.00000000 0.00000000 0.00 0.00 0.00 0.07 0.07 -0.18 0.01 -0.01 0.00 93.48 94.15 90.05 
0 0 0 60.59 0.00000000 0.00000000 0.00 0.00 0.00 0.06 0.08 -0.13 0.01 -0.01 0.00 93.56 94.39 90.04 
0 0 0 60.69 0.00000000 0.00000000 0.00 0.00 0.00 0.07 0.08 -0.16 0.01 -0.01 0.01 93.75 94.66 90.06 
0 0 0 60.79 0.00000000 0.00000000 0.00 0.00 0.00 0.07 0.07 -0.20 0.01 -0.01 0.00 93.66 93.73 90.05 
0 0 0 60.89 0.00000000 0.00000000 0.00 0.00 0.00 0.06 0.08 -0.16 0.01 -0.00 0.00 93.50 94.43 90.05 
0 0 0 60.99 0.00000000 0.00000000 0.00 0.00 0.00 0.07 0.08 -0.19 0.01 -0.01 0.00 93.62 94.42 90.04 
0 0 0 61.09 0.00000000 0.00000000 0.00 0.00 0.00 0.07 0.07 -0.23 0.01 -0.01 0.00 93.71 93.92 90.02 
0 0 0 61.20 0.00000000 0.00000000 0.00 0.00 0.00 0.06 0.07 -0.19 0.02 -0.01 0.00 93.62 94.14 90.05 
0 0 0 61.30 0.00000000 0.00000000 0.00 0.00 0.00 0.06 0.08 -0.15 0.02 -0.01 0.00 93.67 94.36 90.06 
0 0 0 61.40 0.00000000 0.00000000 0.00 0.00 0.00 0.06 0.07 -0.15 0.01 -0.01 0.00 93.69 94.17 90.02 
0 0 0 61.50 0.00000000 0.00000000 0.00 0.00 0.00 0.07 0.07 -0.21 0.01 -0.01 0.00 93.74 94.14 90.03 
0 0 0 61.60 0.00000000 0.00000000 0.00 0.00 0.00 0.07 0.07 -0.18 0.01 -0.01 0.01 93.78 94.17 90.08 
0 0 0 61.70 0.00000000 0.00000000 0.00 0.00 0.00 0.07 0.08 -0.14 0.01 -0.01 0.01 93.62 94.37 90.06 
0 0 0 61.80 0.00000000 0.00000000 0.00 0.00 0.00 0.06 0.07 -0.17 0.01 -0.01 0.00 93.64 94.20 90.04 
0 0 0 61.90 0.00000000 0.00000000 0.00 0.00 0.00 0.06 0.07 -0.19 0.01 -0.01 0.01 93.68 94.61 90.04 
0 0 0 62.00 0.00000000 0.00000000 0.00 0.00 0.00 0.06 0.08 -0.14 0.01 -0.00 0.00 93.63 94.66 90.04 
0 0 0 62.10 0.00000000 0.00000000 0.00 0.00 0.00 0.06 0.07 -0.17 0.01 -0.00 0.00 93.62 93.76 90.04 
0 0 0 62.20 0.00000000 0.00000000 0.00 0.00 0.00 0.07 0.07 -0.20 0.01 -0.02 0.00 93.78 94.14 90.04 
0 0 0 62.30 0.00000000 0.00000000 0.00 0.00 0.00 0.07 0.07 -0.19 0.01 -0.00 0.00 93.70 94.15 90.02 
0 0 0 62.40 0.00000000 0.00000000 0.00 0.00 0.00 0.06 0.08 -0.13 0.01 -0.01 0.00 93.60 94.81 90.04 
0 0 0 62.50 0.00000000 0.00000000 0.00 0.00 0.00 0.06 0.06 -0.18 0.01 -0.02 0.01 93.60 93.28 90.07 
0 0 0 62.61 0.00000000 0.00000000 0.00 0.00 0.00 0.07 0.06 -0.20 0.01 -0.01 0.00 93.81 93.68 90.03 
0 0 0 62.71 0.00000000 0.00000000 0.00 0.00 0.00 0.07 0.08 -0.16 0.02 -0.01 0.00 93.67 94.61 90.05 
0 0 0 62.81 0.00000000 0.00000000 0.00 0.00 0.00 0.06 0.09 -0.15 0.01 -0.01 0.00 93.72 95.10 90.04 
0 0 0 62.91 0.00000000 0.00000000 0.00 0.00 0.00 0.06 0.07 -0.19 0.01 -0.01 0.01 93.59 94.09 90.06 
0 0 0 63.01 0.00000000 0.00000000 0.00 0.00 0.00 0.06 0.07 -0.16 0.02 -0.00 0.00 93.67 93.76 90.05 
0 0 0 63.11 0.00000000 0.00000000 0.00 0.00 0.00 0.06 0.09 -0.13 0.01 -0.00 0.00 93.71 94.88 90.06 
0 0 0 63.21 0.00000000 0.00000000 0.00 0.00 0.00 0.07 0.06 -0.20 0.01 -0.01 0.00 93.59 93.72 90.06 
0 0 0 63.31 0.00000000 0.00000000 0.00 0.00 0.00 0.07 0.07 -0.18 0.02 -0.02 0.00 93.71 94.15 90.04 
0 0 0 63.41 0.00000000 0.00000000 0.00 0.00 0.00 0.07 0.07 -0.22 0.01 -0.00 0.00 93.68 94.17 90.04 
0 0 0 63.51 0.00000000 0.00000000 0.00 0.00 0.00 0.07 0.08 -0.17 0.01 -0.01 0.00 93.71 94.37 90.05 
0 0 0 63.61 0.00000000 0.00000000 0.00 0.00 0.00 0.06 0.07 -0.16 0.01 -0.01 0.00 93.62 94.14 90.04 
0 0 0 63.71 0.00000000 0.00000000 0.00 0.00 0.00 0.06 0.07 -0.14 0.01 -0.01 0.00 93.61 94.19 90.03 
0 0 0 63.81 0.00000000 0.00000000 0.00 0.00 0.00 0.07 0.08 -0.15 0.01 -0.01 0.00 93.76 94.42 90.04 
0 0 0 63.92 0.00000000 0.00000000 0.00 0.00 0.00 0.07 0.07 -0.21 0.01 -0.01 0.00 93.79 93.94 90.05 
0 0 0 64.02 0.00000000 0.00000000 0.00 0.00 0.00 0.07 0.07 -0.19 0.02 -0.01 0.00 93.82 93.95 90.03 
0 0 0 64.12 0.00000000 0.00000000 0.00 0.00 0.00 0.06 0.08 -0.13 0.02 -0.01 0.01 93.67 94.64 90.07 
0 0 0 64.22 0.00000000 0.00000000 0.00 0.00 0.00 0.06 0.07 -0.15 0.01 -0.01 0.00 93.59 93.92 90.04 
0 0 0 64.32 0.00000000 0.00000000 0.00 0.00 0.00 0.06 0.07 -0.16 0.01 -0.01 0.00 93.67 93.95 90.02 
0 0 0 64.42 0.00000000 0.00000000 0.00 0.00 0.00 0.07 0.07 -0.22 0.01 -0.01 0.00 93.68 93.75 90.05 
0 0 0 64.52 0.00000000 0.00000000 0.00 0.00 0.00 0.07 0.07 -0.21 0.01 -0.01 0.01 93.59 94.68 90.03 
0 0 0 64.63 0.00000000 0.00000000 0.00 0.00 0.00 0.06 0.07 -0.16 0.01 -0.01 0.01 93.59 93.46 90.06 
0 0 0 64.73 0.00000000 0.00000000 0.00 0.00 0.00 0.05 0.09 -0.13 0.01 -0.01 0.00 93.57 94.90 90.05 
0 0 0 64.83 0.00000000 0.00000000 0.00 0.00 0.00 0.07 0.08 -0.18 0.01 -0.01 0.00 93.68 94.36 90.03 
0 0 0 64.93 0.00000000 0.00000000 0.00 0.00 0.00 0.07 0.07 -0.19 0.02 -0.00 0.00 93.76 94.15 90.02 
0 0 0 65.03 0.00000000 0.00000000 0.00 0.00 0.00 0.07 0.08 -0.22 0.02 -0.01 0.00 93.88 93.97 90.04 
0 0 0 65.14 0.00000000 0.00000000 0.00 0.00 0.00 0.06 0.07 -0.18 0.01 -0.01 0.00 93.72 94.44 90.04 
0 0 0 65.24 0.00000000 0.00000000 0.00 0.00 0.00 0.07 0.07 -0.20 0.01 -0.02 0.00 93.62 94.12 90.02 
0 0 0 65.34 0.00000000 0.00000000 0.00 0.00 0.00 0.07 0.07 -0.19 0.01 -0.01 0.00 93.63 93.88 90.04 
0 0 0 65.44 0.00000000 0.00000000 0.00 0.00 0.00 0.06 0.08 -0.12 0.01 -0.01 0.00 93.53 94.63 90.04 
0 0 0 65.54 0.00000000 0.00000000 0.00 0.00 0.00 0.06 0.07 -0.17 0.01 -0.01 0.00 93.59 93.94 90.04 
0 0 0 65.65 0.00000000 0.00000000 0.00 0.00 0.00 0.07 0.07 -0.18 0.01 -0.01 0.01 93.75 94.61 90.04 
0 0 0 65.76 0.00000000 0.00000000 0.00 0.00 0.00 0.06 0.06 -0.19 0.01 -0.01 0.00 93.75 94.17 90.02 
0 0 0 65.86 0.00000000 0.00000000 0.00 0.00 0.00 0.06 0.07 -0.15 0.01 -0.02 0.00 93.79 93.95 90.02 
0 0 0 65.96 0.00000000 0.00000000 0.00 0.00 0.00 0.06 0.08 -0.15 0.01 -0.00 0.01 93.57 94.41 90.08 
0 0 0 66.06 0.00000000 0.00000000 0.00 0.00 0.00 0.06 0.07 -0.20 0.01 -0.01 0.00 93.64 93.95 90.03 
0 0 0 66.16 0.00000000 0.00000000 0.00 0.00 0.00 0.07 0.06 -0.21 0.01 -0.02 0.00 93.65 93.46 90.06 
0 0 0 66.26 0.00000000 0.00000000 0.00 0.00 0.00 0.07 0.08 -0.18 0.02 -0.01 0.00 93.61 94.41 90.04 
0 0 0 66.37 0.00000000 0.00000000 0.00 0.00 0.00 0.07 0.07 -0.21 0.02 -0.01 0.00 93.79 94.63 90.06 
0 0 0 66.47 0.00000000 0.00000000 0.00 0.00 0.00 0.06 0.06 -0.16 0.02 -0.01 0.00 93.63 93.71 90.04 
0 0 0 66.57 0.00000000 0.00000000 0.00 0.00 0.00 0.06 0.07 -0.16 0.01 -0.01 0.00 93.46 93.98 90.05 
0 0 0 66.67 0.00000000 0.00000000 0.00 0.00 0.00 0.06 0.07 -0.17 0.01 -0.01 0.00 93.67 94.42 90.05 
0 0 0 66.77 0.00000000 0.00000000 0.00 0.00 0.00 0.07 0.07 -0.19 0.01 -0.01 0.01 93.62 93.94 90.06 
0 0 0 66.88 0.00000000 0.00000000 0.00 0.00 0.00 0.06 0.07 -0.14 0.01 -0.01 0.00 93.63 94.14 90.02 
0 0 0 66.98 0.00000000 0.00000000 0.00 0.00 0.00 0.06 0.07 -0.16 0.01 -0.01 0.00 93.53 93.97 90.05 
0 0 0 67.08 0.00000000 0.00000000 0.00 0.00 0.00 0.06 0.07 -0.14 0.01 -0.01 0.00 93.54 94.16 90.02 
0 0 0 67.18 0.00000000 0.00000000 0.00 0.00 0.00 0.07 0.07 -0.19 0.01 -0.00 0.01 93.68 93.91 90.06 
0 0 0 67.28 0.00000000 0.00000000 0.00 0.00 0.00 0.06 0.08 -0.15 0.01 -0.01 0.00 93.64 94.41 90.03 
0 0 0 67.38 0.00000000 0.00000000 0.00 0.00 0.00 0.07 0.08 -0.19 0.01 -0.01 0.00 93.68 94.46 90.03 
0 0 0 67.48 0.00000000 0.00000000 0.00 0.00 0.00 0.07 0.08 -0.15 0.01 -0.01 0.00 93.79 94.39 90.05 
0 0 0 67.58 0.00000000 0.00000000 0.00 0.00 0.00 0.07 0.07 -0.18 0.02 -0.01 0.00 93.77 93.94 90.03 
0 0 0 67.68 0.00000000 0.00000000 0.00 0.00 0.00 0.06 0.08 -0.15 0.03 -0.01 0.00 93.67 94.39 90.04 
0 0 0 67.79 0.00000000 0.00000000 0.00 0.00 0.00 0.07 0.07 -0.22 0.01 -0.01 0.00 93.65 94.39 90.03 
0 0 0 67.89 0.00000000 0.00000000 0.00 0.00 0.00 0.06 0.07 -0.17 0.01 -0.01 0.00 93.66 94.24 90.05 
0 0 0 67.99 0.00000000 0.00000000 0.00 0.00 0.00 0.05 0.08 -0.13 0.01 -0.00 0.00 93.45 94.44 90.02 
0 0 0 68.09 0.00000000 0.00000000 0.00 0.00 0.00 0.07 0.07 -0.24 0.01 -0.01 0.00 93.70 94.17 90.05 
0 0 0 68.19 0.00000000 0.00000000 0.00 0.00 0.00 0.06 0.07 -0.18 0.01 -0.01 0.00 93.84 93.94 90.03 
0 0 0 68.29 0.00000000 0.00000000 0.00 0.00 0.00 0.06 0.07 -0.16 0.01 -0.01 0.00 93.83 94.20 90.06 
0 0 0 68.40 0.00000000 0.00000000 0.00 0.00 0.00 0.07 0.07 -0.19 0.01 -0.00 0.00 93.74 94.14 90.03 
0 0 0 68.50 0.00000000 0.00000000 0.00 0.00 0.00 0.07 0.07 -0.17 0.01 -0.01 0.00 93.77 93.75 90.05 
0 0 0 68.60 0.00000000 0.00000000 0.00 0.00 0.00 0.06 0.07 -0.21 0.02 -0.01 0.00 93.59 94.14 90.05 
0 0 0 68.70 0.00000000 0.00000000 0.00 0.00 0.00 0.06 0.07 -0.16 0.01 -0.01 0.00 93.54 93.92 90.04 
0 0 0 68.80 0.00000000 0.00000000 0.00 0.00 0.00 0.07 0.07 -0.22 0.01 -0.02 0.00 93.79 93.73 90.06 
0 0 0 68.90 0.00000000 0.00000000 0.00 0.00 0.00 0.06 0.08 -0.15 0.02 -0.01 0.01 93.69 94.34 90.06 
0 0 0 69.00 0.00000000 0.00000000 0.00 0.00 0.00 0.06 0.07 -0.18 0.01 -0.01 0.00 93.65 94.20 90.03 
0 0 0 69.10 0.00000000 0.00000000 0.00 0.00 0.00 0.07 0.07 -0.20 0.00 -0.01 0.00 93.73 93.94 90.04 
0 0 0 69.20 0.00000000 0.00000000 0.00 0.00 0.00 0.07 0.07 -0.17 0.02 -0.02 0.00 93.73 94.15 90.03 
0 0 0 69.30 0.00000000 0.00000000 0.00 0.00 0.00 0.07 0.07 -0.22 0.02 -0.01 0.00 93.67 94.01 90.02 
0 0 0 69.41 0.00000000 0.00000000 0.00 0.00 0.00 0.07 0.07 -0.17 0.01 -0.01 0.01 93.56 93.73 90.02 
0 0 0 69.51 0.00000000 0.00000000 0.00 0.00 0.00 0.07 0.07 -0.19 0.01 -0.02 0.00 93.60 94.37 90.03 
0 0 0 69.62 0.00000000 0.00000000 0.00 0.00 0.00 0.06 0.08 -0.16 0.01 -0.00 0.00 93.61 94.00 90.05 
0 0 0 69.72 0.00000000 0.00000000 0.00 0.00 0.00 0.06 0.06 -0.17 0.01 -0.01 0.00 93.65 94.44 90.03 
0 0 0 69.86 0.00000000 0.00000000 0.00 0.00 0.00 0.06 0.07 -0.15 0.01 -0.01 0.00 93.62 94.16 90.03 
0 0 0 69.99 0.00000000 0.00000000 0.00 0.00 0.00 0.07 0.07 -0.19 0.01 -0.01 0.00 93.70 93.92 90.03 
0 0 0 70.13 0.00000000 0.00000000 0.00 0.00 0.00 0.07 0.07 -0.20 0.01 -0.01 0.00 93.71 93.94 90.03 
0 0 0 70.26 0.00000000 0.00000000 0.00 0.00 0.00 0.06 0.08 -0.12 0.01 -0.01 0.00 93.61 94.43 90.03 
0 0 0 70.36 0.00000000 0.00000000 0.00 0.00 0.00 0.06 0.07 -0.16 0.02 -0.01 0.00 93.60 94.20 90.03 
0 0 0 70.47 0.00000000 0.00000000 0.00 0.00 0.00 0.06 0.07 -0.17 0.01 -0.01 0.00 93.70 94.19 90.00 
0 0 0 70.57 0.00000000 0.00000000 0.00 0.00 0.00 0.06 0.07 -0.14 0.01 -0.01 0.01 93.67 94.12 90.07 
0 0 0 70.67 0.00000000 0.00000000 0.00 0.00 0.00 0.07 0.07 -0.18 0.01 -0.01 0.00 93.69 94.17 90.03 
0 0 0 70.77 0.00000000 0.00000000 0.00 0.00 0.00 0.07 0.08 -0.21 0.02 -0.01 0.00 93.78 94.46 90.02 
0 0 0 70.87 0.00000000 0.00000000 0.00 0.00 0.00 0.06 0.06 -0.16 0.02 -0.01 0.00 93.60 93.71 90.03 
0 0 0 70.97 0.00000000 0.00000000 0.00 0.00 0.00 0.06 0.08 -0.15 0.02 -0.00 0.00 93.58 94.37 90.05 
0 0 0 71.07 0.00000000 0.00000000 0.00 0.00 0.00 0.06 0.08 -0.15 0.02 -0.00 0.00 93.54 94.41 90.04 
0 0 0 71.17 0.00000000 0.00000000 0.00 0.00 0.00 0.07 0.07 -0.19 0.01 -0.01 0.00 93.66 94.17 90.04 
0 0 0 71.27 0.00000000 0.00000000 0.00 0.00 0.00 0.06 0.07 -0.16 0.02 -0.01 0.00 93.63 93.92 90.06 
0 0 0 71.38 0.00000000 0.00000000 0.00 0.00 0.00 0.07 0.07 -0.16 0.01 -0.01 0.01 93.69 94.17 90.08 
0 0 0 71.48 0.00000000 0.00000000 0.00 0.00 0.00 0.06 0.08 -0.13 0.01 -0.01 0.00 93.62 94.41 90.02 
0 0 0 71.58 0.00000000 0.00000000 0.00 0.00 0.00 0.07 0.07 -0.22 0.01 -0.01 0.00 93.85 93.94 90.04 
0 0 0 71.68 0.00000000 0.00000000 0.00 0.00 0.00 0.07 0.07 -0.17 0.01 -0.01 0.00 93.70 93.97 90.06 
0 0 0 71.78 0.00000000 0.00000000 0.00 0.00 0.00 0.06 0.07 -0.16 0.01 -0.01 0.00 93.56 94.43 90.00 
0 0 0 71.88 0.00000000 0.00000000 0.00 0.00 0.00 0.07 0.07 -0.17 0.01 -0.02 0.01 93.67 94.15 90.07 
0 0 0 71.98 0.00000000 0.00000000 0.00 0.00 0.00 0.07 0.08 -0.18 0.01 -0.01 0.00 93.67 94.37 90.04 
0 0 0 72.09 0.00000000 0.00000000 0.00 0.00 0.00 0.07 0.07 -0.26 0.01 -0.01 0.00 93.49 94.41 90.06 
0 0 0 72.19 0.00000000 0.00000000 0.00 0.00 0.00 0.07 0.08 -0.13 0.01 -0.01 0.00 93.55 94.63 90.05 
0 0 0 72.29 0.00000000 0.00000000 0.00 0.00 0.00 0.07 0.07 -0.23 0.01 -0.01 0.00 93.66 93.97 90.04 
0 0 0 72.39 0.00000000 0.00000000 0.00 0.00 0.00 0.06 0.07 -0.17 0.01 0.00 0.00 93.64 94.19 90.05 
0 0 0 72.50 0.00000000 0.00000000 0.00 0.00 0.00 0.06 0.07 -0.20 0.01 -0.02 0.00 93.79 93.92 90.04 
0 0 0 72.60 0.00000000 0.00000000 0.00 0.00 0.00 0.08 0.06 -0.26 0.01 -0.01 0.00 93.84 93.23 90.05 
0 0 0 72.70 0.00000000 0.00000000 0.00 0.00 0.00 0.07 0.07 -0.18 0.02 -0.01 0.01 93.54 93.94 90.07 
0 0 0 72.80 0.00000000 0.00000000 0.00 0.00 0.00 0.06 0.08 -0.15 0.02 -0.00 0.00 93.37 94.79 90.02 
0 0 0 72.90 0.00000000 0.00000000 0.00 0.00 0.00 0.05 0.07 -0.13 0.00 -0.01 0.00 93.67 93.99 90.02 
0 0 0 73.00 0.00000000 0.00000000 0.00 0.00 0.00 0.06 0.08 -0.16 0.01 0.00 0.00 93.92 94.41 90.01 
0 0 0 73.10 0.00000000 0.00000000 0.00 0.00 0.00 0.08 0.08 -0.27 0.01 -0.02 0.01 93.95 94.82 90.06 
0 0 0 73.20 0.00000000 0.00000000 0.00 0.00 0.00 0.07 0.06 -0.23 0.01 -0.01 0.00 93.63 93.69 90.04 
0 0 0 73.30 0.00000000 0.00000000 0.00 0.00 0.00 0.06 0.07 -0.15 0.01 -0.02 0.00 93.58 93.95 90.03 
0 0 0 73.41 0.00000000 0.00000000 0.00 0.00 0.00 0.07 0.09 -0.19 0.02 -0.00 -0.00 93.51 94.17 90.05 
0 0 0 73.51 0.00000000 0.00000000 0.00 0.00 0.00 0.08 0.08 -0.22 0.01 -0.01 0.00 93.62 94.24 90.04 
0 0 0 73.61 0.00000000 0.00000000 0.00 0.00 0.00 0.06 0.07 -0.13 0.02 0.00 0.00 93.79 94.24 90.03 
0 0 0 73.71 0.00000000 0.00000000 0.00 0.00 0.00 0.07 0.04 -0.25 0.01 -0.01 0.00 95.06 96.17 90.04 
0 0 0 73.81 0.00000000 0.00000000 0.00 0.00 0.00 0.08 0.06 -0.21 0.01 -0.02 0.00 93.73 93.24 90.05 
0 0 0 73.92 0.00000000 0.00000000 0.00 0.00 0.00 0.07 0.09 -0.17 0.02 -0.00 0.00 93.55 92.70 90.04 
0 0 0 74.02 0.00000000 0.00000000 0.00 0.00 0.00 0.21 0.12 -1.04 0.02 0.02 0.00 68.54 97.09 90.02 
0 0 0 74.12 0.00000000 0.00000000 0.00 0.00 0.00 0.10 0.05 -0.36 0.01 -0.02 0.01 89.65 93.06 90.07 
0 0 0 74.22 0.00000000 0.00000000 0.00 0.00 0.00 0.07 0.04 -0.29 0.01 -0.02 0.00 93.30 95.42 89.97 
0 0 0 74.33 0.00000000 0.00000000 0.00 0.00 0.00 0.06 0.06 -0.16 0.01 -0.02 0.01 93.48 93.28 90.08 
0 0 0 74.43 0.00000000 0.00000000 0.00 0.00 0.00 0.08 0.08 -0.27 0.02 -0.01 0.00 93.51 94.61 90.06 
0 0 0 74.53 0.00000000 0.00000000 0.00 0.00 0.00 0.07 0.07 -0.17 0.01 -0.01 0.00 93.52 94.20 90.03 
0 0 0 74.63 0.00000000 0.00000000 0.00 0.00 0.00 0.07 0.08 -0.15 0.02 -0.00 0.01 93.72 94.84 90.06 
0 0 0 74.73 0.00000000 0.00000000 0.00 0.00 0.00 0.06 0.08 -0.18 0.00 -0.01 0.00 93.49 94.43 90.03 
0 0 0 74.83 0.00000000 0.00000000 0.00 0.00 0.00 0.06 0.08 -0.13 0.01 -0.01 0.00 93.69 94.64 90.05 
0 0 0 74.94 0.00000000 0.00000000 0.00 0.00 0.00 0.07 0.08 -0.20 0.01 -0.01 0.00 93.92 93.53 90.03 
0 0 0 75.04 0.00000000 0.00000000 0.00 0.00 0.00 0.07 0.07 -0.23 0.01 -0.01 0.00 94.02 94.15 90.04 
0 0 0 75.14 0.00000000 0.00000000 0.00 0.00 0.00 0.07 0.07 -0.24 0.01 -0.01 0.01 93.78 93.96 90.07 
0 0 0 75.24 0.00000000 0.00000000 0.00 0.00 0.00 0.06 0.08 -0.15 0.02 -0.02 0.00 93.52 94.85 90.05 
0 0 0 75.34 0.00000000 0.00000000 0.00 0.00 0.00 0.06 0.07 -0.14 0.01 -0.01 0.01 93.34 93.98 90.06 
0 0 0 75.44 0.00000000 0.00000000 0.00 0.00 0.00 0.06 0.07 -0.11 0.01 -0.01 0.00 93.75 94.17 90.04 
0 0 0 75.55 0.00000000 0.00000000 0.00 0.00 0.00 0.05 0.04 -0.15 0.01 -0.03 0.00 93.66 94.14 90.03 
0 0 0 75.65 0.00000000 0.00000000 0.00 0.00 0.00 0.06 0.08 -0.14 0.02 -0.01 0.01 93.74 94.32 90.08 
0 0 0 75.75 0.00000000 0.00000000 0.00 0.00 0.00 0.07 0.08 -0.25 0.01 -0.01 0.00 93.86 94.34 90.03 
0 0 0 75.85 0.00000000 0.00000000 0.00 0.00 0.00 0.07 0.08 -0.21 0.02 -0.01 0.01 93.77 94.41 90.07 
0 0 0 75.95 0.00000000 0.00000000 0.00 0.00 0.00 0.06 0.07 -0.15 0.01 -0.00 0.01 93.44 93.79 90.07 
0 0 0 76.06 0.00000000 0.00000000 0.00 0.00 0.00 0.06 0.09 -0.09 0.01 -0.01 0.00 93.68 94.87 90.05 
0 0 0 76.16 0.00000000 0.00000000 0.00 0.00 0.00 0.06 0.07 -0.14 0.01 -0.00 0.00 93.56 93.75 90.05 
0 0 0 76.26 0.00000000 0.00000000 0.00 0.00 0.00 0.06 0.06 -0.20 0.01 -0.02 0.01 93.81 93.56 90.06 
0 0 0 76.36 0.00000000 0.00000000 0.00 0.00 0.00 0.07 0.07 -0.23 0.01 -0.01 0.01 93.91 94.52 90.04 
0 0 0 76.46 0.00000000 0.00000000 0.00 0.00 0.00 0.07 0.08 -0.19 0.01 -0.01 0.01 93.84 94.41 90.07 
0 0 0 76.56 0.00000000 0.00000000 0.00 0.00 0.00 0.06 0.07 -0.14 0.02 -0.02 0.00 93.68 94.14 90.03 
0 0 0 76.66 0.00000000 0.00000000 0.00 0.00 0.00 0.06 0.08 -0.18 0.00 -0.01 0.00 93.64 94.36 90.05 
0 0 0 76.77 0.00000000 0.00000000 0.00 0.00 0.00 0.07 0.07 -0.51 0.01 -0.02 0.00 93.71 93.94 90.04 
0 0 0 76.87 0.00000000 0.00000000 0.00 0.00 0.00 0.06 0.07 -0.15 0.01 -0.01 0.00 93.49 94.20 90.05 
0 0 0 76.97 0.00000000 0.00000000 0.00 0.00 0.00 0.06 0.07 -0.15 0.01 -0.01 0.00 93.54 94.19 90.05 
0 0 0 77.07 0.00000000 0.00000000 0.00 0.00 0.00 0.07 0.08 -0.09 0.02 -0.01 0.00 93.64 94.81 90.04 
0 0 0 77.17 0.00000000 0.00000000 0.00 0.00 0.00 0.06 0.08 -0.12 0.01 -0.01 0.00 93.40 94.39 90.06 
0 0 0 77.27 0.00000000 0.00000000 0.00 0.00 0.00 0.06 0.07 -0.15 0.01 -0.01 0.00 93.63 93.75 90.04 
0 0 0 77.38 0.00000000 0.00000000 0.00 0.00 0.00 0.07 0.07 -0.22 0.01 -0.01 0.01 93.92 94.14 90.06 
0 0 0 77.48 0.00000000 0.00000000 0.00 0.00 0.00 0.06 0.06 -0.21 0.01 -0.01 0.00 93.75 93.69 90.05 
0 0 0 77.58 0.00000000 0.00000000 0.00 0.00 0.00 0.06 0.08 -0.08 0.02 -0.01 0.00 93.59 94.61 90.02 
0 0 0 77.68 0.00000000 0.00000000 0.00 0.00 0.00 0.06 0.08 -0.15 0.01 -0.01 0.00 93.70 93.71 90.06 
0 0 0 77.78 0.00000000 0.00000000 0.00 0.00 0.00 0.06 0.07 -0.20 0.01 -0.00 0.00 93.66 94.16 90.04 
0 0 0 77.88 0.00000000 0.00000000 0.00 0.00 0.00 0.06 0.09 -0.16 0.01 -0.02 0.00 93.41 94.88 90.05 
0 0 0 77.98 0.00000000 0.00000000 0.00 0.00 0.00 0.06 0.08 -0.12 0.01 -0.01 0.00 93.55 94.43 90.03 
0 0 0 78.08 0.00000000 0.00000000 0.00 0.00 0.00 0.05 0.07 -0.11 0.02 -0.01 0.00 93.50 94.16 90.05 
0 0 0 78.18 0.00000000 0.00000000 0.00 0.00 0.00 0.07 0.07 -0.18 0.01 -0.01 0.01 93.71 94.19 90.04 
0 0 0 78.28 0.00000000 0.00000000 0.00 0.00 0.00 0.06 0.07 -0.17 0.02 -0.01 0.00 93.59 94.14 90.04 
0 0 0 78.38 0.00000000 0.00000000 0.00 0.00 0.00 0.06 0.08 -0.18 0.01 -0.01 0.01 93.57 94.66 90.06 
0 0 0 78.48 0.00000000 0.00000000 0.00 0.00 0.00 0.07 0.08 -0.19 0.01 -0.00 0.00 93.79 94.63 90.01 
0 0 0 78.58 0.00000000 0.00000000 0.00 0.00 0.00 0.07 0.07 -0.18 0.01 -0.01 0.00 93.75 94.17 90.03 
0 0 0 78.69 0.00000000 0.00000000 0.00 0.00 0.00 0.06 0.07 -0.13 0.01 -0.01 0.01 93.51 94.14 90.07 
0 0 0 78.79 0.00000000 0.00000000 0.00 0.00 0.00 0.06 0.07 -0.15 0.01 -0.01 0.00 93.69 94.24 90.05 
0 0 0 78.89 0.00000000 0.00000000 0.00 0.00 0.00 0.06 0.08 -0.15 0.01 -0.01 0.00 93.56 94.61 90.04 
0 0 0 79.00 0.00000000 0.00000000 0.00 0.00 0.00 0.06 0.09 -0.16 0.00 -0.02 0.00 93.71 94.20 90.02 
0 0 0 79.10 0.00000000 0.00000000 0.00 0.00 0.00 0.07 0.07 -0.20 0.01 -0.01 0.00 93.76 93.95 90.03 
0 0 0 79.20 0.00000000 0.00000000 0.00 0.00 0.00 0.07 0.07 -0.15 0.01 -0.01 0.00 93.90 94.22 90.05 
0 0 0 79.30 0.00000000 0.00000000 0.00 0.00 0.00 0.08 0.07 -0.26 0.01 -0.02 0.00 93.79 94.12 90.05 
0 0 0 79.40 0.00000000 0.00000000 0.00 0.00 0.00 0.07 0.08 -0.22 0.01 -0.01 0.00 93.80 94.41 90.03 
0 0 0 79.50 0.00000000 0.00000000 0.00 0.00 0.00 0.06 0.08 -0.17 0.01 -0.01 0.00 93.59 94.41 90.03 
0 0 0 79.60 0.00000000 0.00000000 0.00 0.00 0.00 0.07 0.08 -0.16 0.01 -0.01 0.00 93.59 94.39 90.05 
0 0 0 79.70 0.00000000 0.00000000 0.00 0.00 0.00 0.06 0.07 -0.20 0.01 -0.01 0.00 93.56 94.19 90.03 
0 0 0 79.80 0.00000000 0.00000000 0.00 0.00 0.00 0.07 0.09 -0.21 0.02 -0.01 0.00 93.82 94.17 90.05 
0 0 0 79.90 0.00000000 0.00000000 0.00 0.00 0.00 0.06 0.07 -0.13 0.02 -0.00 0.00 93.52 94.14 90.01 
0 0 0 80.01 0.00000000 0.00000000 0.00 0.00 0.00 0.07 0.07 -0.19 0.01 -0.01 0.01 93.65 93.91 90.06 
0 0 0 80.11 0.00000000 0.00000000 0.00 0.00 0.00 0.06 0.08 -0.15 0.01 -0.01 0.00 93.62 94.43 90.06 
0 0 0 80.21 0.00000000 0.00000000 0.00 0.00 0.00 0.07 0.07 -0.20 0.01 -0.00 0.00 93.68 94.17 90.05 
0 0 0 80.31 0.00000000 0.00000000 0.00 0.00 0.00 0.07 0.06 -0.21 0.01 -0.01 0.01 93.92 93.53 90.06 
0 0 0 80.41 0.00000000 0.00000000 0.00 0.00 0.00 0.06 0.08 -0.14 0.01 -0.01 0.00 93.76 93.57 90.05 
0 0 0 80.51 0.00000000 0.00000000 0.00 0.00 0.00 0.07 0.07 -0.22 0.01 -0.00 0.00 93.73 93.95 90.03 
0 0 0 80.61 0.00000000 0.00000000 0.00 0.00 0.00 0.06 0.07 -0.17 0.01 -0.01 0.00 93.71 94.14 90.05 
0 0 0 80.72 0.00000000 0.00000000 0.00 0.00 0.00 0.06 0.06 -0.17 0.01 -0.01 0.00 93.57 93.71 90.05 
0 0 0 80.82 0.00000000 0.00000000 0.00 0.00 0.00 0.06 0.07 -0.13 0.01 -0.02 0.00 93.47 94.19 90.00 
0 0 0 80.92 0.00000000 0.00000000 0.00 0.00 0.00 0.07 0.07 -0.23 0.02 -0.01 0.00 93.84 94.86 90.06 
0 0 0 81.02 0.00000000 0.00000000 0.00 0.00 0.00 0.06 0.07 -0.17 0.01 -0.01 0.00 93.79 93.97 90.04 
0 0 0 81.12 0.00000000 0.00000000 0.00 0.00 0.00 0.06 0.08 -0.16 0.01 -0.01 0.00 93.61 94.61 90.05 
0 0 0 81.23 0.00000000 0.00000000 0.00 0.00 0.00 0.07 0.07 -0.18 0.01 -0.01 0.00 93.89 94.34 90.06 
0 0 0 81.33 0.00000000 0.00000000 0.00 0.00 0.00 0.06 0.07 -0.15 0.02 -0.01 0.00 93.63 94.11 90.05 
0 0 0 81.43 0.00000000 0.00000000 0.00 0.00 0.00 0.07 0.07 -0.20 0.01 -0.00 0.00 93.74 94.39 90.06 
0 0 0 81.54 0.00000000 0.00000000 0.00 0.00 0.00 0.07 0.08 -0.20 0.02 -0.01 0.00 93.83 94.37 90.02 
0 0 0 81.64 0.00000000 0.00000000 0.00 0.00 0.00 0.06 0.07 -0.15 0.01 -0.00 0.00 93.53 93.71 90.04 
0 0 0 81.75 0.00000000 0.00000000 0.00 0.00 0.00 0.08 0.06 -0.28 0.01 -0.02 0.00 93.40 95.10 90.03 
0 0 0 81.85 0.00000000 0.00000000 0.00 0.00 0.00 0.06 0.07 -0.17 0.01 -0.02 0.01 93.38 95.09 90.07 
0 0 0 81.95 0.00000000 0.00000000 0.00 0.00 0.00 0.04 0.08 0.00 0.01 -0.00 0.00 93.61 94.65 90.03 
0 0 0 82.05 0.00000000 0.00000000 0.00 0.00 0.00 0.07 0.09 -0.20 0.01 -0.01 0.00 93.84 94.93 90.01 
0 0 0 82.16 0.00000000 0.00000000 0.00 0.00 0.00 0.06 0.07 -0.16 0.01 -0.01 0.01 93.71 93.75 90.06 
0 0 0 82.26 0.00000000 0.00000000 0.00 0.00 0.00 0.04 0.09 -0.01 0.02 -0.02 0.00 93.41 95.34 90.04 
0 0 0 82.36 0.00000000 0.00000000 0.00 0.00 0.00 -0.56 -0.55 0.28 0.01 -0.01 0.00 84.71 58.43 90.06 
0 0 0 82.46 0.00000000 0.00000000 0.00 0.00 0.00 -0.06 0.17 0.61 0.04 -0.08 0.01 90.06 99.71 90.12 
0 0 0 82.56 0.00000000 0.00000000 0.00 0.00 0.00 0.06 0.05 -0.17 0.03 -0.09 0.01 93.29 92.80 90.14 
0 0 0 82.67 0.00000000 0.00000000 0.00 0.00 0.00 0.06 0.11 -0.07 -0.00 0.02 0.00 93.31 94.08 89.96 
0 0 0 82.77 0.00000000 0.00000000 0.00 0.00 0.00 0.06 0.05 -0.19 0.00 0.01 0.00 93.80 93.07 90.05 
0 0 0 82.87 0.00000000 0.00000000 0.00 0.00 0.00 0.08 0.07 -0.23 0.01 -0.03 0.00 94.62 93.96 90.05 
0 0 0 82.97 0.00000000 0.00000000 0.00 0.00 0.00 0.05 0.06 -0.16 0.01 -0.00 0.00 93.87 93.53 90.05 
0 0 0 83.07 0.00000000 0.00000000 0.00 0.00 0.00 0.07 0.04 -0.26 0.01 -0.03 0.01 94.37 92.42 90.08 
0 0 0 83.17 0.00000000 0.00000000 0.00 0.00 0.00 0.07 0.06 -0.22 0.01 -0.02 0.00 93.51 93.47 90.03 
0 0 0 83.27 0.00000000 0.00000000 0.00 0.00 0.00 0.06 0.09 -0.10 0.01 -0.00 0.00 93.50 95.28 90.01 
0 0 0 83.38 0.00000000 0.00000000 0.00 0.00 0.00 0.07 0.09 -0.17 0.01 -0.00 0.01 93.47 94.88 90.06 
0 0 0 83.48 0.00000000 0.00000000 0.00 0.00 0.00 0.03 0.05 -0.07 0.01 -0.00 0.00 93.53 93.91 90.02 
0 0 0 83.58 0.00000000 0.00000000 0.00 0.00 0.00 0.08 0.09 -0.20 0.02 -0.01 0.00 94.05 95.30 90.04 
0 0 0 83.68 0.00000000 0.00000000 0.00 0.00 0.00 0.06 0.07 -0.15 0.02 -0.01 0.00 93.44 93.73 90.06 
0 0 0 83.79 0.00000000 0.00000000 0.00 0.00 0.00 0.07 0.06 -0.16 0.01 -0.01 0.00 93.61 93.50 90.03 
0 0 0 83.89 0.00000000 0.00000000 0.00 0.00 0.00 0.07 0.09 -0.13 0.02 -0.01 0.00 93.48 95.08 90.04 
0 0 0 83.99 0.00000000 0.00000000 0.00 0.00 0.00 0.04 0.07 -0.07 0.01 -0.01 0.00 93.82 93.74 90.04 
0 0 0 84.09 0.00000000 0.00000000 0.00 0.00 0.00 0.07 0.08 -0.14 0.02 -0.01 0.00 94.00 94.68 90.00 
0 0 0 84.19 0.00000000 0.00000000 0.00 0.00 0.00 0.05 0.06 -0.11 0.01 -0.01 0.00 93.46 93.72 90.03 
0 0 0 84.29 0.00000000 0.00000000 0.00 0.00 0.00 0.06 0.08 -0.14 0.01 -0.02 0.00 93.82 94.17 90.03 
0 0 0 84.39 0.00000000 0.00000000 0.00 0.00 0.00 0.07 0.08 -0.18 0.01 -0.01 0.00 93.86 94.39 90.04 
0 0 0 84.50 0.00000000 0.00000000 0.00 0.00 0.00 0.05 0.07 -0.17 0.02 -0.01 0.00 93.34 93.94 90.04 
0 0 0 84.60 0.00000000 0.00000000 0.00 0.00 0.00 0.06 0.08 -0.16 0.01 -0.01 0.01 93.54 94.85 90.06 
0 0 0 84.70 0.00000000 0.00000000 0.00 0.00 0.00 0.06 0.08 -0.14 0.01 -0.01 0.00 93.53 94.79 90.04 
0 0 0 84.80 0.00000000 0.00000000 0.00 0.00 0.00 0.06 0.06 -0.18 0.02 -0.01 0.00 93.61 93.44 90.04 
0 0 0 84.90 0.00000000 0.00000000 0.00 0.00 0.00 0.07 0.08 -0.21 0.02 -0.01 0.00 93.79 94.55 90.02 
0 0 0 85.00 0.00000000 0.00000000 0.00 0.00 0.00 0.07 0.07 -0.19 0.01 -0.00 0.00 93.60 94.19 90.04 
0 0 0 85.10 0.00000000 0.00000000 0.00 0.00 0.00 0.07 0.07 -0.19 0.01 -0.01 0.00 93.65 94.19 90.05 
0 0 0 85.20 0.00000000 0.00000000 0.00 0.00 0.00 0.06 0.08 -0.17 0.01 -0.00 0.00 93.61 94.44 90.01 
0 0 0 85.30 0.00000000 0.00000000 0.00 0.00 0.00 0.05 0.07 -0.14 0.01 -0.00 0.00 93.56 93.95 90.04 
0 0 0 85.41 0.00000000 0.00000000 0.00 0.00 0.00 0.07 0.07 -0.17 0.02 -0.01 0.00 93.82 94.83 90.02 
0 0 0 85.51 0.00000000 0.00000000 0.00 0.00 0.00 0.07 0.07 -0.20 0.01 -0.02 0.00 93.52 93.95 90.04 
0 0 0 85.61 0.00000000 0.00000000 0.00 0.00 0.00 0.06 0.07 -0.15 0.02 -0.01 0.01 93.61 93.75 90.07 
0 0 0 85.71 0.00000000 0.00000000 0.00 0.00 0.00 0.06 0.09 -0.18 0.01 -0.01 0.00 93.63 94.88 90.02 
0 0 0 85.81 0.00000000 0.00000000 0.00 0.00 0.00 0.06 0.07 -0.18 0.01 -0.01 0.00 93.49 94.19 90.03 
0 0 0 85.92 0.00000000 0.00000000 0.00 0.00 0.00 0.07 0.07 -0.18 0.02 -0.01 0.00 93.72 94.25 90.04 
0 0 0 86.02 0.00000000 0.00000000 0.00 0.00 0.00 0.06 0.08 -0.16 0.01 -0.01 0.00 93.60 94.39 90.05 
0 0 0 86.12 0.00000000 0.00000000 0.00 0.00 0.00 0.06 0.07 -0.17 0.01 -0.01 0.00 93.53 93.28 90.04 
0 0 0 86.22 0.00000000 0.00000000 0.00 0.00 0.00 0.06 0.09 -0.16 0.01 -0.01 0.00 93.63 95.12 90.05 
0 0 0 86.32 0.00000000 0.00000000 0.00 0.00 0.00 0.07 0.08 -0.17 0.01 -0.01 0.00 93.44 94.41 90.04 
0 0 0 86.42 0.00000000 0.00000000 0.00 0.00 0.00 0.06 0.07 -0.19 0.01 -0.01 0.00 93.62 93.76 90.03 
0 0 0 86.53 0.00000000 0.00000000 0.00 0.00 0.00 0.08 0.07 -0.28 0.01 -0.01 0.00 93.78 94.32 90.01 
