0 0 0 2.54 0.00000000 0.00000000 0.00 0.00 0.00 0.05 0.03 0.13 0.18 0.17 0.11 93.95 90.70 91.29 
0 0 0 2.70 0.00000000 0.00000000 0.00 0.00 0.00 0.03 0.09 0.38 0.02 -0.07 0.07 91.46 94.98 90.85 
0 0 0 2.80 0.00000000 0.00000000 0.00 0.00 0.00 0.07 -0.04 -0.08 0.01 0.01 0.09 93.82 87.67 91.09 
0 0 0 2.91 0.00000000 0.00000000 0.00 0.00 0.00 0.01 0.06 0.33 0.51 0.18 0.07 90.36 93.27 90.86 
0 0 0 3.01 0.00000000 0.00000000 0.00 0.00 0.00 0.12 0.06 0.40 1.42 0.11 0.29 96.76 93.48 93.47 
0 0 0 3.11 0.00000000 0.00000000 0.00 0.00 0.00 0.32 -0.06 -0.12 1.53 0.12 0.32 108.11 86.40 93.79 
0 0 0 3.21 0.00000000 0.00000000 0.00 0.00 0.00 0.54 0.03 -0.02 0.81 0.15 0.13 120.68 91.66 91.54 
0 0 0 3.31 0.00000000 0.00000000 0.00 0.00 0.00 0.51 0.01 0.40 0.32 0.01 0.08 118.86 90.45 90.95 
0 0 0 3.41 0.00000000 0.00000000 0.00 0.00 0.00 0.50 0.04 0.49 -0.22 0.06 -0.07 118.76 92.17 89.20 
0 0 0 3.51 0.00000000 0.00000000 0.00 0.00 0.00 0.54 0.04 -0.05 -1.23 0.15 -0.20 120.95 92.24 87.58 
0 0 0 3.61 0.00000000 0.00000000 0.00 0.00 0.00 0.18 0.07 0.65 -2.26 -0.12 -0.30 100.33 94.01 86.37 
0 0 0 3.71 0.00000000 0.00000000 0.00 0.00 0.00 -0.07 0.09 0.60 -2.06 -0.59 0.05 85.73 95.38 90.61 
0 0 0 3.82 0.00000000 0.00000000 0.00 0.00 0.00 -0.26 0.00 0.63 -1.74 -0.53 0.02 75.13 90.00 90.29 
0 0 0 3.92 0.00000000 0.00000000 0.00 0.00 0.00 -0.34 -0.02 0.29 -1.29 -0.30 -0.12 70.81 88.97 88.60 
0 0 0 4.02 0.00000000 0.00000000 0.00 0.00 0.00 -0.36 -0.03 -0.62 -0.74 -0.16 -0.12 69.22 88.29 88.58 
0 0 0 4.12 0.00000000 0.00000000 0.00 0.00 0.00 -0.46 -0.05 0.10 -0.33 -0.14 -0.02 63.57 87.05 89.79 
0 0 0 4.22 0.00000000 0.00000000 0.00 0.00 0.00 -0.51 -0.09 0.09 -0.18 -0.05 -0.02 60.73 84.60 89.76 
0 0 0 4.32 0.00000000 0.00000000 0.00 0.00 0.00 -0.56 -0.07 0.60 -0.15 -0.04 -0.01 57.97 85.92 89.84 
0 0 0 4.42 0.00000000 0.00000000 0.00 0.00 0.00 -0.53 -0.05 0.02 -0.23 -0.00 0.00 59.80 87.12 90.02 
0 0 0 4.52 0.00000000 0.00000000 0.00 0.00 0.00 -0.53 -0.08 -0.11 -0.19 -0.01 0.04 59.98 85.67 90.46 
0 0 0 4.62 0.00000000 0.00000000 0.00 0.00 0.00 -0.54 -0.09 -0.17 0.06 -0.05 0.03 59.45 84.67 90.41 
0 0 0 4.72 0.00000000 0.00000000 0.00 0.00 0.00 -0.43 -0.02 -1.09 0.81 0.03 0.13 65.24 88.76 91.52 
0 0 0 4.82 0.00000000 0.00000000 0.00 0.00 0.00 -0.39 -0.06 -0.03 1.91 -0.24 0.23 67.60 86.37 92.72 
0 0 0 4.93 0.00000000 0.00000000 0.00 0.00 0.00 -0.24 -0.11 0.61 2.46 -0.06 0.19 76.04 83.46 92.29 
0 0 0 5.03 0.00000000 0.00000000 0.00 0.00 0.00 0.08 -0.11 -0.01 2.42 -0.04 0.08 94.45 83.68 90.94 
0 0 0 5.13 0.00000000 0.00000000 0.00 0.00 0.00 0.28 -0.10 0.70 1.88 0.12 0.07 105.93 84.30 90.90 
0 0 0 5.23 0.00000000 0.00000000 0.00 0.00 0.00 0.49 -0.07 0.40 1.05 0.11 0.07 117.67 85.95 90.84 
0 0 0 5.33 0.00000000 0.00000000 0.00 0.00 0.00 0.42 -0.10 0.79 0.29 0.09 -0.01 113.91 84.16 89.92 
0 0 0 5.43 0.00000000 0.00000000 0.00 0.00 0.00 0.44 -0.03 1.00 -0.05 0.13 -0.05 115.14 88.35 89.45 
0 0 0 5.53 0.00000000 0.00000000 0.00 0.00 0.00 0.47 -0.02 0.84 -0.22 0.08 -0.04 116.81 88.73 89.47 
0 0 0 5.63 0.00000000 0.00000000 0.00 0.00 0.00 0.45 -0.04 0.72 -0.35 -0.08 -0.12 115.90 87.66 88.59 
0 0 0 5.73 0.00000000 0.00000000 0.00 0.00 0.00 0.40 -0.04 0.73 -0.23 -0.12 -0.11 110.93 87.63 88.79 
0 0 0 5.83 0.00000000 0.00000000 0.00 0.00 0.00 0.42 -0.02 0.67 -0.06 0.02 -0.05 113.75 88.89 89.37 
0 0 0 5.93 0.00000000 0.00000000 0.00 0.00 0.00 0.42 -0.01 0.78 0.01 0.02 0.07 113.72 89.53 90.84 
0 0 0 6.03 0.00000000 0.00000000 0.00 0.00 0.00 0.41 -0.03 0.57 -0.16 -0.05 0.02 113.26 88.12 90.29 
0 0 0 6.14 0.00000000 0.00000000 0.00 0.00 0.00 0.26 -0.05 0.74 -0.72 0.04 -0.20 105.10 87.11 87.63 
0 0 0 6.24 0.00000000 0.00000000 0.00 0.00 0.00 0.20 0.02 0.70 -1.83 0.22 -0.38 101.34 90.90 85.46 
0 0 0 6.34 0.00000000 0.00000000 0.00 0.00 0.00 -0.01 0.08 0.96 -2.32 -0.14 -0.19 89.27 94.36 87.75 
0 0 0 6.44 0.00000000 0.00000000 0.00 0.00 0.00 -0.23 -0.04 0.43 -1.88 -0.31 0.11 76.84 87.70 91.37 
0 0 0 6.54 0.00000000 0.00000000 0.00 0.00 0.00 -0.33 0.03 0.80 -0.86 -0.10 -0.12 71.35 91.58 88.54 
0 0 0 6.64 0.00000000 0.00000000 0.00 0.00 0.00 -0.32 0.01 -0.11 0.47 0.04 0.01 71.53 90.41 90.08 
0 0 0 6.74 0.00000000 0.00000000 0.00 0.00 0.00 -0.24 0.09 1.50 1.17 0.09 0.23 76.26 92.54 92.39 
0 0 0 6.84 0.00000000 0.00000000 0.00 0.00 0.00 -0.17 -0.11 -0.12 0.98 0.53 0.03 80.38 83.48 90.36 
0 0 0 6.94 0.00000000 0.00000000 0.00 0.00 0.00 -0.20 -0.04 0.50 0.84 0.31 -0.30 78.75 87.77 86.43 
0 0 0 7.04 0.00000000 0.00000000 0.00 0.00 0.00 -0.01 -0.02 0.12 0.39 -0.14 -0.28 89.21 89.01 86.64 
0 0 0 7.15 0.00000000 0.00000000 0.00 0.00 0.00 0.18 0.00 -0.86 0.03 -0.17 -0.26 100.04 90.00 86.88 
0 0 0 7.25 0.00000000 0.00000000 0.00 0.00 0.00 -0.03 0.07 0.52 -0.11 0.08 -0.03 89.74 92.86 89.36 
0 0 0 7.39 0.00000000 0.00000000 0.00 0.00 0.00 0.05 -0.02 -0.31 -0.01 0.25 -0.06 93.05 88.58 89.25 
0 0 0 7.52 0.00000000 0.00000000 0.00 0.00 0.00 -0.05 0.02 0.25 0.10 -0.01 -0.09 86.90 91.19 88.97 
0 0 0 7.66 0.00000000 0.00000000 0.00 0.00 0.00 0.00 -0.02 -0.07 -0.05 0.00 0.03 90.00 89.09 90.40 
0 0 0 7.79 0.00000000 0.00000000 0.00 0.00 0.00 -0.01 0.01 -0.11 -0.14 -0.01 -0.14 89.36 90.42 88.32 
0 0 0 7.90 0.00000000 0.00000000 0.00 0.00 0.00 -0.05 0.03 0.06 -0.08 -0.10 -0.12 86.55 91.51 88.53 
0 0 0 8.00 0.00000000 0.00000000 0.00 0.00 0.00 -0.05 0.01 -0.08 0.02 -0.07 0.00 87.30 90.42 90.06 
0 0 0 8.10 0.00000000 0.00000000 0.00 0.00 0.00 0.01 -0.01 -0.26 -0.00 0.16 0.02 90.63 89.58 90.20 
0 0 0 8.20 0.00000000 0.00000000 0.00 0.00 0.00 -0.07 0.01 0.11 -0.06 -0.20 -0.04 85.74 90.85 89.53 
0 0 0 8.30 0.00000000 0.00000000 0.00 0.00 0.00 -0.02 -0.00 -0.27 -0.03 0.07 -0.11 84.41 87.89 88.60 
0 0 0 8.40 0.00000000 0.00000000 0.00 0.00 0.00 -0.11 0.03 0.27 -0.06 0.02 -0.03 84.01 91.85 89.66 
0 0 0 8.51 0.00000000 0.00000000 0.00 0.00 0.00 -0.04 0.03 -0.19 0.01 -0.14 -0.01 87.85 91.67 89.88 
0 0 0 8.61 0.00000000 0.00000000 0.00 0.00 0.00 -0.10 0.04 0.10 0.07 -0.06 0.04 84.38 92.20 90.46 
0 0 0 8.71 0.00000000 0.00000000 0.00 0.00 0.00 -0.03 0.01 -0.30 0.10 -0.07 0.00 88.43 90.67 90.02 
0 0 0 8.81 0.00000000 0.00000000 0.00 0.00 0.00 -0.03 0.00 -0.11 0.07 0.05 0.03 88.06 90.21 90.20 
0 0 0 8.91 0.00000000 0.00000000 0.00 0.00 0.00 -0.07 -0.01 0.15 -0.05 0.04 0.02 86.16 89.57 90.26 
0 0 0 9.01 0.00000000 0.00000000 0.00 0.00 0.00 -0.06 0.02 -0.05 -0.02 -0.06 -0.04 86.52 91.02 89.56 
0 0 0 9.12 0.00000000 0.00000000 0.00 0.00 0.00 -0.07 0.02 0.01 0.04 -0.04 0.00 88.60 89.40 89.90 
0 0 0 9.22 0.00000000 0.00000000 0.00 0.00 0.00 -0.04 0.00 -0.16 0.03 0.03 0.04 87.84 90.22 90.51 
0 0 0 9.32 0.00000000 0.00000000 0.00 0.00 0.00 -0.05 -0.02 -0.08 0.02 -0.06 0.00 87.23 88.93 90.01 
0 0 0 9.42 0.00000000 0.00000000 0.00 0.00 0.00 -0.06 -0.01 -0.06 -0.01 -0.01 -0.01 86.75 89.35 89.92 
0 0 0 9.52 0.00000000 0.00000000 0.00 0.00 0.00 -0.06 -0.03 -0.05 -0.00 -0.11 0.01 86.40 88.20 90.17 
0 0 0 9.62 0.00000000 0.00000000 0.00 0.00 0.00 -0.05 0.08 0.11 0.08 0.17 -0.12 85.88 93.13 88.71 
0 0 0 9.72 0.00000000 0.00000000 0.00 0.00 0.00 0.00 -0.14 -0.34 -0.00 -0.08 0.07 90.26 81.95 90.78 
0 0 0 9.82 0.00000000 0.00000000 0.00 0.00 0.00 1.10 0.00 -1.68 0.01 -0.19 -0.01 152.66 90.00 89.92 
0 0 0 9.93 0.00000000 0.00000000 0.00 0.00 0.00 -0.02 0.00 -0.25 0.01 -0.08 -0.03 90.23 92.50 89.63 
0 0 0 10.03 0.00000000 0.00000000 0.00 0.00 0.00 -0.03 -0.02 -0.20 0.03 0.03 0.06 85.26 86.35 90.61 
0 0 0 10.13 0.00000000 0.00000000 0.00 0.00 0.00 -0.07 -0.03 -0.03 0.05 0.00 0.02 86.22 88.49 90.27 
0 0 0 10.23 0.00000000 0.00000000 0.00 0.00 0.00 -0.04 -0.03 -0.13 0.01 -0.05 -0.00 87.68 88.52 89.97 
0 0 0 10.33 0.00000000 0.00000000 0.00 0.00 0.00 -0.03 -0.02 -0.10 0.10 -0.16 -0.03 88.25 88.90 89.66 
0 0 0 10.44 0.00000000 0.00000000 0.00 0.00 0.00 -0.05 -0.04 0.01 0.06 0.01 0.10 83.95 87.85 91.18 
0 0 0 10.54 0.00000000 0.00000000 0.00 0.00 0.00 0.01 -0.03 -0.24 0.03 0.08 -0.00 90.43 88.29 89.96 
0 0 0 10.64 0.00000000 0.00000000 0.00 0.00 0.00 0.10 0.12 -1.31 0.06 -0.17 -0.34 95.56 96.97 85.92 
0 0 0 10.74 0.00000000 0.00000000 0.00 0.00 0.00 -0.04 0.03 0.13 -0.42 -0.38 0.15 87.83 91.97 91.86 
0 0 0 10.84 0.00000000 0.00000000 0.00 0.00 0.00 0.06 -0.12 -0.88 -0.78 -0.29 0.27 93.51 83.29 93.25 
0 0 0 10.94 0.00000000 0.00000000 0.00 0.00 0.00 -0.17 -0.16 0.11 -0.97 0.03 0.21 80.30 81.07 92.50 
0 0 0 11.04 0.00000000 0.00000000 0.00 0.00 0.00 -0.43 -0.09 0.54 -1.53 0.22 0.08 63.30 80.81 90.97 
0 0 0 11.14 0.00000000 0.00000000 0.00 0.00 0.00 -0.73 -0.20 0.65 -1.48 0.16 0.05 48.58 78.33 90.61 
0 0 0 11.25 0.00000000 0.00000000 0.00 0.00 0.00 -0.44 -0.08 -0.78 -1.10 -0.20 0.02 61.60 82.61 90.17 
0 0 0 11.35 0.00000000 0.00000000 0.00 0.00 0.00 -0.63 -0.08 -0.33 -0.63 -0.01 0.02 54.93 82.34 90.29 
0 0 0 11.46 0.00000000 0.00000000 0.00 0.00 0.00 -0.71 -0.07 -0.04 -0.03 -0.01 0.01 49.66 86.21 90.10 
0 0 0 11.56 0.00000000 0.00000000 0.00 0.00 0.00 -0.73 -0.09 0.10 0.33 -0.03 0.03 46.57 84.56 90.30 
0 0 0 11.66 0.00000000 0.00000000 0.00 0.00 0.00 -0.70 -0.10 -0.10 0.10 0.12 0.02 49.88 84.58 90.19 
0 0 0 11.76 0.00000000 0.00000000 0.00 0.00 0.00 -0.74 -0.10 0.18 -0.06 -0.04 0.00 47.74 84.35 90.04 
0 0 0 11.86 0.00000000 0.00000000 0.00 0.00 0.00 -0.67 -0.10 -0.02 0.03 -0.04 -0.01 51.09 84.43 89.87 
0 0 0 11.97 0.00000000 0.00000000 0.00 0.00 0.00 -0.64 -0.07 -0.35 0.24 -0.05 -0.02 53.50 85.83 89.78 
0 0 0 12.07 0.00000000 0.00000000 0.00 0.00 0.00 -0.59 -0.06 -0.49 0.64 -0.22 0.03 56.14 86.48 90.33 
0 0 0 12.17 0.00000000 0.00000000 0.00 0.00 0.00 -0.61 -0.11 -0.13 1.01 -0.25 -0.00 55.29 83.55 89.99 
0 0 0 12.27 0.00000000 0.00000000 0.00 0.00 0.00 -0.48 -0.11 0.00 1.29 -0.09 -0.01 62.75 83.72 89.83 
0 0 0 12.37 0.00000000 0.00000000 0.00 0.00 0.00 -0.35 -0.09 -0.23 1.71 0.04 0.05 70.14 84.78 90.55 
0 0 0 12.47 0.00000000 0.00000000 0.00 0.00 0.00 -0.23 -0.12 0.59 1.94 0.15 0.05 76.84 83.40 90.54 
0 0 0 12.57 0.00000000 0.00000000 0.00 0.00 0.00 0.02 -0.06 -0.11 1.72 0.28 0.08 91.14 86.60 91.02 
0 0 0 12.67 0.00000000 0.00000000 0.00 0.00 0.00 0.16 -0.07 0.68 1.35 0.14 0.17 98.95 86.25 92.06 
0 0 0 12.77 0.00000000 0.00000000 0.00 0.00 0.00 0.40 -0.11 0.00 0.91 0.17 0.11 112.90 83.50 91.34 
0 0 0 12.87 0.00000000 0.00000000 0.00 0.00 0.00 0.37 -0.06 0.46 0.45 0.18 0.08 111.26 86.31 91.00 
0 0 0 12.97 0.00000000 0.00000000 0.00 0.00 0.00 0.41 -0.08 0.38 -0.02 -0.02 0.04 113.40 85.50 90.42 
0 0 0 13.07 0.00000000 0.00000000 0.00 0.00 0.00 0.34 -0.11 0.50 -0.58 -0.07 -0.09 113.32 83.89 89.20 
0 0 0 13.17 0.00000000 0.00000000 0.00 0.00 0.00 0.03 -0.05 0.80 -1.76 0.18 -0.29 94.53 88.23 86.70 
0 0 0 13.27 0.00000000 0.00000000 0.00 0.00 0.00 -0.08 -0.08 0.71 -2.19 -0.09 -0.26 85.17 85.46 86.94 
0 0 0 13.38 0.00000000 0.00000000 0.00 0.00 0.00 -0.22 -0.01 0.38 -2.10 -0.06 -0.13 77.33 89.53 88.50 
0 0 0 13.48 0.00000000 0.00000000 0.00 0.00 0.00 -0.43 -0.01 0.69 -1.62 0.25 0.05 65.72 89.24 90.58 
0 0 0 13.58 0.00000000 0.00000000 0.00 0.00 0.00 -0.53 0.01 0.19 -1.10 0.28 -0.03 59.99 90.84 89.64 
0 0 0 13.68 0.00000000 0.00000000 0.00 0.00 0.00 -0.57 0.06 -0.33 -0.64 0.23 -0.04 59.63 95.65 89.28 
0 0 0 13.78 0.00000000 0.00000000 0.00 0.00 0.00 -0.59 0.03 -0.42 -0.04 -0.03 0.02 56.48 91.47 90.27 
0 0 0 13.88 0.00000000 0.00000000 0.00 0.00 0.00 -0.57 0.05 -0.41 0.50 -0.21 0.06 57.64 92.57 90.74 
0 0 0 13.98 0.00000000 0.00000000 0.00 0.00 0.00 -0.53 0.02 -0.32 1.08 -0.56 0.05 59.60 90.86 90.63 
0 0 0 14.08 0.00000000 0.00000000 0.00 0.00 0.00 -0.46 -0.03 0.26 1.46 -0.55 0.04 63.76 88.56 90.53 
0 0 0 14.19 0.00000000 0.00000000 0.00 0.00 0.00 -0.27 -0.08 -0.34 1.93 -0.41 0.03 74.01 86.40 90.30 
0 0 0 14.29 0.00000000 0.00000000 0.00 0.00 0.00 -0.13 -0.12 0.63 1.99 -0.09 0.12 82.33 83.13 91.44 
0 0 0 14.39 0.00000000 0.00000000 0.00 0.00 0.00 0.05 -0.15 0.66 1.64 0.17 0.21 92.63 81.45 92.47 
0 0 0 14.49 0.00000000 0.00000000 0.00 0.00 0.00 0.26 -0.13 0.48 0.99 0.03 0.19 104.62 82.69 92.31 
0 0 0 14.59 0.00000000 0.00000000 0.00 0.00 0.00 0.29 -0.18 0.59 0.50 0.10 0.14 106.80 79.65 91.62 
0 0 0 14.69 0.00000000 0.00000000 0.00 0.00 0.00 0.34 -0.13 0.75 0.13 0.14 0.02 109.22 82.82 90.28 
0 0 0 14.79 0.00000000 0.00000000 0.00 0.00 0.00 0.31 -0.12 0.71 -0.13 0.04 -0.02 107.84 83.28 89.77 
0 0 0 14.89 0.00000000 0.00000000 0.00 0.00 0.00 0.36 -0.15 0.45 -0.39 0.03 -0.08 110.42 81.58 89.07 
0 0 0 14.99 0.00000000 0.00000000 0.00 0.00 0.00 0.34 -0.08 0.35 -0.51 0.07 -0.10 109.13 85.50 88.81 
0 0 0 15.09 0.00000000 0.00000000 0.00 0.00 0.00 0.24 -0.09 0.56 -0.30 -0.15 -0.03 102.54 87.60 89.56 
0 0 0 15.19 0.00000000 0.00000000 0.00 0.00 0.00 0.18 -0.13 0.54 -0.13 -0.01 0.03 100.25 82.72 90.36 
0 0 0 15.30 0.00000000 0.00000000 0.00 0.00 0.00 0.33 -0.08 -0.29 -0.01 -0.00 -0.00 108.81 85.52 89.95 
0 0 0 15.40 0.00000000 0.00000000 0.00 0.00 0.00 0.21 -0.09 0.50 -0.07 -0.04 0.04 101.85 85.07 90.47 
0 0 0 15.50 0.00000000 0.00000000 0.00 0.00 0.00 0.23 -0.06 0.39 -0.27 0.05 -0.00 97.25 84.91 89.96 
0 0 0 15.60 0.00000000 0.00000000 0.00 0.00 0.00 0.12 -0.03 0.74 -0.31 0.17 0.02 96.90 88.23 90.20 
0 0 0 15.70 0.00000000 0.00000000 0.00 0.00 0.00 0.13 -0.05 0.34 -0.23 0.07 0.07 97.34 87.12 90.89 
0 0 0 15.81 0.00000000 0.00000000 0.00 0.00 0.00 0.09 -0.03 0.58 -0.23 0.20 0.06 93.75 85.82 90.75 
0 0 0 15.91 0.00000000 0.00000000 0.00 0.00 0.00 0.01 0.00 0.65 -0.13 0.12 0.03 90.42 90.00 90.34 
0 0 0 16.01 0.00000000 0.00000000 0.00 0.00 0.00 0.18 -0.01 -0.36 -0.01 0.01 -0.04 100.00 89.45 89.49 
0 0 0 16.11 0.00000000 0.00000000 0.00 0.00 0.00 0.14 0.01 -0.25 -0.05 0.10 -0.06 98.23 90.77 89.28 
0 0 0 16.21 0.00000000 0.00000000 0.00 0.00 0.00 0.09 -0.01 0.14 -0.03 -0.04 0.05 94.90 89.51 90.55 
0 0 0 16.31 0.00000000 0.00000000 0.00 0.00 0.00 0.01 0.01 0.45 -0.11 0.12 -0.00 90.41 90.41 89.98 
0 0 0 16.41 0.00000000 0.00000000 0.00 0.00 0.00 0.02 0.01 0.27 -0.01 -0.11 -0.04 91.99 91.10 89.46 
0 0 0 16.51 0.00000000 0.00000000 0.00 0.00 0.00 -0.05 -0.02 0.44 0.03 -0.01 -0.02 87.16 88.78 89.76 
0 0 0 16.61 0.00000000 0.00000000 0.00 0.00 0.00 -0.02 0.01 0.40 0.02 -0.01 -0.03 88.79 90.61 89.69 
0 0 0 16.71 0.00000000 0.00000000 0.00 0.00 0.00 0.02 0.01 0.32 -0.01 -0.02 -0.01 91.12 90.45 89.87 
0 0 0 16.81 0.00000000 0.00000000 0.00 0.00 0.00 -0.01 0.00 0.32 -0.04 -0.05 -0.03 89.35 90.00 89.65 
0 0 0 16.92 0.00000000 0.00000000 0.00 0.00 0.00 0.02 0.00 0.22 -0.01 0.00 -0.02 90.66 90.22 89.78 
0 0 0 17.02 0.00000000 0.00000000 0.00 0.00 0.00 0.03 0.00 0.18 0.06 -0.03 0.01 91.53 91.10 90.11 
0 0 0 17.12 0.00000000 0.00000000 0.00 0.00 0.00 0.05 0.01 0.12 0.02 -0.02 -0.00 92.33 91.39 90.00 
0 0 0 17.22 0.00000000 0.00000000 0.00 0.00 0.00 0.01 -0.01 0.24 -0.03 -0.02 0.01 90.65 89.35 90.16 
0 0 0 17.32 0.00000000 0.00000000 0.00 0.00 0.00 -0.01 -0.00 0.41 -0.02 -0.04 0.00 89.15 89.79 90.03 
0 0 0 17.43 0.00000000 0.00000000 0.00 0.00 0.00 0.02 0.01 0.26 -0.02 -0.05 -0.02 91.15 90.69 89.80 
0 0 0 17.53 0.00000000 0.00000000 0.00 0.00 0.00 0.01 0.00 0.20 0.00 -0.01 -0.02 90.67 90.00 89.73 
0 0 0 17.63 0.00000000 0.00000000 0.00 0.00 0.00 0.02 0.00 0.16 -0.02 -0.06 -0.02 90.91 90.00 89.74 
0 0 0 17.73 0.00000000 0.00000000 0.00 0.00 0.00 0.03 -0.01 0.09 -0.07 0.07 -0.04 91.56 89.55 89.57 
0 0 0 17.83 0.00000000 0.00000000 0.00 0.00 0.00 -0.09 0.00 0.46 -0.04 0.01 -0.14 85.12 90.20 88.32 
0 0 0 17.93 0.00000000 0.00000000 0.00 0.00 0.00 -0.00 0.03 0.15 -0.11 -0.00 -0.34 89.81 91.69 85.88 
0 0 0 18.03 0.00000000 0.00000000 0.00 0.00 0.00 0.03 0.05 -0.13 -0.13 0.07 -0.32 91.86 92.91 86.16 
0 0 0 18.13 0.00000000 0.00000000 0.00 0.00 0.00 -0.01 0.05 0.06 -0.06 0.19 -0.11 89.56 92.61 88.72 
0 0 0 18.23 0.00000000 0.00000000 0.00 0.00 0.00 -0.10 0.06 0.27 0.04 -0.01 0.13 84.07 93.24 91.57 
0 0 0 18.33 0.00000000 0.00000000 0.00 0.00 0.00 -0.04 -0.01 0.03 0.15 -0.00 0.07 87.44 89.45 90.79 
0 0 0 18.43 0.00000000 0.00000000 0.00 0.00 0.00 -0.01 0.02 0.07 0.09 0.02 -0.02 89.35 90.87 89.78 
0 0 0 18.53 0.00000000 0.00000000 0.00 0.00 0.00 0.04 0.01 -0.17 -0.03 -0.01 0.02 92.03 90.45 90.19 
0 0 0 18.63 0.00000000 0.00000000 0.00 0.00 0.00 -0.05 0.01 0.33 -0.10 -0.06 0.04 86.91 90.66 90.52 
0 0 0 18.73 0.00000000 0.00000000 0.00 0.00 0.00 0.00 0.03 -0.11 -0.00 -0.07 -0.01 90.00 91.54 89.85 
0 0 0 18.84 0.00000000 0.00000000 0.00 0.00 0.00 -0.05 -0.01 0.10 0.02 0.03 0.03 89.11 90.89 90.30 
0 0 0 18.94 0.00000000 0.00000000 0.00 0.00 0.00 -0.03 0.01 0.04 0.02 0.06 -0.03 88.47 90.65 89.66 
0 0 0 19.04 0.00000000 0.00000000 0.00 0.00 0.00 -0.02 0.03 0.01 -0.00 0.04 -0.06 89.12 91.54 89.29 
0 0 0 19.14 0.00000000 0.00000000 0.00 0.00 0.00 -0.02 0.04 -0.05 -0.03 -0.04 -0.03 88.24 93.30 89.54 
0 0 0 19.24 0.00000000 0.00000000 0.00 0.00 0.00 -0.05 0.02 0.05 -0.01 -0.04 -0.01 87.06 91.89 89.83 
0 0 0 19.34 0.00000000 0.00000000 0.00 0.00 0.00 -0.02 0.02 -0.02 0.01 -0.07 0.03 88.05 91.30 90.34 
0 0 0 19.44 0.00000000 0.00000000 0.00 0.00 0.00 -0.04 0.03 0.06 -0.00 -0.07 0.05 87.85 91.50 90.64 
0 0 0 19.54 0.00000000 0.00000000 0.00 0.00 0.00 -0.05 -0.01 0.04 -0.06 -0.16 0.07 87.41 89.57 90.79 
0 0 0 19.64 0.00000000 0.00000000 0.00 0.00 0.00 -0.08 -0.04 0.14 -0.14 -0.20 0.03 85.58 87.90 90.31 
0 0 0 19.75 0.00000000 0.00000000 0.00 0.00 0.00 -0.06 -0.02 0.19 -0.26 -0.11 -0.06 86.82 88.64 89.30 
0 0 0 19.85 0.00000000 0.00000000 0.00 0.00 0.00 -0.08 -0.05 -0.07 -0.36 -0.06 -0.00 85.32 87.43 89.96 
0 0 0 19.95 0.00000000 0.00000000 0.00 0.00 0.00 -0.10 -0.06 -0.09 -0.35 -0.18 -0.04 84.49 86.65 89.49 
0 0 0 20.05 0.00000000 0.00000000 0.00 0.00 0.00 -0.20 -0.08 0.14 -0.42 -0.10 -0.01 82.48 87.00 89.88 
0 0 0 20.16 0.00000000 0.00000000 0.00 0.00 0.00 -0.21 -0.10 -0.13 -0.42 -0.14 -0.04 78.00 85.01 89.51 
0 0 0 20.26 0.00000000 0.00000000 0.00 0.00 0.00 -0.27 -0.10 0.03 -0.39 -0.13 -0.02 74.86 84.27 89.78 
0 0 0 20.36 0.00000000 0.00000000 0.00 0.00 0.00 -0.27 -0.09 -0.16 -0.30 -0.07 -0.01 74.69 84.69 89.87 
0 0 0 20.46 0.00000000 0.00000000 0.00 0.00 0.00 -0.31 -0.08 -0.05 -0.26 -0.01 -0.01 72.19 85.42 89.91 
0 0 0 20.56 0.00000000 0.00000000 0.00 0.00 0.00 -0.37 -0.12 0.12 -0.16 -0.09 -0.02 68.71 83.10 89.77 
0 0 0 20.66 0.00000000 0.00000000 0.00 0.00 0.00 -0.35 -0.10 -0.04 -0.10 -0.04 0.00 70.12 84.26 90.01 
0 0 0 20.76 0.00000000 0.00000000 0.00 0.00 0.00 -0.37 -0.08 0.06 -0.06 0.00 0.01 69.18 85.55 90.14 
0 0 0 20.86 0.00000000 0.00000000 0.00 0.00 0.00 -0.42 -0.19 0.03 -0.04 -0.01 0.02 66.24 79.24 90.20 
0 0 0 20.96 0.00000000 0.00000000 0.00 0.00 0.00 -0.34 -0.09 -0.27 -0.00 -0.03 0.00 70.43 84.99 90.00 
0 0 0 21.06 0.00000000 0.00000000 0.00 0.00 0.00 -0.37 -0.10 -0.08 0.00 -0.03 0.00 69.17 84.32 90.02 
0 0 0 21.17 0.00000000 0.00000000 0.00 0.00 0.00 -0.38 -0.13 -0.10 0.01 -0.00 -0.01 68.48 82.51 89.90 
0 0 0 21.27 0.00000000 0.00000000 0.00 0.00 0.00 -0.38 -0.10 0.05 0.02 0.00 0.01 68.31 84.12 90.08 
0 0 0 21.37 0.00000000 0.00000000 0.00 0.00 0.00 -0.36 -0.11 -0.20 -0.00 -0.01 0.01 69.22 83.60 90.15 
0 0 0 21.47 0.00000000 0.00000000 0.00 0.00 0.00 -0.38 -0.10 -0.00 -0.00 -0.03 -0.01 68.50 84.51 89.92 
0 0 0 21.57 0.00000000 0.00000000 0.00 0.00 0.00 -0.37 -0.14 -0.13 0.01 0.01 0.00 68.74 82.20 90.05 
0 0 0 21.67 0.00000000 0.00000000 0.00 0.00 0.00 -0.39 -0.12 -0.01 0.04 -0.01 0.00 67.82 83.41 90.05 
0 0 0 21.77 0.00000000 0.00000000 0.00 0.00 0.00 -0.38 -0.12 -0.04 0.01 -0.02 0.00 68.27 82.89 90.03 
0 0 0 21.87 0.00000000 0.00000000 0.00 0.00 0.00 -0.38 -0.13 -0.04 -0.00 -0.03 -0.00 68.10 82.84 89.95 
0 0 0 21.97 0.00000000 0.00000000 0.00 0.00 0.00 -0.38 -0.12 -0.07 0.00 0.01 -0.01 68.19 83.23 89.87 
0 0 0 22.07 0.00000000 0.00000000 0.00 0.00 0.00 -0.38 -0.12 -0.06 0.02 -0.00 0.00 68.11 82.99 90.04 
0 0 0 22.17 0.00000000 0.00000000 0.00 0.00 0.00 -0.37 -0.12 -0.09 0.03 -0.01 -0.01 68.85 83.14 89.93 
0 0 0 22.27 0.00000000 0.00000000 0.00 0.00 0.00 -0.39 -0.13 -0.03 0.03 -0.02 0.01 67.93 82.79 90.08 
0 0 0 22.37 0.00000000 0.00000000 0.00 0.00 0.00 -0.38 -0.10 0.02 0.01 -0.02 -0.01 68.31 84.17 89.91 
0 0 0 22.47 0.00000000 0.00000000 0.00 0.00 0.00 -0.47 -0.14 0.38 -0.00 0.01 0.01 63.36 81.82 90.07 
0 0 0 22.57 0.00000000 0.00000000 0.00 0.00 0.00 -0.41 -0.14 0.00 0.01 -0.04 -0.01 66.89 82.17 89.83 
0 0 0 22.68 0.00000000 0.00000000 0.00 0.00 0.00 -0.35 -0.11 -0.26 0.02 0.01 -0.01 70.08 83.95 89.91 
0 0 0 22.78 0.00000000 0.00000000 0.00 0.00 0.00 -0.41 -0.12 0.03 0.01 -0.03 -0.00 66.84 82.94 89.95 
0 0 0 22.88 0.00000000 0.00000000 0.00 0.00 0.00 -0.38 -0.11 -0.09 0.02 -0.04 -0.01 68.57 83.45 89.89 
0 0 0 22.98 0.00000000 0.00000000 0.00 0.00 0.00 -0.39 -0.12 -0.00 0.03 -0.03 0.00 68.15 83.42 90.04 
0 0 0 23.08 0.00000000 0.00000000 0.00 0.00 0.00 -0.38 -0.13 -0.04 0.01 0.02 0.01 68.39 82.86 90.17 
0 0 0 23.18 0.00000000 0.00000000 0.00 0.00 0.00 -0.36 -0.11 -0.17 0.00 -0.01 -0.00 67.95 82.87 89.95 
0 0 0 23.28 0.00000000 0.00000000 0.00 0.00 0.00 -0.39 -0.12 -0.00 0.00 0.02 0.01 68.10 82.46 90.07 
0 0 0 23.38 0.00000000 0.00000000 0.00 0.00 0.00 -0.38 -0.11 -0.05 0.03 -0.03 -0.01 68.56 83.57 89.93 
0 0 0 23.48 0.00000000 0.00000000 0.00 0.00 0.00 -0.37 -0.11 -0.14 0.04 0.01 0.00 68.76 83.69 90.01 
0 0 0 23.59 0.00000000 0.00000000 0.00 0.00 0.00 -0.40 -0.12 0.02 0.04 -0.00 0.00 67.41 83.31 90.04 
0 0 0 23.69 0.00000000 0.00000000 0.00 0.00 0.00 -0.37 -0.12 -0.15 0.01 -0.02 0.00 68.86 83.22 90.05 
0 0 0 23.79 0.00000000 0.00000000 0.00 0.00 0.00 -0.37 -0.11 -0.11 0.01 -0.06 -0.02 69.68 82.45 89.86 
0 0 0 23.92 0.00000000 0.00000000 0.00 0.00 0.00 -0.36 -0.13 -0.10 0.06 -0.03 0.01 69.42 82.72 90.11 
0 0 0 24.06 0.00000000 0.00000000 0.00 0.00 0.00 -0.28 -0.23 -0.44 0.20 0.04 0.08 74.17 77.16 90.99 
0 0 0 24.19 0.00000000 0.00000000 0.00 0.00 0.00 -0.22 -0.10 -0.45 1.05 0.56 0.11 77.41 84.12 91.27 
0 0 0 24.33 0.00000000 0.00000000 0.00 0.00 0.00 -0.12 0.11 -0.33 0.84 0.98 0.01 83.44 96.33 90.15 
0 0 0 24.43 0.00000000 0.00000000 0.00 0.00 0.00 0.09 0.17 -1.27 0.74 0.42 -0.04 95.32 99.70 89.47 
0 0 0 24.53 0.00000000 0.00000000 0.00 0.00 0.00 -0.14 0.04 0.19 0.41 -0.22 0.19 88.42 92.77 92.17 
0 0 0 24.63 0.00000000 0.00000000 0.00 0.00 0.00 0.06 0.13 -0.27 0.17 0.32 0.10 93.51 97.22 91.15 
0 0 0 24.74 0.00000000 0.00000000 0.00 0.00 0.00 0.39 -0.07 -1.12 0.28 -0.33 0.24 96.18 90.56 92.55 
0 0 0 24.84 0.00000000 0.00000000 0.00 0.00 0.00 0.05 -0.08 -0.08 0.38 -0.02 0.31 82.82 94.48 93.41 
0 0 0 24.94 0.00000000 0.00000000 0.00 0.00 0.00 -0.14 -0.03 0.45 0.27 -0.21 0.19 112.16 110.36 92.38 
0 0 0 25.04 0.00000000 0.00000000 0.00 0.00 0.00 0.12 0.05 -0.36 0.03 -0.03 0.09 96.60 92.88 91.11 
0 0 0 25.14 0.00000000 0.00000000 0.00 0.00 0.00 0.02 0.05 0.34 -0.02 0.04 0.07 90.99 92.38 91.05 
0 0 0 25.25 0.00000000 0.00000000 0.00 0.00 0.00 0.13 0.12 -0.61 0.02 -0.00 0.00 90.40 92.82 90.04 
0 0 0 25.35 0.00000000 0.00000000 0.00 0.00 0.00 0.03 0.08 0.51 0.03 -0.02 0.01 92.73 94.40 90.08 
0 0 0 25.45 0.00000000 0.00000000 0.00 0.00 0.00 0.02 0.09 0.33 0.01 -0.00 0.00 91.32 95.05 90.04 
0 0 0 25.56 0.00000000 0.00000000 0.00 0.00 0.00 0.06 0.09 0.09 0.00 -0.00 0.00 93.08 95.26 90.03 
0 0 0 25.66 0.00000000 0.00000000 0.00 0.00 0.00 0.08 0.04 -0.23 0.01 -0.02 0.00 96.46 94.82 90.05 
0 0 0 25.76 0.00000000 0.00000000 0.00 0.00 0.00 0.04 0.07 0.13 0.02 -0.02 0.01 91.65 93.29 90.06 
0 0 0 25.86 0.00000000 0.00000000 0.00 0.00 0.00 0.09 0.06 -0.21 0.02 -0.01 0.00 94.94 93.14 90.02 
0 0 0 25.96 0.00000000 0.00000000 0.00 0.00 0.00 0.11 0.09 -0.06 0.01 0.00 0.00 96.05 95.33 90.04 
0 0 0 26.06 0.00000000 0.00000000 0.00 0.00 0.00 0.01 0.08 0.30 0.01 -0.00 0.00 90.63 94.41 90.05 
0 0 0 26.17 0.00000000 0.00000000 0.00 0.00 0.00 0.02 0.08 0.23 0.02 -0.01 0.00 91.20 94.38 90.04 
0 0 0 26.27 0.00000000 0.00000000 0.00 0.00 0.00 0.06 0.07 0.02 0.02 -0.01 0.01 92.56 94.68 90.05 
0 0 0 26.37 0.00000000 0.00000000 0.00 0.00 0.00 0.01 0.08 0.26 0.01 -0.02 0.00 90.83 94.53 90.05 
0 0 0 26.47 0.00000000 0.00000000 0.00 0.00 0.00 0.09 0.06 0.07 0.02 -0.01 0.00 95.04 93.66 90.04 
0 0 0 26.57 0.00000000 0.00000000 0.00 0.00 0.00 0.01 0.05 0.27 0.01 -0.01 0.00 90.40 92.97 90.02 
0 0 0 26.67 0.00000000 0.00000000 0.00 0.00 0.00 0.03 0.06 0.17 0.02 -0.01 0.00 91.45 93.51 90.05 
0 0 0 26.77 0.00000000 0.00000000 0.00 0.00 0.00 0.09 0.06 -0.26 0.01 -0.01 0.00 94.89 95.53 90.07 
0 0 0 26.87 0.00000000 0.00000000 0.00 0.00 0.00 0.06 0.06 -0.03 0.02 -0.01 0.00 91.23 93.26 90.05 
0 0 0 26.98 0.00000000 0.00000000 0.00 0.00 0.00 0.04 0.08 0.33 0.01 -0.02 0.00 91.18 93.35 90.05 
0 0 0 27.08 0.00000000 0.00000000 0.00 0.00 0.00 0.06 0.06 0.06 0.01 -0.02 0.00 92.72 93.97 90.05 
0 0 0 27.18 0.00000000 0.00000000 0.00 0.00 0.00 0.06 0.08 0.11 0.01 -0.01 0.00 93.31 94.62 90.05 
0 0 0 27.28 0.00000000 0.00000000 0.00 0.00 0.00 0.07 0.08 0.00 0.01 -0.01 0.00 93.31 94.40 90.06 
0 0 0 27.38 0.00000000 0.00000000 0.00 0.00 0.00 0.06 0.07 0.05 0.02 -0.01 0.00 93.31 94.18 90.03 
0 0 0 27.49 0.00000000 0.00000000 0.00 0.00 0.00 0.10 0.07 -0.21 0.01 -0.01 0.00 93.31 94.62 90.04 
0 0 0 27.59 0.00000000 0.00000000 0.00 0.00 0.00 0.09 0.07 -0.16 0.01 -0.01 0.00 93.32 94.20 90.04 
0 0 0 27.69 0.00000000 0.00000000 0.00 0.00 0.00 0.04 0.03 0.05 0.02 -0.02 0.00 92.07 91.86 90.03 
0 0 0 27.79 0.00000000 0.00000000 0.00 0.00 0.00 0.14 0.06 -0.50 0.01 -0.00 0.00 97.95 93.60 90.05 
0 0 0 27.89 0.00000000 0.00000000 0.00 0.00 0.00 0.07 0.07 -0.10 0.01 -0.02 0.01 93.25 93.89 90.03 
0 0 0 27.99 0.00000000 0.00000000 0.00 0.00 0.00 0.06 0.06 -0.01 0.01 -0.01 0.00 93.02 93.66 90.05 
0 0 0 28.09 0.00000000 0.00000000 0.00 0.00 0.00 0.06 0.08 0.05 0.02 -0.01 0.00 93.45 94.73 90.05 
0 0 0 28.20 0.00000000 0.00000000 0.00 0.00 0.00 0.07 0.07 -0.03 0.01 -0.01 0.01 93.92 94.13 90.05 
0 0 0 28.30 0.00000000 0.00000000 0.00 0.00 0.00 0.06 0.08 0.06 0.02 -0.01 0.00 93.48 94.33 90.03 
0 0 0 28.40 0.00000000 0.00000000 0.00 0.00 0.00 0.06 0.07 -0.01 0.01 -0.01 0.01 93.50 94.15 90.06 
0 0 0 28.50 0.00000000 0.00000000 0.00 0.00 0.00 0.06 0.07 0.00 0.01 -0.01 0.00 93.34 94.22 90.02 
0 0 0 28.60 0.00000000 0.00000000 0.00 0.00 0.00 0.07 0.08 -0.07 0.01 -0.01 0.00 94.13 94.33 90.04 
0 0 0 28.71 0.00000000 0.00000000 0.00 0.00 0.00 0.07 0.07 -0.32 0.01 -0.01 0.00 95.33 93.98 90.06 
0 0 0 28.81 0.00000000 0.00000000 0.00 0.00 0.00 0.07 0.07 0.02 0.02 -0.01 0.00 93.79 94.23 90.04 
0 0 0 28.91 0.00000000 0.00000000 0.00 0.00 0.00 0.07 0.08 -0.05 0.01 -0.01 0.00 93.50 94.37 90.06 
0 0 0 29.01 0.00000000 0.00000000 0.00 0.00 0.00 0.07 0.06 -0.10 0.02 -0.01 0.01 93.92 93.70 90.08 
0 0 0 29.11 0.00000000 0.00000000 0.00 0.00 0.00 0.06 0.08 0.02 0.01 -0.00 0.00 93.54 94.42 90.03 
0 0 0 29.21 0.00000000 0.00000000 0.00 0.00 0.00 0.06 0.08 0.04 0.01 -0.01 0.00 93.30 94.39 90.03 
0 0 0 29.31 0.00000000 0.00000000 0.00 0.00 0.00 0.06 0.07 -0.02 0.01 -0.01 0.00 93.49 94.13 90.02 
0 0 0 29.41 0.00000000 0.00000000 0.00 0.00 0.00 0.07 0.07 -0.00 0.01 -0.01 0.01 93.74 94.17 90.06 
0 0 0 29.51 0.00000000 0.00000000 0.00 0.00 0.00 0.01 0.08 0.42 0.01 -0.01 0.00 90.62 94.57 90.04 
0 0 0 29.61 0.00000000 0.00000000 0.00 0.00 0.00 0.06 0.08 0.13 0.01 -0.01 0.00 93.14 94.80 90.05 
0 0 0 29.72 0.00000000 0.00000000 0.00 0.00 0.00 0.07 0.07 0.26 0.01 -0.01 0.00 92.80 94.09 90.06 
0 0 0 29.82 0.00000000 0.00000000 0.00 0.00 0.00 0.07 0.08 -0.03 0.01 -0.01 0.00 94.00 94.43 90.05 
0 0 0 29.92 0.00000000 0.00000000 0.00 0.00 0.00 0.06 0.06 -0.06 0.01 -0.02 0.01 93.40 93.60 90.06 
0 0 0 30.02 0.00000000 0.00000000 0.00 0.00 0.00 0.06 0.06 -0.04 0.01 -0.01 0.00 93.62 93.19 90.06 
0 0 0 30.12 0.00000000 0.00000000 0.00 0.00 0.00 0.08 0.06 -0.12 0.01 -0.01 0.00 94.70 93.57 90.05 
0 0 0 30.22 0.00000000 0.00000000 0.00 0.00 0.00 0.07 0.07 -0.02 0.02 -0.01 0.00 94.19 94.18 90.03 
0 0 0 30.32 0.00000000 0.00000000 0.00 0.00 0.00 0.09 0.05 -0.17 0.01 -0.00 0.01 93.97 92.64 90.06 
0 0 0 30.43 0.00000000 0.00000000 0.00 0.00 0.00 0.01 0.07 0.32 0.02 -0.01 0.00 90.62 94.11 90.04 
0 0 0 30.53 0.00000000 0.00000000 0.00 0.00 0.00 0.05 0.08 0.07 0.02 -0.01 0.00 92.96 94.65 90.05 
0 0 0 30.63 0.00000000 0.00000000 0.00 0.00 0.00 0.07 0.08 0.01 0.01 -0.00 0.00 93.82 94.49 90.06 
0 0 0 30.73 0.00000000 0.00000000 0.00 0.00 0.00 0.08 0.07 -0.13 0.01 -0.01 0.00 94.50 93.81 90.05 
0 0 0 30.83 0.00000000 0.00000000 0.00 0.00 0.00 0.06 0.07 0.21 0.02 -0.01 0.00 93.01 94.29 90.03 
0 0 0 30.93 0.00000000 0.00000000 0.00 0.00 0.00 0.08 0.06 -0.11 0.01 -0.01 0.00 94.31 93.44 90.05 
0 0 0 31.03 0.00000000 0.00000000 0.00 0.00 0.00 0.07 0.10 -0.01 0.02 -0.01 0.00 96.46 94.37 90.08 
0 0 0 31.14 0.00000000 0.00000000 0.00 0.00 0.00 0.08 0.07 -0.15 0.01 -0.01 0.00 95.09 94.41 90.04 
0 0 0 31.24 0.00000000 0.00000000 0.00 0.00 0.00 0.09 0.10 -0.19 0.01 -0.02 0.00 95.04 95.48 90.05 
0 0 0 31.34 0.00000000 0.00000000 0.00 0.00 0.00 0.06 0.06 -0.10 0.01 -0.02 0.01 93.21 93.42 90.06 
0 0 0 31.44 0.00000000 0.00000000 0.00 0.00 0.00 0.05 0.06 0.06 0.02 -0.01 0.00 92.67 93.55 90.03 
0 0 0 31.54 0.00000000 0.00000000 0.00 0.00 0.00 0.07 0.07 -0.01 0.01 -0.00 0.00 93.82 94.26 90.04 
0 0 0 31.64 0.00000000 0.00000000 0.00 0.00 0.00 0.07 0.07 -0.04 0.02 -0.01 0.00 93.74 94.17 90.05 
0 0 0 31.74 0.00000000 0.00000000 0.00 0.00 0.00 0.06 0.08 0.07 0.01 -0.01 0.01 93.74 93.95 90.06 
0 0 0 31.84 0.00000000 0.00000000 0.00 0.00 0.00 0.07 0.08 0.03 0.01 -0.00 0.01 93.75 94.62 90.07 
0 0 0 31.94 0.00000000 0.00000000 0.00 0.00 0.00 0.04 0.05 0.13 0.01 -0.01 0.01 92.23 93.04 90.07 
0 0 0 32.04 0.00000000 0.00000000 0.00 0.00 0.00 0.06 0.06 0.02 0.02 -0.02 0.00 93.44 93.43 90.05 
0 0 0 32.14 0.00000000 0.00000000 0.00 0.00 0.00 0.06 0.07 0.09 0.01 -0.01 0.00 93.21 94.27 90.06 
0 0 0 32.25 0.00000000 0.00000000 0.00 0.00 0.00 0.07 0.07 -0.07 0.02 -0.01 0.00 93.76 94.20 90.06 
0 0 0 32.35 0.00000000 0.00000000 0.00 0.00 0.00 0.07 0.07 -0.04 0.01 -0.00 0.00 93.91 93.90 90.04 
0 0 0 32.45 0.00000000 0.00000000 0.00 0.00 0.00 0.07 0.07 -0.09 0.02 -0.00 0.00 94.17 93.73 90.04 
0 0 0 32.55 0.00000000 0.00000000 0.00 0.00 0.00 0.06 0.08 0.04 0.01 -0.00 0.00 93.53 94.62 90.02 
0 0 0 32.65 0.00000000 0.00000000 0.00 0.00 0.00 0.06 0.07 0.01 0.01 -0.01 0.00 93.68 94.10 90.04 
0 0 0 32.75 0.00000000 0.00000000 0.00 0.00 0.00 0.06 0.07 0.02 0.02 -0.01 0.00 93.53 94.40 90.03 
0 0 0 32.85 0.00000000 0.00000000 0.00 0.00 0.00 0.06 0.07 0.03 0.01 -0.01 0.00 93.50 93.71 90.05 
0 0 0 32.95 0.00000000 0.00000000 0.00 0.00 0.00 0.07 0.07 -0.04 0.01 -0.01 0.00 93.72 94.15 90.05 
0 0 0 33.05 0.00000000 0.00000000 0.00 0.00 0.00 0.05 0.07 0.10 0.01 -0.01 0.00 92.94 94.19 90.05 
0 0 0 33.15 0.00000000 0.00000000 0.00 0.00 0.00 0.09 0.08 -0.14 0.01 -0.01 0.00 95.06 94.36 90.05 
0 0 0 33.25 0.00000000 0.00000000 0.00 0.00 0.00 0.06 0.08 0.10 0.01 -0.01 0.01 93.52 94.38 90.07 
0 0 0 33.35 0.00000000 0.00000000 0.00 0.00 0.00 0.07 0.07 -0.10 0.02 -0.02 0.01 94.03 93.80 90.08 
0 0 0 33.45 0.00000000 0.00000000 0.00 0.00 0.00 0.06 0.07 -0.05 0.01 -0.02 0.00 93.44 94.07 90.05 
0 0 0 33.55 0.00000000 0.00000000 0.00 0.00 0.00 0.06 0.08 0.07 0.01 -0.01 0.00 93.30 94.39 90.06 
0 0 0 33.65 0.00000000 0.00000000 0.00 0.00 0.00 0.07 0.08 -0.06 0.02 -0.00 0.00 94.26 94.47 90.04 
0 0 0 33.75 0.00000000 0.00000000 0.00 0.00 0.00 0.04 0.06 0.17 0.02 -0.01 0.00 92.19 93.28 90.03 
0 0 0 33.86 0.00000000 0.00000000 0.00 0.00 0.00 0.10 0.09 -0.22 0.02 -0.00 0.00 95.72 95.04 90.03 
0 0 0 33.96 0.00000000 0.00000000 0.00 0.00 0.00 0.08 0.07 -0.13 0.01 -0.00 0.00 94.53 93.84 90.03 
0 0 0 34.06 0.00000000 0.00000000 0.00 0.00 0.00 0.07 0.08 -0.20 0.01 -0.02 0.00 94.17 94.38 90.06 
0 0 0 34.16 0.00000000 0.00000000 0.00 0.00 0.00 0.09 0.08 -0.27 0.01 -0.01 0.01 94.23 93.38 90.04 
0 0 0 34.26 0.00000000 0.00000000 0.00 0.00 0.00 0.06 0.08 -0.01 0.01 -0.01 0.00 93.69 94.37 90.06 
0 0 0 34.36 0.00000000 0.00000000 0.00 0.00 0.00 0.08 0.07 -0.19 0.01 -0.01 0.00 94.48 94.24 90.03 
0 0 0 34.46 0.00000000 0.00000000 0.00 0.00 0.00 0.07 0.08 -0.11 0.01 -0.01 0.01 93.72 94.58 90.08 
0 0 0 34.56 0.00000000 0.00000000 0.00 0.00 0.00 0.06 0.08 0.06 0.01 -0.01 0.00 93.57 94.67 90.06 
0 0 0 34.66 0.00000000 0.00000000 0.00 0.00 0.00 0.07 0.08 -0.01 0.02 -0.00 0.00 93.74 94.38 90.05 
0 0 0 34.77 0.00000000 0.00000000 0.00 0.00 0.00 0.06 0.08 0.01 0.01 -0.02 0.00 93.48 94.33 90.05 
0 0 0 34.87 0.00000000 0.00000000 0.00 0.00 0.00 0.07 0.08 -0.13 0.01 -0.01 0.00 94.16 94.80 90.04 
0 0 0 34.97 0.00000000 0.00000000 0.00 0.00 0.00 0.07 0.08 0.02 0.01 -0.01 0.00 93.75 94.62 90.03 
0 0 0 35.07 0.00000000 0.00000000 0.00 0.00 0.00 0.07 0.07 0.00 0.01 -0.01 0.00 93.94 94.15 90.03 
0 0 0 35.17 0.00000000 0.00000000 0.00 0.00 0.00 0.06 0.08 0.05 0.01 -0.01 0.00 93.16 94.28 90.04 
0 0 0 35.27 0.00000000 0.00000000 0.00 0.00 0.00 0.05 0.08 0.09 0.02 -0.01 0.00 93.03 94.75 90.04 
0 0 0 35.37 0.00000000 0.00000000 0.00 0.00 0.00 0.06 0.07 0.04 0.02 -0.01 0.00 93.30 94.17 90.04 
0 0 0 35.47 0.00000000 0.00000000 0.00 0.00 0.00 0.06 0.07 -0.01 0.01 -0.01 0.00 93.50 93.71 90.05 
0 0 0 35.57 0.00000000 0.00000000 0.00 0.00 0.00 0.07 0.07 -0.03 0.01 -0.00 0.00 93.30 93.73 90.03 
0 0 0 35.68 0.00000000 0.00000000 0.00 0.00 0.00 0.05 0.07 0.25 0.01 -0.01 0.00 92.64 94.17 90.03 
0 0 0 35.78 0.00000000 0.00000000 0.00 0.00 0.00 0.06 0.07 0.03 0.01 -0.01 0.00 93.46 93.89 90.06 
0 0 0 35.88 0.00000000 0.00000000 0.00 0.00 0.00 0.06 0.07 0.03 0.01 -0.01 0.00 92.64 94.17 90.08 
0 0 0 35.98 0.00000000 0.00000000 0.00 0.00 0.00 0.06 0.08 0.08 0.01 -0.01 0.00 93.31 94.62 90.04 
0 0 0 36.08 0.00000000 0.00000000 0.00 0.00 0.00 0.07 0.08 -0.02 0.01 -0.01 0.00 93.74 94.60 90.06 
0 0 0 36.18 0.00000000 0.00000000 0.00 0.00 0.00 0.06 0.07 -0.04 0.02 -0.01 0.01 93.69 93.90 90.06 
0 0 0 36.28 0.00000000 0.00000000 0.00 0.00 0.00 0.11 0.07 -0.37 0.01 -0.01 0.00 96.23 93.99 90.03 
0 0 0 36.38 0.00000000 0.00000000 0.00 0.00 0.00 0.09 0.07 -0.26 0.01 -0.01 0.01 94.48 93.80 90.05 
0 0 0 36.48 0.00000000 0.00000000 0.00 0.00 0.00 0.06 0.07 0.07 0.02 -0.02 0.01 93.53 94.18 90.05 
0 0 0 36.58 0.00000000 0.00000000 0.00 0.00 0.00 0.07 0.08 0.04 0.02 -0.01 0.00 93.79 94.67 90.06 
0 0 0 36.68 0.00000000 0.00000000 0.00 0.00 0.00 0.06 0.07 0.10 0.01 -0.01 0.00 93.26 94.12 90.05 
0 0 0 36.78 0.00000000 0.00000000 0.00 0.00 0.00 0.06 0.07 0.02 0.02 -0.01 0.01 93.48 94.12 90.09 
0 0 0 36.88 0.00000000 0.00000000 0.00 0.00 0.00 0.06 0.07 0.06 0.01 -0.01 0.01 93.32 93.76 90.06 
0 0 0 36.98 0.00000000 0.00000000 0.00 0.00 0.00 0.07 0.08 0.02 0.02 -0.01 0.00 93.97 94.62 90.03 
0 0 0 37.08 0.00000000 0.00000000 0.00 0.00 0.00 0.08 0.08 -0.07 0.02 -0.02 0.01 94.44 94.65 90.06 
0 0 0 37.19 0.00000000 0.00000000 0.00 0.00 0.00 0.05 0.07 0.08 0.02 -0.01 0.00 93.09 94.18 90.04 
0 0 0 37.29 0.00000000 0.00000000 0.00 0.00 0.00 0.07 0.08 0.01 0.00 -0.01 0.00 93.74 94.60 90.05 
0 0 0 37.39 0.00000000 0.00000000 0.00 0.00 0.00 0.08 0.07 -0.12 0.01 -0.01 0.00 94.39 93.94 90.05 
0 0 0 37.49 0.00000000 0.00000000 0.00 0.00 0.00 0.05 0.06 0.04 0.01 -0.02 0.00 92.79 93.65 90.03 
0 0 0 37.59 0.00000000 0.00000000 0.00 0.00 0.00 0.09 0.10 -0.11 0.02 -0.02 0.00 94.91 95.77 90.06 
0 0 0 37.69 0.00000000 0.00000000 0.00 0.00 0.00 0.08 0.08 -0.18 0.02 0.00 0.00 94.38 94.59 90.05 
0 0 0 37.79 0.00000000 0.00000000 0.00 0.00 0.00 0.05 0.04 0.09 0.02 -0.01 0.01 92.87 92.21 90.07 
0 0 0 37.89 0.00000000 0.00000000 0.00 0.00 0.00 0.04 0.07 0.13 0.02 -0.01 0.01 92.09 94.18 90.07 
0 0 0 37.99 0.00000000 0.00000000 0.00 0.00 0.00 0.07 0.09 -0.10 0.01 -0.00 0.00 94.22 95.31 90.06 
0 0 0 38.09 0.00000000 0.00000000 0.00 0.00 0.00 0.05 0.06 0.06 0.01 -0.01 0.01 92.96 93.38 90.08 
0 0 0 38.19 0.00000000 0.00000000 0.00 0.00 0.00 0.07 0.09 -0.12 0.01 -0.01 0.00 94.06 95.12 90.05 
0 0 0 38.30 0.00000000 0.00000000 0.00 0.00 0.00 0.03 0.09 0.28 0.02 -0.00 0.00 91.97 93.94 90.04 
0 0 0 38.40 0.00000000 0.00000000 0.00 0.00 0.00 0.04 0.05 0.14 0.01 -0.01 0.00 92.54 92.75 90.04 
0 0 0 38.50 0.00000000 0.00000000 0.00 0.00 0.00 0.07 0.08 -0.06 0.02 -0.01 0.00 94.14 94.35 90.03 
0 0 0 38.60 0.00000000 0.00000000 0.00 0.00 0.00 0.04 0.06 0.15 0.01 -0.02 0.00 92.12 93.59 90.02 
0 0 0 38.70 0.00000000 0.00000000 0.00 0.00 0.00 0.07 0.09 -0.07 0.02 -0.00 0.00 94.06 95.06 90.02 
0 0 0 38.80 0.00000000 0.00000000 0.00 0.00 0.00 0.08 0.07 -0.16 0.02 -0.01 0.00 94.76 93.84 90.05 
0 0 0 38.90 0.00000000 0.00000000 0.00 0.00 0.00 0.07 0.06 0.05 0.01 -0.02 0.00 93.82 93.18 90.05 
0 0 0 39.00 0.00000000 0.00000000 0.00 0.00 0.00 0.11 0.10 -0.45 0.02 -0.01 0.00 96.46 95.96 90.05 
0 0 0 39.10 0.00000000 0.00000000 0.00 0.00 0.00 0.02 0.07 0.19 0.01 -0.00 0.00 91.04 93.75 90.03 
0 0 0 39.20 0.00000000 0.00000000 0.00 0.00 0.00 0.05 0.07 0.31 0.01 -0.01 0.00 93.01 93.86 90.04 
0 0 0 39.31 0.00000000 0.00000000 0.00 0.00 0.00 0.08 0.08 -0.11 0.01 -0.01 0.00 97.85 96.57 90.04 
0 0 0 39.41 0.00000000 0.00000000 0.00 0.00 0.00 0.09 0.08 -0.27 0.01 -0.01 0.00 95.13 94.41 90.06 
0 0 0 39.51 0.00000000 0.00000000 0.00 0.00 0.00 0.06 0.05 -0.00 0.01 -0.01 0.00 93.37 92.74 90.04 
0 0 0 39.61 0.00000000 0.00000000 0.00 0.00 0.00 0.03 0.07 0.15 0.01 -0.01 0.00 91.58 93.95 90.04 
0 0 0 39.71 0.00000000 0.00000000 0.00 0.00 0.00 0.07 0.07 0.20 0.01 -0.01 0.00 94.02 93.78 90.05 
0 0 0 39.81 0.00000000 0.00000000 0.00 0.00 0.00 0.07 0.08 -0.09 0.02 -0.01 0.00 93.99 94.64 90.04 
0 0 0 39.91 0.00000000 0.00000000 0.00 0.00 0.00 0.06 0.07 -0.01 0.01 -0.01 0.00 93.49 93.92 90.04 
0 0 0 40.01 0.00000000 0.00000000 0.00 0.00 0.00 0.06 0.07 0.01 0.01 -0.01 0.00 93.42 93.63 90.07 
0 0 0 40.11 0.00000000 0.00000000 0.00 0.00 0.00 0.09 0.07 -0.22 0.02 -0.01 0.00 95.27 94.16 90.03 
0 0 0 40.21 0.00000000 0.00000000 0.00 0.00 0.00 0.08 0.07 -0.13 0.01 -0.01 0.01 94.44 94.21 90.07 
0 0 0 40.31 0.00000000 0.00000000 0.00 0.00 0.00 0.07 0.07 -0.03 0.01 -0.01 0.00 93.72 94.15 90.05 
0 0 0 40.41 0.00000000 0.00000000 0.00 0.00 0.00 0.06 0.08 0.03 0.01 -0.00 0.00 93.54 94.42 90.03 
0 0 0 40.52 0.00000000 0.00000000 0.00 0.00 0.00 0.05 0.07 0.15 0.01 -0.01 0.01 92.76 94.03 90.08 
0 0 0 40.62 0.00000000 0.00000000 0.00 0.00 0.00 0.06 0.08 0.01 0.01 -0.01 0.00 93.65 94.50 90.05 
0 0 0 40.75 0.00000000 0.00000000 0.00 0.00 0.00 0.06 0.07 -0.00 0.01 -0.01 0.00 93.69 94.12 90.05 
0 0 0 40.88 0.00000000 0.00000000 0.00 0.00 0.00 0.06 0.08 0.02 0.01 -0.01 0.00 93.54 94.42 90.04 
0 0 0 41.02 0.00000000 0.00000000 0.00 0.00 0.00 0.07 0.07 -0.02 0.01 -0.01 0.01 93.76 93.98 90.08 
0 0 0 41.15 0.00000000 0.00000000 0.00 0.00 0.00 0.06 0.08 -0.05 0.01 -0.00 0.00 93.53 94.40 90.05 
0 0 0 41.25 0.00000000 0.00000000 0.00 0.00 0.00 0.06 0.08 -0.04 0.01 -0.01 0.00 93.46 94.32 90.04 
0 0 0 41.36 0.00000000 0.00000000 0.00 0.00 0.00 0.07 0.07 0.02 0.01 -0.01 0.00 93.72 94.15 90.04 
0 0 0 41.46 0.00000000 0.00000000 0.00 0.00 0.00 0.07 0.07 -0.02 0.01 -0.01 0.01 93.94 93.93 90.06 
0 0 0 41.56 0.00000000 0.00000000 0.00 0.00 0.00 0.05 0.07 0.07 0.01 -0.01 0.00 92.63 94.06 90.05 
0 0 0 41.66 0.00000000 0.00000000 0.00 0.00 0.00 0.06 0.09 0.11 0.02 -0.01 0.00 93.32 94.86 90.04 
0 0 0 41.76 0.00000000 0.00000000 0.00 0.00 0.00 0.07 0.07 -0.04 0.01 -0.02 0.00 93.71 93.92 90.05 
0 0 0 41.86 0.00000000 0.00000000 0.00 0.00 0.00 0.07 0.08 -0.05 0.01 -0.01 0.01 94.15 94.36 90.07 
0 0 0 41.96 0.00000000 0.00000000 0.00 0.00 0.00 0.06 0.08 -0.05 0.01 -0.01 0.00 93.31 94.40 90.03 
0 0 0 42.06 0.00000000 0.00000000 0.00 0.00 0.00 0.06 0.07 -0.03 0.02 -0.01 0.00 93.42 93.84 90.04 
0 0 0 42.16 0.00000000 0.00000000 0.00 0.00 0.00 0.06 0.07 -0.07 0.01 -0.01 0.00 93.39 94.22 90.05 
0 0 0 42.26 0.00000000 0.00000000 0.00 0.00 0.00 0.07 0.08 -0.06 0.02 -0.01 0.00 94.14 94.35 90.04 
0 0 0 42.36 0.00000000 0.00000000 0.00 0.00 0.00 0.06 0.08 0.09 0.01 -0.01 0.00 93.76 94.64 90.05 
0 0 0 42.46 0.00000000 0.00000000 0.00 0.00 0.00 0.07 0.07 -0.16 0.01 -0.01 0.00 93.65 93.86 90.04 
0 0 0 42.56 0.00000000 0.00000000 0.00 0.00 0.00 0.05 0.08 0.00 0.02 -0.01 0.00 93.04 94.55 90.05 
0 0 0 42.66 0.00000000 0.00000000 0.00 0.00 0.00 0.08 0.08 0.09 0.01 -0.01 0.00 94.43 94.41 90.05 
0 0 0 42.77 0.00000000 0.00000000 0.00 0.00 0.00 0.05 0.06 0.09 0.01 -0.01 0.00 92.83 93.26 90.05 
0 0 0 42.87 0.00000000 0.00000000 0.00 0.00 0.00 0.05 0.07 0.08 0.01 -0.02 0.01 92.99 94.04 90.06 
0 0 0 42.97 0.00000000 0.00000000 0.00 0.00 0.00 0.07 0.07 -0.04 0.00 -0.01 0.01 93.97 93.96 90.07 
0 0 0 43.07 0.00000000 0.00000000 0.00 0.00 0.00 0.05 0.06 0.06 0.01 -0.01 0.01 92.82 93.67 90.07 
0 0 0 43.17 0.00000000 0.00000000 0.00 0.00 0.00 0.11 0.08 -0.32 0.02 -0.01 0.00 96.01 94.44 90.06 
0 0 0 43.27 0.00000000 0.00000000 0.00 0.00 0.00 0.07 0.08 -0.01 0.01 -0.00 0.01 93.92 94.35 90.06 
0 0 0 43.37 0.00000000 0.00000000 0.00 0.00 0.00 0.08 0.07 -0.16 0.01 -0.01 0.00 94.39 93.94 90.03 
0 0 0 43.47 0.00000000 0.00000000 0.00 0.00 0.00 0.07 0.07 -0.10 0.01 -0.01 0.01 93.94 93.93 90.06 
0 0 0 43.57 0.00000000 0.00000000 0.00 0.00 0.00 0.06 0.08 0.05 0.01 -0.01 0.00 93.49 94.57 90.05 
0 0 0 43.67 0.00000000 0.00000000 0.00 0.00 0.00 0.06 0.07 0.01 0.01 -0.01 0.01 93.57 94.01 90.07 
0 0 0 43.77 0.00000000 0.00000000 0.00 0.00 0.00 0.06 0.06 -0.03 0.02 -0.02 0.01 93.68 93.67 90.06 
0 0 0 43.87 0.00000000 0.00000000 0.00 0.00 0.00 0.07 0.07 -0.03 0.01 -0.01 0.00 93.96 94.16 90.06 
0 0 0 43.97 0.00000000 0.00000000 0.00 0.00 0.00 0.07 0.07 -0.02 0.01 -0.01 0.00 93.72 94.15 90.06 
0 0 0 44.07 0.00000000 0.00000000 0.00 0.00 0.00 0.07 0.07 -0.05 0.01 -0.01 0.01 93.74 94.17 90.07 
0 0 0 44.17 0.00000000 0.00000000 0.00 0.00 0.00 0.07 0.07 -0.08 0.01 -0.01 0.01 94.17 93.94 90.06 
0 0 0 44.28 0.00000000 0.00000000 0.00 0.00 0.00 0.07 0.07 -0.05 0.01 -0.02 0.00 93.99 94.20 90.04 
0 0 0 44.38 0.00000000 0.00000000 0.00 0.00 0.00 0.06 0.07 0.05 0.01 -0.02 0.00 93.30 94.17 90.04 
0 0 0 44.48 0.00000000 0.00000000 0.00 0.00 0.00 0.14 0.10 -0.60 0.03 -0.03 0.01 97.73 95.61 90.09 
0 0 0 44.58 0.00000000 0.00000000 0.00 0.00 0.00 0.00 0.11 0.54 -0.14 -0.01 -0.02 90.00 96.35 89.74 
0 0 0 44.68 0.00000000 0.00000000 0.00 0.00 0.00 -0.01 0.05 0.35 -0.47 -0.15 -0.05 89.19 92.63 89.39 
0 0 0 44.78 0.00000000 0.00000000 0.00 0.00 0.00 0.04 0.09 -0.26 -0.61 0.22 -0.04 92.29 95.02 89.50 
0 0 0 44.88 0.00000000 0.00000000 0.00 0.00 0.00 -0.13 0.08 0.36 -0.78 -0.20 -0.08 82.40 94.29 89.07 
0 0 0 44.98 0.00000000 0.00000000 0.00 0.00 0.00 -0.19 0.06 -0.14 -0.90 0.01 -0.07 79.15 93.66 89.17 
0 0 0 45.08 0.00000000 0.00000000 0.00 0.00 0.00 -0.38 0.01 0.44 -0.87 0.02 -0.09 68.28 90.76 88.88 
0 0 0 45.19 0.00000000 0.00000000 0.00 0.00 0.00 -0.31 0.09 -0.41 -0.53 -0.09 -0.07 70.50 95.88 89.10 
0 0 0 45.29 0.00000000 0.00000000 0.00 0.00 0.00 -0.34 0.04 -0.51 -0.20 -0.14 -0.03 70.42 92.08 89.60 
0 0 0 45.39 0.00000000 0.00000000 0.00 0.00 0.00 -0.38 0.02 -0.11 0.15 -0.23 0.03 68.51 91.06 90.36 
0 0 0 45.49 0.00000000 0.00000000 0.00 0.00 0.00 -0.37 0.09 -0.36 0.17 -0.10 -0.06 68.98 95.28 89.27 
0 0 0 45.59 0.00000000 0.00000000 0.00 0.00 0.00 -0.35 0.05 -0.53 0.03 -0.23 -0.04 70.25 92.73 89.50 
0 0 0 45.69 0.00000000 0.00000000 0.00 0.00 0.00 -0.30 0.03 -0.87 0.57 0.03 -0.13 72.72 91.67 88.47 
0 0 0 45.79 0.00000000 0.00000000 0.00 0.00 0.00 -0.22 0.11 -1.09 1.10 0.15 0.12 77.30 96.17 91.43 
0 0 0 45.89 0.00000000 0.00000000 0.00 0.00 0.00 -0.06 0.06 -0.04 1.34 0.17 0.27 86.31 93.22 93.19 
0 0 0 46.00 0.00000000 0.00000000 0.00 0.00 0.00 -0.03 0.05 0.33 1.44 0.36 0.33 88.13 92.91 93.96 
0 0 0 46.10 0.00000000 0.00000000 0.00 0.00 0.00 0.15 0.01 0.11 1.36 0.44 0.41 98.77 90.46 94.88 
0 0 0 46.20 0.00000000 0.00000000 0.00 0.00 0.00 0.18 0.09 0.71 1.02 0.37 0.25 100.24 94.98 93.03 
0 0 0 46.30 0.00000000 0.00000000 0.00 0.00 0.00 0.37 0.09 0.51 0.64 -0.11 0.03 111.14 95.21 90.31 
0 0 0 46.40 0.00000000 0.00000000 0.00 0.00 0.00 0.28 0.10 0.81 0.64 -0.08 -0.08 106.18 95.63 88.98 
0 0 0 46.50 0.00000000 0.00000000 0.00 0.00 0.00 0.52 0.17 0.84 0.61 0.22 -0.05 119.79 99.47 89.43 
0 0 0 46.60 0.00000000 0.00000000 0.00 0.00 0.00 0.57 0.12 0.42 0.30 0.06 0.03 122.29 96.74 90.37 
0 0 0 46.70 0.00000000 0.00000000 0.00 0.00 0.00 0.66 0.11 0.07 -0.36 -0.13 -0.02 127.37 96.00 89.77 
0 0 0 46.80 0.00000000 0.00000000 0.00 0.00 0.00 0.37 0.12 0.78 -1.09 -0.16 -0.14 111.34 96.84 88.33 
0 0 0 46.90 0.00000000 0.00000000 0.00 0.00 0.00 0.24 0.10 0.73 -1.69 -0.47 -0.21 103.85 95.56 87.43 
0 0 0 47.00 0.00000000 0.00000000 0.00 0.00 0.00 0.01 0.06 0.58 -1.97 -0.51 -0.22 90.43 93.19 87.30 
0 0 0 47.10 0.00000000 0.00000000 0.00 0.00 0.00 -0.24 -0.00 0.74 -2.00 -0.32 -0.26 76.50 89.81 86.87 
0 0 0 47.20 0.00000000 0.00000000 0.00 0.00 0.00 -0.31 -0.08 0.12 -1.42 -0.39 -0.44 72.16 85.47 84.72 
0 0 0 47.30 0.00000000 0.00000000 0.00 0.00 0.00 -0.39 -0.03 0.57 -0.98 -0.37 -0.41 67.77 88.05 85.04 
0 0 0 47.40 0.00000000 0.00000000 0.00 0.00 0.00 -0.41 -0.05 -0.47 -0.59 -0.12 -0.09 66.71 86.97 88.91 
0 0 0 47.50 0.00000000 0.00000000 0.00 0.00 0.00 -0.52 -0.05 0.51 -0.31 0.01 0.18 60.44 87.03 92.18 
0 0 0 47.61 0.00000000 0.00000000 0.00 0.00 0.00 -0.58 -0.16 0.16 -0.12 0.01 0.22 57.07 81.03 92.59 
0 0 0 47.71 0.00000000 0.00000000 0.00 0.00 0.00 -0.56 -0.14 0.02 -0.05 -0.11 0.10 58.28 82.18 91.25 
0 0 0 47.81 0.00000000 0.00000000 0.00 0.00 0.00 -0.67 -0.17 0.38 -0.22 -0.10 0.05 51.81 80.31 90.57 
0 0 0 47.91 0.00000000 0.00000000 0.00 0.00 0.00 -0.49 -0.07 -0.61 -0.37 -0.16 -0.11 61.99 86.08 88.68 
0 0 0 48.01 0.00000000 0.00000000 0.00 0.00 0.00 -0.57 -0.10 -0.32 -0.30 -0.13 -0.09 57.76 84.16 88.97 
0 0 0 48.11 0.00000000 0.00000000 0.00 0.00 0.00 -0.62 -0.11 -0.05 0.03 -0.06 0.05 54.70 83.58 90.60 
0 0 0 48.21 0.00000000 0.00000000 0.00 0.00 0.00 -0.63 -0.11 -0.01 0.15 -0.03 0.14 53.77 82.03 91.62 
0 0 0 48.31 0.00000000 0.00000000 0.00 0.00 0.00 -0.62 -0.12 0.15 0.15 -0.04 0.09 55.44 82.97 91.13 
0 0 0 48.41 0.00000000 0.00000000 0.00 0.00 0.00 -0.61 -0.11 0.08 0.13 -0.01 0.07 55.17 83.04 90.93 
0 0 0 48.51 0.00000000 0.00000000 0.00 0.00 0.00 -0.54 -0.12 -0.44 0.19 -0.08 0.02 59.42 83.34 90.19 
0 0 0 48.61 0.00000000 0.00000000 0.00 0.00 0.00 -0.46 -0.06 -0.32 0.79 -0.02 0.10 63.57 86.39 91.17 
0 0 0 48.71 0.00000000 0.00000000 0.00 0.00 0.00 -0.47 0.03 1.89 1.58 -0.06 0.35 63.41 91.43 94.24 
0 0 0 48.81 0.00000000 0.00000000 0.00 0.00 0.00 -0.26 -0.01 0.59 1.89 0.36 0.53 75.15 89.59 96.32 
0 0 0 48.91 0.00000000 0.00000000 0.00 0.00 0.00 -0.09 0.02 0.43 1.92 0.72 0.63 84.87 91.40 97.52 
0 0 0 49.02 0.00000000 0.00000000 0.00 0.00 0.00 0.09 0.01 0.47 1.46 0.45 0.64 95.25 90.72 97.70 
0 0 0 49.12 0.00000000 0.00000000 0.00 0.00 0.00 0.17 0.09 0.93 0.69 0.07 0.39 99.74 95.05 94.70 
0 0 0 49.22 0.00000000 0.00000000 0.00 0.00 0.00 0.13 0.04 0.95 0.12 -0.22 0.12 97.57 92.24 91.40 
0 0 0 49.32 0.00000000 0.00000000 0.00 0.00 0.00 0.15 0.05 1.00 -0.24 -0.07 -0.09 98.35 93.04 88.94 
0 0 0 49.42 0.00000000 0.00000000 0.00 0.00 0.00 0.09 0.04 1.01 -0.45 -0.16 -0.20 95.29 92.30 87.54 
0 0 0 49.52 0.00000000 0.00000000 0.00 0.00 0.00 0.10 -0.07 0.51 -0.49 -0.16 -0.36 95.66 85.83 85.70 
0 0 0 49.62 0.00000000 0.00000000 0.00 0.00 0.00 0.02 -0.03 0.55 -0.43 0.12 -0.70 91.34 88.44 81.56 
0 0 0 49.72 0.00000000 0.00000000 0.00 0.00 0.00 -0.01 0.11 0.73 -0.34 0.34 -0.78 89.54 96.38 80.61 
0 0 0 49.82 0.00000000 0.00000000 0.00 0.00 0.00 0.04 0.16 0.20 -0.43 0.20 -0.69 91.05 99.38 81.38 
0 0 0 49.93 0.00000000 0.00000000 0.00 0.00 0.00 -0.02 0.18 -0.04 -0.30 0.04 -0.38 88.70 100.04 85.48 
0 0 0 50.03 0.00000000 0.00000000 0.00 0.00 0.00 -0.05 0.21 -0.07 0.00 0.19 -0.13 87.41 101.70 88.43 
0 0 0 50.13 0.00000000 0.00000000 0.00 0.00 0.00 -0.11 0.24 0.66 0.48 0.18 0.09 83.83 103.77 91.06 
0 0 0 50.23 0.00000000 0.00000000 0.00 0.00 0.00 -0.02 0.08 -0.12 0.32 -0.65 0.14 89.07 94.63 91.69 
0 0 0 50.33 0.00000000 0.00000000 0.00 0.00 0.00 -0.12 -0.08 0.31 0.44 -0.45 0.05 83.11 85.70 90.65 
0 0 0 50.43 0.00000000 0.00000000 0.00 0.00 0.00 0.05 -0.24 -0.16 0.13 -0.19 0.07 92.62 76.51 90.81 
0 0 0 50.53 0.00000000 0.00000000 0.00 0.00 0.00 0.02 0.01 0.26 -0.15 -0.18 0.11 91.25 90.62 91.27 
0 0 0 50.63 0.00000000 0.00000000 0.00 0.00 0.00 -0.03 0.01 0.27 0.09 0.05 0.09 88.39 90.54 91.06 
0 0 0 50.73 0.00000000 0.00000000 0.00 0.00 0.00 0.13 0.06 -0.54 0.02 -0.02 0.01 97.47 93.59 90.08 
0 0 0 50.83 0.00000000 0.00000000 0.00 0.00 0.00 0.07 0.06 -0.17 -0.00 0.01 0.00 94.19 93.52 90.03 
0 0 0 50.93 0.00000000 0.00000000 0.00 0.00 0.00 0.08 0.08 -0.12 0.02 -0.02 0.01 94.59 94.80 90.09 
0 0 0 51.03 0.00000000 0.00000000 0.00 0.00 0.00 0.05 0.06 0.06 0.03 -0.03 0.01 92.82 93.46 90.08 
0 0 0 51.13 0.00000000 0.00000000 0.00 0.00 0.00 0.04 0.09 0.08 0.01 -0.02 0.01 92.55 94.85 90.06 
0 0 0 51.23 0.00000000 0.00000000 0.00 0.00 0.00 0.07 0.07 -0.07 0.00 -0.00 0.00 93.96 94.16 90.03 
0 0 0 51.33 0.00000000 0.00000000 0.00 0.00 0.00 0.03 0.08 0.26 0.01 -0.02 0.00 91.78 94.66 90.04 
0 0 0 51.44 0.00000000 0.00000000 0.00 0.00 0.00 0.10 0.08 -0.26 0.02 -0.01 0.00 95.68 94.53 90.04 
0 0 0 51.54 0.00000000 0.00000000 0.00 0.00 0.00 0.05 0.06 0.05 0.01 -0.01 0.00 92.77 93.62 90.06 
0 0 0 51.64 0.00000000 0.00000000 0.00 0.00 0.00 0.07 0.07 -0.02 0.01 -0.01 0.00 94.14 94.13 90.05 
0 0 0 51.74 0.00000000 0.00000000 0.00 0.00 0.00 0.07 0.08 -0.09 0.01 -0.01 0.00 94.03 94.47 90.05 
0 0 0 51.84 0.00000000 0.00000000 0.00 0.00 0.00 0.07 0.08 -0.08 0.02 -0.01 0.01 93.74 94.38 90.06 
0 0 0 51.94 0.00000000 0.00000000 0.00 0.00 0.00 0.06 0.08 -0.06 0.02 -0.02 0.01 93.27 94.35 90.08 
0 0 0 52.04 0.00000000 0.00000000 0.00 0.00 0.00 0.06 0.07 -0.04 0.01 -0.00 0.01 93.59 94.02 90.06 
0 0 0 52.14 0.00000000 0.00000000 0.00 0.00 0.00 0.06 0.09 -0.03 0.01 -0.01 0.00 93.56 94.88 90.05 
0 0 0 52.24 0.00000000 0.00000000 0.00 0.00 0.00 0.06 0.06 0.01 0.01 -0.01 0.00 93.27 93.70 90.06 
0 0 0 52.34 0.00000000 0.00000000 0.00 0.00 0.00 0.07 0.08 -0.14 0.02 -0.01 0.00 94.10 94.31 90.05 
0 0 0 52.44 0.00000000 0.00000000 0.00 0.00 0.00 0.06 0.07 0.04 0.01 -0.01 0.00 93.50 94.15 90.04 
0 0 0 52.54 0.00000000 0.00000000 0.00 0.00 0.00 0.07 0.09 -0.03 0.01 -0.01 0.00 94.44 94.21 90.02 
0 0 0 52.64 0.00000000 0.00000000 0.00 0.00 0.00 0.07 0.07 -0.05 0.02 -0.02 0.00 93.92 93.92 90.05 
0 0 0 52.74 0.00000000 0.00000000 0.00 0.00 0.00 0.09 0.08 -0.05 0.01 -0.01 0.00 94.89 94.65 90.04 
0 0 0 52.84 0.00000000 0.00000000 0.00 0.00 0.00 0.06 0.08 -0.01 0.01 -0.00 0.00 93.49 94.35 90.03 
0 0 0 52.95 0.00000000 0.00000000 0.00 0.00 0.00 0.08 0.08 -0.06 0.01 -0.01 0.00 94.34 94.33 90.05 
0 0 0 53.05 0.00000000 0.00000000 0.00 0.00 0.00 0.06 0.07 -0.01 0.01 -0.01 0.00 93.27 94.14 90.06 
0 0 0 53.15 0.00000000 0.00000000 0.00 0.00 0.00 0.07 0.08 -0.04 0.02 -0.01 0.01 93.72 94.80 90.07 
0 0 0 53.25 0.00000000 0.00000000 0.00 0.00 0.00 0.07 0.08 -0.07 0.01 -0.01 0.01 93.74 94.38 90.07 
0 0 0 53.35 0.00000000 0.00000000 0.00 0.00 0.00 0.06 0.06 -0.02 0.01 -0.01 0.00 93.69 93.90 90.03 
0 0 0 53.46 0.00000000 0.00000000 0.00 0.00 0.00 0.07 0.08 -0.03 0.01 -0.01 0.01 93.75 94.40 90.06 
0 0 0 53.56 0.00000000 0.00000000 0.00 0.00 0.00 0.04 0.08 0.17 0.01 -0.01 0.01 92.31 94.61 90.07 
0 0 0 53.66 0.00000000 0.00000000 0.00 0.00 0.00 0.06 0.07 -0.00 0.01 -0.02 0.00 93.46 94.10 90.04 
0 0 0 53.76 0.00000000 0.00000000 0.00 0.00 0.00 0.06 0.06 0.07 0.01 -0.01 0.00 93.21 93.44 90.05 
0 0 0 53.86 0.00000000 0.00000000 0.00 0.00 0.00 0.06 0.07 0.01 0.01 -0.00 0.00 93.40 93.82 90.03 
0 0 0 53.96 0.00000000 0.00000000 0.00 0.00 0.00 0.06 0.06 -0.02 0.02 -0.02 0.01 95.15 93.50 90.04 
0 0 0 54.06 0.00000000 0.00000000 0.00 0.00 0.00 0.10 0.11 -0.43 0.01 -0.01 0.00 93.37 94.21 90.05 
0 0 0 54.16 0.00000000 0.00000000 0.00 0.00 0.00 0.07 0.08 -0.11 0.02 -0.00 0.00 94.11 94.33 90.05 
0 0 0 54.26 0.00000000 0.00000000 0.00 0.00 0.00 0.01 0.09 0.39 0.01 -0.01 0.00 90.85 94.88 90.05 
0 0 0 54.36 0.00000000 0.00000000 0.00 0.00 0.00 0.07 0.07 0.00 0.01 -0.01 0.01 93.99 93.98 90.07 
0 0 0 54.46 0.00000000 0.00000000 0.00 0.00 0.00 0.06 0.07 -0.03 0.01 -0.01 0.00 93.52 94.17 90.05 
0 0 0 54.56 0.00000000 0.00000000 0.00 0.00 0.00 0.06 0.08 -0.03 0.02 -0.00 0.00 93.52 94.38 90.06 
0 0 0 54.66 0.00000000 0.00000000 0.00 0.00 0.00 0.06 0.08 -0.02 0.02 -0.01 0.01 93.52 94.38 90.06 
0 0 0 54.77 0.00000000 0.00000000 0.00 0.00 0.00 0.06 0.06 -0.03 0.02 -0.01 0.00 93.26 93.47 90.06 
0 0 0 54.87 0.00000000 0.00000000 0.00 0.00 0.00 0.03 0.08 0.35 0.01 0.00 0.00 91.59 94.30 90.03 
0 0 0 54.97 0.00000000 0.00000000 0.00 0.00 0.00 0.08 0.08 -0.17 0.01 -0.00 0.00 94.34 94.56 90.03 
0 0 0 55.07 0.00000000 0.00000000 0.00 0.00 0.00 0.09 0.07 -0.41 0.02 -0.02 0.00 95.17 94.26 90.01 
0 0 0 55.17 0.00000000 0.00000000 0.00 0.00 0.00 0.08 0.08 -0.15 0.01 -0.01 0.00 94.41 94.83 90.05 
0 0 0 55.27 0.00000000 0.00000000 0.00 0.00 0.00 0.07 0.07 -0.13 0.01 -0.01 0.00 93.71 94.13 90.05 
0 0 0 55.37 0.00000000 0.00000000 0.00 0.00 0.00 0.07 0.08 -0.12 0.01 -0.01 0.00 93.92 94.35 90.03 
0 0 0 55.47 0.00000000 0.00000000 0.00 0.00 0.00 0.07 0.07 -0.11 0.01 -0.01 0.00 93.72 93.93 90.05 
0 0 0 55.57 0.00000000 0.00000000 0.00 0.00 0.00 0.06 0.07 -0.03 0.01 -0.01 0.00 93.74 93.95 90.05 
0 0 0 55.68 0.00000000 0.00000000 0.00 0.00 0.00 0.07 0.08 -0.10 0.01 -0.02 0.01 93.92 94.57 90.06 
0 0 0 55.78 0.00000000 0.00000000 0.00 0.00 0.00 0.07 0.07 -0.18 0.02 -0.02 0.01 94.14 94.13 90.08 
0 0 0 55.88 0.00000000 0.00000000 0.00 0.00 0.00 0.06 0.07 -0.01 0.01 -0.01 0.00 93.30 93.95 90.04 
0 0 0 55.98 0.00000000 0.00000000 0.00 0.00 0.00 0.06 0.08 -0.01 0.02 -0.01 0.00 93.52 94.60 90.03 
0 0 0 56.08 0.00000000 0.00000000 0.00 0.00 0.00 0.06 0.06 -0.08 0.01 -0.02 0.01 93.68 93.46 90.07 
0 0 0 56.18 0.00000000 0.00000000 0.00 0.00 0.00 0.07 0.07 -0.14 0.01 -0.01 0.01 94.19 94.18 90.07 
0 0 0 56.28 0.00000000 0.00000000 0.00 0.00 0.00 0.06 0.08 -0.02 0.01 0.00 0.00 93.56 94.66 90.03 
0 0 0 56.38 0.00000000 0.00000000 0.00 0.00 0.00 0.06 0.08 -0.02 0.02 -0.01 0.00 93.52 94.38 90.03 
0 0 0 56.48 0.00000000 0.00000000 0.00 0.00 0.00 0.07 0.08 -0.05 0.01 -0.01 0.01 93.74 94.60 90.06 
0 0 0 56.58 0.00000000 0.00000000 0.00 0.00 0.00 0.08 0.08 -0.28 0.01 -0.01 0.00 94.70 94.46 90.04 
0 0 0 56.68 0.00000000 0.00000000 0.00 0.00 0.00 0.06 0.07 -0.01 0.01 -0.01 0.00 93.97 94.40 90.04 
0 0 0 56.78 0.00000000 0.00000000 0.00 0.00 0.00 0.07 0.07 -0.10 0.01 -0.01 0.00 93.91 93.90 90.04 
0 0 0 56.88 0.00000000 0.00000000 0.00 0.00 0.00 0.07 0.08 -0.01 0.02 -0.01 0.00 93.72 94.37 90.03 
0 0 0 56.98 0.00000000 0.00000000 0.00 0.00 0.00 0.08 0.08 -0.35 0.01 -0.01 0.00 94.72 94.48 90.05 
0 0 0 57.08 0.00000000 0.00000000 0.00 0.00 0.00 0.06 0.08 0.00 0.01 -0.02 0.00 93.58 94.42 90.04 
0 0 0 57.19 0.00000000 0.00000000 0.00 0.00 0.00 0.08 0.06 -0.12 0.01 -0.02 0.00 94.41 93.30 90.05 
0 0 0 57.32 0.00000000 0.00000000 0.00 0.00 0.00 0.07 0.07 -0.06 0.01 -0.01 0.00 93.79 94.23 90.03 
0 0 0 57.45 0.00000000 0.00000000 0.00 0.00 0.00 0.07 0.08 -0.03 0.01 -0.01 0.00 93.96 94.60 90.04 
0 0 0 57.59 0.00000000 0.00000000 0.00 0.00 0.00 0.07 0.08 -0.04 0.01 -0.01 0.01 93.75 94.40 90.06 
0 0 0 57.72 0.00000000 0.00000000 0.00 0.00 0.00 0.06 0.08 -0.01 0.01 -0.00 0.00 93.31 94.62 90.04 
0 0 0 57.82 0.00000000 0.00000000 0.00 0.00 0.00 0.07 0.08 -0.03 0.01 -0.01 0.00 93.74 94.38 90.04 
0 0 0 57.92 0.00000000 0.00000000 0.00 0.00 0.00 0.05 0.08 0.04 0.01 -0.01 0.00 93.03 94.75 90.05 
0 0 0 58.02 0.00000000 0.00000000 0.00 0.00 0.00 0.09 0.08 -0.23 0.01 -0.01 0.00 94.88 94.44 90.03 
0 0 0 58.12 0.00000000 0.00000000 0.00 0.00 0.00 0.07 0.07 -0.18 0.01 -0.01 0.01 94.22 93.99 90.07 
0 0 0 58.22 0.00000000 0.00000000 0.00 0.00 0.00 0.07 0.08 -0.03 0.01 -0.01 0.00 93.94 94.37 90.05 
0 0 0 58.32 0.00000000 0.00000000 0.00 0.00 0.00 0.06 0.07 -0.03 0.01 -0.01 0.00 93.30 94.17 90.05 
0 0 0 58.43 0.00000000 0.00000000 0.00 0.00 0.00 0.06 0.06 -0.07 0.01 -0.01 0.00 93.52 93.51 90.02 
0 0 0 58.53 0.00000000 0.00000000 0.00 0.00 0.00 0.07 0.07 -0.13 0.01 -0.02 0.00 94.22 94.21 90.04 
0 0 0 58.63 0.00000000 0.00000000 0.00 0.00 0.00 0.08 0.06 -0.21 0.01 -0.01 0.00 94.36 93.70 90.05 
0 0 0 58.73 0.00000000 0.00000000 0.00 0.00 0.00 0.06 0.08 -0.05 0.02 -0.02 0.01 93.45 94.30 90.09 
0 0 0 58.83 0.00000000 0.00000000 0.00 0.00 0.00 0.04 0.11 0.23 0.01 -0.01 0.00 92.34 96.14 90.04 
0 0 0 58.93 0.00000000 0.00000000 0.00 0.00 0.00 0.07 0.08 -0.18 0.01 -0.02 0.00 93.94 94.37 90.04 
0 0 0 59.03 0.00000000 0.00000000 0.00 0.00 0.00 0.00 0.07 0.32 0.02 -0.00 0.00 90.21 94.15 90.05 
0 0 0 59.13 0.00000000 0.00000000 0.00 0.00 0.00 0.07 0.07 0.13 0.02 -0.01 0.00 93.71 94.13 90.05 
0 0 0 59.23 0.00000000 0.00000000 0.00 0.00 0.00 0.06 0.07 0.04 0.02 -0.01 0.00 93.52 93.73 90.05 
0 0 0 59.33 0.00000000 0.00000000 0.00 0.00 0.00 0.07 0.06 -0.06 0.01 -0.02 0.01 93.85 93.62 90.06 
0 0 0 59.43 0.00000000 0.00000000 0.00 0.00 0.00 0.13 0.11 -0.71 0.02 -0.01 0.01 97.15 96.41 90.08 
0 0 0 59.53 0.00000000 0.00000000 0.00 0.00 0.00 0.03 0.08 0.36 0.01 -0.01 0.00 91.88 94.79 90.05 
0 0 0 59.63 0.00000000 0.00000000 0.00 0.00 0.00 0.03 0.09 0.24 0.02 -0.02 0.01 91.80 94.98 90.06 
0 0 0 59.74 0.00000000 0.00000000 0.00 0.00 0.00 0.08 0.08 -0.10 0.02 -0.00 0.00 93.64 93.63 90.05 
0 0 0 59.84 0.00000000 0.00000000 0.00 0.00 0.00 0.05 0.05 -0.01 0.01 -0.00 0.01 92.95 92.95 90.06 
0 0 0 59.94 0.00000000 0.00000000 0.00 0.00 0.00 0.03 0.07 0.20 0.01 -0.01 0.00 91.61 94.14 90.03 
0 0 0 60.04 0.00000000 0.00000000 0.00 0.00 0.00 0.05 0.09 0.13 0.02 -0.01 0.00 93.03 94.97 90.04 
0 0 0 60.14 0.00000000 0.00000000 0.00 0.00 0.00 0.06 0.06 -0.04 0.01 -0.01 0.00 93.48 93.69 90.06 
0 0 0 60.24 0.00000000 0.00000000 0.00 0.00 0.00 0.07 0.07 -0.10 0.02 -0.01 0.00 94.16 93.93 90.03 
0 0 0 60.34 0.00000000 0.00000000 0.00 0.00 0.00 0.07 0.06 -0.08 0.02 -0.01 0.00 94.15 93.68 90.02 
0 0 0 60.45 0.00000000 0.00000000 0.00 0.00 0.00 0.06 0.09 -0.06 0.01 -0.00 0.00 93.54 94.86 90.05 
0 0 0 60.55 0.00000000 0.00000000 0.00 0.00 0.00 0.07 0.07 -0.14 0.01 -0.02 0.01 93.94 93.93 90.06 
0 0 0 60.65 0.00000000 0.00000000 0.00 0.00 0.00 0.06 0.08 -0.14 0.01 -0.01 0.00 93.69 94.33 90.05 
0 0 0 60.75 0.00000000 0.00000000 0.00 0.00 0.00 0.06 0.08 0.19 0.02 -0.01 0.00 93.31 94.84 90.03 
0 0 0 60.85 0.00000000 0.00000000 0.00 0.00 0.00 0.08 0.06 -0.13 0.01 -0.01 0.00 94.33 93.67 90.04 
0 0 0 60.95 0.00000000 0.00000000 0.00 0.00 0.00 0.07 0.06 -0.07 0.02 -0.01 0.01 94.59 94.80 90.06 
0 0 0 61.05 0.00000000 0.00000000 0.00 0.00 0.00 0.06 0.06 -0.01 0.03 -0.01 0.00 93.52 93.29 90.06 
0 0 0 61.15 0.00000000 0.00000000 0.00 0.00 0.00 0.05 0.07 0.13 0.02 -0.00 0.00 92.90 94.23 90.03 
0 0 0 61.25 0.00000000 0.00000000 0.00 0.00 0.00 0.01 0.06 0.24 0.01 -0.01 0.00 90.41 93.44 90.03 
0 0 0 61.35 0.00000000 0.00000000 0.00 0.00 0.00 0.09 0.06 -0.05 0.01 -0.00 0.00 95.34 93.20 90.04 
0 0 0 61.45 0.00000000 0.00000000 0.00 0.00 0.00 0.06 0.07 0.05 0.01 -0.01 0.00 93.14 93.76 90.05 
0 0 0 61.55 0.00000000 0.00000000 0.00 0.00 0.00 0.06 0.07 -0.03 0.01 -0.01 0.00 93.49 93.92 90.04 
0 0 0 61.65 0.00000000 0.00000000 0.00 0.00 0.00 0.08 0.08 -0.19 0.02 -0.01 0.00 94.70 94.69 90.06 
0 0 0 61.75 0.00000000 0.00000000 0.00 0.00 0.00 0.06 0.07 -0.00 0.01 -0.01 0.00 93.26 93.90 90.03 
0 0 0 61.86 0.00000000 0.00000000 0.00 0.00 0.00 0.07 0.08 0.27 0.01 -0.01 0.00 94.17 94.38 90.05 
0 0 0 61.96 0.00000000 0.00000000 0.00 0.00 0.00 0.06 0.07 0.07 0.01 -0.02 0.01 93.46 94.10 90.06 
0 0 0 62.06 0.00000000 0.00000000 0.00 0.00 0.00 0.07 0.09 0.03 0.01 -0.01 0.00 94.14 95.00 90.05 
0 0 0 62.16 0.00000000 0.00000000 0.00 0.00 0.00 0.25 0.04 -1.07 -0.07 0.09 0.21 104.11 92.05 92.51 
0 0 0 62.26 0.00000000 0.00000000 0.00 0.00 0.00 -0.05 0.00 0.42 -0.80 -0.28 0.03 86.94 90.20 90.33 
0 0 0 62.36 0.00000000 0.00000000 0.00 0.00 0.00 -0.15 0.03 0.52 -1.01 -0.01 0.10 81.21 91.79 91.22 
0 0 0 62.46 0.00000000 0.00000000 0.00 0.00 0.00 -0.24 0.06 0.71 -1.22 -0.03 0.11 76.09 93.14 91.33 
0 0 0 62.56 0.00000000 0.00000000 0.00 0.00 0.00 -0.27 0.02 -0.21 -1.13 -0.13 0.08 74.51 91.18 90.95 
0 0 0 62.66 0.00000000 0.00000000 0.00 0.00 0.00 -0.36 0.02 0.15 -0.76 0.00 0.09 69.46 91.19 91.03 
0 0 0 62.76 0.00000000 0.00000000 0.00 0.00 0.00 -0.32 0.14 -1.94 -0.48 -0.03 0.09 71.66 98.05 91.08 
0 0 0 62.86 0.00000000 0.00000000 0.00 0.00 0.00 -0.53 0.03 0.43 -0.26 -0.07 0.13 59.66 91.91 91.52 
0 0 0 62.96 0.00000000 0.00000000 0.00 0.00 0.00 -0.50 0.12 1.20 -0.34 -0.06 0.12 61.22 96.70 91.47 
0 0 0 63.06 0.00000000 0.00000000 0.00 0.00 0.00 -0.51 0.09 0.16 -0.68 -0.00 0.00 60.72 94.87 90.01 
0 0 0 63.17 0.00000000 0.00000000 0.00 0.00 0.00 -0.45 0.12 -1.97 -0.76 -0.24 -0.13 38.14 85.01 88.51 
0 0 0 63.27 0.00000000 0.00000000 0.00 0.00 0.00 -0.65 0.04 0.19 -0.65 -0.34 -0.21 53.04 92.04 87.49 
0 0 0 63.37 0.00000000 0.00000000 0.00 0.00 0.00 -0.68 0.02 -0.35 -0.33 -0.20 -0.21 51.29 91.02 87.53 
0 0 0 63.47 0.00000000 0.00000000 0.00 0.00 0.00 -0.72 0.03 -1.42 -0.08 -0.18 -0.06 49.05 91.45 89.27 
0 0 0 63.57 0.00000000 0.00000000 0.00 0.00 0.00 -0.81 -0.03 0.73 0.05 -0.14 0.04 44.08 88.37 90.51 
0 0 0 63.67 0.00000000 0.00000000 0.00 0.00 0.00 -0.77 -0.01 0.77 0.01 -0.05 0.08 46.01 89.56 90.94 
0 0 0 63.77 0.00000000 0.00000000 0.00 0.00 0.00 -0.77 -0.08 0.16 0.01 -0.02 0.04 46.24 85.48 90.54 
0 0 0 63.87 0.00000000 0.00000000 0.00 0.00 0.00 -0.81 -0.03 0.74 0.01 0.05 0.01 43.87 88.50 90.09 
0 0 0 63.97 0.00000000 0.00000000 0.00 0.00 0.00 -0.77 -0.04 0.39 0.00 0.00 -0.02 46.04 87.95 89.75 
0 0 0 64.08 0.00000000 0.00000000 0.00 0.00 0.00 -0.67 -0.00 -1.37 0.02 -0.01 -0.00 44.36 88.56 89.94 
0 0 0 64.19 0.00000000 0.00000000 0.00 0.00 0.00 -0.79 -0.04 0.59 -0.01 -0.08 -0.01 51.10 86.77 89.82 
0 0 0 64.29 0.00000000 0.00000000 0.00 0.00 0.00 -0.76 -0.05 0.37 0.01 -0.04 -0.01 46.47 87.37 89.85 
0 0 0 64.39 0.00000000 0.00000000 0.00 0.00 0.00 -0.82 -0.00 1.11 0.02 0.00 -0.01 43.21 89.76 89.87 
0 0 0 64.49 0.00000000 0.00000000 0.00 0.00 0.00 -0.81 -0.10 0.33 0.01 0.00 -0.01 43.85 84.16 89.92 
0 0 0 64.59 0.00000000 0.00000000 0.00 0.00 0.00 -0.81 -0.03 0.81 0.01 -0.02 0.00 42.64 88.78 89.97 
0 0 0 64.69 0.00000000 0.00000000 0.00 0.00 0.00 -0.76 -0.04 0.40 0.03 -0.03 0.01 46.70 87.72 90.06 
0 0 0 64.80 0.00000000 0.00000000 0.00 0.00 0.00 -0.86 -0.04 0.90 0.05 -0.01 0.01 48.87 88.93 90.04 
0 0 0 64.90 0.00000000 0.00000000 0.00 0.00 0.00 -0.79 -0.04 0.64 0.00 0.03 0.01 44.77 87.60 90.15 
0 0 0 65.00 0.00000000 0.00000000 0.00 0.00 0.00 -0.77 -0.03 0.59 -0.01 -0.00 -0.01 45.95 88.37 89.85 
0 0 0 65.10 0.00000000 0.00000000 0.00 0.00 0.00 -0.76 -0.01 0.59 0.02 0.02 0.00 46.89 89.79 89.97 
0 0 0 65.20 0.00000000 0.00000000 0.00 0.00 0.00 -0.76 -0.01 0.76 0.03 -0.00 0.00 46.48 89.56 90.02 
0 0 0 65.31 0.00000000 0.00000000 0.00 0.00 0.00 -0.76 -0.05 0.32 0.04 -0.04 -0.00 48.82 87.37 89.92 
0 0 0 65.41 0.00000000 0.00000000 0.00 0.00 0.00 -0.78 -0.06 0.59 0.01 -0.04 0.00 45.54 86.77 90.04 
0 0 0 65.51 0.00000000 0.00000000 0.00 0.00 0.00 -0.77 -0.06 0.25 -0.02 0.02 0.01 45.39 87.83 90.02 
0 0 0 65.61 0.00000000 0.00000000 0.00 0.00 0.00 -0.79 -0.03 0.76 0.01 -0.00 0.01 45.23 88.02 90.09 
0 0 0 65.71 0.00000000 0.00000000 0.00 0.00 0.00 -0.71 -0.05 -0.56 0.11 -0.00 0.03 49.77 87.22 90.34 
0 0 0 65.82 0.00000000 0.00000000 0.00 0.00 0.00 -0.67 -0.01 -1.16 0.64 0.02 0.23 51.61 89.34 92.50 
0 0 0 65.92 0.00000000 0.00000000 0.00 0.00 0.00 -0.67 0.00 0.79 1.18 0.06 0.31 51.67 90.21 93.67 
0 0 0 66.02 0.00000000 0.00000000 0.00 0.00 0.00 -0.57 -0.03 0.23 1.22 0.03 0.30 56.11 87.98 93.81 
0 0 0 66.13 0.00000000 0.00000000 0.00 0.00 0.00 -0.45 0.01 0.67 1.35 0.07 0.10 64.10 90.48 91.25 
0 0 0 66.23 0.00000000 0.00000000 0.00 0.00 0.00 -0.32 0.02 0.48 1.61 0.09 -0.04 71.51 90.93 89.54 
0 0 0 66.33 0.00000000 0.00000000 0.00 0.00 0.00 -0.06 0.06 0.13 1.73 0.11 0.03 86.82 93.42 90.32 
0 0 0 66.43 0.00000000 0.00000000 0.00 0.00 0.00 0.15 0.10 0.56 1.65 0.43 0.21 93.54 97.97 92.24 
0 0 0 66.54 0.00000000 0.00000000 0.00 0.00 0.00 0.14 0.12 0.95 1.42 0.59 0.25 101.38 95.86 93.19 
0 0 0 66.64 0.00000000 0.00000000 0.00 0.00 0.00 0.28 0.13 0.86 1.19 0.43 0.13 106.16 97.50 91.59 
0 0 0 66.74 0.00000000 0.00000000 0.00 0.00 0.00 0.51 0.24 1.16 0.74 0.29 0.04 119.31 103.40 90.49 
0 0 0 66.84 0.00000000 0.00000000 0.00 0.00 0.00 0.59 0.29 1.17 0.12 0.18 -0.11 123.73 106.81 88.69 
0 0 0 66.94 0.00000000 0.00000000 0.00 0.00 0.00 0.40 0.30 1.11 -0.18 -0.05 -0.18 112.55 106.82 87.89 
0 0 0 67.05 0.00000000 0.00000000 0.00 0.00 0.00 0.40 0.29 1.06 -0.05 -0.12 -0.08 112.29 104.75 88.85 
0 0 0 67.15 0.00000000 0.00000000 0.00 0.00 0.00 0.48 0.37 1.36 0.10 -0.08 0.07 116.43 106.65 90.52 
0 0 0 67.25 0.00000000 0.00000000 0.00 0.00 0.00 0.52 0.26 0.80 0.05 -0.08 0.09 119.36 104.64 91.04 
0 0 0 67.35 0.00000000 0.00000000 0.00 0.00 0.00 0.51 0.26 0.90 -0.02 -0.01 0.01 118.22 104.95 90.22 
0 0 0 67.45 0.00000000 0.00000000 0.00 0.00 0.00 0.34 0.23 0.94 -0.05 -0.05 -0.00 109.48 103.23 89.98 
0 0 0 67.55 0.00000000 0.00000000 0.00 0.00 0.00 0.53 0.25 0.91 0.02 -0.04 0.03 119.95 104.45 90.42 
0 0 0 67.66 0.00000000 0.00000000 0.00 0.00 0.00 0.49 0.21 0.64 0.03 -0.05 0.01 118.20 101.95 90.10 
0 0 0 67.76 0.00000000 0.00000000 0.00 0.00 0.00 0.40 0.22 0.88 -0.01 -0.03 -0.04 119.11 105.49 89.66 
0 0 0 67.86 0.00000000 0.00000000 0.00 0.00 0.00 0.48 0.22 0.76 -0.08 -0.01 -0.09 117.13 102.62 88.90 
0 0 0 67.96 0.00000000 0.00000000 0.00 0.00 0.00 0.54 0.26 0.73 -0.05 -0.04 -0.06 120.59 104.97 89.29 
0 0 0 68.06 0.00000000 0.00000000 0.00 0.00 0.00 0.41 0.24 0.96 0.01 -0.10 -0.03 113.36 103.46 89.66 
0 0 0 68.16 0.00000000 0.00000000 0.00 0.00 0.00 0.31 0.20 0.88 -0.01 -0.00 -0.02 107.71 101.65 89.79 
0 0 0 68.26 0.00000000 0.00000000 0.00 0.00 0.00 0.36 0.24 0.90 -0.30 -0.09 -0.10 110.48 103.67 88.83 
0 0 0 68.37 0.00000000 0.00000000 0.00 0.00 0.00 0.33 0.15 0.67 -0.99 -0.58 -0.42 111.59 101.17 85.48 
0 0 0 68.47 0.00000000 0.00000000 0.00 0.00 0.00 0.16 0.19 0.82 -1.58 -0.62 -0.61 98.88 101.08 82.71 
0 0 0 68.57 0.00000000 0.00000000 0.00 0.00 0.00 -0.05 0.16 0.90 -1.97 -0.61 -0.44 87.40 99.23 84.69 
0 0 0 68.67 0.00000000 0.00000000 0.00 0.00 0.00 -0.21 0.12 0.80 -1.94 -0.44 -0.22 78.09 96.67 87.33 
0 0 0 68.77 0.00000000 0.00000000 0.00 0.00 0.00 -0.35 0.12 0.97 -1.88 -0.39 -0.07 69.96 97.09 89.11 
0 0 0 68.88 0.00000000 0.00000000 0.00 0.00 0.00 -0.44 -0.04 0.33 -1.65 -0.28 -0.08 65.14 87.81 89.08 
0 0 0 68.98 0.00000000 0.00000000 0.00 0.00 0.00 -0.82 -0.03 0.88 -1.35 -0.07 -0.04 43.27 88.38 89.55 
0 0 0 69.08 0.00000000 0.00000000 0.00 0.00 0.00 -0.69 -0.01 -0.14 -0.91 -0.08 -0.02 50.57 89.61 89.78 
0 0 0 69.18 0.00000000 0.00000000 0.00 0.00 0.00 -0.84 -0.06 0.48 -0.20 -0.07 0.04 45.99 87.22 90.36 
0 0 0 69.28 0.00000000 0.00000000 0.00 0.00 0.00 -0.82 -0.05 0.11 0.10 -0.08 0.16 43.52 87.13 91.90 
0 0 0 69.38 0.00000000 0.00000000 0.00 0.00 0.00 -0.75 -0.00 -0.31 1.00 -0.08 0.25 47.10 89.78 92.95 
0 0 0 69.48 0.00000000 0.00000000 0.00 0.00 0.00 -0.62 -0.02 0.45 1.92 0.25 0.43 53.49 92.37 94.98 
0 0 0 69.59 0.00000000 0.00000000 0.00 0.00 0.00 -0.47 -0.01 0.03 2.10 0.20 0.32 63.36 89.52 93.86 
0 0 0 69.69 0.00000000 0.00000000 0.00 0.00 0.00 -0.31 0.01 0.68 2.07 0.44 0.20 72.53 90.85 92.44 
0 0 0 69.79 0.00000000 0.00000000 0.00 0.00 0.00 -0.02 0.12 0.63 2.40 0.55 0.15 93.08 93.07 91.97 
0 0 0 69.89 0.00000000 0.00000000 0.00 0.00 0.00 0.27 0.02 0.02 2.29 0.07 0.17 105.38 91.17 92.09 
0 0 0 69.99 0.00000000 0.00000000 0.00 0.00 0.00 0.55 0.19 -0.69 1.43 0.18 0.07 121.09 101.08 90.83 
0 0 0 70.09 0.00000000 0.00000000 0.00 0.00 0.00 0.48 0.17 0.76 -0.08 -0.06 -0.30 117.37 99.46 86.37 
0 0 0 70.19 0.00000000 0.00000000 0.00 0.00 0.00 0.45 0.17 0.03 -1.49 -0.41 -0.68 115.87 99.65 81.87 
0 0 0 70.30 0.00000000 0.00000000 0.00 0.00 0.00 0.00 0.12 0.82 -1.80 0.03 -0.70 91.67 98.11 81.67 
0 0 0 70.40 0.00000000 0.00000000 0.00 0.00 0.00 -0.01 0.18 0.62 -0.89 0.39 -0.64 89.40 100.16 82.35 
0 0 0 70.50 0.00000000 0.00000000 0.00 0.00 0.00 0.00 0.44 2.39 0.01 0.12 -0.19 90.00 115.00 87.66 
0 0 0 70.61 0.00000000 0.00000000 0.00 0.00 0.00 -0.05 0.10 0.16 0.27 -0.33 0.03 84.64 94.49 90.72 
0 0 0 70.71 0.00000000 0.00000000 0.00 0.00 0.00 0.65 0.24 -1.74 0.34 -0.56 -0.02 127.10 103.87 89.81 
0 0 0 70.81 0.00000000 0.00000000 0.00 0.00 0.00 0.00 0.09 0.42 0.27 -0.31 -0.13 90.00 95.17 88.48 
0 0 0 70.91 0.00000000 0.00000000 0.00 0.00 0.00 0.24 0.09 -1.06 0.13 0.04 -0.07 103.52 94.86 89.18 
0 0 0 71.02 0.00000000 0.00000000 0.00 0.00 0.00 0.12 0.12 -0.24 0.02 0.03 0.00 88.90 96.79 90.03 
0 0 0 71.12 0.00000000 0.00000000 0.00 0.00 0.00 0.03 0.06 0.29 0.03 -0.02 0.01 91.79 93.57 90.07 
0 0 0 71.22 0.00000000 0.00000000 0.00 0.00 0.00 0.04 0.05 0.18 0.03 -0.03 0.01 92.47 93.08 90.08 
0 0 0 71.33 0.00000000 0.00000000 0.00 0.00 0.00 0.03 0.07 0.18 0.00 -0.01 0.00 91.01 94.64 90.05 
0 0 0 71.43 0.00000000 0.00000000 0.00 0.00 0.00 0.07 0.10 0.24 -0.01 0.00 0.00 94.08 94.07 90.02 
0 0 0 71.53 0.00000000 0.00000000 0.00 0.00 0.00 0.11 0.09 -0.15 0.01 0.00 0.01 93.92 94.35 90.02 
0 0 0 71.63 0.00000000 0.00000000 0.00 0.00 0.00 0.06 0.06 0.10 0.02 -0.02 0.00 93.53 94.18 90.02 
0 0 0 71.73 0.00000000 0.00000000 0.00 0.00 0.00 0.07 0.07 0.13 0.02 -0.01 0.01 93.96 94.16 90.07 
0 0 0 71.84 0.00000000 0.00000000 0.00 0.00 0.00 0.06 0.07 0.16 0.02 -0.01 0.00 93.72 93.93 90.05 
0 0 0 71.94 0.00000000 0.00000000 0.00 0.00 0.00 0.07 0.07 0.11 0.00 -0.00 0.00 93.72 93.93 90.02 
0 0 0 72.05 0.00000000 0.00000000 0.00 0.00 0.00 0.06 0.07 0.18 0.02 -0.00 0.00 93.52 94.60 90.04 
0 0 0 72.15 0.00000000 0.00000000 0.00 0.00 0.00 0.05 0.08 0.22 0.02 -0.01 0.00 93.04 94.34 90.06 
0 0 0 72.25 0.00000000 0.00000000 0.00 0.00 0.00 0.09 0.08 -0.00 0.01 -0.02 0.00 95.15 93.79 90.04 
0 0 0 72.35 0.00000000 0.00000000 0.00 0.00 0.00 0.06 0.08 0.25 0.01 -0.01 0.00 93.27 94.35 90.05 
0 0 0 72.45 0.00000000 0.00000000 0.00 0.00 0.00 0.06 0.08 0.15 0.01 -0.01 0.00 93.53 94.40 90.05 
0 0 0 72.56 0.00000000 0.00000000 0.00 0.00 0.00 0.06 0.07 0.10 0.01 -0.00 0.00 93.49 94.35 90.06 
0 0 0 72.66 0.00000000 0.00000000 0.00 0.00 0.00 0.06 0.08 0.15 0.02 -0.01 0.00 93.31 94.84 90.04 
0 0 0 72.76 0.00000000 0.00000000 0.00 0.00 0.00 0.08 0.07 0.04 0.01 -0.02 0.00 94.46 94.23 90.06 
0 0 0 72.86 0.00000000 0.00000000 0.00 0.00 0.00 0.10 0.08 -0.16 0.01 -0.01 0.00 95.68 94.30 90.05 
0 0 0 72.96 0.00000000 0.00000000 0.00 0.00 0.00 0.07 0.07 0.10 0.01 -0.01 0.01 94.19 93.96 90.06 
0 0 0 73.07 0.00000000 0.00000000 0.00 0.00 0.00 0.07 0.08 0.14 0.01 -0.01 0.00 92.67 93.78 90.04 
0 0 0 73.17 0.00000000 0.00000000 0.00 0.00 0.00 0.06 0.08 0.21 0.01 -0.01 0.00 93.03 94.32 90.04 
0 0 0 73.28 0.00000000 0.00000000 0.00 0.00 0.00 0.07 0.08 0.04 0.01 -0.01 0.00 93.49 94.57 90.01 
0 0 0 73.38 0.00000000 0.00000000 0.00 0.00 0.00 0.06 0.07 0.08 0.02 -0.01 0.00 96.09 92.17 90.05 
0 0 0 73.48 0.00000000 0.00000000 0.00 0.00 0.00 0.05 0.06 0.11 0.01 -0.01 0.00 92.09 92.93 90.06 
0 0 0 73.58 0.00000000 0.00000000 0.00 0.00 0.00 0.15 -0.04 -0.45 0.01 -0.01 -0.09 98.50 87.88 88.93 
0 0 0 73.69 0.00000000 0.00000000 0.00 0.00 0.00 -0.07 0.15 0.96 0.02 -0.02 -0.02 86.12 98.29 89.73 
0 0 0 73.79 0.00000000 0.00000000 0.00 0.00 0.00 -0.02 0.08 0.54 0.01 -0.01 0.12 90.21 90.63 91.58 
0 0 0 73.89 0.00000000 0.00000000 0.00 0.00 0.00 0.02 0.06 0.27 0.01 -0.01 0.01 92.52 91.89 90.06 
0 0 0 74.03 0.00000000 0.00000000 0.00 0.00 0.00 0.08 0.07 -0.01 -0.00 -0.03 0.00 94.47 94.04 90.04 
0 0 0 74.16 0.00000000 0.00000000 0.00 0.00 0.00 0.06 0.07 0.11 0.02 -0.01 0.00 93.52 93.95 90.05 
0 0 0 74.30 0.00000000 0.00000000 0.00 0.00 0.00 0.08 0.05 -0.05 0.02 -0.02 0.00 94.49 92.99 90.03 
0 0 0 74.43 0.00000000 0.00000000 0.00 0.00 0.00 0.09 0.07 -0.06 0.01 -0.02 0.00 95.00 93.86 90.06 
0 0 0 74.53 0.00000000 0.00000000 0.00 0.00 0.00 0.04 0.06 0.22 0.02 -0.01 0.00 92.29 93.53 90.04 
0 0 0 74.63 0.00000000 0.00000000 0.00 0.00 0.00 -0.01 0.11 0.68 0.01 -0.01 0.00 89.67 96.20 90.05 
0 0 0 74.74 0.00000000 0.00000000 0.00 0.00 0.00 0.05 0.07 0.16 0.01 -0.00 0.00 91.94 93.01 90.03 
0 0 0 74.84 0.00000000 0.00000000 0.00 0.00 0.00 0.06 0.06 0.28 0.01 0.02 0.00 93.88 94.30 90.01 
0 0 0 74.94 0.00000000 0.00000000 0.00 0.00 0.00 0.02 -0.05 0.11 0.00 -0.07 0.01 90.95 87.39 90.06 
0 0 0 75.04 0.00000000 0.00000000 0.00 0.00 0.00 0.07 0.05 -0.04 0.01 -0.02 0.01 94.03 92.97 90.07 
0 0 0 75.15 0.00000000 0.00000000 0.00 0.00 0.00 0.07 0.07 0.11 0.02 -0.03 0.00 94.03 94.02 90.06 
0 0 0 75.25 0.00000000 0.00000000 0.00 0.00 0.00 0.06 0.07 0.09 0.01 -0.02 0.00 93.76 94.64 90.05 
0 0 0 75.35 0.00000000 0.00000000 0.00 0.00 0.00 0.05 0.07 0.22 0.01 -0.01 0.00 93.07 93.93 90.04 
0 0 0 75.45 0.00000000 0.00000000 0.00 0.00 0.00 0.06 0.06 0.13 0.01 -0.01 0.00 93.02 93.66 90.05 
0 0 0 75.56 0.00000000 0.00000000 0.00 0.00 0.00 0.06 0.06 0.15 0.01 -0.02 0.00 93.28 93.28 90.06 
0 0 0 75.66 0.00000000 0.00000000 0.00 0.00 0.00 0.02 0.05 0.32 0.02 -0.01 0.01 90.87 92.81 90.07 
0 0 0 75.76 0.00000000 0.00000000 0.00 0.00 0.00 0.07 0.06 0.06 0.01 -0.02 0.00 95.00 97.23 90.05 
