3.26 -0.01 0.04 -0.03 0.03 0.06 0.04 0.01 -0.03 0.00 93.33 92.01 90.03 
3.44 0.06 0.04 0.07 0.03 0.13 0.07 0.01 -0.02 0.00 92.57 91.82 90.05 
3.54 0.10 0.06 0.07 0.06 0.04 0.06 0.01 -0.02 0.00 93.46 93.35 90.04 
3.64 0.05 0.07 0.06 0.06 0.04 0.01 0.01 -0.01 0.00 93.84 93.57 90.05 
3.75 0.06 0.07 0.07 0.07 0.03 0.03 0.01 -0.01 0.00 93.76 93.86 90.03 
3.85 0.06 0.06 0.08 0.07 0.04 0.04 0.01 -0.00 0.00 93.72 94.01 90.02 
3.95 0.07 0.06 0.07 0.07 0.06 0.06 0.01 -0.02 0.00 93.55 93.97 90.04 
4.05 0.06 0.06 0.06 0.07 0.02 0.02 0.01 -0.02 0.00 93.40 93.97 90.02 
4.15 0.08 0.07 0.08 0.07 0.00 0.01 0.01 -0.01 0.00 93.64 94.03 90.06 
4.29 0.01 0.06 0.05 0.07 -0.01 0.00 0.01 -0.01 0.00 93.33 93.93 90.04 
4.42 0.06 0.06 0.07 0.07 0.02 -0.01 0.01 -0.01 0.01 93.36 93.93 90.06 
4.55 0.06 0.06 0.08 0.07 0.01 0.02 0.02 -0.01 0.00 93.38 94.00 90.05 
4.68 0.05 0.06 0.06 0.07 0.02 0.01 0.01 -0.02 -0.03 93.30 93.95 89.60 
4.78 0.06 0.06 0.08 0.07 0.04 0.04 0.01 -0.01 -0.01 93.44 94.13 89.86 
4.89 0.02 0.05 0.06 0.07 0.06 0.04 0.00 -0.01 -0.01 92.78 94.06 89.86 
4.99 0.05 0.05 0.10 0.07 -0.00 -0.00 -0.05 -0.05 -0.11 93.02 94.08 88.67 
5.09 -0.05 0.04 0.00 0.03 0.01 -0.04 -0.11 -0.10 -0.10 93.44 92.28 88.79 
5.19 0.12 0.08 0.03 0.03 -0.18 -0.14 -0.15 -0.17 -0.10 94.11 91.88 88.89 
5.30 0.18 0.07 0.04 0.03 -0.28 -0.22 -0.19 -0.20 -0.15 93.10 91.68 88.07 
5.40 0.02 0.03 0.05 0.03 -0.18 -0.10 -0.11 -0.18 -0.06 91.43 91.77 89.29 
5.50 0.00 0.00 0.00 0.02 -0.08 -0.08 0.11 -0.41 0.01 90.05 90.90 90.17 
5.60 -0.01 0.01 -0.13 -0.06 -0.09 -0.11 0.11 -0.68 -0.04 90.59 87.40 89.68 
5.70 0.04 0.02 -0.13 -0.11 0.02 0.03 -0.07 -0.57 -0.11 91.25 83.69 88.71 
5.81 0.02 0.02 -0.25 -0.18 -0.12 -0.13 -0.16 -0.48 -0.05 91.18 80.26 89.37 
5.92 0.05 0.01 -0.28 -0.23 -0.14 -0.12 -0.12 -0.39 -0.04 90.38 77.16 89.47 
6.02 0.03 -0.01 -0.31 -0.27 -0.04 -0.00 -0.13 -0.53 -0.05 89.46 74.68 89.37 
6.12 -0.07 -0.03 -0.32 -0.30 -0.13 -0.17 -0.07 -0.59 -0.08 88.80 72.92 89.09 
6.23 0.06 -0.01 -0.40 -0.38 -0.11 -0.06 -0.06 -0.53 -0.06 88.47 68.37 89.20 
6.33 0.01 -0.03 -0.45 -0.42 -0.10 -0.06 -0.10 -0.48 -0.02 88.42 66.03 89.70 
6.43 -0.07 -0.05 -0.53 -0.48 -0.13 -0.16 -0.16 -0.46 -0.01 87.15 62.42 89.85 
6.53 -0.03 -0.05 -0.65 -0.56 -0.10 -0.10 -0.08 -0.40 -0.03 86.99 58.07 89.58 
6.63 0.03 -0.08 -0.70 -0.59 -0.11 -0.02 0.11 -0.18 -0.01 84.48 57.52 89.84 
6.73 -0.06 -0.08 -0.74 -0.61 0.07 0.10 0.12 -0.29 0.06 85.17 55.06 90.69 
6.83 -0.04 -0.10 -0.74 -0.62 0.30 0.41 0.08 -0.37 0.02 84.25 54.47 90.23 
6.94 -0.10 -0.08 -0.74 -0.67 0.06 0.06 0.02 -0.44 -0.03 85.33 52.20 89.73 
7.04 -0.12 -0.10 -0.73 -0.68 0.27 0.26 -0.00 -0.01 0.01 84.51 51.23 90.15 
7.15 -0.11 -0.07 -0.69 -0.73 -0.08 0.04 0.06 0.16 0.01 86.44 47.82 90.11 
7.25 -0.05 -0.04 -0.63 -0.70 -0.12 -0.12 0.08 0.21 0.01 87.83 49.19 90.12 
7.36 -0.04 -0.04 -0.65 -0.67 0.02 0.02 -0.03 0.00 0.04 87.53 51.29 90.42 
7.46 -0.01 -0.04 -0.64 -0.67 -0.09 -0.07 -0.01 -0.01 -0.00 87.45 51.37 89.98 
7.56 -0.07 -0.06 -0.69 -0.67 0.02 0.01 0.02 -0.05 0.01 86.80 51.53 90.16 
7.66 -0.05 -0.07 -0.71 -0.68 0.12 0.16 0.00 -0.04 0.04 85.65 51.42 90.45 
7.76 -0.07 -0.08 -0.74 -0.69 0.06 0.07 0.00 0.02 0.01 85.55 50.25 90.11 
7.86 -0.05 -0.07 -0.66 -0.67 0.14 0.16 0.01 0.01 0.03 85.45 51.76 90.34 
7.97 -0.09 -0.08 -0.64 -0.66 0.17 0.16 0.03 0.02 -0.00 85.19 51.78 89.99 
8.07 -0.09 -0.09 -0.71 -0.66 0.21 0.21 -0.02 0.04 0.02 85.08 52.62 90.20 
8.18 -0.14 -0.09 -0.64 -0.65 0.20 0.13 0.04 0.05 0.03 85.14 52.31 90.35 
8.28 -0.09 -0.08 -0.68 -0.68 0.15 0.14 0.11 0.08 -0.03 85.49 51.00 89.77 
8.38 -0.08 -0.07 -0.64 -0.65 0.15 0.14 0.03 0.05 0.03 85.94 52.84 90.34 
8.48 -0.02 -0.04 -0.64 -0.65 0.03 0.05 0.00 -0.05 0.02 87.61 52.58 90.21 
8.59 -0.08 -0.07 -0.59 -0.68 0.08 0.06 0.04 0.11 -0.02 86.36 50.45 89.80 
8.69 -0.07 -0.06 -0.67 -0.66 0.10 0.09 0.07 0.08 -0.02 86.46 52.14 89.73 
8.79 0.02 -0.01 -0.66 -0.67 -0.19 -0.17 -0.03 0.10 0.00 89.17 51.52 90.02 
8.90 -0.07 -0.06 -0.64 -0.63 0.09 0.04 0.01 -0.01 -0.00 86.76 54.05 89.96 
9.00 -0.01 -0.04 -0.69 -0.66 -0.01 0.02 0.06 0.09 0.00 87.58 52.80 89.98 
9.10 -0.01 -0.04 -0.66 -0.64 -0.03 0.00 0.07 0.10 0.00 87.11 53.64 90.01 
9.21 0.02 -0.03 -0.59 -0.62 0.03 0.07 0.03 0.07 -0.00 87.85 54.07 90.01 
9.31 -0.04 -0.01 -0.67 -0.64 -0.05 -0.07 0.03 0.20 -0.02 89.68 53.38 89.77 
9.41 -0.09 -0.05 -0.59 -0.59 0.14 -0.02 0.02 0.42 -0.02 87.92 55.92 89.76 
9.52 -0.10 -0.06 -0.53 -0.54 0.19 0.16 0.08 0.81 0.02 87.12 58.95 90.09 
9.62 -0.06 -0.04 -0.40 -0.45 0.09 0.07 0.15 0.70 -0.02 87.93 63.59 89.87 
9.72 -0.04 -0.02 -0.32 -0.40 0.14 0.12 0.15 0.60 -0.08 88.94 66.02 89.19 
9.83 0.05 0.02 -0.31 -0.33 -0.04 -0.02 0.14 0.67 -0.07 91.15 70.78 89.19 
9.93 0.04 0.04 -0.25 -0.28 -0.13 -0.13 0.09 0.66 -0.13 92.05 74.00 88.49 
10.03 0.02 0.05 -0.12 -0.19 -0.05 -0.06 0.05 0.69 -0.11 92.58 78.86 88.72 
10.13 0.06 0.05 -0.05 -0.12 -0.07 -0.01 0.21 0.54 -0.11 92.83 82.42 88.69 
10.23 0.12 0.08 -0.01 -0.05 -0.05 -0.02 0.27 0.48 -0.07 94.25 86.48 89.10 
10.34 0.18 0.11 0.09 0.01 0.01 0.04 0.20 0.80 -0.05 95.50 89.53 89.31 
10.44 0.11 0.12 0.17 0.10 -0.11 -0.10 -0.02 0.94 -0.04 96.64 94.78 89.49 
10.54 0.01 0.09 0.14 0.14 0.07 0.03 -0.03 0.43 -0.14 95.13 98.19 88.35 
10.64 0.15 0.13 0.27 0.22 -0.13 -0.12 0.23 0.42 -0.03 97.38 102.72 89.68 
10.74 0.29 0.15 0.35 0.27 -0.00 0.06 0.21 0.49 0.07 97.40 104.89 90.82 
10.85 0.13 0.14 0.36 0.30 0.04 0.03 -0.04 0.57 0.03 98.41 106.75 90.55 
10.95 0.07 0.14 0.38 0.36 0.04 0.01 0.00 0.20 -0.08 99.01 110.15 89.01 
11.05 0.20 0.16 0.44 0.41 -0.02 -0.00 0.15 0.24 0.02 98.97 113.23 90.30 
11.15 0.19 0.18 0.44 0.43 -0.01 -0.00 0.07 0.27 0.08 100.12 114.31 91.05 
11.26 0.12 0.17 0.43 0.44 0.15 0.13 0.01 0.24 0.03 100.36 115.45 90.33 
11.36 0.17 0.16 0.50 0.46 0.07 0.07 0.02 0.17 -0.07 99.29 116.39 89.20 
11.46 0.26 0.19 0.55 0.49 0.01 0.03 -0.03 0.24 -0.07 99.90 117.48 89.14 
11.57 0.15 0.17 0.48 0.50 0.03 0.02 -0.00 0.06 0.01 99.64 118.69 89.98 
11.67 0.16 0.15 0.50 0.49 0.07 0.08 0.06 0.08 0.02 98.28 118.32 90.30 
11.77 0.19 0.18 0.52 0.51 0.05 0.05 0.04 0.05 -0.01 99.98 119.15 89.88 
11.88 0.18 0.19 0.53 0.52 0.02 0.02 0.05 0.04 0.01 100.70 119.99 90.03 
11.98 0.23 0.21 0.52 0.53 -0.03 -0.03 0.06 0.00 0.03 101.67 120.51 90.31 
12.08 0.20 0.19 0.53 0.53 0.04 0.04 0.03 0.01 0.03 101.12 120.56 90.33 
12.19 0.20 0.20 0.52 0.53 0.05 0.05 0.03 -0.00 0.01 101.09 120.26 90.17 
12.29 0.21 0.20 0.54 0.53 0.05 0.05 0.05 -0.01 -0.02 101.64 120.25 89.78 
12.39 0.19 0.20 0.54 0.54 0.04 0.06 0.00 0.06 0.05 101.40 121.17 90.47 
12.50 0.21 0.20 0.53 0.53 0.04 0.04 0.04 0.00 0.02 101.66 120.62 90.28 
12.60 0.26 0.22 0.55 0.54 0.06 0.07 0.02 -0.02 -0.00 102.06 120.99 89.94 
12.70 0.14 0.19 0.46 0.53 0.11 0.10 0.00 0.01 0.04 101.46 121.05 90.44 
12.80 0.03 0.19 0.45 0.51 0.10 0.05 0.01 0.02 0.02 101.05 119.17 90.19 
12.91 0.26 0.24 0.62 0.55 -0.02 -0.01 0.03 0.01 0.01 103.29 120.61 89.99 
13.01 0.27 0.22 0.57 0.55 0.03 0.04 0.02 0.06 0.06 102.30 121.50 90.68 
13.11 0.22 0.22 0.55 0.55 0.07 0.08 0.01 -0.04 -0.01 102.52 121.42 89.89 
13.22 0.22 0.21 0.54 0.55 0.08 0.08 0.04 -0.06 -0.00 102.21 121.32 89.99 
13.32 0.15 0.19 0.48 0.52 0.12 0.11 0.04 -0.27 -0.03 101.24 120.22 89.78 
13.43 0.24 0.18 0.52 0.50 0.07 0.09 0.05 -0.76 -0.07 99.40 118.37 89.23 
13.53 0.17 0.19 0.38 0.44 0.06 0.06 0.02 -1.13 -0.08 100.96 115.40 89.05 
13.63 0.15 0.19 0.30 0.36 -0.06 0.02 -0.06 -1.09 -0.05 101.19 111.06 89.31 
13.73 0.30 0.20 0.25 0.29 0.01 0.08 0.05 -1.28 0.01 100.43 106.93 89.73 
13.84 0.18 0.23 0.14 0.19 -0.17 -0.22 0.10 -1.15 0.19 103.96 101.06 92.14 
13.94 0.10 0.20 -0.08 0.02 -0.05 -0.14 0.07 -1.09 0.31 102.55 92.21 93.75 
14.04 0.20 0.19 -0.23 -0.16 0.26 0.28 0.14 -0.89 0.14 100.59 81.29 91.96 
14.15 0.26 0.19 -0.34 -0.26 0.36 0.29 0.11 -1.14 -0.03 100.25 76.02 89.77 
14.25 0.31 0.21 -0.38 -0.33 0.19 0.31 0.03 -1.00 -0.03 102.22 71.13 89.67 
14.35 0.38 0.25 -0.56 -0.44 0.14 0.31 0.06 -0.80 0.07 103.34 65.75 90.72 
14.46 0.23 0.24 -0.56 -0.53 0.20 0.20 0.02 -0.68 0.05 103.93 59.94 90.56 
14.56 0.21 0.25 -0.70 -0.60 0.30 0.30 0.01 -0.72 0.04 104.49 56.64 90.50 
14.66 0.46 0.30 -0.87 -0.71 0.04 0.06 0.07 -0.28 0.02 105.89 50.66 90.23 
14.77 0.42 0.31 -0.85 -0.75 -0.00 0.07 -0.01 0.08 0.03 107.61 46.95 90.33 
14.87 0.40 0.32 -0.73 -0.74 -0.03 0.02 -0.04 0.43 -0.00 107.27 47.00 89.92 
14.97 0.23 0.30 -0.60 -0.68 -0.04 -0.07 -0.03 0.94 0.02 107.96 49.93 90.31 
15.08 0.36 0.29 -0.49 -0.58 -0.11 -0.07 0.05 1.61 0.01 105.91 55.87 90.25 
15.18 0.47 0.28 -0.31 -0.37 -0.02 0.09 0.21 1.91 0.18 104.16 68.36 91.78 
15.28 0.17 0.25 -0.13 -0.20 0.12 0.07 0.13 2.19 0.29 104.97 77.73 93.75 
15.39 0.14 0.26 0.20 0.04 0.18 0.11 0.01 2.00 0.11 106.15 90.57 91.52 
15.49 0.20 0.24 0.28 0.20 0.27 0.25 -0.21 1.66 -0.13 103.83 100.70 88.47 
15.59 0.15 0.15 0.36 0.33 0.26 0.26 -0.07 1.03 -0.20 98.57 108.66 87.71 
15.69 0.23 0.13 0.45 0.41 0.32 0.34 0.04 0.22 -0.27 97.60 113.56 86.76 
15.80 0.27 0.16 0.59 0.50 0.32 0.34 -0.08 0.25 -0.24 98.00 117.87 86.97 
15.90 0.08 0.16 0.54 0.54 0.13 0.10 0.04 0.17 -0.01 100.14 120.81 89.64 
16.00 0.16 0.16 0.53 0.53 0.16 0.16 0.05 0.08 0.02 99.19 120.54 90.27 
16.10 0.18 0.18 0.58 0.56 0.15 0.15 0.02 0.05 0.03 100.03 122.13 90.23 
16.21 0.22 0.20 0.58 0.57 0.09 0.10 0.04 -0.01 0.03 101.04 122.40 90.39 
16.31 0.20 0.20 0.56 0.56 0.12 0.12 0.01 -0.01 -0.01 101.43 122.28 89.95 
16.41 0.17 0.19 0.55 0.56 0.12 0.13 0.01 -0.08 -0.05 100.86 122.02 89.36 
16.52 0.14 0.17 0.47 0.52 0.16 0.16 0.07 -0.73 -0.16 99.73 120.26 88.18 
16.62 0.14 0.16 0.46 0.48 0.12 0.12 0.05 -1.02 -0.22 99.69 117.76 87.39 
16.72 0.24 0.18 0.37 0.43 0.00 0.03 -0.09 -0.92 -0.18 100.30 114.77 87.81 
16.82 0.17 0.15 0.27 0.33 0.00 0.02 -0.06 -0.96 -0.18 98.44 109.20 87.82 
16.92 0.07 0.14 0.17 0.25 0.03 -0.01 -0.02 -1.25 -0.13 98.48 104.82 88.29 
17.02 0.01 0.10 0.11 0.15 0.11 0.03 0.02 -1.24 -0.08 95.56 98.63 89.04 
17.12 0.13 0.12 -0.04 0.04 0.00 0.02 -0.02 -1.24 0.11 96.66 92.27 91.38 
17.23 0.19 0.17 -0.39 -0.15 -0.35 -0.43 0.01 -1.18 0.18 99.22 84.12 92.25 
17.33 -0.04 0.06 -0.32 -0.32 0.40 0.33 0.22 -0.88 -0.07 94.66 71.46 89.19 
17.43 0.15 0.12 -0.40 -0.38 0.16 0.19 0.16 -0.70 -0.02 96.74 68.55 89.68 
17.54 0.18 0.15 -0.53 -0.46 0.21 0.25 0.00 -0.49 0.05 98.09 64.31 90.62 
17.64 0.14 0.16 -0.49 -0.51 0.16 0.14 0.01 -0.43 0.01 99.34 60.72 90.18 
17.74 0.09 0.16 -0.53 -0.56 0.13 0.07 -0.02 -0.09 -0.01 99.52 57.75 89.88 
17.84 0.05 0.13 -0.50 -0.54 0.33 0.29 -0.03 0.08 0.04 97.47 59.12 90.42 
17.94 0.16 0.16 -0.58 -0.57 0.06 0.06 0.03 0.48 0.03 99.25 57.40 90.25 
18.05 0.15 0.24 -0.42 -0.56 -0.24 -0.26 -0.17 1.01 0.10 104.82 56.79 91.02 
18.15 0.09 0.15 -0.27 -0.38 0.04 -0.01 -0.06 1.05 0.17 98.95 67.08 91.94 
18.26 0.17 0.13 -0.17 -0.26 -0.06 -0.03 -0.04 0.82 0.11 96.94 74.28 91.48 
18.36 0.14 0.10 -0.15 -0.18 0.09 0.13 0.07 0.88 0.14 95.98 79.92 91.69 
18.46 0.17 0.12 -0.02 -0.08 0.11 0.14 0.23 0.97 0.14 96.16 84.98 91.54 
18.56 0.19 0.11 0.06 0.00 0.14 0.15 0.13 0.80 0.14 96.56 90.11 91.67 
18.66 0.08 0.09 0.13 0.09 0.28 0.27 -0.03 0.53 -0.02 95.24 94.85 90.07 
18.76 0.14 0.12 0.24 0.15 0.26 0.26 0.03 0.41 0.01 96.59 98.04 89.95 
18.87 0.15 0.15 0.27 0.23 0.09 0.08 0.12 0.76 0.17 98.56 102.44 91.98 
18.97 0.12 0.14 0.31 0.28 0.21 0.20 0.15 0.76 0.17 98.16 105.67 92.19 
19.07 0.26 0.17 0.41 0.34 0.16 0.23 0.10 0.33 -0.08 98.75 108.98 89.34 
19.18 0.16 0.19 0.39 0.37 0.14 0.13 0.10 0.23 -0.03 101.12 111.10 89.47 
19.28 0.11 0.20 0.38 0.40 0.14 0.11 0.04 0.25 -0.00 101.37 112.81 89.95 
19.38 0.19 0.19 0.42 0.41 0.17 0.16 -0.05 -0.09 -0.05 101.13 113.44 89.42 
19.48 0.16 0.16 0.38 0.39 0.20 0.20 -0.00 -0.20 -0.04 98.97 112.64 89.51 
19.59 0.23 0.20 0.42 0.41 0.07 0.10 0.03 0.05 0.03 101.47 113.09 90.30 
19.69 0.18 0.19 0.41 0.42 0.12 0.12 0.00 0.02 -0.01 100.97 114.42 89.99 
19.79 0.19 0.19 0.41 0.42 0.14 0.14 -0.00 -0.06 -0.03 100.78 113.90 89.64 
19.89 0.19 0.19 0.40 0.41 0.10 0.10 0.01 -0.03 0.02 101.02 113.58 90.23 
20.00 0.19 0.20 0.39 0.40 0.10 0.10 0.00 -0.08 -0.00 101.47 113.00 89.96 
20.10 0.14 0.16 0.37 0.38 0.19 0.19 -0.03 -0.12 -0.08 99.32 111.96 89.13 
20.20 0.15 0.18 0.35 0.39 0.04 0.02 -0.06 -0.49 -0.10 100.92 112.82 88.88 
20.31 0.18 0.17 0.28 0.32 0.01 0.02 -0.17 -0.84 -0.12 99.54 108.88 88.72 
20.41 0.15 0.17 0.26 0.28 0.06 0.05 -0.07 -0.96 -0.16 100.03 106.60 88.12 
20.51 0.10 0.13 0.14 0.19 0.02 -0.01 -0.03 -1.34 -0.14 97.79 101.22 88.22 
20.62 0.29 0.15 -0.12 0.04 -0.17 -0.08 -0.16 -1.25 -0.17 97.34 94.13 87.93 
20.72 0.12 0.11 -0.13 -0.09 -0.23 -0.24 -0.20 -0.72 -0.07 96.26 85.06 89.13 
20.83 0.04 0.09 -0.14 -0.17 -0.02 -0.06 0.02 -0.40 -0.02 95.19 80.20 89.70 
20.93 0.12 0.11 -0.33 -0.27 -0.21 -0.21 0.10 -0.43 -0.00 95.96 75.42 89.80 
21.04 0.09 0.11 -0.33 -0.30 -0.08 -0.10 0.00 -0.39 0.02 96.74 73.11 90.38 
21.14 0.17 0.12 -0.35 -0.33 -0.16 -0.13 0.01 -0.13 -0.00 96.40 71.07 89.98 
21.24 0.04 0.09 -0.31 -0.33 0.00 -0.04 0.01 0.02 0.05 95.58 71.01 90.65 
21.34 0.10 0.08 -0.37 -0.34 0.11 0.11 0.02 0.05 -0.01 94.56 70.36 89.92 
21.44 0.04 0.08 -0.32 -0.34 -0.06 -0.08 0.01 0.12 0.02 95.00 70.36 90.27 
21.55 0.03 0.08 -0.29 -0.33 0.08 0.04 -0.02 -0.02 -0.01 94.86 70.76 90.04 
21.65 0.04 0.09 -0.32 -0.34 0.05 0.02 0.03 -0.12 -0.02 95.47 70.60 89.66 
21.76 0.17 0.07 -0.42 -0.36 0.01 0.09 0.01 0.19 0.03 93.27 69.70 90.17 
21.86 0.13 0.09 -0.35 -0.35 0.07 0.13 0.11 0.55 0.13 94.58 69.95 91.55 
21.96 0.07 0.10 -0.24 -0.31 0.01 -0.01 -0.07 0.93 0.14 96.14 71.68 91.63 
22.06 0.06 0.07 -0.13 -0.20 0.03 0.03 -0.15 0.91 0.00 94.05 78.39 90.03 
22.16 0.07 0.04 0.03 -0.07 0.16 0.16 0.13 1.28 0.13 92.31 85.27 91.41 
22.26 0.05 0.08 0.13 0.03 0.05 0.04 0.19 1.04 0.18 94.30 91.50 92.15 
22.36 0.09 0.09 0.19 0.13 0.14 0.13 0.01 0.69 -0.03 95.21 96.66 89.78 
22.47 0.02 0.07 0.19 0.20 0.09 0.06 0.04 0.28 -0.01 94.81 101.56 89.75 
22.57 0.10 0.07 0.27 0.21 0.15 0.11 0.07 0.12 -0.00 93.71 101.60 90.21 
22.67 0.17 0.14 0.27 0.28 -0.09 -0.08 -0.03 0.15 -0.03 98.00 105.78 89.53 
22.78 0.10 0.11 0.29 0.27 0.07 0.07 0.06 0.29 0.03 96.12 105.56 90.40 
22.88 0.15 0.11 0.29 0.29 0.06 0.08 0.06 0.27 0.08 96.25 106.43 90.93 
22.98 0.18 0.12 0.38 0.32 0.05 0.07 0.10 0.32 0.10 96.43 107.94 91.30 
23.08 0.12 0.13 0.34 0.35 0.12 0.12 0.10 0.23 0.10 97.33 110.19 91.41 
23.19 0.15 0.15 0.39 0.38 0.09 0.09 0.08 0.24 0.05 98.68 111.77 90.50 
23.29 0.20 0.16 0.43 0.41 0.16 0.10 0.07 0.28 0.06 99.03 113.52 90.79 
23.39 0.24 0.21 0.49 0.46 0.03 0.04 0.07 0.25 0.05 102.14 116.23 90.64 
23.49 0.16 0.17 0.45 0.45 0.14 0.14 0.05 0.07 -0.03 99.98 115.49 89.68 
23.59 0.18 0.18 0.47 0.46 0.12 0.12 0.06 0.08 -0.07 100.20 116.19 89.16 
23.69 0.20 0.19 0.49 0.47 0.10 0.10 0.05 0.23 0.01 101.10 117.10 90.15 
23.79 0.20 0.19 0.52 0.49 0.10 0.11 0.10 0.27 0.09 100.49 117.56 91.15 
23.89 0.20 0.20 0.50 0.50 0.17 0.17 0.05 -0.12 -0.02 101.47 118.73 89.71 
24.00 0.22 0.21 0.50 0.50 0.10 0.12 0.01 -0.16 -0.04 102.15 118.92 89.45 
24.10 0.18 0.22 0.49 0.51 0.07 0.06 0.02 0.05 0.05 102.71 119.44 90.62 
24.20 0.19 0.20 0.51 0.50 0.15 0.14 0.03 0.04 -0.05 101.90 118.71 89.57 
24.30 0.26 0.21 0.52 0.51 0.11 0.13 0.05 0.05 -0.02 102.12 119.38 89.73 
24.41 0.18 0.21 0.48 0.50 0.11 0.10 -0.03 -0.41 -0.05 102.04 118.90 89.63 
24.51 0.17 0.18 0.38 0.46 0.14 0.14 -0.07 -0.93 -0.18 100.50 116.97 87.97 
24.61 0.14 0.14 0.34 0.38 0.11 0.11 -0.20 -1.51 -0.18 98.17 112.01 87.92 
24.72 0.24 0.17 0.14 0.25 -0.02 0.02 -0.29 -2.02 -0.23 98.98 105.71 87.19 
24.82 -0.01 0.14 0.04 0.11 -0.23 -0.39 -0.26 -1.77 -0.12 99.29 97.28 88.30 
24.93 0.13 0.08 -0.18 -0.10 -0.36 -0.33 -0.10 -1.08 0.07 94.27 85.17 90.70 
25.03 0.07 0.05 -0.37 -0.24 0.01 0.03 0.11 -1.03 0.04 92.84 77.92 90.59 
25.14 0.06 0.07 -0.39 -0.34 0.07 0.06 0.03 -0.84 0.03 94.11 70.86 90.38 
25.24 0.25 0.11 -0.55 -0.45 -0.36 -0.17 0.01 -0.87 0.00 94.86 65.06 90.15 
25.34 0.07 0.10 -0.62 -0.53 -0.08 -0.13 0.09 -0.78 0.04 95.99 59.80 90.43 
25.44 0.03 0.07 -0.62 -0.61 0.16 0.13 0.05 -0.64 0.01 94.21 55.18 90.09 
25.54 0.06 0.09 -0.76 -0.71 0.04 0.02 0.09 -0.07 0.02 95.43 49.61 90.14 
25.64 0.04 0.09 -0.79 -0.77 0.13 0.11 0.14 0.62 0.12 95.43 45.89 91.40 
25.74 0.11 0.11 -0.55 -0.70 0.07 0.06 0.02 1.39 0.10 96.29 49.81 91.23 
25.84 0.12 0.12 -0.29 -0.45 -0.07 -0.06 0.15 1.60 0.30 96.88 62.86 93.34 
25.95 0.08 0.11 -0.17 -0.29 0.15 0.02 0.53 1.44 0.51 96.43 72.49 95.85 
26.05 0.09 0.11 -0.06 -0.16 0.30 0.26 0.78 1.15 0.55 96.43 80.10 96.57 
26.15 0.13 0.15 -0.04 -0.09 0.62 0.60 0.80 0.91 0.43 98.74 84.46 95.49 
26.26 0.29 0.24 -0.04 -0.04 0.52 0.55 0.67 0.31 0.17 103.17 87.84 92.26 
26.36 0.40 0.32 -0.00 -0.01 0.69 0.72 0.73 0.16 0.15 107.47 89.37 91.84 
26.46 0.45 0.39 0.09 0.01 0.71 0.71 0.69 0.26 0.16 111.89 89.92 92.09 
26.56 0.42 0.42 0.03 0.02 0.85 0.85 0.55 0.21 0.08 114.06 91.33 90.94 
26.67 0.53 0.49 0.06 0.05 0.85 0.86 0.35 0.09 0.02 117.66 92.92 90.10 
26.77 0.52 0.53 0.05 0.07 0.82 0.83 -0.00 0.07 0.05 120.09 94.11 90.63 
26.87 0.53 0.54 0.06 0.06 0.67 0.66 -0.75 0.05 0.01 121.14 93.36 90.13 
26.98 0.40 0.45 0.03 0.04 0.28 0.60 -1.54 -0.22 -0.10 116.12 92.38 89.20 
27.08 0.20 0.27 0.16 0.05 0.58 0.50 -1.65 -0.12 -0.31 105.96 92.00 86.47 
27.18 0.09 0.14 0.12 0.10 0.02 0.57 -1.27 -0.33 -0.33 98.65 95.37 86.05 
27.31 -0.06 0.11 0.09 0.10 -0.94 -0.12 -1.04 -0.24 0.15 96.41 95.53 91.80 
27.45 -0.26 0.06 0.01 0.08 -1.16 -0.97 -1.02 -0.18 0.27 93.26 94.81 93.18 
27.58 -0.39 -0.01 0.06 0.08 -1.24 -1.17 -0.84 0.18 0.16 89.46 94.61 91.94 
27.71 -0.39 -0.07 0.03 0.07 -1.25 -1.24 -0.28 -0.39 -0.08 86.17 94.18 88.98 
27.81 -0.38 -0.15 -0.01 0.05 -1.18 -1.25 0.46 -0.68 -0.16 84.05 93.55 88.22 
27.92 -0.30 -0.28 0.07 0.05 -1.05 -1.00 1.18 -0.45 -0.17 73.92 92.67 87.65 
28.02 -0.22 -0.27 -0.12 -0.04 0.53 0.67 1.85 0.03 0.09 74.44 87.68 91.10 
28.12 -0.06 -0.12 -0.07 -0.06 0.95 0.99 1.66 0.86 0.52 82.22 86.89 96.19 
28.22 0.07 0.02 0.01 -0.01 1.01 0.85 0.98 0.22 0.44 90.73 89.42 95.37 
28.32 0.18 0.13 -0.08 -0.08 0.68 0.71 0.22 0.11 0.14 96.58 85.44 92.11 
28.42 0.06 0.10 -0.11 -0.10 0.61 0.60 -0.27 0.04 -0.29 95.84 84.03 87.08 
28.52 0.08 0.09 0.02 -0.04 0.68 0.65 -0.16 -0.36 -0.46 95.14 86.88 84.67 
28.63 0.15 0.15 0.02 -0.00 0.40 0.40 -0.14 -0.29 -0.50 98.38 89.76 83.75 
28.73 0.17 0.18 0.07 0.02 0.00 -0.00 -0.06 -0.08 -0.34 100.04 91.06 85.87 
28.83 0.13 0.13 0.02 0.03 0.41 0.41 -0.09 -0.12 0.00 97.75 91.70 89.66 
28.93 0.03 0.11 -0.06 -0.03 0.24 0.19 -0.05 -0.11 0.01 96.99 88.33 90.20 
29.03 0.13 0.16 -0.04 -0.05 0.01 -0.02 -0.03 0.09 -0.01 99.72 86.93 89.89 
29.14 0.13 0.13 -0.01 -0.05 0.17 0.17 -0.18 -0.01 -0.13 97.21 86.55 88.52 
29.24 0.12 0.08 -0.07 -0.06 0.28 0.31 -0.27 -0.17 -0.12 94.02 86.88 88.65 
29.34 0.08 0.05 -0.06 -0.06 0.23 0.25 -0.13 0.06 -0.05 93.06 86.40 89.37 
29.44 0.07 0.03 -0.07 -0.05 0.26 0.32 -0.03 0.07 0.02 91.58 87.35 90.40 
29.54 0.08 0.04 -0.06 -0.06 0.09 0.12 0.01 0.04 -0.03 91.87 86.70 89.66 
29.65 0.06 0.03 -0.03 -0.05 0.22 0.26 0.02 -0.03 -0.02 91.71 87.14 89.77 
29.75 0.00 0.04 -0.04 -0.04 0.24 0.21 -0.01 0.01 0.01 92.63 87.43 90.09 
29.85 0.04 0.04 -0.05 -0.04 0.10 0.09 -0.06 -0.07 0.00 92.60 87.61 90.01 
29.96 0.04 0.04 -0.02 -0.04 0.17 0.17 -0.04 -0.15 -0.04 92.11 87.20 89.50 
30.06 0.04 0.05 -0.06 -0.04 0.01 0.00 0.11 -0.01 0.01 92.88 87.57 90.09 
30.16 -0.00 0.04 -0.05 -0.06 0.19 0.11 -0.09 -0.04 -0.03 92.81 86.56 89.47 
30.26 -0.02 0.03 -0.02 -0.04 0.21 0.18 0.03 0.05 0.00 92.23 87.28 89.82 
30.36 -0.02 0.03 -0.04 -0.04 0.10 0.05 0.10 0.08 0.04 92.47 87.86 90.37 
30.47 0.03 0.05 -0.03 -0.05 0.17 0.15 0.12 0.05 -0.05 93.39 87.07 89.50 
30.57 0.00 0.06 -0.05 -0.05 0.04 -0.01 -0.26 -0.14 -0.07 94.36 87.17 89.32 
30.67 0.02 0.04 -0.01 -0.04 0.04 -0.02 0.01 0.03 -0.02 92.67 87.70 89.48 
30.77 0.04 0.04 -0.00 -0.02 0.06 0.06 0.20 0.08 0.07 92.53 88.95 90.89 
30.87 0.10 0.05 -0.02 -0.03 0.13 0.14 0.37 0.03 0.01 92.51 88.10 90.31 
30.98 0.07 0.07 -0.03 -0.02 0.34 0.34 0.40 -0.09 0.08 93.99 88.97 90.90 
31.08 0.18 0.10 -0.11 -0.05 0.55 0.61 0.80 0.13 0.14 95.07 87.91 91.59 
31.18 0.28 0.29 0.03 -0.07 -0.16 -0.16 -0.20 0.18 0.03 106.85 84.75 90.09 
31.28 0.18 0.17 -0.08 -0.04 0.06 0.07 -1.13 -0.07 0.02 99.42 87.81 90.73 
31.39 0.04 0.06 0.05 0.01 0.23 0.20 -0.42 -0.01 0.23 93.69 90.52 91.92 
31.49 0.02 0.03 0.02 0.03 0.14 0.12 0.21 -0.19 1.00 92.00 91.99 102.02 
31.59 0.04 0.01 0.03 0.02 1.10 0.75 0.83 -0.00 1.12 90.37 91.07 103.49 
31.69 0.14 0.11 -0.06 -0.01 1.16 1.23 0.60 -0.34 1.02 95.81 89.75 102.43 
31.79 0.17 0.15 -0.33 -0.11 1.20 1.40 0.11 -0.39 0.85 98.43 85.60 100.38 
31.90 0.15 0.12 -0.25 -0.19 1.06 1.11 -0.11 0.08 0.32 96.36 80.02 94.63 
32.00 -0.03 0.02 -0.21 -0.17 1.19 1.20 -0.25 -0.05 -0.49 91.81 80.49 84.96 
32.10 -0.05 -0.02 -0.12 -0.14 1.21 1.19 -0.25 -0.23 -1.06 89.12 81.87 77.23 
32.20 0.00 -0.01 -0.18 -0.13 0.94 0.97 -0.38 -0.17 -1.55 89.35 82.83 72.18 
32.31 -0.04 0.00 -0.07 -0.09 0.58 0.55 -0.42 -0.09 -1.84 90.46 84.73 67.90 
32.41 0.01 0.03 0.01 -0.01 0.23 0.20 -0.44 -0.42 -1.52 92.07 89.05 70.92 
32.51 0.09 0.09 0.02 0.02 -0.86 -0.86 -0.37 -0.03 -0.62 95.05 90.87 82.57 
32.62 0.09 0.07 0.14 0.07 -0.96 -0.89 0.16 0.08 0.24 94.09 93.41 91.45 
32.72 0.02 0.06 0.04 0.03 -0.50 -0.53 0.32 0.20 1.10 93.66 91.62 102.50 
32.82 0.09 0.06 0.04 0.03 0.11 -0.33 0.43 0.44 1.74 93.42 91.62 110.92 
32.92 0.04 0.02 -0.12 -0.05 0.46 0.50 0.39 0.33 1.42 90.66 87.82 106.99 
33.02 0.15 0.06 0.02 -0.01 0.72 0.76 0.36 -0.05 0.81 92.31 89.29 99.96 
33.12 0.07 0.05 -0.07 -0.04 0.84 0.86 0.09 0.14 0.44 93.05 87.71 95.25 
33.22 0.07 0.03 -0.05 -0.06 0.84 0.85 -0.31 -0.32 -0.63 91.42 86.15 83.51 
33.33 0.06 0.03 -0.04 -0.05 0.90 0.90 -0.46 -0.59 -1.15 91.76 87.37 76.17 
33.43 -0.05 0.00 -0.07 -0.06 0.58 0.54 -0.35 -0.14 -1.27 90.87 86.36 74.60 
33.53 -0.01 -0.01 -0.12 -0.08 0.40 0.40 -0.37 0.11 -1.41 89.58 85.18 73.05 
33.63 -0.03 -0.03 0.03 -0.04 0.03 0.04 -0.48 0.05 -1.59 88.23 87.56 70.87 
33.73 -0.05 -0.02 0.02 0.02 -0.47 -0.49 -0.11 -0.48 -1.13 89.29 91.17 75.59 
33.84 0.04 0.01 -0.01 -0.01 -0.70 -0.69 0.13 -0.32 -0.59 90.63 89.33 82.90 
33.94 0.15 0.11 0.05 0.01 -0.98 -0.94 0.19 0.19 0.65 95.64 90.36 96.19 
34.04 0.01 0.07 0.04 0.03 -0.80 -0.83 0.31 0.53 1.60 93.95 91.49 109.19 
34.14 0.04 0.01 -0.04 -0.01 0.09 0.12 0.44 0.27 1.76 90.45 89.79 111.38 
34.25 -0.02 -0.02 -0.12 -0.04 0.72 0.47 0.47 0.04 1.72 88.80 88.35 111.38 
34.35 0.08 0.01 -0.19 -0.14 0.60 0.65 0.48 0.14 0.98 90.33 82.07 101.72 
34.45 0.10 0.07 -0.13 -0.13 0.67 0.69 0.26 0.11 0.32 93.77 82.85 94.58 
34.56 0.02 0.04 -0.14 -0.13 0.79 0.79 -0.04 0.11 -0.51 92.78 82.97 85.08 
34.66 0.01 0.03 -0.08 -0.08 0.67 0.66 -0.36 -0.24 -1.32 91.82 85.48 74.22 
34.76 0.01 0.02 -0.03 -0.04 0.35 0.59 -0.57 -0.30 -1.65 91.30 87.95 70.46 
34.86 0.01 -0.01 0.00 0.00 0.18 0.20 -0.61 0.12 -1.61 89.53 90.09 70.72 
34.96 0.01 -0.01 0.03 0.04 -0.36 -0.31 -0.12 -0.47 -1.36 89.47 92.30 73.42 
35.06 0.12 0.05 0.04 0.02 -0.67 -0.64 0.22 -0.43 -0.79 93.03 91.36 80.47 
35.17 0.19 0.12 0.03 -0.01 -0.92 -0.88 0.19 -0.07 0.26 96.34 89.22 93.03 
35.27 0.06 0.08 -0.05 -0.05 -0.60 -0.61 0.02 0.41 0.74 95.07 87.08 98.70 
35.37 0.02 0.04 -0.06 -0.04 -0.27 -0.28 0.08 0.30 0.86 92.12 87.70 100.34 
35.48 0.16 0.06 -0.01 -0.04 -0.20 -0.33 0.28 0.01 0.99 92.71 87.27 101.44 
35.58 0.16 0.06 -0.02 -0.00 0.12 0.21 0.64 0.16 1.53 93.29 89.73 108.41 
35.68 0.08 0.05 -0.08 -0.03 0.74 0.79 0.70 0.19 1.57 92.35 88.82 109.15 
35.78 0.12 0.08 -0.18 -0.15 0.63 0.66 0.28 0.30 0.70 94.59 81.48 98.44 
35.89 0.13 0.09 -0.10 -0.12 0.77 0.78 -0.27 -0.27 -0.30 94.86 83.28 87.52 
35.99 -0.05 0.04 -0.18 -0.14 0.64 0.73 -0.58 -0.26 -1.01 92.94 82.38 78.55 
36.09 -0.08 -0.02 -0.09 -0.12 0.62 0.58 -0.45 0.18 -1.69 88.89 82.85 69.74 
36.20 0.03 -0.00 -0.02 -0.03 0.25 0.27 -0.28 -0.45 -1.75 89.57 88.32 68.58 
36.30 0.02 0.03 -0.10 -0.07 -0.14 -0.15 -0.27 -0.98 -1.40 91.58 86.21 73.15 
36.40 0.04 0.01 -0.14 -0.14 -0.32 -0.31 -0.25 -0.05 -1.29 90.45 82.26 74.07 
36.50 0.08 0.04 -0.11 -0.09 -0.53 -0.51 0.00 0.09 -0.92 92.37 84.73 79.00 
36.61 0.09 0.10 -0.04 -0.06 -0.81 -0.80 -0.19 0.00 -0.45 95.80 86.52 83.74 
36.71 0.01 0.08 -0.12 -0.10 -0.70 -0.73 -0.23 0.12 0.00 95.32 84.57 90.08 
36.81 -0.02 0.02 -0.17 -0.12 -0.63 -0.66 -0.17 0.10 -0.05 91.67 83.29 89.36 
36.92 0.01 0.02 -0.12 -0.10 -0.60 -0.61 -0.23 0.32 -0.05 91.14 84.22 89.44 
37.02 -0.11 -0.02 -0.10 -0.08 -0.58 -0.62 -0.06 -0.10 -0.09 89.86 85.91 89.16 
37.12 0.01 -0.02 -0.04 -0.08 -0.60 -0.58 0.09 -0.21 -0.41 88.86 85.46 85.03 
37.22 0.15 0.09 -0.00 -0.04 -0.96 -0.93 0.46 -0.20 0.55 95.36 87.88 96.64 
37.32 0.09 0.11 -0.08 -0.04 -0.83 -0.84 0.53 0.50 1.69 96.22 88.02 110.31 
37.43 0.00 0.03 0.00 -0.04 -0.13 -0.15 0.26 0.31 2.03 92.24 87.16 114.39 
37.53 0.04 0.04 -0.04 -0.04 0.03 0.03 0.26 0.31 2.06 92.25 87.89 115.05 
37.63 0.09 0.04 0.02 0.00 0.48 0.52 0.30 0.36 2.13 92.18 90.05 115.54 
37.74 0.01 0.03 0.01 -0.03 0.76 0.73 0.77 -0.12 1.59 92.21 88.19 109.84 
37.84 0.09 0.07 -0.14 -0.06 1.29 1.34 0.67 -0.24 1.13 93.67 87.24 104.26 
37.94 0.20 0.12 -0.20 -0.17 1.19 1.11 0.11 -0.08 0.30 96.24 80.71 94.52 
38.04 0.23 0.18 -0.16 -0.13 1.43 1.46 -0.17 -0.35 0.33 99.67 83.04 93.33 
38.15 0.08 0.12 -0.33 -0.25 1.11 1.12 -0.27 0.11 0.13 97.10 75.90 91.55 
38.25 0.04 0.07 -0.23 -0.26 1.05 1.03 -0.41 0.01 -0.94 94.12 75.02 79.73 
38.35 0.01 0.06 -0.13 -0.19 0.86 0.81 -0.61 0.02 -1.51 93.49 79.06 71.85 
38.45 0.04 0.03 -0.09 -0.12 0.89 0.88 -0.52 -0.08 -1.68 91.44 83.06 69.86 
38.55 0.04 0.00 -0.04 -0.06 0.59 0.61 -0.29 0.01 -1.44 90.02 86.67 72.67 
38.66 0.03 0.02 -0.04 -0.05 0.26 0.27 -0.20 -0.07 -1.21 90.87 86.95 75.29 
38.76 -0.05 0.02 -0.05 -0.04 -0.13 -0.20 -0.27 -0.29 -1.00 91.97 87.54 77.36 
38.87 0.04 0.04 -0.09 -0.08 -0.43 -0.43 -0.19 -0.50 -0.68 92.28 85.46 81.18 
38.97 0.05 0.04 -0.18 -0.11 -0.49 -0.62 0.21 -0.17 -0.00 92.45 83.71 89.94 
39.07 0.13 0.10 -0.13 -0.11 -0.62 -0.61 0.24 0.36 0.54 95.57 83.72 95.41 
39.18 0.08 0.08 -0.03 -0.07 -0.45 -0.44 0.19 0.88 1.23 94.62 85.63 104.21 
39.28 0.06 0.05 -0.01 -0.02 -0.14 -0.13 0.24 0.40 1.67 93.06 88.81 110.07 
39.38 0.06 0.05 0.03 0.04 0.60 0.61 0.42 0.53 2.16 92.80 92.17 115.76 
39.49 0.03 -0.01 -0.18 -0.03 0.63 0.71 0.49 0.56 1.14 89.16 89.45 106.67 
39.60 0.09 -0.02 -0.04 -0.14 0.78 0.78 0.23 -0.42 -1.45 88.01 80.92 74.77 
39.70 0.19 0.13 0.13 0.03 0.56 0.56 -0.27 -0.44 -1.51 97.05 90.95 70.75 
39.80 0.10 0.13 0.07 0.02 0.33 0.29 -0.46 0.07 -1.10 97.66 90.81 76.29 
39.91 0.21 0.16 0.15 0.11 -0.45 -0.40 -0.41 -0.17 -0.55 98.65 95.98 81.79 
40.01 0.11 0.14 0.13 0.15 -0.81 -0.84 0.18 -0.52 1.36 97.89 98.38 106.32 
40.11 -0.07 0.07 -0.03 0.09 1.56 1.84 0.82 -0.41 2.71 94.29 95.18 122.56 
40.21 -0.06 -0.03 -0.30 -0.22 0.89 0.79 0.37 0.67 1.15 88.89 77.83 107.50 
40.31 -0.02 -0.01 -0.24 -0.25 0.78 0.78 -0.13 -0.32 -1.54 89.37 75.61 74.35 
40.42 0.18 0.11 0.08 -0.04 0.62 0.62 -0.50 -0.45 -1.87 96.11 87.87 67.57 
40.52 0.21 0.18 0.17 0.07 -0.44 -0.27 -0.36 0.21 -0.18 99.82 92.65 85.04 
40.62 0.07 0.13 0.11 0.11 0.15 -0.11 -0.10 0.57 1.61 97.69 96.38 109.32 
40.72 -0.08 0.01 -0.22 -0.04 0.45 0.44 0.11 0.09 0.92 90.37 87.59 101.02 
40.82 0.01 -0.05 -0.10 -0.13 0.66 0.67 0.13 -0.72 -1.68 86.20 82.34 69.84 
40.92 0.22 0.10 0.15 0.08 0.81 0.93 0.18 -0.41 -1.21 95.68 94.36 75.52 
41.03 0.16 0.18 -0.03 0.07 -0.91 -1.31 0.47 0.48 1.57 100.58 95.31 107.13 
41.13 0.00 0.07 -0.20 -0.07 0.72 0.75 0.14 0.66 1.26 94.78 87.03 107.26 
41.24 -0.05 0.02 -0.11 -0.16 0.69 0.66 -0.24 -0.50 -1.41 92.02 80.51 75.33 
41.34 0.14 0.11 0.18 0.05 0.46 0.41 -0.50 -0.30 -1.37 96.22 91.30 71.56 
41.44 0.13 0.16 0.12 0.12 -1.28 -1.22 -0.09 0.13 1.15 99.24 97.08 103.83 
41.54 -0.06 0.04 -0.21 -0.03 0.54 0.55 0.17 0.57 1.59 92.98 89.89 110.99 
41.65 -0.11 -0.05 -0.10 -0.14 0.64 0.61 0.17 0.07 -0.63 87.88 81.20 85.70 
41.75 0.07 0.00 0.05 -0.01 0.76 0.76 -0.12 -0.66 -1.63 90.28 89.66 70.39 
41.85 0.06 0.07 0.09 0.07 0.28 0.26 -0.57 -0.53 -0.68 93.91 94.00 79.61 
41.96 0.09 0.06 -0.11 -0.02 -0.09 -0.01 0.00 -0.01 0.55 92.89 89.80 96.30 
42.06 -0.05 -0.01 -0.11 -0.07 0.40 0.38 0.41 0.13 0.35 89.67 85.88 94.21 
42.16 0.07 0.03 -0.04 -0.07 0.37 0.39 0.35 0.36 0.07 91.85 86.04 90.82 
42.26 0.12 0.06 -0.05 -0.05 0.37 0.41 0.34 0.09 0.08 93.26 87.28 90.92 
42.37 0.14 0.10 0.07 -0.02 0.48 0.47 0.18 0.16 0.06 95.44 88.02 90.74 
42.47 0.20 0.15 0.01 0.00 0.27 0.31 0.24 0.09 0.08 98.40 90.10 90.98 
42.57 0.18 0.17 0.01 0.01 0.36 0.37 0.18 0.24 0.09 99.79 90.29 91.04 
42.68 0.17 0.16 0.05 0.03 0.48 0.48 0.09 0.23 0.05 99.18 91.48 90.82 
42.78 0.16 0.16 0.07 0.05 0.47 0.46 0.12 -0.12 -0.09 99.20 92.61 89.01 
42.88 0.17 0.17 -0.03 0.02 0.56 0.57 0.00 -0.54 -0.04 99.78 90.96 89.53 
42.98 0.14 0.16 -0.08 -0.04 0.50 0.51 -0.19 -0.66 -0.16 99.29 87.80 88.20 
43.08 0.14 0.15 -0.07 -0.07 0.47 0.46 -0.16 -0.49 -0.18 98.72 85.80 87.85 
43.19 0.17 0.15 -0.16 -0.11 0.54 0.50 -0.08 -0.66 -0.11 98.42 84.44 88.58 
43.29 0.15 0.17 -0.19 -0.15 0.36 0.36 -0.17 -0.63 0.06 99.51 81.56 90.69 
43.39 0.18 0.14 -0.29 -0.23 0.29 0.37 -0.29 -0.39 0.00 97.68 77.36 90.38 
43.50 0.11 0.13 -0.36 -0.30 0.22 0.22 -0.21 -0.43 0.00 97.35 73.57 90.00 
43.60 0.05 0.09 -0.40 -0.33 0.30 0.28 0.03 -0.11 0.07 95.48 72.07 90.69 
43.70 0.05 0.08 -0.31 -0.32 0.46 0.42 0.19 0.01 0.14 94.49 71.45 91.72 
43.80 0.09 0.09 -0.31 -0.32 0.48 0.48 0.23 0.33 0.21 94.89 71.33 92.42 
43.90 0.14 0.10 -0.25 -0.30 0.49 0.50 0.16 0.79 0.33 95.77 72.65 93.98 
44.01 0.13 0.13 -0.22 -0.27 0.30 0.29 0.10 0.84 0.25 97.36 74.29 93.13 
44.11 0.05 0.12 -0.13 -0.18 0.25 0.20 0.04 0.92 0.20 97.66 78.88 92.60 
44.21 0.13 0.10 0.07 -0.04 0.68 0.64 0.48 0.40 0.19 95.45 87.86 92.27 
44.31 0.12 0.15 -0.00 0.00 0.64 0.63 0.61 0.60 0.28 98.70 90.28 93.39 
44.42 0.24 0.22 0.13 0.08 0.77 0.63 0.74 0.50 0.20 102.38 93.91 92.47 
44.52 0.35 0.29 0.12 0.11 0.82 0.85 0.70 -0.08 0.33 105.69 96.38 93.92 
44.62 0.32 0.33 0.10 0.10 0.96 0.89 0.49 0.33 0.35 108.99 95.77 94.22 
44.73 0.31 0.35 0.13 0.12 1.01 0.99 0.09 0.63 0.08 110.51 96.45 91.54 
44.83 0.42 0.37 0.15 0.12 0.93 0.93 0.03 -0.28 -0.05 110.89 96.61 89.48 
44.93 0.39 0.39 0.18 0.15 1.05 1.03 0.05 0.21 0.09 112.56 98.62 91.13 
45.03 0.38 0.39 0.13 0.14 0.99 0.99 -0.11 -0.24 -0.03 112.50 97.89 89.65 
45.13 0.37 0.39 0.11 0.12 1.01 1.01 -0.26 -0.37 -0.04 112.20 97.04 89.46 
45.24 0.28 0.35 0.11 0.09 0.98 0.93 -0.14 -0.03 -0.08 111.07 94.98 88.82 
45.34 0.42 0.38 0.09 0.09 0.95 0.98 0.14 0.03 0.09 111.38 95.24 91.02 
45.45 0.36 0.36 0.12 0.10 1.00 0.99 0.47 0.50 0.23 110.91 95.53 92.63 
45.55 0.44 0.38 0.12 0.12 1.18 1.19 0.82 -0.23 0.24 111.90 96.83 92.83 
45.65 0.53 0.47 0.02 0.07 1.20 1.13 0.31 -0.27 0.14 116.57 94.80 91.85 
45.75 0.60 0.55 0.03 0.05 1.05 1.08 -0.07 0.10 -0.01 121.32 92.69 89.88 
45.86 0.49 0.52 0.04 0.07 1.08 1.09 -0.30 -0.19 -0.09 120.20 94.54 89.07 
45.96 0.39 0.44 0.02 0.04 1.09 1.09 -0.78 -1.11 -0.37 115.39 92.54 85.56 
46.06 0.34 0.38 -0.07 0.01 1.54 1.63 -0.94 -2.10 -0.15 112.18 91.56 87.87 
46.16 0.24 0.32 -0.29 -0.14 1.44 1.62 -1.03 -2.29 -0.02 108.62 81.81 89.79 
46.26 0.24 0.26 -0.46 -0.35 2.43 2.57 -0.58 -1.71 0.10 105.02 70.21 91.14 
46.36 0.23 0.43 -0.69 -0.66 -0.00 -0.60 -0.16 -1.08 0.16 116.70 52.39 91.90 
46.46 0.19 0.27 -0.79 -0.76 0.15 0.06 -0.17 -0.33 0.12 105.62 46.50 91.43 
46.57 0.10 0.20 -0.72 -0.76 0.61 0.50 -0.03 -0.10 0.04 102.38 46.02 90.54 
46.67 0.12 0.15 -0.75 -0.77 0.85 0.82 0.05 0.15 -0.01 98.77 45.74 89.98 
46.78 0.20 0.19 -0.74 -0.77 0.59 0.58 0.10 0.46 -0.03 100.96 45.79 89.75 
46.88 -0.01 0.23 -0.75 -0.84 0.15 0.11 0.28 3.05 -0.10 105.73 40.74 88.63 
46.98 0.30 0.29 0.16 -0.30 3.05 2.89 0.16 5.00 0.04 106.67 72.74 90.51 
47.08 0.05 0.18 0.30 0.15 0.37 0.58 0.17 3.06 0.25 100.55 98.78 92.99 
47.19 -0.05 0.34 0.28 0.36 0.16 -0.08 0.53 0.32 -0.16 109.50 110.78 88.08 
47.29 0.44 0.53 0.46 0.49 -0.60 -0.80 0.09 0.18 -0.27 120.43 118.28 86.71 
47.39 0.23 0.33 0.48 0.49 0.40 0.32 -0.07 0.13 -0.09 110.29 118.28 88.56 
47.49 0.24 0.29 0.49 0.49 0.52 0.50 0.05 0.03 0.02 106.39 118.35 90.22 
47.59 0.20 0.24 0.41 0.46 0.56 0.56 -0.00 -1.27 0.01 104.43 116.67 90.25 
47.69 0.21 0.17 0.36 0.39 1.85 1.86 -0.08 -5.00 -0.40 99.71 112.63 85.22 
47.80 0.45 0.41 -0.67 -0.03 -2.92 -2.60 -0.39 -4.76 0.08 113.09 95.00 89.82 
47.90 0.08 0.25 -1.16 -0.76 0.47 0.60 -0.12 -1.35 0.17 104.54 46.52 92.05 
48.00 0.53 0.36 -0.95 -0.96 -0.14 -0.05 -0.07 -0.03 0.12 108.97 34.88 91.41 
48.11 0.24 0.23 -0.84 -0.89 0.19 0.18 -0.09 0.44 0.03 103.02 38.47 90.39 
48.21 0.12 0.14 -0.72 -0.76 0.92 0.88 0.07 0.32 -0.01 97.85 46.05 89.86 
48.32 0.31 0.19 -0.94 -0.82 0.33 0.52 0.20 0.85 -0.03 99.68 44.58 89.67 
48.42 0.26 0.26 -0.53 -0.72 -0.05 -0.05 -0.07 3.54 -0.05 105.14 47.15 89.32 
48.52 0.06 0.18 -0.04 -0.22 0.14 0.06 -0.17 3.17 0.24 100.22 77.56 92.89 
48.62 0.11 0.12 0.17 0.07 0.40 0.37 -0.10 1.58 0.08 96.69 93.97 90.95 
48.73 0.08 0.09 0.27 0.19 0.56 0.54 0.25 -0.12 0.05 95.03 100.33 90.45 
48.83 -0.05 0.10 0.25 0.25 0.64 0.67 0.16 0.42 0.39 97.39 104.03 94.46 
48.94 -0.03 0.06 0.24 0.24 0.77 0.74 0.04 -0.13 0.43 94.23 103.58 95.22 
49.04 0.17 0.11 0.10 0.17 0.66 0.60 0.08 -0.62 0.21 96.51 99.71 92.58 
49.14 0.16 0.11 0.11 0.11 0.56 0.58 0.15 -0.13 -0.38 95.86 96.12 86.00 
49.24 0.31 0.21 0.31 0.23 0.50 0.54 -0.01 -0.10 -0.66 102.04 103.06 82.07 
49.34 0.10 0.17 0.22 0.24 0.41 0.36 -0.43 -0.28 -0.30 100.75 104.20 85.74 
49.44 0.13 0.14 0.14 0.19 0.05 0.05 -0.27 -0.32 -0.14 98.06 101.05 88.30 
49.54 0.06 0.09 0.15 0.19 0.28 0.42 -0.07 -0.65 -0.08 95.27 101.02 88.78 
49.65 0.03 0.06 0.12 0.13 0.34 0.31 0.09 -0.28 0.03 94.00 97.54 90.20 
49.75 0.08 0.04 0.07 0.09 0.47 0.48 0.08 -0.27 0.10 92.57 94.91 91.21 
49.85 0.06 0.08 0.06 0.05 0.31 0.29 -0.05 -0.11 -0.13 94.78 92.81 88.29 
49.96 0.07 0.07 0.04 0.01 0.19 0.18 -0.16 0.11 -0.10 94.05 90.85 88.84 
50.06 0.10 0.08 0.07 0.05 -0.01 0.01 -0.15 -0.14 -0.16 94.63 92.57 88.06 
50.19 0.14 0.09 0.05 0.05 -0.12 -0.02 -0.07 0.09 -0.02 95.28 92.77 89.73 
50.32 0.05 0.09 0.05 0.05 -0.12 -0.12 0.09 0.04 0.09 94.89 92.76 91.11 
50.45 0.05 0.08 0.01 0.04 0.06 -0.09 0.23 0.26 0.05 94.58 92.44 90.60 
50.59 0.00 0.07 0.04 0.04 0.06 0.06 -0.09 0.00 -0.04 93.93 92.42 89.56 
50.69 -0.00 0.05 0.04 0.04 0.15 0.11 -0.09 -0.01 -0.04 93.58 92.52 89.49 
50.79 0.01 0.05 0.05 0.05 -0.02 -0.06 0.03 0.10 -0.01 93.59 93.09 89.86 
50.89 0.05 0.05 0.05 0.06 0.18 0.18 0.11 0.02 -0.04 92.64 93.59 89.55 
51.00 0.06 0.05 0.06 0.05 0.16 0.17 0.13 0.13 -0.06 93.05 92.95 89.32 
51.10 0.09 0.06 0.11 0.09 0.20 0.10 0.08 -0.06 -0.08 93.15 94.81 89.08 
51.20 0.07 0.07 0.07 0.09 0.10 0.10 -0.02 -0.06 0.00 94.07 95.14 89.93 
51.31 0.04 0.06 0.07 0.08 0.11 0.10 -0.07 0.05 0.03 93.28 94.58 90.35 
51.41 0.04 0.04 0.07 0.08 0.14 0.14 0.01 0.00 -0.02 92.46 94.54 89.82 
51.52 0.06 0.05 0.09 0.09 0.11 0.12 0.11 -0.06 0.02 92.92 94.94 90.19 
51.62 0.08 0.07 0.05 0.07 0.06 0.08 0.09 0.01 0.05 93.81 94.23 90.65 
51.72 0.08 0.08 0.06 0.08 0.13 0.13 0.14 0.22 0.11 94.56 94.85 91.35 
51.82 0.12 0.10 0.08 0.08 0.15 0.17 0.10 0.00 0.14 95.22 94.77 91.78 
51.93 0.10 0.10 0.08 0.08 0.16 0.16 -0.02 -0.10 -0.01 95.69 94.86 90.08 
52.03 0.10 0.09 0.08 0.08 0.15 0.16 -0.01 -0.08 -0.02 95.27 94.23 89.70 
52.14 0.09 0.09 0.12 0.10 0.26 0.18 0.02 0.05 0.11 95.28 95.39 91.30 
52.24 0.09 0.09 0.07 0.09 0.22 0.23 0.07 -0.13 0.20 95.24 95.18 92.31 
52.34 0.09 0.09 0.00 0.05 0.27 0.24 0.04 0.14 0.22 95.17 92.82 92.65 
52.44 0.09 0.09 0.09 0.07 0.32 0.31 0.00 -0.01 0.13 95.08 94.12 91.53 
52.54 0.08 0.09 0.01 0.04 0.31 0.31 -0.13 -0.20 0.02 95.00 92.38 90.39 
52.65 0.05 0.08 0.07 0.05 0.33 0.30 -0.02 0.06 -0.01 94.84 92.31 89.79 
52.75 0.08 0.07 0.09 0.07 0.32 0.32 0.08 0.03 0.06 94.08 93.96 90.67 
52.85 0.09 0.10 0.07 0.08 0.28 0.23 0.07 0.07 0.06 95.59 94.63 90.65 
52.96 0.09 0.10 0.06 0.06 0.30 0.29 0.08 0.09 0.09 95.49 93.39 91.01 
53.06 0.08 0.10 0.05 0.07 0.32 0.29 0.05 0.07 0.18 95.70 93.81 92.16 
53.16 0.12 0.10 0.15 0.07 0.34 0.34 0.03 0.08 -0.01 95.39 93.49 89.85 
53.26 0.10 0.09 0.08 0.07 0.41 0.42 0.00 -0.06 -0.11 95.08 93.91 88.71 
53.36 0.10 0.10 0.07 0.07 0.33 0.32 -0.05 -0.02 -0.06 95.90 94.23 89.38 
53.46 0.08 0.09 0.09 0.09 0.58 0.57 -0.04 -0.01 -0.00 95.20 95.29 90.00 
53.57 0.11 0.10 0.08 0.08 0.33 0.29 0.06 -0.15 0.03 95.37 94.31 90.29 
53.67 0.06 0.08 0.03 0.05 0.36 0.35 -0.00 -0.02 -0.00 94.89 93.15 90.30 
53.77 -0.03 0.03 -0.03 0.02 0.53 0.52 -0.08 -0.06 -0.43 91.63 91.26 84.82 
53.88 0.04 0.06 0.12 0.05 0.33 0.31 -0.20 -0.29 -0.99 93.63 92.37 77.72 
53.98 0.06 0.09 0.07 0.07 -0.14 -0.17 -0.16 -0.10 -0.62 95.32 93.85 82.57 
54.08 0.04 0.06 0.06 0.06 0.02 0.01 0.11 -0.46 -0.19 93.38 93.26 87.44 
54.18 0.20 0.09 0.07 0.02 -0.16 -0.06 0.20 -0.18 -0.09 94.29 90.47 88.94 
54.29 0.09 0.11 -0.04 -0.03 -0.12 -0.13 0.23 -0.01 0.02 96.65 88.48 90.47 
54.39 0.16 0.13 -0.05 -0.04 -0.09 -0.07 -0.02 0.11 -0.11 96.94 88.10 88.69 
54.49 0.17 0.13 0.28 0.09 -0.21 -0.13 -0.19 -0.08 0.34 97.62 95.37 94.08 
54.59 -0.36 0.03 -0.32 0.04 0.88 0.98 0.62 -0.85 3.54 91.65 92.23 132.47 
54.69 0.00 -0.04 0.07 -0.18 1.01 0.93 0.13 -0.07 -2.41 87.62 79.86 61.05 
54.80 0.44 0.24 -0.18 -0.03 -1.85 -1.82 -0.28 -0.68 -0.21 101.93 90.10 83.85 
54.90 0.02 0.11 -0.19 -0.19 0.03 -0.05 -0.21 0.97 -0.16 97.28 78.86 89.60 
55.00 0.16 0.09 0.04 -0.07 0.16 0.20 -0.04 0.14 -0.59 94.60 85.07 82.28 
55.11 0.24 0.17 0.26 0.10 -1.73 -1.37 -0.02 0.33 1.60 99.94 95.94 109.21 
55.21 -0.36 -0.09 -0.63 -0.21 0.93 1.02 0.60 0.05 2.00 87.44 81.90 122.06 
55.31 0.04 -0.10 0.23 -0.09 1.18 1.10 0.19 -0.70 -3.25 84.34 84.90 51.05 
55.41 0.12 0.18 -0.12 0.03 0.88 1.44 0.00 0.46 0.57 100.95 93.14 94.60 
55.52 0.03 0.12 -0.04 -0.03 0.33 0.43 -0.24 0.45 -0.03 97.96 88.09 90.90 
55.62 0.02 0.08 -0.03 -0.02 0.46 0.42 -0.06 -0.02 -0.32 94.81 88.63 86.10 
55.72 0.16 0.14 0.07 0.03 0.19 0.21 -0.01 0.06 -0.09 97.59 91.09 88.62 
55.82 0.14 0.14 0.04 0.05 0.12 0.11 0.15 -0.02 0.35 98.38 92.78 93.74 
55.92 0.15 0.15 0.02 0.02 0.18 0.18 0.11 0.03 0.44 98.84 91.24 95.32 
56.03 0.11 0.14 0.02 0.03 0.47 0.42 -0.01 0.03 0.59 98.05 91.45 97.08 
56.13 0.13 0.13 -0.01 0.00 0.50 0.50 -0.00 0.07 0.59 97.68 90.13 97.07 
56.23 0.05 0.11 -0.01 0.00 0.87 0.71 -0.02 0.01 0.70 96.05 90.17 98.43 
56.34 0.08 0.13 -0.03 -0.02 0.78 0.76 -0.01 -0.06 0.64 97.83 89.26 97.74 
56.44 0.13 0.12 -0.01 -0.01 1.14 1.14 0.03 0.05 0.69 96.90 89.18 98.01 
56.55 0.08 0.09 -0.00 -0.01 1.30 1.24 -0.07 0.13 0.76 95.53 89.04 99.23 
56.65 0.09 0.09 -0.06 -0.02 1.35 1.39 -0.00 0.03 0.74 95.12 88.70 98.82 
56.75 0.06 0.07 -0.03 -0.02 1.72 1.73 0.12 -0.01 0.69 93.92 88.64 98.24 
56.86 0.03 0.06 -0.02 -0.03 1.70 1.70 0.03 0.10 0.58 93.49 88.39 97.14 
56.96 0.07 0.07 -0.04 -0.02 1.91 1.93 -0.01 0.03 0.49 94.03 89.07 95.86 
57.06 0.04 0.05 -0.03 -0.02 1.98 1.99 -0.04 -0.00 0.27 92.87 89.01 93.22 
57.16 0.03 0.05 -0.03 -0.01 1.90 1.92 -0.02 0.04 0.02 92.93 89.27 90.58 
57.27 0.06 0.05 0.03 0.00 2.10 2.01 0.03 -0.11 -0.04 93.00 90.24 89.55 
57.37 0.01 0.04 -0.15 -0.04 1.78 1.87 0.07 -0.19 -0.07 92.44 88.59 89.86 
57.47 -0.23 -0.14 0.01 -0.22 1.14 1.05 -0.33 -0.15 -3.40 82.62 74.88 53.78 
57.57 0.33 0.20 0.21 0.32 -3.01 -3.08 -0.44 -1.64 0.43 100.01 109.67 84.25 
57.68 -0.01 0.03 -0.58 -0.20 1.23 1.72 0.48 0.56 1.12 91.98 78.76 103.45 
57.78 0.24 0.09 0.18 -0.05 2.05 1.73 0.32 0.06 -0.53 95.38 87.21 83.62 
57.88 0.12 0.13 -0.14 -0.07 1.79 1.88 0.06 0.21 0.49 97.37 86.98 95.88 
57.98 -0.05 0.04 -0.19 -0.16 1.10 1.18 -0.16 0.09 -0.37 92.39 80.58 85.62 
58.08 -0.04 0.02 -0.07 -0.11 1.22 1.16 -0.30 0.19 -1.12 91.19 83.46 76.51 
58.18 0.25 0.09 0.09 0.03 1.03 1.08 -0.20 0.17 -1.09 93.56 91.28 75.08 
58.28 0.05 0.11 0.00 0.08 1.38 1.67 0.15 -0.13 1.05 96.03 94.70 102.61 
58.39 -0.03 0.05 -0.05 -0.08 0.77 0.71 0.05 -0.12 -0.25 93.56 84.81 88.79 
58.49 0.09 0.08 0.02 -0.00 1.04 0.99 -0.07 -0.23 -0.09 94.73 89.80 88.08 
58.59 0.07 0.06 -0.06 -0.05 0.77 0.78 -0.07 0.09 -0.12 93.17 86.97 89.01 
58.70 0.06 0.04 0.02 -0.02 0.99 0.97 -0.02 -0.27 -0.25 92.02 88.62 86.97 
58.80 0.03 0.03 -0.06 -0.06 0.92 0.93 -0.04 -0.36 -0.32 91.85 86.80 86.11 
58.90 0.01 0.03 -0.14 -0.09 0.84 0.87 -0.04 -0.19 -0.28 91.72 85.14 86.66 
59.00 -0.03 -0.00 -0.13 -0.12 0.87 0.87 0.00 -0.11 -0.29 89.96 83.26 86.50 
59.11 0.17 0.06 -0.19 -0.12 0.54 0.67 0.02 -0.08 -0.30 92.42 83.91 86.24 
59.21 0.09 0.07 -0.11 -0.11 0.56 0.42 0.08 0.08 -0.17 93.79 83.75 87.69 
59.31 0.13 0.09 -0.06 -0.09 0.44 0.46 0.06 -0.01 -0.13 95.20 84.78 88.39 
59.41 0.07 0.09 -0.10 -0.09 0.25 0.23 -0.06 0.05 -0.12 95.45 84.92 88.65 
59.51 0.07 0.08 -0.10 -0.09 0.38 0.37 -0.01 0.10 -0.25 94.59 84.93 86.98 
59.62 0.06 0.06 -0.09 -0.07 0.42 0.44 -0.05 -0.13 -0.24 93.21 86.42 86.97 
59.72 0.05 0.06 -0.11 -0.07 0.33 0.24 -0.05 -0.22 -0.17 93.70 86.19 87.84 
59.82 0.06 0.07 -0.08 -0.09 0.28 0.27 -0.06 0.04 -0.11 93.94 84.77 88.71 
59.93 0.05 0.06 -0.03 -0.09 0.11 0.10 -0.05 0.15 -0.04 93.48 84.57 89.38 
60.03 0.05 0.05 -0.08 -0.07 0.20 0.20 0.03 -0.08 -0.02 92.73 85.78 89.71 
60.13 0.08 0.07 -0.02 -0.07 0.11 0.11 0.02 -0.07 -0.19 93.80 85.40 87.91 
60.23 0.09 0.08 -0.07 -0.08 -0.07 -0.06 -0.07 -0.14 -0.19 94.73 85.69 87.69 
60.34 0.01 0.05 -0.10 -0.10 0.15 0.12 -0.04 -0.09 -0.07 93.54 84.18 88.97 
60.44 0.08 0.04 -0.15 -0.12 0.03 0.17 0.02 -0.10 0.01 92.18 83.71 89.98 
60.54 0.03 0.05 -0.14 -0.12 0.11 0.08 0.01 0.05 0.03 93.43 83.54 90.25 
60.65 0.10 0.06 -0.09 -0.11 0.06 0.10 0.07 0.22 0.05 92.88 83.58 90.56 
60.75 0.05 0.03 -0.11 -0.10 0.20 0.22 -0.02 0.02 0.02 91.76 84.33 90.31 
60.86 0.09 0.06 -0.12 -0.12 0.07 0.10 -0.06 0.00 -0.05 92.93 83.05 89.57 
60.96 0.05 0.05 -0.06 -0.10 0.08 0.07 -0.01 0.01 -0.06 93.05 84.11 89.29 
61.06 0.09 0.06 -0.06 -0.07 -0.15 -0.13 0.03 -0.02 0.02 93.10 85.72 90.14 
61.17 0.14 0.06 -0.09 -0.07 0.01 0.09 0.09 -0.01 0.11 92.65 86.10 91.25 
61.27 0.01 0.05 -0.03 -0.06 0.17 0.12 -0.07 0.26 0.15 92.69 86.58 91.84 
61.37 0.02 0.02 -0.10 -0.09 0.16 0.16 -0.07 -0.02 -0.01 91.10 84.80 90.21 
61.47 -0.01 0.01 -0.04 -0.08 0.20 0.18 0.03 0.04 -0.11 90.72 85.20 88.70 
61.58 0.03 0.05 -0.04 -0.08 -0.15 -0.16 0.14 -0.02 -0.01 93.08 85.11 89.90 
61.68 0.01 0.04 -0.05 -0.07 0.04 0.00 -0.06 0.09 0.05 92.30 85.98 90.54 
61.79 0.05 0.05 -0.07 -0.08 -0.05 -0.04 0.02 0.03 -0.01 92.52 85.58 89.63 
61.89 -0.00 0.04 -0.05 -0.06 -0.06 -0.10 -0.03 0.01 0.05 92.98 86.12 90.63 
62.00 -0.03 0.03 -0.10 -0.09 0.01 -0.00 -0.06 -0.13 -0.04 92.05 84.85 89.64 
62.10 0.04 0.02 -0.12 -0.10 -0.06 -0.05 -0.03 -0.21 -0.11 90.96 84.30 88.73 
62.20 0.08 0.04 -0.05 -0.07 -0.18 -0.14 -0.07 0.03 0.01 92.17 85.83 89.77 
62.30 0.04 0.03 -0.04 -0.05 -0.10 -0.09 0.05 0.23 0.20 91.32 87.13 92.20 
62.40 0.03 0.01 -0.06 -0.04 0.04 0.06 0.14 -0.06 0.06 90.40 87.47 90.75 
62.50 0.09 0.03 -0.08 -0.06 0.00 0.04 0.05 0.04 -0.01 91.52 86.48 89.91 
62.61 -0.02 0.00 -0.09 -0.06 0.12 0.11 -0.11 -0.06 -0.05 90.44 86.52 89.55 
62.71 0.01 -0.01 -0.02 -0.05 0.13 0.07 0.02 -0.06 -0.03 89.43 87.40 89.58 
62.81 0.01 0.00 -0.02 -0.04 0.17 0.18 0.12 0.09 0.04 89.99 87.67 90.48 
62.92 -0.00 0.00 -0.04 -0.03 0.03 0.03 0.10 0.09 0.11 90.22 88.09 91.17 
63.02 0.01 0.02 -0.04 -0.04 0.13 0.12 0.09 -0.01 0.07 91.02 87.99 90.86 
63.12 -0.02 0.02 -0.03 -0.05 0.16 0.12 -0.05 -0.00 -0.02 91.76 87.00 89.83 
63.22 0.01 0.03 -0.04 -0.04 -0.08 -0.09 0.01 -0.15 -0.09 91.80 87.65 88.94 
63.32 0.10 0.05 -0.13 -0.04 -0.02 0.01 0.08 0.15 -0.00 92.97 87.52 89.98 
63.42 0.11 0.06 -0.04 -0.04 -0.12 -0.01 0.14 -0.12 -0.04 93.59 87.94 89.48 
63.53 0.06 0.08 -0.02 -0.05 -0.05 -0.06 0.11 0.02 -0.08 94.79 86.88 88.92 
63.63 0.15 0.11 0.03 -0.01 -0.14 -0.10 -0.13 0.03 0.03 95.85 88.79 90.14 
63.73 0.06 0.08 -0.02 -0.02 -0.19 -0.21 -0.26 0.08 0.04 94.52 88.66 90.43 
63.84 0.06 0.03 -0.02 -0.03 0.01 0.04 -0.06 -0.15 -0.10 91.06 88.25 88.89 
63.94 0.09 0.03 -0.03 -0.01 -0.05 0.05 0.08 0.10 0.00 91.22 89.33 89.91 
64.05 0.06 0.04 -0.05 -0.02 -0.00 0.02 0.12 -0.09 -0.02 92.04 89.03 89.85 
64.15 0.07 0.02 -0.06 -0.02 0.31 0.36 0.33 -0.61 -0.08 90.71 89.13 89.11 
64.25 0.17 0.10 -0.15 -0.09 -0.02 0.03 0.48 0.47 -0.03 95.81 84.65 89.69 
64.35 0.05 0.10 -0.10 -0.06 0.14 0.11 -0.20 -0.29 -0.13 95.83 86.60 88.50 
64.45 0.15 0.11 -0.04 -0.05 0.08 0.11 -0.20 -0.30 -0.29 96.31 87.15 86.55 
64.55 0.01 0.07 0.00 -0.02 0.04 -0.02 0.22 -0.09 -0.11 94.56 88.79 88.39 
64.66 0.10 0.11 -0.14 -0.09 0.11 0.10 0.42 0.23 -0.04 96.43 85.50 89.53 
64.76 0.09 0.18 -0.08 -0.07 -0.12 -0.19 -0.35 0.18 -0.06 101.50 86.34 89.29 
64.87 -0.01 0.13 -0.05 -0.01 -0.28 -0.38 -1.03 0.54 0.16 98.65 89.75 92.32 
64.97 -0.12 -0.02 -0.02 -0.03 0.05 -0.01 -0.37 -0.35 -0.22 89.58 88.04 87.38 
65.07 0.01 -0.02 -0.01 -0.00 -0.25 -0.23 0.59 0.12 0.20 88.71 90.07 92.07 
65.18 0.09 0.06 0.09 0.05 0.21 -0.16 0.68 -0.09 0.51 93.22 93.05 96.09 
65.28 0.12 0.11 0.01 0.04 0.18 0.20 0.56 0.04 0.91 96.11 92.78 100.41 
65.38 0.21 0.16 0.05 0.01 0.16 0.20 0.14 0.58 1.23 98.94 90.26 104.67 
65.48 0.15 0.17 0.03 0.01 0.50 0.48 -0.26 0.24 1.05 99.64 90.23 102.76 
65.59 0.16 0.11 -0.06 -0.02 0.66 0.71 -0.20 -0.12 0.42 95.85 89.12 96.41 
65.69 0.08 0.07 -0.03 -0.02 0.79 0.83 -0.05 -0.33 -0.78 94.03 88.99 81.86 
65.80 0.14 0.05 -0.07 -0.08 0.62 0.66 -0.23 0.12 -1.19 92.18 85.36 76.30 
65.90 0.06 0.02 0.07 0.01 0.50 0.50 -0.04 0.32 -1.14 90.98 90.39 76.31 
66.00 0.26 0.13 0.19 0.09 -0.27 -0.10 -0.19 -0.11 -0.07 96.20 94.49 86.26 
66.10 0.08 0.09 0.12 0.11 0.17 0.14 0.13 0.44 1.73 95.25 96.33 109.97 
66.20 -0.05 0.04 0.04 0.06 1.04 0.81 0.07 -0.05 1.65 92.96 93.66 110.31 
66.31 0.05 -0.00 -0.21 -0.08 0.76 0.83 -0.01 0.23 0.51 89.36 86.67 98.71 
66.41 -0.01 -0.04 0.05 -0.06 0.83 0.80 0.02 -0.21 -1.16 87.28 85.42 77.26 
66.52 0.05 0.02 0.07 0.04 0.90 0.90 -0.02 -0.17 -1.32 90.97 91.68 73.85 
66.62 -0.04 -0.01 0.02 0.04 0.61 0.61 -0.07 -0.22 -1.43 89.52 92.56 72.50 
66.72 0.10 0.03 0.10 0.07 0.52 0.57 -0.19 -0.26 -1.07 90.85 94.07 76.02 
66.82 0.14 0.08 0.08 0.09 -0.38 -0.32 0.22 -0.07 0.44 94.86 95.02 95.27 
66.92 0.10 0.08 0.08 0.08 0.03 -0.14 0.34 0.65 1.25 94.64 94.30 104.75 
67.03 0.10 0.08 0.06 0.06 0.45 0.46 0.66 0.65 1.00 94.22 93.36 102.42 
67.13 0.19 0.13 0.09 0.08 0.51 0.54 0.52 0.26 0.41 96.70 94.27 95.55 
67.23 0.20 0.19 0.13 0.11 0.67 0.67 0.36 -0.06 0.15 101.03 95.86 91.71 
67.33 0.27 0.24 0.10 0.12 0.80 0.83 0.32 -0.03 0.26 103.53 97.00 93.07 
67.44 0.30 0.27 0.08 0.10 0.81 0.82 -0.03 -0.07 0.18 104.95 96.04 92.45 
67.54 0.22 0.24 0.03 0.06 0.79 0.80 -0.24 -0.22 -0.20 103.77 93.83 88.42 
67.64 0.22 0.21 0.07 0.06 0.67 0.67 -0.32 -0.27 -0.73 101.75 93.34 81.71 
67.75 0.17 0.19 0.14 0.08 0.63 0.59 -0.31 -0.25 -0.94 100.93 93.84 78.41 
67.85 0.14 0.17 0.15 0.10 0.33 0.29 -0.23 -0.29 -0.74 99.68 95.82 81.07 
67.95 0.20 0.19 0.13 0.11 -0.00 0.01 -0.14 -0.29 -0.29 100.62 96.00 85.56 
68.05 0.19 0.17 0.09 0.09 -0.08 -0.06 -0.08 0.09 0.39 99.57 94.92 94.69 
68.16 0.17 0.15 0.14 0.10 0.22 0.12 -0.09 0.24 0.87 98.13 95.18 100.07 
68.26 0.12 0.10 0.07 0.06 0.48 0.49 -0.14 0.27 0.95 95.47 93.71 101.92 
68.36 0.10 0.09 0.08 0.04 0.52 0.51 -0.13 -0.07 0.50 94.91 91.76 96.24 
68.47 -0.03 0.03 -0.04 -0.02 0.66 0.65 -0.07 -0.09 -0.21 92.06 89.27 88.62 
68.57 0.04 0.04 0.06 0.02 0.58 0.56 -0.03 -0.23 -0.75 92.45 90.62 81.31 
68.68 -0.01 0.03 0.02 0.04 0.63 0.62 0.02 -0.18 -0.72 91.94 92.52 81.00 
68.78 0.11 0.09 0.06 0.05 0.26 0.28 -0.06 -0.22 -0.56 95.22 92.93 83.24 
68.88 0.08 0.10 -0.00 0.02 0.04 0.02 -0.03 -0.17 -0.40 96.20 91.42 84.87 
68.98 0.05 0.09 0.00 0.00 0.04 0.01 0.08 -0.10 -0.35 95.44 90.06 85.72 
69.09 0.22 0.15 0.03 -0.00 -0.36 -0.30 0.05 -0.02 -0.23 97.83 89.32 86.67 
69.19 0.14 0.13 0.02 0.02 -0.18 -0.29 -0.06 0.14 0.27 97.56 91.18 92.29 
69.30 0.05 0.09 0.05 0.05 0.02 -0.03 -0.02 0.17 0.93 95.86 92.70 100.59 
69.40 0.05 0.08 0.02 0.03 0.35 0.31 0.21 0.11 1.29 94.97 92.00 105.28 
69.50 0.11 0.07 0.04 0.00 0.50 0.51 0.18 0.19 1.01 94.29 90.04 102.15 
69.60 0.16 0.08 0.06 0.01 0.90 0.91 0.00 -0.18 0.77 93.95 89.95 99.27 
69.70 0.09 0.08 0.01 -0.01 1.29 1.06 0.01 -0.33 0.71 94.48 89.21 98.43 
69.81 0.10 0.08 -0.02 -0.05 1.22 1.20 -0.03 0.59 0.72 94.52 87.04 98.86 
69.91 0.03 0.05 -0.03 -0.05 1.19 1.16 0.15 -0.01 0.19 92.79 86.85 92.68 
70.02 0.13 0.07 -0.03 -0.02 1.32 1.34 0.19 -0.44 -0.20 93.42 89.05 88.01 
70.12 0.09 0.07 -0.09 -0.08 1.40 1.41 -0.05 -1.08 -0.59 93.57 85.31 83.24 
70.22 0.11 0.08 -0.29 -0.18 1.30 1.41 -0.35 -1.45 -0.66 94.52 79.69 82.04 
70.32 0.06 0.08 -0.31 -0.27 1.64 1.69 -0.46 -1.11 -0.58 94.51 75.16 82.59 
70.43 0.04 0.09 -0.42 -0.36 2.42 2.54 -0.32 -1.16 -0.20 95.70 69.72 87.24 
70.53 0.01 0.08 -0.57 -0.50 1.37 1.50 -0.24 -0.81 -0.07 95.52 61.82 88.94 
70.64 -0.03 0.05 -0.60 -0.60 1.22 1.14 -0.17 -0.43 0.05 93.91 55.32 90.49 
70.74 -0.03 0.01 -0.71 -0.68 0.94 0.95 0.03 -0.05 -0.02 90.47 51.25 89.80 
70.84 0.03 -0.00 -0.59 -0.65 1.13 1.09 0.18 0.45 -0.07 89.64 52.29 89.15 
70.94 0.07 0.04 -0.60 -0.65 0.65 0.78 0.26 1.16 -0.29 92.31 52.90 86.52 
71.04 0.10 0.07 -0.33 -0.52 0.62 0.55 0.07 2.14 -0.69 93.44 58.05 81.84 
71.15 0.15 0.13 -0.07 -0.23 0.39 0.37 0.16 1.85 -0.54 97.07 75.23 83.18 
71.25 0.16 0.14 0.02 -0.04 0.53 0.53 0.30 1.11 -0.29 97.49 86.76 86.66 
71.36 0.20 0.15 0.15 0.08 0.46 0.47 0.31 0.81 -0.34 97.85 93.65 86.31 
71.46 0.21 0.19 0.20 0.18 0.26 0.36 0.07 0.71 -0.23 100.67 100.18 87.24 
71.56 0.14 0.20 0.32 0.29 0.27 0.23 -0.17 0.93 -0.08 102.10 106.32 89.01 
71.67 0.19 0.18 0.44 0.37 0.18 0.17 -0.10 0.24 -0.07 100.54 110.95 89.19 
71.77 0.18 0.16 0.43 0.41 0.28 0.29 0.03 -0.10 -0.06 98.94 113.52 89.07 
71.87 0.18 0.18 0.42 0.42 0.19 0.19 -0.03 -0.02 -0.00 100.30 113.86 90.13 
71.98 0.17 0.15 0.39 0.39 0.30 0.28 -0.08 -0.30 0.02 98.10 112.25 90.42 
72.08 0.09 0.12 0.30 0.34 0.34 0.34 -0.22 -1.87 -0.07 97.05 109.80 89.24 
72.19 0.24 0.12 0.11 0.20 0.41 0.83 -0.31 -2.21 -0.00 95.78 102.65 89.96 
72.29 0.16 0.09 -0.26 -0.03 0.28 0.50 -0.20 -1.98 0.10 94.70 90.60 91.22 
72.39 0.07 0.08 -0.28 -0.17 2.61 2.75 -0.07 -1.77 0.11 94.60 81.21 91.28 
72.50 0.10 0.05 -0.58 -0.40 2.29 1.32 0.12 -1.56 0.12 92.45 68.76 91.46 
72.60 0.03 0.07 -0.75 -0.63 0.65 0.76 0.13 -0.87 0.10 94.49 55.37 91.29 
72.70 0.02 0.06 -0.74 -0.67 1.59 1.70 0.16 -0.87 0.06 93.58 52.12 90.70 
72.81 0.04 0.09 -0.91 -0.85 0.49 0.48 0.08 -0.43 0.07 95.65 41.99 90.81 
72.91 0.09 0.08 -0.93 -0.94 0.34 0.35 0.02 0.90 -0.03 94.46 36.17 89.61 
73.02 0.13 0.08 -0.72 -0.82 0.28 0.44 0.04 2.06 -0.22 93.96 41.80 87.75 
73.12 0.13 0.11 -0.26 -0.53 0.30 0.26 -0.00 2.37 -0.33 96.18 56.66 85.88 
73.25 0.11 0.11 -0.08 -0.47 0.16 0.28 0.37 1.84 -0.11 96.35 63.31 88.62 
73.38 0.21 0.13 0.15 -0.37 0.19 0.16 0.35 1.28 -0.06 97.19 68.64 89.29 
73.51 0.21 0.14 0.22 -0.28 0.21 0.19 0.03 0.25 0.03 97.93 73.73 90.36 
73.65 0.10 0.13 0.07 -0.23 0.22 0.21 -0.19 -0.34 -0.15 97.58 76.78 88.16 
73.75 0.12 0.13 0.08 -0.14 0.15 0.14 -0.23 -0.03 -0.38 97.73 79.72 85.49 
73.85 0.05 0.12 0.13 0.07 -0.00 0.11 -0.22 -0.07 -0.47 97.71 93.50 84.31 
73.95 0.09 0.09 0.21 0.16 0.23 0.22 -0.19 0.10 -0.43 95.18 99.31 84.89 
74.05 -0.00 0.14 0.10 0.19 -0.29 -0.23 -0.08 -0.09 -0.22 99.22 101.55 87.06 
74.16 0.16 0.12 0.23 0.20 -0.25 -0.22 -0.11 -0.10 -0.08 96.23 101.50 88.87 
74.26 0.14 0.15 0.24 0.21 -0.58 -0.58 0.06 -0.65 -0.13 98.86 101.89 88.33 
74.37 0.01 0.06 0.15 0.19 -0.15 -0.20 0.05 -0.43 -0.00 93.88 101.45 89.77 
74.47 0.02 0.03 -0.02 0.06 0.03 0.03 0.17 -0.75 0.08 91.98 94.49 91.21 
74.57 0.09 0.10 0.00 0.02 -0.08 -0.15 0.16 0.09 0.21 95.66 90.97 92.21 
74.68 0.08 0.10 0.07 0.03 -0.10 -0.11 0.07 0.38 0.19 95.76 91.84 92.27 
74.78 0.04 0.10 0.01 0.04 -0.01 -0.05 -0.02 -0.05 0.09 96.38 92.43 91.14 
74.88 0.12 0.11 -0.01 0.01 -0.04 -0.04 0.06 -0.04 0.02 96.20 91.03 90.27 
74.98 0.12 0.13 0.03 -0.09 -0.12 -0.12 -0.05 -0.31 0.01 97.69 83.72 90.26 
75.09 -0.02 0.08 0.02 -0.01 -0.02 -0.10 -0.04 -0.07 -0.04 95.57 89.13 89.59 
75.19 0.06 0.07 0.00 0.01 0.09 0.08 0.10 0.13 0.00 93.94 90.58 89.86 
75.29 0.08 0.09 -0.00 0.02 -0.04 -0.04 0.05 0.00 0.04 95.41 91.59 90.42 
75.40 0.11 0.11 -0.00 0.02 -0.02 -0.01 -0.08 -0.09 0.03 96.02 91.00 90.35 
75.50 0.04 0.07 0.01 0.02 0.04 0.02 -0.08 -0.03 -0.05 94.22 91.04 89.47 
75.60 0.12 0.08 0.07 0.03 -0.13 -0.10 -0.01 -0.09 -0.07 94.61 92.00 89.16 
75.70 0.10 0.09 0.05 0.04 -0.05 -0.04 0.04 0.08 0.01 95.30 92.11 90.02 
75.80 0.11 0.10 0.00 0.02 -0.06 -0.05 0.04 -0.07 0.05 95.58 91.59 90.59 
75.91 0.12 0.09 -0.02 0.01 -0.04 -0.02 -0.07 -0.04 0.03 95.16 91.12 90.25 
76.01 0.05 0.07 0.01 0.01 -0.05 -0.07 -0.04 0.05 -0.06 94.52 90.57 89.42 
76.11 0.04 0.07 0.07 0.04 -0.08 -0.09 -0.02 -0.32 -0.01 93.82 92.42 89.87 
76.21 -0.01 0.06 0.01 0.02 -0.08 -0.14 -0.18 -0.82 0.09 93.41 91.08 91.13 
76.32 0.00 0.00 -0.14 -0.06 0.16 0.17 -0.13 -1.95 -0.04 89.99 87.46 89.69 
76.42 0.00 0.00 -0.32 -0.18 2.23 2.66 0.22 -2.98 -0.05 90.17 81.19 89.13 
76.52 0.01 0.05 -0.65 -0.51 2.23 2.53 0.48 -1.86 0.00 93.44 62.34 90.05 
76.63 0.33 0.21 -1.01 -0.77 -0.38 -0.38 0.57 -1.06 0.06 101.11 48.03 90.65 
76.73 0.87 0.44 -1.25 -1.04 -0.50 -0.39 0.36 0.24 0.14 111.11 32.74 91.65 
76.83 0.30 0.30 -0.83 -0.91 -0.15 -0.14 0.25 1.73 0.25 107.15 38.09 93.03 
76.94 0.20 0.21 -0.59 -0.69 0.05 0.04 0.19 2.24 0.35 102.29 49.21 94.30 
77.04 0.14 0.15 -0.28 -0.45 0.32 0.47 0.26 2.40 0.23 98.65 62.78 93.19 
77.14 0.06 0.13 -0.09 -0.25 0.48 0.41 0.11 2.38 -0.05 97.83 74.25 89.84 
77.25 0.05 0.10 0.22 0.01 0.44 0.39 0.00 2.56 -0.31 96.25 88.58 86.25 
77.35 0.10 0.12 0.42 0.31 0.55 0.50 0.11 2.05 -0.10 97.00 106.54 88.52 
77.45 0.08 0.04 0.50 0.43 0.52 0.52 0.06 0.62 0.00 92.04 114.18 90.01 
77.55 0.23 0.11 0.43 0.44 0.43 0.46 -0.16 -0.63 -0.16 96.47 115.31 88.02 
77.66 0.14 0.11 0.39 0.39 0.43 0.45 -0.19 -2.10 -0.26 95.97 112.55 86.99 
77.76 0.10 0.09 0.18 0.26 1.15 1.34 -0.20 -2.28 -0.18 94.71 105.76 87.84 
77.87 -0.04 0.06 -0.06 0.06 0.73 0.74 -0.17 -2.08 -0.05 94.36 94.73 89.33 
77.97 0.16 0.06 -0.36 -0.18 1.52 1.97 0.11 -1.97 -0.06 92.57 81.20 89.54 
78.07 0.02 0.07 -0.61 -0.42 1.88 0.86 0.24 -1.60 -0.10 94.56 67.90 88.85 
78.18 0.42 0.15 -1.01 -0.68 0.23 0.66 0.29 -0.73 -0.02 95.75 54.40 89.61 
78.28 0.14 0.18 -0.91 -0.80 0.18 0.18 0.26 0.64 -0.01 100.37 45.13 89.81 
78.38 0.10 0.24 -0.41 -0.71 0.01 -0.05 -0.20 2.55 -0.06 105.19 46.30 89.50 
78.49 0.12 0.16 -0.02 -0.26 0.09 0.05 -0.30 2.42 0.00 99.23 72.68 89.77 
78.59 0.00 0.08 0.11 -0.03 0.33 0.49 0.09 1.49 0.09 95.13 87.21 90.93 
78.70 0.08 0.12 0.21 0.13 0.30 0.25 0.40 1.20 0.20 97.13 96.39 92.13 
78.80 0.09 0.14 0.36 0.24 0.46 0.41 0.38 1.19 0.29 98.59 102.38 93.39 
78.90 0.18 0.19 0.35 0.31 0.38 0.36 0.22 0.40 0.16 101.15 107.63 92.15 
79.00 0.21 0.18 0.33 0.31 0.40 0.41 -0.22 -0.94 -0.21 100.05 107.72 87.51 
79.11 0.20 0.15 0.12 0.23 0.67 0.48 -0.37 -2.42 -0.41 98.02 104.17 84.94 
79.21 0.05 0.16 -0.09 0.07 0.38 0.22 -0.38 -2.09 -0.26 100.05 95.82 86.62 
79.31 0.17 0.15 -0.41 -0.18 -1.70 -2.75 -0.15 -2.09 -0.21 98.30 82.34 87.50 
79.42 0.18 0.15 -0.50 -0.34 -0.83 -2.09 -0.03 -2.14 -0.16 98.63 72.45 88.04 
79.52 0.13 0.16 -0.80 -0.63 0.24 0.35 -0.04 -1.54 -0.01 99.39 55.44 89.81 
79.62 0.24 0.24 -1.04 -0.90 -0.28 -0.30 -0.18 -0.38 0.04 103.92 38.68 90.48 
79.73 0.19 0.22 -0.93 -0.95 -0.16 -0.17 -0.11 0.93 0.13 102.95 35.22 91.53 
79.83 0.12 0.14 -0.62 -0.79 -0.08 -0.08 0.00 1.99 0.08 98.33 42.70 91.02 
79.94 -0.04 0.09 -0.43 -0.56 0.11 0.01 0.15 2.06 0.04 96.51 56.83 90.56 
80.04 0.11 0.09 -0.16 -0.30 0.16 0.17 0.39 2.07 0.02 94.99 71.66 90.48 
80.14 0.20 0.12 0.03 -0.13 0.15 0.18 0.45 2.24 -0.01 97.02 82.54 89.84 
80.24 0.18 0.16 0.21 0.12 0.19 0.19 0.24 1.67 0.05 99.01 95.89 90.88 
80.34 0.09 0.17 0.25 0.25 0.16 0.09 0.17 0.37 -0.09 100.74 102.97 89.49 
80.44 0.17 0.20 0.28 0.28 0.12 0.11 -0.13 -0.14 -0.10 101.58 106.08 88.83 
80.54 0.15 0.16 0.28 0.27 0.15 0.14 -0.10 -0.09 -0.09 99.17 105.68 88.85 
80.65 0.18 0.17 0.28 0.29 0.09 0.10 0.08 -0.10 0.01 99.61 106.72 90.13 
80.75 0.16 0.19 0.26 0.29 0.01 -0.01 -0.07 -0.18 0.03 101.02 106.86 90.31 
80.85 0.12 0.13 0.20 0.24 0.16 0.15 -0.13 -0.97 -0.01 97.82 103.96 90.18 
80.96 0.12 0.16 0.10 0.16 0.03 0.00 -0.24 -1.79 -0.12 99.36 100.05 88.73 
81.06 -0.10 0.07 -0.34 0.01 0.68 0.33 -0.32 -2.03 -0.02 94.16 90.82 89.71 
81.16 0.15 0.10 -0.36 -0.22 -0.00 0.07 -0.17 -1.44 -0.10 94.91 79.10 88.92 
81.27 0.11 0.11 -0.45 -0.32 -0.90 -1.25 0.18 -1.56 -0.03 96.31 72.71 89.53 
81.37 0.23 0.12 -0.73 -0.56 0.02 0.12 0.24 -0.97 -0.04 95.56 59.31 89.62 
81.47 0.03 0.15 -0.70 -0.69 -0.08 -0.16 -0.11 -0.08 -0.02 100.01 50.31 89.70 
81.58 0.13 0.12 -0.67 -0.67 0.01 0.02 -0.32 0.03 -0.08 96.86 51.55 89.23 
81.68 0.08 0.07 -0.48 -0.58 0.20 0.18 0.04 0.11 -0.02 94.06 55.54 89.51 
81.78 0.10 0.11 -0.64 -0.62 -0.07 -0.07 0.05 -0.25 0.05 96.05 54.74 90.60 
81.89 0.06 0.08 -0.66 -0.63 0.10 0.09 -0.14 0.01 0.11 94.89 54.28 91.26 
81.99 0.03 0.03 -0.68 -0.66 0.20 0.21 0.02 0.14 -0.02 92.05 52.72 90.04 
82.09 0.05 0.06 -0.62 -0.63 0.04 -0.10 0.02 0.17 0.10 93.44 53.77 91.00 
82.20 0.08 0.06 -0.57 -0.59 0.05 0.07 0.20 0.06 0.05 93.34 56.14 90.63 
82.30 0.05 0.07 -0.61 -0.59 -0.02 -0.04 0.14 0.10 0.10 94.43 56.08 91.25 
82.40 0.08 0.07 -0.58 -0.60 0.15 0.15 -0.12 0.03 0.00 94.11 55.44 90.12 
82.50 0.02 0.05 -0.57 -0.57 0.24 0.22 -0.00 -0.10 0.03 92.79 57.58 90.42 
82.60 0.06 0.07 -0.64 -0.60 0.01 -0.00 0.04 -0.11 -0.04 93.95 55.82 89.51 
82.70 0.05 0.07 -0.52 -0.58 0.11 0.09 -0.11 0.01 0.03 94.10 56.37 90.19 
82.81 0.02 0.04 -0.57 -0.60 0.07 0.12 -0.09 0.06 0.05 92.74 55.21 90.72 
82.91 0.08 0.04 -0.64 -0.59 0.00 0.05 0.02 -0.08 0.00 91.73 56.80 90.06 
83.01 0.05 0.03 -0.63 -0.59 0.17 0.20 -0.03 -0.08 0.06 91.53 56.44 90.60 
83.12 0.05 0.03 -0.63 -0.61 0.02 0.04 -0.02 -0.00 -0.01 91.80 55.28 89.94 
83.22 -0.01 0.02 -0.56 -0.61 0.19 0.16 0.01 0.03 -0.04 90.98 55.31 89.51 
83.32 0.00 0.02 -0.57 -0.59 0.19 0.22 0.01 0.03 -0.05 91.17 56.02 89.36 
83.43 0.05 0.05 -0.59 -0.60 -0.17 -0.17 0.05 0.07 -0.05 92.63 55.59 89.41 
83.53 -0.01 0.04 -0.60 -0.60 0.13 0.08 0.03 0.19 -0.00 92.86 55.62 89.88 
83.63 -0.08 0.01 -0.54 -0.56 0.26 0.17 -0.07 0.03 -0.03 91.60 57.46 89.90 
83.73 0.05 0.05 -0.50 -0.55 0.04 0.03 0.10 -0.00 -0.01 93.09 57.92 89.72 
83.84 0.00 0.05 -0.58 -0.60 0.11 0.04 0.01 -0.06 0.02 93.12 55.61 90.24 
83.94 0.05 0.04 -0.57 -0.59 -0.00 0.01 -0.00 0.04 -0.03 92.40 56.09 89.61 
84.04 0.16 0.05 -0.64 -0.58 0.11 0.16 0.05 0.07 0.02 91.55 57.26 90.32 
84.14 0.06 0.06 -0.55 -0.57 0.03 0.02 0.11 0.17 -0.04 93.77 57.21 89.57 
84.25 -0.00 0.04 -0.53 -0.55 0.19 0.15 -0.04 0.18 0.01 92.53 58.39 90.10 
84.35 0.09 0.05 -0.47 -0.51 0.14 0.17 -0.09 0.09 0.02 92.43 60.43 90.26 
84.45 0.06 0.05 -0.51 -0.51 -0.11 -0.10 0.02 0.01 -0.02 92.63 60.95 89.74 
84.56 0.02 0.04 -0.53 -0.52 0.10 -0.08 0.06 0.13 -0.02 92.81 60.24 89.70 
84.66 0.03 0.04 -0.54 -0.54 0.12 0.12 0.15 0.55 -0.09 92.53 59.04 88.87 
84.76 0.10 0.09 -0.43 -0.48 -0.07 -0.06 0.12 1.24 -0.14 95.15 62.25 88.33 
84.87 0.08 0.09 -0.19 -0.27 0.05 0.04 -0.05 1.32 -0.09 95.01 73.61 88.94 
84.97 0.12 0.10 -0.06 -0.12 -0.14 -0.12 -0.02 0.93 0.11 95.75 82.75 91.17 
85.07 0.07 0.07 -0.01 -0.03 -0.02 -0.07 -0.03 0.47 0.02 94.15 87.96 90.37 
85.18 0.08 0.06 0.01 0.01 0.00 0.01 -0.08 -0.01 -0.05 93.45 90.55 89.42 
85.28 0.08 0.06 0.05 0.02 -0.12 -0.10 -0.04 0.14 0.05 93.33 91.05 90.57 
85.38 0.06 0.05 0.03 0.02 -0.02 -0.01 0.03 -0.01 -0.01 92.89 91.19 89.84 
85.48 0.05 0.05 0.01 0.02 0.00 0.00 -0.02 -0.03 0.01 93.02 91.40 90.00 
85.59 0.03 0.04 0.02 0.03 0.01 -0.08 -0.02 -0.06 -0.00 92.31 91.53 89.98 
85.69 0.04 0.05 0.01 0.02 0.03 0.02 0.11 0.05 0.03 92.79 91.38 90.43 
85.80 0.06 0.05 0.04 0.03 -0.11 -0.10 -0.02 0.05 0.00 92.98 91.32 90.07 
85.90 0.08 0.04 0.01 0.02 -0.00 0.02 -0.01 0.14 -0.05 92.11 91.44 89.55 
86.00 0.11 0.06 0.11 0.07 -0.01 0.02 0.22 0.68 0.01 93.20 93.29 89.79 
86.10 0.07 0.08 0.11 0.12 0.01 0.00 0.54 0.48 0.21 94.80 96.94 92.56 
86.20 0.10 0.10 0.18 0.13 0.17 0.16 0.28 0.84 -0.17 95.82 97.25 88.25 
86.31 0.15 0.14 0.33 0.25 0.21 0.09 0.08 0.61 -0.07 97.91 103.38 88.99 
86.41 0.08 0.12 0.32 0.32 0.25 0.23 0.02 0.53 0.10 97.56 108.16 91.15 
86.52 0.14 0.11 0.33 0.34 0.21 0.22 0.07 0.38 0.08 96.30 109.22 91.17 
86.62 0.04 0.12 0.30 0.37 0.24 0.22 0.02 0.28 -0.02 97.38 111.58 89.77 
86.72 0.36 0.21 0.56 0.46 -0.02 0.04 0.05 0.40 -0.01 100.48 115.40 89.80 
86.82 0.24 0.25 0.52 0.51 -0.11 -0.13 0.02 0.34 -0.02 104.58 119.44 89.71 
86.93 0.16 0.19 0.54 0.52 0.07 0.06 0.04 -0.14 -0.06 100.89 119.42 89.31 
87.03 0.21 0.20 0.54 0.53 0.05 0.06 -0.04 0.07 0.02 101.11 120.01 90.14 
87.14 0.19 0.21 0.54 0.54 0.01 0.01 0.01 -0.03 -0.02 101.89 120.84 89.78 
87.24 0.18 0.20 0.53 0.53 0.04 0.03 0.00 -0.03 0.00 101.40 120.31 89.97 
87.35 0.16 0.19 0.50 0.52 0.04 0.05 -0.02 0.06 -0.01 100.92 119.82 90.01 
87.45 0.18 0.18 0.52 0.52 0.04 0.04 0.02 -0.05 0.01 100.35 119.85 90.04 
87.55 0.18 0.18 0.52 0.52 0.06 0.06 0.03 -0.07 -0.02 100.36 119.72 89.73 
87.65 0.18 0.18 0.52 0.52 0.06 0.07 0.02 0.02 0.01 100.24 119.55 90.01 
87.76 0.19 0.18 0.52 0.52 0.05 0.05 0.01 -0.02 -0.00 100.48 119.90 89.95 
87.86 0.17 0.18 0.52 0.52 0.05 0.05 -0.02 0.01 -0.01 100.25 119.80 89.86 
87.96 0.18 0.18 0.51 0.52 0.05 0.05 0.01 0.06 0.01 100.21 119.73 90.10 
88.06 0.19 0.18 0.52 0.53 0.06 0.06 0.05 0.03 0.02 100.24 120.11 90.19 
88.16 0.18 0.18 0.52 0.52 0.08 0.08 -0.00 -0.01 -0.00 100.03 119.91 89.97 
88.27 0.19 0.18 0.52 0.52 0.05 0.05 -0.00 -0.01 -0.01 100.51 119.97 89.93 
88.37 0.18 0.18 0.53 0.53 0.05 0.05 0.01 0.01 0.00 100.43 120.10 89.99 
88.47 0.17 0.18 0.53 0.53 0.04 0.04 0.03 0.01 0.01 100.19 120.23 90.12 
88.58 0.27 0.18 0.57 0.52 -0.00 0.09 -0.01 -0.00 0.00 99.74 119.15 90.02 
88.68 0.18 0.18 0.53 0.52 0.05 0.05 0.01 -0.02 0.01 100.25 119.77 90.06 
88.79 0.20 0.18 0.54 0.52 0.08 0.09 0.04 -0.02 -0.00 100.09 119.65 89.95 
88.89 0.34 0.21 0.58 0.54 -0.01 0.04 -0.01 -0.01 -0.00 100.41 120.51 89.99 
88.99 0.12 0.16 0.52 0.52 0.10 0.08 0.02 -0.02 0.01 99.28 119.91 90.14 
89.09 0.09 0.20 0.48 0.52 -0.02 -0.03 0.02 0.01 0.00 102.48 120.39 90.04 
89.19 0.22 0.20 0.53 0.53 0.01 0.02 0.02 -0.03 -0.00 101.49 120.43 89.98 
89.30 0.17 0.20 0.53 0.54 -0.00 -0.01 0.04 -0.00 0.01 101.81 120.85 90.04 
89.40 0.19 0.19 0.51 0.53 0.02 0.02 0.00 -0.00 0.01 101.00 120.32 90.13 
89.50 0.20 0.17 0.52 0.52 0.04 0.05 0.01 -0.03 -0.01 99.65 119.92 89.93 
89.60 0.18 0.18 0.52 0.53 0.01 0.01 0.02 0.00 0.02 100.47 120.11 90.27 
89.70 0.18 0.18 0.51 0.52 0.03 0.03 0.02 -0.00 0.00 100.44 120.12 90.05 
89.80 0.23 0.22 0.55 0.55 -0.08 -0.04 0.02 -0.02 0.00 102.13 121.22 90.12 
89.91 0.17 0.18 0.52 0.53 0.01 0.01 0.00 -0.00 -0.01 100.43 120.18 89.90 
90.01 0.18 0.19 0.54 0.53 -0.01 -0.01 0.01 -0.02 -0.01 100.66 120.07 89.92 
90.11 0.18 0.18 0.54 0.53 0.01 0.01 0.03 -0.01 0.01 100.53 120.24 90.10 
90.21 0.18 0.18 0.53 0.53 0.02 0.02 0.02 -0.01 0.01 100.57 120.37 90.12 
90.32 0.18 0.18 0.52 0.53 0.03 0.03 0.01 -0.01 0.00 100.47 120.45 90.02 
90.42 0.19 0.19 0.53 0.53 -0.01 -0.00 0.03 -0.03 0.02 100.85 120.24 90.22 
90.52 0.17 0.18 0.52 0.53 0.02 0.02 0.00 -0.01 0.01 100.46 120.21 90.08 
90.62 0.18 0.18 0.53 0.53 0.03 0.03 0.01 -0.05 0.01 100.48 120.37 90.16 
90.73 0.16 0.16 0.46 0.50 0.08 0.08 -0.08 -0.53 -0.01 99.10 119.02 90.02 
90.83 0.13 0.15 0.40 0.45 0.08 0.08 -0.31 -1.42 -0.16 98.61 116.16 88.31 
90.94 0.14 0.13 0.40 0.36 -0.22 -0.20 -0.50 -1.49 -0.19 97.06 110.52 87.68 
91.04 0.06 0.07 0.19 0.23 -0.40 -0.14 -0.25 -1.60 -0.09 93.83 103.46 88.80 
91.14 0.14 0.05 -0.01 0.07 -0.32 -0.26 -0.14 -1.54 -0.11 93.12 93.83 88.62 
91.24 -0.01 0.00 -0.23 -0.11 -0.40 -0.54 -0.22 -1.39 -0.15 90.36 85.04 88.18 
91.35 -0.02 0.02 -0.39 -0.28 -0.26 -0.32 -0.21 -0.93 -0.13 91.49 74.83 88.63 
91.45 0.02 0.00 -0.42 -0.35 -0.58 -0.61 -0.09 -0.85 -0.06 89.91 70.55 89.21 
91.55 -0.02 -0.00 -0.59 -0.50 -0.24 -0.31 0.08 -0.62 -0.01 89.88 62.45 89.86 
91.66 -0.08 -0.03 -0.55 -0.57 -0.10 -0.14 -0.04 -0.26 -0.01 88.89 57.32 89.84 
91.76 0.00 -0.03 -0.62 -0.58 -0.16 -0.15 -0.01 0.08 0.01 88.33 56.61 90.14 
91.86 -0.03 -0.04 -0.52 -0.56 -0.04 -0.03 0.05 0.31 0.02 87.95 57.71 90.28 
91.96 -0.05 -0.04 -0.48 -0.52 -0.08 -0.09 0.03 0.18 -0.02 87.57 59.98 89.82 
92.07 -0.04 -0.03 -0.52 -0.50 -0.16 -0.17 0.08 0.18 0.02 88.27 61.34 90.14 
92.17 0.11 -0.01 -0.63 -0.56 -0.06 -0.00 0.45 1.15 0.13 88.33 58.91 91.48 
92.27 0.01 -0.00 -0.14 -0.36 0.06 0.02 0.11 2.16 0.02 89.68 67.19 90.65 
92.38 0.11 0.05 0.14 -0.10 -0.11 -0.06 0.06 1.53 -0.01 92.88 84.54 89.92 
92.48 0.05 0.07 0.20 0.07 -0.09 -0.09 0.21 1.31 0.40 93.96 94.26 94.76 
92.58 0.05 0.04 0.20 0.15 0.12 0.12 0.30 0.92 0.25 92.30 98.36 93.29 
92.68 0.15 0.06 0.37 0.24 0.09 0.12 0.07 0.81 0.10 92.39 102.71 91.17 
92.79 0.06 0.06 0.35 0.31 0.08 0.13 -0.14 0.08 -0.08 93.60 107.17 89.00 
92.89 0.08 0.07 0.35 0.34 0.06 0.06 -0.15 0.16 -0.01 94.23 109.39 89.85 
93.00 0.12 0.08 0.35 0.34 -0.04 -0.02 0.01 -0.10 -0.04 93.95 109.62 89.57 
93.10 0.09 0.09 0.37 0.35 -0.09 -0.08 0.03 0.01 -0.02 94.79 110.15 89.68 
93.20 0.03 0.08 0.30 0.35 -0.06 -0.08 -0.14 -0.09 -0.00 94.35 109.79 89.95 
93.30 0.10 0.09 0.28 0.32 -0.34 -0.20 -0.26 -0.46 -0.13 95.00 108.51 88.70 
93.41 -0.04 0.01 0.21 0.25 -0.12 -0.14 -0.31 -0.65 -0.29 90.82 104.89 86.57 
93.51 0.04 0.01 0.23 0.25 -0.31 -0.30 0.03 -0.34 -0.13 90.02 104.45 87.99 
93.62 -0.15 -0.02 0.18 0.21 -0.18 -0.25 0.19 -0.27 0.05 90.31 102.26 90.56 
93.72 0.08 0.01 0.15 0.22 -0.22 -0.19 0.05 -0.07 0.19 90.46 102.42 92.28 
93.83 -0.03 0.00 0.14 0.14 -0.15 -0.15 0.34 -0.07 0.13 90.24 98.08 91.59 
93.93 0.25 0.02 -0.06 0.15 -0.07 0.10 -0.06 -1.70 -0.03 91.02 98.52 89.66 
94.03 -0.04 0.16 0.09 0.15 -0.58 -0.71 0.54 0.07 0.22 101.30 99.16 92.06 
94.13 0.10 0.13 0.04 0.05 -0.27 -0.28 -0.62 0.13 0.02 97.86 92.91 90.50 
94.24 -0.01 0.15 0.14 0.14 -0.42 -0.53 0.06 0.01 0.01 100.09 98.12 90.05 
94.34 0.11 0.17 0.06 0.08 -0.46 -0.49 0.04 -0.01 0.00 100.18 94.92 90.01 
94.45 0.04 0.08 0.09 0.05 -0.20 -0.22 0.01 -0.02 0.00 94.98 92.17 90.01 
94.55 0.07 0.07 0.07 0.06 -0.08 -0.09 0.03 -0.00 0.00 94.17 93.61 90.05 
94.65 0.07 0.07 0.07 0.07 -0.09 -0.09 0.01 -0.01 0.00 93.88 93.97 90.04 
94.76 0.08 0.07 0.07 0.08 -0.07 -0.07 0.03 -0.03 0.01 93.79 94.33 90.10 
94.86 0.07 0.07 0.06 0.07 -0.08 -0.06 0.01 -0.02 0.01 93.73 94.19 90.07 
94.96 0.07 0.07 0.07 0.07 -0.09 -0.09 0.02 -0.01 0.00 93.71 94.19 90.03 
95.07 0.07 0.06 0.07 0.07 -0.07 -0.07 0.01 -0.01 0.00 93.67 94.09 90.03 
95.17 0.07 0.06 0.07 0.07 -0.07 -0.07 0.01 -0.00 0.00 93.65 94.08 90.01 
95.27 0.05 0.06 0.09 0.07 -0.09 -0.10 -0.00 -0.00 0.00 93.59 93.93 90.01 
95.37 0.05 0.06 0.07 0.07 -0.10 -0.11 0.01 -0.01 0.01 93.71 94.23 90.05 
95.48 0.05 0.06 0.08 0.08 -0.11 -0.11 0.00 -0.00 0.00 93.72 94.31 90.03 
95.58 0.07 0.07 0.07 0.07 -0.12 -0.12 0.01 -0.01 0.00 93.74 94.23 90.03 
95.68 0.07 0.06 0.07 0.07 -0.08 -0.08 0.01 -0.01 0.00 93.55 94.18 90.01 
95.79 0.06 0.06 0.07 0.07 -0.09 -0.09 0.01 -0.01 0.00 93.62 94.19 90.07 
95.89 0.06 0.07 0.07 0.07 -0.12 -0.13 0.01 -0.01 0.00 93.86 94.27 90.04 
96.00 0.06 0.07 0.08 0.07 -0.10 -0.10 0.01 -0.01 0.00 93.81 94.08 90.06 
96.10 0.07 0.06 0.07 0.07 -0.11 -0.11 0.01 -0.01 0.00 93.71 94.05 90.04 
96.23 0.06 0.06 0.07 0.07 -0.12 -0.11 0.01 -0.00 0.00 93.70 94.06 90.03 
96.36 0.06 0.06 0.07 0.07 -0.10 -0.12 0.01 -0.01 0.00 93.63 94.07 90.04 
96.49 0.06 0.06 0.07 0.07 -0.10 -0.10 0.01 -0.01 0.00 93.62 94.08 90.05 
96.62 0.10 0.07 0.07 0.07 -0.12 -0.11 0.01 -0.00 0.01 93.90 94.05 90.06 
96.73 0.07 0.07 0.08 0.07 -0.10 -0.10 0.01 -0.01 0.00 93.81 94.08 90.02 
96.83 0.07 0.06 0.06 0.07 -0.11 -0.10 0.02 -0.02 0.00 93.66 94.13 90.02 
96.93 0.06 0.06 0.07 0.07 -0.11 -0.11 0.01 -0.00 0.00 93.71 94.16 90.04 
97.03 0.07 0.06 0.08 0.07 -0.11 -0.10 0.01 -0.01 0.00 93.57 94.08 90.03 
97.14 0.03 0.06 0.05 0.07 -0.06 -0.13 0.01 -0.01 0.00 94.00 94.10 90.06 
97.24 0.08 0.05 0.08 0.07 -0.05 -0.04 0.01 -0.00 0.00 92.61 93.82 90.02 
97.34 0.07 0.06 0.05 0.07 -0.11 -0.11 0.01 -0.03 0.00 93.49 94.23 90.02 
97.45 0.07 0.07 0.06 0.07 -0.12 -0.12 0.02 0.01 0.00 93.78 94.21 90.05 
97.55 0.07 0.07 0.07 0.07 -0.12 -0.12 0.01 0.03 0.00 93.75 94.11 90.00 
97.65 0.07 0.07 0.08 0.07 -0.14 -0.11 0.01 0.02 0.00 93.98 94.20 90.02 
97.76 0.06 0.06 0.07 0.07 -0.10 -0.11 -0.00 -0.03 0.00 93.70 94.22 90.03 
97.86 0.05 0.07 0.09 0.07 -0.13 -0.15 0.00 0.00 0.00 94.22 93.89 90.04 
97.96 0.07 0.06 0.08 0.07 -0.06 -0.05 0.01 -0.01 0.00 93.51 93.87 90.07 
98.07 0.09 0.07 0.06 0.07 -0.12 -0.11 0.00 -0.01 0.01 93.75 93.86 90.06 
98.17 0.06 0.07 0.08 0.08 -0.11 -0.13 0.02 0.00 0.01 94.02 94.45 90.07 
98.27 0.07 0.07 0.08 0.08 -0.14 -0.14 0.01 -0.01 0.00 93.76 94.39 90.03 
98.38 0.06 0.06 0.08 0.07 -0.10 -0.10 0.01 -0.02 0.01 93.73 94.03 90.05 
98.48 0.06 0.06 0.08 0.07 -0.12 -0.12 0.01 0.00 0.00 93.70 94.12 90.04 
98.58 0.06 0.07 0.06 0.07 -0.12 -0.12 0.01 -0.02 0.00 93.76 94.16 90.04 
98.69 0.07 0.07 0.07 0.07 -0.11 -0.11 0.01 -0.01 0.00 93.76 94.06 90.04 
98.79 0.07 0.06 0.07 0.07 -0.12 -0.11 0.01 -0.01 0.00 93.66 94.24 90.05 
98.90 0.06 0.06 0.07 0.07 -0.11 -0.11 0.01 -0.02 0.00 93.62 94.17 90.05 
99.00 0.07 0.06 0.08 0.07 -0.10 -0.10 0.01 -0.01 0.00 93.63 94.10 90.05 
99.10 0.07 0.07 0.07 0.07 -0.11 -0.11 0.01 0.00 0.00 93.76 94.25 90.01 
99.20 0.07 0.06 0.07 0.07 -0.12 -0.11 0.02 -0.01 0.00 93.68 94.24 90.05 
99.31 0.07 0.07 0.07 0.07 -0.10 -0.10 0.01 -0.01 0.00 93.71 94.07 90.03 
99.41 0.07 0.06 0.07 0.07 -0.10 -0.10 0.01 -0.01 0.01 93.71 94.10 90.04 
99.51 0.06 0.06 0.07 0.07 -0.09 -0.09 0.01 -0.01 0.00 93.71 93.96 90.06 
99.61 0.07 0.06 0.07 0.07 -0.09 -0.09 0.01 0.00 0.00 93.68 93.98 90.03 
99.72 0.06 0.06 0.07 0.07 -0.08 -0.08 0.02 -0.02 0.01 93.69 94.06 90.04 
99.82 0.07 0.06 0.07 0.07 -0.07 -0.07 0.01 -0.02 0.01 93.64 94.10 90.07 
99.92 0.04 0.06 0.08 0.07 -0.07 -0.08 0.02 -0.01 0.00 93.66 94.18 90.03 
100.03 0.07 0.06 0.08 0.07 -0.05 -0.05 0.01 -0.01 0.00 93.58 93.99 90.03 
100.13 0.07 0.07 0.08 0.07 -0.12 -0.12 0.01 -0.01 0.00 93.70 94.07 90.04 
100.23 0.07 0.06 0.07 0.08 -0.10 -0.10 0.01 -0.00 0.00 93.67 94.36 90.03 
100.34 0.06 0.07 0.08 0.07 -0.09 -0.09 0.01 -0.03 0.01 93.76 94.21 90.04 
100.44 0.06 0.07 0.07 0.07 -0.09 -0.11 0.01 -0.02 0.01 93.78 94.05 90.05 
100.54 0.07 0.06 0.08 0.07 -0.09 -0.08 0.01 -0.01 0.00 93.71 94.21 90.04 
100.65 0.06 0.06 0.07 0.07 -0.10 -0.11 0.01 -0.01 0.00 93.62 94.10 90.02 
100.75 0.06 0.07 0.07 0.07 -0.11 -0.11 0.01 -0.01 0.00 93.76 94.06 90.03 
100.85 0.03 0.06 0.10 0.08 -0.08 -0.09 0.01 -0.01 0.01 93.54 94.39 90.04 
100.96 0.06 0.06 0.06 0.07 -0.09 -0.10 0.02 -0.03 0.00 93.65 94.20 90.07 
101.06 0.06 0.07 0.07 0.07 -0.11 -0.11 0.01 0.00 0.00 93.88 94.04 90.01 
101.16 0.08 0.07 0.09 0.07 -0.08 -0.07 0.01 0.01 0.00 93.81 94.01 90.05 
101.27 0.07 0.07 0.07 0.07 -0.10 -0.09 0.02 -0.01 0.00 93.79 94.14 90.05 
101.37 0.06 0.06 0.07 0.07 -0.11 -0.11 0.01 -0.01 0.00 93.54 94.15 90.05 
101.48 0.06 0.06 0.08 0.07 -0.08 -0.06 0.01 -0.00 0.00 93.48 94.03 90.07 
101.58 0.06 0.06 0.07 0.07 -0.08 -0.08 0.01 -0.01 0.00 93.66 94.02 90.02 
101.69 0.05 0.06 0.10 0.08 -0.04 -0.05 0.00 -0.01 0.01 93.47 94.56 90.06 
101.79 0.07 0.06 0.08 0.07 -0.09 -0.09 0.01 -0.01 0.00 93.66 94.19 90.03 
101.89 0.06 0.06 0.07 0.07 -0.08 -0.08 0.01 -0.02 0.01 93.63 94.11 90.05 
101.99 0.05 0.06 0.07 0.07 -0.09 -0.09 0.02 -0.01 0.00 93.44 94.10 90.02 
102.10 0.06 0.06 0.12 0.08 -0.07 -0.06 0.01 -0.00 0.00 93.30 94.00 90.02 
102.20 0.05 0.06 0.09 0.08 -0.09 -0.09 0.01 -0.01 0.00 93.77 94.50 90.03 
102.30 0.14 0.07 0.01 0.06 -0.12 -0.08 0.01 -0.00 0.00 93.59 94.13 90.02 
102.41 0.06 0.07 0.07 0.07 -0.08 -0.08 0.02 -0.02 0.00 93.75 93.93 90.02 
102.51 0.06 0.07 0.07 0.07 -0.10 -0.14 0.01 -0.02 0.00 93.80 94.04 90.06 
102.62 0.06 0.06 0.07 0.07 -0.10 -0.10 0.01 -0.00 0.00 93.65 93.92 90.05 
102.72 0.13 0.08 0.09 0.07 -0.20 -0.16 0.01 -0.01 0.00 94.84 94.22 90.02 
102.82 0.11 0.07 0.07 0.07 -0.11 -0.09 0.02 -0.01 0.00 93.64 94.05 90.06 
102.92 0.07 0.06 0.08 0.07 -0.06 -0.06 0.01 -0.01 0.00 93.69 94.04 90.01 
103.03 0.06 0.06 0.06 0.07 -0.09 -0.09 0.01 -0.01 0.00 93.70 94.07 90.05 
103.13 0.07 0.06 0.08 0.07 -0.11 -0.10 0.01 -0.00 0.00 93.52 94.03 90.03 
103.23 0.06 0.06 0.08 0.07 -0.07 -0.06 0.01 0.00 0.00 93.64 94.16 90.06 
103.34 0.06 0.06 0.08 0.07 -0.06 -0.06 0.01 -0.02 0.00 93.65 94.14 90.04 
103.44 0.07 0.06 0.07 0.07 -0.04 -0.04 0.01 -0.02 0.00 93.63 94.09 90.05 
103.54 0.07 0.06 0.07 0.07 -0.07 -0.07 0.01 -0.01 0.00 93.60 94.16 90.03 
103.64 0.07 0.06 0.07 0.07 -0.06 -0.06 0.01 -0.01 0.00 93.71 94.19 90.01 
103.74 0.05 0.06 0.06 0.07 -0.09 -0.07 0.01 -0.01 0.00 93.76 94.31 90.03 
103.85 0.05 0.06 0.07 0.07 -0.06 -0.07 0.00 -0.00 0.00 93.85 94.21 90.03 
103.95 0.04 0.07 0.07 0.08 -0.07 -0.08 0.01 -0.01 0.01 94.03 94.50 90.05 
104.05 0.12 0.07 0.04 0.07 -0.09 -0.06 0.02 -0.01 0.00 93.40 94.17 90.08 
104.15 0.06 0.07 0.07 0.07 -0.10 -0.10 0.02 -0.01 0.00 93.82 94.00 90.05 
104.26 0.08 0.06 0.07 0.07 -0.07 -0.06 0.01 -0.01 0.00 93.52 94.19 90.03 
104.36 0.07 0.07 0.08 0.07 -0.07 -0.07 0.01 -0.01 0.00 93.76 94.08 90.03 
104.46 0.07 0.07 0.08 0.07 -0.06 -0.06 0.01 -0.01 0.00 93.77 94.08 90.05 
104.57 0.07 0.07 0.07 0.07 -0.05 -0.05 0.01 -0.01 0.00 93.75 94.25 90.03 
104.67 0.06 0.06 0.07 0.07 -0.08 -0.09 0.02 -0.01 0.00 93.66 94.18 90.06 
104.77 0.07 0.07 0.08 0.07 -0.07 -0.06 0.02 -0.00 0.00 93.76 94.17 90.06 
104.87 0.06 0.07 0.07 0.07 -0.08 -0.08 0.01 -0.00 0.00 93.91 94.13 90.05 
104.98 0.06 0.07 0.08 0.07 -0.06 -0.08 0.01 -0.01 0.00 93.79 94.24 90.04 
105.08 0.06 0.06 0.07 0.07 -0.08 -0.09 0.01 -0.01 0.00 93.61 94.25 90.04 
105.19 0.07 0.06 0.07 0.07 -0.08 -0.08 0.02 -0.01 0.00 93.69 94.13 90.05 
105.29 0.06 0.07 0.07 0.07 -0.06 -0.06 0.01 -0.01 0.00 93.77 94.12 90.04 
105.39 0.07 0.07 0.07 0.07 -0.09 -0.09 0.01 -0.00 0.00 93.80 94.13 90.02 
105.49 0.06 0.06 0.07 0.07 -0.07 -0.07 0.02 -0.01 0.00 93.70 94.10 90.02 
105.59 0.06 0.06 0.08 0.07 -0.05 -0.06 0.01 -0.01 0.00 93.75 94.11 90.03 
105.70 0.06 0.07 0.08 0.07 -0.08 -0.09 0.02 -0.00 0.00 93.77 94.11 90.05 
105.80 0.07 0.07 0.07 0.07 -0.05 -0.05 0.01 -0.01 0.00 93.73 94.21 90.03 
105.90 0.06 0.06 0.07 0.07 -0.06 -0.06 0.01 -0.01 0.00 93.67 94.18 90.05 
106.01 0.06 0.06 0.07 0.07 -0.08 -0.09 0.01 -0.01 0.00 93.66 94.22 90.02 
106.11 0.06 0.06 0.08 0.07 -0.06 -0.06 0.02 -0.01 0.00 93.62 94.20 90.07 
106.21 0.07 0.07 0.06 0.07 -0.12 -0.07 0.02 -0.02 0.00 93.77 94.19 90.06 
106.31 0.07 0.07 0.07 0.07 -0.12 -0.12 0.01 -0.01 0.00 93.69 94.21 90.06 
106.42 0.07 0.07 0.07 0.07 -0.11 -0.11 0.01 -0.01 0.01 93.76 94.20 90.03 
106.52 0.07 0.07 0.08 0.07 -0.11 -0.11 0.01 -0.00 0.01 93.78 94.20 90.09 
106.63 0.06 0.06 0.08 0.08 -0.10 -0.10 0.02 -0.02 0.00 93.72 94.27 90.04 
106.73 0.06 0.06 0.06 0.07 -0.12 -0.12 0.02 -0.02 0.00 93.69 94.16 90.05 
106.83 0.06 0.06 0.07 0.07 -0.11 -0.11 0.01 -0.01 0.00 93.66 94.01 90.05 
106.94 0.07 0.07 0.08 0.07 -0.10 -0.10 0.01 -0.01 0.00 93.94 94.13 90.03 
107.04 0.07 0.07 0.08 0.07 -0.11 -0.11 0.01 -0.01 0.00 93.88 94.08 90.07 
107.14 0.06 0.07 0.07 0.07 -0.13 -0.13 0.01 -0.02 0.00 93.78 94.09 90.04 
107.25 0.07 0.06 0.07 0.07 -0.09 -0.10 0.01 -0.02 0.00 93.68 94.09 90.04 
107.35 0.07 0.06 0.07 0.07 -0.09 -0.09 0.01 -0.01 0.00 93.69 93.95 90.05 
107.45 0.07 0.06 0.09 0.07 -0.06 -0.06 0.01 -0.01 0.00 93.48 94.06 90.08 
107.56 0.06 0.06 0.07 0.07 -0.07 -0.07 0.01 -0.01 0.00 93.69 94.03 90.03 
107.66 0.06 0.06 0.08 0.07 -0.08 -0.09 0.01 -0.02 0.00 93.72 94.12 90.06 
107.76 0.05 0.06 0.08 0.07 -0.09 -0.09 0.01 -0.01 0.00 93.69 94.02 90.03 
107.87 0.07 0.06 0.07 0.07 -0.07 -0.07 0.02 -0.01 0.00 93.60 94.02 90.05 
107.97 0.07 0.06 0.07 0.07 -0.07 -0.06 0.01 -0.01 0.00 93.57 94.08 90.04 
108.07 0.06 0.06 0.07 0.07 -0.08 -0.08 0.01 -0.01 0.00 93.61 94.15 90.05 
108.18 0.07 0.06 0.08 0.07 -0.08 -0.08 0.01 -0.01 0.00 93.65 94.13 90.05 
108.28 0.06 0.07 0.07 0.07 -0.09 -0.10 0.01 -0.01 0.00 93.83 94.09 90.06 
108.38 0.07 0.07 0.07 0.07 -0.11 -0.11 0.01 -0.01 0.00 93.78 94.09 90.04 
108.48 0.07 0.07 0.07 0.07 -0.09 -0.11 0.01 -0.01 0.00 94.11 94.05 90.02 
108.59 0.06 0.07 0.06 0.07 -0.07 -0.07 0.01 -0.02 0.00 93.77 94.08 90.05 
108.69 0.06 0.06 0.07 0.07 -0.07 -0.07 0.01 -0.01 0.00 93.57 94.26 90.03 
108.79 0.06 0.06 0.07 0.07 -0.07 -0.07 0.01 -0.00 0.00 93.58 94.16 90.06 
108.90 0.07 0.07 0.06 0.07 -0.08 -0.08 0.00 -0.01 0.00 93.68 94.10 90.04 
109.00 0.07 0.07 0.08 0.08 -0.10 -0.11 0.01 -0.01 0.00 93.85 94.35 90.05 
109.10 0.07 0.07 0.07 0.07 -0.10 -0.10 0.01 -0.01 0.00 93.73 94.06 90.05 
109.20 0.07 0.07 0.07 0.07 -0.08 -0.08 0.02 -0.01 0.00 93.72 94.31 90.01 
109.31 0.05 0.05 0.08 0.07 -0.04 -0.04 0.01 -0.01 0.00 92.96 94.18 90.02 
109.41 0.05 0.06 0.07 0.07 -0.12 -0.13 0.02 -0.02 0.00 93.51 94.20 90.06 
109.51 0.07 0.06 0.07 0.07 -0.12 -0.11 0.01 -0.01 0.00 93.60 94.29 90.05 
109.62 0.07 0.07 0.08 0.07 -0.13 -0.12 0.01 -0.01 0.00 93.81 94.15 90.02 
109.72 0.06 0.07 0.06 0.07 -0.12 -0.12 0.01 -0.01 0.00 93.86 94.21 90.03 
109.82 0.08 0.07 0.06 0.07 -0.13 -0.13 0.02 -0.01 0.01 93.79 93.94 90.06 
109.93 0.06 0.07 0.08 0.07 -0.09 -0.10 0.01 -0.00 0.00 93.82 94.01 90.04 
110.03 0.07 0.06 0.07 0.07 -0.08 -0.09 0.01 -0.01 0.00 93.62 94.15 90.03 
110.13 0.07 0.07 0.08 0.07 -0.09 -0.09 0.01 -0.01 0.00 93.75 94.25 90.01 
110.24 0.08 0.06 0.05 0.08 -0.09 -0.09 0.01 -0.02 0.00 93.52 94.61 90.07 
110.34 0.07 0.06 0.07 0.07 -0.12 -0.12 0.01 -0.01 0.00 93.68 94.27 90.06 
110.45 0.07 0.06 0.08 0.07 -0.08 -0.07 0.02 -0.00 0.00 93.61 94.17 90.05 
110.55 0.07 0.06 0.08 0.07 -0.12 -0.12 0.01 -0.00 0.01 93.71 94.15 90.06 
110.65 0.07 0.06 0.07 0.07 -0.10 -0.10 0.01 -0.02 0.00 93.65 94.17 90.03 
110.75 0.07 0.07 0.07 0.07 -0.11 -0.11 0.01 -0.01 0.01 93.75 94.10 90.06 
110.86 0.06 0.06 0.06 0.07 -0.10 -0.10 0.01 -0.01 0.00 93.73 94.18 90.02 
110.96 0.07 0.07 0.07 0.07 -0.11 -0.11 0.01 -0.01 0.00 93.90 93.98 90.03 
111.07 0.07 0.07 0.07 0.07 -0.12 -0.12 0.01 -0.01 0.00 93.95 94.06 90.04 
111.17 0.06 0.07 0.07 0.07 -0.08 -0.08 0.02 -0.01 0.00 93.74 94.11 90.04 
111.27 0.07 0.06 0.07 0.07 -0.08 -0.08 0.01 -0.01 0.00 93.66 94.04 90.05 
111.37 0.06 0.06 0.06 0.07 -0.09 -0.09 0.01 -0.01 0.00 93.62 94.07 90.04 
111.47 0.07 0.06 0.07 0.07 -0.09 -0.08 0.01 -0.01 0.00 93.52 94.09 90.03 
111.58 0.06 0.06 0.07 0.08 -0.09 -0.09 0.01 0.00 0.00 93.51 94.36 90.05 
111.68 0.07 0.07 0.08 0.08 -0.10 -0.10 0.01 -0.01 0.00 93.88 94.32 90.03 
111.78 0.07 0.06 0.07 0.07 -0.07 -0.08 0.01 -0.02 0.01 93.64 94.15 90.04 
