0 0 0 2.69 0.00000000 0.00000000 0.00 0.00 0.00 0.08 0.10 0.04 0.02 -0.02 0.01 94.45 95.42 90.10 
0 0 0 2.86 0.00000000 0.00000000 0.00 0.00 0.00 0.06 0.07 0.05 0.01 -0.00 0.01 93.21 93.85 90.06 
0 0 0 2.96 0.00000000 0.00000000 0.00 0.00 0.00 0.07 0.08 0.04 0.01 -0.01 0.01 93.96 94.60 90.08 
0 0 0 3.06 0.00000000 0.00000000 0.00 0.00 0.00 0.06 0.07 -0.00 0.02 -0.01 0.01 93.27 93.92 90.08 
0 0 0 3.16 0.00000000 0.00000000 0.00 0.00 0.00 0.06 0.07 -0.02 0.03 -0.01 0.01 93.14 93.80 90.08 
0 0 0 3.27 0.00000000 0.00000000 0.00 0.00 0.00 0.10 0.07 -0.00 0.01 -0.02 0.01 95.75 93.90 90.08 
0 0 0 3.37 0.00000000 0.00000000 0.00 0.00 0.00 0.05 0.08 0.08 0.01 -0.00 0.01 92.65 94.41 90.08 
0 0 0 3.47 0.00000000 0.00000000 0.00 0.00 0.00 0.06 0.07 -0.00 0.01 -0.01 0.01 93.41 93.83 90.06 
0 0 0 3.57 0.00000000 0.00000000 0.00 0.00 0.00 0.08 0.06 -0.11 0.01 -0.02 0.01 94.65 93.53 90.10 
0 0 0 3.67 0.00000000 0.00000000 0.00 0.00 0.00 0.06 0.07 0.00 0.02 -0.01 0.01 93.52 94.17 90.07 
0 0 0 3.77 0.00000000 0.00000000 0.00 0.00 0.00 0.06 0.07 0.06 0.02 -0.01 0.01 93.34 94.22 90.08 
0 0 0 3.87 0.00000000 0.00000000 0.00 0.00 0.00 0.11 0.05 -0.27 0.02 -0.03 0.01 96.02 92.88 90.07 
0 0 0 3.97 0.00000000 0.00000000 0.00 0.00 0.00 0.04 0.06 0.05 0.01 -0.02 0.01 92.08 93.32 90.06 
0 0 0 4.07 0.00000000 0.00000000 0.00 0.00 0.00 0.03 0.05 0.03 0.02 -0.02 0.01 91.65 93.08 90.10 
0 0 0 4.18 0.00000000 0.00000000 0.00 0.00 0.00 0.08 0.07 0.00 0.01 -0.01 0.00 94.28 94.05 90.04 
0 0 0 4.28 0.00000000 0.00000000 0.00 0.00 0.00 0.03 0.06 0.03 0.02 -0.02 0.01 91.69 93.16 90.08 
0 0 0 4.38 0.00000000 0.00000000 0.00 0.00 0.00 0.05 0.07 0.07 0.01 -0.02 0.00 92.62 93.49 90.06 
0 0 0 4.48 0.00000000 0.00000000 0.00 0.00 0.00 0.01 0.06 0.11 0.01 -0.01 0.01 90.41 93.47 90.07 
0 0 0 4.58 0.00000000 0.00000000 0.00 0.00 0.00 0.07 0.07 0.00 0.01 -0.01 0.01 93.97 93.96 90.07 
0 0 0 4.68 0.00000000 0.00000000 0.00 0.00 0.00 0.07 0.08 0.05 0.02 -0.02 0.01 93.71 94.35 90.08 
0 0 0 4.78 0.00000000 0.00000000 0.00 0.00 0.00 0.02 0.09 0.24 0.01 -0.01 0.00 91.29 95.36 90.05 
0 0 0 4.88 0.00000000 0.00000000 0.00 0.00 0.00 0.04 0.06 0.02 0.01 -0.01 0.01 92.34 93.61 90.09 
0 0 0 4.98 0.00000000 0.00000000 0.00 0.00 0.00 0.06 0.06 -0.03 0.02 -0.01 0.01 93.40 93.18 90.08 
0 0 0 5.08 0.00000000 0.00000000 0.00 0.00 0.00 0.07 0.07 -0.07 0.01 -0.02 0.01 93.74 93.73 90.08 
0 0 0 5.18 0.00000000 0.00000000 0.00 0.00 0.00 0.06 0.07 -0.01 0.02 -0.01 0.01 93.28 93.72 90.07 
0 0 0 5.28 0.00000000 0.00000000 0.00 0.00 0.00 0.05 0.06 -0.00 0.02 -0.01 0.01 92.73 93.15 90.08 
0 0 0 5.39 0.00000000 0.00000000 0.00 0.00 0.00 0.04 0.06 0.02 0.02 -0.01 0.01 92.31 93.15 90.06 
0 0 0 5.49 0.00000000 0.00000000 0.00 0.00 0.00 0.04 0.04 0.09 0.01 -0.01 0.01 92.03 92.03 90.06 
0 0 0 5.59 0.00000000 0.00000000 0.00 0.00 0.00 0.02 0.08 0.15 0.02 -0.01 0.01 91.17 94.29 90.10 
0 0 0 5.69 0.00000000 0.00000000 0.00 0.00 0.00 0.06 0.07 0.01 0.01 -0.02 0.00 93.34 93.77 90.05 
0 0 0 5.79 0.00000000 0.00000000 0.00 0.00 0.00 0.05 0.06 -0.01 0.01 -0.01 0.01 93.05 93.48 90.08 
0 0 0 5.89 0.00000000 0.00000000 0.00 0.00 0.00 0.07 0.07 -0.08 0.01 -0.01 0.00 93.72 93.93 90.05 
0 0 0 5.99 0.00000000 0.00000000 0.00 0.00 0.00 0.06 0.06 -0.05 0.01 -0.02 0.01 93.24 93.44 90.10 
0 0 0 6.09 0.00000000 0.00000000 0.00 0.00 0.00 0.06 0.07 -0.02 0.02 -0.00 0.00 93.45 93.87 90.05 
0 0 0 6.19 0.00000000 0.00000000 0.00 0.00 0.00 0.06 0.07 0.02 0.01 0.00 0.01 93.39 94.22 90.06 
0 0 0 6.29 0.00000000 0.00000000 0.00 0.00 0.00 0.06 0.07 -0.03 0.01 -0.00 0.01 93.53 93.74 90.06 
0 0 0 6.40 0.00000000 0.00000000 0.00 0.00 0.00 0.06 0.07 0.01 0.02 -0.01 0.00 93.26 93.90 90.05 
0 0 0 6.50 0.00000000 0.00000000 0.00 0.00 0.00 0.06 0.06 -0.03 0.01 -0.01 0.01 93.26 93.47 90.07 
0 0 0 6.60 0.00000000 0.00000000 0.00 0.00 0.00 0.06 0.07 -0.00 0.01 -0.01 0.00 93.56 93.77 90.06 
0 0 0 6.70 0.00000000 0.00000000 0.00 0.00 0.00 0.06 0.07 -0.02 0.02 -0.00 0.01 93.48 93.90 90.06 
0 0 0 6.80 0.00000000 0.00000000 0.00 0.00 0.00 0.04 0.11 0.22 0.01 -0.00 0.01 92.29 96.15 90.09 
0 0 0 6.91 0.00000000 0.00000000 0.00 0.00 0.00 0.05 0.07 0.01 0.02 -0.01 0.00 93.12 93.73 90.06 
0 0 0 7.01 0.00000000 0.00000000 0.00 0.00 0.00 0.04 0.07 0.07 0.02 -0.01 0.01 94.83 94.16 90.08 
0 0 0 7.11 0.00000000 0.00000000 0.00 0.00 0.00 0.07 0.06 -0.04 0.01 -0.01 0.01 93.50 93.71 90.09 
0 0 0 7.21 0.00000000 0.00000000 0.00 0.00 0.00 0.06 0.07 0.05 0.02 -0.01 0.01 93.52 94.17 90.08 
0 0 0 7.32 0.00000000 0.00000000 0.00 0.00 0.00 0.06 0.06 -0.04 0.01 -0.01 0.00 93.09 93.53 90.07 
0 0 0 7.42 0.00000000 0.00000000 0.00 0.00 0.00 0.05 0.07 0.03 0.01 -0.00 0.01 93.04 93.90 90.06 
0 0 0 7.52 0.00000000 0.00000000 0.00 0.00 0.00 0.05 0.07 0.06 0.01 -0.02 0.01 92.93 94.27 90.06 
0 0 0 7.63 0.00000000 0.00000000 0.00 0.00 0.00 0.06 0.07 0.03 0.02 -0.00 0.01 93.15 93.37 90.08 
0 0 0 7.73 0.00000000 0.00000000 0.00 0.00 0.00 0.08 0.09 0.04 0.02 -0.01 0.00 94.65 95.29 90.04 
0 0 0 7.83 0.00000000 0.00000000 0.00 0.00 0.00 0.06 0.08 0.05 0.02 -0.01 0.01 93.30 94.39 90.06 
0 0 0 7.93 0.00000000 0.00000000 0.00 0.00 0.00 0.06 0.07 0.01 0.01 -0.02 0.00 93.28 93.72 90.06 
0 0 0 8.03 0.00000000 0.00000000 0.00 0.00 0.00 0.07 0.06 -0.05 0.01 -0.01 0.01 94.14 93.70 90.07 
0 0 0 8.13 0.00000000 0.00000000 0.00 0.00 0.00 0.20 0.12 -0.71 0.01 -0.01 0.01 101.36 97.12 90.08 
0 0 0 8.23 0.00000000 0.00000000 0.00 0.00 0.00 0.07 0.08 0.01 0.01 -0.02 0.01 93.92 94.43 90.10 
0 0 0 8.34 0.00000000 0.00000000 0.00 0.00 0.00 0.11 0.07 -0.20 0.01 -0.00 0.00 91.95 93.25 90.07 
0 0 0 8.44 0.00000000 0.00000000 0.00 0.00 0.00 0.06 0.08 0.05 0.02 -0.01 0.01 93.37 94.63 90.07 
0 0 0 8.54 0.00000000 0.00000000 0.00 0.00 0.00 -0.03 0.05 0.13 0.02 -0.02 0.00 88.04 92.94 90.06 
0 0 0 8.64 0.00000000 0.00000000 0.00 0.00 0.00 0.13 0.06 -0.42 0.01 -0.02 0.00 97.46 93.25 90.04 
0 0 0 8.74 0.00000000 0.00000000 0.00 0.00 0.00 0.06 0.08 0.10 0.01 -0.01 0.01 93.19 94.45 90.06 
0 0 0 8.84 0.00000000 0.00000000 0.00 0.00 0.00 0.06 0.07 0.05 0.02 -0.01 0.01 93.52 94.17 90.06 
0 0 0 8.94 0.00000000 0.00000000 0.00 0.00 0.00 0.06 0.07 0.04 0.01 -0.01 0.01 92.90 93.57 90.08 
0 0 0 9.05 0.00000000 0.00000000 0.00 0.00 0.00 0.09 0.07 -0.08 0.01 -0.00 0.01 94.92 94.02 90.07 
0 0 0 9.15 0.00000000 0.00000000 0.00 0.00 0.00 0.07 0.07 0.01 0.02 -0.01 0.01 93.91 94.12 90.08 
0 0 0 9.25 0.00000000 0.00000000 0.00 0.00 0.00 0.09 0.04 -0.17 0.02 -0.01 0.01 95.02 92.38 90.08 
0 0 0 9.35 0.00000000 0.00000000 0.00 0.00 0.00 0.04 0.09 0.10 0.01 -0.01 0.01 92.35 94.89 90.08 
0 0 0 9.45 0.00000000 0.00000000 0.00 0.00 0.00 0.04 0.07 0.10 0.02 -0.02 0.01 93.20 93.19 90.05 
0 0 0 9.55 0.00000000 0.00000000 0.00 0.00 0.00 0.05 0.07 0.05 0.02 -0.02 0.01 92.62 93.92 90.08 
0 0 0 9.65 0.00000000 0.00000000 0.00 0.00 0.00 0.05 0.07 0.05 0.01 0.00 0.00 93.08 93.95 90.03 
0 0 0 9.76 0.00000000 0.00000000 0.00 0.00 0.00 0.06 0.07 0.05 0.01 -0.01 0.01 93.15 94.40 90.05 
0 0 0 9.86 0.00000000 0.00000000 0.00 0.00 0.00 0.03 0.04 -0.02 0.02 -0.02 0.01 91.66 92.48 90.07 
