2.63 1.95 2.17 -0.20  0.73 -0.67 0.46  -0.39 0.35 10.36  90.86 90.95 90.07 
2.79 2.41 1.97 0.01  0.92 -0.46 0.33  -0.35 0.43 10.24  91.05 90.86 90.06 
2.89 2.19 2.40 -0.26  0.78 -0.90 0.34  -0.43 0.39 10.28  91.05 91.14 90.05 
3.00 2.40 2.40 -0.08  0.80 -0.45 0.26  -0.43 0.43 10.28  90.96 90.96 90.06 
3.10 2.19 2.62 0.32  0.78 -0.37 0.26  -0.47 0.39 10.28  91.06 91.06 90.06 
3.20 2.42 2.64 0.20  1.02 -0.45 0.33  -0.47 0.43 10.20  90.95 90.95 90.06 
3.31 2.42 2.20 0.29  1.20 -0.46 0.26  -0.39 0.43 10.20  91.05 91.24 90.05 
3.41 2.40 2.18 -0.15  0.68 -0.60 0.50  -0.39 0.43 10.28  91.05 90.95 90.09 
3.51 1.97 2.41 0.33  0.62 -0.54 0.28  -0.43 0.35 10.24  90.96 90.96 90.05 
3.61 2.18 2.39 -0.04  1.05 -0.28 0.40  -0.43 0.39 10.32  90.86 91.05 90.06 
3.72 2.70 2.48 0.28  0.89 -0.64 0.36  -0.43 0.47 9.96  91.15 90.96 90.05 
3.82 1.78 2.23 -0.43  1.23 -0.51 0.32  -0.39 0.31 10.08  90.95 90.95 90.06 
3.92 2.01 2.23 -0.06  0.83 -0.39 0.41  -0.39 0.35 10.08  91.15 91.06 90.06 
4.03 2.64 2.42 0.23  0.89 -0.35 0.44  -0.43 0.47 10.20  90.95 90.86 90.07 
4.13 2.18 2.39 -0.16  0.79 -0.46 0.25  -0.43 0.39 10.32  90.95 91.04 90.04 
4.23 2.20 2.20 -0.23  0.95 -0.47 0.39  -0.39 0.39 10.20  90.85 91.04 90.04 
4.33 2.19 2.18 -0.08  0.77 -1.06 0.38  -0.39 0.39 10.28  90.96 90.96 90.08 
4.43 2.39 2.38 -0.11  0.88 -0.46 0.35  -0.43 0.43 10.36  90.95 91.14 90.08 
4.53 2.21 2.65 0.11  0.88 -0.26 0.32  -0.47 0.39 10.16  90.86 90.86 90.06 
4.63 2.19 2.40 -0.03  0.84 -0.48 0.32  -0.43 0.39 10.28  90.96 91.06 90.05 
4.74 2.40 2.62 0.05  0.62 -0.58 0.34  -0.47 0.43 10.28  90.95 90.86 90.09 
4.84 2.41 2.41 0.38  0.60 -0.67 0.33  -0.43 0.43 10.24  91.05 91.04 90.07 
4.94 2.20 2.42 -0.16  0.65 -0.49 0.37  -0.43 0.39 10.20  90.95 91.14 90.05 
5.04 2.20 2.20 -0.03  0.81 -0.37 0.18  -0.39 0.39 10.20  90.68 91.16 90.04 
5.14 2.41 2.41 0.08  0.61 -0.78 0.39  -0.43 0.43 10.24  91.05 91.04 90.05 
5.24 2.40 2.40 0.07  1.01 -0.39 0.53  -0.43 0.43 10.28  90.76 91.14 90.08 
5.34 2.19 1.97 -0.09  0.82 -0.70 0.39  -0.35 0.39 10.24  90.96 91.06 90.07 
5.45 2.61 2.18 -0.01  0.80 -0.59 0.29  -0.39 0.47 10.32  90.87 91.06 90.06 
5.55 2.46 2.01 -0.33  1.16 -0.67 0.36  -0.35 0.43 10.04  91.07 90.88 90.06 
5.65 1.74 2.18 -0.38  1.13 -0.31 0.39  -0.39 0.31 10.32  90.85 90.95 90.05 
5.75 1.97 2.63 -0.03  1.20 -0.32 0.31  -0.47 0.35 10.24  91.14 90.95 90.05 
5.85 2.18 1.96 -0.23  0.79 -0.53 0.30  -0.35 0.39 10.32  90.96 90.96 90.06 
5.95 2.20 2.42 0.01  1.30 -0.51 0.34  -0.43 0.39 10.20  90.86 91.05 90.06 
6.05 2.19 2.62 -0.10  0.84 -0.50 0.27  -0.47 0.39 10.28  90.86 90.86 90.07 
6.16 1.97 2.19 -0.29  0.98 -0.68 0.33  -0.39 0.35 10.24  90.95 90.95 90.06 
6.26 2.40 2.18 -0.23  0.88 -0.26 0.25  -0.39 0.43 10.28  91.05 91.24 90.04 
6.36 2.19 2.41 -0.22  0.78 -0.41 0.32  -0.43 0.39 10.24  90.95 91.05 90.05 
6.46 2.19 2.19 -0.02  0.98 -0.51 0.22  -0.39 0.39 10.24  91.05 90.96 90.04 
6.56 2.18 2.39 0.10  0.74 -0.53 0.27  -0.43 0.39 10.32  90.95 90.95 90.06 
6.67 2.19 2.40 -0.14  0.78 -0.52 0.25  -0.43 0.39 10.28  90.86 91.05 90.03 
6.77 2.40 1.97 -0.27  0.91 -0.35 0.28  -0.35 0.43 10.28  91.05 91.04 90.04 
6.87 2.15 2.15 -0.40  0.87 -0.52 0.32  -0.39 0.39 10.43  91.05 90.86 90.08 
6.97 2.19 2.40 0.18  0.80 -0.42 0.17  -0.43 0.39 10.28  91.06 91.06 90.04 
7.07 1.96 2.61 -0.11  0.95 -0.58 0.23  -0.47 0.35 10.32  90.86 91.05 90.04 
7.18 1.76 1.97 -0.23  0.67 -0.47 0.28  -0.35 0.31 10.24  90.77 90.96 90.05 
7.28 2.65 2.43 0.30  0.81 -0.68 0.32  -0.43 0.47 10.16  90.96 91.05 90.06 
7.38 2.63 1.97 0.05  0.75 -0.54 0.37  -0.35 0.47 10.24  91.04 90.95 90.04 
7.48 2.42 2.42 0.20  0.68 -0.60 0.39  -0.43 0.43 10.20  90.96 91.05 90.06 
7.58 2.18 2.61 -0.17  0.82 -0.55 0.31  -0.47 0.39 10.32  90.96 91.24 90.05 
7.68 2.19 2.40 -0.08  0.67 -0.50 0.39  -0.43 0.39 10.28  91.05 90.86 90.07 
7.78 2.19 2.40 -0.17  0.78 -0.69 0.40  -0.43 0.39 10.28  91.05 91.05 90.06 
7.88 2.20 2.20 -0.44  0.66 -0.69 0.29  -0.39 0.39 10.20  90.86 90.95 90.07 
7.99 1.96 2.18 -0.29  0.86 -0.43 0.48  -0.39 0.35 10.32  90.86 90.95 90.08 
8.09 2.39 1.95 -0.15  0.64 -0.32 0.27  -0.35 0.43 10.36  91.04 90.85 90.05 
8.19 1.97 1.75 -0.31  0.60 -0.70 0.39  -0.31 0.35 10.24  90.56 91.49 90.05 
8.29 2.39 2.17 -0.22  1.20 -0.21 0.39  -0.39 0.43 10.36  91.04 90.95 90.07 
8.39 1.97 2.18 0.04  0.64 -0.49 0.42  -0.39 0.35 10.28  91.05 90.95 90.06 
8.49 1.99 2.65 -0.15  0.67 -0.39 0.19  -0.47 0.35 10.16  90.95 90.95 90.03 
8.59 2.20 2.20 -0.04  0.95 -0.59 0.19  -0.39 0.39 10.20  90.96 91.05 90.03 
8.69 2.20 2.64 0.06  0.70 -0.63 0.15  -0.47 0.39 10.20  91.05 90.96 90.04 
8.80 1.97 2.19 -0.17  0.67 -0.39 0.22  -0.39 0.35 10.24  91.05 91.05 90.05 
8.90 2.42 2.42 0.06  0.90 -0.26 0.23  -0.43 0.43 10.20  91.05 91.05 90.04 
9.00 2.19 2.40 -0.24  0.62 -0.73 0.46  -0.43 0.39 10.28  90.96 90.96 90.06 
9.10 2.40 2.39 -0.30  0.53 -0.55 0.21  -0.43 0.43 10.32  90.77 90.86 90.06 
9.20 1.97 2.62 -0.17  0.55 -0.64 0.50  -0.47 0.35 10.28  90.87 90.96 90.08 
9.30 2.18 2.39 0.05  0.76 -0.79 0.32  -0.43 0.39 10.32  90.96 91.06 90.04 
9.40 2.19 1.97 -0.15  0.74 -0.49 0.35  -0.35 0.39 10.24  91.05 91.24 90.06 
9.50 1.97 2.19 -0.23  0.88 -0.60 0.32  -0.39 0.35 10.24  90.85 90.95 90.05 
9.60 2.18 2.18 0.09  0.78 -0.53 0.30  -0.39 0.39 10.32  90.95 90.95 90.04 
9.71 2.18 2.18 -0.04  0.80 -0.60 0.28  -0.39 0.39 10.32  90.96 91.05 90.06 
9.81 1.97 2.41 -0.03  0.67 -0.47 0.20  -0.43 0.35 10.24  91.05 91.05 90.04 
9.91 2.19 1.97 -0.29  1.10 -0.39 0.24  -0.35 0.39 10.24  91.24 91.05 90.04 
10.01 1.97 2.40 0.16  1.34 -0.62 0.38  -0.43 0.35 10.28  91.05 90.96 90.05 
10.11 1.97 2.19 -0.30  0.80 -0.48 0.26  -0.39 0.35 10.24  90.77 91.05 90.04 
10.21 2.19 2.18 0.04  0.65 -0.53 0.31  -0.39 0.39 10.28  91.04 91.23 90.05 
10.31 2.22 2.22 -0.19  0.73 -0.26 0.31  -0.39 0.39 10.12  91.05 91.05 90.06 
10.41 1.97 2.63 -0.18  0.96 -0.59 0.34  -0.47 0.35 10.24  90.77 91.06 90.09 
10.51 2.19 2.19 0.18  0.78 -0.52 0.34  -0.39 0.39 10.24  90.96 91.05 90.05 
10.61 1.97 1.97 -0.33  0.76 -0.61 0.39  -0.35 0.35 10.28  90.95 91.14 90.05 
10.71 1.74 2.18 -0.39  0.46 -0.75 0.35  -0.39 0.31 10.32  91.14 90.95 90.04 
10.81 2.19 2.19 -0.07  0.81 -0.50 0.35  -0.39 0.39 10.24  91.15 91.05 90.06 
10.92 2.19 1.97 -0.43  0.87 -0.65 0.35  -0.35 0.39 10.24  91.05 90.96 90.04 
11.02 1.97 2.62 -0.39  0.65 -0.47 0.37  -0.47 0.35 10.28  90.96 91.06 90.06 
11.12 2.19 2.19 -0.15  0.66 -0.66 0.21  -0.39 0.39 10.24  91.05 90.86 90.05 
11.22 1.97 1.75 -0.31  0.88 -0.67 0.25  -0.31 0.35 10.24  90.96 90.96 90.06 
11.32 1.97 1.97 -0.25  0.59 -0.50 0.38  -0.35 0.35 10.28  91.14 91.04 90.05 
11.42 2.19 2.18 -0.24  0.83 -0.56 0.37  -0.39 0.39 10.28  90.86 91.05 90.07 
11.52 2.19 2.62 -0.17  0.53 -0.52 0.25  -0.47 0.39 10.28  90.65 91.21 90.06 
11.63 2.19 2.41 -0.03  0.88 -0.70 0.30  -0.43 0.39 10.24  90.86 90.77 90.07 
11.73 2.18 2.39 0.06  0.92 -0.36 0.15  -0.43 0.39 10.32  90.96 91.05 90.03 
11.83 2.41 2.63 0.08  0.90 -0.67 0.24  -0.47 0.43 10.24  90.95 91.05 90.05 
11.93 2.19 2.40 -0.11  0.64 -0.80 0.38  -0.43 0.39 10.28  91.14 91.14 90.05 
12.03 2.20 2.64 -0.17  0.56 -0.68 0.38  -0.47 0.39 10.20  90.86 90.86 90.05 
12.13 1.98 2.42 -0.31  0.91 -0.46 0.22  -0.43 0.35 10.20  90.95 91.05 90.05 
12.23 2.42 2.20 -0.07  0.92 -0.49 0.41  -0.39 0.43 10.20  90.86 91.05 90.07 
12.34 2.18 2.18 0.17  0.88 -0.51 0.25  -0.39 0.39 10.32  90.95 91.04 90.04 
12.44 2.40 2.40 -0.10  0.92 -0.66 0.29  -0.43 0.43 10.28  91.05 90.95 90.04 
12.54 2.18 2.61 0.07  0.84 -0.32 0.26  -0.47 0.39 10.32  91.05 91.14 90.04 
12.64 1.97 2.62 -0.39  0.77 -0.25 0.19  -0.47 0.35 10.28  90.77 91.15 90.04 
12.74 2.42 2.42 0.15  0.84 -0.47 0.33  -0.43 0.43 10.20  90.86 91.04 90.04 
12.84 2.40 2.40 -0.17  0.96 -0.44 0.30  -0.43 0.43 10.28  90.96 91.06 90.07 
12.94 1.78 2.66 -0.18  0.63 -0.74 0.44  -0.47 0.31 10.12  90.77 91.15 90.05 
13.04 1.33 2.00 -0.68  0.76 -0.75 0.45  -0.35 0.24 10.12  90.87 91.06 90.03 
13.14 3.70 0.00 -0.58  0.60 -0.49 0.28  0.00 0.67 10.32  92.32 90.74 90.05 
13.24 1.52 2.17 -0.72  0.93 -0.27 0.39  -0.39 0.27 10.36  90.96 90.96 90.04 
13.34 1.96 2.18 -0.53  0.60 -0.39 0.26  -0.39 0.35 10.32  91.14 90.95 90.05 
13.44 3.64 2.14 0.40  0.97 -0.67 0.29  -0.39 0.67 10.47  91.80 90.85 90.06 
13.55 1.75 2.18 -0.18  0.95 -0.51 0.30  -0.39 0.31 10.28  90.94 91.04 90.04 
13.65 2.21 1.99 -0.13  1.12 -0.53 0.29  -0.35 0.39 10.16  90.85 91.13 90.06 
13.75 2.21 2.21 -0.10  1.02 -0.60 0.36  -0.39 0.39 10.16  91.15 90.96 90.06 
13.85 2.41 2.41 0.08  0.79 -0.43 0.35  -0.43 0.43 10.24  91.05 91.05 90.06 
13.95 2.40 2.18 0.05  1.04 -0.46 0.29  -0.39 0.43 10.28  91.05 90.95 90.05 
14.05 1.99 1.77 -0.78  0.83 -0.29 0.37  -0.31 0.35 10.16  90.95 90.95 90.06 
14.15 1.96 2.18 0.06  1.09 -0.59 0.41  -0.39 0.35 10.32  90.87 90.96 90.06 
14.25 2.41 2.41 0.16  0.92 -0.74 0.18  -0.43 0.43 10.24  90.86 91.05 90.05 
14.35 2.19 1.97 -0.30  0.50 -0.84 0.53  -0.35 0.39 10.24  91.05 91.04 90.07 
14.48 1.97 2.40 -0.34  0.94 -0.46 0.38  -0.43 0.35 10.28  90.86 91.05 90.07 
14.61 2.39 2.38 -0.10  0.77 -0.54 0.32  -0.43 0.43 10.36  91.04 91.04 90.05 
14.74 2.63 1.97 -0.06  0.95 -0.48 0.34  -0.35 0.47 10.24  91.15 90.86 90.06 
14.86 2.88 2.00 0.05  0.73 -0.56 0.33  -0.35 0.51 10.12  91.26 90.87 90.06 
14.97 0.44 2.20 -0.73  0.88 -0.34 0.41  -0.39 0.08 10.20  91.05 91.14 90.05 
15.07 2.14 1.93 -0.24  0.74 -0.69 0.37  -0.35 0.39 10.47  90.68 90.68 90.05 
15.17 2.19 2.19 -0.37  0.85 -0.63 0.24  -0.39 0.39 10.24  90.76 90.95 90.03 
15.27 1.32 1.76 -0.53  0.83 -0.28 0.30  -0.31 0.24 10.24  90.86 90.95 90.06 
15.37 1.97 2.41 -0.09  0.73 -0.67 0.43  -0.43 0.35 10.24  91.15 91.05 90.06 
15.47 3.43 2.14 0.33  1.24 -0.66 0.41  -0.39 0.63 10.47  90.85 90.57 90.06 
15.57 2.69 2.69 0.17  0.60 -0.60 0.26  -0.47 0.47 10.00  91.33 91.02 90.05 
15.67 1.94 2.37 -0.11  0.75 -0.69 0.27  -0.43 0.35 10.43  91.06 90.96 90.03 
15.77 2.19 2.40 -0.11  0.81 -0.89 0.35  -0.43 0.39 10.28  91.05 90.85 90.07 
15.88 2.36 2.14 -0.12  1.10 -0.53 0.29  -0.39 0.43 10.47  92.16 91.31 90.07 
15.98 2.67 2.23 0.24  0.54 -0.53 0.25  -0.39 0.47 10.08  91.16 91.06 90.06 
16.07 2.19 2.40 -0.37  0.98 -0.41 0.45  -0.43 0.39 10.28  91.05 91.05 90.08 
16.18 1.75 2.18 -0.53  0.46 -0.59 0.43  -0.39 0.31 10.28  91.14 91.14 90.05 
16.28 1.75 1.97 -0.24  0.82 -0.73 0.29  -0.35 0.31 10.28  91.05 91.14 90.07 
16.38 1.97 2.40 -0.03  0.93 -0.58 0.36  -0.43 0.35 10.28  90.86 91.05 90.04 
16.48 2.19 2.40 -0.02  0.81 -0.40 0.21  -0.43 0.39 10.28  91.16 91.16 90.05 
16.58 1.76 2.64 -0.26  0.65 -0.44 0.25  -0.47 0.31 10.20  90.95 90.95 90.05 
16.68 2.19 2.18 -0.08  1.02 -0.46 0.39  -0.39 0.39 10.28  90.95 91.05 90.05 
16.78 2.20 2.42 0.07  0.77 -0.68 0.39  -0.43 0.39 10.20  90.95 90.95 90.08 
16.88 2.18 2.39 -0.09  0.91 -0.22 0.25  -0.43 0.39 10.32  90.86 90.95 90.04 
16.98 3.23 2.58 0.51  1.74 0.15 0.22  -0.47 0.59 10.43  90.75 90.75 90.07 
17.08 2.57 2.14 -0.10  0.40 -0.60 0.32  -0.39 0.47 10.47  91.05 91.05 90.06 
17.18 2.22 2.22 -0.12  1.07 -0.52 0.25  -0.39 0.39 10.12  91.15 90.96 90.07 
17.28 1.97 1.75 -0.06  1.30 0.22 0.11  -0.31 0.35 10.24  91.15 91.06 90.03 
17.38 7.24 2.48 1.27  1.00 -0.60 0.30  -0.43 1.26 9.89  93.07 91.15 90.05 
17.48 3.78 2.45 0.03  0.69 -0.75 0.30  -0.43 0.67 10.08  91.15 91.34 90.03 
17.59 1.95 1.51 -0.51  1.08 -0.53 0.28  -0.27 0.35 10.40  91.25 91.16 90.05 
17.69 3.14 2.24 -0.12  0.56 -0.27 0.20  -0.39 0.55 10.00  91.15 91.34 90.04 
17.79 2.36 3.43 0.03  0.88 -0.37 0.28  -0.63 0.43 10.47  91.14 91.14 90.04 
17.89 2.19 2.18 -0.64  0.60 -0.58 0.39  -0.39 0.39 10.28  91.14 91.23 90.07 
17.99 3.06 3.27 0.38  0.73 -0.38 0.39  -0.59 0.55 10.28  91.05 91.15 90.05 
18.09 3.21 3.20 0.31  0.96 -0.43 0.27  -0.55 0.55 9.81  91.26 90.97 90.05 
18.19 2.60 2.60 -0.02  0.65 -0.62 0.11  -0.47 0.47 10.36  91.15 91.15 90.02 
18.29 2.40 2.18 -0.78  1.30 -0.39 0.30  -0.39 0.43 10.28  91.33 91.23 90.06 
18.39 3.08 1.98 -0.65  1.88 0.30 0.25  -0.35 0.55 10.20  91.06 91.06 90.06 
18.49 2.64 2.42 -0.41  1.07 -0.41 0.33  -0.43 0.47 10.20  91.15 91.15 90.05 
18.59 2.22 2.44 -0.43  2.42 1.00 0.18  -0.43 0.39 10.12  91.06 91.06 90.04 
18.69 3.07 3.28 -0.01  -0.81 -3.57 0.38  -0.59 0.55 10.24  91.14 91.24 90.08 
18.79 3.01 3.01 -0.09  -0.57 -1.37 0.11  -0.55 0.55 10.43  91.05 91.04 90.02 
18.89 2.40 2.40 -0.43  0.61 -0.69 0.39  -0.43 0.43 10.28  91.06 91.06 90.06 
19.00 2.40 2.18 -0.42  1.18 -0.48 0.23  -0.39 0.43 10.28  91.05 91.05 90.05 
19.10 2.43 2.65 -0.35  1.10 -0.63 0.46  -0.47 0.43 10.16  91.06 91.06 90.05 
19.20 2.40 2.62 -0.36  0.88 -0.44 0.25  -0.47 0.43 10.28  91.05 91.24 90.04 
19.30 2.40 2.40 -0.23  0.96 -0.45 0.39  -0.43 0.43 10.28  91.15 91.05 90.03 
19.40 2.64 2.42 -0.26  0.95 -0.41 0.32  -0.43 0.47 10.20  91.05 91.05 90.06 
19.50 2.20 2.64 -0.64  0.89 -0.41 0.32  -0.47 0.39 10.20  91.06 91.06 90.04 
19.60 2.19 2.40 -0.61  1.09 -0.21 0.16  -0.43 0.39 10.28  90.96 91.06 90.05 
19.70 2.40 2.84 -0.37  0.75 -0.64 0.33  -0.51 0.43 10.28  91.14 91.14 90.06 
19.80 2.61 2.39 -0.37  0.95 -0.67 0.28  -0.43 0.47 10.32  91.06 91.06 90.06 
19.90 2.85 2.63 -0.33  0.96 -0.59 0.35  -0.47 0.51 10.24  91.24 91.15 90.06 
20.00 2.20 2.42 -0.71  0.76 -0.44 0.27  -0.43 0.39 10.20  90.96 91.06 90.05 
20.10 2.40 2.84 -0.17  1.03 -0.49 0.32  -0.51 0.43 10.28  91.05 91.14 90.05 
20.20 2.40 2.62 -0.66  1.30 -0.33 0.23  -0.47 0.43 10.28  91.04 90.95 90.03 
20.30 2.60 2.60 -0.44  0.64 -0.54 0.35  -0.47 0.47 10.36  91.15 90.96 90.06 
20.40 2.85 2.41 -0.07  0.76 -0.77 0.24  -0.43 0.51 10.24  91.24 91.05 90.04 
20.51 3.25 2.60 0.16  1.13 -0.57 0.31  -0.47 0.59 10.36  90.86 90.85 90.04 
20.61 2.43 2.87 -0.17  0.61 -0.46 0.32  -0.51 0.43 10.16  91.16 90.97 90.06 
20.71 2.20 2.42 -0.65  0.46 -0.49 0.24  -0.43 0.39 10.20  90.86 91.24 90.05 
20.81 2.41 2.41 -0.36  0.97 -0.53 0.27  -0.43 0.43 10.24  91.05 91.04 90.05 
20.91 2.40 2.62 -0.52  0.82 -0.77 0.29  -0.47 0.43 10.28  91.05 91.14 90.06 
21.01 2.41 2.41 -0.54  0.93 -0.53 0.26  -0.43 0.43 10.24  90.86 90.95 90.05 
21.11 3.08 2.42 -0.08  0.48 -0.45 0.36  -0.43 0.55 10.20  91.45 90.97 90.06 
21.21 2.40 2.62 -0.15  0.53 -0.67 0.37  -0.47 0.43 10.28  91.05 90.95 90.06 
21.31 2.19 2.84 -0.33  0.88 -0.46 0.31  -0.51 0.39 10.28  90.96 91.05 90.07 
21.41 2.18 2.61 -0.41  0.74 -0.60 0.42  -0.47 0.39 10.32  90.86 91.04 90.06 
21.51 3.28 2.18 -0.33  0.82 -0.41 0.37  -0.39 0.59 10.28  90.76 91.14 90.06 
21.61 2.40 2.39 -0.47  0.57 -0.25 0.21  -0.43 0.43 10.32  91.16 90.96 90.05 
21.71 2.42 2.42 -0.34  0.81 -0.58 0.27  -0.43 0.43 10.20  91.05 91.14 90.06 
21.82 2.61 2.39 -0.50  0.71 -0.56 0.20  -0.43 0.47 10.32  91.23 91.04 90.05 
21.92 2.19 2.19 -0.64  0.54 -0.56 0.28  -0.39 0.39 10.24  90.96 90.96 90.06 
22.02 2.40 1.97 -0.77  0.64 -0.61 0.26  -0.35 0.43 10.28  91.04 90.95 90.03 
22.12 2.40 2.83 -0.26  0.81 -0.36 0.39  -0.51 0.43 10.32  91.05 91.15 90.05 
22.22 2.62 2.18 -0.28  0.76 -0.53 0.38  -0.39 0.47 10.28  90.94 91.12 90.07 
22.32 2.64 2.20 -0.25  0.97 -0.75 0.16  -0.39 0.47 10.20  90.95 90.86 90.06 
22.42 2.18 2.39 -0.46  0.47 -0.74 0.43  -0.43 0.39 10.32  91.04 91.13 90.06 
22.52 2.19 2.19 -0.91  0.81 -0.64 0.20  -0.39 0.39 10.24  91.06 91.15 90.05 
22.62 2.19 2.19 -0.28  0.95 -0.77 0.24  -0.39 0.39 10.24  90.96 91.05 90.02 
22.72 2.42 2.20 -139.28  0.50 -0.39 0.32  -0.39 0.43 10.20  91.05 90.95 90.06 
22.82 2.66 2.00 -0.59  0.74 -0.42 0.40  -0.35 0.47 10.12  91.14 91.14 90.07 
22.92 1.76 2.42 -1.02  0.96 -0.62 0.20  -0.43 0.31 10.20  91.06 91.25 90.04 
23.02 2.66 2.66 -0.35  0.40 -0.41 0.35  -0.47 0.47 10.12  91.34 91.05 90.06 
23.12 2.64 2.42 -0.26  0.45 -1.01 0.39  -0.43 0.47 10.20  91.05 91.14 90.04 
23.23 2.16 2.81 -0.56  0.70 -0.68 0.34  -0.51 0.39 10.40  91.14 91.04 90.05 
23.33 2.19 2.84 -0.38  0.50 -0.74 0.39  -0.51 0.39 10.28  91.05 91.23 90.05 
23.43 2.61 2.39 -0.23  0.99 -0.65 0.29  -0.43 0.47 10.32  91.14 91.04 90.04 
23.53 2.64 2.42 -0.28  0.74 -0.61 0.46  -0.43 0.47 10.20  91.05 90.96 90.06 
23.63 2.64 2.64 -0.19  0.88 -0.67 0.35  -0.47 0.47 10.20  91.24 91.15 90.04 
23.73 2.19 2.63 -0.38  0.80 -0.49 0.30  -0.47 0.39 10.24  91.34 91.05 90.05 
23.83 2.19 2.84 -0.03  1.14 -0.57 0.35  -0.51 0.39 10.28  91.25 91.15 90.05 
23.93 2.62 2.62 -0.50  0.74 -0.49 0.27  -0.47 0.47 10.28  91.04 91.04 90.05 
24.03 2.41 3.07 -0.31  0.75 -0.24 0.28  -0.55 0.43 10.24  91.14 90.95 90.07 
24.13 2.63 2.41 -0.26  0.78 -0.23 0.30  -0.43 0.47 10.24  91.05 91.14 90.05 
24.23 2.40 2.84 -0.30  0.57 -0.53 0.34  -0.51 0.43 10.28  91.23 91.14 90.06 
24.33 2.85 2.41 -0.28  1.21 -0.39 0.22  -0.43 0.51 10.24  91.05 91.24 90.04 
24.43 2.42 2.42 -0.37  0.75 -0.47 0.32  -0.43 0.43 10.20  91.14 91.14 90.05 
24.54 2.62 2.62 -0.35  1.02 -0.72 0.25  -0.47 0.47 10.28  91.06 91.06 90.05 
24.64 2.21 2.87 -0.45  1.14 -0.57 0.19  -0.51 0.39 10.16  90.95 91.24 90.03 
24.74 2.64 1.98 -0.54  0.84 -0.75 0.32  -0.35 0.47 10.20  91.05 91.24 90.05 
24.84 2.19 2.19 -0.63  1.02 -0.37 0.23  -0.39 0.39 10.24  90.96 90.96 90.05 
24.94 2.85 3.07 0.10  0.88 -0.54 0.20  -0.55 0.51 10.24  91.14 91.05 90.04 
25.04 2.61 2.18 -0.43  0.74 -0.66 0.14  -0.39 0.47 10.32  91.15 90.96 90.03 
25.14 2.42 2.64 -0.56  0.88 -0.52 0.25  -0.47 0.43 10.20  91.24 91.05 90.06 
25.24 1.95 2.17 -0.80  0.74 -0.62 0.43  -0.39 0.35 10.36  91.05 90.86 90.09 
25.34 2.19 2.40 -0.58  0.68 -0.55 0.27  -0.43 0.39 10.28  91.15 91.15 90.05 
25.44 2.64 2.42 -0.40  1.05 -0.61 0.19  -0.43 0.47 10.20  91.05 91.14 90.04 
25.54 2.86 2.64 -0.18  0.98 -0.25 0.19  -0.47 0.51 10.20  91.25 91.34 90.04 
25.64 2.65 2.43 -0.33  0.71 -0.71 0.33  -0.43 0.47 10.16  91.05 91.14 90.04 
25.74 2.19 2.84 -0.34  0.73 -0.68 0.39  -0.51 0.39 10.28  91.15 91.05 90.05 
25.84 2.41 2.63 -0.28  0.85 -0.55 0.26  -0.47 0.43 10.24  91.14 91.23 90.05 
25.95 2.40 2.40 -0.52  0.83 -0.47 0.39  -0.43 0.43 10.28  91.05 91.05 90.06 
26.05 2.62 2.18 -0.41  0.74 -0.62 0.28  -0.39 0.47 10.28  91.05 90.86 90.06 
26.15 3.25 2.60 -0.07  0.87 -0.60 0.39  -0.47 0.59 10.36  91.05 91.05 90.06 
26.25 2.82 2.17 -0.49  1.00 -0.54 0.32  -0.39 0.51 10.36  91.06 90.96 90.05 
26.35 2.41 2.41 -0.50  0.95 -0.35 0.18  -0.43 0.43 10.24  90.95 91.14 90.03 
26.45 2.61 2.39 -0.58  0.99 -0.60 0.35  -0.43 0.47 10.32  90.96 90.96 90.06 
26.55 2.40 2.40 -0.28  0.65 -0.52 0.29  -0.43 0.43 10.28  90.96 91.15 90.05 
26.65 2.64 2.20 -0.33  0.88 -0.52 0.38  -0.39 0.47 10.20  90.96 91.05 90.07 
26.75 2.63 2.41 -0.43  0.73 -0.41 0.30  -0.43 0.47 10.24  91.05 90.86 90.06 
26.85 2.40 2.39 -0.26  0.88 -0.57 0.28  -0.43 0.43 10.32  91.15 91.05 90.06 
26.95 2.40 2.84 -0.02  0.97 -0.51 0.29  -0.51 0.43 10.28  90.96 91.06 90.06 
27.05 1.75 2.40 -0.76  0.34 -0.46 0.23  -0.43 0.31 10.28  91.25 90.96 90.03 
27.15 2.59 2.37 -0.37  0.78 -0.38 0.20  -0.43 0.47 10.40  91.06 91.06 90.03 
27.25 2.20 2.64 -0.32  0.58 -0.72 0.27  -0.47 0.39 10.20  91.14 90.85 90.05 
27.35 2.62 2.40 -0.28  0.88 -0.31 0.24  -0.43 0.47 10.28  91.05 91.23 90.04 
27.45 1.76 2.85 -0.62  0.57 -0.38 0.32  -0.51 0.31 10.24  91.05 91.05 90.05 
27.55 2.21 2.65 -0.50  1.16 -0.12 0.16  -0.47 0.39 10.16  91.15 91.15 90.05 
27.65 2.63 3.07 -0.22  0.93 -0.51 0.27  -0.55 0.47 10.24  91.15 90.96 90.07 
27.76 2.40 2.39 -0.46  0.64 -0.46 0.42  -0.43 0.43 10.32  91.05 91.14 90.06 
27.86 2.41 2.63 -0.35  0.77 -0.65 0.40  -0.47 0.43 10.24  90.86 90.86 90.05 
27.96 2.40 1.97 -0.69  0.97 -0.44 0.17  -0.35 0.43 10.28  91.05 91.14 90.03 
28.06 3.07 2.63 -0.42  0.30 -0.62 0.33  -0.47 0.55 10.24  91.05 91.05 90.05 
28.16 2.20 2.42 -0.38  0.49 -0.58 0.29  -0.43 0.39 10.20  91.06 90.96 90.04 
28.26 2.21 2.43 -0.50  0.64 -0.63 0.35  -0.43 0.39 10.16  91.24 91.15 90.08 
28.36 2.41 2.41 -0.57  0.42 -0.58 0.31  -0.43 0.43 10.24  91.06 91.25 90.07 
28.46 2.63 2.63 -0.42  0.72 -0.74 0.34  -0.47 0.47 10.24  90.96 91.06 90.08 
28.56 2.62 2.40 -0.44  0.60 -0.22 0.32  -0.43 0.47 10.28  90.95 91.14 90.05 
28.66 2.65 2.21 -0.34  0.89 -0.30 0.39  -0.39 0.47 10.16  90.96 91.06 90.06 
28.76 2.40 2.61 -0.67  0.85 -0.49 0.31  -0.47 0.43 10.32  91.06 90.96 90.04 
28.86 2.43 2.21 -0.77  0.80 -0.37 0.34  -0.39 0.43 10.16  91.15 90.96 90.07 
28.96 2.40 2.61 -0.38  0.97 -0.46 0.25  -0.47 0.43 10.32  91.15 91.06 90.07 
29.06 2.62 2.62 -0.28  0.85 -0.69 0.27  -0.47 0.47 10.28  91.14 91.14 90.05 
29.17 2.61 2.61 -0.12  1.04 -0.39 0.35  -0.47 0.47 10.32  91.05 90.96 90.07 
29.27 2.62 2.40 -0.42  0.72 -0.68 0.38  -0.43 0.47 10.28  90.95 91.05 90.06 
29.37 2.40 2.62 -0.67  0.39 -0.72 0.26  -0.47 0.43 10.28  90.96 91.06 90.05 
29.47 2.65 2.21 -0.53  0.72 -0.31 0.30  -0.39 0.47 10.16  91.14 91.05 90.06 
29.57 2.44 2.44 -0.41  1.06 -0.60 0.22  -0.43 0.43 10.12  91.14 91.14 90.04 
29.67 3.70 2.17 -0.06  0.19 -1.34 0.37  -0.39 0.67 10.32  91.55 91.26 90.03 
29.77 1.55 2.43 -0.40  0.63 0.02 0.23  -0.43 0.27 10.16  91.22 91.13 90.04 
29.87 2.56 2.77 -0.06  0.60 -1.23 0.23  -0.51 0.47 10.51  91.12 91.21 90.04 
29.97 1.74 2.17 -0.71  0.71 -1.53 0.37  -0.39 0.31 10.36  91.24 91.43 90.09 
30.07 1.95 1.95 -0.34  0.37 -2.94 0.77  -0.35 0.35 10.36  91.04 91.04 90.11 
30.17 -10.76 13.85 -2.11  -1.72 -5.94 0.60  -2.75 -2.08 10.94  98.04 93.27 90.16 
30.27 5.71 1.27 2.00  0.17 -1.06 0.38  -0.24 1.06 10.59  94.10 91.55 90.03 
30.37 3.51 1.53 1.46  0.94 -0.05 0.32  -0.27 0.63 10.24  91.82 91.05 90.06 
30.47 3.29 1.97 1.14  0.60 -0.49 0.45  -0.35 0.59 10.24  91.53 90.96 90.05 
30.58 3.76 1.99 1.40  0.94 -0.29 0.21  -0.35 0.67 10.16  91.44 91.06 90.06 
30.68 3.49 1.96 1.67  0.95 -0.41 0.26  -0.35 0.63 10.28  91.73 90.96 90.07 
30.78 3.71 2.18 1.14  0.88 -0.72 0.23  -0.39 0.67 10.28  91.65 90.78 90.04 
30.88 3.30 3.30 1.57  0.68 -0.53 0.32  -0.59 0.59 10.20  92.42 91.26 90.04 
30.98 4.20 1.76 1.63  1.04 -0.45 0.29  -0.31 0.75 10.16  91.90 90.86 90.06 
31.08 4.69 1.56 1.97  0.75 -0.78 0.25  -0.27 0.82 10.04  91.96 90.78 90.03 
31.18 3.74 2.20 1.57  0.72 -0.18 0.36  -0.39 0.67 10.20  91.61 90.85 90.05 
31.28 5.46 4.31 2.68  -0.05 -2.07 0.36  -0.75 0.94 9.85  92.49 84.11 90.07 
31.38 4.38 2.99 1.86  1.16 0.03 0.18  -0.51 0.75 9.73  92.00 91.33 90.03 
31.48 3.74 1.76 1.43  0.57 -0.71 0.42  -0.31 0.67 10.20  91.43 90.76 90.07 
31.58 5.65 7.89 3.66  0.63 -0.72 0.25  -1.49 1.06 10.71  91.78 91.12 90.06 
31.68 3.70 1.96 1.56  0.81 -1.26 0.28  -0.35 0.67 10.32  91.73 90.77 90.04 
31.78 4.50 2.70 1.96  1.22 -0.10 0.32  -0.47 0.78 9.96  91.96 91.18 90.05 
31.89 4.43 1.40 1.63  1.05 -0.03 0.34  -0.24 0.75 9.61  89.91 90.96 90.02 
31.99 4.20 2.43 1.58  0.49 -1.18 0.39  -0.43 0.75 10.16  91.82 91.24 90.02 
32.09 5.96 2.74 2.56  -0.76 -4.35 0.51  -0.47 1.02 9.77  92.67 90.89 90.05 
32.19 4.13 1.74 1.35  0.67 -0.70 0.34  -0.31 0.75 10.32  91.31 90.75 90.05 
32.29 5.09 1.77 2.03  0.44 -0.96 0.32  -0.31 0.90 10.12  91.24 90.96 90.07 
32.39 3.98 1.54 1.52  0.82 -0.67 0.32  -0.27 0.71 10.16  91.84 90.68 90.05 
32.49 3.71 1.75 1.36  1.10 -0.77 0.25  -0.31 0.67 10.28  91.63 90.67 90.04 
32.59 3.49 1.53 1.43  0.63 -0.91 0.25  -0.27 0.63 10.28  91.54 90.58 90.07 
32.70 3.67 2.16 1.35  1.23 0.11 0.29  -0.39 0.67 10.40  91.32 90.94 90.04 
32.80 4.40 2.20 1.53  0.50 -2.75 0.41  -0.39 0.78 10.20  91.71 90.95 90.04 
32.90 3.70 0.43 0.99  0.60 0.14 0.20  -0.08 0.67 10.32  91.40 90.93 90.05 
33.00 3.92 2.39 1.53  0.84 -0.71 -0.07  -0.43 0.71 10.32  91.81 90.67 90.02 
33.10 3.51 1.75 1.29  1.07 -0.25 0.31  -0.31 0.63 10.24  91.72 90.86 90.07 
33.20 3.48 1.96 1.25  0.20 0.13 0.28  -0.35 0.63 10.32  91.70 90.85 90.05 
33.30 3.74 2.86 1.60  0.55 -0.46 0.39  -0.51 0.67 10.20  91.77 92.13 90.07 
33.40 4.73 0.67 1.52  0.81 -0.46 0.28  -0.12 0.82 9.96  92.00 91.20 90.03 
33.50 4.38 1.97 1.41  0.69 -0.42 0.17  -0.35 0.78 10.24  91.83 91.06 90.03 
33.61 3.96 1.98 1.24  0.86 -0.50 0.29  -0.35 0.71 10.20  91.81 90.76 90.06 
33.71 3.96 1.76 1.28  0.69 -0.46 0.22  -0.31 0.71 10.20  91.54 90.96 90.05 
33.81 3.78 2.00 1.11  0.64 -0.59 0.25  -0.35 0.67 10.08  91.52 90.76 90.05 
33.91 3.70 2.17 1.15  0.97 -0.80 0.39  -0.39 0.67 10.32  91.71 90.86 90.06 
34.01 3.51 1.97 1.21  0.82 -0.58 0.40  -0.35 0.63 10.24  91.71 90.85 90.06 
34.11 3.96 2.42 1.70  0.80 -0.70 0.38  -0.43 0.71 10.20  91.64 90.96 90.06 
34.21 3.96 1.98 1.33  0.60 -0.63 0.39  -0.35 0.71 10.20  91.73 90.87 90.07 
34.31 3.71 1.75 1.46  0.84 -0.64 0.47  -0.31 0.67 10.28  91.41 90.94 90.08 
34.41 3.93 1.96 1.14  0.89 -0.83 0.25  -0.35 0.71 10.28  91.52 90.95 90.04 
34.51 3.96 2.42 1.43  0.76 -0.56 0.29  -0.43 0.71 10.20  91.52 90.95 90.05 
34.62 4.18 1.98 1.68  0.92 -0.53 0.29  -0.35 0.75 10.20  91.71 90.76 90.06 
34.72 3.95 2.19 1.37  0.93 -0.52 0.29  -0.39 0.71 10.24  91.63 91.05 90.05 
34.82 5.61 2.07 2.05  0.65 -0.44 0.12  -0.39 1.06 10.79  94.64 90.66 90.02 
34.92 4.40 2.20 1.75  0.86 -0.53 0.37  -0.39 0.78 10.20  91.90 91.14 90.05 
35.02 4.13 2.61 1.57  0.94 -0.53 0.28  -0.47 0.75 10.32  91.80 90.94 90.07 
35.12 3.93 1.96 1.21  0.93 -0.44 0.30  -0.35 0.71 10.28  91.73 90.86 90.04 
35.22 3.52 1.98 1.07  0.88 -0.55 0.27  -0.35 0.63 10.20  91.72 90.86 90.03 
35.32 5.42 0.90 1.36  0.70 -0.32 0.30  -0.16 0.94 9.92  92.36 90.39 90.05 
35.42 4.40 1.54 1.31  1.09 -0.58 -0.40  -0.27 0.78 10.20  91.71 90.76 89.89 
35.53 3.93 1.96 1.34  1.08 -0.07 0.36  -0.35 0.71 10.28  91.54 90.86 90.06 
35.63 3.26 2.17 1.13  0.82 -0.58 0.30  -0.39 0.59 10.32  91.82 90.86 90.06 
35.73 3.74 1.54 1.15  0.86 -0.54 0.39  -0.27 0.67 10.20  91.52 91.05 90.07 
35.83 3.71 2.18 1.23  0.79 -0.53 0.34  -0.39 0.67 10.28  91.62 91.05 90.07 
35.93 3.70 2.39 1.29  1.11 -0.65 0.33  -0.43 0.67 10.32  91.73 90.96 90.04 
36.03 3.49 1.75 0.80  0.76 -0.50 0.35  -0.31 0.63 10.28  91.62 90.76 90.07 
36.16 3.71 1.75 1.27  0.87 -0.46 0.17  -0.31 0.67 10.28  91.62 90.76 90.03 
36.29 3.98 1.54 1.35  0.94 -0.53 0.32  -0.27 0.71 10.16  91.73 90.67 90.05 
36.42 3.74 1.98 1.05  0.77 -0.55 0.31  -0.35 0.67 10.20  91.63 90.86 90.05 
36.54 3.49 2.18 1.33  0.78 -0.60 0.45  -0.39 0.63 10.28  91.52 90.95 90.08 
36.65 3.73 2.41 1.37  0.95 -0.48 0.35  -0.43 0.67 10.24  91.63 90.77 90.06 
36.75 3.95 2.19 1.11  0.79 -0.30 0.24  -0.39 0.71 10.24  91.63 90.86 90.03 
36.85 3.92 2.39 1.53  0.87 -0.61 0.22  -0.43 0.71 10.32  91.46 91.07 90.04 
36.95 3.98 1.99 1.34  0.87 -0.32 0.26  -0.35 0.71 10.16  91.64 91.06 90.05 
37.05 4.40 2.20 1.69  0.69 -0.39 0.31  -0.39 0.78 10.20  91.80 90.95 90.03 
37.15 3.95 1.75 1.26  0.63 -0.95 0.32  -0.31 0.71 10.24  91.63 91.05 90.03 
37.25 3.74 2.20 1.28  0.72 -0.40 0.32  -0.39 0.67 10.20  91.62 90.95 90.06 
37.36 2.99 2.77 1.18  0.73 -0.33 0.23  -0.51 0.55 10.51  91.93 91.06 90.07 
37.46 3.66 2.15 1.39  0.39 -0.42 0.24  -0.39 0.67 10.43  91.62 90.86 90.06 
37.56 3.51 2.19 1.40  0.74 -0.47 0.13  -0.39 0.63 10.24  91.60 91.04 90.05 
37.66 3.70 1.96 1.47  0.71 -0.39 0.22  -0.35 0.67 10.32  91.82 90.86 90.03 
37.77 3.70 1.52 1.17  0.42 -0.53 0.32  -0.27 0.67 10.32  91.62 90.95 90.05 
37.87 3.06 2.18 1.06  0.89 -0.59 0.28  -0.39 0.55 10.28  91.62 90.76 90.04 
37.97 3.68 1.73 1.15  0.74 -0.89 0.24  -0.31 0.67 10.36  91.61 90.95 90.06 
38.07 4.15 1.74 1.84  0.93 -0.45 0.32  -0.31 0.75 10.28  91.69 90.75 90.06 
38.17 3.95 1.97 1.24  0.86 -0.36 0.19  -0.35 0.71 10.24  91.62 90.95 90.03 
38.28 3.70 2.17 1.32  0.93 -0.55 0.28  -0.39 0.67 10.32  91.53 90.96 90.06 
38.38 4.18 1.98 1.36  0.69 -0.40 0.29  -0.35 0.75 10.20  91.63 90.86 90.05 
38.48 3.51 1.75 1.24  0.77 -0.77 0.18  -0.31 0.63 10.24  91.52 90.95 90.03 
38.58 3.51 1.97 1.09  0.87 -0.79 0.36  -0.35 0.63 10.24  91.73 90.96 90.06 
38.68 3.93 1.96 1.60  0.87 -0.66 0.40  -0.35 0.71 10.28  91.72 90.96 90.05 
38.78 3.51 1.53 1.03  0.83 -0.56 0.26  -0.27 0.63 10.24  91.62 90.95 90.05 
38.88 3.90 2.38 1.35  1.32 -0.42 0.20  -0.43 0.71 10.36  91.70 91.04 90.04 
38.98 3.77 2.21 1.51  0.87 -0.52 0.18  -0.39 0.67 10.12  91.53 90.96 90.04 
39.08 3.51 2.19 1.28  0.81 -0.59 0.32  -0.39 0.63 10.24  91.52 90.76 90.05 
39.18 3.49 1.96 1.51  0.65 -0.38 0.35  -0.35 0.63 10.28  91.72 90.96 90.06 
39.28 3.73 2.19 1.33  1.11 -0.60 0.32  -0.39 0.67 10.24  91.63 90.77 90.06 
39.38 3.73 1.75 0.95  1.21 -0.30 0.35  -0.31 0.67 10.24  91.73 90.87 90.05 
39.49 3.07 1.75 1.06  0.86 -0.47 0.32  -0.31 0.55 10.24  91.53 90.86 90.06 
39.59 3.71 1.75 0.97  0.78 -0.39 0.30  -0.31 0.67 10.28  91.63 90.96 90.04 
39.69 3.73 1.97 1.38  0.80 -0.34 0.25  -0.35 0.67 10.24  91.64 90.87 90.05 
39.79 3.71 2.18 1.20  0.78 -0.63 0.17  -0.39 0.67 10.28  91.64 90.96 90.03 
39.89 3.29 1.97 1.12  0.70 -0.71 0.26  -0.35 0.59 10.24  91.63 90.96 90.05 
40.00 3.93 1.74 1.39  0.77 -0.30 0.20  -0.31 0.71 10.28  91.71 90.86 90.06 
40.10 3.51 2.19 1.21  0.63 -0.42 0.33  -0.39 0.63 10.24  91.61 90.95 90.06 
40.20 3.73 2.19 1.28  0.91 -0.47 0.15  -0.39 0.67 10.24  91.63 90.67 90.03 
40.30 3.68 1.95 1.18  0.85 -0.49 0.37  -0.35 0.67 10.36  91.53 90.96 90.04 
40.40 3.73 2.19 1.17  0.66 -0.46 0.19  -0.39 0.67 10.24  91.54 90.96 90.05 
40.50 3.73 2.19 1.51  1.02 -0.12 0.20  -0.39 0.67 10.24  91.54 90.96 90.04 
40.60 3.96 1.98 1.02  0.72 -0.90 0.24  -0.35 0.71 10.20  91.63 90.86 90.04 
40.70 3.08 2.42 1.08  0.74 -0.46 0.34  -0.43 0.55 10.20  91.62 90.86 90.05 
40.80 3.95 1.97 1.43  0.80 -0.36 0.32  -0.35 0.71 10.24  91.72 90.86 90.06 
40.91 3.71 1.96 1.00  0.67 -0.56 0.31  -0.35 0.67 10.28  91.62 90.86 90.05 
41.01 3.49 1.96 1.28  0.98 -0.53 0.33  -0.35 0.63 10.28  91.65 90.97 90.06 
41.11 4.15 2.18 1.53  0.68 -0.34 0.39  -0.39 0.75 10.28  91.63 91.05 90.07 
41.21 3.96 1.76 1.26  0.78 -0.41 0.28  -0.31 0.71 10.20  91.75 90.97 90.05 
41.31 3.51 1.97 1.28  1.02 -0.39 0.31  -0.35 0.63 10.24  91.52 90.86 90.05 
41.41 3.30 1.98 0.94  0.53 -0.48 0.28  -0.35 0.59 10.20  91.72 90.86 90.06 
41.51 3.96 1.76 1.22  0.86 -0.79 0.15  -0.31 0.71 10.20  91.64 90.97 90.04 
41.62 3.71 1.53 1.49  0.83 -0.81 0.17  -0.27 0.67 10.28  91.53 90.76 90.05 
41.72 3.74 1.98 1.03  0.87 -0.47 0.27  -0.35 0.67 10.20  91.72 90.86 90.04 
41.82 3.93 1.96 1.30  1.00 -0.54 0.34  -0.35 0.71 10.28  91.44 90.96 90.04 
41.92 3.51 2.19 1.20  0.23 -0.85 0.47  -0.39 0.63 10.24  91.72 90.86 90.06 
42.02 3.51 1.97 1.27  0.68 -0.22 0.32  -0.35 0.63 10.24  91.71 90.95 90.06 
42.12 3.49 2.18 1.23  0.81 -0.27 0.18  -0.39 0.63 10.28  91.44 91.06 90.05 
42.22 3.52 2.42 1.35  1.03 -0.62 0.34  -0.43 0.63 10.20  91.54 91.06 90.06 
42.32 3.51 1.75 1.01  0.57 -0.32 0.32  -0.31 0.63 10.24  91.72 90.86 90.05 
42.42 3.52 1.98 1.08  0.83 -0.39 0.36  -0.35 0.63 10.20  91.63 90.86 90.06 
42.52 3.92 1.96 1.24  0.73 -0.32 0.25  -0.35 0.71 10.32  91.52 90.85 90.04 
42.62 3.96 3.07 1.71  0.52 -0.47 0.28  -0.55 0.71 10.20  91.63 90.96 90.06 
42.72 3.48 1.96 1.07  0.39 -0.88 0.29  -0.35 0.63 10.32  91.72 90.76 90.06 
42.82 3.96 1.54 1.14  0.52 -0.47 0.21  -0.27 0.71 10.20  91.63 91.05 90.05 
42.93 3.98 1.76 0.90  0.93 -0.53 0.33  -0.31 0.71 10.16  91.72 90.96 90.06 
43.03 3.70 1.74 1.60  1.13 -0.62 0.22  -0.31 0.67 10.32  91.61 91.04 90.04 
43.13 3.90 2.16 1.29  1.23 -0.53 0.31  -0.39 0.71 10.36  91.54 90.58 90.05 
43.23 4.18 2.20 1.41  0.76 -0.53 0.23  -0.39 0.75 10.20  91.63 90.86 90.03 
43.33 3.48 1.96 1.33  0.62 -0.72 0.26  -0.35 0.63 10.32  91.64 90.96 90.08 
43.44 3.51 1.75 1.25  0.80 -0.49 0.26  -0.31 0.63 10.24  91.82 90.86 90.06 
43.54 3.70 2.39 1.37  0.61 -0.62 0.35  -0.43 0.67 10.32  91.63 90.96 90.05 
43.64 3.95 1.75 1.33  0.67 -0.69 0.24  -0.31 0.71 10.24  91.82 90.96 90.07 
43.74 3.74 2.20 1.08  0.86 -0.69 0.29  -0.39 0.67 10.20  91.63 90.76 90.03 
43.84 3.92 1.96 1.60  0.79 -0.53 0.29  -0.35 0.71 10.32  91.71 90.85 90.05 
43.94 4.16 1.97 1.31  0.60 -0.62 0.40  -0.35 0.75 10.24  91.82 90.86 90.07 
44.04 3.93 1.96 1.52  0.98 -0.30 0.31  -0.35 0.71 10.28  91.63 90.86 90.06 
44.15 3.73 2.19 1.31  0.58 -0.54 0.29  -0.39 0.67 10.24  91.72 90.96 90.06 
44.25 3.95 1.53 1.19  0.70 -0.41 0.28  -0.27 0.71 10.24  91.15 90.86 90.05 
44.35 3.96 2.20 1.18  0.39 -0.70 0.25  -0.39 0.71 10.20  91.53 90.76 90.05 
44.45 3.74 1.98 1.49  0.58 -0.57 0.13  -0.35 0.67 10.20  91.52 90.86 90.05 
44.55 3.54 1.77 1.25  1.34 -0.50 0.22  -0.31 0.63 10.16  91.54 90.77 90.04 
44.65 3.49 2.18 1.15  0.75 -0.45 0.16  -0.39 0.63 10.28  91.53 90.86 90.05 
44.75 3.93 1.96 1.48  1.25 -0.36 0.13  -0.35 0.71 10.28  91.63 90.77 90.06 
44.85 3.70 2.17 1.30  0.76 -0.36 0.26  -0.39 0.67 10.32  91.62 90.95 90.06 
44.96 4.15 2.18 1.53  0.90 -0.59 0.29  -0.39 0.75 10.28  91.73 91.06 90.07 
45.06 3.70 1.74 1.17  0.73 -0.57 0.32  -0.31 0.67 10.32  91.62 90.67 90.04 
45.16 3.47 2.38 1.51  0.66 -0.70 0.32  -0.43 0.63 10.36  91.62 90.95 90.05 
45.26 3.71 1.75 1.24  0.96 -0.49 0.36  -0.31 0.67 10.28  91.52 90.86 90.04 
45.36 3.68 2.38 1.46  0.93 -0.47 0.14  -0.43 0.67 10.36  91.54 90.87 90.04 
45.46 3.51 1.97 1.45  0.80 -0.46 0.25  -0.35 0.63 10.24  91.52 91.05 90.05 
45.56 3.95 1.97 1.54  1.11 -0.44 0.22  -0.35 0.71 10.24  91.62 90.86 90.03 
45.66 3.30 1.98 1.04  0.34 -0.53 0.39  -0.35 0.59 10.20  91.44 90.86 90.07 
45.77 3.95 2.41 1.59  0.93 -0.39 0.25  -0.43 0.71 10.24  91.63 90.86 90.06 
45.87 3.99 2.44 1.39  0.79 -0.31 0.29  -0.43 0.71 10.12  91.54 90.77 90.06 
45.97 3.48 1.96 1.05  0.58 -0.67 0.43  -0.35 0.63 10.32  91.54 90.86 90.06 
46.07 3.52 1.98 1.05  0.81 -0.59 0.24  -0.35 0.63 10.20  91.55 90.97 90.02 
46.17 3.95 2.19 1.31  0.52 -0.52 0.28  -0.39 0.71 10.24  91.54 90.96 90.06 
46.27 3.48 1.52 0.87  0.60 -0.54 0.35  -0.27 0.63 10.32  91.63 91.05 90.06 
46.37 3.30 1.54 0.97  0.81 -0.56 0.32  -0.27 0.59 10.20  91.73 90.96 90.04 
46.47 3.78 2.67 1.60  0.65 -0.33 0.35  -0.47 0.67 10.08  91.82 91.05 90.06 
46.57 4.12 2.38 1.33  1.03 -0.05 0.24  -0.43 0.75 10.36  91.73 90.86 90.05 
46.67 3.87 2.79 1.64  0.77 -0.28 0.16  -0.51 0.71 10.43  91.86 90.49 90.03 
46.77 3.51 1.97 1.03  0.81 -0.64 0.29  -0.35 0.63 10.24  91.62 90.95 90.03 
46.87 3.29 2.19 1.14  0.72 -0.57 0.29  -0.39 0.59 10.24  91.52 90.86 90.06 
46.97 3.96 1.98 1.22  0.70 -0.69 0.24  -0.35 0.71 10.20  91.52 90.95 90.06 
47.07 3.73 1.97 1.37  0.91 -0.46 0.19  -0.35 0.67 10.24  91.73 90.96 90.04 
47.17 3.96 2.42 1.33  1.09 -0.59 0.27  -0.43 0.71 10.20  91.54 91.06 90.06 
47.28 3.99 1.99 1.36  0.82 -0.39 0.40  -0.35 0.71 10.12  91.52 90.86 90.06 
47.38 3.51 2.19 1.28  0.67 -0.78 0.28  -0.39 0.63 10.24  91.52 90.86 90.06 
47.48 3.77 1.99 1.21  0.81 -0.43 0.35  -0.35 0.67 10.12  91.52 90.95 90.06 
47.58 3.48 1.96 1.22  0.55 -0.68 0.25  -0.35 0.63 10.32  91.72 91.05 90.05 
47.68 3.71 1.75 1.06  0.65 -0.47 0.25  -0.31 0.67 10.28  91.62 90.76 90.04 
47.78 3.73 1.97 1.42  0.82 -0.51 0.18  -0.35 0.67 10.24  91.61 91.04 90.07 
47.88 3.51 1.75 1.67  0.48 -0.59 0.33  -0.31 0.63 10.24  91.63 91.05 90.06 
47.98 4.54 2.49 1.84  0.53 -0.81 0.37  -0.43 0.78 9.89  90.58 90.29 90.05 
48.08 3.56 1.56 1.41  0.43 -0.61 0.29  -0.27 0.63 10.08  91.55 91.16 90.06 
48.18 3.51 2.41 1.85  0.77 -0.34 0.28  -0.43 0.63 10.24  91.82 90.86 90.05 
48.28 3.70 1.96 1.52  0.94 -0.53 0.25  -0.35 0.67 10.32  91.68 90.69 90.04 
48.39 3.74 2.64 2.16  1.02 -0.50 0.31  -0.47 0.67 10.20  91.52 90.95 90.06 
48.49 3.95 2.19 1.56  0.57 -0.69 0.38  -0.39 0.71 10.24  91.52 90.86 90.04 
48.59 3.28 2.62 1.47  0.79 -0.41 0.41  -0.47 0.59 10.28  91.63 90.86 90.05 
48.69 3.93 1.74 1.82  0.99 -0.45 0.26  -0.31 0.71 10.28  91.52 90.86 90.05 
48.79 3.74 2.20 1.77  0.69 -0.88 0.28  -0.39 0.67 10.20  91.53 90.96 90.06 
48.89 3.76 2.21 1.81  0.73 -0.78 0.32  -0.39 0.67 10.16  91.72 90.76 90.05 
48.99 3.51 2.19 1.66  0.51 -0.82 0.31  -0.39 0.63 10.24  91.63 90.86 90.05 
49.10 3.95 1.97 1.81  0.71 -0.30 0.29  -0.35 0.71 10.24  91.44 90.96 90.04 
49.20 3.49 2.18 1.81  0.27 -0.53 0.24  -0.39 0.63 10.28  91.54 90.86 90.05 
49.30 4.21 2.21 1.87  0.81 -0.41 0.19  -0.39 0.75 10.12  91.63 90.96 90.04 
49.40 3.47 1.95 1.48  0.54 -0.50 0.28  -0.35 0.63 10.36  91.54 90.96 90.05 
49.50 3.71 1.96 1.59  0.98 -0.42 0.29  -0.35 0.67 10.28  91.63 90.86 90.05 
49.61 3.98 2.43 1.91  0.52 -0.67 0.31  -0.43 0.71 10.16  91.54 90.86 90.06 
49.71 3.28 1.75 1.45  0.85 -0.32 0.21  -0.31 0.59 10.28  91.43 90.76 90.04 
49.81 3.74 1.76 1.52  0.93 -0.24 0.23  -0.31 0.67 10.20  91.63 90.77 90.04 
49.91 3.73 1.97 1.60  0.74 -0.41 0.24  -0.35 0.67 10.24  91.63 90.86 90.04 
50.01 3.93 2.18 1.83  0.76 -0.85 0.27  -0.39 0.71 10.28  91.53 90.96 90.04 
50.11 4.18 1.98 1.72  0.95 -0.37 0.22  -0.35 0.75 10.20  91.52 90.95 90.02 
50.21 3.96 1.98 1.70  0.72 -0.74 0.24  -0.35 0.71 10.20  91.72 90.96 90.03 
50.31 3.74 2.20 1.89  0.57 -0.56 0.34  -0.39 0.67 10.20  91.61 90.85 90.05 
50.42 3.99 1.99 1.71  0.28 -0.88 0.33  -0.35 0.71 10.12  91.63 90.96 90.06 
50.52 3.95 1.97 1.80  0.88 -0.39 0.41  -0.35 0.71 10.24  91.63 90.76 90.04 
50.62 3.73 2.19 1.73  1.14 -0.40 0.19  -0.39 0.67 10.24  91.72 90.76 90.07 
50.72 4.16 2.19 1.56  0.79 -0.53 0.33  -0.39 0.75 10.24  91.54 90.86 90.04 
50.82 3.73 1.75 1.66  0.60 -0.57 0.37  -0.31 0.67 10.24  91.44 90.86 90.08 
50.92 3.95 1.75 1.77  0.44 -0.41 0.26  -0.31 0.71 10.24  91.42 90.95 90.07 
51.02 3.98 1.99 1.45  0.85 -0.60 0.39  -0.35 0.71 10.16  91.61 91.04 90.06 
51.12 3.54 1.99 1.67  0.59 -0.64 0.23  -0.35 0.63 10.16  91.54 90.87 90.04 
51.22 3.76 1.99 1.69  0.57 -0.60 0.26  -0.35 0.67 10.16  91.54 91.06 90.04 
51.32 3.47 2.17 1.55  0.65 -0.52 0.34  -0.39 0.63 10.36  91.52 90.86 90.07 
51.42 3.48 1.96 1.72  0.80 -0.49 0.28  -0.35 0.63 10.32  91.81 90.76 90.06 
51.53 3.73 2.41 1.76  1.16 -0.56 0.18  -0.43 0.67 10.24  91.52 90.95 90.03 
51.63 3.95 2.19 1.63  0.74 -0.49 0.22  -0.39 0.71 10.24  91.54 91.25 90.06 
51.73 3.92 1.96 1.62  0.95 -0.35 0.42  -0.35 0.71 10.32  91.72 90.86 90.06 
51.83 3.95 1.09 1.35  1.03 -0.33 0.19  -0.20 0.71 10.24  91.72 90.48 90.03 
51.93 3.68 1.95 1.73  0.54 -0.54 0.41  -0.35 0.67 10.36  91.63 90.86 90.06 
52.03 3.52 1.76 1.34  0.69 -0.47 0.29  -0.31 0.63 10.20  91.73 90.86 90.04 
52.13 3.98 2.21 1.69  0.91 -0.50 0.21  -0.39 0.71 10.16  91.53 90.86 90.05 
52.24 3.73 1.75 1.50  0.61 -0.39 0.21  -0.31 0.67 10.24  91.64 90.87 90.05 
52.34 3.92 2.17 1.74  0.79 -0.45 0.31  -0.39 0.71 10.32  91.54 90.77 90.08 
52.44 3.74 1.98 1.61  0.92 -0.54 0.24  -0.35 0.67 10.20  91.52 90.86 90.04 
52.54 3.71 1.96 1.20  1.23 -0.75 0.29  -0.35 0.67 10.28  91.63 90.96 90.05 
52.64 3.73 2.19 1.52  1.02 -0.56 0.17  -0.39 0.67 10.24  91.52 90.95 90.03 
52.74 3.70 2.39 2.11  0.79 -0.63 0.24  -0.43 0.67 10.32  91.53 90.76 90.05 
52.84 3.49 1.96 1.39  0.68 -0.46 0.33  -0.35 0.63 10.28  91.52 90.95 90.06 
52.95 3.49 2.40 1.64  0.62 -0.79 0.22  -0.43 0.63 10.28  91.54 90.96 90.07 
53.05 3.73 2.63 1.95  1.01 -0.32 0.25  -0.47 0.67 10.24  91.63 90.96 90.04 
53.15 3.51 1.97 1.67  0.74 -0.35 0.24  -0.35 0.63 10.24  91.63 90.86 90.06 
53.25 3.71 1.96 1.53  0.69 -0.36 0.33  -0.35 0.67 10.28  91.63 90.76 90.05 
53.35 3.73 2.19 1.39  0.60 -0.64 0.25  -0.39 0.67 10.24  91.54 90.87 90.04 
53.45 3.96 2.20 1.61  0.99 -0.46 0.18  -0.39 0.71 10.20  91.72 90.96 90.06 
53.55 3.49 2.18 1.64  0.61 -0.73 0.18  -0.39 0.63 10.28  91.52 90.95 90.04 
53.65 3.20 2.35 1.54  0.68 -0.98 0.30  -0.43 0.59 10.51  91.14 91.52 90.07 
53.75 3.71 2.18 1.35  0.55 -0.55 0.35  -0.39 0.67 10.28  91.45 90.67 90.05 
53.86 3.51 2.19 1.25  0.73 -0.43 0.26  -0.39 0.63 10.24  91.62 90.76 90.05 
53.96 6.72 0.69 2.20  0.88 -0.60 0.10  -0.12 1.14 9.65  92.09 90.95 90.04 
54.06 4.86 2.20 1.61  1.16 -0.42 0.27  -0.39 0.86 10.16  90.97 90.58 90.05 
54.16 5.03 0.91 1.51  0.34 -0.59 0.46  -0.16 0.86 9.81  91.92 91.53 90.08 
54.26 3.24 2.16 1.28  0.75 -0.46 0.32  -0.39 0.59 10.40  91.73 90.96 90.07 
54.36 3.25 1.73 0.90  0.95 -0.67 0.32  -0.31 0.59 10.36  91.42 90.95 90.06 
54.46 3.48 2.39 1.40  0.73 -0.80 0.32  -0.43 0.63 10.32  91.63 90.76 90.04 
54.57 3.52 1.32 0.91  0.66 -0.69 0.25  -0.24 0.63 10.20  91.32 90.85 90.04 
54.67 3.71 1.75 1.25  0.86 -0.69 0.42  -0.31 0.67 10.28  91.64 90.77 90.05 
54.77 16.52 4.20 7.46  2.53 1.58 0.33  -0.90 3.49 11.77  97.35 87.68 90.00 
54.87 4.78 3.86 2.23  1.31 0.21 0.13  -0.67 0.82 9.85  90.39 90.68 90.07 
54.97 4.12 3.03 1.97  0.66 -0.92 0.29  -0.55 0.75 10.36  92.01 90.38 90.04 
55.07 3.49 1.53 1.00  0.11 -0.60 0.24  -0.27 0.63 10.28  91.81 91.43 90.02 
55.18 3.52 2.42 1.38  0.68 -0.78 0.21  -0.43 0.63 10.20  91.44 90.86 90.04 
55.28 3.49 1.96 1.38  1.04 -0.47 0.26  -0.35 0.63 10.28  91.80 90.76 90.04 
55.38 3.51 1.75 1.19  0.53 -0.54 0.20  -0.31 0.63 10.24  91.44 90.96 90.05 
55.48 3.74 1.98 1.33  1.02 -0.51 0.20  -0.35 0.67 10.20  91.73 90.96 90.04 
55.58 3.74 2.20 1.33  0.57 -0.60 0.23  -0.39 0.67 10.20  91.62 90.86 90.05 
55.68 3.95 1.97 1.63  0.70 -0.44 0.46  -0.35 0.71 10.24  91.82 90.86 90.05 
55.78 3.70 2.39 1.61  0.81 -0.77 0.46  -0.43 0.67 10.32  91.61 91.04 90.08 
55.88 3.74 2.42 1.46  0.88 -0.47 0.32  -0.43 0.67 10.20  91.63 90.86 90.04 
55.98 3.49 2.40 1.22  1.02 -0.52 0.31  -0.43 0.63 10.28  91.54 90.77 90.04 
56.09 3.71 2.40 1.15  0.77 -0.55 0.25  -0.43 0.67 10.28  91.62 91.05 90.05 
56.19 3.73 1.97 1.23  0.60 -0.53 0.28  -0.35 0.67 10.24  91.53 90.96 90.03 
56.29 3.70 1.96 1.65  0.80 -0.46 0.23  -0.35 0.67 10.32  91.44 90.96 90.04 
56.39 3.49 2.18 1.31  0.60 -0.80 0.41  -0.39 0.63 10.28  91.73 90.96 90.06 
56.49 3.93 2.18 1.59  0.67 -0.67 0.33  -0.39 0.71 10.28  91.53 90.86 90.06 
56.59 3.76 1.77 1.27  0.79 -0.44 0.34  -0.31 0.67 10.16  91.63 90.86 90.05 
56.70 4.35 1.95 1.55  0.78 -0.77 0.21  -0.35 0.78 10.32  91.54 90.96 90.04 
56.80 3.51 2.19 1.25  0.95 -0.75 0.31  -0.39 0.63 10.24  91.71 90.67 90.04 
56.90 3.73 2.19 1.51  0.49 -0.52 0.31  -0.39 0.67 10.24  91.52 90.76 90.05 
57.00 3.68 2.16 1.34  0.95 -0.60 0.16  -0.39 0.67 10.36  91.63 90.86 90.03 
57.10 4.18 2.42 1.62  1.12 -0.61 0.20  -0.43 0.75 10.20  91.53 91.05 90.05 
57.20 3.96 2.20 1.49  0.81 -0.32 0.19  -0.39 0.71 10.20  91.60 90.94 90.04 
57.30 3.68 2.38 1.35  0.89 -0.36 0.36  -0.43 0.67 10.36  91.61 91.04 90.06 
57.40 3.71 2.18 1.73  0.78 -0.79 0.41  -0.39 0.67 10.28  91.64 90.96 90.04 
57.50 3.68 2.60 1.35  0.61 -0.30 0.30  -0.47 0.67 10.36  91.53 90.76 90.07 
57.61 3.31 1.99 1.26  0.76 -0.60 0.33  -0.35 0.59 10.16  91.54 90.96 90.04 
57.71 5.21 1.58 1.87  0.01 -0.36 0.23  -0.27 0.90 9.89  92.11 91.40 90.03 
57.81 4.50 2.92 1.82  0.50 -0.60 0.27  -0.51 0.78 9.96  92.39 90.48 90.04 
57.91 3.70 2.17 1.44  0.94 -0.41 0.36  -0.39 0.67 10.32  91.43 90.76 90.06 
58.04 3.54 1.77 1.16  0.85 -0.58 0.25  -0.31 0.63 10.16  91.54 90.77 90.04 
58.16 3.52 2.20 1.38  0.77 -0.49 0.37  -0.39 0.63 10.20  91.54 90.96 90.06 
58.29 2.70 2.25 1.36  -0.21 -0.55 0.30  -0.39 0.47 9.96  91.18 90.98 90.05 
58.42 3.76 2.21 1.38  0.97 -0.48 0.33  -0.39 0.67 10.16  91.64 90.96 90.06 
58.52 3.90 1.73 1.33  0.97 -0.59 0.30  -0.31 0.71 10.36  91.62 90.95 90.04 
58.62 3.71 2.18 1.37  0.91 -0.48 0.26  -0.39 0.67 10.28  91.92 90.86 90.07 
58.72 3.74 2.42 1.36  0.86 -0.49 0.35  -0.43 0.67 10.20  91.80 90.94 90.05 
58.83 3.99 1.99 1.34  0.54 -0.54 0.22  -0.35 0.71 10.12  91.73 90.96 90.05 
58.93 3.73 2.19 1.28  1.00 -0.67 0.24  -0.39 0.67 10.24  91.63 90.86 90.06 
59.03 3.31 0.88 0.57  1.08 -0.58 0.29  -0.16 0.59 10.16  91.74 90.97 90.09 
59.13 3.95 1.75 1.55  1.03 -0.17 0.30  -0.31 0.71 10.24  91.82 90.86 90.05 
59.23 3.74 1.98 1.32  0.96 -0.69 0.26  -0.35 0.67 10.20  91.52 90.86 90.05 
59.33 3.74 2.42 1.49  1.11 -0.04 0.34  -0.43 0.67 10.20  91.71 91.05 90.05 
59.44 3.49 1.75 1.29  0.97 -0.19 0.18  -0.31 0.63 10.28  91.52 90.76 90.03 
59.54 3.73 1.75 1.44  0.72 -0.28 0.30  -0.31 0.67 10.24  91.71 90.76 90.05 
59.64 3.70 2.17 1.37  0.72 -0.46 0.16  -0.39 0.67 10.32  91.70 90.66 90.02 
59.74 3.52 1.54 1.04  0.46 -0.52 0.25  -0.27 0.63 10.20  91.79 91.03 90.04 
59.84 4.16 2.19 1.61  0.80 -0.86 0.25  -0.39 0.75 10.24  91.73 90.96 90.05 
59.94 3.54 1.99 1.38  1.06 -0.57 0.30  -0.35 0.63 10.16  91.82 90.86 90.07 
60.04 3.95 2.19 1.46  0.08 -0.73 0.30  -0.39 0.71 10.24  91.64 91.06 90.02 
60.15 3.90 2.38 1.39  0.71 -0.47 0.32  -0.43 0.71 10.36  91.62 90.86 90.05 
60.25 3.92 2.39 1.40  0.60 -0.07 0.33  -0.43 0.71 10.32  91.43 90.86 90.05 
60.35 3.68 1.95 1.12  0.90 -0.57 0.19  -0.35 0.67 10.36  91.71 91.05 90.05 
60.45 3.95 2.19 1.12  1.06 -0.90 0.27  -0.39 0.71 10.24  91.71 90.76 90.07 
60.55 4.20 1.98 1.37  1.85 -0.53 0.24  -0.35 0.75 10.16  91.33 90.85 90.05 
60.65 4.05 2.25 1.43  0.41 -0.74 0.39  -0.39 0.71 9.96  91.51 90.85 90.05 
60.75 4.73 1.72 1.76  1.01 -0.36 0.13  -0.31 0.86 10.43  91.37 90.78 90.04 
60.86 3.05 1.52 0.96  0.83 -0.64 0.32  -0.27 0.55 10.32  91.64 90.67 90.05 
60.96 3.71 2.18 1.24  0.74 -0.68 0.34  -0.39 0.67 10.28  91.72 90.86 90.06 
61.06 3.49 1.96 1.20  0.68 -0.46 0.17  -0.35 0.63 10.28  91.63 90.86 90.05 
61.16 3.96 2.20 1.73  0.60 -0.61 0.26  -0.39 0.71 10.20  91.73 90.96 90.05 
61.26 3.71 2.18 1.58  0.54 -0.67 0.17  -0.39 0.67 10.28  91.62 90.95 90.05 
61.36 3.54 2.21 1.45  0.90 -0.33 0.25  -0.39 0.63 10.16  91.63 90.96 90.06 
61.46 3.49 1.96 1.20  0.79 -0.95 0.39  -0.35 0.63 10.28  91.63 90.77 90.03 
61.56 4.01 1.78 1.60  0.88 -0.38 0.23  -0.31 0.71 10.08  91.11 90.83 90.08 
61.67 3.49 2.18 1.53  0.37 -0.53 0.33  -0.39 0.63 10.28  91.54 90.77 90.03 
61.77 3.33 1.77 1.20  0.80 -0.18 0.25  -0.31 0.59 10.12  91.71 90.95 90.07 
61.87 8.57 1.03 3.08  1.12 -0.41 0.28  -0.16 1.29 8.59  93.74 90.45 90.05 
61.97 3.99 1.99 1.43  0.76 -0.50 0.25  -0.35 0.71 10.12  91.74 90.87 90.04 
62.07 4.23 2.22 1.82  0.58 -0.60 0.39  -0.39 0.75 10.08  91.64 90.87 90.07 
62.18 3.52 2.42 1.56  0.65 -0.52 0.30  -0.43 0.63 10.20  91.82 91.05 90.05 
62.28 3.74 1.54 1.35  0.46 -0.67 0.36  -0.27 0.67 10.20  91.52 90.86 90.07 
62.38 4.35 1.74 1.51  0.79 -0.48 0.22  -0.31 0.78 10.32  91.62 90.95 90.06 
62.48 4.42 1.98 1.53  0.70 -0.64 0.41  -0.35 0.78 10.16  92.14 91.07 90.05 
62.58 3.74 2.42 1.50  1.01 -0.48 0.26  -0.43 0.67 10.20  91.63 90.77 90.04 
62.68 3.73 1.97 1.17  0.91 -0.48 0.33  -0.35 0.67 10.24  91.63 90.86 90.04 
62.78 3.52 1.76 1.05  0.90 -0.58 0.37  -0.31 0.63 10.20  91.63 90.86 90.05 
62.89 3.48 2.39 1.21  0.89 -0.51 0.18  -0.43 0.63 10.32  91.52 91.04 90.03 
62.99 3.71 1.96 1.46  0.67 -0.29 0.24  -0.35 0.67 10.28  91.54 91.06 90.05 
63.09 3.07 2.19 1.16  0.85 -0.52 0.19  -0.39 0.55 10.24  91.81 90.86 90.05 
63.19 3.73 1.97 1.42  0.76 -0.56 0.29  -0.35 0.67 10.24  91.72 90.86 90.06 
63.29 3.51 2.41 1.21  0.88 -0.50 0.31  -0.43 0.63 10.24  91.73 90.86 90.03 
63.39 3.49 2.18 1.37  0.99 -0.30 0.32  -0.39 0.63 10.28  91.53 91.05 90.06 
63.50 3.98 2.43 1.54  0.73 -0.65 0.23  -0.43 0.71 10.16  91.92 90.67 90.04 
63.60 3.93 1.96 1.40  0.47 -0.65 0.29  -0.35 0.71 10.28  91.71 90.95 90.04 
63.70 4.15 2.18 1.54  0.92 -0.37 0.25  -0.39 0.75 10.28  91.63 90.77 90.05 
63.80 3.74 1.76 1.19  0.75 -0.67 0.23  -0.31 0.67 10.20  91.62 91.05 90.03 
63.90 3.52 1.98 1.17  0.88 -0.27 0.20  -0.35 0.63 10.20  91.63 90.86 90.01 
64.00 3.73 1.97 1.33  0.94 -0.67 0.32  -0.35 0.67 10.24  91.44 91.05 90.07 
64.10 3.73 1.75 1.18  0.97 -0.50 0.24  -0.31 0.67 10.24  91.43 90.95 90.03 
64.21 3.95 2.41 1.58  0.56 -0.46 0.28  -0.43 0.71 10.24  91.62 91.14 90.07 
64.31 3.51 1.75 0.88  0.71 -0.56 0.19  -0.31 0.63 10.24  91.63 90.67 90.03 
64.41 3.95 1.97 1.52  0.52 -0.83 0.23  -0.35 0.71 10.24  91.63 90.96 90.03 
64.51 3.95 1.75 1.40  0.68 -0.53 0.43  -0.31 0.71 10.24  91.63 90.86 90.04 
64.61 4.37 2.40 1.59  0.60 -0.74 0.30  -0.43 0.78 10.28  91.45 90.87 90.06 
64.71 4.15 2.18 1.40  0.78 -0.73 0.17  -0.39 0.75 10.28  91.66 90.68 90.02 
64.81 3.52 2.20 1.44  0.57 -0.66 0.38  -0.39 0.63 10.20  91.62 90.86 90.04 
64.91 4.35 1.95 1.70  0.86 -0.43 0.28  -0.35 0.78 10.32  91.54 90.96 90.04 
65.02 3.18 1.36 0.99  0.73 -0.74 0.25  -0.24 0.55 9.89  91.74 90.97 90.05 
65.12 3.54 2.43 1.40  0.60 -0.36 0.26  -0.43 0.63 10.16  91.54 90.96 90.03 
65.22 3.93 1.74 1.12  1.17 -0.56 0.32  -0.31 0.71 10.28  91.71 90.95 90.04 
65.32 3.52 1.98 1.08  0.68 -0.61 0.20  -0.35 0.63 10.20  91.82 91.05 90.04 
65.42 3.31 2.21 1.58  0.59 -0.49 0.18  -0.39 0.59 10.16  92.20 90.76 90.05 
65.52 3.98 1.99 1.38  0.56 -0.81 0.32  -0.35 0.71 10.16  91.53 90.96 90.03 
65.62 3.73 1.53 1.09  0.81 -0.63 0.33  -0.27 0.67 10.24  91.55 90.97 90.07 
65.73 3.96 2.64 1.62  0.82 -0.62 0.39  -0.47 0.71 10.20  91.72 90.86 90.06 
65.83 3.67 1.94 1.41  0.62 -0.57 0.30  -0.35 0.67 10.40  91.61 90.85 90.04 
65.93 3.77 1.77 1.34  0.53 -0.63 0.32  -0.31 0.67 10.12  91.64 90.77 90.04 
66.03 3.14 1.79 1.00  0.88 -0.48 0.36  -0.31 0.55 10.00  91.91 90.95 90.05 
66.13 3.95 1.97 1.50  0.95 -0.56 0.24  -0.35 0.71 10.24  91.73 90.77 90.05 
66.23 4.12 2.60 1.48  0.99 -0.74 0.32  -0.47 0.75 10.36  91.61 90.94 90.05 
66.33 3.51 1.75 1.40  0.77 -0.47 0.29  -0.31 0.63 10.24  91.54 90.77 90.06 
66.43 3.74 2.86 1.56  0.60 -0.84 0.35  -0.51 0.67 10.20  91.72 90.76 90.04 
66.54 3.93 1.96 1.42  0.78 -0.73 0.32  -0.35 0.71 10.28  91.52 91.04 90.05 
66.64 3.76 2.21 1.54  0.44 -0.53 0.37  -0.39 0.67 10.16  91.63 90.96 90.04 
66.74 3.74 1.76 1.25  0.98 -0.61 0.26  -0.31 0.67 10.20  91.63 90.76 90.05 
66.84 3.73 1.97 1.39  1.41 -0.25 0.22  -0.35 0.67 10.24  91.63 90.86 90.01 
66.94 3.49 1.96 1.14  0.57 -0.68 0.25  -0.35 0.63 10.28  91.72 91.15 90.08 
67.04 3.71 2.18 1.31  0.37 -0.58 0.27  -0.39 0.67 10.28  91.73 90.87 90.05 
67.14 4.07 2.44 1.56  0.85 -0.31 0.30  -0.47 0.78 11.02  91.33 90.57 90.05 
67.24 3.95 1.97 1.53  0.97 -0.74 0.21  -0.35 0.71 10.24  91.54 90.86 90.04 
67.34 3.67 1.94 1.40  0.78 -0.83 0.23  -0.35 0.67 10.40  91.52 90.85 90.02 
67.45 3.93 2.18 1.68  1.23 -0.80 0.26  -0.39 0.71 10.28  91.70 90.94 90.04 
67.55 3.73 1.75 1.53  0.77 -0.49 0.30  -0.31 0.67 10.24  91.52 90.76 90.04 
67.65 3.49 2.40 1.60  0.87 -0.48 0.21  -0.43 0.63 10.28  91.53 90.76 90.04 
67.75 3.51 2.19 1.43  1.06 -0.87 0.28  -0.39 0.63 10.24  91.64 90.67 90.06 
67.85 4.86 2.77 1.83  1.10 -0.63 0.18  -0.47 0.82 9.69  91.78 91.03 90.05 
67.95 3.71 2.40 1.32  0.97 -0.50 0.25  -0.43 0.67 10.28  91.43 90.76 90.03 
68.05 3.81 3.58 1.64  0.60 -0.57 0.31  -0.63 0.67 10.00  91.62 91.05 90.07 
68.15 10.34 -0.89 3.16  1.58 0.36 0.18  0.16 1.80 9.89  94.38 89.62 90.05 
68.26 3.14 2.91 1.42  -0.09 -0.63 0.25  -0.51 0.55 10.00  91.50 91.31 90.05 
68.36 3.08 2.42 1.03  0.79 -0.55 0.42  -0.43 0.55 10.20  91.34 91.06 90.07 
68.46 3.28 2.18 0.85  0.81 -0.39 0.16  -0.39 0.59 10.28  91.50 90.75 90.05 
68.56 3.52 1.76 1.00  0.49 -0.41 0.27  -0.31 0.63 10.20  91.54 90.87 90.04 
68.66 3.67 1.73 1.24  0.68 -0.66 0.38  -0.31 0.67 10.40  91.64 90.87 90.04 
68.76 3.73 1.97 1.37  1.00 -0.38 0.39  -0.35 0.67 10.24  91.81 90.95 90.06 
68.86 5.45 2.62 2.05  0.74 -0.86 0.34  -0.51 1.06 11.10  92.45 90.59 90.01 
68.96 4.16 2.19 1.34  0.46 -0.56 0.33  -0.39 0.75 10.24  91.55 90.77 90.03 
69.06 2.40 1.75 0.86  0.90 -0.67 0.40  -0.31 0.43 10.28  91.64 90.36 90.04 
69.17 1.74 2.38 0.63  0.55 -0.60 0.14  -0.43 0.31 10.36  91.44 91.25 90.02 
69.27 3.70 1.96 1.26  0.53 -0.58 0.34  -0.35 0.67 10.32  91.42 90.95 90.06 
69.37 3.99 1.99 1.57  0.72 -0.49 0.21  -0.35 0.71 10.12  91.91 91.15 90.05 
69.47 3.29 1.97 1.52  0.98 -0.73 0.35  -0.35 0.59 10.24  91.73 91.06 90.05 
69.57 3.07 1.97 0.93  0.74 -0.46 0.25  -0.35 0.55 10.24  91.17 91.07 90.06 
69.67 3.71 1.96 1.61  0.97 -0.49 0.22  -0.35 0.67 10.28  91.73 91.15 90.04 
69.77 3.48 1.96 1.20  0.70 -0.62 0.28  -0.35 0.63 10.32  91.53 90.86 90.03 
69.87 3.29 1.75 1.32  0.76 -0.73 0.32  -0.31 0.59 10.24  91.63 90.96 90.08 
69.97 3.93 1.96 1.54  1.07 -0.65 0.13  -0.35 0.71 10.28  91.53 90.96 90.03 
70.07 3.90 1.95 1.44  0.79 -0.40 0.22  -0.35 0.71 10.36  91.73 90.86 90.05 
70.18 3.48 1.74 1.16  0.68 -0.67 0.23  -0.31 0.63 10.32  91.41 91.13 90.04 
70.28 3.89 2.16 1.43  0.61 -0.57 0.22  -0.39 0.71 10.40  91.63 91.15 90.06 
70.38 4.24 1.79 1.39  0.46 -0.46 0.25  -0.31 0.75 10.04  91.66 90.97 90.04 
70.48 4.03 2.13 1.46  1.12 -0.60 0.24  -0.35 0.67 9.45  91.61 90.95 90.05 
70.58 2.67 2.67 1.04  0.70 -0.52 0.26  -0.47 0.47 10.08  91.66 90.59 90.04 
70.68 4.37 1.74 1.65  0.42 -0.46 0.24  -0.31 0.78 10.28  91.53 90.76 90.05 
70.78 3.78 1.78 1.15  0.31 -0.54 0.28  -0.31 0.67 10.08  91.66 90.78 90.06 
70.88 3.09 1.77 1.10  0.67 -0.61 0.25  -0.31 0.55 10.16  91.54 91.06 90.03 
70.98 3.51 2.19 1.42  0.66 -0.46 0.12  -0.39 0.63 10.24  91.82 90.86 90.03 
71.09 4.20 3.09 1.89  1.00 -0.68 0.26  -0.55 0.75 10.16  91.45 90.87 90.04 
71.19 3.73 2.19 1.36  0.69 -0.44 0.25  -0.39 0.67 10.24  91.62 90.67 90.04 
71.29 3.70 2.17 1.30  0.90 -0.47 0.13  -0.39 0.67 10.32  91.71 91.33 90.04 
71.39 3.51 2.19 1.23  1.12 -0.47 0.35  -0.39 0.63 10.24  91.63 90.86 90.06 
71.49 3.48 2.17 1.36  0.87 -0.52 0.23  -0.39 0.63 10.32  91.71 90.86 90.03 
71.59 3.52 1.76 1.11  1.02 -0.26 0.24  -0.31 0.63 10.20  91.63 91.05 90.04 
71.69 3.73 2.19 1.33  0.98 -0.37 0.27  -0.39 0.67 10.24  91.61 90.94 90.05 
71.79 3.52 1.98 1.38  0.60 -0.37 0.27  -0.35 0.63 10.20  91.53 90.67 90.03 
71.90 3.95 1.97 1.43  0.89 -0.65 0.28  -0.35 0.71 10.24  91.62 90.76 90.06 
72.00 3.49 2.18 1.35  0.95 -0.41 0.21  -0.39 0.63 10.28  91.73 90.96 90.03 
72.10 4.13 2.39 1.77  0.61 -0.71 0.27  -0.43 0.75 10.32  91.54 90.77 90.03 
72.20 4.18 1.76 1.58  0.59 -0.67 0.18  -0.31 0.75 10.20  91.44 91.06 90.04 
72.30 3.73 1.97 1.10  0.94 -0.42 0.32  -0.35 0.67 10.24  91.52 90.86 90.05 
72.40 3.71 1.75 1.09  0.66 -0.28 0.40  -0.31 0.67 10.28  91.63 90.76 90.03 
72.50 3.96 2.64 1.65  0.76 -0.39 0.33  -0.47 0.71 10.20  91.64 90.87 90.03 
72.60 3.30 1.98 0.96  0.69 -0.67 0.35  -0.35 0.59 10.20  91.51 90.76 90.03 
72.70 4.16 2.19 1.52  1.02 -0.62 0.27  -0.39 0.75 10.24  91.64 91.06 90.05 
72.81 3.71 2.18 1.21  0.91 -0.44 0.19  -0.39 0.67 10.28  91.63 91.05 90.04 
72.91 3.99 2.88 1.59  0.36 -0.67 0.39  -0.51 0.71 10.12  91.64 90.96 90.05 
73.01 3.51 2.41 1.63  0.66 -0.53 0.24  -0.43 0.63 10.24  91.54 90.96 90.04 
73.11 3.73 1.75 1.24  0.44 -0.81 0.28  -0.31 0.67 10.24  91.72 90.96 90.04 
73.21 4.32 2.15 1.70  0.94 -0.38 0.34  -0.39 0.78 10.40  91.54 90.77 90.04 
73.31 3.73 1.75 1.48  0.67 -0.72 0.38  -0.31 0.67 10.24  91.71 90.85 90.05 
73.41 3.92 1.96 1.46  0.79 -0.79 0.29  -0.35 0.71 10.32  91.64 90.97 90.05 
73.51 3.73 1.75 1.46  1.10 -0.48 0.29  -0.31 0.67 10.24  91.71 90.95 90.04 
73.62 3.71 1.75 1.18  0.78 -0.63 0.34  -0.31 0.67 10.28  91.62 90.86 90.04 
73.72 3.95 1.75 1.36  0.81 -0.33 0.29  -0.31 0.71 10.24  91.63 90.86 90.04 
73.82 3.74 1.76 1.26  0.70 -0.82 0.34  -0.31 0.67 10.20  91.63 90.77 90.06 
73.92 3.70 2.39 1.36  0.33 -0.84 0.39  -0.43 0.67 10.32  91.73 90.86 90.07 
74.02 2.89 -1.20 0.05  0.44 -1.02 0.41  0.20 0.47 9.34  91.11 92.11 90.05 
74.12 5.51 4.83 2.91  1.06 -0.66 0.18  -0.86 0.98 10.16  91.47 90.59 90.05 
74.22 10.28 -0.24 3.40  1.09 -0.72 0.26  0.04 1.69 9.30  91.47 91.84 90.07 
74.32 3.93 2.83 1.72  0.32 -0.83 0.37  -0.51 0.71 10.28  91.63 90.86 90.04 
74.43 3.30 1.98 1.15  0.43 -0.69 0.15  -0.35 0.59 10.20  91.51 90.94 90.05 
74.53 3.28 1.75 1.16  0.94 -0.22 0.11  -0.31 0.59 10.28  91.62 90.95 90.05 
74.63 3.47 2.38 1.86  1.23 -0.33 0.22  -0.43 0.63 10.36  91.53 90.76 90.05 
74.73 3.95 1.75 1.13  1.25 -0.68 0.25  -0.31 0.71 10.24  91.63 90.67 90.04 
74.83 3.30 1.76 1.01  0.55 -0.65 0.26  -0.31 0.59 10.20  91.53 90.96 90.04 
74.93 3.76 2.43 1.54  0.61 -0.69 0.18  -0.43 0.67 10.16  91.64 91.06 90.05 
75.03 3.52 1.98 1.18  0.80 -0.60 0.25  -0.35 0.63 10.20  91.54 90.96 90.06 
75.14 3.49 1.75 1.41  0.84 -0.72 0.30  -0.31 0.63 10.28  91.73 90.87 90.05 
75.24 3.73 1.97 1.41  0.59 -0.58 0.33  -0.35 0.67 10.24  91.54 91.06 90.05 
75.34 3.98 2.21 1.10  0.73 -0.35 0.27  -0.39 0.71 10.16  91.63 91.05 90.04 
75.44 3.48 1.96 1.37  0.82 -0.47 0.39  -0.35 0.63 10.32  91.64 90.68 90.05 
75.54 3.68 2.16 1.08  0.67 -0.47 0.14  -0.39 0.67 10.36  91.61 91.04 90.04 
75.64 3.93 1.96 1.53  0.88 -0.73 0.24  -0.35 0.71 10.28  91.62 90.86 90.06 
75.74 3.54 1.77 1.28  0.83 -0.53 0.28  -0.31 0.63 10.16  91.62 90.76 90.05 
75.85 3.73 2.19 1.32  0.38 -0.60 0.26  -0.39 0.67 10.24  91.52 90.67 90.02 
75.95 3.70 1.96 1.07  0.82 -0.52 0.38  -0.35 0.67 10.32  91.63 90.86 90.05 
76.05 3.73 1.75 1.27  0.60 -0.27 0.45  -0.31 0.67 10.24  91.52 90.95 90.04 
76.15 3.52 1.76 1.04  0.89 -0.35 0.27  -0.31 0.63 10.20  91.63 90.96 90.04 
76.25 3.74 2.64 1.94  0.44 -0.77 0.23  -0.47 0.67 10.20  91.71 90.95 90.03 
76.35 3.73 2.19 1.44  0.67 -0.75 0.25  -0.39 0.67 10.24  91.72 90.96 90.05 
76.45 3.96 2.20 1.72  0.78 -0.53 0.32  -0.39 0.71 10.20  91.53 90.96 90.04 
76.55 3.74 2.42 1.43  0.81 -0.83 0.34  -0.43 0.67 10.20  91.70 90.94 90.05 
76.66 3.71 1.75 1.31  0.69 -0.41 0.19  -0.31 0.67 10.28  91.54 90.96 90.03 
76.76 3.54 2.21 1.11  0.64 -0.21 0.31  -0.39 0.63 10.16  91.52 91.04 90.05 
76.86 3.49 2.40 1.41  0.78 -0.48 0.20  -0.43 0.63 10.28  91.73 90.77 90.06 
76.96 3.95 1.97 1.63  0.67 -0.61 0.37  -0.35 0.71 10.24  91.63 90.96 90.04 
77.06 3.93 2.40 1.74  0.84 -0.48 0.32  -0.43 0.71 10.28  91.63 90.77 90.06 
77.16 3.48 2.17 1.33  0.89 -0.72 0.32  -0.39 0.63 10.32  91.71 91.04 90.05 
77.26 3.77 1.99 1.26  0.57 -0.69 0.29  -0.35 0.67 10.12  91.61 91.14 90.06 
77.36 3.73 1.97 1.29  0.81 -0.65 0.11  -0.35 0.67 10.24  91.63 90.86 90.02 
77.47 3.93 2.18 1.34  0.74 -0.56 0.24  -0.39 0.71 10.28  91.62 90.76 90.04 
77.57 3.68 2.16 1.51  0.54 -0.60 0.34  -0.39 0.67 10.36  91.52 90.86 90.04 
77.67 3.98 2.21 1.53  0.76 -0.46 0.27  -0.39 0.71 10.16  91.70 90.94 90.05 
77.77 3.73 1.97 1.19  0.85 -0.84 0.25  -0.35 0.67 10.24  91.82 90.86 90.04 
77.87 4.23 2.44 1.49  0.78 -0.67 0.29  -0.43 0.75 10.08  91.73 90.77 90.04 
77.97 3.70 2.17 1.33  0.52 -0.74 0.35  -0.39 0.67 10.32  91.73 91.05 90.07 
78.08 3.96 1.98 1.36  0.48 -0.78 0.20  -0.35 0.71 10.20  91.62 90.95 90.03 
78.18 3.95 2.19 1.40  0.53 -0.57 0.40  -0.39 0.71 10.24  91.72 90.86 90.06 
78.28 4.38 1.53 1.55  0.94 -0.45 0.15  -0.27 0.78 10.24  91.72 90.96 90.03 
78.38 3.93 2.40 1.69  0.74 -0.57 0.34  -0.43 0.71 10.28  91.61 90.76 90.06 
78.48 3.93 1.96 1.50  0.85 -0.58 0.23  -0.35 0.71 10.28  91.52 90.76 90.04 
78.58 3.30 1.98 0.90  0.67 -0.45 0.11  -0.35 0.59 10.20  91.61 90.76 90.05 
78.68 3.48 1.96 1.14  0.98 -0.20 0.20  -0.35 0.63 10.32  91.52 90.95 90.04 
78.78 3.49 2.18 1.00  0.43 -0.67 0.36  -0.39 0.63 10.28  91.61 90.94 90.04 
78.88 3.30 1.98 1.23  0.53 -0.53 0.44  -0.35 0.59 10.20  91.64 90.96 90.05 
78.99 3.48 1.96 1.29  1.07 -0.61 0.24  -0.35 0.63 10.32  91.54 90.96 90.05 
79.09 3.98 1.76 1.12  0.67 -0.64 0.31  -0.31 0.71 10.16  91.73 90.77 90.03 
79.19 3.29 1.97 1.34  0.95 -0.60 0.31  -0.35 0.59 10.24  91.44 90.86 90.05 
79.29 4.53 3.44 2.06  1.01 -0.38 0.33  -0.63 0.82 10.40  91.72 90.86 90.06 
79.39 3.52 1.98 1.37  0.74 -0.55 0.35  -0.35 0.63 10.20  91.64 90.67 90.07 
79.49 3.77 2.44 1.41  0.74 -0.46 0.26  -0.43 0.67 10.12  91.61 90.95 90.06 
79.59 4.15 2.40 1.49  0.90 -0.63 0.21  -0.43 0.75 10.28  91.73 90.96 90.03 
79.70 4.15 1.96 1.46  0.86 -0.52 0.32  -0.35 0.75 10.28  91.81 90.86 90.06 
79.80 3.68 2.38 1.59  0.80 -0.62 0.18  -0.43 0.67 10.36  91.61 91.04 90.03 
79.90 3.92 2.17 1.63  0.95 -0.55 0.32  -0.39 0.71 10.32  91.62 90.86 90.05 
80.02 3.51 2.41 1.26  0.88 -0.58 0.29  -0.43 0.63 10.24  91.53 91.05 90.05 
80.15 2.65 1.99 1.01  0.66 -0.59 0.35  -0.35 0.47 10.16  91.16 90.87 90.06 
80.28 3.98 2.21 1.47  0.62 -0.49 0.30  -0.39 0.71 10.16  91.73 90.96 90.05 
80.41 4.21 2.43 1.66  0.82 -0.47 0.42  -0.43 0.75 10.12  91.84 91.06 90.07 
80.51 3.52 1.76 1.16  0.68 -0.76 0.27  -0.31 0.63 10.20  91.63 91.05 90.05 
80.61 3.95 1.97 1.42  0.74 -0.32 0.21  -0.35 0.71 10.24  91.53 90.86 90.05 
80.71 4.15 2.18 1.55  0.89 -0.44 0.31  -0.39 0.75 10.28  91.73 90.96 90.04 
80.82 3.95 2.19 1.19  0.81 -0.65 0.24  -0.39 0.71 10.24  91.52 90.95 90.05 
80.92 3.96 2.20 1.46  0.50 -0.45 0.36  -0.39 0.71 10.20  91.72 90.86 90.07 
81.02 3.71 2.40 1.44  1.04 -0.51 0.18  -0.43 0.67 10.28  91.52 90.86 90.03 
81.12 3.51 1.97 1.19  0.80 -0.46 0.30  -0.35 0.63 10.24  91.62 91.05 90.03 
81.22 3.74 2.20 1.58  0.95 -0.43 0.16  -0.39 0.67 10.20  91.53 90.76 90.05 
81.32 4.20 1.98 1.46  0.86 -0.69 0.30  -0.35 0.75 10.16  91.72 90.67 90.04 
81.42 3.74 1.98 1.32  0.66 -0.54 0.28  -0.35 0.67 10.20  91.63 90.86 90.04 
81.52 3.30 1.76 1.19  0.94 -0.39 0.32  -0.31 0.59 10.20  91.73 90.96 90.05 
81.63 3.95 1.97 1.40  0.88 -0.42 0.25  -0.35 0.71 10.24  91.63 90.86 90.05 
81.73 3.70 2.17 1.53  0.94 -0.62 0.27  -0.39 0.67 10.32  91.75 90.97 90.05 
81.83 3.51 2.63 1.50  1.24 -0.25 0.26  -0.47 0.63 10.24  91.90 90.95 90.04 
81.93 3.96 2.20 1.26  0.36 -0.41 0.27  -0.39 0.71 10.20  91.72 91.15 90.03 
82.03 3.51 2.63 1.41  0.34 -0.75 0.37  -0.47 0.63 10.24  91.42 90.95 90.04 
82.13 3.76 2.43 1.32  1.16 -0.32 0.25  -0.43 0.67 10.16  91.44 90.86 90.04 
82.23 3.29 2.41 1.27  0.69 -0.60 0.22  -0.43 0.59 10.24  91.34 90.86 90.05 
82.33 3.08 1.76 1.37  0.59 -0.38 0.32  -0.31 0.55 10.20  91.63 90.86 90.05 
82.43 4.40 1.76 1.52  1.74 -0.52 0.24  -0.31 0.78 10.20  91.61 91.04 90.04 
82.54 3.28 1.96 1.10  0.64 -0.48 0.22  -0.35 0.59 10.28  91.63 90.86 90.05 
82.64 3.73 1.75 1.07  0.88 -0.67 0.32  -0.31 0.67 10.24  91.74 91.06 90.05 
82.74 4.13 2.17 1.90  0.72 -0.57 0.21  -0.39 0.75 10.32  91.71 91.24 90.04 
82.84 3.70 2.39 1.59  0.49 -0.70 0.38  -0.43 0.67 10.32  92.20 91.10 90.05 
82.94 3.51 1.97 1.32  0.43 -0.45 0.31  -0.35 0.63 10.24  91.82 90.95 90.06 
83.04 3.92 2.61 1.78  0.43 -0.27 0.38  -0.47 0.71 10.32  91.71 90.95 90.06 
83.14 3.73 2.19 1.42  0.40 -0.36 0.22  -0.39 0.67 10.24  91.72 90.96 90.06 
83.24 3.95 1.97 1.47  0.58 -0.77 0.25  -0.35 0.71 10.24  91.53 90.86 90.05 
83.34 3.95 1.75 1.24  1.04 -0.53 0.23  -0.31 0.71 10.24  91.62 90.95 90.05 
83.45 3.76 1.99 1.47  0.99 -0.52 0.25  -0.35 0.67 10.16  91.81 90.95 90.04 
83.55 3.73 1.75 1.44  0.62 -0.20 0.13  -0.31 0.67 10.24  91.64 90.87 90.03 
83.65 3.74 2.42 1.71  0.76 -0.53 0.33  -0.43 0.67 10.20  91.53 91.05 90.05 
83.75 3.95 2.41 1.81  0.88 -0.21 0.23  -0.43 0.71 10.24  91.63 90.86 90.03 
83.85 3.77 1.99 1.34  0.60 -0.61 0.39  -0.35 0.67 10.12  91.73 90.77 90.06 
83.95 3.51 2.19 1.23  0.89 -0.51 0.26  -0.39 0.63 10.24  91.71 90.76 90.03 
84.05 3.71 1.96 1.16  0.91 -0.73 0.28  -0.35 0.67 10.28  91.73 90.77 90.04 
84.16 3.26 2.39 1.26  1.03 -0.41 0.24  -0.43 0.59 10.32  91.71 90.95 90.05 
84.26 3.73 1.97 1.34  0.74 -0.81 0.27  -0.35 0.67 10.24  91.63 90.96 90.05 
84.36 3.93 1.96 1.24  0.60 -0.49 0.27  -0.35 0.71 10.28  91.70 91.04 90.05 
84.46 3.49 2.18 1.50  0.83 -0.59 0.29  -0.39 0.63 10.28  91.34 90.76 90.06 
84.56 3.74 2.20 1.23  1.02 -0.50 0.33  -0.39 0.67 10.20  91.72 91.05 90.04 
84.66 4.15 2.18 1.53  0.72 -0.57 0.26  -0.39 0.75 10.28  91.44 90.86 90.05 
84.76 3.52 1.98 1.39  0.65 -0.53 0.24  -0.35 0.63 10.20  91.54 90.86 90.04 
84.86 3.70 2.17 1.41  0.72 -0.46 0.25  -0.39 0.67 10.32  91.80 90.66 90.06 
84.96 3.73 2.19 1.12  0.80 -0.74 0.20  -0.39 0.67 10.24  91.64 90.67 90.05 
85.06 3.93 2.62 1.51  0.81 -0.45 0.26  -0.47 0.71 10.28  91.73 90.77 90.03 
85.17 3.74 2.20 1.72  0.67 -0.57 0.30  -0.39 0.67 10.20  91.62 91.05 90.03 
85.27 3.96 2.42 1.21  1.01 -0.31 0.26  -0.43 0.71 10.20  91.44 90.86 90.04 
85.37 3.55 2.22 1.33  0.68 -0.39 0.23  -0.39 0.63 10.12  91.63 90.86 90.04 
85.47 3.67 2.37 1.36  1.06 -0.42 0.39  -0.43 0.67 10.40  91.63 90.86 90.05 
85.57 3.30 1.98 1.02  0.83 -0.56 0.36  -0.35 0.59 10.20  91.82 90.96 90.05 
85.67 3.74 1.98 1.22  1.14 -0.21 0.24  -0.35 0.67 10.20  91.64 90.77 90.05 
85.78 3.49 1.75 1.25  0.56 -0.68 0.39  -0.31 0.63 10.28  91.52 90.76 90.07 
85.88 3.47 1.73 0.86  0.56 -0.70 0.27  -0.31 0.63 10.36  91.72 90.76 90.05 
85.98 3.96 2.42 1.36  0.51 -0.58 0.32  -0.43 0.71 10.20  91.62 91.05 90.04 
86.08 3.49 1.96 0.99  0.56 -0.46 0.30  -0.35 0.63 10.28  91.71 91.05 90.05 
86.18 3.95 2.19 1.42  0.36 -0.54 0.34  -0.39 0.71 10.24  91.61 90.85 90.06 
86.28 3.95 2.41 1.66  0.87 -0.39 0.41  -0.43 0.71 10.24  91.62 90.86 90.04 
86.38 3.48 2.39 1.06  0.53 -0.37 0.33  -0.43 0.63 10.32  91.82 90.96 90.04 
86.48 4.15 1.74 1.34  0.93 -0.61 0.36  -0.31 0.75 10.28  91.90 90.95 90.04 
86.58 3.74 2.42 1.22  0.36 -0.45 0.31  -0.43 0.67 10.20  91.63 91.05 90.05 
86.69 4.20 2.43 1.57  0.87 -0.74 0.30  -0.43 0.75 10.16  91.63 90.86 90.06 
86.79 3.26 1.96 1.25  0.70 -0.67 0.30  -0.35 0.59 10.32  91.72 90.86 90.06 
86.89 3.73 2.41 1.23  0.98 -0.49 0.28  -0.43 0.67 10.24  91.52 90.95 90.04 
86.99 4.64 2.20 1.65  0.89 -0.07 0.29  -0.39 0.82 10.16  92.27 91.23 90.03 
87.09 3.96 1.98 1.10  0.88 -0.73 0.37  -0.35 0.71 10.20  91.63 90.77 90.07 
87.19 2.81 2.81 1.32  0.85 -0.49 0.20  -0.51 0.51 10.40  91.90 90.81 90.04 
87.29 4.13 1.95 1.76  0.55 -0.47 0.25  -0.35 0.75 10.32  91.61 91.14 90.05 
87.39 3.73 1.97 1.29  0.59 -0.58 0.27  -0.35 0.67 10.24  91.55 90.97 90.02 
87.50 4.16 1.97 1.43  0.47 -0.60 0.25  -0.35 0.75 10.24  91.63 90.96 90.05 
87.60 3.49 2.18 1.57  0.63 -0.40 0.30  -0.39 0.63 10.28  91.55 90.68 90.03 
87.70 3.71 1.96 1.23  0.78 -0.75 0.15  -0.35 0.67 10.28  91.69 90.84 90.04 
87.80 3.74 2.20 1.67  1.07 -0.75 0.30  -0.39 0.67 10.20  91.45 91.16 90.06 
87.90 4.58 2.18 1.79  0.74 -0.71 0.32  -0.39 0.82 10.28  91.70 90.94 90.06 
88.00 3.28 2.18 0.97  0.91 -0.42 0.25  -0.39 0.59 10.28  91.61 91.23 90.03 
88.10 4.62 1.98 1.36  0.82 -0.51 0.22  -0.35 0.82 10.20  91.71 90.95 90.03 
88.20 3.48 2.17 1.29  0.97 -0.44 0.25  -0.39 0.63 10.32  91.63 90.77 90.04 
88.31 3.51 2.19 1.28  0.67 -0.76 0.25  -0.39 0.63 10.24  91.73 90.67 90.03 
88.41 3.73 1.97 1.20  0.53 -0.73 0.30  -0.35 0.67 10.24  91.53 90.86 90.06 
88.51 3.73 1.97 1.12  1.06 -0.53 0.29  -0.35 0.67 10.24  91.71 90.76 90.05 
88.61 3.71 1.53 1.04  0.69 -0.46 0.36  -0.27 0.67 10.28  91.72 91.05 90.06 
88.71 4.16 1.75 1.42  0.83 -0.53 0.15  -0.31 0.75 10.24  91.61 90.95 90.02 
88.81 4.23 2.22 1.37  1.21 -0.47 0.24  -0.39 0.75 10.08  91.71 90.76 90.06 
88.91 3.29 2.19 1.14  0.79 -0.62 0.18  -0.39 0.59 10.24  91.71 90.86 90.04 
89.01 3.49 2.18 0.99  0.88 -0.50 0.25  -0.39 0.63 10.28  91.53 90.86 90.04 
89.11 3.76 2.21 1.40  0.80 -0.29 0.29  -0.39 0.67 10.16  91.44 90.86 90.05 
89.22 3.78 2.22 1.15  0.86 -0.46 0.30  -0.39 0.67 10.08  91.51 90.94 90.06 
89.32 3.52 1.98 0.76  0.30 -0.39 0.32  -0.35 0.63 10.20  91.63 90.86 90.03 
89.42 3.68 2.38 1.13  0.74 -0.50 0.35  -0.43 0.67 10.36  91.73 90.96 90.06 
89.52 3.48 2.17 1.00  0.60 -0.35 0.33  -0.39 0.63 10.32  91.42 90.94 90.04 
89.62 3.73 1.53 1.12  0.46 -0.70 0.33  -0.27 0.67 10.24  91.72 90.96 90.04 
89.72 3.54 1.99 1.60  0.29 -0.61 0.25  -0.35 0.63 10.16  91.80 90.85 90.04 
89.82 3.67 2.16 1.18  0.76 -0.54 0.29  -0.39 0.67 10.40  91.71 91.24 90.06 
89.92 3.29 1.75 1.03  0.46 -0.60 0.26  -0.31 0.59 10.24  91.52 91.04 90.04 
90.02 3.76 1.99 1.65  1.00 -0.49 0.11  -0.35 0.67 10.16  91.62 90.86 90.02 
90.13 3.73 1.97 1.16  0.77 -0.35 0.32  -0.35 0.67 10.24  91.73 90.86 90.05 
90.23 3.51 1.97 1.54  1.10 -0.67 0.27  -0.35 0.63 10.24  91.52 90.95 90.06 
90.33 3.96 2.20 1.46  0.72 -0.65 0.16  -0.39 0.71 10.20  91.63 91.05 90.03 
90.43 3.95 2.19 1.38  0.76 -0.31 0.17  -0.39 0.71 10.24  91.61 90.76 90.05 
90.53 3.49 2.40 1.28  0.90 -0.55 0.39  -0.43 0.63 10.28  91.82 90.86 90.07 
90.63 3.71 1.96 1.10  0.54 -0.33 0.16  -0.35 0.67 10.28  91.42 91.04 90.04 
90.73 3.52 1.98 1.28  0.75 -0.49 0.46  -0.35 0.63 10.20  91.43 90.86 90.05 
90.83 3.71 2.62 1.35  0.64 -0.29 0.23  -0.47 0.67 10.28  91.71 91.14 90.02 
90.94 12.51 2.76 5.44  1.73 -0.47 0.14  -0.55 2.47 11.14  90.88 90.88 90.04 
91.04 2.96 1.82 1.00  0.95 -0.15 -0.84  -0.31 0.51 9.85  90.40 90.30 89.85 
91.14 4.15 2.62 1.50  1.41 -0.96 0.32  -0.47 0.75 10.28  92.80 90.56 90.03 
91.24 4.20 0.00 0.47  1.17 -0.39 0.37  0.00 0.71 9.61  91.77 91.18 90.05 
91.34 3.67 3.02 1.38  0.60 0.26 0.31  -0.55 0.67 10.40  91.12 90.93 90.07 
91.44 3.09 1.99 1.26  0.26 -0.17 -0.53  -0.35 0.55 10.16  91.34 90.76 89.90 
91.54 0.68 2.05 -0.29  -0.92 -3.73 -0.63  -0.35 0.12 9.89  91.60 91.13 89.89 
91.65 4.15 1.96 0.97  0.10 -2.00 -0.78  -0.35 0.75 10.28  91.50 90.93 89.93 
91.75 3.49 1.96 0.67  -0.22 -1.18 0.32  -0.35 0.63 10.28  91.44 90.58 90.06 
91.85 6.64 1.72 2.17  -1.58 -3.74 0.36  -0.27 1.06 9.10  91.32 90.57 90.09 
91.95 3.15 0.45 0.65  -0.39 -1.98 0.62  -0.08 0.55 9.96  91.94 89.90 90.12 
92.05 3.44 1.50 1.20  -0.76 -3.88 0.44  -0.27 0.63 10.43  91.11 90.93 90.07 
92.15 2.69 0.62 0.50  -0.33 -3.88 0.63  -0.12 0.51 10.87  91.66 90.09 90.07 
92.25 3.19 -1.14 0.43  0.11 -3.01 0.90  0.20 0.55 9.85  91.23 89.08 90.16 
92.35 3.54 -0.22 0.86  0.63 0.96 0.54  0.04 0.63 10.16  91.20 90.00 90.08 
92.45 2.85 0.00 1.07  0.39 -3.35 1.82  0.00 0.51 10.24  91.24 90.29 90.27 
92.55 2.43 0.22 1.56  -0.29 -5.56 1.48  -0.04 0.43 10.16  90.96 90.19 90.26 
92.66 2.19 -2.19 0.52  1.58 -10.98 1.55  0.39 0.39 10.24  90.84 88.98 90.37 
92.76 2.91 -3.13 1.19  3.07 -8.24 1.37  0.55 0.51 10.04  91.24 88.85 90.24 
92.86 2.22 -3.77 0.79  0.88 0.39 0.78  0.67 0.39 10.12  91.28 88.42 90.21 
92.96 2.86 -1.76 1.70  2.00 0.78 0.52  0.31 0.51 10.20  91.45 89.13 90.07 
93.06 3.29 -2.41 1.73  -1.12 -4.38 3.32  0.43 0.59 10.24  91.14 88.87 90.58 
93.16 3.98 -2.21 2.39  3.57 -7.73 1.46  0.39 0.71 10.16  91.35 88.84 90.24 
93.26 4.02 -3.57 2.36  3.82 -7.97 0.85  0.63 0.71 10.04  91.54 88.36 90.21 
93.36 3.18 -5.66 1.80  2.09 -6.27 0.66  0.98 0.55 9.89  91.48 87.74 90.15 
93.46 3.83 -4.27 2.62  -0.45 1.09 0.12  0.75 0.67 9.96  91.77 88.33 90.01 
93.56 3.49 -4.57 2.15  0.52 0.44 0.25  0.82 0.63 10.28  91.73 88.09 90.04 
93.67 3.51 -4.37 2.30  1.84 1.35 0.18  0.78 0.63 10.24  91.42 88.11 90.02 
93.77 3.56 -4.00 2.18  0.53 7.44 -0.23  0.71 0.63 10.08  91.29 88.32 89.97 
93.87 2.79 -2.78 2.46  -0.62 8.18 -0.48  0.51 0.51 10.47  91.50 88.87 89.91 
93.97 3.24 -1.73 2.16  1.43 6.83 -0.72  0.31 0.59 10.40  91.32 89.15 89.88 
94.07 4.58 -1.09 2.42  4.97 4.51 -1.54  0.20 0.82 10.28  91.14 88.86 89.73 
94.17 4.98 -0.22 2.43  2.00 3.14 3.18  0.04 0.90 10.36  91.82 89.90 90.60 
94.27 4.53 0.65 2.40  -0.02 0.56 1.95  -0.12 0.82 10.40  92.09 90.19 90.36 
94.38 3.95 -0.66 2.22  -0.94 0.09 0.64  0.12 0.71 10.24  92.28 90.29 90.17 
94.48 3.42 -1.28 2.00  -1.30 1.42 -1.04  0.24 0.63 10.51  91.83 89.33 89.84 
94.58 1.54 0.22 1.21  -1.93 9.61 -2.07  -0.04 0.27 10.24  91.30 89.91 89.58 
94.68 3.49 0.23 1.05  -0.13 14.44 -1.67  -0.04 0.59 9.65  91.23 91.14 89.60 
94.78 2.88 2.66 1.51  -2.56 8.08 0.32  -0.47 0.51 10.12  91.87 91.47 89.95 
94.88 2.85 4.81 1.46  1.35 3.12 0.52  -0.86 0.51 10.24  92.03 92.46 90.00 
94.98 2.74 4.83 1.59  1.93 3.97 0.94  -0.90 0.51 10.67  91.19 92.11 90.11 
95.09 1.54 6.14 1.32  0.55 -5.98 0.38  -1.10 0.27 10.20  91.42 92.08 90.05 
95.19 1.76 3.72 1.10  2.34 -17.22 2.26  -0.67 0.31 10.24  91.08 92.51 90.35 
95.29 3.71 2.62 2.51  2.55 -15.58 2.18  -0.47 0.67 10.28  91.41 91.13 90.41 
95.39 5.08 0.21 2.46  4.74 -5.91 1.09  -0.04 0.94 10.59  91.57 90.46 90.44 
95.49 3.24 -0.65 1.44  7.92 -6.33 0.28  0.12 0.59 10.40  91.37 89.91 90.07 
95.59 5.71 -0.22 2.17  11.65 -7.11 -1.60  0.04 1.02 10.20  91.90 89.90 89.76 
95.69 6.52 1.16 2.76  6.55 -2.79 -1.74  -0.20 1.10 9.61  92.84 90.51 89.70 
95.79 5.99 -0.21 1.74  1.98 -0.69 -0.26  0.04 1.10 10.47  92.48 89.82 89.95 
95.89 6.53 0.65 2.02  4.49 -4.24 0.28  -0.12 1.18 10.28  92.87 89.81 89.99 
96.00 6.75 -2.60 1.06  6.58 -0.42 0.32  0.47 1.22 10.28  93.16 89.52 89.99 
96.10 7.74 -2.50 1.09  9.47 -1.38 -0.21  0.43 1.33 9.81  93.56 89.14 89.96 
96.20 9.00 -0.94 1.51  3.54 0.18 -1.01  0.16 1.49 9.41  93.84 89.79 89.78 
96.30 8.03 -0.91 1.29  -5.04 0.88 0.41  0.16 1.37 9.73  93.93 90.00 90.02 
96.40 7.71 -1.81 1.12  -11.99 -7.28 1.55  0.31 1.33 9.85  93.29 89.20 90.25 
96.50 4.99 -4.76 0.61  -9.73 -9.44 2.85  0.90 0.94 10.79  91.49 88.42 90.51 
96.60 4.68 -2.53 1.57  -9.19 -1.44 0.59  0.51 0.94 11.49  92.17 88.35 90.14 
96.70 4.12 -4.79 1.29  -9.98 -6.07 1.30  0.82 0.71 9.81  91.93 88.17 90.20 
96.80 3.09 -4.31 1.50  -4.72 -9.02 0.02  0.82 0.59 10.90  91.47 88.26 89.98 
96.91 4.23 -4.66 2.20  3.73 -15.39 0.73  0.82 0.75 10.08  92.03 87.69 90.05 
97.01 6.31 -6.97 2.60  2.17 -10.43 0.36  1.18 1.06 9.57  91.59 87.03 90.11 
97.11 3.34 -7.74 2.12  -1.07 -4.12 0.53  1.37 0.59 10.08  91.64 86.54 90.09 
97.21 3.13 -9.30 1.48  1.79 -10.26 0.01  1.65 0.55 10.04  91.16 85.99 90.02 
97.31 4.64 -9.19 2.02  -0.49 6.64 -0.79  1.49 0.75 9.18  92.05 86.04 89.85 
97.41 4.76 -6.40 2.42  -0.19 22.39 1.64  1.06 0.78 9.41  91.42 86.98 90.12 
97.51 2.38 -4.74 1.96  0.46 21.68 2.36  0.86 0.43 10.40  91.03 87.75 90.53 
97.62 2.55 -3.40 1.67  -0.78 17.12 2.21  0.63 0.47 10.55  91.49 88.98 90.40 
97.72 0.86 -2.14 1.39  0.14 11.93 0.20  0.39 0.16 10.47  90.47 88.88 90.10 
97.82 3.95 -2.71 1.33  4.00 4.03 0.05  0.43 0.63 9.10  92.68 90.29 89.78 
97.92 1.42 0.81 1.64  1.23 2.63 0.47  -0.16 0.27 11.10  90.83 91.07 90.03 
98.02 3.01 1.08 1.91  3.75 4.60 1.48  -0.20 0.55 10.43  90.66 89.91 90.23 
98.12 3.77 1.55 2.36  3.12 7.47 3.68  -0.27 0.67 10.12  91.12 91.03 90.61 
98.22 5.17 0.65 2.47  13.75 -10.56 -0.45  -0.12 0.94 10.40  91.95 90.00 90.00 
98.33 7.32 0.00 3.06  11.55 -9.03 -0.56  0.00 1.26 9.77  93.04 90.39 89.89 
98.43 8.31 -1.06 2.72  7.51 0.97 -1.08  0.20 1.53 10.47  93.24 89.43 89.85 
98.53 7.67 -0.87 2.24  10.54 -2.95 -1.73  0.16 1.37 10.20  93.37 89.90 89.63 
98.63 9.05 0.23 2.15  6.41 -2.74 -0.87  -0.04 1.57 9.85  94.19 89.90 89.84 
98.73 9.53 -1.32 1.63  4.49 -3.47 0.48  0.24 1.69 10.04  94.22 89.62 90.09 
98.83 11.17 0.00 2.59  -3.04 7.27 0.83  0.00 1.88 9.53  94.77 89.79 90.10 
98.93 5.63 0.60 0.92  -11.10 17.53 1.86  -0.12 1.10 11.14  92.74 90.19 90.32 
99.04 7.74 1.07 2.17  -8.02 14.62 2.56  -0.20 1.41 10.40  92.86 90.83 90.45 
99.14 6.85 3.96 2.66  -5.29 12.02 0.32  -0.71 1.22 10.12  92.68 91.24 90.14 
99.24 7.67 3.71 2.52  -12.79 23.45 0.74  -0.67 1.37 10.20  93.03 92.26 90.05 
99.34 -1.65 2.75 -1.32  -10.82 21.54 0.42  -0.39 -0.24 8.16  91.20 93.58 89.93 
99.44 4.48 4.47 1.71  -10.35 -5.05 0.55  -0.67 0.67 8.51  91.84 90.52 90.15 
99.54 4.91 9.50 3.53  2.77 -7.15 -0.48  -1.69 0.86 10.04  92.00 93.66 89.81 
99.64 2.34 12.36 2.93  2.75 -23.79 2.12  -2.31 0.43 10.55  91.80 93.86 90.40 
99.75 -7.33 -5.87 -3.35  0.22 -53.40 2.23  1.14 -1.41 10.98  90.64 91.45 90.25 
99.85 1.85 1.62 2.58  1.02 -16.80 -1.50  -0.27 0.31 9.73  92.01 90.37 89.82 
99.95 4.37 0.40 2.90  -2.43 2.28 0.14  -0.08 0.86 11.30  91.24 89.73 89.98 
100.05 4.09 -1.36 2.40  -0.32 0.03 0.47  0.24 0.71 9.89  91.70 89.50 90.08 
100.15 3.58 -2.10 1.95  0.95 9.72 -0.22  0.39 0.67 10.67  91.89 88.74 90.04 
100.25 3.05 0.65 2.11  0.65 5.50 0.31  -0.12 0.55 10.32  91.16 89.90 90.11 
100.35 4.84 4.82 3.39  0.85 4.40 1.75  -0.82 0.82 9.73  92.09 90.61 90.21 
100.45 -5.00 3.24 0.33  6.16 -3.75 1.76  -0.94 -1.45 16.59  89.05 92.74 90.21 
100.55 5.23 4.78 4.03  0.85 0.58 0.14  -0.86 0.94 10.28  90.19 89.71 90.07 
100.66 4.55 2.59 3.28  0.26 -2.35 0.17  -0.47 0.82 10.36  91.90 91.23 90.02 
100.76 3.05 3.48 2.89  1.24 1.44 0.00  -0.63 0.55 10.32  92.65 91.27 90.01 
100.86 5.27 2.85 3.50  0.74 -1.09 0.34  -0.51 0.94 10.20  91.49 91.58 90.04 
100.96 3.59 2.11 2.67  0.28 -0.60 0.39  -0.39 0.67 10.63  91.10 91.10 90.06 
101.06 4.07 3.63 3.43  0.43 -1.30 0.24  -0.67 0.75 10.47  91.34 90.86 90.04 
101.16 5.33 2.55 3.34  1.12 0.06 0.22  -0.47 0.98 10.51  90.19 91.03 90.04 
101.26 2.00 1.77 1.58  0.10 -1.80 0.45  -0.31 0.35 10.12  92.67 90.99 90.07 
101.36 2.85 2.85 2.54  0.88 0.46 0.16  -0.51 0.51 10.24  91.66 90.68 90.02 
101.47 7.22 -0.99 3.08  1.38 0.84 0.16  0.16 1.14 8.98  91.47 90.73 90.05 
101.57 2.95 2.10 2.52  0.43 -1.77 0.46  -0.39 0.55 10.67  92.03 91.06 90.08 
101.67 2.31 3.56 2.46  1.23 -3.38 1.23  -0.67 0.43 10.71  91.54 91.34 90.14 
101.77 3.52 0.22 2.55  0.96 -0.20 8.28  -0.04 0.63 10.20  91.25 90.00 91.53 
101.90 13.74 -1.65 6.56  -0.28 -56.80 -14.09  0.16 1.29 5.30  95.99 89.28 87.54 
102.02 12.15 -1.00 3.86  2.30 11.97 -7.74  0.16 1.88 8.75  95.30 89.56 88.65 
102.15 9.18 -0.85 2.36  49.69 15.81 18.89  0.16 1.69 10.43  94.01 89.63 93.30 
102.28 5.71 12.72 1.81  52.00 -7.69 -11.28  -2.31 1.02 10.20  92.49 95.55 88.03 
102.38 15.78 2.99 0.91  79.46 18.15 11.43  -0.59 3.06 10.83  100.20 91.23 93.40 
102.48 32.86 0.23 1.84  55.63 -2.11 2.70  -0.04 5.30 8.20  102.68 90.49 91.28 
102.59 31.71 0.00 -0.99  35.57 2.49 7.89  0.00 5.45 8.83  102.57 89.81 91.97 
102.69 40.00 -2.86 0.95  -8.16 -6.97 4.10  0.51 6.55 7.81  105.12 88.77 91.41 
102.79 32.05 2.11 2.44  -107.53 -30.72 0.67  -0.39 5.65 9.02  102.85 89.64 90.60 
102.89 24.11 -1.67 2.18  -150.01 -44.35 0.52  0.27 3.84 8.59  101.36 85.11 88.11 
102.99 5.92 -9.82 1.55  -85.30 -16.00 1.59  1.84 1.10 10.59  91.43 85.33 90.51 
103.09 -5.64 -3.98 3.26  -89.31 -1.43 39.90  0.67 -0.94 9.53  88.74 87.80 97.27 
103.19 -10.80 -8.11 7.82  -24.48 7.83 21.14  1.49 -1.96 10.28  85.89 86.12 93.50 
103.30 -10.78 -7.33 9.45  -1.13 -4.96 1.65  1.29 -1.88 9.89  87.61 86.96 89.78 
103.40 -11.06 -6.01 9.74  21.35 15.51 12.85  1.10 -2.00 10.24  84.60 88.66 92.24 
103.50 0.21 -6.78 11.20  92.95 18.11 -0.42  1.26 0.04 10.55  88.82 87.17 89.39 
103.60 3.05 -6.07 9.49  112.53 15.67 -2.01  1.10 0.55 10.32  91.84 88.71 89.54 
103.70 18.67 6.01 10.66  113.08 19.99 -7.87  -0.94 2.86 8.47  97.55 91.26 88.63 
103.80 25.03 1.60 8.52  56.65 26.13 -10.33  -0.27 4.16 8.90  100.92 90.70 88.20 
103.90 31.42 7.26 7.15  55.33 30.23 -12.40  -1.29 5.30 8.67  103.24 91.26 87.42 
104.00 29.41 6.54 4.36  24.43 20.96 -10.59  -1.26 5.37 9.53  101.63 93.00 88.79 
104.10 28.81 7.69 2.80  -0.11 11.34 -7.71  -1.45 5.18 9.41  102.03 92.86 88.93 
104.20 31.71 11.33 4.61  -4.18 -16.24 -5.54  -2.08 5.45 8.83  104.51 95.53 88.70 
104.30 30.16 5.12 2.44  -63.50 -43.38 -4.85  -0.90 5.06 8.71  103.12 92.63 88.80 
104.41 21.80 1.02 0.29  -74.32 -37.48 -3.72  -0.20 4.08 10.20  100.05 91.09 89.21 
104.51 11.39 -2.78 -2.13  -71.86 -44.77 4.41  0.55 2.24 11.10  95.14 89.38 90.63 
104.61 1.64 -2.26 2.00  -67.32 -21.56 6.85  0.43 0.31 10.94  91.70 88.40 91.61 
104.71 -3.31 -7.80 0.87  -28.12 -2.21 8.68  1.49 -0.63 10.87  88.88 87.76 92.01 
104.81 -1.85 -7.58 2.66  -4.98 -4.79 1.01  1.29 -0.31 9.73  89.50 87.22 89.42 
104.91 -3.69 -6.66 3.96  -24.10 -22.45 -4.55  1.14 -0.63 9.73  88.48 87.47 87.45 
105.01 -5.03 -7.94 4.15  -11.37 -3.08 0.78  1.37 -0.86 9.81  87.31 86.93 90.63 
105.12 -9.84 -9.29 3.39  -2.41 24.70 18.48  1.77 -1.84 10.63  85.62 86.03 94.23 
105.22 -7.92 -6.42 5.75  10.05 33.36 -2.72  1.22 -1.49 10.71  85.98 87.96 90.42 
105.32 -4.71 2.46 4.85  15.09 80.43 7.98  -0.43 -0.82 10.00  88.48 91.41 89.31 
105.42 -2.99 6.41 5.92  -14.66 36.15 -17.15  -1.10 -0.51 9.77  87.65 91.69 87.01 
105.52 -11.66 6.49 -0.39  12.59 27.58 -6.51  -1.41 -2.51 12.16  84.75 94.01 90.49 
105.62 -8.85 14.31 3.59  -8.47 18.82 9.49  -2.47 -1.49 9.57  85.85 96.40 91.75 
105.72 -7.85 16.92 4.27  12.54 8.58 7.03  -3.06 -1.37 9.96  86.10 96.89 90.75 
105.83 -6.36 13.95 2.70  14.85 6.58 2.84  -2.55 -1.14 10.20  86.99 96.17 89.98 
105.93 -4.18 14.62 3.23  66.26 0.04 5.01  -2.67 -0.75 10.20  87.22 96.54 90.52 
106.03 3.59 12.86 0.35  144.66 -8.83 22.82  -2.43 0.67 10.63  90.09 95.80 94.40 
106.13 16.52 15.01 5.09  57.67 -32.88 2.13  -2.59 2.75 9.26  97.38 97.08 91.19 
106.23 16.18 9.41 1.16  8.44 -49.54 -8.84  -1.73 2.90 10.00  97.59 95.10 88.20 
106.33 15.08 2.74 -1.59  54.34 -61.54 -4.87  -0.55 2.98 11.06  95.96 91.77 89.55 
106.43 24.01 -0.66 -1.33  35.11 -58.50 -2.00  0.12 4.16 9.34  100.99 90.48 91.40 
106.53 18.66 -6.44 -4.04  -21.62 -42.18 0.80  1.41 4.00 11.85  97.45 89.10 90.89 
106.63 27.91 -10.17 -2.71  -73.70 -69.09 2.59  1.61 4.20 7.92  103.88 85.18 89.51 
106.74 16.51 -19.18 -6.09  -79.98 -18.10 3.10  3.22 2.63 8.87  97.62 82.50 88.84 
106.84 0.23 -19.96 -5.84  -90.01 8.77 17.44  3.49 0.04 9.61  89.25 84.80 92.22 
106.94 -5.31 -12.53 -1.74  -102.52 -0.75 26.25  1.88 -0.78 8.43  86.93 85.25 94.32 
107.04 -10.71 -18.70 -2.83  -39.30 -0.79 -4.21  3.22 -1.77 9.34  83.34 84.17 89.60 
107.14 -10.26 -12.78 -0.88  -23.14 -4.31 -1.43  2.20 -1.73 9.53  84.72 83.61 89.75 
107.24 -9.98 -14.57 -1.18  -4.24 -1.80 -4.12  2.59 -1.73 9.81  84.64 81.91 88.72 
107.34 -12.19 -14.05 -1.95  6.44 9.17 -0.48  2.51 -2.12 9.81  83.85 84.03 90.64 
107.44 -19.43 -22.34 -7.01  49.16 48.54 7.85  4.12 -3.33 9.45  86.66 87.23 91.35 
107.54 1.04 -2.08 4.26  87.53 55.34 9.02  0.39 0.20 10.79  90.55 88.26 92.02 
107.65 6.43 -1.04 -2.89  52.57 27.81 -7.21  0.20 1.22 10.79  92.11 90.46 90.57 
107.75 14.19 -1.08 -1.46  16.49 0.26 -0.60  0.20 2.55 10.08  96.31 88.60 89.64 
107.85 11.93 -3.17 -4.43  26.36 1.71 6.83  0.59 2.20 10.40  94.35 88.92 92.18 
107.95 16.20 -3.84 -3.14  39.01 2.60 3.75  0.75 3.10 10.67  95.88 88.15 91.61 
108.05 23.68 -1.93 -1.67  75.13 5.09 10.43  0.35 4.20 9.57  100.96 89.20 91.28 
108.15 31.71 -0.65 -0.61  60.71 3.95 2.86  0.12 5.45 8.83  102.81 90.38 91.37 
108.26 30.60 -3.56 -2.90  64.97 -3.97 -4.13  0.67 5.45 9.22  102.52 89.82 90.52 
108.36 34.05 -0.87 -2.70  53.75 6.72 6.97  0.16 5.81 8.59  104.83 89.91 91.92 
108.46 44.37 1.34 -1.30  19.03 17.67 -5.71  -0.24 7.06 7.22  111.59 91.23 89.13 
108.56 44.84 -1.11 -1.76  -28.35 -4.37 -9.10  0.20 7.14 7.18  109.57 88.92 88.96 
108.66 33.92 -0.84 -4.92  -115.26 -10.46 -17.57  0.16 5.96 8.87  105.42 89.91 86.75 
108.76 26.26 1.79 -4.18  -135.34 15.47 -1.61  -0.31 4.43 8.98  101.76 90.28 90.23 
108.86 12.11 1.22 -5.13  -106.02 20.97 4.93  -0.24 2.31 10.79  95.67 90.45 90.81 
108.97 5.67 3.69 -4.38  -48.13 19.10 -7.67  -0.67 1.02 10.28  92.12 91.47 88.30 
109.07 1.93 7.46 -4.22  -24.16 27.72 -7.26  -1.37 0.35 10.47  91.29 93.21 88.77 
109.17 3.91 14.81 -0.27  5.30 38.52 -3.56  -2.59 0.67 9.77  90.48 95.92 89.14 
109.27 4.82 20.21 0.71  11.71 32.59 -2.18  -3.61 0.82 9.77  90.21 98.14 90.61 
109.37 4.38 18.87 -0.01  15.88 15.68 -6.99  -3.33 0.75 9.73  91.05 97.60 89.72 
109.47 5.07 22.28 -0.56  18.01 4.54 3.26  -4.00 0.86 9.73  91.11 99.49 90.46 
109.58 4.23 21.98 -1.33  11.42 -54.64 -6.93  -4.08 0.75 10.08  91.56 98.26 89.84 
109.68 2.06 12.18 -3.81  -39.00 -107.97 -1.01  -2.12 0.35 9.81  91.26 96.16 91.30 
109.78 -3.38 2.48 -2.43  1.79 -88.37 0.69  -0.43 -0.59 9.96  88.69 90.60 92.74 
109.88 1.91 -9.46 -1.68  -7.42 -80.74 -0.85  1.57 0.31 9.41  90.41 87.32 90.77 
109.98 3.76 -16.69 -0.14  3.55 -38.39 2.30  2.51 0.55 8.36  91.63 82.46 89.76 
110.08 4.74 -22.46 -1.22  30.72 -18.36 -6.78  3.53 0.71 8.51  93.07 79.86 89.38 
110.18 2.46 -19.15 0.31  1.20 -1.42 -1.79  3.18 0.39 9.14  90.53 81.58 89.86 
110.28 3.19 -20.88 -0.61  9.26 10.46 -6.04  3.49 0.51 9.14  90.65 81.22 89.37 
110.38 1.48 -15.65 -0.93  2.89 68.83 -6.06  2.55 0.24 9.10  91.73 83.72 88.74 
110.49 6.07 -7.83 -3.20  28.96 69.58 -5.78  1.53 1.18 11.06  92.52 87.24 89.01 
110.59 9.43 2.13 -1.27  19.65 70.15 -0.05  -0.39 1.73 10.40  94.60 91.22 89.28 
110.69 13.23 6.84 -3.96  105.62 29.56 -3.61  -1.29 2.47 10.51  96.87 93.88 88.76 
110.79 23.20 4.26 -3.92  163.12 -16.70 7.18  -0.82 4.35 10.16  99.92 92.09 90.39 
110.89 37.00 1.55 -5.41  84.64 1.68 8.77  -0.27 6.12 8.12  106.15 90.67 91.53 
110.99 41.79 0.65 -5.31  5.99 -10.78 -0.40  -0.12 6.94 7.77  108.59 89.31 89.76 
111.09 40.91 2.00 -5.34  -29.98 -5.64 5.92  -0.35 6.63 7.65  107.67 90.74 91.58 
111.19 35.03 -0.88 -6.34  -25.69 1.65 13.29  0.16 5.88 8.39  104.94 89.81 92.61 
111.29 26.85 -1.72 -5.42  -113.05 6.38 -0.66  0.31 4.71 9.30  102.00 89.35 90.52 
111.40 15.89 1.74 -0.92  -162.92 19.85 8.33  -0.31 2.82 9.92  98.17 90.60 91.75 
111.50 -2.75 -3.66 -4.06  -116.43 -2.62 3.42  0.63 -0.47 9.81  88.80 88.40 90.60 
111.60 -10.36 1.10 -1.06  -45.54 4.26 15.48  -0.20 -1.84 10.08  85.77 91.08 92.31 
111.70 -11.52 3.02 0.48  -11.34 1.48 6.46  -0.55 -2.08 10.20  85.36 91.03 91.33 
111.80 -12.27 1.64 0.18  -2.09 -1.95 2.05  -0.27 -2.04 9.38  84.28 90.68 90.36 
111.90 -11.56 2.76 0.76  26.23 -0.70 -7.53  -0.51 -2.12 10.36  85.25 91.32 88.91 
112.01 -8.78 4.58 0.55  13.16 -1.18 -0.39  -0.82 -1.57 10.16  86.98 92.14 89.32 
112.11 -3.49 2.56 1.32  70.79 -3.53 13.39  -0.43 -0.59 9.65  88.69 91.61 91.42 
112.21 10.25 0.00 1.59  173.88 -30.19 -10.60  0.00 1.84 10.20  95.05 89.81 86.80 
112.31 26.26 -0.91 -2.55  72.34 -4.97 5.32  0.16 4.39 8.90  101.46 89.30 90.45 
112.41 33.25 -0.90 -1.76  62.29 -2.20 -1.87  0.16 5.45 8.32  104.15 89.10 90.08 
112.51 37.00 -1.55 -3.44  31.87 -4.40 -0.74  0.27 6.12 8.12  105.65 89.14 90.33 
112.61 38.42 2.65 -2.60  4.82 1.24 2.58  -0.47 6.32 7.96  109.05 90.10 90.82 
112.71 38.37 0.00 -2.21  -7.44 20.32 12.64  0.00 6.12 7.73  108.37 90.00 91.61 
112.82 28.70 -0.45 -2.35  -67.60 6.29 -3.52  0.08 4.75 8.67  103.74 90.00 89.93 
112.92 23.75 0.00 -2.30  -183.09 17.20 -19.08  0.00 3.45 7.85  100.70 89.07 85.58 
113.02 9.16 11.66 3.61  -77.70 34.39 13.62  -3.26 2.51 15.57  94.44 95.98 90.62 
113.12 3.13 6.45 -0.61  -15.98 3.20 -5.52  -1.22 0.59 10.75  90.66 92.73 88.40 
113.22 -1.04 3.52 -3.57  -5.23 1.06 0.40  -0.67 -0.20 10.83  88.62 91.38 90.04 
113.32 0.44 3.48 -2.87  27.53 -9.34 -0.41  -0.63 0.08 10.32  90.00 91.90 90.00 
113.43 1.51 2.58 -2.80  0.69 -0.33 0.30  -0.47 0.27 10.43  91.05 91.14 90.04 
113.53 2.86 2.86 -2.55  0.97 -0.60 0.25  -0.51 0.51 10.20  90.96 91.15 90.06 
113.63 1.75 3.06 -2.72  1.00 -1.01 0.40  -0.55 0.31 10.28  90.66 91.14 90.08 
113.73 4.47 6.88 -0.93  16.22 -12.43 1.41  -1.22 0.78 10.04  92.03 92.12 89.80 
113.83 104.14 -3.50 -279.15  54.78 8.91 19.91  0.31 4.98 -1.26  130.67 99.84 93.08 
113.93 14.09 3.12 1.73  -18.42 1.87 1.48  -0.51 2.28 9.06  95.38 91.59 90.48 
114.03 2.68 2.99 -1.86  -30.22 -14.32 -9.93  -0.75 0.67 14.24  104.16 85.25 88.58 
114.14 4.06 3.20 -1.08  0.60 -0.74 0.37  -0.59 0.75 10.51  91.70 91.32 90.06 
114.24 4.86 3.30 -0.59  0.52 -0.53 0.25  -0.59 0.86 10.16  92.32 91.35 90.04 
114.34 5.06 2.63 -0.86  0.71 -0.39 0.32  -0.47 0.90 10.20  92.20 91.43 90.04 
114.44 5.27 3.29 -0.84  0.89 -0.27 0.41  -0.59 0.94 10.20  92.39 91.14 90.04 
114.54 5.25 3.06 -0.77  0.47 -0.46 0.22  -0.55 0.94 10.24  92.09 91.33 90.04 
114.64 5.02 2.83 -0.78  0.87 -0.51 0.26  -0.51 0.90 10.28  92.28 91.32 90.05 
114.75 5.25 3.49 -0.23  0.95 -0.65 0.18  -0.63 0.94 10.24  92.18 91.23 90.04 
114.85 5.06 3.29 -0.55  0.60 -0.54 0.31  -0.59 0.90 10.20  92.22 91.16 90.05 
114.95 5.29 3.96 -0.28  0.84 -0.46 0.32  -0.71 0.94 10.16  92.29 91.33 90.07 
115.05 9.65 3.28 0.88  0.39 -0.59 0.39  -0.55 1.61 9.45  92.04 91.55 89.36 
115.15 4.55 2.38 -1.77  0.67 -0.51 -0.60  -0.43 0.82 10.36  92.41 91.44 89.95 
115.25 5.04 2.84 -1.86  0.50 -1.22 0.39  -0.51 0.90 10.24  92.47 91.42 90.05 
115.35 4.67 2.66 -1.38  0.95 -0.70 0.27  -0.47 0.82 10.08  92.13 91.57 90.05 
115.46 5.06 2.85 -1.56  0.46 -0.59 0.25  -0.51 0.90 10.20  92.31 91.25 90.04 
115.56 4.82 2.62 -1.67  0.43 -0.70 0.32  -0.47 0.86 10.24  92.10 91.14 90.06 
115.66 5.04 3.28 -1.52  0.71 -0.32 0.25  -0.59 0.90 10.24  92.20 91.43 90.04 
115.76 4.80 3.27 -1.34  0.77 -0.54 0.33  -0.59 0.86 10.28  92.21 91.34 90.04 
115.86 5.07 3.08 -1.36  0.85 -0.63 0.28  -0.55 0.90 10.16  92.22 91.35 90.05 
115.96 5.27 3.51 -1.31  0.99 -0.53 0.31  -0.63 0.94 10.20  92.38 91.42 90.05 
116.07 5.47 3.27 -1.27  1.02 -0.35 0.19  -0.59 0.98 10.24  92.39 91.05 90.06 
116.17 5.09 3.31 -1.40  0.99 -0.53 0.28  -0.59 0.90 10.12  92.19 91.42 90.06 
116.27 53.44 45.54 38.02  -14.59 -9.02 53.02  -14.83 11.69 8.67  163.58 78.12 98.90 
116.37 -0.19 2.73 0.68  0.52 -0.67 0.13  -0.55 -0.04 11.53  89.05 91.19 90.05 
116.47 1.21 6.63 2.48  0.84 -0.27 0.33  -1.29 0.24 11.14  92.93 91.65 90.04 
116.57 3.10 2.89 2.32  0.74 -0.24 0.25  -0.55 0.59 10.87  91.34 91.52 90.03 
116.67 6.02 3.31 3.55  -1.32 -4.35 0.48  -0.63 1.14 10.79  92.01 92.48 90.06 
116.77 5.34 1.55 3.10  -0.35 -2.22 0.60  -0.27 0.94 10.08  92.33 90.68 90.11 
116.88 2.74 5.66 2.99  0.83 -1.04 0.46  -1.06 0.51 10.67  91.77 93.24 90.08 
116.98 4.80 4.78 3.27  0.53 -1.33 1.23  -0.86 0.86 10.28  91.78 91.96 90.16 
117.08 3.23 1.72 2.42  2.17 0.87 1.71  -0.31 0.59 10.43  91.61 90.95 90.36 
117.18 2.86 2.20 2.30  2.50 2.53 0.83  -0.39 0.51 10.20  91.75 91.75 90.13 
117.28 4.10 3.66 3.17  1.90 1.88 0.11  -0.67 0.75 10.40  91.98 91.50 90.02 
