3.02 0.07 0.07 0.09 0.08 0.03 0.03 0.02 -0.01 0.01 94.66 93.05 90.05 
3.19 0.06 0.06 0.05 0.05 0.06 0.06 0.01 -0.01 0.02 93.35 92.97 90.24 
3.29 0.09 0.09 0.06 0.06 -0.07 -0.06 0.02 -0.01 -0.05 95.23 93.69 89.38 
3.39 0.04 0.04 0.09 0.09 0.14 0.13 0.02 -0.00 -0.06 92.52 95.14 89.29 
3.50 0.05 0.05 0.09 0.09 0.12 0.12 0.01 -0.01 -0.06 92.86 95.05 89.33 
3.60 0.06 0.06 0.06 0.06 0.06 0.07 0.01 -0.01 -0.03 93.19 93.50 89.61 
3.70 0.11 0.11 0.07 0.07 -0.13 -0.13 0.02 -0.02 -0.06 95.38 93.95 89.18 
3.80 0.07 0.07 0.06 0.06 -0.02 -0.02 0.02 -0.02 -0.04 94.12 93.43 89.51 
3.91 0.06 0.06 0.07 0.07 0.03 0.03 0.01 -0.01 0.00 93.59 94.15 90.03 
4.04 0.06 0.06 0.07 0.07 0.04 0.04 0.01 -0.02 0.01 93.70 94.15 90.07 
4.17 0.07 0.07 0.07 0.07 -0.01 -0.01 0.02 -0.02 0.01 93.92 94.14 90.08 
4.30 0.06 0.06 0.07 0.07 0.02 0.01 0.01 -0.01 0.01 93.55 93.77 90.12 
4.43 0.07 0.07 0.08 0.08 -0.02 -0.02 0.01 -0.00 0.02 94.01 94.65 90.23 
4.53 0.07 0.07 0.07 0.07 0.00 -0.00 0.00 -0.03 0.01 94.20 94.64 90.06 
4.64 0.07 0.07 0.05 0.05 -0.02 -0.01 0.01 -0.01 0.03 93.95 93.53 90.34 
4.74 0.06 0.06 0.06 0.07 0.03 0.03 -0.03 -0.07 0.02 93.29 93.75 90.19 
4.84 0.03 0.03 0.08 0.08 0.17 0.17 -0.00 -0.04 -0.04 91.39 95.25 89.53 
4.95 0.04 0.04 0.05 0.05 0.03 0.03 -0.13 -0.27 -0.00 93.93 96.26 89.83 
5.05 0.03 0.03 0.03 0.03 -0.00 -0.00 -0.21 -0.33 0.02 91.69 91.77 90.22 
5.15 0.00 -0.00 -0.02 -0.02 0.08 0.08 -0.03 -0.52 -0.08 89.62 89.56 89.13 
5.26 0.03 0.03 -0.08 -0.08 -0.06 -0.06 0.04 -0.70 -0.13 90.91 85.64 88.48 
5.36 0.03 0.03 -0.16 -0.16 -0.01 -0.01 -0.03 -0.67 -0.10 91.59 81.77 88.74 
5.46 0.03 0.03 -0.20 -0.20 -0.10 -0.10 -0.05 -0.65 -0.09 91.72 78.48 88.97 
5.57 0.06 0.06 -0.31 -0.31 -0.24 -0.23 0.02 -0.55 -0.04 92.21 73.61 89.29 
5.67 0.00 0.00 -0.38 -0.38 -0.03 -0.03 -0.21 -0.31 -0.01 90.50 70.34 89.79 
5.78 -0.02 -0.02 -0.35 -0.35 0.02 0.02 -0.06 -0.26 0.00 88.83 69.37 90.08 
5.88 0.01 0.01 -0.38 -0.38 -0.19 -0.18 0.10 -0.32 -0.01 88.05 66.35 89.97 
5.99 -0.01 -0.01 -0.43 -0.43 -0.04 -0.03 -0.01 -0.25 -0.03 88.04 64.64 89.65 
6.09 -0.01 -0.01 -0.48 -0.48 -0.01 -0.01 0.06 -0.32 -0.02 89.73 64.15 89.70 
6.19 -0.00 -0.00 -0.48 -0.48 -0.00 0.00 0.09 -0.34 -0.01 89.73 62.38 89.88 
6.29 -0.01 -0.01 -0.51 -0.51 0.04 0.04 -0.00 -0.37 0.00 89.24 57.99 90.03 
6.40 0.01 0.01 -0.54 -0.54 -0.10 -0.09 -0.07 -0.32 0.01 88.93 56.92 90.09 
6.50 -0.00 -0.00 -0.61 -0.61 -0.00 -0.00 0.01 -0.24 0.02 89.72 55.22 90.25 
6.61 -0.01 -0.01 -0.60 -0.60 0.01 0.01 -0.04 -0.14 -0.00 89.68 56.08 89.97 
6.71 -0.02 -0.02 -0.63 -0.63 0.10 0.09 -0.02 -0.18 -0.03 88.63 53.82 89.65 
6.81 -0.02 -0.02 -0.66 -0.66 -0.00 -0.00 0.01 -0.25 -0.02 88.89 52.02 89.78 
6.91 -0.05 -0.05 -0.71 -0.71 0.17 0.16 0.01 -0.18 0.02 87.68 49.20 90.22 
7.01 -0.02 -0.01 -0.67 -0.67 0.03 0.03 0.01 -0.05 -0.01 89.58 50.50 89.99 
7.11 0.00 -0.00 -0.66 -0.66 -0.12 -0.11 0.02 0.03 -0.03 89.96 52.11 89.65 
7.22 -0.03 -0.02 -0.70 -0.70 0.06 0.05 -0.00 0.01 -0.01 89.73 53.03 89.86 
7.32 -0.03 -0.02 -0.69 -0.69 0.07 0.06 0.04 -0.05 0.00 89.45 51.37 90.07 
7.42 -0.02 -0.02 -0.74 -0.73 0.05 0.04 0.03 0.01 0.01 88.82 47.94 90.14 
7.52 -0.01 -0.01 -0.72 -0.72 -0.00 0.02 0.08 0.57 0.04 89.23 48.63 90.49 
7.63 0.00 0.01 -0.46 -0.47 -0.14 -0.14 -0.07 1.84 0.07 91.12 60.62 90.91 
7.73 -0.02 -0.02 -0.30 -0.30 0.02 0.03 0.01 1.15 -0.06 89.11 70.63 89.54 
7.84 -0.01 -0.01 -0.29 -0.28 0.00 0.00 -0.03 0.62 -0.21 88.90 75.50 87.72 
7.94 0.05 0.05 -0.11 -0.11 -0.35 -0.34 0.19 1.48 -0.27 91.47 81.59 86.58 
8.05 0.06 0.06 0.12 0.12 -0.78 -0.77 0.30 1.95 -0.07 92.97 95.86 88.88 
8.15 0.07 0.07 0.20 0.20 -0.11 -0.11 0.33 0.60 0.07 96.14 101.66 90.96 
8.25 0.15 0.15 0.26 0.26 -0.33 -0.34 0.25 1.48 -0.09 98.87 104.64 88.97 
8.35 0.15 0.14 0.45 0.45 -0.05 -0.04 0.31 0.96 -0.02 95.25 113.00 89.66 
8.46 0.22 0.22 0.46 0.46 -0.13 -0.13 0.12 0.35 0.01 100.13 118.88 90.24 
8.56 0.14 0.14 0.59 0.59 0.06 0.06 -0.07 0.69 -0.08 98.59 122.68 89.03 
8.67 0.08 0.08 0.54 0.54 0.15 0.15 -0.07 -0.07 -0.09 93.89 118.36 88.89 
8.77 0.16 0.16 0.61 0.61 -0.04 -0.03 0.19 0.13 -0.10 99.35 124.87 88.79 
8.87 0.18 0.18 0.65 0.65 -0.05 -0.05 0.16 0.25 -0.03 99.88 127.05 89.67 
8.97 0.17 0.17 0.65 0.65 0.03 0.03 0.07 0.12 -0.00 99.26 127.62 89.92 
9.07 0.18 0.18 0.66 0.66 -0.01 -0.01 0.04 -0.03 -0.02 100.10 127.68 89.76 
9.18 0.18 0.18 0.66 0.66 0.02 0.02 0.05 -0.02 -0.00 100.75 128.30 89.97 
9.28 0.17 0.17 0.68 0.68 0.03 0.03 0.01 0.01 -0.02 100.77 128.33 89.86 
9.39 0.17 0.17 0.65 0.65 0.02 0.02 0.02 -0.05 -0.04 99.91 127.45 89.58 
9.49 0.19 0.19 0.66 0.66 -0.04 -0.04 0.02 -0.08 -0.07 99.42 127.23 89.20 
9.59 0.19 0.19 0.66 0.66 -0.03 -0.03 0.05 -0.06 -0.03 101.18 128.64 89.45 
9.69 0.20 0.20 0.66 0.66 -0.07 -0.07 0.02 -0.03 0.03 101.73 127.99 90.33 
9.80 0.17 0.17 0.65 0.65 -0.00 -0.00 0.01 -0.03 0.02 99.72 126.92 90.26 
9.90 0.18 0.18 0.64 0.64 -0.02 -0.02 0.01 -0.03 -0.02 99.84 127.15 89.73 
10.00 0.17 0.18 0.65 0.65 -0.03 -0.03 -0.02 -0.05 0.01 100.43 127.69 90.10 
10.11 0.17 0.17 0.63 0.63 -0.02 -0.02 0.00 -0.06 0.01 99.64 126.05 90.11 
10.21 0.16 0.16 0.64 0.64 -0.02 -0.02 0.01 -0.05 -0.03 100.00 126.84 89.62 
10.31 0.17 0.17 0.65 0.65 -0.05 -0.05 0.03 -0.01 0.02 100.90 126.37 90.17 
10.42 0.18 0.18 0.61 0.61 -0.05 -0.05 -0.03 -0.15 -0.03 100.06 125.07 89.62 
10.52 0.16 0.16 0.61 0.61 -0.05 -0.05 0.01 -0.33 0.01 99.11 125.31 90.04 
10.62 0.15 0.15 0.57 0.57 -0.03 -0.03 0.07 -0.33 0.03 98.66 122.72 90.36 
10.73 0.13 0.13 0.54 0.54 0.01 0.01 -0.06 -0.52 -0.05 98.32 121.19 89.50 
10.83 0.11 0.11 0.45 0.45 -0.00 -0.00 -0.17 -0.81 -0.22 96.40 116.34 87.56 
10.93 0.08 0.08 0.37 0.37 -0.09 -0.09 -0.22 -0.97 -0.33 94.74 112.07 86.15 
11.03 0.04 0.04 0.28 0.28 -0.07 -0.08 -0.24 -0.86 -0.26 93.25 107.42 86.71 
11.14 0.05 0.05 0.24 0.24 -0.27 -0.27 0.02 -0.73 -0.18 92.66 103.58 87.79 
11.24 0.07 0.07 0.17 0.17 -0.37 -0.37 0.13 -0.34 0.01 94.05 98.97 90.06 
11.34 0.06 0.06 0.14 0.14 -0.23 -0.23 -0.05 -0.31 0.06 93.25 97.22 90.85 
11.45 0.03 0.03 0.04 0.04 -0.17 -0.17 -0.22 -0.42 0.10 91.73 92.50 91.19 
11.55 0.01 0.01 0.04 0.04 -0.18 -0.18 0.09 0.16 0.10 90.19 91.22 91.12 
11.65 0.03 0.03 0.07 0.07 -0.18 -0.18 0.50 0.37 0.16 92.08 94.14 91.81 
11.76 0.12 0.12 0.15 0.15 -0.13 -0.14 0.71 0.43 0.21 96.43 98.50 92.41 
11.86 0.20 0.20 0.14 0.14 -0.17 -0.16 0.77 0.26 0.29 101.22 98.01 93.49 
11.96 0.26 0.26 0.17 0.17 0.13 0.13 0.86 0.28 0.30 104.98 99.80 93.60 
12.06 0.36 0.36 0.16 0.16 0.05 0.05 0.77 -0.02 0.23 109.99 100.92 92.79 
12.17 0.45 0.45 0.16 0.16 0.17 0.17 0.68 -0.11 0.15 115.12 99.11 91.79 
12.27 0.52 0.52 0.18 0.18 0.34 0.33 0.65 0.23 0.15 118.92 100.08 91.71 
12.37 0.57 0.57 0.17 0.17 0.30 0.30 0.49 0.22 0.09 122.50 99.56 91.19 
12.48 0.57 0.57 0.20 0.20 0.53 0.53 0.32 0.25 0.08 123.03 101.25 90.93 
12.58 0.61 0.61 0.19 0.18 0.46 0.46 0.15 0.12 0.07 125.11 100.60 90.84 
12.68 0.55 0.55 0.21 0.21 0.69 0.69 0.07 0.04 0.06 122.68 101.85 90.68 
12.78 0.59 0.59 0.21 0.21 0.62 0.63 0.24 -0.31 0.06 123.61 105.19 90.64 
12.89 0.67 0.67 0.20 0.20 0.54 0.53 0.14 0.02 0.09 128.91 101.27 91.09 
13.00 0.70 0.69 0.17 0.17 0.45 0.46 0.01 -0.13 -0.00 127.94 99.63 90.03 
13.10 0.67 0.67 0.19 0.19 0.56 0.56 0.01 0.05 0.02 127.54 100.82 90.11 
13.20 0.63 0.63 0.22 0.22 0.70 0.71 0.07 -0.16 0.03 125.30 102.73 90.22 
13.31 0.67 0.67 0.19 0.19 0.56 0.56 0.12 -0.04 0.08 128.50 100.88 91.01 
13.41 0.70 0.69 0.15 0.15 0.50 0.50 0.12 -0.16 0.07 128.68 98.64 90.95 
13.51 0.71 0.71 0.15 0.15 0.51 0.51 0.06 0.05 0.03 131.14 98.44 90.32 
13.62 0.69 0.69 0.15 0.15 0.58 0.58 0.00 -0.05 0.01 129.14 98.48 90.19 
13.72 0.68 0.68 0.16 0.16 0.63 0.62 0.00 -0.05 0.00 129.07 98.58 90.01 
13.82 0.70 0.70 0.16 0.16 0.56 0.56 -0.03 -0.11 -0.03 129.49 98.79 89.60 
13.93 0.70 0.70 0.14 0.14 0.50 0.50 -0.27 -0.06 0.05 130.94 98.38 90.63 
14.03 0.70 0.70 0.11 0.11 0.32 0.33 -0.56 -0.13 0.03 129.84 96.28 90.38 
14.13 0.56 0.56 0.10 0.10 0.50 0.51 -1.13 0.13 -0.08 121.67 96.61 89.20 
14.23 0.36 0.36 0.12 0.12 0.51 0.51 -1.33 -0.64 -0.28 110.95 97.28 86.82 
14.34 0.24 0.24 0.09 0.09 0.52 0.51 -1.55 -0.37 -0.30 104.56 94.00 86.37 
14.44 0.06 0.06 0.09 0.09 0.32 0.32 -1.73 0.18 -0.40 93.72 94.34 85.36 
14.55 -0.07 -0.07 0.15 0.15 -0.31 -0.31 -1.71 -0.36 -0.26 86.84 99.21 86.76 
14.65 -0.29 -0.29 0.04 0.04 0.20 0.20 -1.31 -0.63 -0.02 73.21 93.29 89.66 
14.75 -0.38 -0.38 0.02 0.02 -0.15 -0.16 -1.14 -0.69 0.15 69.33 91.10 91.49 
14.85 -0.45 -0.45 0.05 0.05 -0.24 -0.24 -1.12 -0.41 0.28 64.25 91.78 93.48 
14.96 -0.56 -0.56 -0.02 -0.02 -0.30 -0.29 -0.98 -0.43 0.21 57.47 87.20 92.84 
15.06 -0.69 -0.69 -0.15 -0.15 -0.08 -0.06 -0.75 -0.25 -0.06 50.32 80.71 89.67 
15.16 -0.71 -0.71 -0.12 -0.12 -0.24 -0.24 -0.43 -0.18 -0.30 48.70 83.06 86.52 
15.26 -0.76 -0.76 -0.07 -0.07 -0.42 -0.41 -0.12 -0.07 -0.18 46.69 86.00 87.88 
15.37 -0.81 -0.81 -0.09 -0.09 0.13 0.13 0.02 0.07 0.13 43.19 85.51 91.22 
15.47 -0.80 -0.80 -0.11 -0.11 0.02 0.00 0.03 -0.01 0.16 44.04 83.96 91.87 
15.57 -0.76 -0.76 -0.13 -0.13 -0.21 -0.21 0.01 -0.11 -0.01 46.54 82.40 90.04 
15.68 -0.77 -0.77 -0.08 -0.08 -0.21 -0.21 0.03 0.02 -0.01 46.12 84.69 89.82 
15.78 -0.76 -0.76 -0.12 -0.12 -0.28 -0.28 0.03 0.01 0.03 46.55 82.53 90.42 
15.88 -0.77 -0.77 -0.13 -0.13 -0.18 -0.18 -0.00 -0.03 -0.00 45.47 82.62 90.05 
15.98 -0.77 -0.77 -0.12 -0.12 -0.18 -0.18 0.00 -0.01 -0.01 44.86 82.32 89.88 
16.09 -0.78 -0.78 -0.14 -0.14 -0.16 -0.15 -0.02 -0.03 0.01 45.27 82.19 90.16 
16.19 -0.80 -0.80 -0.14 -0.14 -0.02 -0.02 0.02 -0.01 0.01 44.22 81.89 90.12 
16.29 -0.78 -0.78 -0.14 -0.14 -0.11 -0.11 0.02 0.00 0.01 44.80 81.91 90.16 
16.40 -0.80 -0.80 -0.14 -0.14 -0.01 -0.01 0.04 0.03 0.01 44.86 82.32 90.08 
16.50 -0.79 -0.79 -0.13 -0.13 -0.12 -0.12 -0.04 -0.05 0.00 44.98 83.23 90.03 
16.60 -0.78 -0.78 -0.13 -0.13 -0.18 -0.19 -0.02 -0.03 -0.00 46.50 82.85 89.96 
16.70 -0.78 -0.78 -0.13 -0.13 -0.17 -0.17 0.04 -0.01 0.00 45.32 82.43 90.03 
16.81 -0.81 -0.81 -0.14 -0.14 0.00 0.00 -0.01 -0.01 0.03 43.69 82.41 90.24 
16.91 -0.79 -0.79 -0.16 -0.16 -0.09 -0.09 -0.02 -0.08 -0.01 44.72 81.48 89.94 
17.01 -0.80 -0.80 -0.11 -0.11 -0.04 -0.04 0.03 -0.03 -0.00 44.71 83.09 89.89 
17.12 -0.79 -0.79 -0.13 -0.13 -0.14 -0.14 0.02 -0.05 0.02 45.30 82.49 90.24 
17.22 -0.79 -0.78 -0.13 -0.13 -0.16 -0.17 0.04 -0.05 0.02 45.52 81.90 90.15 
17.32 -0.77 -0.77 -0.11 -0.11 -0.27 -0.27 0.16 0.08 0.00 46.06 83.14 90.12 
17.43 -0.73 -0.73 -0.13 -0.13 -0.31 -0.31 0.67 0.14 -0.07 48.35 82.71 89.13 
17.53 -0.60 -0.60 -0.09 -0.09 -0.53 -0.54 1.20 0.44 -0.05 55.63 85.09 89.37 
17.63 -0.52 -0.52 -0.02 -0.02 -0.75 -0.74 1.49 0.93 0.09 59.88 87.60 90.86 
17.73 -0.37 -0.37 0.00 -0.00 -0.30 -0.30 1.54 0.50 0.10 70.00 89.14 91.52 
17.83 -0.23 -0.23 0.07 0.07 -0.59 -0.58 1.31 0.42 -0.03 75.84 93.06 89.79 
17.93 -0.08 -0.08 0.05 0.05 -0.36 -0.35 1.05 0.36 -0.22 85.52 92.64 87.38 
18.03 0.02 0.02 0.06 0.06 -0.47 -0.47 0.69 0.10 -0.31 91.35 92.09 86.47 
18.13 0.01 0.01 0.09 0.09 -0.16 -0.15 0.13 0.23 -0.19 90.64 95.21 87.68 
18.24 -0.03 -0.03 0.12 0.12 0.06 0.05 0.34 -0.30 -0.23 89.83 96.73 87.01 
18.34 0.08 0.08 0.13 0.13 -0.35 -0.35 0.65 0.22 0.01 94.42 97.05 89.75 
18.44 0.16 0.16 0.13 0.13 -0.18 -0.18 0.59 0.52 0.20 98.03 97.48 92.14 
18.54 0.11 0.11 0.07 0.07 0.12 0.12 0.15 -0.19 0.12 96.75 96.20 91.95 
18.65 0.13 0.13 0.12 0.12 0.14 0.14 -0.04 -0.32 -0.12 97.25 96.74 88.59 
18.75 0.15 0.15 0.09 0.08 -0.02 -0.02 -0.03 -0.04 -0.23 99.57 93.86 87.29 
18.85 0.20 0.20 0.15 0.15 -0.30 -0.29 -0.01 0.09 -0.18 101.39 98.41 87.83 
18.95 0.20 0.20 0.22 0.21 -0.52 -0.52 -0.55 0.20 0.25 100.72 101.53 92.42 
19.05 0.06 0.06 0.22 0.22 0.02 0.01 -0.63 -0.57 1.16 94.85 103.85 102.87 
19.15 0.03 0.03 0.12 0.12 0.05 0.05 -0.33 0.21 1.61 91.06 97.60 109.05 
19.25 -0.01 -0.01 0.07 0.07 0.29 0.29 -0.14 0.03 1.64 89.51 94.01 109.68 
19.35 -0.03 -0.03 0.06 0.06 0.63 0.63 -0.01 -0.42 1.35 88.46 93.55 106.66 
19.46 -0.01 -0.01 0.00 -0.00 0.57 0.58 0.16 -0.42 1.01 87.82 89.86 102.69 
19.56 0.04 0.04 -0.00 -0.01 0.90 0.89 0.24 0.08 0.63 92.46 87.42 98.16 
19.66 0.08 0.08 -0.02 -0.02 0.97 0.96 -0.01 -0.09 0.35 94.07 88.82 94.59 
19.76 0.01 0.01 0.02 0.02 1.40 1.40 -0.21 0.12 0.17 90.46 90.65 92.17 
19.86 -0.03 -0.03 -0.02 -0.02 1.28 1.28 -0.22 -0.07 0.11 88.66 89.54 91.35 
19.97 -0.03 -0.03 0.01 0.01 1.33 1.33 -0.05 -0.07 0.05 88.32 91.08 90.66 
20.07 -0.01 -0.01 0.02 0.02 1.41 1.41 0.06 0.02 0.03 88.91 91.31 90.43 
20.18 0.02 0.02 -0.01 -0.01 1.25 1.24 0.08 0.02 -0.00 90.87 89.09 90.08 
20.28 0.02 0.02 0.01 0.01 1.36 1.36 0.00 -0.07 0.00 90.89 90.70 89.97 
20.38 -0.00 -0.00 0.02 0.02 1.44 1.44 -0.04 0.07 -0.02 89.55 91.10 89.78 
20.48 -0.01 -0.01 0.03 0.03 1.41 1.41 -0.01 0.02 -0.04 89.80 91.32 89.51 
20.59 -0.01 -0.01 0.03 0.03 1.39 1.39 0.03 0.05 -0.01 89.14 91.30 89.86 
20.69 0.00 -0.00 0.03 0.03 1.31 1.32 0.06 -0.01 -0.06 89.55 91.97 89.29 
20.79 0.01 0.01 0.02 0.02 1.27 1.27 0.07 0.03 -0.12 90.45 91.09 88.77 
20.89 0.03 0.03 -0.01 -0.01 0.87 0.88 -0.02 0.16 -0.38 91.53 90.21 86.00 
20.99 -0.02 -0.02 0.00 0.00 0.94 0.94 -0.09 0.20 -0.81 88.94 90.02 80.29 
21.09 -0.09 -0.09 0.00 0.00 0.86 0.86 0.00 0.31 -1.28 85.26 89.33 75.11 
21.20 -0.09 -0.09 0.02 0.02 0.71 0.71 0.32 0.44 -1.72 84.84 90.19 69.32 
21.30 -0.03 -0.03 0.17 0.17 0.45 0.45 0.30 0.10 -1.83 87.57 98.95 67.77 
21.40 -0.03 -0.03 0.18 0.18 0.04 0.05 0.02 -0.19 -1.80 88.38 101.32 68.38 
21.51 -0.02 -0.02 0.16 0.16 -0.03 -0.02 0.12 0.16 -1.75 87.71 98.99 69.01 
21.61 0.00 0.00 0.34 0.34 -0.98 -0.97 0.21 -0.09 -1.80 89.72 108.50 68.11 
21.71 0.03 0.03 0.29 0.29 -1.06 -1.06 -0.23 -0.67 -1.27 91.58 106.68 74.74 
21.81 0.05 0.05 0.10 0.10 -0.91 -0.92 -0.10 -0.15 -0.52 91.16 97.74 83.05 
21.91 0.00 -0.00 0.05 0.05 -0.75 -0.75 -0.05 0.17 -0.06 89.75 93.71 88.87 
22.01 -0.06 -0.06 -0.05 -0.05 -0.50 -0.50 0.05 -0.07 0.06 86.46 87.32 90.79 
22.12 0.00 -0.00 0.02 0.02 -0.72 -0.72 0.10 -0.20 -0.11 89.32 89.97 88.93 
22.22 0.03 0.03 0.11 0.11 -0.94 -0.94 0.02 -0.09 -0.05 91.36 95.69 89.14 
22.32 0.00 0.00 0.05 0.05 -0.83 -0.83 -0.01 0.09 0.10 90.01 93.72 91.06 
22.43 -0.02 -0.02 0.02 0.02 -0.72 -0.72 0.01 0.05 0.06 88.89 90.65 90.82 
22.53 -0.02 -0.02 0.03 0.03 -0.73 -0.73 0.03 0.01 0.03 88.90 91.11 90.41 
22.63 -0.00 -0.00 0.03 0.03 -0.74 -0.74 0.03 -0.02 0.06 89.32 91.79 90.77 
22.74 0.02 0.02 0.07 0.07 -0.84 -0.84 0.03 -0.00 0.05 90.87 93.91 90.58 
22.84 0.03 0.03 0.08 0.08 -0.88 -0.88 0.02 -0.03 0.21 91.75 94.77 92.11 
22.94 0.02 0.02 0.09 0.09 -0.86 -0.86 -0.06 0.07 0.54 91.14 95.68 95.95 
23.04 -0.04 -0.04 0.06 0.06 -0.61 -0.62 -0.20 0.04 0.89 88.65 94.51 100.46 
23.14 -0.07 -0.07 0.04 0.04 -0.49 -0.49 -0.09 0.24 0.89 85.90 92.06 100.64 
23.25 -0.05 -0.05 0.10 0.10 -0.54 -0.54 -0.04 -0.12 1.06 86.20 96.14 102.42 
23.35 -0.12 -0.12 0.12 0.12 -0.22 -0.22 -0.07 -0.00 1.38 83.73 95.18 106.60 
23.45 -0.17 -0.17 0.16 0.16 0.25 0.23 0.13 -0.04 1.70 82.56 98.40 109.63 
23.55 -0.12 -0.12 0.11 0.11 0.35 0.34 0.11 0.19 1.81 83.30 96.45 111.71 
23.65 -0.06 -0.06 0.00 0.00 0.19 0.19 0.12 -0.27 1.30 85.85 91.73 106.43 
23.75 -0.02 -0.03 -0.05 -0.05 0.28 0.28 0.16 0.25 0.65 87.93 87.23 98.55 
23.85 0.00 0.00 0.06 0.06 0.34 0.33 -0.17 0.45 0.15 90.06 93.37 91.75 
23.95 0.00 0.00 0.11 0.10 0.14 0.13 -0.50 0.01 -0.19 90.21 94.49 88.03 
24.06 0.16 0.25 -0.25 -0.26 -0.32 -0.38 -0.31 -1.46 0.04 202.81 63.78 89.45 
24.16 -0.02 -0.03 0.13 0.13 -0.00 0.05 0.03 -0.58 0.22 71.41 95.17 92.59 
24.26 -0.02 -0.01 0.07 0.07 0.15 0.13 -0.08 -0.80 0.12 94.32 91.40 91.21 
24.37 0.02 0.02 0.17 0.17 0.12 0.10 0.56 0.24 0.28 96.90 91.52 92.71 
24.47 0.20 0.28 -0.50 -0.49 -0.06 -0.12 0.57 -0.46 0.37 193.41 75.14 94.67 
24.57 -0.29 -0.33 0.31 0.28 1.70 1.68 0.17 -0.14 0.01 71.35 106.16 90.12 
24.67 0.06 0.06 0.13 0.13 0.68 0.67 0.03 0.05 -0.00 93.58 97.30 89.98 
24.77 0.07 0.07 0.07 0.07 0.35 0.35 0.03 0.01 0.00 95.47 93.63 90.04 
24.88 0.06 0.06 0.07 0.07 0.42 0.42 0.03 -0.01 0.00 93.98 93.62 90.05 
24.98 0.06 0.06 0.07 0.07 0.39 0.40 0.02 0.00 0.00 92.87 94.34 90.07 
25.08 0.06 0.06 0.09 0.09 0.46 0.46 0.02 0.02 0.00 93.33 94.20 90.04 
25.18 0.06 0.06 0.07 0.07 0.43 0.43 0.02 -0.02 0.01 93.39 94.70 90.05 
25.28 0.08 0.08 0.07 0.07 0.36 0.36 0.01 -0.00 0.00 94.14 96.00 89.85 
25.39 0.06 0.06 0.08 0.08 0.45 0.45 0.00 -0.01 0.00 93.52 94.34 90.06 
25.49 0.06 0.06 0.07 0.07 0.42 0.42 0.02 -0.01 0.01 93.51 94.16 90.04 
25.59 0.06 0.06 0.08 0.08 0.42 0.42 0.01 -0.00 0.00 93.13 94.41 90.05 
25.70 0.06 0.06 0.08 0.08 0.51 0.51 0.01 -0.00 0.00 93.33 94.66 90.03 
25.80 0.03 0.04 0.09 0.09 0.59 0.58 0.02 -0.01 0.01 93.93 94.61 90.06 
25.90 0.06 0.06 0.07 0.07 0.43 0.43 0.02 -0.01 0.01 93.70 94.13 90.07 
26.00 0.06 0.06 0.07 0.07 0.40 0.41 0.01 -0.02 0.00 93.53 94.39 90.07 
26.10 0.07 0.07 0.08 0.08 0.42 0.42 0.01 -0.01 0.01 93.70 93.93 90.04 
26.20 0.06 0.06 0.08 0.08 0.46 0.46 0.01 -0.00 0.01 93.37 94.41 90.07 
26.31 0.07 0.07 0.08 0.08 0.44 0.44 0.01 -0.01 0.00 93.77 94.42 90.06 
26.41 0.06 0.06 0.08 0.08 0.45 0.45 0.01 -0.02 0.01 93.31 94.40 90.07 
26.51 0.06 0.06 0.07 0.07 0.42 0.42 0.01 -0.02 0.00 93.90 93.76 90.04 
26.62 0.06 0.06 0.08 0.08 0.47 0.46 0.01 -0.01 0.01 93.97 94.40 90.06 
26.72 0.07 0.07 0.07 0.07 0.38 0.38 0.01 -0.00 0.00 93.57 94.66 90.04 
26.85 0.06 0.06 0.07 0.07 0.42 0.42 0.01 -0.01 0.00 93.59 93.79 90.04 
26.98 0.07 0.07 0.07 0.07 0.41 0.41 0.01 -0.01 0.00 93.91 94.12 90.05 
27.11 0.07 0.07 0.08 0.08 0.41 0.41 0.02 -0.02 0.00 93.99 94.41 90.04 
27.25 0.06 0.06 0.08 0.08 0.47 0.47 0.01 -0.01 0.00 93.34 94.81 90.05 
27.35 0.11 0.11 0.06 0.05 0.17 0.15 0.01 -0.02 0.01 101.21 91.01 90.05 
27.45 0.06 0.06 0.08 0.08 0.47 0.47 0.02 -0.01 0.01 93.35 94.13 90.04 
27.56 0.06 0.06 0.12 0.12 0.54 0.51 0.01 0.02 0.00 97.59 95.55 90.03 
27.66 0.06 0.06 0.06 0.06 0.36 0.36 -0.02 -0.09 0.01 93.62 93.61 90.10 
27.76 0.02 0.02 -0.01 -0.01 0.46 0.46 -0.02 -0.02 0.04 93.45 95.27 90.53 
27.86 0.05 0.05 0.01 0.01 0.38 0.38 0.01 -0.01 0.05 93.51 93.28 90.67 
27.96 0.05 0.05 0.06 0.06 0.47 0.47 -0.01 -0.02 0.01 92.57 92.76 90.22 
28.06 0.06 0.06 0.07 0.07 0.44 0.44 0.01 -0.01 0.00 93.29 93.72 90.06 
