3.36 0.04 0.04 0.05 0.04 0.13 0.13 0.02 -0.03 0.00 92.12 92.46 90.05 
3.54 0.06 0.04 0.06 0.05 0.11 0.13 0.02 -0.02 0.00 92.36 92.65 90.03 
3.64 0.11 0.06 0.10 0.07 0.04 0.07 0.02 -0.01 0.00 93.63 93.95 90.03 
3.74 0.08 0.06 0.07 0.06 0.04 0.05 0.01 -0.01 0.00 93.28 93.68 90.05 
3.84 0.07 0.07 0.09 0.07 -0.01 -0.01 0.01 -0.01 0.00 93.92 94.27 90.02 
3.94 0.06 0.06 0.08 0.07 0.02 0.02 0.01 -0.00 0.00 93.67 94.25 90.04 
4.04 0.07 0.07 0.07 0.07 0.02 0.02 0.01 -0.01 0.00 93.76 94.04 90.03 
4.14 0.06 0.07 0.07 0.07 -0.01 -0.02 0.02 -0.01 0.00 93.75 94.09 90.04 
4.24 0.11 0.07 0.06 0.07 0.01 0.04 0.01 -0.02 0.00 93.75 93.91 90.05 
4.34 0.05 0.06 0.04 0.07 0.03 0.02 0.01 -0.00 0.00 93.77 94.07 90.05 
4.45 0.06 0.06 0.07 0.07 0.03 0.04 0.01 -0.00 0.00 93.61 94.09 90.04 
4.55 0.06 0.06 0.07 0.07 0.03 0.03 0.01 -0.01 0.00 93.57 94.01 90.03 
4.66 0.06 0.06 0.06 0.07 0.02 0.02 0.01 -0.02 0.00 93.64 93.97 90.05 
4.76 0.07 0.06 0.07 0.07 0.00 0.00 0.02 -0.01 0.00 93.62 93.91 90.05 
4.86 0.06 0.06 0.08 0.07 0.06 0.06 0.01 -0.00 0.00 93.74 94.11 90.07 
4.97 0.06 0.06 0.07 0.07 0.03 0.03 0.01 -0.01 0.00 93.67 94.16 90.03 
5.07 0.08 0.06 0.04 0.06 0.06 0.07 0.01 -0.02 0.00 93.26 93.95 90.03 
5.17 0.06 0.06 0.07 0.07 0.04 0.04 0.01 -0.02 0.00 93.62 94.16 90.06 
5.28 0.08 0.06 0.07 0.07 0.00 0.01 0.01 -0.02 0.00 93.52 94.14 90.04 
5.38 0.10 0.07 0.09 0.07 -0.04 -0.02 0.01 -0.01 0.00 94.15 93.99 90.01 
5.48 0.02 0.06 0.08 0.07 0.04 0.01 0.01 0.01 0.00 94.18 93.87 90.02 
5.59 0.06 0.06 0.08 0.08 0.07 0.07 0.01 -0.02 0.00 93.61 94.39 90.02 
5.69 0.06 0.06 0.07 0.07 0.05 0.01 0.01 -0.01 0.00 93.57 94.27 90.04 
5.79 0.07 0.06 0.07 0.07 0.04 0.04 0.01 -0.01 0.00 93.68 94.20 90.04 
5.90 0.06 0.06 0.07 0.07 0.01 0.01 0.01 -0.00 0.00 93.63 94.05 90.06 
6.00 0.06 0.06 0.07 0.07 0.03 0.03 0.01 -0.01 0.00 93.57 94.08 90.03 
6.11 0.06 0.06 0.07 0.07 0.03 0.03 0.01 -0.01 0.00 93.51 94.04 90.05 
6.21 0.06 0.06 0.07 0.07 0.05 0.04 0.01 -0.01 0.00 93.64 94.08 90.06 
