4.03 0.07 0.05 0.08 0.05 0.15 0.15 0.01 -0.01 0.01 92.65 87.61 90.10 
4.26 0.06 0.05 0.08 0.06 0.12 0.14 0.02 -0.01 0.01 93.31 87.06 90.07 
4.36 0.07 0.06 0.07 0.07 0.05 0.05 0.01 -0.01 0.01 93.94 86.54 90.08 
4.47 0.07 0.06 0.07 0.07 0.01 0.01 0.02 -0.01 0.01 94.16 86.61 90.07 
4.57 0.07 0.06 0.09 0.07 -0.02 -0.01 0.02 -0.01 0.01 94.15 86.55 90.08 
4.67 0.07 0.06 0.07 0.07 -0.01 -0.03 0.01 -0.02 0.00 94.33 86.42 90.06 
4.78 0.05 0.06 0.07 0.07 -0.04 -0.04 0.01 -0.01 0.01 94.28 86.41 90.07 
4.88 0.06 0.04 0.08 0.07 -0.08 -0.08 0.01 -0.01 0.00 94.21 87.85 90.07 
4.98 0.06 0.05 0.08 0.07 -0.02 -0.02 0.02 -0.00 0.01 94.16 86.87 90.07 
5.09 0.06 0.06 0.08 0.07 -0.02 -0.02 0.03 -0.01 0.01 94.17 86.64 90.07 
5.19 0.06 0.06 0.07 0.07 0.01 -0.02 0.02 -0.01 0.01 94.22 86.57 90.09 
5.30 0.06 0.06 0.07 0.07 0.02 0.02 0.01 -0.01 0.01 94.12 86.41 90.08 
5.40 0.06 0.06 0.08 0.07 -0.01 -0.03 0.02 -0.01 0.00 94.29 86.57 90.06 
5.50 0.07 0.06 0.08 0.08 -0.01 -0.00 0.01 -0.01 0.01 94.33 86.42 90.07 
5.60 0.07 0.06 0.08 0.08 -0.04 -0.04 0.02 -0.02 0.00 94.36 86.53 90.04 
5.70 0.06 0.06 0.08 0.07 -0.01 -0.00 0.01 -0.01 0.00 94.26 86.57 90.05 
5.81 0.06 0.06 0.07 0.07 -0.01 -0.01 0.02 -0.01 0.00 94.17 86.44 90.07 
5.91 0.07 0.06 0.07 0.07 -0.02 -0.01 0.02 -0.01 0.00 94.18 86.52 90.05 
6.01 0.08 0.06 0.08 0.07 -0.02 -0.02 0.02 -0.01 0.00 94.06 86.74 90.08 
6.12 0.06 0.06 0.08 0.07 -0.01 -0.00 0.02 -0.01 0.01 94.22 86.47 90.06 
6.22 0.06 0.07 0.07 0.07 -0.02 -0.02 0.01 -0.01 0.00 94.22 86.25 90.05 
6.32 0.06 0.06 0.08 0.08 -0.02 -0.02 0.02 -0.01 0.01 94.36 86.38 90.07 
6.43 0.07 0.06 0.06 0.07 -0.02 -0.03 0.01 -0.01 0.01 94.27 86.43 90.06 
6.53 0.07 0.06 0.07 0.08 -0.01 -0.02 0.02 -0.01 0.01 94.35 86.48 90.07 
6.64 0.06 0.06 0.08 0.07 0.00 0.01 0.01 -0.01 0.01 94.19 86.32 90.05 
6.74 0.07 0.06 0.08 0.08 -0.03 -0.03 0.02 -0.01 0.01 94.35 86.45 90.06 
6.84 0.06 0.07 0.07 0.08 0.01 0.01 0.01 -0.01 0.01 94.37 86.21 90.09 
6.94 0.07 0.06 0.08 0.08 -0.06 -0.05 0.02 -0.00 0.01 94.35 86.40 90.08 
7.05 0.07 0.06 0.07 0.07 -0.02 -0.02 0.01 -0.01 0.00 94.30 86.39 90.06 
7.15 0.06 0.06 0.09 0.08 -0.04 -0.01 0.02 -0.01 0.01 94.47 86.50 90.06 
7.25 0.07 0.06 0.08 0.08 -0.02 -0.02 0.01 -0.01 0.00 94.39 86.39 90.05 
7.36 0.07 0.06 0.07 0.07 -0.00 -0.01 0.01 -0.01 0.01 94.24 86.55 90.05 
7.46 0.06 0.06 0.07 0.07 0.02 -0.01 0.02 -0.01 0.00 94.27 86.46 90.08 
7.56 0.07 0.06 0.07 0.08 0.00 -0.01 0.02 -0.01 0.01 94.30 86.30 90.07 
7.67 0.07 0.06 0.07 0.07 -0.01 -0.02 0.02 -0.01 0.00 94.24 86.36 90.07 
7.77 0.05 0.06 0.08 0.07 -0.00 0.01 0.01 -0.01 0.00 94.24 86.60 90.06 
7.87 0.06 0.06 0.08 0.08 -0.00 -0.00 0.02 -0.01 0.01 94.34 86.41 90.08 
7.97 0.07 0.06 0.07 0.08 -0.01 -0.01 0.01 -0.01 0.01 94.41 86.34 90.08 
8.07 0.06 0.06 0.08 0.08 -0.03 -0.02 0.02 -0.01 0.01 94.35 86.51 90.06 
8.18 0.06 0.06 0.08 0.08 -0.03 -0.00 0.01 -0.01 0.01 94.33 86.36 90.05 
8.28 0.06 0.06 0.07 0.07 -0.00 -0.01 0.02 -0.01 0.01 94.26 86.39 90.08 
8.38 0.06 0.06 0.07 0.08 -0.04 -0.05 0.01 -0.01 0.01 94.43 86.49 90.08 
8.49 0.06 0.06 0.08 0.08 -0.06 -0.06 0.02 -0.00 0.01 94.43 86.44 90.07 
8.59 0.06 0.06 0.07 0.08 -0.02 -0.02 0.01 -0.01 0.01 94.44 86.41 90.08 
8.69 0.06 0.06 0.08 0.08 -0.03 -0.02 0.01 -0.02 0.00 94.38 86.46 90.04 
8.79 0.06 0.06 0.07 0.08 -0.03 -0.03 0.02 -0.01 0.01 94.41 86.41 90.08 
8.90 0.06 0.06 0.07 0.07 0.00 -0.00 0.01 -0.01 0.00 94.29 86.57 90.04 
9.00 0.06 0.06 0.07 0.08 0.02 0.01 0.01 -0.02 0.01 94.41 86.54 90.08 
9.10 0.06 0.06 0.07 0.07 -0.03 -0.04 0.01 -0.02 0.01 94.30 86.54 90.06 
9.21 0.06 0.06 0.08 0.07 0.01 0.01 0.02 -0.01 0.01 94.21 86.34 90.09 
9.31 0.06 0.06 0.07 0.07 -0.01 -0.01 0.01 -0.01 0.01 94.24 86.52 90.05 
9.41 0.05 0.06 0.08 0.07 -0.03 -0.01 0.01 -0.01 0.01 94.27 86.58 90.09 
9.52 0.06 0.06 0.08 0.07 -0.03 -0.03 0.02 -0.01 0.01 94.25 86.58 90.06 
9.62 0.06 0.06 0.08 0.07 0.02 0.02 0.01 -0.01 0.00 94.20 86.53 90.06 
9.72 0.06 0.06 0.07 0.07 1.73 0.25 0.01 -0.01 0.01 94.27 86.44 90.08 
9.83 0.04 0.06 0.07 0.07 0.01 0.01 0.02 0.00 0.00 94.26 86.48 90.05 
9.93 0.06 0.06 0.08 0.08 -0.02 -0.01 0.02 -0.00 0.00 94.44 86.50 90.08 
10.03 0.06 0.08 0.08 0.08 -0.01 -0.01 0.02 0.00 0.00 94.40 85.46 90.09 
10.14 0.07 0.07 0.08 0.08 0.02 0.02 0.01 -0.01 0.01 94.37 86.15 90.07 
10.24 0.06 0.06 0.07 0.08 0.01 0.00 0.01 -0.02 0.01 94.44 86.47 90.08 
10.34 0.07 0.05 0.07 0.07 -0.08 -0.10 0.02 -0.00 0.00 94.47 87.28 90.05 
10.44 0.07 0.06 0.08 0.07 -0.01 -0.04 0.02 -0.01 0.01 94.20 86.58 90.07 
10.55 0.07 0.06 0.08 0.07 -0.03 -0.02 0.01 -0.01 0.01 94.17 86.41 90.09 
10.65 0.07 0.07 0.06 0.07 0.04 0.04 0.02 -0.01 0.01 94.09 86.13 90.07 
10.75 0.07 0.06 0.07 0.07 -0.00 -0.01 0.02 -0.00 0.00 94.33 86.42 90.05 
10.85 0.07 0.06 0.07 0.07 0.03 0.02 0.02 -0.01 0.00 94.25 86.32 90.06 
10.99 0.07 0.06 0.07 0.07 0.00 0.02 0.02 -0.02 0.01 94.24 86.30 90.09 
11.12 0.07 0.07 0.07 0.07 -0.07 -0.01 0.02 -0.00 0.00 94.17 86.25 90.06 
11.25 0.06 0.06 0.07 0.07 -0.03 -0.06 0.02 -0.01 0.01 94.12 86.30 90.09 
11.39 0.06 0.06 0.06 0.07 -0.01 -0.02 0.02 -0.01 0.01 94.03 86.33 90.06 
11.50 0.06 0.06 0.07 0.07 -0.01 -0.01 0.02 -0.01 0.00 94.05 86.35 90.04 
11.60 0.06 0.06 0.07 0.07 -0.05 -0.05 0.02 -0.01 0.01 94.17 86.53 90.09 
11.70 0.07 0.06 0.08 0.07 -0.02 -0.01 0.01 -0.01 0.00 94.23 86.45 90.06 
11.80 0.07 0.06 0.09 0.07 -0.05 -0.05 0.02 -0.00 0.00 94.16 86.51 90.10 
11.91 0.07 0.06 0.07 0.07 -0.06 -0.07 0.01 -0.01 0.01 94.25 86.55 90.08 
12.01 0.06 0.06 0.08 0.08 -0.03 -0.03 0.02 -0.01 0.00 94.34 86.47 90.06 
12.12 0.06 0.06 0.08 0.07 0.02 0.02 0.02 -0.01 0.00 94.26 86.45 90.05 
12.22 0.06 0.06 0.07 0.07 -0.03 -0.03 0.02 -0.01 0.00 94.25 86.42 90.05 
12.32 0.06 0.06 0.08 0.07 -0.02 -0.01 0.02 -0.02 0.01 94.10 86.34 90.06 
12.43 0.07 0.06 0.08 0.07 -0.03 -0.03 0.02 -0.01 0.00 94.26 86.41 90.06 
12.53 0.07 0.06 0.08 0.07 -0.02 -0.02 0.02 -0.01 0.01 94.25 86.41 90.04 
12.63 0.07 0.06 0.06 0.07 -0.02 -0.03 0.01 -0.02 0.01 94.34 86.40 90.07 
12.73 0.06 0.06 0.08 0.07 -0.03 -0.02 0.02 -0.00 0.01 94.10 86.44 90.10 
12.84 0.04 0.06 0.06 0.07 -0.01 -0.03 0.01 -0.01 0.01 94.23 86.51 90.05 
12.94 0.06 0.06 0.08 0.07 -0.00 0.00 0.02 -0.02 0.01 94.13 86.65 90.07 
13.04 0.07 0.06 0.07 0.07 -0.03 -0.03 0.01 -0.01 0.01 94.14 86.59 90.07 
13.15 0.06 0.06 0.07 0.08 -0.04 -0.04 0.02 -0.02 0.00 94.35 86.44 90.05 
13.25 0.07 0.06 0.08 0.07 -0.05 -0.05 0.02 -0.01 0.01 94.25 86.49 90.06 
13.35 0.07 0.06 0.07 0.07 -0.04 -0.04 0.02 -0.01 0.01 94.32 86.34 90.10 
13.46 0.06 0.06 0.08 0.07 -0.04 -0.04 0.02 -0.01 0.01 94.25 86.46 90.03 
13.56 0.06 0.06 0.07 0.07 -0.04 -0.04 0.01 -0.01 0.00 94.19 86.54 90.08 
13.66 0.06 0.06 0.07 0.07 -0.02 -0.02 0.02 -0.01 0.01 94.26 86.46 90.06 
13.76 0.07 0.06 0.08 0.08 -0.03 -0.02 0.02 -0.01 0.01 94.22 86.53 90.07 
13.86 0.06 0.06 0.08 0.07 -0.04 -0.04 0.02 -0.00 0.01 94.27 86.49 90.06 
13.97 0.07 0.06 0.07 0.07 -0.06 -0.06 0.02 -0.01 0.00 94.18 86.52 90.06 
14.07 0.06 0.06 0.08 0.07 -0.05 -0.03 0.02 -0.00 0.01 94.16 86.54 90.06 
14.17 0.06 0.06 0.07 0.07 -0.04 -0.04 0.02 -0.00 0.00 94.18 86.54 90.04 
14.28 0.06 0.06 0.07 0.07 -0.00 -0.00 0.01 -0.01 0.01 94.02 86.66 90.08 
14.38 0.06 0.06 0.07 0.07 -0.03 -0.03 0.02 -0.01 0.00 94.10 86.51 90.05 
14.48 0.06 0.06 0.08 0.07 -0.02 -0.02 0.01 0.01 0.00 94.15 86.48 90.05 
14.58 0.06 0.06 0.07 0.07 -0.02 -0.02 0.01 -0.00 0.01 94.16 86.52 90.08 
14.69 0.05 0.06 0.07 0.07 -0.03 -0.03 0.02 -0.00 0.00 94.20 86.57 90.05 
14.79 0.06 0.06 0.08 0.07 -0.03 1.47 0.02 -0.01 0.01 94.25 86.51 90.04 
14.89 0.05 0.06 0.07 0.07 -0.04 -0.04 0.02 -0.01 0.00 94.25 86.43 90.05 
15.00 0.08 0.06 0.09 0.08 -0.01 0.00 0.02 -0.01 0.00 94.22 86.48 90.06 
15.10 0.05 0.06 0.07 0.07 0.01 0.01 0.02 -0.02 0.01 94.09 86.18 90.08 
15.21 0.06 0.06 0.07 0.07 0.02 0.02 0.02 -0.02 0.01 94.19 86.35 90.04 
15.31 0.07 0.06 0.07 0.07 0.02 0.02 0.02 0.00 0.00 94.00 86.52 90.05 
15.41 0.06 0.06 0.08 0.08 -0.00 0.01 0.01 -0.02 0.01 94.21 86.63 90.09 
15.51 0.06 0.06 0.06 0.07 0.01 0.00 0.02 -0.01 0.00 94.09 86.48 90.07 
15.62 0.05 0.06 0.07 0.07 -0.02 -0.02 0.02 -0.01 0.00 94.20 86.52 90.08 
15.72 0.06 0.06 0.08 0.07 -0.00 -0.00 0.01 -0.01 0.01 94.14 86.61 90.06 
15.82 0.06 0.06 0.07 0.07 0.02 -0.00 0.02 -0.01 0.01 94.15 86.47 90.08 
15.93 0.03 0.05 0.08 0.07 0.03 0.05 0.01 0.00 0.00 93.82 86.80 90.05 
16.03 0.02 0.06 0.07 0.08 -0.09 -0.09 0.02 -0.07 0.01 94.67 86.13 90.18 
16.13 0.07 0.05 0.08 0.06 -0.02 -0.01 0.02 0.01 0.01 93.41 87.57 90.16 
16.24 0.05 0.06 0.08 0.07 0.04 0.05 0.01 -0.01 0.00 93.88 86.67 90.10 
16.34 0.05 0.06 0.07 0.07 0.05 0.03 0.02 -0.02 0.00 93.97 86.41 90.08 
16.44 0.07 0.07 0.06 0.07 0.05 0.04 0.02 -0.00 0.00 93.95 86.05 90.06 
16.54 0.06 0.06 0.08 0.07 0.01 0.02 0.01 -0.01 0.01 94.14 86.33 90.08 
16.64 0.03 0.06 0.09 0.09 -0.12 -0.10 0.01 0.03 0.00 94.84 86.21 90.05 
16.74 0.06 0.06 0.06 0.08 -0.07 -0.08 0.02 -0.01 0.00 94.42 86.56 90.02 
16.85 0.06 0.06 0.07 0.07 -0.01 -0.02 0.02 -0.01 0.01 94.28 86.53 90.06 
16.95 0.05 0.06 0.09 0.08 -0.07 -0.06 0.02 -0.00 0.00 94.35 86.80 90.02 
17.05 0.06 0.06 0.06 0.07 -0.00 -0.04 0.02 -0.03 0.01 94.44 86.62 90.04 
17.15 0.06 0.06 0.07 0.07 -0.02 -0.02 0.01 -0.01 0.00 94.25 86.51 90.09 
17.26 0.06 0.06 0.07 0.07 -0.00 -0.00 0.02 -0.01 0.00 94.24 86.44 90.08 
17.36 0.07 0.06 0.08 0.08 -0.01 -0.01 0.01 -0.01 0.01 94.42 86.42 90.08 
17.46 0.06 0.06 0.07 0.07 -0.02 -0.02 0.02 -0.01 0.01 94.26 86.43 90.07 
17.56 0.06 0.06 0.08 0.08 -0.03 -0.02 0.01 -0.01 0.00 94.27 86.42 90.05 
17.66 0.06 0.06 0.07 0.07 0.02 0.02 0.02 -0.01 0.01 94.09 86.34 90.08 
17.76 0.07 0.07 0.08 0.08 -0.01 0.00 0.03 0.01 0.00 94.21 86.22 90.05 
17.87 0.06 0.06 0.08 0.08 -0.02 -0.02 0.02 -0.00 0.00 94.30 86.50 90.08 
17.97 0.05 0.06 0.04 0.07 -0.01 -0.05 0.01 -0.04 0.01 94.58 86.61 90.08 
18.07 0.09 0.07 0.08 0.07 0.05 0.06 0.04 0.07 0.00 93.84 86.30 90.18 
18.17 0.04 0.07 -0.07 0.13 -0.24 -0.40 -0.06 0.02 0.30 99.60 85.97 94.01 
18.28 0.17 0.10 0.11 0.10 0.33 0.20 0.13 0.28 0.13 95.86 84.74 92.19 
18.38 0.11 0.07 0.05 0.09 0.66 0.63 -0.02 0.08 -0.01 95.70 86.39 89.86 
18.49 0.06 0.02 -0.19 0.02 0.90 0.56 -0.02 -0.95 0.06 93.49 88.98 90.76 
18.59 0.07 0.01 0.15 0.05 0.59 0.83 0.09 1.23 -0.29 91.97 89.97 86.82 
18.69 0.02 0.01 0.16 0.14 0.76 0.78 -0.31 -0.04 -0.31 98.11 89.33 86.42 
18.79 0.02 -0.01 0.16 0.14 0.66 0.69 -0.05 -0.22 -0.41 98.14 90.68 85.26 
18.90 -0.02 -0.02 0.08 0.12 0.62 0.59 0.21 -0.08 -0.84 97.60 91.44 80.68 
19.00 -0.06 -0.00 0.18 0.14 0.36 0.38 0.02 -0.35 -1.36 97.40 89.52 74.36 
19.10 -0.08 -0.03 0.24 0.16 0.22 0.26 -0.27 0.62 -1.77 98.12 90.99 69.10 
19.20 0.02 -0.02 0.21 0.19 0.27 0.28 -0.52 0.37 -1.87 100.91 91.43 67.54 
19.31 -0.30 -0.11 0.34 0.28 0.07 0.10 -0.09 -0.44 -1.54 105.61 94.42 71.12 
19.41 -0.41 -0.21 0.19 0.21 0.04 0.05 0.05 0.45 -1.64 102.17 100.24 70.38 
19.51 -0.13 -0.16 0.20 0.22 -0.07 0.01 0.44 -0.17 -1.55 102.51 99.48 70.94 
19.61 -0.20 -0.16 -0.01 0.13 -0.01 -0.04 0.47 0.08 -1.43 98.99 98.88 72.77 
19.72 -0.17 -0.12 0.25 0.20 -0.14 -0.13 0.25 -0.38 -1.34 101.07 96.34 74.13 
19.82 -0.06 -0.09 0.10 0.14 -0.09 -0.11 -0.21 0.07 -1.85 98.49 95.43 68.29 
19.92 -0.14 -0.10 0.12 0.09 -0.16 -0.15 0.70 0.55 -1.47 94.62 95.43 71.59 
20.03 0.10 0.02 0.16 0.11 -0.17 -0.15 0.58 -0.03 -1.06 96.03 89.76 77.47 
20.13 0.08 0.03 0.23 0.20 -0.31 -0.31 -0.27 -0.71 -1.35 100.88 88.76 73.91 
20.24 -0.02 0.03 0.25 0.25 -0.45 -0.44 -0.17 -0.45 -0.90 104.17 87.83 78.37 
20.34 -0.01 -0.02 0.11 0.18 -0.48 -0.49 -0.46 -1.59 -0.51 100.47 91.25 83.83 
20.44 -0.07 -0.07 -0.11 -0.00 -0.53 -0.54 -0.53 -1.70 -0.62 91.03 94.35 82.48 
20.54 -0.17 -0.16 -0.31 -0.18 -0.50 -0.51 -0.49 -1.57 -0.60 80.87 98.99 82.66 
20.65 -0.07 -0.17 -0.51 -0.38 -0.52 -0.54 -0.42 -1.54 -0.52 69.41 100.82 83.46 
20.75 -0.26 -0.25 -0.51 -0.51 -0.60 -0.58 -0.43 -1.51 -0.44 61.04 104.32 84.71 
20.85 -0.19 -0.22 -0.68 -0.69 -0.51 -0.51 -0.42 -1.39 -0.35 50.54 102.70 85.62 
20.95 -0.27 -0.25 -1.02 -0.88 -0.45 -0.47 -0.47 -1.23 -0.26 41.35 104.12 86.94 
21.05 -0.52 -0.39 -0.96 -0.98 -0.34 -0.35 -0.52 -0.79 -0.35 33.92 112.11 85.76 
21.16 -0.17 -0.39 -1.29 -1.15 -0.27 -0.28 -0.28 -0.43 -0.24 25.32 114.52 86.86 
21.26 -0.46 -0.40 -1.17 -1.18 -0.27 -0.25 0.02 -0.02 -0.06 22.28 112.22 88.99 
21.36 -0.39 -0.41 -1.11 -1.17 -0.24 -0.23 0.11 0.21 0.15 22.19 113.98 91.85 
21.46 -0.29 -0.42 -1.12 -1.15 -0.21 -0.19 0.25 0.67 0.20 24.04 115.57 92.25 
21.57 -0.44 -0.38 -0.95 -1.07 -0.28 -0.26 0.67 1.38 0.61 27.54 111.00 96.68 
21.67 -0.24 -0.31 -0.83 -0.95 -0.18 -0.15 0.86 2.07 0.97 34.35 108.30 101.17 
21.77 2.59 0.07 -2.29 -1.02 -0.08 -0.13 0.73 1.94 1.21 44.12 111.51 104.58 
21.87 -0.27 -0.15 -0.25 -0.56 -0.14 -0.08 0.69 2.34 1.06 54.44 97.47 102.98 
21.97 -0.07 -0.17 0.00 -0.26 -0.05 -0.21 0.49 2.40 0.93 72.52 100.93 101.48 
22.07 -0.22 -0.19 0.16 -0.03 -0.21 -0.17 0.43 1.87 0.82 88.19 101.00 99.84 
22.17 -0.01 -0.12 0.40 0.23 -0.08 -0.23 0.25 2.37 0.75 101.47 97.96 99.01 
22.27 0.14 -0.04 0.72 0.45 -0.10 -0.07 0.06 1.67 0.57 112.93 94.06 97.20 
22.37 -0.08 0.05 0.81 0.67 -0.06 -0.02 -0.16 1.04 0.44 128.21 87.38 95.32 
22.47 0.00 -0.01 0.74 0.72 -0.17 -0.17 -0.10 0.64 0.22 131.30 90.71 93.04 
22.57 -0.03 -0.02 0.81 0.76 -0.03 -0.02 0.31 0.70 0.18 133.12 91.29 91.92 
22.68 0.03 0.01 0.80 0.83 -0.08 -0.08 0.38 0.49 0.21 137.91 89.34 92.68 
22.78 0.04 0.08 0.84 0.89 -0.01 -0.01 0.09 0.03 0.04 141.27 84.83 90.75 
22.88 0.03 0.10 0.82 0.87 -0.07 0.01 -0.09 -1.16 -0.19 140.06 83.32 88.02 
22.98 0.01 0.05 0.63 0.76 -0.11 -0.13 -0.16 -1.93 -0.19 135.08 86.56 87.76 
23.08 0.05 0.02 0.51 0.58 -0.24 -0.26 0.04 -1.90 0.04 123.38 88.98 90.52 
23.18 0.04 0.04 0.33 0.41 -0.14 -0.16 0.46 -0.89 0.15 114.43 87.93 91.86 
23.28 0.16 0.10 0.25 0.35 -0.18 -0.20 0.41 -1.08 0.12 110.99 84.76 91.52 
23.39 0.35 0.26 0.32 0.33 -0.10 -0.11 -0.25 -1.01 0.18 109.10 76.02 91.87 
23.49 0.26 0.28 0.27 0.31 -0.12 -0.12 -0.59 -0.50 0.46 108.14 73.44 94.90 
23.59 0.16 0.20 0.21 0.26 -0.11 -0.13 -0.43 -0.31 0.84 105.54 78.32 99.75 
23.70 0.01 0.07 0.24 0.26 -0.14 -0.14 -0.26 -0.04 1.23 104.88 85.68 104.26 
23.80 -0.09 -0.02 0.27 0.25 -0.09 -0.08 -0.20 0.17 1.47 104.15 91.34 107.64 
23.90 -0.15 -0.12 0.19 0.22 -0.05 -0.05 -0.21 -0.19 1.50 102.64 96.39 108.05 
24.00 -0.26 -0.21 0.20 0.20 -0.01 -0.01 -0.07 -0.19 1.44 101.65 101.75 107.42 
24.11 -0.30 -0.25 0.11 0.15 0.23 0.17 -0.02 -0.08 1.35 98.92 103.96 106.49 
24.21 -0.18 -0.17 0.10 0.11 0.36 0.36 0.28 -0.04 1.15 96.44 99.49 104.15 
24.32 -0.03 -0.11 -0.00 0.02 0.64 0.65 -0.13 -0.01 0.77 91.12 96.90 99.84 
24.42 -0.12 -0.08 0.05 0.04 0.59 0.59 -0.44 -0.17 0.38 92.01 94.83 94.62 
24.52 -0.16 -0.10 0.05 0.08 0.45 0.44 -1.32 -0.14 0.25 94.55 95.12 93.04 
24.62 -0.43 -0.26 0.03 0.06 0.51 0.48 -1.87 -0.27 0.07 93.46 103.01 91.17 
24.73 -0.70 -0.49 0.12 0.08 0.41 0.41 -1.93 -0.19 -0.07 93.89 115.84 89.01 
24.83 -0.79 -0.63 0.11 0.09 0.28 0.29 -1.82 -0.39 -0.19 94.60 124.66 87.67 
24.93 -0.86 -0.77 0.09 0.10 0.22 0.22 -1.66 -0.02 -0.11 95.62 133.41 88.64 
25.03 -0.87 -0.86 0.02 0.05 0.25 0.24 -1.07 0.03 -0.18 93.31 139.26 87.95 
25.13 -1.00 -0.94 0.03 0.04 0.27 0.27 -0.39 0.20 -0.12 92.15 144.11 88.51 
25.24 -1.00 -1.01 0.06 0.06 0.22 0.22 -0.12 0.19 0.04 93.72 148.12 90.44 
25.34 -1.08 -1.04 0.09 0.08 0.20 0.20 -0.02 -0.02 0.05 94.41 149.01 90.52 
25.44 -0.99 -1.05 0.06 0.07 0.24 0.23 -0.03 -0.05 0.07 93.84 150.74 90.84 
25.54 -0.97 -1.01 0.07 0.06 0.25 0.26 0.42 -0.09 -0.04 93.16 148.33 89.63 
25.65 -0.88 -0.94 0.10 0.08 0.20 0.20 1.34 0.04 0.00 94.51 144.23 89.89 
25.75 -0.67 -0.84 0.20 0.12 0.15 0.18 2.02 0.26 0.13 96.02 139.56 91.41 
25.85 -0.60 -0.71 0.12 0.12 0.24 0.24 2.45 -0.08 0.18 96.78 130.54 92.19 
25.95 -0.40 -0.55 0.20 0.16 0.26 0.29 2.51 0.36 0.34 98.59 122.87 93.62 
26.05 -0.17 -0.33 0.21 0.18 0.54 0.35 2.01 0.50 0.47 99.85 110.57 95.48 
26.15 0.05 -0.11 0.17 0.16 0.58 0.60 1.69 0.16 0.25 99.11 98.15 93.31 
26.26 0.26 0.09 0.26 0.23 0.58 0.61 1.30 0.02 0.20 102.68 86.79 92.26 
26.36 0.24 0.22 0.29 0.29 0.48 0.48 0.71 0.02 0.45 106.37 77.39 95.13 
26.46 0.34 0.28 0.20 0.24 0.63 0.63 0.57 -0.30 0.39 103.84 74.44 94.91 
26.57 0.36 0.35 0.14 0.17 0.72 0.71 0.72 0.06 0.22 100.35 70.18 92.62 
26.67 0.52 0.45 0.16 0.16 0.76 0.77 0.46 0.21 0.26 99.50 64.92 93.24 
26.77 0.49 0.47 0.17 0.15 0.86 0.83 0.40 -0.05 0.05 98.22 63.58 90.83 
26.87 0.69 0.60 0.19 0.19 0.71 0.72 0.26 -0.08 0.09 101.20 56.30 90.84 
26.98 0.63 0.61 0.13 0.18 0.73 0.72 0.01 -0.10 0.07 100.54 55.19 90.98 
27.08 0.58 0.60 0.22 0.21 0.69 0.69 -0.27 -0.22 0.03 101.66 55.58 90.37 
27.18 0.50 0.54 0.15 0.17 0.68 0.67 -0.48 -0.22 0.05 100.11 58.64 90.68 
27.28 0.35 0.46 0.13 0.12 0.71 0.74 -0.39 -0.23 -0.12 96.88 61.82 88.96 
27.39 0.44 0.44 0.16 0.13 0.61 0.62 -0.32 -0.15 0.03 97.33 64.97 90.33 
27.49 0.27 0.38 -0.14 0.04 0.72 0.67 -0.39 0.18 0.04 94.11 67.28 91.73 
27.59 -0.12 0.11 -0.10 -0.23 1.35 1.31 -0.81 -1.14 -2.82 75.63 81.53 56.13 
27.70 0.86 0.40 0.85 0.30 -0.05 0.02 -1.11 -1.70 -2.82 101.41 71.77 49.70 
27.80 0.23 0.23 0.52 0.38 -0.33 -0.30 0.00 1.05 1.84 110.52 77.16 109.79 
27.90 0.04 0.10 0.11 0.28 -0.16 -0.19 -0.10 0.46 2.63 107.48 83.93 121.22 
28.00 0.03 0.04 -0.14 0.08 0.47 0.30 0.11 0.24 2.29 94.50 87.80 117.42 
28.10 0.04 0.11 -0.49 -0.25 1.00 0.95 0.03 -0.15 0.38 78.39 83.31 97.51 
28.21 -0.02 0.03 -0.42 -0.36 1.16 1.14 -0.13 -0.44 -1.60 70.00 87.79 72.29 
28.31 -0.07 0.03 0.01 -0.12 0.77 0.78 -0.66 -0.55 -2.25 82.06 87.26 63.02 
28.41 -0.19 -0.04 -0.26 -0.09 0.46 0.40 -0.50 0.22 -2.07 86.37 90.42 65.53 
28.51 -0.12 -0.10 0.07 -0.04 0.18 0.35 -0.35 -0.36 -2.85 86.91 95.84 56.33 
28.62 0.19 0.01 0.48 0.18 -0.28 -0.25 -0.34 -0.27 -1.75 97.39 91.28 66.06 
28.72 -0.05 0.03 0.02 0.20 -0.30 -0.32 -0.34 0.11 0.17 101.27 88.41 92.09 
28.82 -0.32 -0.18 -0.53 -0.33 0.48 0.42 -0.27 0.08 -1.91 72.87 98.88 72.93 
28.92 0.54 -0.05 0.99 0.18 -0.60 -0.58 -0.49 -1.12 -3.12 91.85 98.96 47.84 
29.02 -0.13 -0.01 0.23 0.32 -0.67 -0.66 -0.06 0.65 0.99 108.12 90.79 101.88 
29.12 -0.01 -0.08 -0.11 0.03 -0.51 -0.54 0.01 0.16 0.84 93.24 95.30 100.89 
29.23 -0.14 -0.10 -0.07 -0.07 -0.23 -0.28 -0.21 0.27 0.68 86.08 95.06 98.45 
29.33 -0.10 -0.11 -0.07 -0.08 -0.19 -0.19 -0.18 0.10 0.49 85.35 96.62 95.89 
29.43 -0.34 -0.24 -0.22 -0.11 -0.09 -0.16 0.06 0.42 0.61 83.79 103.55 97.31 
29.53 -0.05 -0.20 -0.16 -0.35 0.24 0.30 0.17 -2.11 -3.49 68.06 103.10 51.30 
29.64 -0.10 0.05 0.25 0.19 -0.64 -0.62 -0.01 0.84 0.75 100.53 85.93 92.28 
29.74 -0.48 -0.12 -0.13 0.07 -0.57 -0.55 0.19 0.90 2.47 95.92 93.42 120.17 
29.84 -0.32 -0.24 -0.19 -0.18 0.01 0.01 -0.20 0.18 0.90 79.95 103.17 103.06 
29.95 -0.23 -0.21 -0.21 -0.10 -0.11 -0.14 -0.90 -0.74 0.15 85.26 101.84 91.27 
30.05 -0.91 -0.32 0.41 0.17 -0.50 -0.39 -2.48 -0.99 1.37 99.76 108.50 106.44 
30.15 -0.42 -0.39 -0.02 0.06 -0.15 -0.16 -0.78 -0.01 2.06 94.24 112.00 115.65 
30.25 -0.71 -0.56 -0.22 -0.09 0.10 0.07 3.43 0.63 1.28 86.03 120.86 106.26 
30.35 -0.20 -0.43 -0.38 -0.26 1.01 1.06 2.75 0.73 -0.35 76.17 116.70 87.64 
30.45 0.16 -0.05 -0.12 -0.17 0.56 0.60 -0.08 -0.65 -1.58 79.58 94.82 72.56 
30.56 -0.15 -0.02 -0.11 -0.14 0.14 0.15 -1.77 -1.40 -2.20 81.61 90.09 63.96 
30.66 -0.24 -0.18 -0.22 -0.14 -0.29 -0.15 -2.22 -1.88 -1.94 82.55 99.56 66.21 
30.76 -0.60 -0.33 -0.30 -0.19 -0.44 -0.44 -2.26 -1.52 -0.86 79.23 109.09 79.67 
30.86 -0.46 -0.44 -0.39 -0.29 -0.41 -0.42 -1.26 -0.26 0.89 74.42 115.30 99.26 
30.96 -0.59 -0.58 -0.19 -0.28 -0.36 -0.35 0.69 1.06 2.00 72.88 122.89 112.81 
31.06 -0.52 -0.62 -0.03 -0.19 -0.12 -0.08 1.91 2.42 2.74 79.07 125.46 122.93 
31.16 -0.39 -0.48 0.09 -0.02 -0.29 -0.28 2.66 1.62 2.45 87.67 118.47 120.93 
31.26 -0.28 -0.41 0.02 -0.00 0.60 0.64 3.25 -0.63 0.57 89.61 114.70 99.47 
31.37 0.22 0.02 0.03 0.08 0.08 0.21 0.91 -1.64 -0.87 94.78 90.89 80.69 
31.47 0.32 0.24 0.07 0.06 -0.08 -0.08 -1.45 -2.66 -1.02 93.26 76.38 77.79 
31.57 -0.09 0.10 -0.37 -0.26 -0.24 -0.25 -2.27 -3.00 -0.67 76.18 82.38 81.79 
31.67 -0.22 -0.06 -0.59 -0.55 -0.14 -0.16 -1.48 -2.67 -0.83 58.78 92.01 80.15 
31.77 -0.21 -0.25 -0.95 -0.97 0.06 0.07 -0.78 -1.14 -0.61 33.94 104.92 82.12 
31.88 -0.35 -0.30 -0.91 -0.96 -0.06 -0.06 -0.20 -0.43 -0.24 34.58 107.05 87.14 
31.98 -0.28 -0.30 -0.93 -0.96 -0.10 -0.09 0.02 0.25 0.05 34.81 107.06 90.34 
32.08 -0.22 -0.28 -0.92 -0.96 -0.01 -0.06 0.19 1.02 0.32 35.08 106.13 93.86 
32.19 -0.23 -0.26 -0.77 -0.81 -0.12 -0.11 0.52 1.91 0.72 43.36 105.07 98.24 
32.29 -0.05 -0.18 -0.72 -0.62 0.03 0.02 0.73 2.45 0.98 55.39 101.61 101.42 
32.39 -0.27 -0.14 -0.11 -0.34 -0.10 -0.06 0.61 2.73 1.20 70.65 97.80 104.40 
32.50 -0.06 -0.07 0.22 -0.06 0.10 0.15 0.68 3.45 1.28 83.98 94.08 105.16 
32.60 -0.32 -0.15 0.36 0.25 0.53 0.13 0.60 3.83 1.42 103.17 96.85 107.26 
32.70 1.82 0.32 1.51 0.80 0.25 0.26 0.45 3.19 1.13 128.91 86.83 104.47 
32.80 0.43 0.23 1.00 0.90 0.68 0.69 0.34 1.50 0.67 140.59 78.70 99.11 
32.91 0.07 0.24 0.94 0.99 0.69 0.68 0.24 -0.19 -0.31 146.93 74.51 87.17 
33.01 0.18 0.33 0.92 1.02 0.48 0.47 0.06 -0.86 -0.63 149.53 69.88 82.54 
33.12 0.28 0.28 0.87 0.97 0.20 0.34 -0.13 -1.82 -0.48 146.93 74.01 84.08 
33.22 0.17 0.20 0.76 0.86 0.07 0.06 -0.39 -2.59 -0.23 140.15 78.03 86.98 
33.32 0.01 0.12 0.48 0.67 -0.24 -0.25 -0.81 -3.61 -0.09 128.26 83.20 88.97 
33.43 0.00 0.03 -0.32 0.20 -0.04 -0.13 -0.94 -3.13 -0.02 106.52 88.10 89.80 
33.53 -0.12 -0.09 -0.47 -0.23 -0.01 -0.06 -0.97 -2.21 0.03 79.26 94.85 90.09 
33.66 -0.25 -0.11 -0.72 -0.30 -0.21 -0.04 -0.89 -1.58 -0.06 72.63 96.52 89.32 
33.79 -0.28 -0.14 -0.44 -0.32 -0.29 -0.22 0.20 0.31 0.41 71.43 97.92 94.86 
33.93 -0.37 -0.17 0.12 -0.26 -0.14 -0.27 1.09 2.62 2.20 75.22 99.92 116.34 
34.07 -0.27 -0.19 0.33 -0.17 0.37 -0.06 0.77 2.52 2.79 80.31 100.80 123.44 
34.17 -0.17 -0.19 0.39 -0.09 0.98 0.46 0.59 1.22 2.18 85.07 100.62 116.17 
34.27 -0.21 -0.09 0.30 0.29 0.55 0.55 0.18 0.14 1.52 106.49 95.10 108.23 
34.37 -0.19 -0.13 0.36 0.34 0.65 0.64 -0.76 -0.21 0.80 109.58 97.31 99.64 
34.48 -0.16 -0.16 0.29 0.33 0.36 0.57 -0.86 -0.46 0.12 109.07 98.95 91.88 
34.58 -0.07 -0.13 0.35 0.37 -0.11 -0.14 -0.17 -0.12 0.62 111.72 98.33 96.67 
34.68 0.01 -0.18 0.43 0.33 -0.08 -0.04 0.06 0.62 -0.11 108.07 102.22 89.27 
34.78 -0.43 -0.43 0.16 0.63 4.62 4.66 0.61 -1.18 -0.23 125.91 114.61 87.28 
34.88 -0.19 -0.28 0.11 0.41 -1.40 3.90 0.56 -0.35 0.11 113.46 106.06 91.35 
34.99 -0.15 -0.07 0.25 0.31 -0.94 -0.71 0.76 -0.81 0.23 108.45 92.95 92.68 
35.09 -0.09 -0.05 0.41 0.29 -0.88 -0.84 -0.37 -0.08 -0.13 106.60 92.95 88.45 
35.19 -0.17 -0.07 0.10 0.20 -0.91 -0.81 0.46 -0.35 0.32 101.24 94.17 93.88 
35.29 -0.09 0.00 -0.24 0.12 -0.70 -0.78 0.08 -0.36 0.05 100.43 89.07 90.95 
35.40 0.25 0.21 0.23 0.12 -0.33 -0.30 0.37 -0.07 -0.17 95.69 78.66 88.36 
35.50 0.15 0.28 0.12 0.12 -0.25 -0.23 -0.14 -0.41 -0.26 96.93 73.76 86.86 
35.60 -0.73 0.22 -0.26 -0.28 0.51 0.40 0.09 0.17 -0.25 73.67 67.95 87.89 
35.70 0.01 0.07 0.03 -0.04 -0.36 -0.30 -0.02 -0.10 -0.02 87.60 86.05 89.81 
35.81 0.09 0.06 0.08 -0.00 -0.49 -0.46 0.01 -0.08 0.01 89.21 86.88 90.09 
35.91 0.09 0.06 0.11 0.05 -0.62 -0.60 0.07 0.08 0.00 92.10 86.82 90.05 
36.02 0.03 0.05 0.14 0.08 -0.73 -0.70 0.00 -0.03 0.01 94.29 86.93 90.07 
36.12 0.08 0.05 0.07 0.06 -0.72 -0.73 0.00 -0.02 0.01 93.65 87.64 90.06 
36.22 0.07 0.05 0.08 0.07 -0.72 -0.72 0.02 -0.01 0.00 94.03 86.92 90.04 
36.32 0.07 0.06 0.09 0.07 -0.73 -0.73 0.01 -0.01 0.01 94.26 86.60 90.06 
36.42 0.06 0.06 0.07 0.07 -0.70 -0.71 0.02 -0.01 0.01 94.27 86.34 90.08 
36.53 0.08 0.07 0.08 0.07 -0.70 -0.71 0.02 -0.00 0.01 94.21 86.39 90.07 
36.63 0.06 0.07 0.08 0.07 -0.68 -0.68 0.01 -0.01 0.01 94.13 86.21 90.07 
36.73 0.05 0.06 0.07 0.08 -0.73 -0.73 0.01 -0.02 0.01 94.33 86.43 90.06 
36.84 0.06 0.06 0.08 0.08 -0.73 -0.73 0.02 -0.00 0.00 94.50 86.53 90.05 
36.94 0.05 0.06 0.08 0.07 -0.71 -0.71 0.01 -0.01 0.00 94.15 86.49 90.03 
37.04 0.06 0.06 0.07 0.07 -0.72 -0.72 0.02 -0.01 0.01 94.10 86.52 90.08 
37.14 0.07 0.06 0.08 0.07 -0.73 -0.73 0.02 -0.01 0.00 94.26 86.50 90.04 
37.25 0.06 0.06 0.08 0.07 -0.74 -0.74 0.02 -0.01 0.00 94.22 86.59 90.06 
37.35 0.07 0.06 0.07 0.08 -0.74 -0.74 0.02 -0.02 0.00 94.38 86.53 90.07 
37.46 0.06 0.05 0.07 0.07 -0.74 -0.76 0.02 -0.01 0.00 94.18 86.99 90.08 
37.56 0.05 0.06 0.09 0.06 -0.73 -0.72 0.02 -0.02 0.01 93.47 86.64 90.06 
37.66 0.05 0.07 0.08 0.07 -0.69 -0.68 0.01 -0.01 0.01 94.13 86.06 90.06 
37.77 0.10 0.07 0.12 0.08 -0.70 -0.70 0.01 -0.02 0.01 94.01 86.29 90.11 
37.87 0.10 0.08 0.09 0.07 -0.67 -0.67 0.01 -0.02 0.06 94.24 85.39 90.68 
37.97 0.07 0.07 0.06 0.07 -0.71 -0.71 0.01 -0.00 0.08 94.09 86.19 90.90 
38.07 0.05 0.04 0.08 0.06 -0.75 -0.74 0.01 -0.04 0.03 93.15 87.76 90.34 
38.18 0.07 0.06 0.11 0.09 -0.77 -0.76 0.01 -0.01 0.13 95.10 86.61 91.39 
38.28 0.05 0.07 0.03 0.08 -0.68 -0.69 0.01 0.01 0.23 95.39 85.75 92.84 
38.38 -0.43 0.29 0.37 -0.18 0.26 0.35 0.07 -0.13 -0.81 74.11 65.77 79.73 
38.48 2.67 0.20 2.61 0.75 -1.03 3.79 0.33 -0.14 0.28 133.00 78.61 93.40 
38.59 0.01 0.68 0.12 -0.07 0.04 0.07 0.05 -0.02 0.43 84.18 44.20 95.52 
38.69 0.09 0.20 0.04 -0.01 -0.21 -0.18 0.02 -0.04 0.01 88.82 77.15 90.08 
38.79 0.05 0.11 0.06 0.04 -0.48 -0.46 0.02 -0.02 0.01 92.57 83.56 90.08 
38.89 0.07 0.07 0.08 0.07 -0.64 -0.63 0.02 -0.01 0.01 93.80 85.68 90.06 
39.00 0.04 0.06 0.07 0.07 -0.68 -0.67 0.02 -0.01 0.01 94.14 86.48 90.08 
39.10 0.07 0.07 0.08 0.07 -0.66 -0.66 0.01 -0.01 0.00 94.13 86.20 90.07 
39.20 0.07 0.06 0.07 0.08 -0.69 -0.71 0.01 -0.01 0.00 94.43 86.62 90.08 
39.30 0.05 0.06 0.07 0.07 -0.70 -0.70 0.01 -0.01 0.00 94.17 86.64 90.05 
39.41 0.08 0.13 0.10 0.07 -0.54 -0.52 0.01 -0.08 0.01 93.72 82.08 90.04 
39.51 -0.02 0.01 0.09 0.04 -0.80 -0.76 -0.01 -0.15 -0.22 92.44 89.63 87.35 
39.61 0.01 0.04 0.04 0.07 -0.72 -0.72 0.01 -0.01 0.03 94.26 87.21 90.37 
39.72 0.01 0.01 0.11 0.10 -0.91 -0.89 -0.02 -0.03 -0.02 95.86 89.26 89.68 
