0 0 0 2.75 0.00000000 0.00000000 0.00 0.00 0.00 0.14 0.13 -0.09 -0.09 -0.02 -0.21 98.19 96.84 87.34 
0 0 0 2.92 0.00000000 0.00000000 0.00 0.00 0.00 0.07 0.11 0.06 -0.05 0.11 -0.02 93.81 96.47 89.79 
0 0 0 3.02 0.00000000 0.00000000 0.00 0.00 0.00 0.03 0.09 0.12 -0.05 0.09 0.06 91.98 95.05 90.71 
0 0 0 3.12 0.00000000 0.00000000 0.00 0.00 0.00 0.06 0.09 -0.01 -0.08 0.01 -0.05 93.60 95.16 89.42 
0 0 0 3.22 0.00000000 0.00000000 0.00 0.00 0.00 0.05 0.15 -0.09 -0.16 -0.05 -0.13 93.14 98.53 88.50 
0 0 0 3.32 0.00000000 0.00000000 0.00 0.00 0.00 0.04 0.11 -0.09 -0.07 -0.16 -0.02 92.12 96.55 89.72 
0 0 0 3.42 0.00000000 0.00000000 0.00 0.00 0.00 0.07 0.09 -0.19 0.09 0.08 0.08 93.76 95.28 91.02 
0 0 0 3.55 0.00000000 0.00000000 0.00 0.00 0.00 0.06 0.08 -0.13 0.06 -0.05 0.09 93.65 94.32 91.11 
0 0 0 3.69 0.00000000 0.00000000 0.00 0.00 0.00 0.05 0.10 -0.04 0.02 0.07 0.05 92.83 95.85 90.65 
0 0 0 3.82 0.00000000 0.00000000 0.00 0.00 0.00 0.06 0.10 -0.12 0.01 -0.03 -0.02 93.67 95.59 89.78 
0 0 0 3.96 0.00000000 0.00000000 0.00 0.00 0.00 0.05 0.10 -0.03 -0.00 -0.08 0.05 93.07 95.68 90.61 
0 0 0 4.06 0.00000000 0.00000000 0.00 0.00 0.00 0.06 0.07 -0.09 0.01 0.05 0.07 93.55 94.20 90.83 
0 0 0 4.16 0.00000000 0.00000000 0.00 0.00 0.00 0.06 0.07 -0.09 0.01 0.05 0.02 93.52 94.17 90.24 
0 0 0 4.26 0.00000000 0.00000000 0.00 0.00 0.00 0.05 0.10 -0.07 -0.01 0.04 -0.03 93.11 95.75 89.68 
0 0 0 4.36 0.00000000 0.00000000 0.00 0.00 0.00 0.06 0.11 -0.11 0.01 -0.01 0.01 93.47 96.04 90.12 
0 0 0 4.46 0.00000000 0.00000000 0.00 0.00 0.00 0.05 0.09 -0.08 0.03 -0.01 0.01 93.05 94.99 90.15 
0 0 0 4.56 0.00000000 0.00000000 0.00 0.00 0.00 0.06 0.11 -0.10 0.04 -0.02 0.00 93.49 96.09 90.03 
0 0 0 4.66 0.00000000 0.00000000 0.00 0.00 0.00 0.07 0.10 -0.12 0.00 0.01 0.02 93.74 95.48 90.23 
0 0 0 4.76 0.00000000 0.00000000 0.00 0.00 0.00 0.06 0.07 -0.09 0.02 -0.00 0.02 93.30 93.95 90.27 
0 0 0 4.87 0.00000000 0.00000000 0.00 0.00 0.00 0.06 0.10 -0.07 0.02 0.02 -0.02 93.46 95.81 89.82 
0 0 0 4.97 0.00000000 0.00000000 0.00 0.00 0.00 0.07 0.10 -0.11 0.02 0.01 0.01 93.98 95.50 90.14 
0 0 0 5.07 0.00000000 0.00000000 0.00 0.00 0.00 0.06 0.08 -0.06 0.03 0.00 0.03 93.54 94.63 90.42 
0 0 0 5.17 0.00000000 0.00000000 0.00 0.00 0.00 0.06 0.10 -0.06 0.04 0.05 -0.02 93.42 95.90 89.78 
0 0 0 5.27 0.00000000 0.00000000 0.00 0.00 0.00 0.06 0.10 -0.09 -0.00 0.05 0.01 93.52 95.92 90.11 
0 0 0 5.37 0.00000000 0.00000000 0.00 0.00 0.00 0.07 0.11 -0.08 0.02 -0.01 -0.00 93.73 96.54 89.98 
0 0 0 5.47 0.00000000 0.00000000 0.00 0.00 0.00 0.05 0.13 -0.04 0.01 -0.22 0.02 92.96 97.35 90.29 
0 0 0 5.57 0.00000000 0.00000000 0.00 0.00 0.00 0.05 0.02 -0.02 0.04 -1.04 -0.01 93.08 91.32 89.88 
0 0 0 5.67 0.00000000 0.00000000 0.00 0.00 0.00 0.07 -0.02 -0.12 0.05 -0.65 0.02 93.95 88.69 90.25 
0 0 0 5.77 0.00000000 0.00000000 0.00 0.00 0.00 0.09 -0.06 -0.17 -0.00 -0.78 0.15 95.12 86.81 91.74 
0 0 0 5.88 0.00000000 0.00000000 0.00 0.00 0.00 0.05 -0.21 0.06 0.05 -1.18 0.30 92.99 78.00 93.64 
0 0 0 5.98 0.00000000 0.00000000 0.00 0.00 0.00 0.03 -0.32 0.19 0.26 -0.64 0.28 91.64 71.71 93.37 
0 0 0 6.08 0.00000000 0.00000000 0.00 0.00 0.00 0.07 -0.38 0.27 0.30 -0.65 0.19 93.73 68.03 92.31 
0 0 0 6.18 0.00000000 0.00000000 0.00 0.00 0.00 0.09 -0.44 0.21 0.11 -0.59 0.18 95.17 64.68 92.20 
0 0 0 6.28 0.00000000 0.00000000 0.00 0.00 0.00 0.06 -0.50 0.44 -0.04 -0.44 0.12 93.29 61.48 91.44 
0 0 0 6.38 0.00000000 0.00000000 0.00 0.00 0.00 0.10 -0.56 0.14 -0.07 -0.42 0.10 95.91 58.11 91.24 
0 0 0 6.48 0.00000000 0.00000000 0.00 0.00 0.00 0.07 -0.55 0.44 -0.07 -0.12 0.10 93.87 58.75 91.24 
0 0 0 6.58 0.00000000 0.00000000 0.00 0.00 0.00 0.06 -0.63 0.22 -0.01 -0.39 0.04 93.40 54.00 90.43 
0 0 0 6.68 0.00000000 0.00000000 0.00 0.00 0.00 0.05 -0.57 0.64 0.03 -0.13 0.01 93.96 55.15 90.01 
0 0 0 6.78 0.00000000 0.00000000 0.00 0.00 0.00 0.05 -0.54 0.92 0.07 -0.10 0.05 93.11 58.62 90.64 
0 0 0 6.88 0.00000000 0.00000000 0.00 0.00 0.00 0.05 -0.60 0.52 -0.03 -0.14 0.05 92.39 56.70 90.68 
0 0 0 6.98 0.00000000 0.00000000 0.00 0.00 0.00 0.05 -0.58 0.69 -0.01 0.05 0.02 92.68 56.65 90.30 
0 0 0 7.09 0.00000000 0.00000000 0.00 0.00 0.00 0.04 -0.65 0.42 0.02 0.03 0.01 92.56 52.93 90.13 
0 0 0 7.19 0.00000000 0.00000000 0.00 0.00 0.00 0.05 -0.58 0.77 0.03 0.04 0.02 92.14 57.39 90.13 
0 0 0 7.29 0.00000000 0.00000000 0.00 0.00 0.00 0.05 -0.64 0.36 0.03 -0.00 0.03 93.10 53.58 90.34 
0 0 0 7.39 0.00000000 0.00000000 0.00 0.00 0.00 0.04 -0.63 0.48 0.05 -0.10 -0.01 92.49 54.10 89.88 
0 0 0 7.49 0.00000000 0.00000000 0.00 0.00 0.00 0.06 -0.60 0.52 -0.00 0.03 0.02 93.59 55.42 90.23 
0 0 0 7.59 0.00000000 0.00000000 0.00 0.00 0.00 0.04 -0.62 0.51 0.02 0.03 0.03 92.18 54.48 90.42 
0 0 0 7.69 0.00000000 0.00000000 0.00 0.00 0.00 0.07 -0.63 0.31 0.04 -0.02 0.01 94.04 53.66 90.08 
0 0 0 7.79 0.00000000 0.00000000 0.00 0.00 0.00 0.03 -0.59 0.75 0.03 0.03 0.03 91.88 56.14 90.37 
0 0 0 7.89 0.00000000 0.00000000 0.00 0.00 0.00 0.06 -0.62 0.42 0.03 0.02 -0.01 93.61 54.54 89.84 
0 0 0 7.99 0.00000000 0.00000000 0.00 0.00 0.00 0.07 -0.65 0.28 -0.00 -0.04 -0.00 94.11 52.69 89.94 
0 0 0 8.09 0.00000000 0.00000000 0.00 0.00 0.00 0.04 -0.63 0.52 0.01 0.03 0.03 92.53 54.07 90.40 
0 0 0 8.19 0.00000000 0.00000000 0.00 0.00 0.00 0.06 -0.63 0.37 0.03 -0.06 -0.01 93.38 54.14 89.83 
0 0 0 8.30 0.00000000 0.00000000 0.00 0.00 0.00 0.07 -0.63 0.34 0.02 -0.05 0.02 94.00 54.12 90.25 
0 0 0 8.40 0.00000000 0.00000000 0.00 0.00 0.00 0.03 -0.63 0.52 0.03 -0.10 0.01 91.95 53.77 90.12 
0 0 0 8.50 0.00000000 0.00000000 0.00 0.00 0.00 0.08 -0.64 0.21 0.05 -0.02 0.01 94.67 53.22 90.07 
0 0 0 8.60 0.00000000 0.00000000 0.00 0.00 0.00 0.06 -0.63 0.40 0.02 0.03 0.04 93.38 54.14 90.48 
0 0 0 8.70 0.00000000 0.00000000 0.00 0.00 0.00 0.06 -0.64 0.33 0.02 -0.04 -0.03 93.20 53.13 89.67 
0 0 0 8.80 0.00000000 0.00000000 0.00 0.00 0.00 0.06 -0.61 0.36 -0.05 0.10 0.02 93.42 55.00 90.22 
0 0 0 8.90 0.00000000 0.00000000 0.00 0.00 0.00 0.03 -0.59 0.47 -0.07 -0.03 0.00 91.92 56.20 90.00 
0 0 0 9.00 0.00000000 0.00000000 0.00 0.00 0.00 0.04 -0.56 0.44 0.04 0.05 -0.03 92.16 57.72 89.58 
0 0 0 9.10 0.00000000 0.00000000 0.00 0.00 0.00 0.04 -0.55 0.48 0.10 0.08 0.01 92.14 58.74 90.08 
0 0 0 9.20 0.00000000 0.00000000 0.00 0.00 0.00 0.06 -0.57 0.29 0.03 0.09 -0.01 93.32 57.52 89.85 
0 0 0 9.31 0.00000000 0.00000000 0.00 0.00 0.00 0.08 -0.57 0.10 -0.09 0.40 0.02 94.09 56.92 90.23 
0 0 0 9.41 0.00000000 0.00000000 0.00 0.00 0.00 0.01 -0.41 0.79 -0.25 0.80 -0.00 91.48 66.07 90.10 
0 0 0 9.52 0.00000000 0.00000000 0.00 0.00 0.00 -0.01 -0.41 0.19 -0.34 1.23 -0.06 89.22 66.52 89.34 
0 0 0 9.62 0.00000000 0.00000000 0.00 0.00 0.00 -0.07 -0.15 0.87 -0.42 1.44 -0.17 85.76 80.45 88.11 
0 0 0 9.73 0.00000000 0.00000000 0.00 0.00 0.00 -0.11 -0.04 0.22 -0.44 1.07 -0.33 84.44 85.79 86.36 
0 0 0 9.83 0.00000000 0.00000000 0.00 0.00 0.00 -0.08 0.16 -0.32 -0.13 1.72 -0.31 85.31 99.29 86.24 
0 0 0 9.93 0.00000000 0.00000000 0.00 0.00 0.00 -0.08 0.34 -0.53 0.03 1.21 -0.01 85.39 109.63 89.83 
0 0 0 10.03 0.00000000 0.00000000 0.00 0.00 0.00 -0.09 0.36 -0.33 0.06 0.63 0.14 84.81 110.70 91.65 
0 0 0 10.13 0.00000000 0.00000000 0.00 0.00 0.00 -0.11 0.42 -0.18 0.05 0.64 0.03 83.52 113.95 90.33 
0 0 0 10.23 0.00000000 0.00000000 0.00 0.00 0.00 -0.09 0.43 -0.25 0.03 0.06 -0.12 84.72 114.89 88.61 
0 0 0 10.33 0.00000000 0.00000000 0.00 0.00 0.00 -0.09 0.44 -0.26 -0.00 0.05 -0.14 84.66 115.30 88.31 
0 0 0 10.43 0.00000000 0.00000000 0.00 0.00 0.00 -0.10 0.44 -0.26 -0.00 0.01 -0.12 84.33 115.35 88.57 
0 0 0 10.53 0.00000000 0.00000000 0.00 0.00 0.00 -0.09 0.44 -0.34 0.01 0.10 -0.07 84.97 114.99 89.17 
0 0 0 10.63 0.00000000 0.00000000 0.00 0.00 0.00 -0.11 0.44 -0.30 -0.01 0.10 -0.01 83.89 115.01 89.84 
0 0 0 10.73 0.00000000 0.00000000 0.00 0.00 0.00 -0.12 0.44 -0.30 -0.03 0.02 -0.01 83.21 115.33 89.88 
0 0 0 10.84 0.00000000 0.00000000 0.00 0.00 0.00 -0.09 0.39 -0.33 -0.02 -0.36 -0.04 83.51 114.14 89.65 
0 0 0 10.94 0.00000000 0.00000000 0.00 0.00 0.00 -0.12 0.33 -0.26 0.16 -1.33 -0.08 82.93 108.90 89.01 
0 0 0 11.04 0.00000000 0.00000000 0.00 0.00 0.00 -0.10 0.17 -0.23 0.25 -1.27 -0.12 87.28 99.72 88.60 
0 0 0 11.14 0.00000000 0.00000000 0.00 0.00 0.00 -0.11 0.04 -0.06 0.46 -1.64 -0.17 83.71 92.09 87.91 
0 0 0 11.24 0.00000000 0.00000000 0.00 0.00 0.00 -0.04 -0.06 -0.17 0.58 -1.61 -0.24 87.50 86.60 87.11 
0 0 0 11.34 0.00000000 0.00000000 0.00 0.00 0.00 0.04 -0.21 -0.18 0.42 -1.48 -0.11 92.57 80.96 88.47 
0 0 0 11.44 0.00000000 0.00000000 0.00 0.00 0.00 0.12 -0.38 -0.29 0.29 -1.02 -0.00 97.02 68.21 89.98 
0 0 0 11.55 0.00000000 0.00000000 0.00 0.00 0.00 0.09 -0.48 -0.06 0.19 -0.54 0.09 95.17 62.24 91.08 
0 0 0 11.65 0.00000000 0.00000000 0.00 0.00 0.00 0.10 -0.48 0.02 0.09 -0.35 0.09 95.61 62.33 91.03 
0 0 0 11.75 0.00000000 0.00000000 0.00 0.00 0.00 0.10 -0.53 -0.02 -0.02 -0.54 -0.00 95.84 59.56 89.97 
0 0 0 11.85 0.00000000 0.00000000 0.00 0.00 0.00 0.10 -0.53 0.03 -0.03 -0.42 0.02 95.53 59.78 90.20 
0 0 0 11.95 0.00000000 0.00000000 0.00 0.00 0.00 0.08 -0.58 0.09 0.05 -0.30 0.07 94.58 56.83 90.87 
0 0 0 12.05 0.00000000 0.00000000 0.00 0.00 0.00 0.08 -0.57 0.23 0.15 -0.29 0.03 94.68 57.62 90.31 
0 0 0 12.15 0.00000000 0.00000000 0.00 0.00 0.00 0.12 -0.60 0.01 0.08 0.28 0.07 96.66 55.56 90.84 
0 0 0 12.25 0.00000000 0.00000000 0.00 0.00 0.00 0.12 -0.54 -0.02 0.05 0.94 0.12 96.66 59.25 91.41 
0 0 0 12.35 0.00000000 0.00000000 0.00 0.00 0.00 0.10 -0.30 -0.08 -0.10 2.37 0.30 95.83 73.05 93.55 
0 0 0 12.45 0.00000000 0.00000000 0.00 0.00 0.00 0.02 -0.09 0.53 -0.12 1.81 0.34 91.34 84.65 94.06 
0 0 0 12.55 0.00000000 0.00000000 0.00 0.00 0.00 0.01 0.05 0.04 -0.41 1.53 0.11 90.00 93.99 91.90 
0 0 0 12.65 0.00000000 0.00000000 0.00 0.00 0.00 -0.03 0.25 0.12 -0.52 1.54 -0.27 88.26 103.47 87.01 
0 0 0 12.75 0.00000000 0.00000000 0.00 0.00 0.00 -0.09 0.36 -0.10 -0.27 1.18 -0.39 84.65 110.82 85.27 
0 0 0 12.85 0.00000000 0.00000000 0.00 0.00 0.00 -0.09 0.50 -0.30 0.06 0.65 0.04 84.94 118.55 90.53 
0 0 0 12.95 0.00000000 0.00000000 0.00 0.00 0.00 -0.05 0.57 -0.31 0.31 0.59 0.22 87.16 120.00 92.69 
0 0 0 13.06 0.00000000 0.00000000 0.00 0.00 0.00 -0.01 0.58 -0.19 0.09 0.45 0.25 87.51 120.00 92.91 
0 0 0 13.16 0.00000000 0.00000000 0.00 0.00 0.00 -0.05 0.53 -0.09 -0.10 -0.05 -0.03 87.33 120.00 89.64 
0 0 0 13.26 0.00000000 0.00000000 0.00 0.00 0.00 -0.05 0.59 -0.17 -0.07 0.13 -0.19 87.14 120.00 87.69 
0 0 0 13.36 0.00000000 0.00000000 0.00 0.00 0.00 -0.03 0.62 -0.28 -0.03 0.15 -0.18 88.48 120.00 87.86 
0 0 0 13.46 0.00000000 0.00000000 0.00 0.00 0.00 -0.05 0.66 -0.31 -0.04 -0.01 0.06 86.91 120.00 90.67 
0 0 0 13.56 0.00000000 0.00000000 0.00 0.00 0.00 -0.10 0.57 -0.13 0.04 0.04 0.09 84.10 120.00 91.04 
0 0 0 13.67 0.00000000 0.00000000 0.00 0.00 0.00 -0.05 0.63 -0.21 0.06 0.06 -0.06 87.40 120.00 89.33 
0 0 0 13.77 0.00000000 0.00000000 0.00 0.00 0.00 -0.06 0.60 -0.21 -0.04 -0.06 -0.03 86.63 120.00 89.62 
0 0 0 13.87 0.00000000 0.00000000 0.00 0.00 0.00 -0.06 0.64 -0.24 0.03 -0.05 -0.02 86.49 120.00 89.76 
0 0 0 13.97 0.00000000 0.00000000 0.00 0.00 0.00 -0.06 0.63 -0.22 0.05 0.01 0.01 86.57 120.00 90.13 
0 0 0 14.07 0.00000000 0.00000000 0.00 0.00 0.00 -0.05 0.60 -0.23 0.06 -0.28 0.00 87.00 120.00 90.04 
0 0 0 14.17 0.00000000 0.00000000 0.00 0.00 0.00 -0.09 0.56 -0.12 0.21 -2.00 -0.02 84.87 120.00 89.82 
0 0 0 14.27 0.00000000 0.00000000 0.00 0.00 0.00 -0.04 0.34 -0.15 0.28 -1.97 0.02 87.79 109.74 90.23 
0 0 0 14.37 0.00000000 0.00000000 0.00 0.00 0.00 -0.01 0.16 -0.07 0.27 -1.32 -0.01 89.16 98.98 89.85 
0 0 0 14.47 0.00000000 0.00000000 0.00 0.00 0.00 -0.02 -0.01 0.04 0.26 -1.84 -0.12 89.05 89.52 88.55 
0 0 0 14.57 0.00000000 0.00000000 0.00 0.00 0.00 0.02 -0.21 0.01 0.09 -1.56 -0.29 91.43 78.24 86.47 
0 0 0 14.67 0.00000000 0.00000000 0.00 0.00 0.00 -0.04 -0.30 0.37 0.09 -1.70 -0.18 87.82 73.05 87.85 
0 0 0 14.77 0.00000000 0.00000000 0.00 0.00 0.00 0.08 -0.48 -0.07 0.14 -1.12 -0.10 94.51 62.28 88.80 
0 0 0 14.87 0.00000000 0.00000000 0.00 0.00 0.00 0.13 -0.56 -0.27 0.30 -0.44 0.04 97.19 58.15 90.52 
0 0 0 14.97 0.00000000 0.00000000 0.00 0.00 0.00 0.17 -0.66 -0.20 0.28 -0.78 0.16 99.71 52.04 91.95 
0 0 0 15.07 0.00000000 0.00000000 0.00 0.00 0.00 0.12 -0.78 -0.08 0.14 -0.62 0.21 97.08 45.05 92.50 
0 0 0 15.18 0.00000000 0.00000000 0.00 0.00 0.00 0.09 -0.73 0.43 0.03 0.01 0.09 95.03 48.24 91.02 
0 0 0 15.28 0.00000000 0.00000000 0.00 0.00 0.00 0.10 -0.71 0.60 -0.02 -0.29 -0.04 95.89 49.26 89.53 
0 0 0 15.38 0.00000000 0.00000000 0.00 0.00 0.00 0.14 -0.76 0.23 0.02 -0.60 0.00 98.00 48.26 90.00 
0 0 0 15.48 0.00000000 0.00000000 0.00 0.00 0.00 0.17 -0.85 -0.00 0.12 -0.17 0.06 99.52 41.12 90.66 
0 0 0 15.58 0.00000000 0.00000000 0.00 0.00 0.00 0.17 -0.86 0.03 0.17 -0.00 0.03 99.99 40.81 90.31 
0 0 0 15.68 0.00000000 0.00000000 0.00 0.00 0.00 0.17 -0.85 0.10 0.05 0.30 0.03 99.64 41.23 90.32 
0 0 0 15.78 0.00000000 0.00000000 0.00 0.00 0.00 0.17 -0.82 0.12 -0.03 0.61 0.03 99.75 43.22 90.41 
0 0 0 15.88 0.00000000 0.00000000 0.00 0.00 0.00 0.20 -0.71 -0.21 -0.12 1.83 0.18 101.31 49.44 92.15 
0 0 0 15.98 0.00000000 0.00000000 0.00 0.00 0.00 0.06 -0.27 2.61 -0.12 2.54 0.36 93.45 74.33 94.28 
0 0 0 16.08 0.00000000 0.00000000 0.00 0.00 0.00 0.08 -0.14 0.35 -0.02 2.18 0.38 94.81 81.72 94.55 
0 0 0 16.18 0.00000000 0.00000000 0.00 0.00 0.00 0.04 0.11 0.27 -0.06 2.06 0.31 92.32 96.29 93.70 
0 0 0 16.29 0.00000000 0.00000000 0.00 0.00 0.00 -0.01 0.20 0.39 -0.20 1.12 -0.07 89.79 101.63 89.61 
0 0 0 16.39 0.00000000 0.00000000 0.00 0.00 0.00 -0.02 0.31 0.13 -0.09 0.43 -0.33 87.77 106.46 86.32 
0 0 0 16.49 0.00000000 0.00000000 0.00 0.00 0.00 -0.01 0.43 0.13 -0.13 0.45 -0.27 89.30 114.20 86.67 
0 0 0 16.59 0.00000000 0.00000000 0.00 0.00 0.00 -0.02 0.45 -0.13 -0.16 0.30 -0.13 89.13 115.68 88.48 
0 0 0 16.70 0.00000000 0.00000000 0.00 0.00 0.00 -0.06 0.43 -0.03 0.01 -0.13 -0.00 86.51 115.20 89.81 
0 0 0 16.80 0.00000000 0.00000000 0.00 0.00 0.00 -0.06 0.45 -0.07 0.11 -0.14 0.06 86.85 115.95 90.71 
0 0 0 16.90 0.00000000 0.00000000 0.00 0.00 0.00 -0.06 0.46 0.03 0.02 -0.16 0.05 86.75 116.63 90.54 
0 0 0 17.01 0.00000000 0.00000000 0.00 0.00 0.00 -0.06 0.46 0.00 -0.01 -0.20 -0.03 86.90 116.15 89.40 
0 0 0 17.11 0.00000000 0.00000000 0.00 0.00 0.00 -0.03 0.45 -0.11 -0.02 -0.04 -0.03 88.10 115.88 89.61 
0 0 0 17.21 0.00000000 0.00000000 0.00 0.00 0.00 -0.04 0.44 -0.09 -0.03 -0.16 -0.02 87.43 115.31 89.78 
0 0 0 17.31 0.00000000 0.00000000 0.00 0.00 0.00 -0.04 0.38 -0.14 0.03 -1.26 0.07 87.56 111.75 90.79 
0 0 0 17.41 0.00000000 0.00000000 0.00 0.00 0.00 -0.06 0.14 -0.01 -0.07 -1.15 -0.07 86.31 97.79 89.19 
0 0 0 17.51 0.00000000 0.00000000 0.00 0.00 0.00 -0.09 -0.02 0.06 -0.02 -2.56 -0.28 84.62 88.97 86.60 
0 0 0 17.61 0.00000000 0.00000000 0.00 0.00 0.00 -0.12 -0.29 0.23 0.08 -2.49 -0.48 83.37 73.53 84.21 
0 0 0 17.71 0.00000000 0.00000000 0.00 0.00 0.00 -0.14 -0.35 0.51 0.23 -1.43 -0.48 81.75 69.80 84.19 
0 0 0 17.81 0.00000000 0.00000000 0.00 0.00 0.00 0.05 -0.45 -0.38 0.21 -1.09 -0.33 92.71 64.01 86.03 
0 0 0 17.91 0.00000000 0.00000000 0.00 0.00 0.00 0.08 -0.61 -0.27 0.20 -0.53 0.02 94.69 55.20 90.30 
0 0 0 18.01 0.00000000 0.00000000 0.00 0.00 0.00 0.07 -0.73 -0.09 0.11 -1.28 0.09 94.18 48.12 91.07 
0 0 0 18.11 0.00000000 0.00000000 0.00 0.00 0.00 0.13 -0.94 -0.21 0.05 -1.20 0.07 97.38 36.27 90.88 
0 0 0 18.22 0.00000000 0.00000000 0.00 0.00 0.00 0.01 -0.92 0.23 0.10 0.10 0.10 91.96 36.56 91.16 
0 0 0 18.32 0.00000000 0.00000000 0.00 0.00 0.00 0.01 -0.87 0.33 0.09 0.12 0.00 90.76 37.06 90.19 
0 0 0 18.42 0.00000000 0.00000000 0.00 0.00 0.00 0.06 -0.82 0.17 -0.02 0.10 0.00 93.72 43.10 90.05 
0 0 0 18.52 0.00000000 0.00000000 0.00 0.00 0.00 0.04 -0.85 0.19 -0.06 -0.02 0.02 92.39 41.36 90.19 
0 0 0 18.62 0.00000000 0.00000000 0.00 0.00 0.00 0.04 -0.85 0.14 -0.05 -0.11 0.00 92.44 41.43 90.01 
0 0 0 18.72 0.00000000 0.00000000 0.00 0.00 0.00 0.04 -0.84 0.15 0.05 0.07 0.02 92.07 41.61 90.28 
0 0 0 18.82 0.00000000 0.00000000 0.00 0.00 0.00 0.04 -0.83 0.22 0.11 0.18 0.00 92.06 42.40 90.05 
0 0 0 18.93 0.00000000 0.00000000 0.00 0.00 0.00 0.05 -0.82 0.12 0.09 0.24 0.04 92.69 42.92 90.42 
0 0 0 19.03 0.00000000 0.00000000 0.00 0.00 0.00 0.05 -0.74 0.29 0.11 0.45 0.07 92.85 47.34 90.80 
0 0 0 19.13 0.00000000 0.00000000 0.00 0.00 0.00 0.07 -0.68 0.18 0.13 0.62 0.15 93.89 50.82 91.80 
0 0 0 19.23 0.00000000 0.00000000 0.00 0.00 0.00 0.04 -0.57 0.59 0.18 0.90 0.20 91.35 56.19 92.52 
0 0 0 19.34 0.00000000 0.00000000 0.00 0.00 0.00 0.07 -0.52 0.31 0.14 1.15 0.18 93.99 59.49 92.26 
0 0 0 19.44 0.00000000 0.00000000 0.00 0.00 0.00 0.03 -0.39 0.59 0.07 1.13 0.19 91.46 65.42 92.34 
0 0 0 19.54 0.00000000 0.00000000 0.00 0.00 0.00 0.05 -0.33 0.38 -0.08 0.73 0.10 92.55 69.79 91.43 
0 0 0 19.65 0.00000000 0.00000000 0.00 0.00 0.00 -0.02 -0.29 0.43 -0.27 0.88 0.00 90.00 72.16 90.10 
0 0 0 19.75 0.00000000 0.00000000 0.00 0.00 0.00 -0.04 -0.18 0.28 -0.30 0.37 -0.12 89.11 79.21 88.88 
0 0 0 19.85 0.00000000 0.00000000 0.00 0.00 0.00 -0.05 -0.12 0.26 -0.17 0.37 -0.22 87.07 83.05 87.32 
0 0 0 19.95 0.00000000 0.00000000 0.00 0.00 0.00 -0.07 -0.08 0.13 0.07 0.54 -0.24 86.27 85.19 87.16 
0 0 0 20.05 0.00000000 0.00000000 0.00 0.00 0.00 -0.04 -0.03 0.02 0.18 0.46 -0.17 87.85 88.71 87.89 
0 0 0 20.19 0.00000000 0.00000000 0.00 0.00 0.00 0.01 0.07 -0.14 0.29 0.28 -0.10 90.82 94.07 88.83 
0 0 0 20.32 0.00000000 0.00000000 0.00 0.00 0.00 0.07 0.07 -0.05 0.45 0.21 0.14 94.21 93.76 91.67 
0 0 0 20.46 0.00000000 0.00000000 0.00 0.00 0.00 0.12 0.08 0.12 0.64 0.38 0.22 96.94 94.53 92.69 
0 0 0 20.59 0.00000000 0.00000000 0.00 0.00 0.00 0.19 0.11 0.28 0.56 0.19 0.17 100.79 96.54 92.07 
0 0 0 20.69 0.00000000 0.00000000 0.00 0.00 0.00 0.27 0.10 0.13 0.41 -0.17 0.07 105.35 95.64 90.86 
0 0 0 20.79 0.00000000 0.00000000 0.00 0.00 0.00 0.28 0.10 0.32 0.27 0.20 0.10 105.89 95.64 91.24 
0 0 0 20.90 0.00000000 0.00000000 0.00 0.00 0.00 0.30 0.11 0.34 0.26 0.16 0.03 107.86 95.23 90.53 
0 0 0 21.00 0.00000000 0.00000000 0.00 0.00 0.00 0.35 0.14 0.33 0.08 0.07 -0.00 110.92 98.50 89.86 
0 0 0 21.10 0.00000000 0.00000000 0.00 0.00 0.00 0.37 0.10 0.06 -0.51 -0.45 -0.03 111.27 96.59 89.74 
0 0 0 21.20 0.00000000 0.00000000 0.00 0.00 0.00 0.20 0.10 0.45 -1.10 -0.22 -0.12 103.13 97.19 88.69 
0 0 0 21.30 0.00000000 0.00000000 0.00 0.00 0.00 0.08 0.07 0.17 -1.53 0.09 -0.14 94.55 93.79 88.37 
0 0 0 21.40 0.00000000 0.00000000 0.00 0.00 0.00 -0.16 -0.02 0.40 -1.61 -0.36 -0.31 80.86 88.70 86.27 
0 0 0 21.51 0.00000000 0.00000000 0.00 0.00 0.00 -0.20 0.03 -0.15 -1.21 0.04 -0.51 78.39 91.92 83.91 
0 0 0 21.61 0.00000000 0.00000000 0.00 0.00 0.00 -0.28 0.05 -0.14 -0.84 -0.29 -0.35 73.68 93.13 85.79 
0 0 0 21.71 0.00000000 0.00000000 0.00 0.00 0.00 -0.35 0.01 -0.42 -0.69 0.06 -0.14 69.86 90.62 88.31 
0 0 0 21.81 0.00000000 0.00000000 0.00 0.00 0.00 -0.43 -0.02 -0.18 -0.39 -0.30 -0.09 65.50 88.90 88.87 
0 0 0 21.91 0.00000000 0.00000000 0.00 0.00 0.00 -0.43 -0.02 -0.44 -0.15 -0.00 -0.10 65.46 88.64 88.80 
0 0 0 22.01 0.00000000 0.00000000 0.00 0.00 0.00 -0.49 -0.05 -0.18 -0.04 0.25 -0.03 62.07 87.38 89.64 
0 0 0 22.11 0.00000000 0.00000000 0.00 0.00 0.00 -0.45 -0.06 -0.32 0.47 0.27 -0.10 64.17 86.47 88.75 
0 0 0 22.21 0.00000000 0.00000000 0.00 0.00 0.00 -0.37 -0.08 -0.29 0.89 0.36 -0.11 68.61 85.34 88.65 
0 0 0 22.31 0.00000000 0.00000000 0.00 0.00 0.00 -0.29 0.19 -1.04 1.00 0.60 0.07 73.32 101.11 90.90 
0 0 0 22.41 0.00000000 0.00000000 0.00 0.00 0.00 -0.22 0.25 -0.93 0.69 -0.72 0.06 77.53 104.19 90.78 
0 0 0 22.51 0.00000000 0.00000000 0.00 0.00 0.00 -0.15 0.10 -0.43 0.57 0.37 0.19 81.46 95.97 92.29 
0 0 0 22.61 0.00000000 0.00000000 0.00 0.00 0.00 0.01 0.03 -0.53 0.82 0.35 0.08 90.85 91.70 90.94 
0 0 0 22.71 0.00000000 0.00000000 0.00 0.00 0.00 -0.14 0.29 0.90 0.75 0.18 0.16 81.98 106.52 91.87 
0 0 0 22.81 0.00000000 0.00000000 0.00 0.00 0.00 0.11 0.04 -0.38 0.35 0.37 0.25 96.58 92.19 93.06 
0 0 0 22.92 0.00000000 0.00000000 0.00 0.00 0.00 -0.21 0.09 0.65 -0.05 -0.12 0.23 78.24 94.97 92.70 
0 0 0 23.02 0.00000000 0.00000000 0.00 0.00 0.00 0.07 0.08 -0.23 0.02 -0.02 0.00 94.15 94.35 90.05 
0 0 0 23.12 0.00000000 0.00000000 0.00 0.00 0.00 0.04 0.04 -0.12 -0.01 -0.02 0.01 92.56 92.35 90.08 
0 0 0 23.22 0.00000000 0.00000000 0.00 0.00 0.00 0.07 0.08 -0.24 -0.01 -0.01 0.00 94.21 94.64 90.03 
0 0 0 23.32 0.00000000 0.00000000 0.00 0.00 0.00 0.06 0.08 -0.21 -0.00 -0.01 0.01 93.33 94.87 90.06 
0 0 0 23.42 0.00000000 0.00000000 0.00 0.00 0.00 0.07 0.07 -0.21 0.01 0.00 0.00 93.78 94.22 90.04 
0 0 0 23.52 0.00000000 0.00000000 0.00 0.00 0.00 0.07 0.08 -0.23 0.02 -0.01 0.00 94.15 94.35 90.04 
0 0 0 23.62 0.00000000 0.00000000 0.00 0.00 0.00 0.07 0.06 -0.20 0.02 -0.02 0.01 93.92 93.69 90.08 
0 0 0 23.73 0.00000000 0.00000000 0.00 0.00 0.00 0.07 0.07 -0.22 0.02 -0.00 0.00 93.68 94.11 90.04 
0 0 0 23.83 0.00000000 0.00000000 0.00 0.00 0.00 0.06 0.07 -0.16 0.01 -0.01 0.00 93.34 94.22 90.03 
0 0 0 23.93 0.00000000 0.00000000 0.00 0.00 0.00 0.07 0.07 -0.21 0.01 -0.00 0.00 94.18 94.17 90.05 
0 0 0 24.03 0.00000000 0.00000000 0.00 0.00 0.00 0.07 0.07 -0.20 0.01 -0.00 0.00 94.15 93.92 90.03 
0 0 0 24.13 0.00000000 0.00000000 0.00 0.00 0.00 0.07 0.08 -0.23 0.01 -0.00 0.00 93.55 94.42 90.03 
0 0 0 24.23 0.00000000 0.00000000 0.00 0.00 0.00 0.07 0.06 -0.22 0.01 -0.01 0.00 94.23 93.33 90.04 
0 0 0 24.33 0.00000000 0.00000000 0.00 0.00 0.00 0.07 0.08 -0.22 0.02 -0.02 0.01 94.02 94.68 90.04 
0 0 0 24.43 0.00000000 0.00000000 0.00 0.00 0.00 0.06 0.07 -0.19 0.01 -0.01 0.01 93.55 93.76 90.07 
0 0 0 24.53 0.00000000 0.00000000 0.00 0.00 0.00 0.07 0.06 -0.18 0.01 -0.01 0.00 93.73 93.50 90.04 
0 0 0 24.63 0.00000000 0.00000000 0.00 0.00 0.00 0.06 0.08 -0.18 0.01 -0.00 0.00 93.29 94.59 90.03 
0 0 0 24.73 0.00000000 0.00000000 0.00 0.00 0.00 0.07 0.07 -0.20 0.01 -0.01 0.00 93.74 93.95 90.06 
0 0 0 24.84 0.00000000 0.00000000 0.00 0.00 0.00 0.07 0.08 -0.23 0.02 -0.00 0.01 94.02 94.46 90.07 
0 0 0 24.94 0.00000000 0.00000000 0.00 0.00 0.00 0.07 0.08 -0.24 0.01 -0.01 0.00 94.21 94.64 90.04 
0 0 0 25.04 0.00000000 0.00000000 0.00 0.00 0.00 0.06 0.07 -0.16 0.02 -0.01 0.00 93.44 94.08 90.04 
0 0 0 25.14 0.00000000 0.00000000 0.00 0.00 0.00 0.06 0.08 -0.19 0.02 -0.01 0.01 93.48 94.56 90.06 
0 0 0 25.24 0.00000000 0.00000000 0.00 0.00 0.00 0.06 0.07 -0.20 0.01 -0.01 0.00 93.56 94.22 90.04 
0 0 0 25.34 0.00000000 0.00000000 0.00 0.00 0.00 0.06 0.07 -0.19 0.01 -0.01 0.00 93.52 93.73 90.04 
0 0 0 25.44 0.00000000 0.00000000 0.00 0.00 0.00 0.06 0.07 -0.20 0.01 -0.01 0.00 93.71 93.92 90.04 
0 0 0 25.54 0.00000000 0.00000000 0.00 0.00 0.00 0.07 0.07 -0.20 0.01 -0.01 0.00 93.95 94.15 90.05 
0 0 0 25.64 0.00000000 0.00000000 0.00 0.00 0.00 0.07 0.08 -0.08 0.01 -0.01 0.00 93.73 94.37 90.06 
0 0 0 25.74 0.00000000 0.00000000 0.00 0.00 0.00 0.07 0.06 -0.18 0.01 -0.02 0.01 93.73 93.72 90.06 
0 0 0 25.84 0.00000000 0.00000000 0.00 0.00 0.00 0.07 0.07 -0.19 0.02 -0.01 0.00 93.77 93.98 90.04 
0 0 0 25.94 0.00000000 0.00000000 0.00 0.00 0.00 0.05 0.08 -0.15 0.01 0.00 0.00 92.88 94.65 90.04 
0 0 0 26.05 0.00000000 0.00000000 0.00 0.00 0.00 0.06 0.06 -0.19 0.01 -0.01 0.00 93.05 93.91 90.06 
0 0 0 26.15 0.00000000 0.00000000 0.00 0.00 0.00 0.07 0.07 -0.19 0.01 -0.01 0.00 93.58 94.46 90.01 
0 0 0 26.26 0.00000000 0.00000000 0.00 0.00 0.00 0.06 0.07 -0.16 0.01 -0.01 0.00 93.74 94.39 90.01 
0 0 0 26.36 0.00000000 0.00000000 0.00 0.00 0.00 0.07 0.07 -0.19 0.01 -0.01 0.00 93.73 93.94 90.05 
0 0 0 26.46 0.00000000 0.00000000 0.00 0.00 0.00 0.07 0.08 -0.20 0.01 -0.01 0.01 93.71 93.70 90.07 
0 0 0 26.57 0.00000000 0.00000000 0.00 0.00 0.00 0.08 0.08 -0.22 0.02 0.00 0.00 93.35 95.13 90.07 
0 0 0 26.67 0.00000000 0.00000000 0.00 0.00 0.00 0.06 0.07 -0.14 0.01 -0.01 0.00 93.49 93.49 90.04 
0 0 0 26.77 0.00000000 0.00000000 0.00 0.00 0.00 0.06 0.07 -0.17 0.02 -0.01 0.00 93.51 94.16 90.06 
0 0 0 26.87 0.00000000 0.00000000 0.00 0.00 0.00 0.06 0.07 -0.14 0.01 -0.01 0.00 93.49 94.14 90.03 
0 0 0 26.98 0.00000000 0.00000000 0.00 0.00 0.00 0.07 0.07 -0.20 0.01 -0.01 0.00 94.18 94.17 90.06 
0 0 0 27.08 0.00000000 0.00000000 0.00 0.00 0.00 0.06 0.08 -0.20 0.01 -0.00 0.00 93.55 94.64 90.04 
0 0 0 27.18 0.00000000 0.00000000 0.00 0.00 0.00 0.07 0.06 -0.18 0.01 -0.01 0.00 93.73 93.50 90.05 
0 0 0 27.28 0.00000000 0.00000000 0.00 0.00 0.00 0.05 0.07 -0.16 0.01 -0.01 0.00 93.08 93.74 90.04 
0 0 0 27.38 0.00000000 0.00000000 0.00 0.00 0.00 0.06 0.08 -0.19 0.02 -0.01 0.00 93.71 94.36 90.05 
0 0 0 27.48 0.00000000 0.00000000 0.00 0.00 0.00 0.08 0.08 -0.24 0.02 -0.01 0.00 94.37 94.35 90.05 
0 0 0 27.58 0.00000000 0.00000000 0.00 0.00 0.00 0.08 0.06 -0.25 0.02 -0.01 0.00 94.38 93.50 90.03 
0 0 0 27.68 0.00000000 0.00000000 0.00 0.00 0.00 0.06 0.08 -0.18 0.01 -0.01 0.00 93.30 94.61 90.05 
0 0 0 27.78 0.00000000 0.00000000 0.00 0.00 0.00 0.07 0.07 -0.22 0.01 0.00 0.00 94.02 94.23 90.01 
0 0 0 27.88 0.00000000 0.00000000 0.00 0.00 0.00 0.07 0.06 -0.22 0.01 -0.01 0.00 93.96 94.17 90.02 
0 0 0 27.98 0.00000000 0.00000000 0.00 0.00 0.00 0.07 0.07 -0.22 0.00 -0.01 0.00 93.98 94.19 90.04 
0 0 0 28.09 0.00000000 0.00000000 0.00 0.00 0.00 0.05 0.06 -0.13 0.02 -0.01 0.01 92.79 93.64 90.07 
0 0 0 28.19 0.00000000 0.00000000 0.00 0.00 0.00 0.06 0.07 -0.18 0.01 -0.01 0.00 93.52 94.17 90.03 
0 0 0 28.29 0.00000000 0.00000000 0.00 0.00 0.00 0.06 0.07 -0.19 0.01 -0.02 0.00 93.54 94.19 90.05 
0 0 0 28.39 0.00000000 0.00000000 0.00 0.00 0.00 0.06 0.08 -0.17 0.01 -0.02 0.00 93.26 94.34 90.05 
0 0 0 28.49 0.00000000 0.00000000 0.00 0.00 0.00 0.07 0.08 -0.19 0.01 -0.01 0.00 93.77 94.64 90.06 
0 0 0 28.59 0.00000000 0.00000000 0.00 0.00 0.00 0.06 0.08 -0.18 0.01 -0.01 0.00 93.55 94.64 90.05 
0 0 0 28.69 0.00000000 0.00000000 0.00 0.00 0.00 0.06 0.06 -0.18 0.01 -0.01 0.00 93.71 93.70 90.04 
0 0 0 28.80 0.00000000 0.00000000 0.00 0.00 0.00 0.07 0.07 -0.24 0.01 -0.01 0.00 93.48 94.34 90.05 
0 0 0 28.90 0.00000000 0.00000000 0.00 0.00 0.00 0.06 0.07 -0.18 0.01 -0.01 0.00 93.34 94.00 90.03 
0 0 0 29.00 0.00000000 0.00000000 0.00 0.00 0.00 0.06 0.08 -0.19 0.01 -0.01 0.01 93.29 94.81 90.06 
0 0 0 29.10 0.00000000 0.00000000 0.00 0.00 0.00 0.06 0.08 -0.19 0.01 -0.01 0.00 92.86 93.96 90.04 
0 0 0 29.21 0.00000000 0.00000000 0.00 0.00 0.00 0.07 0.07 -0.22 0.01 -0.01 0.01 93.78 94.22 90.05 
0 0 0 29.31 0.00000000 0.00000000 0.00 0.00 0.00 0.07 0.07 -0.23 0.01 -0.01 0.00 93.96 94.17 90.04 
0 0 0 29.41 0.00000000 0.00000000 0.00 0.00 0.00 0.07 0.08 -0.23 0.02 -0.01 0.00 93.48 93.91 90.06 
0 0 0 29.51 0.00000000 0.00000000 0.00 0.00 0.00 0.07 0.07 -0.24 0.02 -0.01 0.00 94.24 94.23 90.04 
0 0 0 29.61 0.00000000 0.00000000 0.00 0.00 0.00 0.06 0.08 -0.19 0.02 -0.01 0.00 93.51 94.37 90.04 
0 0 0 29.71 0.00000000 0.00000000 0.00 0.00 0.00 0.07 0.07 -0.18 0.02 -0.01 0.00 93.76 94.19 90.03 
0 0 0 29.82 0.00000000 0.00000000 0.00 0.00 0.00 0.07 0.07 -0.21 0.00 -0.01 0.00 93.54 94.19 90.04 
0 0 0 29.92 0.00000000 0.00000000 0.00 0.00 0.00 0.07 0.07 -0.18 0.01 -0.01 0.01 93.73 94.15 90.08 
0 0 0 30.02 0.00000000 0.00000000 0.00 0.00 0.00 0.07 0.07 -0.22 0.01 -0.01 0.01 93.71 93.92 90.07 
0 0 0 30.12 0.00000000 0.00000000 0.00 0.00 0.00 0.07 0.07 -0.19 0.01 -0.01 0.01 93.74 94.17 90.06 
0 0 0 30.22 0.00000000 0.00000000 0.00 0.00 0.00 0.07 0.07 -0.22 0.01 -0.01 0.00 93.33 94.20 90.04 
0 0 0 30.32 0.00000000 0.00000000 0.00 0.00 0.00 0.06 0.08 -0.19 0.01 -0.01 0.00 93.55 94.42 90.04 
0 0 0 30.42 0.00000000 0.00000000 0.00 0.00 0.00 0.07 0.08 -0.18 0.01 -0.00 0.00 93.81 94.47 90.04 
0 0 0 30.52 0.00000000 0.00000000 0.00 0.00 0.00 0.07 0.08 -0.22 0.02 -0.01 0.00 93.73 94.37 90.05 
0 0 0 30.62 0.00000000 0.00000000 0.00 0.00 0.00 0.07 0.07 -0.21 0.01 -0.01 0.00 93.95 93.94 90.02 
0 0 0 30.72 0.00000000 0.00000000 0.00 0.00 0.00 0.07 0.08 -0.20 0.01 -0.01 0.00 93.76 94.41 90.05 
0 0 0 30.82 0.00000000 0.00000000 0.00 0.00 0.00 0.04 0.08 -0.11 0.02 -0.00 0.00 92.26 94.74 90.05 
0 0 0 30.93 0.00000000 0.00000000 0.00 0.00 0.00 0.07 0.07 -0.20 0.01 -0.01 0.00 93.96 93.95 90.05 
0 0 0 31.03 0.00000000 0.00000000 0.00 0.00 0.00 0.07 0.07 -0.22 0.02 -0.01 0.00 93.95 94.15 90.03 
0 0 0 31.13 0.00000000 0.00000000 0.00 0.00 0.00 0.07 0.07 -0.21 0.02 -0.01 0.00 93.76 94.19 90.05 
0 0 0 31.23 0.00000000 0.00000000 0.00 0.00 0.00 0.06 0.07 -0.20 0.01 -0.02 0.01 93.68 94.32 90.04 
0 0 0 31.34 0.00000000 0.00000000 0.00 0.00 0.00 0.06 0.08 -0.20 0.01 -0.01 0.00 93.95 93.72 90.05 
0 0 0 31.44 0.00000000 0.00000000 0.00 0.00 0.00 0.07 0.07 -0.22 0.01 -0.01 0.01 92.88 93.99 90.05 
0 0 0 31.54 0.00000000 0.00000000 0.00 0.00 0.00 0.08 0.07 -0.25 0.02 -0.00 0.00 94.40 93.95 90.03 
0 0 0 31.65 0.00000000 0.00000000 0.00 0.00 0.00 0.06 0.01 -0.18 0.03 -0.01 0.00 92.38 94.10 90.04 
0 0 0 31.75 0.00000000 0.00000000 0.00 0.00 0.00 0.07 0.08 -0.24 0.02 -0.02 0.00 90.71 92.83 90.05 
0 0 0 31.85 0.00000000 0.00000000 0.00 0.00 0.00 0.05 0.08 -0.15 0.00 -0.00 0.00 93.07 94.38 90.04 
0 0 0 31.95 0.00000000 0.00000000 0.00 0.00 0.00 0.07 0.08 -0.23 0.01 -0.00 0.00 93.74 93.51 90.06 
0 0 0 32.06 0.00000000 0.00000000 0.00 0.00 0.00 0.06 0.07 -0.20 0.01 -0.01 0.00 93.95 94.59 90.03 
0 0 0 32.16 0.00000000 0.00000000 0.00 0.00 0.00 0.08 0.08 -0.23 0.02 -0.00 0.00 94.33 94.32 90.04 
0 0 0 32.26 0.00000000 0.00000000 0.00 0.00 0.00 0.07 0.06 -0.17 0.02 -0.01 0.00 93.74 93.51 90.04 
0 0 0 32.36 0.00000000 0.00000000 0.00 0.00 0.00 0.04 0.07 -0.11 0.02 -0.01 0.00 92.41 94.16 90.04 
0 0 0 32.46 0.00000000 0.00000000 0.00 0.00 0.00 0.06 0.08 -0.18 0.01 -0.00 0.00 93.48 94.34 90.05 
0 0 0 32.56 0.00000000 0.00000000 0.00 0.00 0.00 0.14 0.06 -0.44 0.01 -0.01 0.00 97.93 93.59 90.03 
0 0 0 32.66 0.00000000 0.00000000 0.00 0.00 0.00 0.06 0.07 -0.18 0.01 -0.01 0.00 93.49 93.92 90.04 
0 0 0 32.76 0.00000000 0.00000000 0.00 0.00 0.00 0.07 0.02 -0.19 0.02 -0.00 0.00 94.16 91.31 90.05 
0 0 0 32.86 0.00000000 0.00000000 0.00 0.00 0.00 0.12 -0.01 -0.40 0.02 -0.01 0.00 96.83 89.56 90.05 
0 0 0 32.96 0.00000000 0.00000000 0.00 0.00 0.00 0.07 0.07 -0.20 0.01 -0.01 0.00 94.16 93.93 90.03 
0 0 0 33.06 0.00000000 0.00000000 0.00 0.00 0.00 0.06 0.07 -0.19 0.02 -0.01 0.00 93.37 94.03 90.05 
0 0 0 33.16 0.00000000 0.00000000 0.00 0.00 0.00 0.08 0.07 -0.39 0.02 -0.01 0.00 94.62 94.17 90.04 
0 0 0 33.26 0.00000000 0.00000000 0.00 0.00 0.00 0.07 0.07 -0.25 0.01 -0.00 0.00 93.98 94.19 90.05 
0 0 0 33.36 0.00000000 0.00000000 0.00 0.00 0.00 0.07 0.08 -0.30 0.01 0.01 0.00 94.01 94.66 90.05 
0 0 0 33.46 0.00000000 0.00000000 0.00 0.00 0.00 0.06 0.06 -0.28 0.02 -0.02 0.00 93.29 93.72 90.06 
0 0 0 33.56 0.00000000 0.00000000 0.00 0.00 0.00 0.05 0.08 -0.19 0.02 -0.02 0.01 93.14 94.39 90.07 
0 0 0 33.66 0.00000000 0.00000000 0.00 0.00 0.00 0.05 0.07 -0.19 0.01 -0.03 0.01 92.76 94.02 90.10 
0 0 0 33.77 0.00000000 0.00000000 0.00 0.00 0.00 0.07 0.08 -0.23 0.00 0.00 0.00 93.98 94.41 90.05 
0 0 0 33.87 0.00000000 0.00000000 0.00 0.00 0.00 0.07 0.08 -0.23 0.01 -0.02 0.00 94.13 94.55 90.05 
0 0 0 33.97 0.00000000 0.00000000 0.00 0.00 0.00 0.06 0.08 -0.30 0.01 -0.01 0.00 93.70 94.56 90.05 
0 0 0 34.07 0.00000000 0.00000000 0.00 0.00 0.00 0.05 0.08 -0.16 0.01 -0.00 0.00 92.86 94.39 90.03 
0 0 0 34.17 0.00000000 0.00000000 0.00 0.00 0.00 0.07 0.08 -0.20 0.01 -0.01 0.00 93.87 94.55 90.01 
0 0 0 34.27 0.00000000 0.00000000 0.00 0.00 0.00 0.07 0.08 -0.24 0.01 -0.01 0.00 93.77 94.42 90.06 
0 0 0 34.37 0.00000000 0.00000000 0.00 0.00 0.00 0.03 0.07 -0.09 0.02 -0.01 0.01 91.91 93.81 90.07 
0 0 0 34.47 0.00000000 0.00000000 0.00 0.00 0.00 0.08 0.07 -0.29 0.02 -0.01 0.00 94.35 94.12 90.04 
0 0 0 34.57 0.00000000 0.00000000 0.00 0.00 0.00 -0.12 0.09 0.47 -0.01 -0.02 0.01 83.39 95.26 90.12 
0 0 0 34.67 0.00000000 0.00000000 0.00 0.00 0.00 0.06 0.13 -0.21 0.07 -0.00 0.05 93.43 97.39 90.59 
0 0 0 34.77 0.00000000 0.00000000 0.00 0.00 0.00 -0.14 0.11 0.60 0.03 -0.02 0.04 81.82 96.46 90.46 
0 0 0 34.87 0.00000000 0.00000000 0.00 0.00 0.00 0.27 0.04 -0.71 0.01 0.00 0.34 105.41 92.34 94.03 
0 0 0 34.97 0.00000000 0.00000000 0.00 0.00 0.00 0.11 -0.02 -0.22 -0.07 0.03 0.13 96.39 88.63 91.58 
0 0 0 35.07 0.00000000 0.00000000 0.00 0.00 0.00 0.02 0.07 0.07 -0.42 0.26 -0.04 90.94 94.22 89.51 
0 0 0 35.17 0.00000000 0.00000000 0.00 0.00 0.00 0.00 0.15 -0.03 -0.03 -0.09 0.01 90.21 98.48 90.13 
0 0 0 35.28 0.00000000 0.00000000 0.00 0.00 0.00 -0.01 0.12 0.01 -0.08 -0.05 0.02 89.31 96.67 90.21 
0 0 0 35.38 0.00000000 0.00000000 0.00 0.00 0.00 -0.10 0.09 0.31 -0.02 -0.32 -0.08 84.17 94.98 88.98 
0 0 0 35.48 0.00000000 0.00000000 0.00 0.00 0.00 -0.03 0.14 0.11 0.32 -0.19 0.07 88.43 98.00 90.84 
0 0 0 35.58 0.00000000 0.00000000 0.00 0.00 0.00 0.12 0.06 -0.39 0.25 -0.48 0.30 96.88 93.67 93.61 
0 0 0 35.68 0.00000000 0.00000000 0.00 0.00 0.00 0.12 0.08 -0.25 -0.04 0.03 0.38 96.92 94.51 94.53 
0 0 0 35.78 0.00000000 0.00000000 0.00 0.00 0.00 0.13 -0.14 -0.16 -0.18 -0.23 0.36 97.54 81.94 94.33 
0 0 0 35.88 0.00000000 0.00000000 0.00 0.00 0.00 0.08 -0.12 -0.06 -0.08 -0.16 0.12 94.64 83.36 91.42 
0 0 0 35.98 0.00000000 0.00000000 0.00 0.00 0.00 0.02 0.01 0.24 -0.20 -0.06 0.02 91.10 90.66 90.23 
0 0 0 36.08 0.00000000 0.00000000 0.00 0.00 0.00 -0.03 0.04 0.39 -0.03 -0.18 -0.07 88.52 92.53 89.20 
0 0 0 36.18 0.00000000 0.00000000 0.00 0.00 0.00 -0.00 0.00 0.13 -0.00 -0.73 -0.00 89.10 88.92 90.09 
0 0 0 36.28 0.00000000 0.00000000 0.00 0.00 0.00 -0.05 -0.14 0.67 0.08 -1.88 -0.04 87.12 82.07 89.54 
0 0 0 36.38 0.00000000 0.00000000 0.00 0.00 0.00 -0.07 -0.33 0.48 0.03 -1.55 0.06 86.12 70.88 90.78 
0 0 0 36.48 0.00000000 0.00000000 0.00 0.00 0.00 -0.07 -0.47 0.77 0.06 -1.17 0.18 85.84 62.87 92.21 
0 0 0 36.58 0.00000000 0.00000000 0.00 0.00 0.00 -0.05 -0.69 0.36 0.13 -0.95 0.14 86.91 50.63 91.72 
0 0 0 36.69 0.00000000 0.00000000 0.00 0.00 0.00 0.00 -0.74 0.32 0.08 -0.25 0.14 90.31 48.48 91.75 
0 0 0 36.82 0.00000000 0.00000000 0.00 0.00 0.00 0.00 -0.65 0.62 -0.07 -0.05 0.03 90.00 52.94 90.34 
0 0 0 36.96 0.00000000 0.00000000 0.00 0.00 0.00 -0.01 -0.67 0.43 0.02 -0.00 -0.02 89.71 51.88 89.76 
0 0 0 37.10 0.00000000 0.00000000 0.00 0.00 0.00 0.01 -0.67 0.40 0.03 -0.12 -0.01 90.30 51.52 89.94 
0 0 0 37.23 0.00000000 0.00000000 0.00 0.00 0.00 -0.01 -0.70 0.33 0.00 0.04 0.01 89.69 49.89 90.15 
0 0 0 37.33 0.00000000 0.00000000 0.00 0.00 0.00 -0.01 -0.67 0.45 0.02 0.15 0.00 89.70 51.67 90.01 
0 0 0 37.43 0.00000000 0.00000000 0.00 0.00 0.00 -0.02 -0.67 0.46 -0.03 0.88 0.00 89.03 51.42 90.01 
0 0 0 37.53 0.00000000 0.00000000 0.00 0.00 0.00 0.01 -0.49 0.47 -0.02 1.17 0.00 90.53 62.18 90.01 
0 0 0 37.63 0.00000000 0.00000000 0.00 0.00 0.00 -0.10 -0.29 1.04 0.05 1.39 -0.04 84.46 73.65 89.53 
0 0 0 37.73 0.00000000 0.00000000 0.00 0.00 0.00 0.00 -0.13 1.02 0.09 1.62 -0.04 90.21 82.72 89.57 
0 0 0 37.83 0.00000000 0.00000000 0.00 0.00 0.00 0.04 -0.05 0.19 0.18 1.43 0.01 92.38 87.39 90.13 
0 0 0 37.94 0.00000000 0.00000000 0.00 0.00 0.00 0.03 0.18 0.76 0.17 1.15 0.01 91.66 100.30 90.10 
0 0 0 38.04 0.00000000 0.00000000 0.00 0.00 0.00 0.10 0.32 -0.11 0.07 1.28 0.04 96.01 108.06 90.44 
0 0 0 38.14 0.00000000 0.00000000 0.00 0.00 0.00 0.02 0.36 0.53 -0.02 0.94 0.03 90.89 110.48 90.38 
0 0 0 38.24 0.00000000 0.00000000 0.00 0.00 0.00 0.07 0.42 0.09 -0.05 0.50 0.02 93.77 113.79 90.24 
0 0 0 38.34 0.00000000 0.00000000 0.00 0.00 0.00 0.03 0.46 0.27 0.00 0.28 0.04 91.84 116.28 90.49 
0 0 0 38.44 0.00000000 0.00000000 0.00 0.00 0.00 0.01 0.47 0.27 0.10 0.12 0.06 90.44 117.01 90.73 
0 0 0 38.54 0.00000000 0.00000000 0.00 0.00 0.00 0.06 0.46 0.18 0.06 -0.03 0.03 93.48 116.43 90.36 
0 0 0 38.64 0.00000000 0.00000000 0.00 0.00 0.00 0.05 0.47 0.28 0.01 -0.03 -0.01 92.58 116.73 89.89 
0 0 0 38.74 0.00000000 0.00000000 0.00 0.00 0.00 0.06 0.47 0.19 -0.00 -0.05 -0.00 93.19 117.16 89.97 
0 0 0 38.84 0.00000000 0.00000000 0.00 0.00 0.00 0.03 0.46 0.22 0.01 -0.08 -0.00 91.88 116.55 89.99 
0 0 0 38.94 0.00000000 0.00000000 0.00 0.00 0.00 0.06 0.48 0.26 0.02 -0.06 -0.00 93.15 117.68 89.95 
0 0 0 39.04 0.00000000 0.00000000 0.00 0.00 0.00 0.06 0.47 0.20 0.03 -0.02 0.00 93.34 117.10 90.02 
0 0 0 39.14 0.00000000 0.00000000 0.00 0.00 0.00 0.04 0.45 0.16 0.04 -0.05 0.00 92.48 115.82 90.03 
0 0 0 39.24 0.00000000 0.00000000 0.00 0.00 0.00 0.02 0.45 0.35 0.01 -0.05 0.00 91.35 115.93 90.01 
0 0 0 39.34 0.00000000 0.00000000 0.00 0.00 0.00 0.03 0.45 0.25 0.03 -0.03 0.01 91.45 115.88 90.14 
0 0 0 39.45 0.00000000 0.00000000 0.00 0.00 0.00 0.10 0.49 0.17 0.03 -0.00 0.02 95.76 118.22 90.19 
0 0 0 39.55 0.00000000 0.00000000 0.00 0.00 0.00 0.11 0.49 0.10 0.03 -0.02 0.02 96.23 118.10 90.30 
0 0 0 39.65 0.00000000 0.00000000 0.00 0.00 0.00 0.09 0.48 0.19 0.02 -0.04 0.02 95.11 117.34 90.21 
0 0 0 39.75 0.00000000 0.00000000 0.00 0.00 0.00 0.09 0.48 0.22 0.01 -0.00 0.00 94.94 117.51 90.03 
0 0 0 39.85 0.00000000 0.00000000 0.00 0.00 0.00 0.10 0.48 0.15 0.03 -0.01 0.01 95.69 117.53 90.12 
0 0 0 39.95 0.00000000 0.00000000 0.00 0.00 0.00 0.10 0.43 0.06 -0.02 -0.08 0.00 95.73 114.41 90.01 
0 0 0 40.05 0.00000000 0.00000000 0.00 0.00 0.00 0.05 0.41 0.27 0.11 -0.88 -0.09 93.02 113.43 88.88 
0 0 0 40.15 0.00000000 0.00000000 0.00 0.00 0.00 0.06 0.31 0.18 0.13 -1.78 -0.05 93.66 107.49 89.41 
0 0 0 40.25 0.00000000 0.00000000 0.00 0.00 0.00 0.07 0.12 0.45 0.09 -1.96 -0.05 93.96 97.00 89.43 
0 0 0 40.35 0.00000000 0.00000000 0.00 0.00 0.00 0.12 -0.10 0.12 -0.04 -1.69 0.01 96.91 84.36 90.15 
0 0 0 40.45 0.00000000 0.00000000 0.00 0.00 0.00 0.12 -0.27 0.19 -0.09 -1.52 0.13 95.73 75.30 91.54 
0 0 0 40.55 0.00000000 0.00000000 0.00 0.00 0.00 0.15 -0.42 0.24 -0.00 -1.31 0.13 98.38 65.96 91.57 
0 0 0 40.65 0.00000000 0.00000000 0.00 0.00 0.00 0.09 -0.60 0.26 0.00 -1.00 0.12 95.11 55.52 91.41 
0 0 0 40.75 0.00000000 0.00000000 0.00 0.00 0.00 0.10 -0.77 0.16 0.02 -0.47 0.08 95.92 46.04 91.01 
0 0 0 40.86 0.00000000 0.00000000 0.00 0.00 0.00 -0.04 -0.70 0.93 -0.04 -0.10 0.03 87.90 50.07 90.39 
0 0 0 40.96 0.00000000 0.00000000 0.00 0.00 0.00 0.06 -0.69 0.53 -0.07 0.01 0.04 93.18 50.24 90.47 
0 0 0 41.06 0.00000000 0.00000000 0.00 0.00 0.00 0.01 -0.64 0.99 0.02 -0.05 0.02 90.85 53.18 90.24 
0 0 0 41.16 0.00000000 0.00000000 0.00 0.00 0.00 0.07 -0.63 0.72 0.05 0.04 0.05 93.54 55.80 90.47 
0 0 0 41.26 0.00000000 0.00000000 0.00 0.00 0.00 -0.04 -0.59 1.58 -0.06 -0.10 0.05 87.97 56.09 90.61 
0 0 0 41.36 0.00000000 0.00000000 0.00 0.00 0.00 -0.03 -0.70 0.86 -0.08 -0.09 0.03 88.55 50.06 90.36 
0 0 0 41.47 0.00000000 0.00000000 0.00 0.00 0.00 -0.02 -0.63 1.27 0.02 -0.01 0.02 88.64 53.75 90.29 
0 0 0 41.57 0.00000000 0.00000000 0.00 0.00 0.00 0.05 -0.69 0.51 0.05 -0.05 0.02 93.04 50.35 90.20 
0 0 0 41.67 0.00000000 0.00000000 0.00 0.00 0.00 -0.04 -0.68 0.92 -0.03 0.03 -0.01 87.77 50.85 89.85 
0 0 0 41.77 0.00000000 0.00000000 0.00 0.00 0.00 0.03 -0.65 0.78 0.03 0.02 0.02 91.68 52.74 90.19 
0 0 0 41.87 0.00000000 0.00000000 0.00 0.00 0.00 0.01 -0.69 0.73 -0.02 0.07 -0.01 90.60 50.73 89.97 
0 0 0 41.97 0.00000000 0.00000000 0.00 0.00 0.00 0.02 -0.62 1.06 0.00 -0.08 -0.02 89.72 53.04 89.88 
0 0 0 42.07 0.00000000 0.00000000 0.00 0.00 0.00 -0.01 -0.70 0.74 0.01 0.06 0.01 89.69 50.13 90.07 
0 0 0 42.17 0.00000000 0.00000000 0.00 0.00 0.00 0.00 -0.66 0.89 0.03 0.06 0.01 90.28 52.38 90.11 
0 0 0 42.27 0.00000000 0.00000000 0.00 0.00 0.00 0.01 -0.68 0.71 -0.01 0.02 -0.05 90.30 51.16 89.41 
0 0 0 42.37 0.00000000 0.00000000 0.00 0.00 0.00 0.03 -0.66 0.66 0.11 -0.01 -0.02 91.71 52.02 89.81 
0 0 0 42.47 0.00000000 0.00000000 0.00 0.00 0.00 -0.01 -0.62 1.13 0.01 0.07 -0.02 89.46 54.31 89.77 
0 0 0 42.57 0.00000000 0.00000000 0.00 0.00 0.00 0.03 -0.65 0.76 0.02 -0.06 -0.03 91.71 52.73 89.68 
0 0 0 42.67 0.00000000 0.00000000 0.00 0.00 0.00 0.00 -0.61 1.23 0.04 0.03 -0.02 90.27 54.83 89.75 
0 0 0 42.78 0.00000000 0.00000000 0.00 0.00 0.00 -0.02 -0.62 1.13 0.14 0.25 -0.01 88.88 54.55 89.83 
0 0 0 42.88 0.00000000 0.00000000 0.00 0.00 0.00 0.04 -0.58 1.19 0.10 0.83 -0.09 92.17 57.02 88.87 
0 0 0 42.98 0.00000000 0.00000000 0.00 0.00 0.00 0.03 -0.45 1.27 0.14 0.71 -0.05 91.71 64.33 89.36 
0 0 0 43.08 0.00000000 0.00000000 0.00 0.00 0.00 0.07 -0.39 0.96 0.21 0.52 -0.04 93.93 67.65 89.53 
0 0 0 43.18 0.00000000 0.00000000 0.00 0.00 0.00 0.12 -0.43 0.37 0.14 0.66 -0.06 97.13 65.11 89.33 
0 0 0 43.28 0.00000000 0.00000000 0.00 0.00 0.00 0.11 -0.27 0.69 0.01 0.86 -0.10 96.26 74.41 88.82 
0 0 0 43.38 0.00000000 0.00000000 0.00 0.00 0.00 0.08 -0.17 0.95 -0.04 1.40 -0.14 94.56 80.49 88.27 
0 0 0 43.48 0.00000000 0.00000000 0.00 0.00 0.00 0.09 0.01 0.72 -0.07 1.33 -0.12 95.12 90.41 88.52 
0 0 0 43.58 0.00000000 0.00000000 0.00 0.00 0.00 0.13 0.07 0.91 0.12 0.66 -0.06 97.64 94.15 89.22 
0 0 0 43.68 0.00000000 0.00000000 0.00 0.00 0.00 0.08 0.16 0.47 0.06 0.88 -0.05 94.51 98.95 89.34 
0 0 0 43.78 0.00000000 0.00000000 0.00 0.00 0.00 0.06 0.19 0.48 -0.01 0.71 -0.07 93.17 100.94 89.20 
0 0 0 43.88 0.00000000 0.00000000 0.00 0.00 0.00 0.14 0.35 0.18 -0.07 0.69 -0.12 97.81 109.77 88.51 
0 0 0 43.98 0.00000000 0.00000000 0.00 0.00 0.00 0.03 0.37 0.33 -0.19 0.81 -0.14 97.56 111.55 88.18 
0 0 0 44.08 0.00000000 0.00000000 0.00 0.00 0.00 0.07 0.48 0.29 -0.02 0.54 -0.06 93.92 117.61 89.22 
0 0 0 44.19 0.00000000 0.00000000 0.00 0.00 0.00 -0.06 0.50 0.45 0.11 0.31 0.01 86.37 118.53 90.10 
0 0 0 44.29 0.00000000 0.00000000 0.00 0.00 0.00 0.15 0.55 0.09 0.09 0.28 0.05 98.34 120.00 90.59 
0 0 0 44.39 0.00000000 0.00000000 0.00 0.00 0.00 0.05 0.49 0.25 0.11 0.04 0.03 92.94 118.27 90.36 
0 0 0 44.49 0.00000000 0.00000000 0.00 0.00 0.00 0.11 0.58 0.13 0.04 0.07 0.03 96.31 120.00 90.32 
0 0 0 44.59 0.00000000 0.00000000 0.00 0.00 0.00 0.09 0.51 0.20 0.07 -0.02 0.04 95.22 119.94 90.58 
0 0 0 44.69 0.00000000 0.00000000 0.00 0.00 0.00 0.10 0.55 0.22 0.05 -0.01 0.01 95.63 120.00 90.11 
0 0 0 44.79 0.00000000 0.00000000 0.00 0.00 0.00 0.15 0.56 0.07 0.03 -0.02 -0.00 98.38 120.00 89.95 
0 0 0 44.89 0.00000000 0.00000000 0.00 0.00 0.00 0.13 0.55 0.16 0.05 -0.03 0.01 97.34 120.00 90.16 
0 0 0 44.99 0.00000000 0.00000000 0.00 0.00 0.00 0.11 0.52 0.17 0.03 -0.04 0.02 96.43 119.62 90.28 
0 0 0 45.09 0.00000000 0.00000000 0.00 0.00 0.00 0.12 0.52 0.16 0.02 -0.04 0.01 96.94 119.67 90.07 
0 0 0 45.19 0.00000000 0.00000000 0.00 0.00 0.00 0.14 0.54 0.18 0.01 -0.02 0.01 98.09 120.00 90.10 
0 0 0 45.29 0.00000000 0.00000000 0.00 0.00 0.00 0.12 0.54 0.17 0.02 -0.05 0.01 96.67 120.00 90.07 
0 0 0 45.39 0.00000000 0.00000000 0.00 0.00 0.00 0.13 0.52 0.14 -0.06 -0.09 -0.03 97.50 119.67 89.62 
0 0 0 45.49 0.00000000 0.00000000 0.00 0.00 0.00 0.08 0.46 0.22 0.16 -1.03 -0.07 94.75 116.23 89.20 
0 0 0 45.59 0.00000000 0.00000000 0.00 0.00 0.00 0.12 0.41 0.06 0.09 -1.10 -0.06 97.16 113.66 89.26 
0 0 0 45.70 0.00000000 0.00000000 0.00 0.00 0.00 0.13 0.27 0.13 -0.03 -1.26 -0.04 97.73 105.71 89.52 
0 0 0 45.80 0.00000000 0.00000000 0.00 0.00 0.00 0.17 0.16 -0.08 -0.09 -1.61 -0.02 100.01 99.11 89.80 
0 0 0 45.90 0.00000000 0.00000000 0.00 0.00 0.00 0.08 -0.02 0.34 -0.03 -1.72 0.02 94.52 88.87 90.30 
0 0 0 46.00 0.00000000 0.00000000 0.00 0.00 0.00 0.11 -0.28 0.16 -0.07 -1.64 0.10 96.05 74.14 91.26 
0 0 0 46.10 0.00000000 0.00000000 0.00 0.00 0.00 0.05 -0.37 0.34 -0.08 -1.31 0.14 92.91 68.73 91.72 
0 0 0 46.20 0.00000000 0.00000000 0.00 0.00 0.00 0.09 -0.48 0.40 -0.04 -1.09 0.12 94.88 62.72 91.47 
0 0 0 46.30 0.00000000 0.00000000 0.00 0.00 0.00 0.07 -0.64 0.18 -0.14 -0.74 0.14 94.26 53.40 91.69 
0 0 0 46.40 0.00000000 0.00000000 0.00 0.00 0.00 0.01 -0.62 0.70 -0.12 -0.23 0.07 90.54 54.62 90.90 
0 0 0 46.50 0.00000000 0.00000000 0.00 0.00 0.00 -0.01 -0.55 1.17 0.14 -0.23 0.01 89.24 58.23 90.12 
0 0 0 46.60 0.00000000 0.00000000 0.00 0.00 0.00 -0.05 -0.59 1.26 0.13 0.05 -0.01 87.00 56.35 89.92 
0 0 0 46.70 0.00000000 0.00000000 0.00 0.00 0.00 0.01 -0.88 0.19 0.01 1.62 0.22 90.47 39.35 92.62 
0 0 0 46.80 0.00000000 0.00000000 0.00 0.00 0.00 -0.12 -0.19 1.91 -0.29 2.45 0.17 83.02 79.33 92.03 
0 0 0 46.90 0.00000000 0.00000000 0.00 0.00 0.00 0.06 -0.04 -0.73 -0.09 1.22 0.09 93.67 87.98 91.07 
0 0 0 47.00 0.00000000 0.00000000 0.00 0.00 0.00 -0.03 0.00 0.69 0.47 0.66 0.24 88.55 90.00 92.89 
0 0 0 47.11 0.00000000 0.00000000 0.00 0.00 0.00 0.04 -0.03 0.39 0.65 0.52 0.31 92.34 88.30 93.77 
0 0 0 47.21 0.00000000 0.00000000 0.00 0.00 0.00 0.10 0.05 0.30 0.26 1.65 0.10 95.71 92.73 91.23 
0 0 0 47.31 0.00000000 0.00000000 0.00 0.00 0.00 -0.04 0.16 0.72 -0.21 0.60 -0.06 87.46 99.25 89.26 
0 0 0 47.41 0.00000000 0.00000000 0.00 0.00 0.00 -0.02 0.18 0.64 -0.20 -0.34 -0.16 88.92 100.44 88.11 
0 0 0 47.51 0.00000000 0.00000000 0.00 0.00 0.00 0.07 0.12 0.24 0.23 0.03 -0.20 93.94 96.91 87.65 
0 0 0 47.61 0.00000000 0.00000000 0.00 0.00 0.00 0.10 0.23 0.37 0.13 -0.36 0.02 97.81 103.09 89.89 
0 0 0 47.71 0.00000000 0.00000000 0.00 0.00 0.00 0.08 0.02 0.19 -0.27 -0.21 0.12 96.09 92.93 91.56 
0 0 0 47.81 0.00000000 0.00000000 0.00 0.00 0.00 0.03 0.02 0.25 -0.61 -0.29 0.05 91.78 90.89 90.60 
0 0 0 47.91 0.00000000 0.00000000 0.00 0.00 0.00 -0.11 -0.07 0.45 -1.15 -0.70 -0.02 83.87 86.24 89.79 
0 0 0 48.01 0.00000000 0.00000000 0.00 0.00 0.00 -0.17 0.05 0.18 -1.51 0.10 -0.28 80.30 92.67 86.62 
0 0 0 48.11 0.00000000 0.00000000 0.00 0.00 0.00 -0.27 0.10 0.39 -1.22 -0.29 -0.22 74.27 95.95 87.38 
0 0 0 48.21 0.00000000 0.00000000 0.00 0.00 0.00 -0.42 -0.02 0.11 -0.87 -0.42 -0.03 65.72 88.79 89.62 
0 0 0 48.31 0.00000000 0.00000000 0.00 0.00 0.00 -0.49 -0.05 0.31 -0.64 -0.02 0.06 61.77 87.16 90.77 
0 0 0 48.41 0.00000000 0.00000000 0.00 0.00 0.00 -0.52 0.01 0.19 -0.36 -0.01 0.05 59.96 90.43 90.56 
0 0 0 48.52 0.00000000 0.00000000 0.00 0.00 0.00 -0.58 -0.03 0.36 -0.19 -0.09 0.02 56.78 88.56 90.24 
0 0 0 48.62 0.00000000 0.00000000 0.00 0.00 0.00 -0.59 -0.06 0.13 -0.11 0.09 0.01 53.88 85.51 90.16 
0 0 0 48.72 0.00000000 0.00000000 0.00 0.00 0.00 -0.54 0.01 0.08 0.59 0.01 0.03 59.00 90.84 90.30 
0 0 0 48.82 0.00000000 0.00000000 0.00 0.00 0.00 -0.48 -0.03 0.12 1.81 -0.11 0.22 62.51 88.55 92.60 
0 0 0 48.92 0.00000000 0.00000000 0.00 0.00 0.00 -0.26 -0.03 0.60 2.25 -0.23 0.23 74.92 88.27 92.80 
0 0 0 49.02 0.00000000 0.00000000 0.00 0.00 0.00 -0.12 -0.04 0.66 2.35 -0.23 -0.00 83.26 87.76 89.95 
0 0 0 49.12 0.00000000 0.00000000 0.00 0.00 0.00 0.16 -0.10 0.77 1.91 -0.22 -0.20 99.38 84.31 87.62 
0 0 0 49.22 0.00000000 0.00000000 0.00 0.00 0.00 0.38 -0.06 0.47 1.28 0.11 -0.14 112.06 86.80 88.28 
0 0 0 49.32 0.00000000 0.00000000 0.00 0.00 0.00 0.53 -0.07 0.51 0.94 0.08 -0.10 30.00 86.23 88.85 
0 0 0 49.42 0.00000000 0.00000000 0.00 0.00 0.00 0.61 -0.07 0.41 0.37 0.23 -0.02 30.00 86.19 89.71 
0 0 0 49.52 0.00000000 0.00000000 0.00 0.00 0.00 0.50 0.02 1.08 -0.23 0.17 0.01 118.68 91.23 90.15 
0 0 0 49.62 0.00000000 0.00000000 0.00 0.00 0.00 0.42 0.02 1.05 -0.56 0.17 0.03 114.08 91.34 90.32 
0 0 0 49.72 0.00000000 0.00000000 0.00 0.00 0.00 0.36 -0.00 0.92 -0.94 0.07 0.08 110.58 89.77 90.98 
0 0 0 49.82 0.00000000 0.00000000 0.00 0.00 0.00 0.25 0.00 0.62 -1.64 0.29 0.00 104.33 90.00 90.01 
0 0 0 49.93 0.00000000 0.00000000 0.00 0.00 0.00 0.03 0.04 0.94 -2.08 0.38 -0.15 91.62 92.32 88.21 
0 0 0 50.03 0.00000000 0.00000000 0.00 0.00 0.00 -0.21 0.12 0.71 -2.21 0.79 -0.30 78.09 96.83 86.40 
0 0 0 50.13 0.00000000 0.00000000 0.00 0.00 0.00 -0.32 0.14 0.45 -1.75 -0.44 -0.24 71.62 98.22 87.14 
0 0 0 50.23 0.00000000 0.00000000 0.00 0.00 0.00 -0.44 0.07 0.36 -1.01 -0.43 -0.06 64.83 94.24 89.30 
0 0 0 50.33 0.00000000 0.00000000 0.00 0.00 0.00 -0.57 0.03 0.34 -0.61 -0.24 -0.12 57.41 91.58 88.54 
0 0 0 50.43 0.00000000 0.00000000 0.00 0.00 0.00 -0.60 0.04 0.08 -0.51 0.08 -0.08 55.63 92.45 89.09 
0 0 0 50.53 0.00000000 0.00000000 0.00 0.00 0.00 -0.66 0.02 0.29 -0.21 -0.08 0.02 52.16 91.05 90.22 
0 0 0 50.63 0.00000000 0.00000000 0.00 0.00 0.00 -0.66 0.02 0.16 -0.05 0.03 0.02 52.33 91.39 90.24 
0 0 0 50.73 0.00000000 0.00000000 0.00 0.00 0.00 -0.60 0.05 -0.25 0.12 0.04 0.00 55.60 93.09 90.05 
0 0 0 50.83 0.00000000 0.00000000 0.00 0.00 0.00 -0.57 0.08 -0.44 0.52 -0.13 0.01 57.42 94.71 90.15 
0 0 0 50.93 0.00000000 0.00000000 0.00 0.00 0.00 -0.53 0.05 -0.19 1.30 -0.28 0.08 59.90 92.70 91.00 
0 0 0 51.03 0.00000000 0.00000000 0.00 0.00 0.00 -0.43 -0.05 0.01 2.26 -0.10 -0.07 65.64 87.13 89.19 
0 0 0 51.13 0.00000000 0.00000000 0.00 0.00 0.00 -0.21 -0.05 0.68 2.52 -0.27 -0.08 77.91 87.41 89.06 
0 0 0 51.23 0.00000000 0.00000000 0.00 0.00 0.00 0.11 -0.07 -0.38 2.12 -0.12 -0.14 100.58 88.29 88.57 
0 0 0 51.33 0.00000000 0.00000000 0.00 0.00 0.00 0.44 -0.10 -0.35 1.52 -0.18 -0.12 115.11 84.50 88.52 
0 0 0 51.44 0.00000000 0.00000000 0.00 0.00 0.00 0.53 -0.10 0.22 1.04 0.02 -0.10 30.00 85.24 88.76 
0 0 0 51.54 0.00000000 0.00000000 0.00 0.00 0.00 0.54 -0.06 0.59 0.51 0.33 -0.02 30.00 86.42 89.79 
0 0 0 51.64 0.00000000 0.00000000 0.00 0.00 0.00 0.59 -0.07 0.32 -0.31 0.28 -0.01 30.00 85.89 89.84 
0 0 0 51.74 0.00000000 0.00000000 0.00 0.00 0.00 0.42 -0.01 0.88 -0.81 -0.14 -0.04 114.05 89.57 89.54 
0 0 0 51.84 0.00000000 0.00000000 0.00 0.00 0.00 0.37 -0.03 0.63 -0.91 -0.44 0.01 111.07 88.25 90.08 
0 0 0 51.94 0.00000000 0.00000000 0.00 0.00 0.00 0.31 -0.05 0.60 -0.97 -1.29 0.07 107.76 86.93 90.81 
0 0 0 52.04 0.00000000 0.00000000 0.00 0.00 0.00 0.20 -0.21 0.83 -0.85 -2.11 0.28 101.72 77.85 93.34 
0 0 0 52.14 0.00000000 0.00000000 0.00 0.00 0.00 0.06 -0.58 0.42 -0.68 -1.84 0.29 93.20 56.62 93.45 
0 0 0 52.25 0.00000000 0.00000000 0.00 0.00 0.00 0.00 -0.68 0.66 -0.26 -1.69 0.21 90.00 51.09 92.58 
0 0 0 52.35 0.00000000 0.00000000 0.00 0.00 0.00 -0.08 -0.96 0.55 0.01 -1.24 0.11 85.51 35.07 91.31 
0 0 0 52.45 0.00000000 0.00000000 0.00 0.00 0.00 -0.10 -0.90 1.00 -0.00 -0.55 0.07 84.22 38.17 90.81 
0 0 0 52.55 0.00000000 0.00000000 0.00 0.00 0.00 -0.12 -0.95 1.08 -0.03 -0.05 0.05 83.07 35.37 90.62 
0 0 0 52.65 0.00000000 0.00000000 0.00 0.00 0.00 -0.09 -0.91 1.14 0.02 0.09 0.00 84.87 37.79 90.03 
0 0 0 52.75 0.00000000 0.00000000 0.00 0.00 0.00 -0.20 -0.93 1.29 0.03 -0.01 -0.02 82.96 37.73 89.81 
0 0 0 52.85 0.00000000 0.00000000 0.00 0.00 0.00 -0.07 -0.89 1.37 0.02 -0.04 0.00 85.74 38.91 90.03 
0 0 0 52.95 0.00000000 0.00000000 0.00 0.00 0.00 -0.10 -0.79 2.07 -0.03 -0.02 0.04 84.40 44.87 90.45 
0 0 0 53.05 0.00000000 0.00000000 0.00 0.00 0.00 0.03 -0.82 2.26 0.03 -0.04 0.00 91.62 43.13 90.01 
0 0 0 53.15 0.00000000 0.00000000 0.00 0.00 0.00 -0.10 -0.89 1.49 0.05 -0.03 -0.01 84.03 39.21 89.93 
0 0 0 53.25 0.00000000 0.00000000 0.00 0.00 0.00 -0.01 -1.05 0.28 0.06 -0.15 0.02 89.52 29.66 90.27 
0 0 0 53.39 0.00000000 0.00000000 0.00 0.00 0.00 -0.22 -0.99 0.98 0.05 0.61 -0.02 77.56 33.55 89.70 
0 0 0 53.54 0.00000000 0.00000000 0.00 0.00 0.00 0.03 -0.72 0.53 0.04 2.02 -0.12 91.79 49.03 88.53 
0 0 0 53.68 0.00000000 0.00000000 0.00 0.00 0.00 0.03 -0.33 1.98 0.28 2.18 -0.09 91.96 71.14 88.98 
0 0 0 53.81 0.00000000 0.00000000 0.00 0.00 0.00 0.03 -0.02 1.58 0.10 1.75 -0.12 91.59 88.81 88.51 
0 0 0 53.91 0.00000000 0.00000000 0.00 0.00 0.00 0.14 0.12 -0.06 0.17 1.11 -0.08 97.99 96.73 89.00 
0 0 0 54.02 0.00000000 0.00000000 0.00 0.00 0.00 0.10 0.19 0.59 0.14 1.02 0.07 95.69 100.77 90.90 
0 0 0 54.12 0.00000000 0.00000000 0.00 0.00 0.00 0.14 0.29 0.30 0.08 1.16 0.06 97.93 106.53 90.76 
0 0 0 54.22 0.00000000 0.00000000 0.00 0.00 0.00 0.10 0.32 0.28 -0.05 0.65 -0.03 95.75 108.09 89.64 
0 0 0 54.32 0.00000000 0.00000000 0.00 0.00 0.00 0.13 0.42 0.24 -0.06 0.17 -0.05 97.46 114.24 89.39 
0 0 0 54.42 0.00000000 0.00000000 0.00 0.00 0.00 0.04 0.36 0.37 -0.07 0.26 0.01 92.52 110.47 90.10 
0 0 0 54.52 0.00000000 0.00000000 0.00 0.00 0.00 0.00 0.35 0.36 0.07 -0.03 0.03 90.00 110.25 90.39 
0 0 0 54.62 0.00000000 0.00000000 0.00 0.00 0.00 0.04 0.44 0.52 -0.05 -0.14 -0.06 92.44 115.46 89.23 
0 0 0 54.72 0.00000000 0.00000000 0.00 0.00 0.00 0.02 0.41 0.40 -0.13 -0.34 -0.24 91.10 113.67 87.13 
0 0 0 54.82 0.00000000 0.00000000 0.00 0.00 0.00 0.06 0.32 0.09 -0.20 -0.47 -0.30 93.68 108.40 86.35 
0 0 0 54.92 0.00000000 0.00000000 0.00 0.00 0.00 -0.02 0.24 0.25 -0.12 -0.31 -0.23 88.64 103.94 87.26 
0 0 0 55.02 0.00000000 0.00000000 0.00 0.00 0.00 -0.01 0.27 0.28 -0.08 -1.35 -0.16 89.17 105.45 88.11 
0 0 0 55.12 0.00000000 0.00000000 0.00 0.00 0.00 -0.00 0.10 0.08 -0.26 -1.49 -0.23 89.78 95.45 87.18 
0 0 0 55.22 0.00000000 0.00000000 0.00 0.00 0.00 -0.09 -0.04 0.49 -0.09 -1.65 -0.13 84.61 87.81 88.44 
0 0 0 55.32 0.00000000 0.00000000 0.00 0.00 0.00 -0.02 -0.17 -0.07 0.10 -1.77 -0.01 89.06 80.23 89.86 
0 0 0 55.43 0.00000000 0.00000000 0.00 0.00 0.00 -0.05 -0.52 0.24 0.04 -1.38 0.02 86.87 60.05 90.25 
0 0 0 55.53 0.00000000 0.00000000 0.00 0.00 0.00 -0.07 -0.59 0.50 -0.02 -0.85 0.00 85.74 56.44 90.01 
0 0 0 55.63 0.00000000 0.00000000 0.00 0.00 0.00 -0.04 -0.71 0.16 -0.13 -0.47 0.05 87.75 49.16 90.60 
0 0 0 55.73 0.00000000 0.00000000 0.00 0.00 0.00 -0.06 -0.85 0.15 0.05 -0.45 0.00 86.68 41.42 90.05 
0 0 0 55.83 0.00000000 0.00000000 0.00 0.00 0.00 0.03 -0.79 -0.15 0.08 -0.31 0.01 91.60 44.69 90.12 
0 0 0 55.93 0.00000000 0.00000000 0.00 0.00 0.00 -0.06 -0.67 0.82 -0.02 -0.05 0.01 86.62 51.87 90.12 
0 0 0 56.03 0.00000000 0.00000000 0.00 0.00 0.00 -0.10 -0.70 0.73 -0.03 0.11 0.03 84.41 49.75 90.39 
0 0 0 56.13 0.00000000 0.00000000 0.00 0.00 0.00 0.01 -0.78 -0.08 0.06 -0.03 0.04 90.35 45.35 90.42 
0 0 0 56.23 0.00000000 0.00000000 0.00 0.00 0.00 -0.09 -0.87 0.27 0.08 0.54 0.02 84.66 40.41 90.25 
0 0 0 56.33 0.00000000 0.00000000 0.00 0.00 0.00 -0.30 -0.45 1.79 0.21 1.44 0.12 72.81 64.28 91.49 
0 0 0 56.43 0.00000000 0.00000000 0.00 0.00 0.00 0.09 -0.40 -0.33 0.43 1.82 0.39 95.17 66.82 94.74 
0 0 0 56.53 0.00000000 0.00000000 0.00 0.00 0.00 -0.06 -0.17 1.27 0.49 1.72 0.39 86.66 80.08 94.71 
0 0 0 56.63 0.00000000 0.00000000 0.00 0.00 0.00 0.02 -0.11 0.53 0.28 0.22 0.23 91.33 83.56 92.78 
0 0 0 56.73 0.00000000 0.00000000 0.00 0.00 0.00 0.08 -0.09 0.24 -0.00 0.15 0.04 94.55 84.68 90.43 
0 0 0 56.83 0.00000000 0.00000000 0.00 0.00 0.00 0.04 -0.10 0.31 -0.15 -0.17 -0.02 92.43 84.27 89.80 
0 0 0 56.94 0.00000000 0.00000000 0.00 0.00 0.00 0.11 -0.01 -0.08 -0.05 0.25 -0.08 96.59 89.09 89.11 
0 0 0 57.04 0.00000000 0.00000000 0.00 0.00 0.00 0.12 -0.26 -0.11 0.11 -0.18 -0.15 96.98 74.98 88.23 
0 0 0 57.14 0.00000000 0.00000000 0.00 0.00 0.00 0.14 -0.02 -0.24 0.20 0.39 0.02 98.02 88.93 90.21 
0 0 0 57.24 0.00000000 0.00000000 0.00 0.00 0.00 0.07 0.06 0.44 0.11 -0.15 0.14 93.92 93.45 91.70 
0 0 0 57.34 0.00000000 0.00000000 0.00 0.00 0.00 0.08 0.02 -0.08 0.06 0.17 0.01 94.55 90.87 90.13 
0 0 0 57.44 0.00000000 0.00000000 0.00 0.00 0.00 0.04 -0.02 0.30 -0.06 0.15 -0.06 92.49 88.87 89.32 
0 0 0 57.54 0.00000000 0.00000000 0.00 0.00 0.00 0.06 -0.05 0.18 -0.24 -0.07 0.06 93.62 86.87 90.69 
0 0 0 57.64 0.00000000 0.00000000 0.00 0.00 0.00 0.02 0.04 0.44 -0.38 0.17 0.20 91.16 92.12 92.42 
0 0 0 57.74 0.00000000 0.00000000 0.00 0.00 0.00 0.31 0.37 -2.13 0.20 -0.02 0.34 107.86 111.11 94.07 
0 0 0 57.84 0.00000000 0.00000000 0.00 0.00 0.00 0.09 0.10 -0.05 0.19 0.02 0.26 94.99 95.64 93.11 
0 0 0 57.94 0.00000000 0.00000000 0.00 0.00 0.00 -0.06 0.33 2.04 0.20 -0.03 0.30 89.57 92.15 93.80 
0 0 0 58.04 0.00000000 0.00000000 0.00 0.00 0.00 0.06 0.09 0.31 0.21 -0.04 0.11 93.26 94.87 91.35 
0 0 0 58.14 0.00000000 0.00000000 0.00 0.00 0.00 -1.94 0.42 1.01 -0.28 -0.12 0.08 -21.36 113.81 90.93 
0 0 0 58.24 0.00000000 0.00000000 0.00 0.00 0.00 -0.31 -0.19 0.77 0.03 0.04 0.13 72.19 79.39 91.53 
0 0 0 58.34 0.00000000 0.00000000 0.00 0.00 0.00 0.10 0.05 0.32 -0.07 0.04 0.09 95.82 92.68 91.12 
0 0 0 58.45 0.00000000 0.00000000 0.00 0.00 0.00 0.82 0.32 -1.66 -0.05 -0.05 -0.28 30.00 108.09 86.69 
0 0 0 58.55 0.00000000 0.00000000 0.00 0.00 0.00 0.17 0.17 -0.54 0.19 -0.11 -0.01 99.94 100.01 89.91 
0 0 0 58.65 0.00000000 0.00000000 0.00 0.00 0.00 0.20 0.11 -0.37 0.04 -0.05 0.04 101.54 96.29 90.47 
0 0 0 58.75 0.00000000 0.00000000 0.00 0.00 0.00 0.04 0.06 0.49 0.02 -0.03 -0.07 92.17 93.36 89.22 
0 0 0 58.85 0.00000000 0.00000000 0.00 0.00 0.00 0.08 0.05 0.33 0.03 -0.06 0.02 94.42 92.78 90.19 
0 0 0 58.95 0.00000000 0.00000000 0.00 0.00 0.00 0.08 0.07 0.24 0.02 -0.02 0.00 94.78 93.86 90.05 
0 0 0 59.05 0.00000000 0.00000000 0.00 0.00 0.00 0.07 0.07 0.30 0.01 -0.02 0.00 94.18 94.17 90.04 
0 0 0 59.15 0.00000000 0.00000000 0.00 0.00 0.00 0.09 0.10 0.27 0.01 -0.01 0.00 95.02 95.65 90.05 
0 0 0 59.25 0.00000000 0.00000000 0.00 0.00 0.00 0.01 0.09 0.66 -0.00 0.01 0.00 90.44 95.27 90.02 
0 0 0 59.35 0.00000000 0.00000000 0.00 0.00 0.00 0.01 0.08 0.58 -0.00 0.00 0.00 92.27 95.36 90.02 
0 0 0 59.45 0.00000000 0.00000000 0.00 0.00 0.00 0.02 0.07 0.55 0.01 0.01 0.00 92.64 91.62 90.02 
0 0 0 59.55 0.00000000 0.00000000 0.00 0.00 0.00 0.05 0.09 0.39 0.01 0.02 0.00 92.79 95.13 90.01 
0 0 0 59.65 0.00000000 0.00000000 0.00 0.00 0.00 0.02 0.07 0.52 0.01 0.01 0.00 91.08 94.10 90.04 
0 0 0 59.75 0.00000000 0.00000000 0.00 0.00 0.00 0.05 0.07 0.42 0.01 -0.03 0.02 93.00 94.06 90.25 
0 0 0 59.86 0.00000000 0.00000000 0.00 0.00 0.00 0.06 0.09 0.33 0.02 -0.01 0.00 93.66 95.36 90.03 
0 0 0 59.96 0.00000000 0.00000000 0.00 0.00 0.00 0.04 0.07 0.44 0.01 -0.02 0.01 92.47 94.03 90.06 
0 0 0 60.06 0.00000000 0.00000000 0.00 0.00 0.00 0.11 0.08 0.13 0.02 -0.03 0.00 96.31 94.35 90.05 
0 0 0 60.16 0.00000000 0.00000000 0.00 0.00 0.00 0.08 0.06 0.25 0.02 -0.03 0.00 94.33 93.64 90.05 
0 0 0 60.26 0.00000000 0.00000000 0.00 0.00 0.00 0.04 0.09 0.54 0.02 0.04 0.00 92.20 95.27 90.05 
0 0 0 60.36 0.00000000 0.00000000 0.00 0.00 0.00 0.09 0.08 0.25 0.01 -0.00 0.00 95.30 94.59 90.03 
0 0 0 60.46 0.00000000 0.00000000 0.00 0.00 0.00 0.08 0.08 0.28 0.01 -0.00 0.01 94.69 94.67 90.07 
0 0 0 60.56 0.00000000 0.00000000 0.00 0.00 0.00 0.06 0.08 0.39 -0.00 0.01 0.01 93.55 94.86 90.18 
0 0 0 60.66 0.00000000 0.00000000 0.00 0.00 0.00 0.07 0.09 0.27 0.02 -0.02 -0.01 94.24 95.12 89.84 
0 0 0 60.76 0.00000000 0.00000000 0.00 0.00 0.00 0.06 0.09 0.45 0.01 -0.01 0.02 93.23 95.15 90.20 
0 0 0 60.86 0.00000000 0.00000000 0.00 0.00 0.00 0.05 0.08 0.48 0.00 0.00 0.01 92.84 94.79 90.09 
0 0 0 60.96 0.00000000 0.00000000 0.00 0.00 0.00 -0.06 0.12 0.91 0.02 -0.02 -0.26 86.49 96.71 86.82 
0 0 0 61.06 0.00000000 0.00000000 0.00 0.00 0.00 0.01 0.08 0.57 0.02 -0.01 0.01 93.11 92.07 90.10 
0 0 0 61.17 0.00000000 0.00000000 0.00 0.00 0.00 0.07 0.07 0.18 0.03 -0.03 0.01 92.97 93.60 90.03 
0 0 0 61.27 0.00000000 0.00000000 0.00 0.00 0.00 0.03 0.05 0.32 0.02 -0.02 0.01 91.79 93.13 90.07 
0 0 0 61.37 0.00000000 0.00000000 0.00 0.00 0.00 0.08 0.07 0.23 0.03 -0.02 0.01 94.43 93.76 90.08 
0 0 0 61.47 0.00000000 0.00000000 0.00 0.00 0.00 0.08 0.07 0.12 0.04 -0.04 0.01 94.35 94.11 90.08 
0 0 0 61.57 0.00000000 0.00000000 0.00 0.00 0.00 0.10 0.07 0.09 0.02 -0.03 0.00 95.96 94.11 90.06 
0 0 0 61.67 0.00000000 0.00000000 0.00 0.00 0.00 0.08 0.09 0.28 0.03 -0.04 0.01 94.31 95.01 90.08 
0 0 0 61.77 0.00000000 0.00000000 0.00 0.00 0.00 0.04 0.08 0.41 0.01 -0.01 0.01 92.32 94.86 90.06 
0 0 0 61.87 0.00000000 0.00000000 0.00 0.00 0.00 0.03 0.06 0.39 0.02 -0.02 0.00 91.99 93.53 90.05 
0 0 0 61.97 0.00000000 0.00000000 0.00 0.00 0.00 0.65 -0.41 -0.78 -0.09 0.09 -0.14 30.00 66.40 88.33 
0 0 0 62.07 0.00000000 0.00000000 0.00 0.00 0.00 -0.38 0.74 2.16 0.07 0.18 0.46 68.37 120.00 95.49 
0 0 0 62.18 0.00000000 0.00000000 0.00 0.00 0.00 0.25 -0.34 -0.23 -0.04 0.07 0.70 104.45 70.34 98.39 
0 0 0 62.28 0.00000000 0.00000000 0.00 0.00 0.00 0.00 0.02 0.61 -0.04 0.05 0.17 90.22 90.86 91.98 
0 0 0 62.38 0.00000000 0.00000000 0.00 0.00 0.00 0.06 0.09 0.65 0.01 0.01 -0.00 93.24 94.95 89.99 
0 0 0 62.48 0.00000000 0.00000000 0.00 0.00 0.00 0.07 0.07 0.57 0.04 -0.03 0.00 93.87 94.08 90.06 
0 0 0 62.58 0.00000000 0.00000000 0.00 0.00 0.00 0.09 0.05 0.43 0.02 -0.00 0.00 95.34 93.10 90.05 
0 0 0 62.68 0.00000000 0.00000000 0.00 0.00 0.00 0.07 0.08 0.60 -0.00 0.01 0.00 93.26 94.34 90.05 
0 0 0 62.78 0.00000000 0.00000000 0.00 0.00 0.00 0.06 0.07 0.60 0.01 0.00 0.00 93.26 94.13 90.00 
0 0 0 62.88 0.00000000 0.00000000 0.00 0.00 0.00 0.02 0.12 0.90 0.02 -0.02 -0.03 91.07 96.81 89.67 
0 0 0 62.98 0.00000000 0.00000000 0.00 0.00 0.00 0.03 0.06 0.56 0.01 -0.02 -0.26 91.75 93.28 86.89 
0 0 0 63.08 0.00000000 0.00000000 0.00 0.00 0.00 0.10 0.09 0.39 0.01 -0.01 0.01 95.78 95.06 90.07 
0 0 0 63.18 0.00000000 0.00000000 0.00 0.00 0.00 0.08 0.04 0.37 0.02 -0.03 -0.09 94.35 92.17 88.90 
0 0 0 63.28 0.00000000 0.00000000 0.00 0.00 0.00 0.07 0.07 0.50 0.01 -0.01 0.00 93.73 94.15 90.02 
0 0 0 63.38 0.00000000 0.00000000 0.00 0.00 0.00 0.06 0.08 0.49 0.02 -0.01 0.00 93.58 94.46 90.04 
0 0 0 63.48 0.00000000 0.00000000 0.00 0.00 0.00 0.06 0.07 0.50 0.02 -0.01 0.01 93.30 93.95 90.08 
0 0 0 63.58 0.00000000 0.00000000 0.00 0.00 0.00 0.06 0.07 0.50 0.01 -0.00 0.00 93.30 94.17 90.01 
0 0 0 63.69 0.00000000 0.00000000 0.00 0.00 0.00 0.05 0.08 0.58 0.02 -0.01 0.01 92.59 94.74 90.06 
0 0 0 63.79 0.00000000 0.00000000 0.00 0.00 0.00 0.08 0.09 0.37 0.01 -0.02 -0.01 94.85 95.04 89.91 
0 0 0 63.89 0.00000000 0.00000000 0.00 0.00 0.00 0.04 0.07 0.52 0.00 -0.02 -0.21 92.17 93.90 87.45 
0 0 0 63.99 0.00000000 0.00000000 0.00 0.00 0.00 0.06 0.07 0.45 0.01 -0.02 0.00 93.33 93.76 90.04 
0 0 0 64.09 0.00000000 0.00000000 0.00 0.00 0.00 0.07 0.07 0.39 0.01 -0.01 0.00 93.77 94.20 90.01 
0 0 0 64.19 0.00000000 0.00000000 0.00 0.00 0.00 0.07 0.07 0.40 0.01 -0.01 0.00 93.96 94.17 90.06 
0 0 0 64.29 0.00000000 0.00000000 0.00 0.00 0.00 0.07 0.07 0.39 0.02 -0.01 0.00 93.93 93.92 90.04 
0 0 0 64.39 0.00000000 0.00000000 0.00 0.00 0.00 0.07 0.08 0.45 0.01 -0.00 0.00 93.74 94.39 90.05 
0 0 0 64.50 0.00000000 0.00000000 0.00 0.00 0.00 0.06 0.07 0.45 0.02 -0.00 0.00 93.76 94.41 90.05 
0 0 0 64.60 0.00000000 0.00000000 0.00 0.00 0.00 0.06 0.08 0.40 0.02 -0.01 0.00 93.71 94.36 90.03 
0 0 0 64.70 0.00000000 0.00000000 0.00 0.00 0.00 0.04 0.10 0.64 0.01 -0.01 0.00 92.42 95.92 90.02 
0 0 0 64.80 0.00000000 0.00000000 0.00 0.00 0.00 0.07 0.08 0.42 0.01 -0.01 0.00 93.80 94.01 90.05 
0 0 0 64.90 0.00000000 0.00000000 0.00 0.00 0.00 0.06 0.07 0.43 0.01 -0.01 0.01 93.71 93.92 90.06 
0 0 0 65.01 0.00000000 0.00000000 0.00 0.00 0.00 0.05 0.07 0.46 0.01 -0.01 0.00 93.76 94.19 90.03 
0 0 0 65.11 0.00000000 0.00000000 0.00 0.00 0.00 0.06 0.07 0.43 0.01 -0.02 0.01 93.55 93.76 90.06 
0 0 0 65.21 0.00000000 0.00000000 0.00 0.00 0.00 0.07 0.08 0.46 0.01 -0.00 0.00 93.95 93.94 90.03 
0 0 0 65.32 0.00000000 0.00000000 0.00 0.00 0.00 0.07 0.07 0.41 0.01 -0.01 0.01 93.73 94.59 90.04 
0 0 0 65.42 0.00000000 0.00000000 0.00 0.00 0.00 0.10 0.07 0.23 0.01 -0.01 0.00 95.69 94.14 90.01 
0 0 0 65.52 0.00000000 0.00000000 0.00 0.00 0.00 0.06 0.07 0.46 0.02 -0.01 0.00 93.49 94.14 90.05 
0 0 0 65.62 0.00000000 0.00000000 0.00 0.00 0.00 0.06 0.08 0.49 0.01 -0.01 0.00 93.76 94.41 90.05 
0 0 0 65.73 0.00000000 0.00000000 0.00 0.00 0.00 0.07 0.07 0.41 0.01 -0.01 0.01 93.99 94.20 90.08 
0 0 0 65.83 0.00000000 0.00000000 0.00 0.00 0.00 0.07 0.06 0.37 0.01 -0.01 0.00 93.95 93.72 90.04 
0 0 0 65.93 0.00000000 0.00000000 0.00 0.00 0.00 0.06 0.06 0.42 0.01 -0.00 0.00 93.34 93.56 90.02 
0 0 0 66.03 0.00000000 0.00000000 0.00 0.00 0.00 0.06 0.08 0.48 0.01 -0.01 0.00 92.41 93.50 90.01 
0 0 0 66.13 0.00000000 0.00000000 0.00 0.00 0.00 0.07 0.06 0.40 0.01 -0.02 0.00 93.73 93.72 90.03 
0 0 0 66.24 0.00000000 0.00000000 0.00 0.00 0.00 0.07 0.08 0.43 0.01 -0.01 0.00 93.73 93.94 90.06 
0 0 0 66.34 0.00000000 0.00000000 0.00 0.00 0.00 0.07 0.08 0.44 0.01 -0.01 0.01 93.96 94.39 90.08 
0 0 0 66.44 0.00000000 0.00000000 0.00 0.00 0.00 0.06 0.07 0.46 0.01 -0.01 0.01 93.51 94.16 90.07 
0 0 0 66.54 0.00000000 0.00000000 0.00 0.00 0.00 0.07 0.08 0.48 0.01 0.00 0.00 93.30 93.95 90.05 
0 0 0 66.65 0.00000000 0.00000000 0.00 0.00 0.00 0.06 0.07 0.46 0.01 -0.01 0.00 93.52 94.17 90.03 
0 0 0 66.75 0.00000000 0.00000000 0.00 0.00 0.00 0.07 0.07 0.40 0.01 -0.01 0.00 93.93 94.14 90.03 
0 0 0 66.85 0.00000000 0.00000000 0.00 0.00 0.00 0.06 0.07 0.48 0.01 -0.01 0.00 93.51 94.16 90.06 
0 0 0 66.95 0.00000000 0.00000000 0.00 0.00 0.00 0.06 0.08 0.49 0.02 -0.00 0.00 93.31 94.41 90.04 
0 0 0 67.05 0.00000000 0.00000000 0.00 0.00 0.00 0.06 0.07 0.45 0.01 -0.00 0.00 93.54 93.97 90.02 
0 0 0 67.15 0.00000000 0.00000000 0.00 0.00 0.00 0.06 0.07 0.41 0.02 -0.01 0.01 93.93 94.36 90.05 
0 0 0 67.26 0.00000000 0.00000000 0.00 0.00 0.00 0.07 0.08 0.44 0.01 -0.01 0.00 93.78 94.44 90.05 
0 0 0 67.36 0.00000000 0.00000000 0.00 0.00 0.00 0.07 0.07 0.38 0.02 -0.01 0.00 94.15 93.92 90.05 
0 0 0 67.46 0.00000000 0.00000000 0.00 0.00 0.00 0.07 0.07 0.41 0.01 -0.01 0.00 93.98 94.19 90.05 
0 0 0 67.56 0.00000000 0.00000000 0.00 0.00 0.00 0.06 0.08 0.49 0.02 -0.01 0.00 93.31 94.63 90.05 
0 0 0 67.66 0.00000000 0.00000000 0.00 0.00 0.00 0.07 0.08 0.43 0.02 -0.01 0.00 94.18 94.39 90.04 
0 0 0 67.76 0.00000000 0.00000000 0.00 0.00 0.00 0.06 0.07 0.43 0.02 -0.01 0.00 93.48 94.12 90.04 
0 0 0 67.86 0.00000000 0.00000000 0.00 0.00 0.00 0.06 0.08 0.45 0.01 -0.01 0.00 93.51 94.37 90.04 
0 0 0 67.96 0.00000000 0.00000000 0.00 0.00 0.00 0.06 0.07 0.45 0.02 -0.00 0.00 93.52 94.17 90.05 
0 0 0 68.06 0.00000000 0.00000000 0.00 0.00 0.00 0.06 0.07 0.44 0.01 -0.01 0.01 93.70 93.91 90.07 
0 0 0 68.17 0.00000000 0.00000000 0.00 0.00 0.00 0.05 0.07 0.51 0.01 -0.01 0.00 93.52 94.17 90.05 
0 0 0 68.27 0.00000000 0.00000000 0.00 0.00 0.00 0.06 0.08 0.44 0.01 -0.00 0.00 93.55 94.42 90.02 
0 0 0 68.37 0.00000000 0.00000000 0.00 0.00 0.00 0.07 0.08 0.43 0.01 -0.01 0.00 93.95 94.59 90.03 
0 0 0 68.47 0.00000000 0.00000000 0.00 0.00 0.00 0.07 0.07 0.45 0.01 -0.01 0.00 93.74 94.17 90.05 
0 0 0 68.57 0.00000000 0.00000000 0.00 0.00 0.00 0.07 0.07 0.44 0.02 -0.01 0.01 93.74 93.95 90.07 
0 0 0 68.67 0.00000000 0.00000000 0.00 0.00 0.00 0.07 0.08 0.44 0.01 -0.01 0.00 93.80 94.46 90.05 
0 0 0 68.77 0.00000000 0.00000000 0.00 0.00 0.00 0.07 0.06 0.39 0.02 -0.01 0.00 93.95 93.50 90.03 
0 0 0 68.87 0.00000000 0.00000000 0.00 0.00 0.00 0.06 0.07 0.45 0.02 -0.01 0.00 93.54 94.19 90.05 
0 0 0 68.97 0.00000000 0.00000000 0.00 0.00 0.00 0.07 0.07 0.43 0.02 -0.01 0.00 93.74 94.17 90.03 
0 0 0 69.07 0.00000000 0.00000000 0.00 0.00 0.00 0.06 0.07 0.44 0.01 -0.00 0.00 93.51 94.16 90.03 
0 0 0 69.18 0.00000000 0.00000000 0.00 0.00 0.00 0.07 0.07 0.41 0.02 -0.01 0.00 93.74 93.95 90.05 
0 0 0 69.28 0.00000000 0.00000000 0.00 0.00 0.00 0.06 0.07 0.45 0.01 -0.01 0.00 93.77 94.20 90.03 
0 0 0 69.38 0.00000000 0.00000000 0.00 0.00 0.00 0.05 0.08 0.50 0.01 -0.01 0.00 93.06 94.36 90.03 
0 0 0 69.48 0.00000000 0.00000000 0.00 0.00 0.00 0.06 0.08 0.45 0.01 -0.01 0.00 94.18 94.17 90.06 
0 0 0 69.58 0.00000000 0.00000000 0.00 0.00 0.00 0.06 0.08 0.49 0.01 -0.00 0.00 93.55 94.42 90.05 
0 0 0 69.68 0.00000000 0.00000000 0.00 0.00 0.00 0.07 0.07 0.42 0.01 -0.00 0.00 93.74 94.17 90.04 
0 0 0 69.79 0.00000000 0.00000000 0.00 0.00 0.00 0.07 0.07 0.39 0.02 -0.00 0.00 93.96 93.95 90.03 
0 0 0 69.89 0.00000000 0.00000000 0.00 0.00 0.00 0.06 0.07 0.40 0.02 -0.01 0.00 93.49 94.14 90.03 
0 0 0 69.99 0.00000000 0.00000000 0.00 0.00 0.00 0.06 0.08 0.48 0.00 -0.01 0.00 93.54 94.19 90.05 
0 0 0 70.13 0.00000000 0.00000000 0.00 0.00 0.00 0.07 0.08 0.40 0.01 -0.01 0.00 93.98 94.41 90.04 
0 0 0 70.26 0.00000000 0.00000000 0.00 0.00 0.00 0.07 0.08 0.43 0.01 -0.01 0.00 93.73 94.37 90.05 
0 0 0 70.40 0.00000000 0.00000000 0.00 0.00 0.00 0.07 0.08 0.42 0.01 -0.01 0.00 93.73 94.37 90.05 
0 0 0 70.53 0.00000000 0.00000000 0.00 0.00 0.00 0.08 0.06 0.35 0.01 -0.01 0.00 94.38 93.72 90.05 
0 0 0 70.63 0.00000000 0.00000000 0.00 0.00 0.00 0.07 0.07 0.34 0.01 -0.01 0.00 94.21 93.76 90.06 
0 0 0 70.73 0.00000000 0.00000000 0.00 0.00 0.00 0.07 0.08 0.43 0.01 -0.01 0.00 93.76 94.41 90.04 
0 0 0 70.83 0.00000000 0.00000000 0.00 0.00 0.00 0.07 0.07 0.39 0.01 -0.01 0.01 93.95 94.15 90.08 
0 0 0 70.93 0.00000000 0.00000000 0.00 0.00 0.00 0.07 0.07 0.44 0.02 -0.01 0.00 93.74 94.17 90.05 
0 0 0 71.04 0.00000000 0.00000000 0.00 0.00 0.00 0.06 0.07 0.44 0.01 -0.01 0.00 93.62 94.06 90.04 
0 0 0 71.14 0.00000000 0.00000000 0.00 0.00 0.00 0.07 0.07 0.43 0.01 -0.00 0.00 93.76 93.97 90.03 
0 0 0 71.24 0.00000000 0.00000000 0.00 0.00 0.00 0.07 0.06 0.37 0.01 -0.01 0.00 93.76 93.97 90.04 
0 0 0 71.34 0.00000000 0.00000000 0.00 0.00 0.00 0.07 0.07 0.41 0.01 -0.01 0.00 93.77 94.20 90.04 
0 0 0 71.44 0.00000000 0.00000000 0.00 0.00 0.00 0.07 0.07 0.42 0.01 -0.01 0.00 93.49 94.14 90.04 
0 0 0 71.54 0.00000000 0.00000000 0.00 0.00 0.00 0.07 0.07 0.36 0.02 -0.01 0.00 93.99 93.76 90.05 
0 0 0 71.64 0.00000000 0.00000000 0.00 0.00 0.00 0.07 0.05 0.33 0.02 -0.01 0.01 94.06 92.89 90.08 
0 0 0 71.75 0.00000000 0.00000000 0.00 0.00 0.00 0.06 0.08 0.44 0.01 -0.01 0.01 93.54 94.41 90.06 
0 0 0 71.85 0.00000000 0.00000000 0.00 0.00 0.00 0.07 0.07 0.44 0.01 -0.01 0.00 93.74 94.17 90.05 
0 0 0 71.95 0.00000000 0.00000000 0.00 0.00 0.00 0.06 0.08 0.49 0.01 -0.01 0.00 93.29 94.37 90.03 
0 0 0 72.05 0.00000000 0.00000000 0.00 0.00 0.00 0.06 0.08 0.43 0.02 -0.01 0.00 93.74 93.95 90.03 
0 0 0 72.15 0.00000000 0.00000000 0.00 0.00 0.00 0.06 0.07 0.42 0.01 -0.01 0.00 93.51 93.94 90.04 
0 0 0 72.25 0.00000000 0.00000000 0.00 0.00 0.00 0.06 0.10 0.50 0.01 -0.00 0.00 93.52 95.48 90.04 
0 0 0 72.36 0.00000000 0.00000000 0.00 0.00 0.00 0.07 0.07 0.41 0.01 -0.01 0.00 93.74 93.95 90.05 
0 0 0 72.46 0.00000000 0.00000000 0.00 0.00 0.00 0.07 0.06 0.42 0.01 -0.01 0.00 93.95 93.72 90.03 
0 0 0 72.56 0.00000000 0.00000000 0.00 0.00 0.00 0.06 0.07 0.47 0.01 -0.02 0.01 94.13 94.12 90.07 
0 0 0 72.66 0.00000000 0.00000000 0.00 0.00 0.00 0.07 0.07 0.39 0.01 -0.01 0.00 93.93 93.92 90.05 
0 0 0 72.76 0.00000000 0.00000000 0.00 0.00 0.00 0.05 0.06 0.47 0.02 -0.01 0.00 93.01 93.44 90.04 
0 0 0 72.86 0.00000000 0.00000000 0.00 0.00 0.00 0.06 0.08 0.43 0.02 -0.01 0.00 93.51 94.37 90.03 
0 0 0 72.96 0.00000000 0.00000000 0.00 0.00 0.00 0.06 0.07 0.41 0.01 -0.01 0.00 93.55 93.98 90.04 
0 0 0 73.07 0.00000000 0.00000000 0.00 0.00 0.00 0.06 0.08 0.46 0.01 -0.01 0.00 94.45 94.44 90.05 
0 0 0 73.17 0.00000000 0.00000000 0.00 0.00 0.00 0.06 0.05 0.43 0.02 -0.02 0.00 93.30 93.08 90.04 
0 0 0 73.27 0.00000000 0.00000000 0.00 0.00 0.00 0.06 0.06 0.40 0.02 -0.01 0.00 93.51 93.28 90.04 
0 0 0 73.37 0.00000000 0.00000000 0.00 0.00 0.00 0.07 0.09 0.44 0.01 -0.01 0.00 94.21 95.08 90.05 
0 0 0 73.47 0.00000000 0.00000000 0.00 0.00 0.00 0.06 0.06 0.42 0.02 -0.01 0.01 93.29 93.50 90.06 
0 0 0 73.57 0.00000000 0.00000000 0.00 0.00 0.00 0.07 0.07 0.38 0.01 -0.01 0.00 94.21 93.98 90.04 
0 0 0 73.67 0.00000000 0.00000000 0.00 0.00 0.00 0.06 0.08 -0.08 0.01 -0.01 0.00 93.54 94.41 90.03 
0 0 0 73.77 0.00000000 0.00000000 0.00 0.00 0.00 0.06 0.06 0.40 0.02 -0.01 0.00 93.31 93.75 90.03 
0 0 0 73.88 0.00000000 0.00000000 0.00 0.00 0.00 0.07 0.08 0.44 0.01 -0.01 0.00 93.73 94.37 90.05 
0 0 0 73.98 0.00000000 0.00000000 0.00 0.00 0.00 0.06 0.08 0.45 0.02 -0.01 0.00 93.29 94.37 90.05 
0 0 0 74.08 0.00000000 0.00000000 0.00 0.00 0.00 0.07 0.07 0.42 0.01 -0.01 0.00 93.73 94.15 90.05 
0 0 0 74.18 0.00000000 0.00000000 0.00 0.00 0.00 0.07 0.08 0.47 0.01 -0.01 0.00 93.55 94.64 90.05 
0 0 0 74.28 0.00000000 0.00000000 0.00 0.00 0.00 0.07 0.07 0.41 0.01 -0.00 0.00 93.77 94.20 90.03 
0 0 0 74.38 0.00000000 0.00000000 0.00 0.00 0.00 0.06 0.07 0.49 0.01 -0.01 0.00 93.55 94.20 90.03 
0 0 0 74.48 0.00000000 0.00000000 0.00 0.00 0.00 0.07 0.07 0.39 0.01 -0.01 0.00 93.73 93.94 90.04 
0 0 0 74.58 0.00000000 0.00000000 0.00 0.00 0.00 0.07 0.07 0.42 0.01 -0.01 0.01 93.76 94.19 90.08 
0 0 0 74.69 0.00000000 0.00000000 0.00 0.00 0.00 0.07 0.08 0.45 0.01 -0.01 0.00 93.96 94.39 90.06 
0 0 0 74.79 0.00000000 0.00000000 0.00 0.00 0.00 0.06 0.09 0.48 0.01 -0.01 0.00 93.33 95.09 90.06 
0 0 0 74.89 0.00000000 0.00000000 0.00 0.00 0.00 0.06 0.07 0.45 0.02 -0.01 0.00 93.52 93.95 90.03 
0 0 0 74.99 0.00000000 0.00000000 0.00 0.00 0.00 0.06 0.07 0.44 0.01 -0.01 0.00 93.73 94.59 90.07 
0 0 0 75.09 0.00000000 0.00000000 0.00 0.00 0.00 0.06 0.08 0.42 0.01 -0.01 0.00 93.54 94.41 90.06 
0 0 0 75.19 0.00000000 0.00000000 0.00 0.00 0.00 0.07 0.07 0.40 0.02 -0.01 0.01 93.95 94.15 90.06 
0 0 0 75.29 0.00000000 0.00000000 0.00 0.00 0.00 0.06 0.07 0.42 0.02 -0.01 0.01 93.71 94.14 90.06 
0 0 0 75.39 0.00000000 0.00000000 0.00 0.00 0.00 0.06 0.07 0.43 0.02 -0.01 0.00 93.49 93.92 90.04 
0 0 0 75.50 0.00000000 0.00000000 0.00 0.00 0.00 0.06 0.07 0.41 0.01 -0.02 0.00 93.51 93.06 90.05 
0 0 0 75.60 0.00000000 0.00000000 0.00 0.00 0.00 0.07 0.07 0.43 0.01 -0.01 0.00 93.73 94.15 90.04 
0 0 0 75.70 0.00000000 0.00000000 0.00 0.00 0.00 0.07 0.08 0.42 0.01 -0.01 0.01 93.73 94.59 90.06 
0 0 0 75.80 0.00000000 0.00000000 0.00 0.00 0.00 0.07 0.07 0.43 0.02 -0.01 0.00 93.76 94.19 90.02 
0 0 0 75.91 0.00000000 0.00000000 0.00 0.00 0.00 0.07 0.08 0.45 0.01 -0.01 0.00 93.73 94.59 90.03 
0 0 0 76.01 0.00000000 0.00000000 0.00 0.00 0.00 0.06 0.07 0.48 0.01 -0.01 0.00 93.93 94.14 90.03 
0 0 0 76.11 0.00000000 0.00000000 0.00 0.00 0.00 0.07 0.08 0.46 0.01 -0.02 0.00 93.95 94.59 90.05 
0 0 0 76.21 0.00000000 0.00000000 0.00 0.00 0.00 0.05 0.08 0.49 0.01 -0.01 0.00 92.63 94.38 90.04 
0 0 0 76.31 0.00000000 0.00000000 0.00 0.00 0.00 0.09 0.07 0.32 0.02 -0.01 0.00 94.96 93.87 90.04 
0 0 0 76.41 0.00000000 0.00000000 0.00 0.00 0.00 0.06 0.08 0.46 0.02 -0.01 0.00 93.33 94.65 90.04 
0 0 0 76.51 0.00000000 0.00000000 0.00 0.00 0.00 0.05 0.08 0.50 0.01 -0.01 0.00 93.09 94.41 90.04 
0 0 0 76.62 0.00000000 0.00000000 0.00 0.00 0.00 0.07 0.07 0.42 0.01 -0.01 0.01 93.74 93.95 90.07 
0 0 0 76.72 0.00000000 0.00000000 0.00 0.00 0.00 0.07 0.07 0.41 0.01 -0.01 0.01 93.96 94.17 90.07 
0 0 0 76.82 0.00000000 0.00000000 0.00 0.00 0.00 0.07 0.08 0.41 0.02 -0.01 0.01 93.54 94.19 90.07 
0 0 0 76.92 0.00000000 0.00000000 0.00 0.00 0.00 0.07 0.07 0.40 0.01 -0.01 0.00 93.93 93.92 90.05 
0 0 0 77.02 0.00000000 0.00000000 0.00 0.00 0.00 0.06 0.07 0.43 0.01 -0.00 0.00 93.54 93.97 90.04 
0 0 0 77.13 0.00000000 0.00000000 0.00 0.00 0.00 0.07 0.07 0.40 0.01 -0.01 0.00 94.42 94.18 90.04 
0 0 0 77.23 0.00000000 0.00000000 0.00 0.00 0.00 0.07 0.07 0.42 0.01 -0.01 0.01 93.73 94.15 90.06 
0 0 0 77.33 0.00000000 0.00000000 0.00 0.00 0.00 0.07 0.08 0.42 0.01 -0.01 0.01 93.96 93.51 90.05 
0 0 0 77.43 0.00000000 0.00000000 0.00 0.00 0.00 0.04 0.03 0.43 0.02 -0.07 0.01 92.11 91.68 90.07 
0 0 0 77.53 0.00000000 0.00000000 0.00 0.00 0.00 0.05 0.08 0.50 0.01 -0.02 0.01 92.73 94.76 90.09 
0 0 0 77.64 0.00000000 0.00000000 0.00 0.00 0.00 0.05 0.08 0.52 0.01 -0.01 0.00 93.30 94.39 90.06 
0 0 0 77.74 0.00000000 0.00000000 0.00 0.00 0.00 0.06 0.07 0.46 0.01 -0.01 0.00 93.51 94.16 90.05 
0 0 0 77.84 0.00000000 0.00000000 0.00 0.00 0.00 0.08 0.08 0.40 0.01 -0.01 0.01 94.43 94.20 90.06 
0 0 0 77.95 0.00000000 0.00000000 0.00 0.00 0.00 0.08 0.08 0.37 0.01 -0.01 0.00 94.38 94.15 90.02 
0 0 0 78.05 0.00000000 0.00000000 0.00 0.00 0.00 0.07 0.07 0.35 0.01 -0.01 0.00 93.71 93.49 90.06 
0 0 0 78.15 0.00000000 0.00000000 0.00 0.00 0.00 0.07 0.07 0.37 0.01 -0.01 0.00 93.98 94.62 90.05 
0 0 0 78.26 0.00000000 0.00000000 0.00 0.00 0.00 0.06 0.07 0.42 0.01 -0.01 0.00 93.71 94.14 90.02 
0 0 0 78.36 0.00000000 0.00000000 0.00 0.00 0.00 0.05 0.08 0.51 0.02 -0.00 0.00 92.62 94.79 90.04 
0 0 0 78.46 0.00000000 0.00000000 0.00 0.00 0.00 0.06 0.08 0.50 0.01 -0.00 0.00 93.52 94.83 90.03 
0 0 0 78.56 0.00000000 0.00000000 0.00 0.00 0.00 0.08 0.07 0.33 0.02 -0.01 0.00 94.64 93.96 90.00 
0 0 0 78.66 0.00000000 0.00000000 0.00 0.00 0.00 0.07 0.06 0.37 0.01 -0.01 0.00 93.81 93.81 90.02 
0 0 0 78.76 0.00000000 0.00000000 0.00 0.00 0.00 0.06 0.07 0.41 0.01 -0.00 0.01 93.58 93.79 90.06 
0 0 0 78.86 0.00000000 0.00000000 0.00 0.00 0.00 0.05 0.08 0.49 0.01 -0.01 0.01 93.08 94.39 90.06 
0 0 0 78.97 0.00000000 0.00000000 0.00 0.00 0.00 0.06 0.07 0.39 0.02 -0.01 0.00 93.51 93.94 90.05 
0 0 0 79.07 0.00000000 0.00000000 0.00 0.00 0.00 0.06 0.08 0.47 0.01 -0.01 0.00 93.33 94.43 90.02 
0 0 0 79.17 0.00000000 0.00000000 0.00 0.00 0.00 0.07 0.08 0.42 0.01 -0.01 0.00 93.76 94.41 90.01 
0 0 0 79.27 0.00000000 0.00000000 0.00 0.00 0.00 0.06 0.07 0.41 0.01 -0.01 0.01 93.71 93.92 90.06 
0 0 0 79.37 0.00000000 0.00000000 0.00 0.00 0.00 0.06 0.08 0.48 0.01 -0.01 0.00 93.33 94.65 90.05 
0 0 0 79.47 0.00000000 0.00000000 0.00 0.00 0.00 0.07 0.08 0.47 0.01 -0.01 0.01 93.77 94.42 90.06 
0 0 0 79.57 0.00000000 0.00000000 0.00 0.00 0.00 0.06 0.08 0.44 0.02 -0.01 0.01 93.67 94.31 90.07 
0 0 0 79.68 0.00000000 0.00000000 0.00 0.00 0.00 0.07 0.08 0.42 0.01 -0.01 0.00 93.51 94.16 90.05 
0 0 0 79.78 0.00000000 0.00000000 0.00 0.00 0.00 0.06 0.08 0.47 0.01 -0.01 0.01 93.54 94.63 90.06 
0 0 0 79.88 0.00000000 0.00000000 0.00 0.00 0.00 0.06 0.06 0.38 0.01 -0.02 0.00 93.71 93.49 90.04 
0 0 0 79.98 0.00000000 0.00000000 0.00 0.00 0.00 0.06 0.07 0.43 0.02 -0.01 0.00 93.49 93.49 90.02 
0 0 0 80.09 0.00000000 0.00000000 0.00 0.00 0.00 0.07 0.07 0.42 0.02 -0.01 0.00 93.74 94.17 90.02 
0 0 0 80.19 0.00000000 0.00000000 0.00 0.00 0.00 0.06 0.07 0.41 0.02 -0.01 0.00 93.73 94.15 90.04 
0 0 0 80.29 0.00000000 0.00000000 0.00 0.00 0.00 0.06 0.08 0.46 0.01 -0.01 0.01 93.56 94.44 90.06 
0 0 0 80.39 0.00000000 0.00000000 0.00 0.00 0.00 0.06 0.06 0.39 0.01 -0.01 0.00 93.58 93.57 90.05 
0 0 0 80.49 0.00000000 0.00000000 0.00 0.00 0.00 0.06 0.06 0.43 0.01 -0.01 0.00 93.49 93.71 90.06 
0 0 0 80.59 0.00000000 0.00000000 0.00 0.00 0.00 0.06 0.08 0.44 0.02 -0.02 0.00 93.71 94.36 90.03 
0 0 0 80.70 0.00000000 0.00000000 0.00 0.00 0.00 0.05 0.09 0.54 0.01 -0.00 0.00 93.08 95.05 90.05 
0 0 0 80.80 0.00000000 0.00000000 0.00 0.00 0.00 0.07 0.10 0.42 0.01 0.00 0.00 92.68 94.02 90.03 
0 0 0 80.90 0.00000000 0.00000000 0.00 0.00 0.00 0.07 0.07 0.43 0.01 -0.01 0.01 93.95 94.15 90.07 
0 0 0 81.00 0.00000000 0.00000000 0.00 0.00 0.00 0.07 0.08 0.41 0.02 -0.01 0.00 93.96 94.39 90.04 
0 0 0 81.10 0.00000000 0.00000000 0.00 0.00 0.00 0.07 0.07 0.40 0.00 -0.02 0.00 93.77 93.98 90.06 
0 0 0 81.20 0.00000000 0.00000000 0.00 0.00 0.00 0.08 0.06 0.31 0.01 -0.00 0.00 94.37 93.27 90.04 
0 0 0 81.31 0.00000000 0.00000000 0.00 0.00 0.00 0.07 0.07 0.37 0.02 -0.02 0.00 94.16 93.50 90.09 
0 0 0 81.41 0.00000000 0.00000000 0.00 0.00 0.00 0.07 0.08 0.45 0.02 -0.01 0.00 93.74 94.61 90.03 
0 0 0 81.51 0.00000000 0.00000000 0.00 0.00 0.00 0.05 0.08 0.46 0.02 -0.01 0.00 93.09 94.41 90.04 
0 0 0 81.61 0.00000000 0.00000000 0.00 0.00 0.00 0.06 0.07 0.42 0.02 -0.01 0.00 93.52 93.95 90.05 
0 0 0 81.71 0.00000000 0.00000000 0.00 0.00 0.00 0.06 0.07 0.43 0.02 -0.01 0.00 93.28 94.14 90.04 
0 0 0 81.81 0.00000000 0.00000000 0.00 0.00 0.00 0.06 0.07 0.41 0.02 -0.01 0.00 93.70 93.91 90.02 
0 0 0 81.91 0.00000000 0.00000000 0.00 0.00 0.00 0.07 0.07 0.39 0.01 -0.01 0.00 93.73 93.94 90.05 
0 0 0 82.01 0.00000000 0.00000000 0.00 0.00 0.00 0.06 0.08 0.45 0.02 -0.01 0.00 93.56 94.44 90.05 
0 0 0 82.12 0.00000000 0.00000000 0.00 0.00 0.00 0.05 0.08 0.49 0.02 -0.00 0.00 93.11 94.87 90.03 
0 0 0 82.22 0.00000000 0.00000000 0.00 0.00 0.00 0.06 0.07 0.44 0.01 -0.01 0.00 93.96 94.17 90.02 
0 0 0 82.32 0.00000000 0.00000000 0.00 0.00 0.00 0.07 0.06 0.40 0.02 -0.02 0.00 93.74 93.51 90.03 
0 0 0 82.42 0.00000000 0.00000000 0.00 0.00 0.00 0.07 0.07 0.40 0.01 -0.01 0.00 93.51 93.94 90.05 
0 0 0 82.52 0.00000000 0.00000000 0.00 0.00 0.00 0.07 0.07 0.40 0.01 -0.01 0.00 93.92 93.91 90.04 
0 0 0 82.62 0.00000000 0.00000000 0.00 0.00 0.00 0.07 0.08 0.42 0.01 -0.01 0.00 93.77 94.42 90.05 
0 0 0 82.72 0.00000000 0.00000000 0.00 0.00 0.00 0.07 0.08 0.43 0.02 -0.01 0.00 93.77 94.42 90.05 
0 0 0 82.82 0.00000000 0.00000000 0.00 0.00 0.00 0.07 0.06 0.36 0.01 -0.01 0.01 94.16 93.72 90.07 
0 0 0 82.93 0.00000000 0.00000000 0.00 0.00 0.00 0.06 0.09 0.48 0.02 -0.01 0.00 93.48 94.12 90.04 
0 0 0 83.04 0.00000000 0.00000000 0.00 0.00 0.00 0.06 0.07 0.44 0.02 -0.01 0.00 93.55 93.76 90.04 
0 0 0 83.14 0.00000000 0.00000000 0.00 0.00 0.00 0.05 0.08 0.49 0.01 -0.01 0.00 92.84 94.36 90.03 
