3.48 0.00 0.08 0.14 0.05 -0.04 -0.10 -0.01 -0.01 -0.15 4.96 91.28 88.19 
3.66 0.07 0.08 0.05 0.05 -0.09 -0.05 0.02 -0.03 -0.11 4.37 92.77 88.68 
3.76 0.05 0.07 0.04 0.05 -0.16 -0.17 0.09 0.06 -0.06 3.96 92.99 89.27 
3.86 0.06 0.06 0.04 0.06 -0.07 -0.08 0.01 -0.04 0.01 3.66 93.37 90.06 
3.96 0.06 0.06 0.07 0.07 -0.11 -0.11 0.02 -0.02 0.01 3.54 93.81 90.07 
4.06 0.08 0.06 0.06 0.07 -0.12 -0.10 0.02 -0.01 0.01 3.51 94.02 90.06 
4.17 0.06 0.06 0.06 0.07 -0.07 -0.07 0.01 -0.01 0.00 3.49 94.13 90.04 
4.27 0.06 0.07 0.06 0.07 -0.12 -0.16 0.02 -0.02 0.00 3.93 94.05 90.03 
4.37 0.07 0.05 0.08 0.07 -0.00 0.01 0.00 -0.04 -0.16 2.38 93.91 88.10 
4.51 0.05 0.05 0.05 0.07 -0.05 -0.01 0.01 -0.07 -0.28 2.65 93.85 86.66 
4.64 0.04 0.05 0.09 0.07 -0.11 -0.06 0.00 -0.07 -0.29 2.62 94.04 86.55 
4.77 -0.00 0.04 0.12 0.08 -0.06 -0.10 0.01 -0.07 -0.32 2.20 94.46 86.11 
4.90 0.20 0.06 0.02 0.07 -0.21 -0.08 0.01 -0.06 -0.32 3.54 94.00 86.22 
5.00 0.06 0.06 0.07 0.07 -0.20 -0.20 -0.00 -0.02 0.01 3.54 94.31 90.03 
5.11 0.02 0.05 0.09 0.08 -0.18 -0.20 -0.06 -0.03 -0.03 2.92 94.63 89.78 
5.21 0.21 0.06 0.20 0.12 -0.37 -0.25 -0.25 -0.17 -0.08 3.40 97.12 89.03 
5.31 0.08 0.05 0.06 0.06 -0.52 -0.35 -0.16 -0.81 -0.07 2.39 93.73 88.87 
5.42 0.04 0.02 -0.05 -0.02 -0.38 -0.37 0.07 -0.99 0.06 1.03 89.05 90.68 
5.52 0.08 0.04 -0.27 -0.16 -0.37 -0.34 0.41 -0.94 0.13 1.77 81.63 91.40 
5.63 0.12 0.07 -0.34 -0.29 0.10 -0.20 0.29 -0.99 0.19 3.68 73.70 92.26 
5.73 0.16 0.10 -0.52 -0.44 -0.27 -0.21 -0.04 -1.18 0.14 5.31 65.62 91.87 
5.83 0.07 0.07 -0.60 -0.55 0.15 0.18 -0.10 -0.95 0.11 3.74 58.95 91.39 
5.94 0.02 0.05 -0.59 -0.62 0.19 0.14 0.03 -0.40 0.11 2.87 54.35 91.32 
6.04 -0.01 0.02 -0.73 -0.66 0.32 0.34 0.11 -0.35 0.10 1.73 52.85 91.19 
6.15 -0.00 0.04 -0.65 -0.71 0.16 0.12 0.01 -0.03 0.06 2.72 48.66 90.81 
6.25 0.06 0.04 -0.65 -0.72 0.10 0.09 -0.07 0.99 0.12 2.34 47.93 91.41 
6.36 -0.01 0.02 -0.44 -0.62 0.01 -0.03 -0.07 1.46 0.05 1.44 52.48 90.64 
6.46 -0.01 0.02 -0.42 -0.51 0.06 0.02 -0.01 1.25 -0.04 1.11 60.81 89.56 
6.56 -0.00 0.01 -0.32 -0.30 0.31 0.31 0.11 0.72 0.08 0.68 73.08 90.91 
6.66 0.09 0.03 -0.21 -0.25 -0.09 -0.04 0.22 1.17 0.18 1.88 75.72 92.11 
6.76 0.01 0.03 -0.02 -0.12 0.09 0.05 0.19 1.07 0.17 2.14 81.95 92.10 
6.87 0.10 0.07 0.06 -0.04 0.01 0.02 0.06 0.64 0.12 3.43 86.59 91.44 
6.97 0.02 0.05 0.06 0.04 0.11 0.08 -0.11 0.30 0.17 3.42 91.81 91.97 
7.07 -0.01 0.02 0.06 0.05 0.14 0.12 -0.17 -0.06 0.13 1.40 92.72 91.53 
7.18 0.03 0.03 0.10 0.07 0.13 0.14 0.06 -0.22 0.10 1.48 93.41 91.17 
7.28 0.05 0.03 0.03 0.04 0.19 0.21 0.20 -0.08 0.16 1.60 92.75 91.74 
7.38 0.08 0.07 -0.01 0.03 0.14 0.11 0.21 -0.05 0.16 3.99 91.58 91.89 
7.49 0.11 0.10 -0.06 -0.03 0.15 0.17 0.16 0.13 0.09 5.35 88.86 91.23 
7.59 0.10 0.10 0.00 -0.00 0.18 0.18 -0.01 0.03 0.08 5.64 89.83 91.03 
7.70 0.12 0.10 -0.06 -0.04 0.11 0.12 0.06 0.16 0.06 5.85 87.63 90.75 
7.80 0.17 0.10 0.04 0.00 0.16 0.19 -0.07 0.40 0.10 5.48 90.21 91.17 
7.90 0.14 0.12 0.06 0.06 0.13 0.15 -0.19 0.19 0.11 6.66 93.59 91.44 
8.01 0.12 0.07 0.15 0.08 0.11 0.13 -0.13 0.03 0.07 3.63 94.14 90.76 
8.11 0.02 0.04 0.11 0.08 0.18 0.16 -0.08 -0.15 -0.01 2.59 94.63 90.01 
8.22 0.04 0.04 0.08 0.08 0.21 0.21 0.01 0.01 -0.01 2.09 94.45 89.86 
8.32 0.04 0.05 0.03 0.05 0.08 0.08 -0.20 -0.08 -0.04 2.70 93.19 89.70 
8.42 0.31 0.60 0.29 -0.46 -0.90 -0.89 -0.06 -0.06 -0.04 37.05 55.74 89.35 
8.53 -0.35 0.33 -0.73 -0.27 -0.67 -0.88 0.36 -0.99 -0.00 25.96 79.36 90.01 
8.63 -0.02 -0.03 0.22 -0.01 0.21 0.17 -0.03 0.07 -0.09 -1.87 87.34 88.91 
8.73 0.04 -0.08 0.06 0.02 0.39 0.43 0.33 0.08 -0.03 -6.07 90.79 89.57 
8.84 2.61 1.05 -1.54 -0.81 -1.11 -0.94 -0.10 -0.06 0.04 44.55 51.16 90.54 
8.94 0.94 0.80 -0.01 -0.18 -1.26 -1.19 -0.02 -0.50 0.07 46.03 79.83 90.79 
9.04 0.40 0.54 0.45 0.10 -1.43 -1.35 0.25 0.32 0.18 32.34 92.09 92.09 
9.15 0.05 0.23 0.27 -0.09 -0.55 -0.57 -0.21 -0.35 0.01 15.05 81.08 90.02 
9.25 0.92 0.68 0.58 0.14 -1.53 -1.41 0.04 0.13 0.09 36.69 93.46 90.93 
9.35 0.02 0.16 0.07 0.10 -0.39 -0.53 -0.08 -0.07 -0.02 10.48 96.14 90.14 
9.45 0.07 0.10 -0.02 0.06 -0.17 -0.15 -0.02 -0.13 -0.17 5.65 94.47 88.26 
9.56 -0.16 0.03 0.20 0.04 0.02 -0.12 -0.07 0.28 -0.16 3.31 90.60 87.43 
9.66 -0.01 0.19 0.17 0.16 -0.96 -1.07 -0.03 -0.01 -0.07 12.83 99.11 89.19 
9.76 -0.10 0.10 0.01 0.05 -0.35 -0.49 0.01 -0.00 -0.06 7.84 92.93 89.25 
9.86 0.03 0.07 0.06 0.08 -0.21 -0.24 -0.06 -0.00 -0.01 4.38 94.54 89.79 
9.97 0.01 0.01 0.04 0.05 0.01 0.01 -0.05 -0.10 -0.01 0.33 93.17 90.04 
10.07 0.02 0.01 0.03 0.05 -0.02 -0.01 0.04 -0.22 -0.02 0.72 92.79 89.71 
10.17 0.05 0.05 0.05 0.06 -0.22 -0.21 -0.06 0.04 0.06 2.82 93.44 90.64 
10.28 -0.14 0.42 0.12 0.07 -1.25 -1.31 0.19 0.03 0.03 29.80 93.21 90.30 
10.38 -0.17 0.10 0.06 0.06 -0.36 -0.54 0.16 -0.08 0.04 5.90 93.43 90.50 
10.48 0.04 0.15 0.19 0.15 -0.76 -0.83 0.11 -0.01 0.07 9.83 98.30 90.82 
10.58 0.16 0.11 0.04 0.09 -0.20 -0.15 0.01 -0.01 0.03 5.88 95.32 90.45 
10.69 0.02 0.07 0.04 0.06 -0.01 -0.05 0.04 0.01 0.02 4.52 93.52 90.15 
10.79 0.07 0.06 0.06 0.06 0.04 0.04 0.02 -0.01 -0.00 3.30 93.69 90.09 
10.90 0.07 0.07 0.08 0.06 0.03 0.03 0.03 0.04 -0.02 3.91 93.54 89.78 
11.00 0.05 0.07 0.10 0.07 -0.01 -0.03 0.01 0.02 -0.04 4.16 93.58 89.50 
11.10 0.10 0.07 0.12 0.08 -0.03 -0.01 0.01 0.00 -0.06 4.24 94.61 89.33 
11.20 0.03 0.06 0.07 0.07 0.01 0.01 0.01 -0.01 -0.02 3.77 94.28 89.81 
11.31 0.05 0.06 0.05 0.07 -0.02 -0.02 -0.02 -0.06 0.00 3.38 93.97 90.02 
11.41 0.05 0.07 0.08 0.07 0.01 -0.00 0.02 0.01 0.02 3.99 93.99 90.13 
11.51 0.06 0.06 0.05 0.07 0.00 0.00 0.01 -0.01 -0.01 3.42 93.84 89.94 
11.62 0.07 0.07 0.06 0.07 0.01 0.01 0.01 -0.02 0.00 3.69 94.02 90.03 
11.72 0.07 0.06 0.07 0.07 0.00 0.01 0.01 -0.02 0.00 3.53 94.04 90.05 
11.82 0.03 0.06 0.06 0.07 -0.04 -0.07 0.01 -0.02 -0.01 3.72 93.91 89.92 
11.92 0.05 0.06 0.09 0.07 0.02 0.04 0.01 -0.02 0.00 3.25 93.90 90.06 
12.02 0.06 0.05 0.08 0.07 0.05 0.05 0.01 -0.00 0.00 2.71 93.81 90.03 
12.13 0.08 0.06 0.08 0.07 -0.03 -0.02 0.01 -0.01 -0.02 3.40 94.09 89.75 
12.23 0.05 0.06 0.08 0.07 0.02 0.02 0.01 -0.02 0.00 3.34 94.13 90.04 
12.33 0.08 0.07 0.07 0.07 -0.03 -0.02 0.03 0.00 0.01 3.67 94.14 90.16 
12.44 0.07 0.06 0.07 0.07 -0.03 -0.03 0.00 -0.02 0.01 3.65 94.01 90.05 
12.54 0.05 0.06 0.06 0.07 -0.01 -0.01 0.01 -0.02 0.01 3.50 93.98 90.07 
12.64 0.04 0.06 0.07 0.07 0.01 -0.00 0.01 -0.02 -0.02 3.52 93.95 89.82 
12.74 0.07 0.06 0.07 0.07 -0.02 -0.01 0.00 -0.03 0.00 3.68 94.20 90.01 
12.85 0.06 0.07 0.09 0.07 -0.02 -0.03 0.02 -0.01 0.02 3.92 93.87 90.19 
12.95 0.06 0.06 0.07 0.07 0.02 0.01 0.02 0.01 0.00 3.53 94.06 90.03 
13.06 0.06 0.06 0.07 0.07 -0.02 -0.02 0.01 0.01 -0.01 3.58 93.87 89.92 
13.16 0.07 0.06 0.07 0.07 0.00 0.00 0.01 0.00 0.00 3.64 93.96 90.04 
13.26 0.06 0.06 0.08 0.07 0.01 0.00 0.01 -0.01 0.02 3.68 94.09 90.25 
13.36 0.06 0.06 0.06 0.07 0.02 0.02 0.01 -0.02 0.00 3.65 94.10 90.01 
13.47 0.06 0.07 0.04 0.07 -0.06 -0.06 0.01 -0.06 0.00 3.91 94.25 90.04 
13.57 0.08 0.07 0.07 0.07 -0.02 -0.01 0.02 0.00 0.00 3.65 93.92 90.06 
13.67 0.07 0.07 0.07 0.07 0.00 0.00 0.01 -0.00 0.00 3.74 94.10 90.05 
13.78 0.06 0.07 0.08 0.07 0.00 -0.00 0.02 -0.01 0.00 3.85 94.18 90.00 
13.88 0.09 0.07 0.10 0.08 -0.00 0.00 0.00 -0.04 -0.00 4.02 94.54 89.94 
13.98 -0.02 0.04 0.02 0.07 0.07 0.04 -0.03 -0.00 0.00 2.99 94.63 90.09 
14.09 0.07 0.06 0.07 0.07 0.03 0.04 0.01 -0.01 -0.01 3.38 94.18 89.90 
14.19 0.06 0.06 0.07 0.07 0.02 0.02 0.01 -0.02 -0.00 3.54 94.23 89.94 
14.29 0.08 0.06 0.09 0.06 -0.01 -0.01 0.01 -0.03 -0.06 3.55 93.23 89.33 
14.40 0.10 0.07 0.03 0.05 -0.08 -0.06 0.01 -0.05 -0.20 3.39 92.93 87.89 
14.50 0.08 0.06 0.12 0.08 -0.05 -0.05 -0.07 0.02 -0.17 3.40 94.08 87.96 
14.60 0.06 0.09 0.07 0.06 -0.15 -0.17 -0.15 0.06 -0.11 5.67 93.61 89.10 
14.70 0.05 0.08 0.04 0.07 -0.14 -0.16 0.07 0.01 -0.14 4.72 94.36 88.59 
14.81 0.11 0.08 -0.02 0.08 -0.14 -0.12 -0.01 -0.06 0.00 4.45 94.60 90.00 
14.91 -0.07 0.09 -0.19 0.06 -0.10 -0.22 -0.06 -0.20 0.01 7.02 95.59 90.08 
15.01 0.00 0.02 0.07 0.07 0.02 0.01 -0.33 0.01 -0.07 1.65 93.97 89.40 
15.12 0.00 -0.00 0.08 0.05 -0.07 -0.07 -0.19 0.16 -0.06 -0.11 92.80 89.21 
15.22 0.00 -0.01 0.09 0.06 -0.16 -0.11 -0.25 0.01 -0.06 -0.39 93.06 89.40 
15.32 0.04 -0.01 0.08 0.07 -0.24 -0.21 -0.46 0.01 -0.06 -0.90 93.63 89.34 
15.43 -0.05 -0.05 0.02 0.06 -0.44 -0.23 -0.67 -0.39 -0.04 -2.91 93.74 89.45 
15.53 -0.23 -0.12 -0.01 0.03 -0.28 -0.36 -0.81 -0.44 -0.00 -6.00 91.81 89.92 
15.63 -0.21 -0.18 -0.07 -0.02 -0.62 -0.66 -0.84 -0.41 0.03 -10.40 88.97 90.30 
15.73 -0.33 -0.26 -0.04 -0.03 -0.41 -0.47 -0.61 -0.22 0.00 -14.47 88.01 90.07 
15.83 -0.40 -0.34 -0.08 -0.06 -0.46 -0.53 -0.47 -0.20 -0.02 -18.82 86.92 89.67 
15.94 -0.42 -0.40 -0.08 -0.09 -0.48 -0.31 -0.35 -0.06 -0.01 -22.65 84.92 89.89 
16.04 -0.45 -0.44 -0.13 -0.10 -0.25 -0.26 -0.05 -0.03 0.05 -25.17 84.28 90.65 
16.14 -0.42 -0.43 -0.11 -0.11 -0.22 -0.32 0.55 0.45 0.13 -24.48 83.81 91.59 
16.24 -0.40 -0.39 0.02 -0.03 -0.10 -0.12 1.47 0.42 0.30 -22.06 87.95 93.42 
16.34 -0.18 -0.28 0.16 0.06 0.53 0.54 1.95 0.79 0.56 -17.07 92.48 96.19 
16.45 0.09 -0.09 0.13 0.09 0.33 0.43 1.55 0.42 0.65 -7.29 94.48 98.02 
16.55 0.13 0.10 0.09 0.09 0.59 0.60 0.79 0.12 0.35 5.29 95.47 94.20 
16.65 0.18 0.18 0.11 0.10 0.53 0.40 0.39 -0.20 0.08 10.37 95.92 91.12 
16.75 0.21 0.20 0.13 0.11 0.67 0.67 0.49 -0.19 0.12 11.38 96.30 91.13 
16.85 0.28 0.23 0.08 0.10 0.89 0.91 0.54 -0.26 0.26 13.39 95.85 93.16 
16.95 0.30 0.31 0.03 0.07 0.55 0.57 0.61 0.07 0.32 17.74 94.28 93.74 
17.06 0.43 0.37 -0.02 0.03 0.83 0.87 0.55 -0.07 0.26 20.58 92.48 93.29 
17.16 0.44 0.43 0.00 0.01 0.75 0.76 0.28 0.15 0.03 24.41 90.82 90.60 
17.26 0.47 0.48 0.06 0.03 0.71 0.69 0.00 0.09 -0.10 27.57 91.29 88.87 
17.37 0.39 0.44 0.09 0.07 0.87 0.88 -0.08 -0.09 -0.07 25.81 93.96 89.02 
17.47 0.47 0.43 0.11 0.10 0.88 0.89 0.37 -0.19 -0.00 24.20 95.58 89.69 
17.57 0.47 0.48 0.10 0.09 0.92 0.91 0.38 0.06 0.10 27.39 94.91 91.03 
17.68 0.56 0.53 0.08 0.08 0.88 0.89 0.28 0.07 0.11 29.76 94.78 91.29 
17.78 0.55 0.53 0.09 0.08 0.95 0.96 0.18 0.01 0.09 30.01 94.70 91.10 
17.88 0.53 0.53 0.06 0.07 0.96 0.97 0.14 -0.15 0.08 30.65 94.05 90.92 
17.98 0.58 0.56 0.04 0.05 0.92 0.93 0.03 -0.02 0.05 31.81 93.07 90.60 
18.08 0.56 0.57 0.06 0.04 0.86 0.86 -0.08 -0.08 -0.03 32.99 92.09 89.77 
18.18 0.53 0.55 0.05 0.05 0.90 0.89 -0.31 -0.08 -0.06 31.83 92.66 89.24 
18.28 0.48 0.52 0.04 0.05 0.81 0.79 -0.58 -0.18 -0.12 30.12 92.72 88.66 
18.38 0.46 0.49 0.05 0.04 0.76 0.74 -0.62 -0.03 -0.12 28.02 92.12 88.52 
18.49 0.34 0.41 0.05 0.05 0.78 0.75 -0.52 -0.09 -0.05 24.13 93.01 89.44 
18.59 0.32 0.35 0.03 0.05 0.83 0.83 -0.01 -0.04 -0.01 20.29 93.25 89.89 
18.69 0.38 0.38 0.05 0.05 0.84 0.84 0.12 0.01 0.07 22.04 93.04 90.90 
18.79 0.38 0.37 0.05 0.03 0.78 0.78 -0.05 -0.05 0.01 20.87 91.28 90.11 
18.90 0.37 0.37 0.08 0.06 0.87 0.86 0.07 0.02 0.01 20.82 92.97 89.83 
19.00 0.41 0.40 0.06 0.07 0.91 0.92 0.57 0.03 0.27 22.54 94.06 93.02 
19.10 0.44 0.41 0.01 0.04 0.98 1.00 0.88 0.01 0.29 23.35 92.74 93.68 
19.20 0.50 0.47 -0.01 0.00 1.05 1.06 0.66 -0.06 0.08 26.74 90.28 91.27 
19.31 0.68 0.58 0.00 -0.00 1.02 0.99 0.26 0.06 -0.06 32.20 89.87 89.37 
19.41 0.60 0.60 0.04 0.03 1.06 1.05 -0.10 0.08 -0.05 34.09 91.59 89.41 
19.51 0.60 0.58 0.05 0.04 1.03 1.02 -0.04 -0.04 0.01 33.12 92.14 90.11 
19.61 0.55 0.57 0.02 0.03 1.01 1.01 0.00 -0.01 0.01 33.15 91.58 90.23 
19.72 0.57 0.57 0.05 0.04 1.06 1.06 -0.01 -0.05 0.02 32.62 91.96 90.13 
19.82 0.58 0.57 0.03 0.03 1.10 1.08 0.08 -0.16 0.05 32.47 91.78 90.58 
19.93 0.65 0.59 -0.02 0.00 1.03 1.05 0.05 -0.07 0.03 33.25 90.36 90.44 
20.03 0.53 0.58 -0.03 -0.03 0.84 0.83 -0.48 0.25 -0.17 33.38 88.41 88.27 
20.13 0.46 0.53 0.10 0.03 0.86 0.79 -1.41 0.17 -0.38 31.29 91.05 85.44 
20.24 0.27 0.36 0.04 0.06 0.54 0.49 -1.91 -0.04 -0.34 21.59 93.54 85.88 
20.34 0.08 0.17 0.03 0.05 0.58 0.54 -2.04 -0.00 -0.33 10.35 93.22 86.15 
20.44 -0.22 -0.05 0.03 0.06 0.16 0.02 -1.95 0.42 -0.38 -1.17 93.68 85.59 
20.54 -0.27 -0.19 0.22 0.12 -0.76 -0.04 -1.37 0.11 -0.48 -10.70 97.10 84.26 
20.65 -0.36 -0.31 0.20 0.16 -0.25 -0.33 -0.78 -0.31 -0.29 -17.15 98.78 86.27 
20.75 -0.46 -0.40 0.11 0.13 0.16 0.09 -0.61 -0.14 -0.23 -23.20 97.31 87.24 
20.85 -0.51 -0.47 0.08 0.10 0.06 -0.01 -0.52 0.03 -0.14 -26.25 95.90 88.25 
20.95 -0.53 -0.51 0.08 0.10 -0.34 -0.37 -0.29 0.25 0.03 -29.03 95.72 90.13 
21.06 -0.54 -0.53 0.11 0.10 -0.26 -0.25 -0.03 0.26 0.12 -30.46 95.80 91.40 
21.16 -0.56 -0.57 0.15 0.12 0.03 0.03 -0.22 0.42 0.10 -32.56 96.38 91.14 
21.26 -0.52 -0.53 0.21 0.17 -0.55 -0.53 0.28 0.30 0.09 -30.71 98.79 90.74 
21.36 -0.45 -0.48 0.16 0.18 -0.52 -0.51 1.34 0.07 0.35 -27.88 100.69 94.03 
21.47 -0.46 -0.45 0.18 0.20 0.49 0.50 1.94 0.37 0.41 -25.47 101.93 94.97 
21.57 -0.17 -0.28 0.29 0.26 0.36 0.42 1.82 0.56 0.35 -17.38 104.49 94.26 
21.67 -0.10 -0.11 0.30 0.33 0.70 0.71 1.67 0.22 0.46 -6.69 109.25 95.40 
21.78 0.21 0.09 0.40 0.38 0.75 0.76 1.26 0.13 0.38 4.11 111.46 94.57 
21.88 0.32 0.24 0.35 0.38 0.74 0.78 0.95 -0.35 0.27 13.06 112.17 93.43 
21.99 0.40 0.34 0.30 0.32 0.92 0.94 0.68 -0.80 0.22 18.81 108.90 92.69 
22.09 0.54 0.48 0.22 0.26 0.67 0.72 0.62 -0.84 0.17 26.62 105.21 92.04 
22.19 0.60 0.54 0.06 0.16 0.82 0.91 0.58 -0.51 0.13 30.85 99.39 91.52 
22.29 0.56 0.55 0.08 0.11 0.95 0.86 0.51 -0.39 0.06 31.50 96.60 90.81 
22.39 0.68 0.62 0.02 0.05 0.77 0.81 0.34 -0.27 0.03 34.62 93.47 90.50 
22.49 0.67 0.69 0.04 0.03 0.68 0.67 0.12 0.19 -0.04 39.47 91.92 89.59 
22.59 0.76 0.67 0.10 0.07 0.83 0.84 0.15 0.02 -0.01 37.44 93.86 89.97 
22.70 0.66 0.63 0.08 0.08 0.94 0.95 0.29 -0.06 0.05 35.51 94.38 90.53 
22.80 0.71 0.68 0.06 0.07 0.89 0.89 0.25 -0.07 0.07 38.48 93.78 90.87 
22.90 0.73 0.71 0.03 0.05 0.85 0.86 0.17 -0.02 0.06 40.62 92.88 90.76 
23.01 0.73 0.74 0.02 0.03 0.80 0.80 0.03 0.07 0.03 42.42 92.00 90.42 
23.11 0.72 0.73 0.06 0.05 0.86 0.86 -0.09 0.02 0.01 41.93 92.67 90.20 
23.21 0.72 0.74 0.02 0.04 0.76 0.76 -0.52 0.03 0.02 42.58 92.46 90.41 
23.32 0.61 0.67 0.02 0.03 0.76 0.74 -1.00 -0.14 -0.04 39.27 91.58 89.45 
23.42 0.41 0.52 0.08 0.04 0.85 0.78 -1.06 -0.54 -0.05 31.16 92.10 89.41 
23.52 0.41 0.43 -0.01 0.03 1.63 1.10 -0.73 -2.02 0.20 25.04 92.02 92.02 
23.62 0.36 0.41 -0.44 -0.20 1.00 1.24 -0.48 -1.52 0.54 23.80 81.04 96.38 
23.73 0.31 0.32 -0.47 -0.37 1.16 1.26 -0.52 -1.08 0.32 18.66 70.00 94.25 
23.83 0.25 0.32 -0.44 -0.44 1.23 1.22 -0.41 -1.10 0.29 19.29 64.86 93.57 
23.93 0.57 0.32 -0.89 -0.63 0.48 1.03 -0.19 -0.78 0.17 15.88 56.23 92.20 
24.03 0.32 0.27 -0.63 -0.65 0.98 0.97 -0.05 -0.82 0.10 14.83 52.43 91.25 
24.13 0.24 0.26 -0.79 -0.77 1.05 1.06 0.09 -0.69 0.13 14.85 45.70 91.56 
24.24 0.22 0.20 -0.91 -0.89 0.86 0.79 0.07 -0.04 0.08 11.36 39.45 91.15 
24.34 0.28 0.24 -0.84 -0.92 0.50 0.48 -0.04 0.90 -0.05 13.15 36.49 89.49 
24.44 0.24 0.25 -0.70 -0.82 0.23 0.19 -0.20 1.65 -0.11 14.42 41.91 88.78 
24.55 0.17 0.20 -0.50 -0.60 0.68 0.58 -0.37 1.77 -0.13 11.63 54.57 88.50 
24.65 0.02 0.13 -0.29 -0.39 1.32 1.20 -0.44 1.62 -0.13 8.52 66.53 88.54 
24.75 0.21 0.19 -0.15 -0.20 -0.26 -0.03 -0.24 1.81 -0.13 10.69 78.17 88.39 
24.85 0.03 0.11 0.18 0.01 0.08 -0.02 -0.16 2.40 -0.06 6.33 90.66 89.28 
24.95 -0.03 0.03 0.25 0.17 0.17 0.12 0.05 1.14 -0.01 2.43 99.20 89.73 
25.06 0.10 0.08 0.46 0.34 0.08 0.07 0.07 1.39 -0.01 4.29 108.11 89.82 
25.16 0.06 0.04 0.47 0.40 0.22 0.22 -0.05 0.82 -0.05 1.98 112.53 89.68 
25.26 0.08 0.06 0.58 0.50 0.07 0.07 0.02 -0.11 -0.07 3.26 117.55 89.29 
25.36 0.05 0.06 0.44 0.48 0.05 0.05 0.01 -0.95 -0.01 3.65 117.89 89.97 
25.47 0.05 0.06 0.36 0.42 0.26 0.16 -0.14 -1.27 -0.16 3.42 114.61 88.22 
25.57 0.11 0.05 0.20 0.29 0.10 0.19 -0.14 -1.73 -0.18 2.58 107.74 87.87 
25.67 0.03 0.04 0.01 0.13 -0.06 -0.02 -0.31 -1.45 -0.10 2.18 98.93 88.62 
25.78 -0.03 -0.00 -0.14 -0.01 0.26 0.31 -0.12 -1.34 -0.06 0.24 90.41 89.53 
25.88 -0.10 -0.02 -0.42 -0.19 0.49 0.73 0.19 -1.48 -0.12 -0.45 81.24 88.56 
25.98 0.02 -0.02 -0.37 -0.29 1.89 1.09 0.24 -1.47 -0.12 -1.74 74.24 88.52 
26.09 -0.00 0.01 -0.51 -0.42 1.40 1.55 0.52 -1.43 -0.06 0.75 66.67 89.27 
26.19 0.03 0.04 -1.07 -0.68 1.06 1.45 0.63 -1.08 -0.09 2.37 54.77 88.96 
26.29 -0.03 0.15 -0.74 -0.80 0.53 0.37 0.29 -0.21 -0.04 10.64 43.87 89.52 
26.40 0.18 0.19 -0.80 -0.83 0.33 0.32 -0.17 0.72 0.05 10.76 42.08 90.52 
26.50 0.18 0.16 -0.75 -0.78 0.30 0.30 -0.33 1.35 0.09 9.25 45.25 91.04 
26.60 -0.01 0.06 -0.45 -0.58 0.39 0.30 -0.35 1.90 -0.04 4.39 55.15 90.04 
26.70 0.22 0.15 -0.23 -0.33 -0.29 -0.04 -0.17 1.68 -0.09 7.72 69.81 88.92 
26.81 0.10 0.11 -0.02 -0.17 -0.11 -0.14 0.26 1.42 -0.06 6.76 78.80 89.05 
26.91 0.20 0.11 0.09 -0.00 0.11 0.14 0.48 1.94 0.10 5.67 88.85 91.09 
27.01 0.06 0.10 0.39 0.19 0.33 0.25 0.14 2.12 0.01 6.82 97.79 90.99 
27.11 0.04 0.05 0.42 0.32 0.26 0.24 0.06 0.81 -0.16 2.68 107.13 88.06 
27.22 0.04 0.09 0.44 0.45 0.16 0.22 0.05 0.64 -0.18 5.77 116.19 87.83 
27.32 0.22 0.13 0.63 0.54 0.27 0.28 -0.09 0.29 -0.22 6.38 120.31 87.42 
27.42 0.20 0.14 0.59 0.58 -0.03 -0.00 -0.04 0.29 -0.14 7.17 123.32 88.21 
27.53 0.21 0.14 0.67 0.61 -0.05 -0.03 0.01 0.27 -0.08 7.04 124.72 88.87 
27.63 0.08 0.10 0.59 0.59 0.02 0.02 0.14 -1.19 0.06 6.01 123.67 90.74 
27.73 0.09 0.10 0.43 0.51 0.09 0.10 0.12 -2.05 -0.06 5.91 119.95 89.52 
27.86 0.13 0.11 0.21 0.46 1.72 0.34 -0.35 -1.89 -0.15 6.05 116.60 88.20 
27.99 0.04 0.10 -0.07 0.38 -3.21 0.98 -0.62 -1.62 -0.24 5.48 112.03 87.15 
28.13 -0.08 0.07 -0.23 0.29 -3.04 -3.19 -0.58 -0.70 -0.34 3.98 106.77 85.88 
28.26 -0.01 0.06 -0.16 0.22 -2.95 -3.03 -0.01 -0.52 -0.02 3.27 102.89 89.73 
28.36 -0.14 0.00 -0.41 0.04 -3.05 -3.04 0.62 -0.52 0.21 1.55 96.63 92.90 
28.46 0.08 -0.05 -1.07 -0.51 -0.02 0.11 0.49 1.65 0.10 -4.06 66.57 91.26 
28.56 0.03 0.06 0.07 -0.24 -0.21 -0.22 0.54 2.76 0.06 3.48 76.44 90.72 
28.67 0.08 0.06 0.16 0.06 0.12 0.12 0.42 1.53 -0.02 3.47 92.32 89.83 
28.77 0.14 0.14 0.40 0.26 -0.09 -0.05 0.24 1.35 -0.05 7.96 103.62 89.46 
28.87 0.09 0.09 0.46 0.38 0.10 0.09 0.08 1.05 0.00 5.23 111.15 90.10 
28.98 0.14 0.13 0.56 0.48 0.02 0.02 0.22 0.43 -0.02 7.11 116.56 89.73 
29.08 0.21 0.14 0.56 0.54 0.05 0.07 0.20 0.58 -0.11 7.36 120.88 88.84 
29.18 0.18 0.19 0.69 0.62 0.11 0.10 0.21 0.26 -0.10 10.76 124.65 88.69 
29.28 0.26 0.26 0.68 0.67 -0.11 -0.11 0.07 0.06 -0.06 14.60 128.25 89.24 
29.39 0.23 0.23 0.64 0.67 -0.08 -0.08 -0.02 0.10 -0.03 13.53 128.69 89.79 
29.49 0.23 0.22 0.68 0.67 -0.04 -0.06 0.05 0.03 -0.00 12.81 128.52 89.86 
29.59 0.22 0.23 0.69 0.68 -0.04 -0.04 0.03 -0.01 -0.06 12.96 128.57 89.48 
29.70 0.21 0.21 0.66 0.66 -0.10 -0.10 -0.04 -0.31 -0.28 12.07 127.63 86.99 
29.80 0.20 0.19 0.64 0.62 -0.11 -0.11 0.25 -0.53 -0.60 10.85 125.58 83.12 
29.90 0.18 0.18 0.59 0.61 -0.24 -0.24 0.49 -0.37 -0.61 10.14 125.41 82.54 
30.00 0.15 0.20 0.54 0.61 -0.31 -0.33 0.36 -0.11 -0.53 11.62 125.04 83.66 
30.10 0.19 0.21 0.62 0.62 -0.44 -0.45 0.15 0.15 -0.34 12.36 125.58 85.76 
30.21 -0.01 0.12 0.58 0.57 -0.30 -0.33 0.28 -0.38 -0.22 8.00 122.71 87.36 
30.31 0.16 0.12 0.56 0.57 -0.32 -0.31 0.21 0.19 -0.45 6.23 122.98 84.65 
30.42 0.24 0.16 0.67 0.63 -0.44 -0.42 0.21 0.39 -0.10 8.27 125.67 88.01 
30.52 0.29 0.21 0.69 0.65 -0.49 -0.47 0.08 0.27 0.32 11.85 126.96 93.83 
30.62 0.20 0.19 0.67 0.65 -0.39 -0.38 -0.20 0.06 0.04 10.90 126.82 90.94 
30.72 0.15 0.18 0.65 0.66 -0.39 -0.40 -0.20 -0.19 -0.18 10.53 127.76 87.84 
30.82 0.18 0.18 0.65 0.65 -0.50 -0.50 -0.00 -0.13 0.01 10.32 127.42 89.73 
30.92 0.21 0.18 0.62 0.64 -0.48 -0.47 0.03 -0.11 0.07 9.90 127.11 90.86 
31.02 0.16 0.14 0.57 0.59 -0.37 -0.37 0.00 -0.83 0.15 8.00 124.00 91.97 
31.12 0.19 0.15 0.44 0.50 -0.45 -0.44 -0.31 -1.81 0.18 8.14 119.49 91.99 
31.23 0.11 0.12 0.20 0.35 -0.41 -0.43 -0.35 -1.84 0.18 6.88 111.26 92.44 
31.33 0.03 0.07 0.08 0.17 -0.51 -0.55 -0.42 -1.60 -0.09 5.40 101.98 89.49 
31.43 0.11 0.05 -0.00 0.06 -1.01 -0.62 -0.29 -1.42 -0.27 2.38 93.89 86.90 
31.53 0.05 -0.01 -0.27 -0.14 -0.34 -0.31 -0.22 -1.46 -0.21 -0.96 83.44 87.41 
31.64 -0.04 0.03 -0.41 -0.27 -0.97 -1.09 -0.21 -0.95 -0.16 2.63 75.67 87.90 
31.74 -0.12 0.00 -0.52 -0.41 -0.65 -0.75 -0.12 -0.72 -0.03 1.45 67.46 89.51 
31.84 -0.09 -0.03 -0.51 -0.47 -0.68 -0.74 -0.12 -0.59 -0.01 -1.88 63.31 89.90 
31.94 -0.05 -0.05 -0.62 -0.57 -0.54 -0.54 -0.13 0.18 -0.05 -3.01 57.96 89.57 
32.04 -0.06 -0.08 -0.40 -0.49 -0.56 -0.53 -0.20 0.68 -0.02 -4.84 61.68 89.76 
32.15 -0.15 -0.08 -0.55 -0.48 -0.61 -0.61 0.06 0.09 0.03 -3.78 62.96 90.34 
32.25 -0.01 -0.08 -0.48 -0.48 -0.49 -0.46 0.02 0.90 -0.09 -5.20 62.57 89.01 
32.35 0.01 -0.07 -0.25 -0.37 -0.52 -0.47 -0.01 1.53 -0.19 -3.97 68.75 87.68 
32.45 -0.04 -0.02 0.05 -0.16 -0.66 -0.63 0.16 1.67 0.00 -0.63 79.03 90.05 
32.56 0.05 -0.00 0.13 -0.01 -0.62 -0.58 0.34 1.69 0.13 -0.27 89.40 91.54 
32.66 -0.04 0.00 0.23 0.17 -0.48 -0.62 0.41 1.94 0.27 0.77 99.15 92.81 
32.76 -0.01 -0.01 0.31 0.29 -0.32 -0.32 0.12 1.37 0.08 -0.43 106.45 91.77 
32.86 0.14 0.10 0.56 0.47 -0.56 -0.54 -0.02 1.11 -0.13 5.36 116.14 88.32 
32.97 0.24 0.12 0.77 0.62 -0.65 -0.59 0.16 0.88 -0.00 5.77 123.80 90.19 
33.07 0.12 0.12 0.93 0.68 -0.55 -0.52 0.33 0.77 0.18 6.95 126.66 92.34 
33.18 0.13 0.14 0.71 0.72 -0.53 -0.53 0.13 0.30 0.02 8.42 131.59 90.16 
33.28 0.17 0.13 0.78 0.77 -0.47 -0.46 -0.02 0.35 0.06 7.20 133.98 90.87 
33.38 0.12 0.13 0.80 0.78 -0.47 -0.47 -0.01 0.00 0.04 7.86 134.57 90.48 
33.48 0.14 0.15 0.80 0.80 -0.46 -0.46 -0.03 0.13 0.03 8.36 135.87 90.32 
33.59 0.34 0.20 0.96 0.86 -0.53 -0.50 -0.02 0.29 0.02 10.33 138.26 90.14 
33.69 0.14 0.16 0.78 0.83 -0.45 -0.46 -0.01 0.01 0.03 9.06 138.22 90.34 
33.79 0.01 0.13 0.77 0.84 -0.48 -0.50 -0.01 -0.18 0.00 7.17 138.19 90.05 
33.90 0.11 0.12 0.79 0.81 -0.45 -0.43 -0.06 -0.19 -0.04 7.00 136.76 89.45 
34.00 0.02 0.11 0.73 0.79 -0.46 -0.48 -0.03 -0.36 -0.06 6.27 135.45 89.27 
34.10 0.10 0.13 0.64 0.72 -0.51 -0.53 0.08 -1.55 0.10 7.58 131.85 91.16 
34.20 0.04 0.07 0.50 0.61 -0.42 -0.44 0.02 -2.03 0.17 3.82 125.19 92.00 
34.31 0.17 0.13 0.34 0.45 -0.89 -0.93 -0.07 -2.14 0.03 6.83 117.24 90.44 
34.41 0.04 0.12 0.04 0.24 -1.31 -0.93 -0.17 -1.94 -0.02 7.80 105.97 89.56 
34.52 0.08 0.13 -0.03 0.07 -1.18 -1.26 -0.24 -1.66 0.10 8.22 94.84 91.19 
34.62 0.02 0.10 -0.40 -0.16 -1.33 -0.89 -0.22 -1.68 0.18 5.88 80.58 92.21 
34.72 -0.11 0.11 -0.86 -0.53 -0.69 -0.85 -0.26 -0.74 -0.05 8.65 63.11 89.84 
34.82 0.02 0.03 -0.40 -0.48 -0.71 -0.69 -0.13 0.13 -0.08 1.84 62.00 89.05 
34.92 -0.03 -0.01 -0.49 -0.48 -0.58 -0.60 0.17 0.27 0.03 -0.32 62.48 90.33 
35.03 0.04 0.02 -0.32 -0.45 -0.55 -0.52 0.00 1.79 0.06 1.08 62.75 90.80 
35.13 -0.09 0.02 0.05 -0.18 -0.47 -0.49 0.12 2.02 0.19 2.33 77.12 92.00 
35.23 0.05 0.02 0.10 -0.03 -0.67 -0.60 0.26 1.58 0.16 0.94 88.28 91.98 
35.34 0.01 0.05 0.21 0.12 -0.62 -0.62 0.14 1.36 0.18 3.56 96.27 92.20 
35.44 0.04 0.05 0.36 0.27 -0.37 -0.37 -0.04 1.01 0.07 3.02 104.51 90.89 
35.55 0.02 0.03 0.36 0.33 -0.37 -0.37 0.06 0.04 0.02 1.97 108.76 90.12 
35.65 0.07 0.07 0.36 0.36 -0.44 -0.47 0.56 -1.25 0.18 3.95 110.67 92.13 
35.75 0.07 0.10 0.23 0.27 -0.30 -0.32 1.04 -0.92 0.45 6.06 105.65 95.64 
35.86 0.28 0.20 0.10 0.16 -0.06 -0.01 0.85 -0.19 0.26 10.60 99.59 93.27 
35.96 0.41 0.27 0.15 0.14 -0.10 -0.02 0.77 -0.02 0.25 15.43 97.88 92.97 
36.06 0.41 0.35 0.01 0.09 0.12 0.16 0.78 -0.18 0.19 19.54 95.79 92.63 
36.17 0.55 0.46 0.05 0.07 -0.00 -0.03 0.47 -0.07 -0.00 25.57 94.27 90.22 
36.27 0.44 0.50 0.13 0.08 0.01 -0.03 -0.13 0.11 0.00 28.59 94.62 90.00 
36.37 0.49 0.50 0.06 0.07 -0.13 -0.07 -0.35 -0.25 0.11 28.48 93.89 91.38 
36.47 0.38 0.47 0.03 0.04 -0.14 -0.18 -0.87 -0.38 0.11 27.54 92.27 91.31 
36.58 0.18 0.31 -0.02 0.01 -0.21 -0.29 -1.23 0.06 0.02 19.01 90.65 90.46 
36.68 0.04 0.20 0.08 0.04 -0.41 -0.26 -1.20 0.38 -0.03 13.01 92.12 89.48 
36.79 0.06 0.12 0.03 0.09 -0.49 -0.53 -0.96 -0.02 0.04 7.20 95.66 90.31 
36.89 -0.07 0.00 0.07 0.09 -0.60 -0.64 -0.75 -0.54 0.14 0.91 95.33 91.73 
36.99 -0.14 -0.07 0.05 0.05 -0.46 -0.50 -0.67 -0.16 0.02 -4.22 93.02 90.27 
37.09 -0.21 -0.15 0.06 0.05 -0.59 -0.61 -0.47 0.18 -0.03 -8.54 92.72 89.69 
37.20 -0.15 -0.14 0.12 0.10 -0.77 -0.78 0.62 -0.34 0.30 -7.64 95.50 92.78 
37.30 -0.05 -0.13 0.00 0.04 -0.24 -0.18 1.50 0.08 0.43 -8.20 92.60 95.25 
37.40 0.04 -0.02 0.06 0.04 0.25 0.28 1.41 0.39 0.40 -1.97 92.29 94.81 
37.50 0.20 0.12 0.09 0.06 0.12 0.16 1.27 0.26 0.34 6.63 93.60 94.05 
37.61 0.34 0.27 0.08 0.08 0.29 0.32 1.07 0.04 0.20 14.66 94.29 92.73 
37.71 0.43 0.37 0.10 0.07 0.26 0.29 0.92 -0.06 0.13 20.23 93.64 91.62 
37.81 0.45 0.45 0.09 0.06 0.44 0.44 0.84 0.19 0.11 25.57 93.50 91.27 
37.91 0.69 0.58 0.08 0.08 0.39 0.33 0.56 0.15 0.03 32.05 94.57 90.52 
38.02 0.73 0.64 0.08 0.10 0.32 0.37 0.03 -0.07 0.01 36.00 96.13 90.05 
38.12 0.56 0.63 0.00 0.08 0.19 0.17 -0.58 -0.13 0.15 36.92 95.27 91.74 
38.23 0.50 0.57 0.03 0.05 0.19 0.16 -1.08 -0.01 0.22 33.26 93.07 92.57 
38.33 0.35 0.46 0.04 0.04 -0.02 -0.08 -1.24 0.18 0.24 27.30 92.62 92.92 
38.43 0.12 0.29 0.02 0.01 -0.09 0.08 -1.09 0.70 0.04 18.02 90.53 91.09 
38.53 0.11 0.17 0.14 0.08 0.04 0.01 -0.92 0.29 -0.10 10.33 93.72 89.10 
38.64 0.12 0.14 0.22 0.16 -0.38 -0.38 -0.80 -0.09 -0.10 7.87 98.33 89.00 
38.74 0.07 0.09 0.19 0.17 -0.37 -0.39 -0.84 -0.54 -0.03 5.65 99.72 89.45 
38.84 -0.05 0.01 0.07 0.11 -0.54 -0.60 -0.91 -0.45 0.07 0.91 96.85 90.87 
38.95 -0.19 -0.12 0.03 0.05 -0.54 -0.22 -0.95 -0.10 0.10 -6.03 93.05 91.28 
39.05 -0.30 -0.24 0.00 0.02 -0.21 -0.27 -0.94 -0.27 0.13 -12.94 91.54 91.55 
39.15 -0.40 -0.33 -0.01 -0.00 -0.27 -0.34 -0.69 -0.22 -0.06 -18.25 89.84 89.63 
39.26 -0.44 -0.40 -0.02 -0.01 -0.18 -0.22 -0.63 -0.02 -0.17 -22.64 89.33 87.99 
39.36 -0.44 -0.41 0.03 0.01 -0.59 -0.61 -0.32 -0.03 -0.02 -23.46 90.65 89.49 
39.46 -0.42 -0.43 0.02 0.01 -0.58 -0.57 0.13 -0.28 0.01 -24.46 90.39 89.92 
39.57 -0.40 -0.43 -0.02 -0.03 -0.27 -0.23 0.66 -0.12 0.21 -24.84 88.10 92.38 
39.67 -0.33 -0.37 -0.08 -0.04 0.43 -0.15 1.52 -0.31 0.34 -21.40 87.90 93.97 
39.77 -0.25 -0.29 -0.08 -0.08 0.52 0.56 1.78 -0.13 0.34 -17.09 85.70 94.16 
39.87 0.02 -0.13 -0.12 -0.10 0.85 0.91 1.63 -0.08 0.20 -7.71 84.29 92.43 
39.98 0.01 -0.01 -0.07 -0.10 0.84 0.83 1.24 -0.08 0.15 -0.60 83.95 91.90 
40.08 0.23 0.15 -0.19 -0.13 0.88 0.94 1.06 -0.23 -0.02 7.49 83.25 89.84 
40.19 0.38 0.28 -0.11 -0.14 0.87 0.47 0.84 0.14 -0.08 15.28 81.63 88.89 
40.29 0.48 0.38 -0.10 -0.12 0.75 0.78 0.42 0.16 -0.07 21.02 83.22 89.05 
40.39 0.48 0.43 -0.11 -0.11 0.65 0.67 0.06 0.07 -0.10 24.62 83.93 88.84 
40.50 0.43 0.43 -0.09 -0.10 0.62 0.61 -0.46 0.22 -0.09 25.00 84.03 89.16 
40.60 0.26 0.34 -0.05 -0.06 0.58 0.53 -0.50 0.15 -0.20 19.63 86.61 87.63 
40.71 0.32 0.31 -0.00 -0.02 0.53 0.63 -0.17 -0.01 -0.11 17.37 88.52 88.54 
40.81 0.31 0.31 -0.02 -0.02 0.50 0.50 -0.08 -0.04 -0.10 17.84 88.72 88.85 
40.91 0.27 0.30 -0.00 -0.01 0.41 0.39 -0.14 0.10 -0.08 17.42 89.46 89.05 
41.01 0.30 0.29 0.06 0.01 0.41 0.39 -0.31 0.08 -0.07 16.73 90.49 89.15 
41.12 0.26 0.28 0.02 0.01 0.12 0.11 -0.42 0.08 -0.01 16.50 90.65 89.90 
41.22 0.20 0.23 0.03 0.02 0.14 0.19 -0.20 0.16 -0.01 13.76 91.30 89.94 
41.32 0.21 0.20 0.06 0.03 0.27 0.27 0.05 0.13 0.03 11.41 91.98 90.40 
41.43 0.20 0.21 0.07 0.06 0.17 0.15 -0.11 -0.04 0.02 12.29 93.14 90.35 
41.53 0.12 0.20 0.04 0.05 0.10 0.04 -0.35 0.06 0.06 12.22 92.66 90.79 
41.63 0.07 0.14 0.11 0.05 0.12 0.06 -0.34 0.29 -0.01 8.69 92.42 89.76 
41.73 0.22 0.15 0.09 0.08 -0.03 0.03 -0.12 0.01 0.05 8.50 94.72 90.62 
41.84 0.10 0.10 0.09 0.07 0.09 0.09 -0.12 -0.00 -0.03 5.46 94.08 89.60 
41.94 0.10 0.10 0.11 0.09 -0.05 -0.18 -0.17 0.02 -0.00 5.44 95.29 89.91 
42.04 0.08 0.07 0.07 0.09 0.03 0.04 -0.04 -0.08 -0.01 4.06 95.32 89.87 
42.15 0.05 0.06 0.08 0.09 0.08 0.08 0.03 -0.08 -0.01 3.43 94.89 89.89 
42.25 0.07 0.07 0.10 0.08 0.04 0.04 -0.05 -0.00 -0.01 4.08 94.59 89.87 
42.35 0.13 0.09 0.11 0.08 -0.05 -0.02 0.01 0.11 0.02 4.43 94.53 90.28 
42.46 0.06 0.06 0.11 0.09 0.07 0.07 0.01 0.11 -0.01 3.32 94.94 89.86 
42.56 0.04 0.04 0.10 0.10 0.13 0.13 0.07 -0.07 0.01 2.20 95.59 90.10 
42.66 0.05 0.06 0.08 0.09 0.11 0.11 0.07 -0.12 -0.03 3.22 95.47 89.60 
42.77 0.05 0.07 0.11 0.10 0.10 0.08 0.01 0.07 0.01 4.27 95.81 89.84 
42.87 0.08 0.08 0.09 0.09 0.08 0.08 0.22 -0.07 0.01 4.41 95.28 90.15 
42.97 0.10 0.09 0.10 0.09 0.20 0.13 0.22 -0.02 -0.14 4.87 95.04 88.49 
43.08 0.13 0.11 0.10 0.10 0.09 0.10 0.12 0.43 -0.14 6.27 95.50 88.38 
43.18 0.15 0.14 0.16 0.14 0.02 0.06 0.12 0.68 -0.19 7.74 97.75 87.67 
43.28 0.17 0.17 0.31 0.24 -0.06 -0.07 0.25 1.64 -0.17 9.62 103.15 87.69 
43.39 0.06 0.12 0.44 0.37 0.10 0.07 0.29 0.67 -0.17 7.77 110.45 87.98 
43.49 0.29 0.17 0.56 0.46 0.15 0.06 0.40 0.06 -0.01 8.56 115.31 89.89 
43.59 0.25 0.22 0.52 0.51 0.14 0.15 0.35 0.30 0.03 12.85 119.15 90.41 
43.70 0.27 0.25 0.52 0.51 0.16 0.17 0.15 0.34 0.07 13.84 119.23 91.00 
43.80 0.24 0.26 0.56 0.54 0.24 0.23 0.13 0.14 0.01 14.79 121.00 90.14 
43.90 0.37 0.30 0.60 0.57 0.19 0.20 0.12 0.19 0.05 17.34 122.91 90.64 
44.00 0.31 0.30 0.61 0.58 0.20 0.20 0.08 0.23 0.03 17.22 123.24 90.40 
44.11 0.30 0.30 0.60 0.60 0.22 0.22 0.13 0.18 -0.03 17.49 124.48 89.59 
44.21 0.35 0.32 0.61 0.63 0.22 0.24 0.07 0.03 0.02 18.21 125.83 90.25 
44.31 0.26 0.34 0.61 0.63 0.23 0.21 -0.05 -0.02 -0.03 19.97 126.17 89.81 
44.41 0.30 0.33 0.65 0.64 0.23 0.22 -0.05 0.04 -0.06 18.89 126.85 89.23 
44.51 0.30 0.32 0.63 0.64 0.20 0.20 0.03 -0.20 0.02 18.15 126.48 90.27 
44.61 0.33 0.33 0.62 0.63 0.20 0.21 -0.02 -0.28 -0.04 18.63 126.02 89.55 
44.72 0.28 0.28 0.54 0.59 0.26 0.27 -0.11 -0.51 -0.06 16.20 123.76 89.22 
44.82 0.28 0.29 0.53 0.55 0.09 0.09 -0.14 -0.41 -0.10 16.50 121.78 88.77 
44.92 0.25 0.28 0.51 0.53 0.05 0.05 -0.03 0.00 -0.02 16.05 120.35 89.63 
45.03 0.29 0.27 0.49 0.51 0.07 0.09 0.09 0.07 0.07 15.35 119.46 90.81 
45.13 0.28 0.27 0.51 0.51 0.13 0.13 0.06 -0.04 0.03 15.20 119.27 90.50 
45.23 0.27 0.27 0.50 0.51 0.14 0.14 -0.02 -0.06 -0.00 15.59 119.22 90.09 
45.34 0.27 0.27 0.51 0.51 0.15 0.15 0.02 -0.09 0.01 15.70 119.09 90.05 
45.44 0.28 0.27 0.51 0.51 0.14 0.17 0.03 0.11 0.04 15.60 119.03 90.39 
45.54 0.27 0.28 0.52 0.51 0.13 0.13 -0.07 0.21 0.05 16.05 119.41 90.64 
45.65 0.22 0.26 0.53 0.52 0.11 0.09 -0.34 0.14 -0.27 15.49 119.63 87.06 
45.75 0.22 0.23 0.57 0.54 0.01 0.01 -0.01 -0.08 -0.16 13.19 120.71 88.07 
45.85 0.28 0.25 0.55 0.56 -0.03 -0.02 0.25 -0.05 0.03 13.94 122.03 90.42 
45.96 0.21 0.22 0.46 0.49 0.10 0.07 0.11 -0.95 -0.48 12.78 118.16 84.90 
46.06 0.31 0.24 0.33 0.43 -0.16 -0.12 -0.12 -0.11 -0.66 13.10 115.31 82.29 
46.16 0.22 0.20 0.50 0.45 -0.22 -0.21 0.14 0.68 -0.85 10.89 115.44 80.09 
46.27 0.11 0.17 0.55 0.56 -0.31 -0.33 0.13 -0.05 -0.48 10.39 122.55 83.33 
46.37 0.19 0.13 0.59 0.58 -0.34 -0.32 0.25 0.35 -0.26 7.47 123.12 86.90 
46.47 0.11 0.18 0.70 0.64 -0.45 -0.46 0.37 0.28 -0.23 10.06 126.65 87.23 
46.57 0.09 0.10 0.55 0.61 -0.20 -0.20 -0.06 0.08 -0.07 5.51 125.64 89.02 
46.68 0.14 0.06 0.57 0.58 -0.18 -0.16 0.11 0.12 -0.29 2.44 123.42 86.53 
46.78 0.22 0.15 0.68 0.66 -0.34 -0.32 -0.04 -0.38 -0.45 7.85 127.88 84.62 
46.88 0.16 0.16 0.56 0.62 -0.63 -0.64 -0.17 -1.31 -0.08 9.49 125.87 88.38 
46.99 0.01 0.07 0.39 0.48 -0.79 -0.61 -0.35 -1.32 -0.09 4.87 118.08 88.92 
47.09 -0.02 0.03 0.25 0.35 -0.65 -0.71 -0.35 -2.05 -0.26 2.29 111.06 86.87 
47.19 -0.06 -0.03 -0.02 0.17 -1.05 -0.73 -0.70 -1.99 -0.31 -1.47 99.98 86.30 
47.30 -0.22 -0.11 -0.16 -0.04 -0.63 -0.74 -0.50 -2.10 -0.41 -5.39 89.22 85.22 
47.40 -0.07 -0.09 -0.37 -0.21 -1.26 -1.37 -0.24 -1.37 -0.30 -4.99 79.61 86.18 
47.50 -0.24 -0.11 -0.45 -0.35 -1.01 -1.11 0.03 -0.73 -0.04 -4.89 70.62 89.30 
47.61 -0.23 -0.14 -0.62 -0.48 -0.78 -0.87 -0.21 -0.78 -0.11 -7.44 63.91 88.84 
47.71 -0.21 -0.18 -0.60 -0.52 -0.96 -1.02 -0.32 -0.80 -0.18 -9.81 61.30 87.82 
47.81 -0.26 -0.21 -0.58 -0.57 -0.76 -0.80 0.03 0.31 0.11 -11.17 57.67 90.91 
47.92 -0.25 -0.22 -0.58 -0.53 -0.65 -0.68 0.12 0.55 0.25 -11.93 60.00 92.98 
48.02 -0.22 -0.22 -0.46 -0.48 -0.71 -0.70 0.09 0.98 0.15 -12.54 62.55 91.88 
48.12 -0.05 -0.16 -0.07 -0.29 -0.74 -0.64 0.12 2.47 0.19 -10.58 71.00 92.06 
48.23 -0.23 -0.14 0.01 -0.05 -0.66 -0.96 0.28 1.89 0.18 -6.93 86.22 92.16 
48.33 -0.14 -0.17 0.19 0.08 -0.45 -0.42 0.31 1.88 -0.13 -10.14 93.64 88.98 
48.43 -0.22 -0.13 0.36 0.28 -0.61 -0.62 0.23 1.32 -0.18 -6.66 105.00 87.65 
48.53 -0.11 -0.12 0.56 0.40 -0.67 -0.64 0.20 1.24 -0.26 -6.60 112.96 86.90 
48.64 -0.10 -0.12 0.56 0.49 -0.70 -0.69 -0.06 0.74 -0.29 -6.78 117.11 86.39 
48.74 -0.13 -0.12 0.49 0.58 -0.77 -0.82 -0.02 0.89 -0.05 -6.86 123.95 89.09 
48.85 -0.23 -0.16 0.57 0.61 -0.74 -0.76 -0.13 0.61 -0.10 -8.22 125.31 89.23 
48.95 -0.10 -0.14 0.72 0.67 -0.87 -0.86 0.07 0.03 -0.20 -7.78 128.21 87.56 
49.05 -0.11 -0.14 0.80 0.78 -1.07 -1.06 0.09 0.18 0.00 -8.14 134.71 89.80 
49.16 -0.15 -0.14 0.80 0.80 -1.11 -1.12 -0.07 0.04 0.09 -7.75 136.17 91.02 
49.26 -0.23 -0.17 0.73 0.76 -0.95 -0.96 -0.09 0.20 0.19 -9.86 133.26 92.26 
49.36 -0.14 -0.14 0.73 0.74 -0.90 -0.90 -0.04 0.03 0.05 -7.76 132.39 90.71 
49.46 -0.21 -0.17 0.73 0.73 -0.87 -0.86 -0.03 -0.05 -0.08 -9.10 132.03 89.17 
49.57 -0.16 -0.18 0.67 0.72 -0.88 -0.89 -0.01 -0.01 0.01 -10.07 131.23 90.15 
49.67 -0.17 -0.17 0.73 0.73 -0.87 -0.87 0.07 0.02 0.02 -10.09 131.87 90.26 
49.77 -0.14 -0.14 0.81 0.76 -0.95 -0.94 0.07 -0.22 -0.04 -8.01 132.74 89.37 
49.87 -0.03 -0.10 0.84 0.79 -1.04 -1.02 0.01 -0.13 0.01 -5.94 135.17 90.10 
49.97 -0.15 -0.14 0.70 0.73 -0.86 -0.86 0.05 -0.09 -0.02 -8.17 132.28 89.86 
50.08 -0.15 -0.16 0.75 0.73 -0.91 -0.91 0.07 -0.05 -0.03 -9.35 131.94 89.61 
50.18 -0.13 -0.15 0.73 0.74 -0.89 -0.95 0.03 -0.09 0.03 -8.36 132.51 90.41 
50.28 -0.11 -0.12 0.71 0.73 -0.91 -0.91 -0.01 -0.00 0.04 -6.77 132.25 90.49 
50.38 -0.23 -0.13 0.64 0.69 -0.87 -0.89 -0.00 -0.05 -0.00 -6.44 129.88 90.12 
50.49 -0.17 -0.15 0.72 0.70 -0.87 -0.87 -0.01 -0.11 -0.04 -8.75 130.17 89.54 
50.59 -0.18 -0.16 0.71 0.71 -0.90 -0.90 0.05 -0.08 -0.00 -8.95 130.53 89.98 
50.72 -0.15 -0.16 0.71 0.71 -0.92 -0.90 0.05 -0.15 -0.00 -9.04 130.52 89.94 
50.85 -0.16 -0.16 0.71 0.71 -0.94 -0.92 -0.02 -0.05 0.00 -9.03 130.53 90.05 
50.98 -0.13 -0.15 0.67 0.70 -0.95 -0.94 0.02 -0.19 -0.01 -8.79 130.21 89.92 
51.11 -0.11 -0.15 0.63 0.69 -1.00 -0.96 0.01 -0.57 0.00 -8.40 129.59 90.01 
51.22 -0.11 -0.14 0.55 0.65 -1.09 -1.13 0.08 -0.69 0.04 -8.13 128.34 90.48 
51.32 -0.14 -0.15 0.38 0.50 -0.89 -0.92 0.00 -0.69 -0.03 -8.47 119.71 89.94 
51.42 -0.12 -0.13 0.44 0.44 -0.94 -0.94 0.06 -1.18 -0.04 -7.38 115.42 89.57 
51.53 -0.16 -0.13 0.21 0.34 -0.85 -0.89 0.15 -1.11 0.03 -7.42 110.51 90.23 
51.63 -0.10 -0.12 0.14 0.25 -0.92 -0.96 0.04 -0.63 0.01 -6.80 105.14 90.22 
51.73 -0.11 -0.10 0.12 0.19 -0.94 -0.97 0.11 -0.39 -0.04 -5.50 101.39 89.46 
51.84 -0.07 -0.06 0.14 0.16 -1.04 -1.05 0.04 -0.01 0.11 -3.54 99.34 91.08 
51.94 -0.09 -0.07 0.12 0.14 -0.87 -0.88 -0.06 0.10 0.14 -4.08 97.94 91.66 
52.04 -0.09 -0.09 0.12 0.11 -0.77 -0.78 -0.02 0.04 0.01 -5.41 96.49 90.35 
52.14 -0.15 -0.10 0.10 0.12 -0.80 -0.82 0.11 -0.16 -0.02 -5.61 96.60 89.80 
52.25 -0.06 -0.08 0.11 0.11 -0.80 -0.80 0.03 0.14 0.03 -4.82 96.06 90.36 
52.35 -0.10 -0.09 0.11 0.11 -0.77 -0.77 0.02 0.04 -0.04 -4.86 96.20 89.67 
52.46 -0.07 -0.08 0.13 0.13 -0.81 -0.81 0.03 -0.10 -0.05 -4.80 97.29 89.42 
52.56 -0.07 -0.07 0.15 0.14 -0.85 -0.85 0.01 0.07 0.02 -4.31 97.87 90.19 
52.66 -0.08 -0.09 0.12 0.12 -0.79 -0.79 0.04 0.00 0.04 -4.99 97.11 90.45 
52.77 -0.08 -0.08 0.14 0.12 -0.77 -0.77 0.02 0.09 -0.02 -4.86 96.82 89.82 
52.87 -0.15 -0.08 0.12 0.13 -0.80 -0.83 -0.01 -0.08 -0.03 -4.33 97.26 89.60 
52.97 -0.08 -0.08 0.14 0.13 -0.79 -0.78 0.05 0.09 0.04 -4.41 97.58 90.50 
53.07 -0.09 -0.07 0.13 0.13 -0.77 -0.77 0.04 -0.14 0.01 -4.12 97.42 90.22 
53.18 -0.03 -0.07 0.13 0.13 -0.78 -0.77 0.06 -0.06 -0.03 -4.34 97.27 89.67 
53.28 -0.05 -0.06 0.14 0.13 -0.82 -0.81 0.01 0.04 -0.00 -3.65 97.65 89.95 
53.38 -0.06 -0.07 0.14 0.14 -0.80 -0.80 -0.01 0.06 0.02 -3.83 97.79 90.23 
53.49 -0.07 -0.06 0.14 0.14 -0.82 -0.82 -0.04 0.08 0.03 -3.56 97.97 90.41 
53.59 -0.07 -0.07 0.13 0.13 -0.79 -0.79 0.03 0.02 0.04 -3.91 97.80 90.57 
53.70 -0.05 -0.06 0.14 0.13 -0.79 -0.79 0.02 0.01 0.04 -3.56 97.65 90.45 
53.80 -0.12 -0.06 0.08 0.10 -0.76 -0.76 -0.13 -0.23 0.09 -2.98 96.12 91.14 
53.90 -0.05 -0.07 0.15 0.12 -0.81 -0.79 -0.19 0.05 0.06 -4.19 96.59 90.74 
54.00 -0.13 -0.11 0.11 0.12 -0.80 -0.81 -0.11 -0.13 0.03 -6.39 96.93 90.43 
54.11 -0.12 -0.12 0.13 0.13 -0.85 -0.85 0.07 -0.09 0.03 -6.56 97.19 90.33 
54.21 -0.13 -0.09 0.14 0.12 -0.90 -0.91 0.03 -0.15 0.03 -5.25 97.13 90.35 
54.31 -0.11 -0.11 0.06 0.09 -0.79 -0.80 0.13 -0.12 0.07 -5.97 95.56 90.69 
54.42 -0.05 -0.09 0.08 0.08 -0.76 -0.74 0.10 0.11 0.09 -5.85 94.73 91.18 
54.52 -0.11 -0.09 0.09 0.09 -0.73 -0.76 0.01 -0.02 -0.02 -5.18 94.88 89.80 
54.62 -0.07 -0.09 0.10 0.08 -0.75 -0.73 0.07 0.03 -0.02 -5.34 94.72 89.75 
54.72 -0.07 -0.08 0.09 0.09 -0.74 -0.74 0.05 0.04 0.07 -4.39 94.91 90.82 
54.83 -0.08 -0.08 0.07 0.07 -0.71 -0.71 0.06 -0.13 0.02 -4.50 94.22 90.37 
54.93 -0.05 -0.06 0.10 0.09 -0.81 -0.81 0.03 -0.35 0.08 -3.44 95.44 90.96 
55.04 -0.05 -0.06 -0.00 0.06 -0.94 -0.81 0.14 -1.39 0.13 -3.63 93.76 91.43 
55.14 -0.09 -0.09 -0.15 -0.09 -0.63 -0.65 0.27 -0.99 0.10 -5.07 84.89 91.18 
55.24 -0.03 -0.05 -0.27 -0.20 -0.72 -0.73 -0.03 -1.15 -0.00 -3.21 79.22 90.12 
55.34 -0.12 -0.08 -0.31 -0.31 -0.74 -0.77 -0.32 -1.21 -0.05 -4.09 72.49 89.35 
55.45 -0.18 -0.09 -0.55 -0.43 -0.97 -1.12 -0.28 -1.10 -0.00 -4.52 66.39 90.06 
55.55 0.01 -0.08 -0.84 -0.64 -0.90 -0.79 0.00 0.13 0.07 -5.48 55.61 90.67 
55.65 -0.09 -0.09 -0.57 -0.62 -0.78 -0.77 0.17 0.93 0.23 -4.84 53.93 92.61 
55.76 -0.09 -0.11 -0.43 -0.49 -0.53 -0.52 0.36 1.96 0.36 -6.49 61.34 93.97 
55.86 -0.06 -0.11 -0.06 -0.22 -0.39 -0.34 0.27 2.34 0.25 -6.60 75.73 93.43 
55.97 -0.11 -0.12 0.25 0.00 -0.37 -0.35 0.19 1.92 -0.32 -7.19 87.72 86.80 
56.07 -0.11 -0.11 0.31 0.24 -0.42 -0.44 0.23 1.70 -0.65 -6.37 102.73 82.17 
56.17 0.13 -0.06 0.65 0.44 -0.59 -0.50 0.17 1.53 -0.41 -3.63 115.34 85.13 
56.27 0.06 -0.03 0.70 0.59 -0.75 -0.78 -0.09 1.54 -0.16 -1.97 123.53 88.10 
56.37 -0.11 -0.06 0.69 0.69 -0.79 -0.80 -0.09 1.14 0.12 -3.39 129.61 91.43 
56.47 -0.07 -0.08 0.74 0.74 -0.72 -0.72 -0.13 0.57 0.07 -4.33 132.15 91.14 
56.58 -0.05 -0.09 0.80 0.74 -0.70 -0.69 -0.05 0.23 -0.04 -5.52 131.96 89.60 
56.68 -0.06 -0.09 0.87 0.78 -0.72 -0.70 0.05 -0.14 -0.06 -5.21 133.49 89.30 
56.79 -0.01 -0.08 0.84 0.81 -0.79 -0.77 0.10 -0.17 -0.04 -5.65 135.86 89.39 
56.89 -0.06 -0.07 0.81 0.83 -0.86 -0.86 0.11 -0.15 -0.04 -3.82 137.61 89.53 
56.99 -0.05 -0.06 0.80 0.82 -0.87 -0.88 0.01 -0.17 -0.09 -3.65 136.80 88.93 
57.10 -0.07 -0.08 0.78 0.80 -0.87 -0.87 0.01 -0.05 -0.04 -4.46 136.13 89.64 
57.20 -0.13 -0.10 0.72 0.77 -0.82 -0.84 0.05 -0.58 -0.12 -5.44 134.62 88.90 
57.30 -0.11 -0.11 0.65 0.70 -0.87 -0.83 0.06 -0.71 -0.33 -6.50 130.01 86.06 
57.40 -0.05 -0.07 0.66 0.66 -0.97 -0.97 0.18 -0.25 -0.14 -4.36 127.91 87.71 
57.51 -0.02 -0.05 0.60 0.64 -0.97 -0.98 0.09 0.05 0.18 -3.47 126.95 91.93 
57.61 -0.07 -0.07 0.60 0.62 -0.87 -0.88 0.03 0.09 0.08 -4.04 125.47 91.00 
57.71 -0.09 -0.07 0.64 0.62 -0.84 -0.84 0.07 -0.12 0.01 -4.22 125.79 90.09 
57.81 -0.10 -0.09 0.64 0.62 -0.80 -0.80 0.01 0.11 -0.02 -4.92 125.55 89.70 
57.91 -0.06 -0.06 0.60 0.61 -0.84 -0.84 0.04 -0.08 0.02 -3.34 124.98 90.23 
58.02 -0.06 -0.04 0.63 0.61 -0.84 -0.85 0.06 -0.06 -0.06 -2.44 124.83 89.35 
58.12 -0.04 -0.07 0.64 0.64 -0.87 -0.87 0.06 0.14 -0.01 -4.08 126.35 89.91 
58.22 0.01 -0.06 0.65 0.64 -0.85 -0.83 0.06 0.18 0.14 -4.43 126.75 91.61 
58.33 -0.03 -0.04 0.66 0.65 -0.85 -0.85 -0.02 -0.01 0.14 -2.55 127.42 91.71 
58.43 -0.01 -0.02 0.61 0.63 -0.80 -0.80 0.16 -0.09 0.18 -1.18 126.30 92.17 
58.53 0.06 -0.00 0.69 0.64 -0.80 -0.78 -0.03 -0.08 -0.12 -0.60 125.91 89.07 
58.63 -0.08 -0.04 0.61 0.62 -0.74 -0.75 0.06 0.04 -0.07 -1.67 125.87 89.18 
58.74 0.00 -0.01 0.66 0.64 -0.83 -0.82 0.05 -0.08 -0.03 -0.73 126.44 89.59 
58.84 -0.06 -0.01 0.62 0.64 -0.84 -0.85 0.03 -0.08 0.03 -0.78 126.42 90.41 
58.94 0.04 0.01 0.67 0.65 -0.86 -0.85 0.04 -0.06 -0.01 0.50 126.99 89.96 
59.04 -0.00 -0.01 0.65 0.64 -0.85 -0.84 -0.02 -0.09 0.00 -0.68 126.89 90.03 
59.15 0.04 0.00 0.64 0.62 -0.82 -0.81 0.03 -0.41 0.16 -0.34 125.54 91.79 
59.25 0.01 0.03 0.59 0.60 -0.86 -0.83 0.09 -0.77 0.19 1.63 124.80 92.46 
59.35 0.02 0.03 0.48 0.54 -0.81 -0.83 0.02 -0.96 0.26 1.55 121.08 93.15 
59.45 0.05 -0.00 0.44 0.47 -0.77 -0.76 0.13 -0.73 0.24 -0.48 117.38 92.98 
59.56 0.17 0.04 0.26 0.36 -0.72 -0.70 0.25 -0.73 0.24 0.74 111.85 92.76 
59.66 0.07 0.06 0.24 0.28 -0.67 -0.68 0.30 -0.97 0.49 3.18 106.21 95.83 
59.76 0.09 0.07 0.16 0.19 -0.52 -0.52 0.03 -0.15 0.48 3.87 101.06 95.79 
59.86 0.08 0.07 0.08 0.14 -0.49 -0.49 -0.07 -0.78 0.29 3.80 98.16 93.43 
59.96 0.13 0.08 0.08 0.09 -0.53 -0.51 0.07 0.04 0.25 4.34 95.35 92.85 
60.07 0.10 0.10 0.10 0.08 -0.51 -0.50 0.07 0.08 0.25 5.41 94.27 93.09 
60.17 0.11 0.09 0.02 0.06 -0.41 -0.40 0.08 -0.05 0.17 5.06 93.72 92.14 
60.28 0.18 0.11 0.03 0.03 -0.46 -0.44 -0.03 0.09 0.11 5.78 91.64 91.38 
60.38 0.08 0.12 0.05 0.04 -0.46 -0.47 -0.09 -0.15 -0.11 6.97 92.29 88.72 
60.48 0.12 0.10 0.07 0.06 -0.53 -0.46 -0.12 -0.23 -0.13 5.81 93.19 88.39 
60.59 0.09 0.08 0.09 0.07 -0.48 -0.47 -0.02 -0.23 0.11 4.34 93.99 90.75 
60.69 0.09 0.08 -0.05 0.02 -0.47 -0.48 0.15 -0.35 0.36 4.20 91.59 94.21 
60.79 0.09 0.13 -0.05 -0.02 -0.55 -0.57 -0.01 0.16 0.46 7.73 88.90 95.48 
60.90 0.10 0.10 0.00 0.01 -0.52 -0.52 -0.23 -0.43 0.28 5.65 90.58 93.35 
61.00 0.07 0.09 0.03 0.02 -0.68 -0.58 -0.10 -0.05 0.15 5.35 91.20 91.46 
61.10 0.09 0.08 0.01 0.06 -0.65 -0.65 0.01 0.21 0.43 4.62 93.76 95.17 
61.21 0.07 0.09 0.04 0.05 -0.56 -0.57 0.05 0.51 0.26 5.34 92.73 93.60 
61.31 0.04 0.05 0.07 0.07 -0.41 -0.41 -0.02 -0.05 0.17 2.80 93.90 92.18 
61.41 0.02 0.02 0.07 0.09 -0.31 -0.31 -0.13 -0.25 0.10 0.81 95.17 91.11 
61.52 0.03 0.03 0.07 0.08 -0.44 -0.42 -0.26 -0.00 0.05 1.46 94.92 90.62 
61.62 0.15 0.35 0.29 -0.11 -0.94 -0.92 0.12 -0.06 0.07 22.00 79.64 90.53 
61.72 0.75 0.36 0.15 0.02 -1.14 -1.04 0.22 -0.06 0.16 16.89 90.10 91.92 
61.82 -0.05 0.11 0.02 0.04 -0.61 -0.69 -0.14 -0.09 0.17 6.57 92.29 92.05 
61.93 0.08 0.34 0.06 -0.07 -1.00 -1.02 0.10 -0.33 0.03 19.50 86.10 90.33 
62.03 0.01 0.13 0.05 0.02 -0.59 -0.74 0.24 0.45 -0.01 8.86 90.49 89.97 
62.13 -0.08 0.10 0.09 0.06 -0.50 -0.58 0.05 0.04 0.02 5.58 93.24 90.20 
62.23 0.03 0.07 0.09 0.06 -0.40 -0.46 0.04 0.01 -0.03 4.69 93.30 89.83 
62.34 0.08 0.07 0.09 0.06 -0.38 -0.37 0.03 -0.02 -0.20 3.96 93.18 87.68 
62.44 0.06 0.06 0.09 0.08 -0.38 -0.39 0.01 -0.01 -0.01 3.64 94.45 89.52 
62.54 0.07 0.07 0.07 0.07 -0.41 -0.41 0.00 0.01 0.00 3.94 94.26 90.04 
62.64 0.07 0.07 0.07 0.07 -0.41 -0.41 0.01 0.00 0.00 3.82 93.97 90.03 
62.75 0.10 0.07 0.07 0.06 -0.41 -0.38 0.00 0.00 0.00 3.59 93.66 90.01 
62.85 0.06 0.07 0.09 0.08 -0.33 -0.33 0.00 -0.03 0.01 3.76 94.55 90.05 
62.96 0.07 0.06 0.08 0.06 -0.37 -0.36 -0.00 -0.02 0.00 3.22 93.33 90.06 
63.06 0.04 0.07 0.05 0.07 -0.42 -0.44 0.01 -0.02 0.00 4.34 94.43 90.05 
63.16 -0.00 0.11 0.08 0.06 -0.55 -0.60 0.02 0.03 0.00 7.31 92.95 90.07 
63.27 0.06 0.09 0.06 0.06 -0.45 -0.46 0.01 0.00 0.00 5.58 93.68 90.04 
63.37 0.07 0.07 0.07 0.07 -0.41 -0.41 0.02 -0.00 0.00 3.97 93.91 90.04 
63.47 0.06 0.06 0.07 0.07 -0.37 -0.36 0.01 -0.02 0.00 3.45 93.98 90.03 
63.57 0.07 0.07 0.07 0.07 -0.39 -0.39 0.02 -0.02 0.00 3.73 94.08 90.02 
63.67 0.07 0.07 0.07 0.07 -0.40 -0.40 0.01 -0.01 0.00 3.77 94.00 90.05 
63.77 0.07 0.07 0.08 0.07 -0.40 -0.39 0.01 -0.01 0.00 3.69 94.06 90.05 
63.88 0.07 0.07 0.11 0.08 -0.45 -0.45 0.02 0.01 0.00 4.29 94.34 90.03 
63.98 0.06 0.06 0.07 0.07 -0.20 -0.36 0.01 -0.02 0.00 3.59 94.05 90.03 
64.08 0.07 0.06 0.08 0.07 -0.37 -0.36 0.01 -0.02 0.01 3.44 94.22 90.06 
64.18 0.07 0.07 0.08 0.07 -0.39 -0.39 0.01 -0.01 0.00 3.77 94.10 90.05 
64.29 0.07 0.07 0.07 0.07 -0.39 -0.39 0.01 -0.00 0.00 3.87 94.08 90.07 
64.39 0.02 0.06 0.09 0.07 -0.38 -0.40 0.01 -0.00 0.00 4.05 93.70 90.03 
64.49 0.05 0.07 0.07 0.07 -0.43 -0.43 0.01 -0.00 0.00 4.46 93.87 90.02 
64.60 0.07 0.07 0.07 0.07 -0.39 -0.39 0.01 -0.01 0.00 4.06 93.77 90.02 
64.70 0.05 0.07 0.07 0.07 -0.38 -0.39 0.02 0.01 0.00 4.21 94.07 90.06 
64.80 -0.04 0.04 0.07 0.07 -0.28 -0.32 0.01 0.01 0.00 2.94 93.76 90.07 
64.90 0.07 0.06 0.07 0.07 -0.36 -0.35 0.01 -0.00 0.00 3.25 93.93 90.04 
65.01 0.07 0.06 0.07 0.07 -0.39 -0.38 0.01 -0.00 0.00 3.53 94.03 90.02 
65.11 0.08 0.07 0.09 0.07 -0.41 -0.40 0.01 0.00 0.00 3.95 94.06 90.03 
65.21 0.07 0.07 0.06 0.07 -0.40 -0.43 0.01 -0.01 0.00 4.18 94.09 90.02 
65.32 0.09 0.07 0.07 0.07 -0.42 -0.42 0.01 -0.00 0.00 4.16 94.19 90.03 
65.42 0.06 0.07 0.07 0.07 -0.41 -0.42 0.01 -0.01 0.00 3.98 94.16 90.04 
65.52 0.07 0.07 0.08 0.07 -0.40 -0.39 0.01 -0.01 0.00 3.80 94.20 90.03 
65.63 0.06 0.07 0.07 0.07 -0.41 -0.41 0.01 -0.01 0.00 3.80 94.22 90.04 
65.73 0.07 0.06 0.06 0.07 -0.35 -0.38 0.01 -0.01 0.00 3.56 94.21 90.02 
65.83 0.06 0.06 0.08 0.07 -0.40 -0.40 0.01 -0.01 0.00 3.72 94.17 90.02 
65.94 0.07 0.07 0.07 0.07 -0.39 -0.39 0.01 -0.01 0.00 3.79 94.10 90.07 
66.04 0.05 0.06 0.09 0.07 -0.39 -0.39 0.01 -0.02 0.00 3.41 94.06 90.05 
66.14 0.06 0.07 0.07 0.07 -0.40 -0.40 0.02 -0.02 0.00 3.78 94.09 90.02 
66.24 0.07 0.07 0.07 0.07 -0.20 -0.36 0.01 -0.02 0.00 3.75 94.04 90.05 
66.34 0.06 0.06 0.05 0.07 -0.40 -0.40 0.01 -0.00 0.00 3.58 93.83 90.02 
66.44 0.07 0.07 0.07 0.07 -0.39 -0.41 0.01 -0.01 0.00 3.89 93.99 90.02 
66.55 0.06 0.06 0.06 0.07 -0.37 -0.37 0.02 -0.01 0.00 3.54 94.04 90.03 
66.65 0.07 0.06 0.07 0.07 -0.39 -0.39 0.01 -0.01 0.00 3.66 94.05 90.03 
66.75 0.07 0.07 0.07 0.07 -0.40 -0.39 0.01 -0.01 0.00 3.88 94.09 90.01 
66.86 0.05 0.06 0.06 0.07 -0.36 -0.37 0.02 -0.01 0.00 3.49 93.85 90.06 
66.96 0.06 0.07 0.07 0.07 -0.40 -0.40 0.02 -0.00 0.00 3.96 93.86 90.02 
67.06 0.04 0.06 0.08 0.07 -0.40 -0.41 0.01 -0.01 0.00 3.95 94.02 90.02 
67.16 0.06 0.06 0.08 0.07 -0.38 -0.38 0.02 -0.01 0.00 3.62 94.06 90.04 
67.27 0.07 0.06 0.07 0.07 -0.40 -0.40 0.01 -0.01 0.00 3.63 93.99 90.02 
67.37 0.05 0.07 0.03 0.07 -0.40 -0.42 0.01 -0.01 0.00 4.14 94.23 90.03 
67.47 0.06 0.07 0.07 0.07 -0.37 -0.39 0.01 -0.01 0.00 3.82 93.93 90.02 
67.58 0.07 0.07 0.05 0.07 -0.39 -0.40 0.02 -0.00 0.00 3.98 93.97 90.02 
67.68 0.07 0.07 0.08 0.07 -0.43 -0.43 0.01 -0.01 0.00 4.28 94.06 90.00 
67.78 0.06 0.07 0.07 0.07 -0.41 -0.41 0.01 -0.02 0.00 4.00 94.05 90.04 
67.89 0.06 0.07 0.07 0.07 -0.41 -0.41 0.02 -0.01 0.00 3.92 94.11 90.04 
67.99 0.05 0.06 0.07 0.07 -0.38 -0.38 0.01 0.01 0.00 3.74 94.14 90.02 
68.10 0.07 0.07 0.05 0.07 -0.41 -0.41 -0.00 -0.03 0.01 3.90 94.19 90.05 
68.20 0.05 0.06 0.05 0.07 -0.37 -0.38 -0.03 -0.02 0.06 3.58 94.16 90.82 
68.30 0.05 0.06 0.08 0.07 -0.39 -0.39 -0.01 -0.03 0.07 3.63 93.68 90.80 
68.41 0.08 0.06 0.07 0.07 -0.41 -0.40 -0.05 -0.05 0.06 3.44 93.90 90.67 
68.51 0.07 0.05 0.04 0.06 -0.40 -0.34 -0.08 -0.16 0.05 2.67 93.92 90.63 
68.62 0.05 0.04 0.03 0.04 -0.40 -0.39 -0.04 -0.26 0.07 2.30 92.69 90.78 
68.72 0.02 0.03 -0.01 0.02 -0.32 -0.33 0.04 -0.42 0.10 1.96 91.43 91.22 
68.83 0.07 0.04 -0.09 -0.04 -0.38 -0.37 0.02 -0.52 -0.03 2.11 88.48 89.75 
68.93 0.03 0.04 -0.07 -0.07 -0.39 -0.40 -0.04 -0.17 0.02 2.60 85.87 90.15 
69.03 0.03 0.04 -0.07 -0.09 -0.29 -0.33 0.14 -0.29 0.13 2.03 84.46 91.40 
69.14 0.04 0.03 -0.12 -0.12 -0.21 -0.21 0.32 -0.40 0.20 1.68 82.84 92.40 
69.24 0.11 0.06 -0.16 -0.16 -0.03 -0.12 0.26 -0.76 0.26 3.67 80.99 93.15 
69.34 0.12 0.08 -0.40 -0.26 -0.18 -0.12 0.27 -0.78 0.29 4.23 76.60 93.49 
69.44 0.10 0.09 -0.43 -0.34 0.17 0.22 0.19 -0.84 0.40 5.39 71.25 94.71 
69.55 0.05 0.09 -0.51 -0.46 0.14 0.12 0.08 -0.69 0.39 5.35 63.84 94.85 
69.65 0.03 0.06 -0.61 -0.51 0.49 0.53 -0.03 -0.60 0.28 3.70 61.48 93.47 
69.75 0.06 0.06 -0.57 -0.56 0.51 0.52 -0.08 -0.51 0.26 3.26 58.11 93.11 
69.86 0.08 0.05 -0.64 -0.61 0.50 0.56 0.01 -0.53 0.26 2.54 55.61 93.00 
69.96 0.03 0.04 -0.69 -0.67 0.48 0.49 0.01 -0.39 0.27 2.12 51.52 93.25 
70.06 -0.10 0.01 -0.84 -0.77 0.30 0.25 -0.07 -0.26 0.19 1.77 46.62 92.39 
70.16 -0.02 -0.02 -0.87 -0.79 0.39 0.46 -0.14 -0.38 0.18 -1.15 45.52 92.18 
70.27 -0.05 -0.05 -0.79 -0.81 0.54 0.48 -0.13 -0.30 0.17 -2.52 43.43 92.11 
70.37 -0.09 -0.11 -0.86 -0.84 0.75 0.77 0.01 -0.14 0.08 -6.51 42.15 91.09 
70.48 -0.13 -0.11 -0.91 -0.85 0.69 0.75 0.09 -0.22 0.01 -6.23 41.93 90.14 
70.58 -0.09 -0.10 -0.88 -0.87 0.59 0.61 0.02 0.00 0.00 -5.89 40.03 89.97 
70.68 -0.10 -0.09 -0.89 -0.84 0.71 0.78 0.03 -0.32 0.06 -5.04 41.86 90.71 
70.78 -0.13 -0.11 -0.95 -0.87 0.69 0.77 0.06 -0.26 0.07 -6.51 40.04 90.86 
70.89 -0.15 -0.13 -0.93 -0.90 0.70 0.70 0.06 -0.07 0.03 -7.16 38.42 90.37 
70.99 -0.12 -0.12 -0.91 -0.92 0.55 0.54 0.01 0.08 -0.03 -7.02 37.17 89.73 
71.09 -0.10 -0.12 -0.88 -0.89 0.72 0.71 -0.02 0.08 -0.01 -6.75 38.97 89.84 
71.19 -0.16 -0.11 -0.92 -0.89 0.55 0.54 0.03 0.16 0.00 -5.82 39.04 90.10 
71.30 -0.07 -0.11 -0.89 -0.88 0.52 0.56 0.10 0.18 -0.03 -6.47 39.39 89.55 
71.40 -0.06 -0.08 -0.90 -0.89 0.33 0.35 0.14 0.77 -0.02 -4.66 38.99 89.71 
71.50 -0.05 -0.06 -0.88 -0.86 0.20 0.22 0.20 1.25 0.06 -3.24 40.89 90.72 
71.61 0.01 -0.01 -0.54 -0.69 0.10 0.08 0.25 2.27 0.17 -0.85 49.14 92.11 
71.71 -0.09 -0.02 -0.17 -0.39 0.35 0.22 -0.13 0.39 -0.20 -0.38 65.25 88.02 
71.81 -0.05 0.00 -0.22 -0.34 0.10 -0.01 -0.32 0.64 -0.30 0.54 69.62 86.18 
71.92 -0.01 -0.04 -0.24 -0.23 0.29 0.34 -0.07 0.05 -0.18 -2.75 76.60 87.82 
72.02 -0.01 -0.04 -0.23 -0.24 0.18 0.21 0.02 0.36 0.01 -2.55 75.94 89.95 
72.12 -0.04 -0.04 -0.23 -0.23 0.12 0.12 0.13 0.36 0.06 -2.41 76.71 90.69 
72.23 -0.10 -0.06 -0.18 -0.20 0.28 0.24 0.17 0.44 -0.00 -3.00 78.07 90.01 
72.33 0.00 -0.03 -0.13 -0.17 0.23 0.24 0.14 0.38 -0.02 -2.15 80.13 89.77 
72.43 0.00 -0.01 -0.07 -0.11 0.14 0.13 0.03 0.21 -0.09 -0.57 83.03 88.96 
72.54 0.02 -0.00 -0.13 -0.10 0.28 0.14 -0.00 0.23 -0.10 -0.55 84.62 88.93 
72.64 -0.02 -0.01 -0.08 -0.06 0.14 0.14 0.13 0.34 -0.07 -0.32 86.56 89.07 
72.75 -0.01 0.00 -0.02 -0.02 0.09 0.08 0.17 0.28 -0.11 0.36 88.79 88.79 
72.85 0.13 0.03 0.05 0.00 0.05 0.12 0.05 0.19 -0.17 0.45 89.58 88.03 
72.95 0.02 0.02 0.11 0.04 0.21 0.20 -0.02 0.51 -0.24 0.93 91.86 87.08 
73.05 0.13 0.04 0.08 0.09 -0.18 -0.01 -0.01 0.59 -0.23 1.42 95.11 87.30 
73.16 0.05 0.04 0.22 0.16 -0.14 -0.13 0.01 0.60 -0.24 2.11 98.78 87.24 
73.26 0.09 0.04 0.32 0.23 -0.26 -0.23 0.07 0.63 -0.22 1.85 102.29 87.43 
73.36 0.05 0.04 0.37 0.30 -0.16 -0.16 0.18 0.66 -0.27 1.90 106.53 86.72 
73.47 0.05 0.03 0.43 0.36 -0.19 -0.18 0.21 0.73 -0.31 1.67 109.82 86.28 
73.57 0.07 0.06 0.51 0.44 -0.30 -0.29 0.12 0.46 -0.24 3.64 114.75 87.19 
73.70 0.05 0.06 0.48 0.45 -0.34 -0.30 -0.03 0.18 -0.10 3.60 115.76 88.74 
73.83 0.05 0.06 0.51 0.46 -0.36 -0.34 0.06 0.33 -0.00 3.48 116.26 89.99 
73.99 0.03 0.06 0.51 0.47 -0.34 -0.35 -0.09 0.14 -0.13 3.21 116.70 88.39 
74.12 0.01 0.05 0.53 0.47 -0.38 -0.35 0.05 0.15 -0.27 2.84 117.21 86.76 
74.22 -0.02 0.03 0.60 0.51 -0.36 -0.42 0.15 0.11 -0.31 2.26 118.07 86.22 
74.33 0.22 0.05 0.69 0.59 -0.50 -0.43 0.32 0.12 -0.27 1.10 123.15 86.73 
74.43 0.01 0.03 0.60 0.58 -0.41 -0.42 0.46 0.16 -0.33 1.44 123.37 85.99 
74.53 0.10 0.08 0.74 0.64 -0.52 -0.50 0.43 0.18 -0.25 4.32 125.93 86.61 
74.64 0.09 0.09 0.67 0.67 -0.51 -0.51 0.02 0.09 0.18 5.14 128.26 92.00 
74.74 0.02 0.04 0.53 0.60 -0.32 -0.36 0.01 0.01 0.05 2.25 124.90 91.16 
74.84 0.19 0.08 0.62 0.60 -0.42 -0.39 0.07 -0.13 -0.20 3.55 124.49 87.73 
74.94 0.09 0.10 0.61 0.63 -0.57 -0.57 -0.11 -0.61 -0.16 5.93 126.12 87.87 
75.05 0.04 0.08 0.44 0.52 -0.49 -0.51 -0.11 -1.42 0.08 4.76 120.89 90.80 
75.15 0.04 0.04 0.33 0.41 -0.53 -0.55 0.05 -2.06 0.18 2.13 113.27 92.11 
75.25 0.14 0.05 0.23 0.26 -0.56 -0.52 0.16 -1.73 0.14 2.25 105.42 91.61 
75.35 0.04 0.06 -0.02 0.12 -0.68 -0.87 0.22 -1.96 0.37 3.37 98.58 93.95 
75.46 0.13 0.14 -0.19 -0.08 -1.99 -1.18 0.30 -1.75 0.70 8.13 86.88 97.95 
75.56 -0.27 0.04 -0.86 -0.33 -0.03 -1.22 0.33 -1.51 0.91 5.57 76.28 100.33 
75.66 0.24 0.06 -0.59 -0.50 0.09 0.42 0.13 -0.76 0.93 1.77 62.27 101.42 
75.77 -0.02 0.05 -1.10 -0.76 -0.17 -0.21 -0.12 -1.36 0.69 3.54 49.87 98.92 
75.87 -1.06 -0.16 -1.38 -1.00 0.22 -0.15 -0.36 -1.29 0.32 -0.14 36.49 94.03 
75.97 -0.29 -0.20 -1.02 -0.98 0.18 0.26 -0.25 -0.71 0.29 -10.30 34.16 93.54 
76.07 -0.38 -0.29 -0.93 -0.96 0.51 0.43 -0.11 -0.07 0.21 -16.72 35.16 92.52 
76.18 -0.27 -0.29 -0.80 -0.92 0.63 0.55 0.18 0.39 -0.00 -17.02 36.31 90.15 
76.28 -0.21 -0.26 -0.90 -0.92 0.51 0.52 0.13 0.29 -0.06 -15.25 37.12 89.25 
76.38 -0.20 -0.23 -0.86 -0.89 0.52 0.52 0.08 0.01 -0.02 -13.43 38.71 89.55 
76.49 -0.24 -0.21 -0.83 -0.87 0.65 0.58 0.04 -0.29 0.06 -11.98 40.44 90.72 
76.59 -0.21 -0.22 -1.01 -0.89 0.41 0.62 0.03 -0.47 0.03 -12.85 39.88 90.36 
76.69 -0.31 -0.26 -0.96 -0.94 0.56 0.55 0.06 -0.09 -0.03 -14.20 36.61 89.64 
76.80 -0.27 -0.24 -0.99 -0.94 0.58 0.60 0.11 -0.08 -0.01 -13.66 36.38 89.84 
76.90 -0.08 -0.20 -0.98 -0.96 0.30 0.40 -0.01 0.05 0.02 -12.74 35.16 90.31 
77.00 -0.24 -0.23 -0.93 -0.94 0.55 0.54 -0.00 -0.07 0.03 -13.01 35.88 90.22 
77.11 -0.26 -0.24 -1.04 -1.00 0.40 0.41 0.07 0.15 0.03 -13.78 32.99 90.28 
77.21 -0.21 -0.24 -0.99 -1.00 0.48 0.39 0.05 0.05 0.06 -13.71 32.48 90.73 
77.31 -0.25 -0.25 -1.00 -1.03 0.41 0.39 -0.01 0.01 0.06 -14.31 30.82 90.73 
77.41 -0.30 -0.26 -0.95 -1.03 0.44 0.36 -0.02 0.01 0.06 -14.49 30.33 90.61 
77.52 -0.29 -0.27 -1.08 -1.05 0.53 0.54 -0.02 -0.15 0.11 -15.22 30.39 91.16 
77.62 -0.26 -0.29 -1.04 -1.06 0.48 0.49 -0.03 0.04 0.09 -17.19 29.22 91.17 
77.72 -0.28 -0.31 -1.05 -1.06 0.56 0.55 0.04 0.04 0.02 -18.30 29.09 90.41 
77.83 -0.33 -0.33 -1.00 -1.04 0.67 0.64 0.06 0.16 -0.07 -18.69 29.76 89.31 
77.93 -0.29 -0.29 -1.01 -1.03 0.58 0.56 0.08 0.30 -0.03 -16.81 30.74 89.65 
78.03 -0.23 -0.26 -0.89 -0.99 0.71 0.63 0.07 0.47 0.02 -15.47 32.07 90.23 
78.13 -0.23 -0.27 -0.82 -0.94 0.68 0.61 0.12 0.90 0.00 -15.31 36.39 90.01 
78.23 -0.33 -0.26 -0.81 -0.94 0.64 0.54 0.20 1.47 -0.04 -14.37 34.76 89.43 
78.34 -0.12 -0.16 -0.59 -0.79 0.45 0.37 0.24 1.16 -0.02 -9.42 42.96 89.78 
78.44 -0.14 -0.30 -0.62 -0.89 0.40 0.40 0.08 0.88 -0.01 -18.61 36.08 89.92 
78.55 -0.05 -0.04 -0.56 -0.81 -0.13 -0.14 0.05 1.05 -0.03 -2.09 41.14 89.59 
78.65 -0.07 0.11 -0.66 -0.75 -0.49 -0.54 -0.01 0.89 -0.09 10.16 44.38 89.02 
78.76 0.19 -0.01 -0.47 -0.47 -0.29 0.04 0.00 0.37 -0.14 -2.83 63.41 88.28 
78.86 -0.01 -0.04 -0.36 -0.38 -0.02 0.00 0.27 0.58 -0.11 -2.52 68.35 88.62 
78.96 -0.03 -0.03 -0.21 -0.33 0.12 0.10 0.46 1.00 -0.10 -1.51 69.94 88.82 
79.07 0.03 0.00 -0.13 -0.26 0.14 0.13 0.49 1.27 -0.22 -0.07 74.03 87.64 
79.17 0.06 0.06 0.03 -0.10 0.10 0.08 0.25 1.68 -0.37 3.14 82.78 85.63 
79.27 0.07 0.09 0.23 0.09 -0.01 0.02 -0.05 0.76 -0.51 5.50 93.65 83.89 
79.37 -0.02 0.05 0.17 0.14 -0.06 -0.10 -0.24 0.62 -0.64 2.93 97.80 82.35 
79.48 0.09 0.03 0.31 0.22 -0.18 -0.16 0.06 1.20 -0.76 0.93 101.94 80.88 
79.58 0.10 0.04 0.43 0.38 -0.13 -0.11 0.22 0.53 -0.56 1.66 110.96 82.92 
79.68 0.19 0.08 0.55 0.47 -0.48 -0.42 0.15 0.24 -0.35 3.34 116.37 85.46 
79.79 0.05 0.06 0.52 0.50 -0.47 -0.47 -0.14 -0.05 -0.11 3.31 118.50 88.40 
79.89 0.05 0.03 0.45 0.48 -0.42 -0.42 -0.01 0.01 0.10 1.62 117.79 91.07 
80.00 0.02 0.03 0.47 0.46 -0.33 -0.40 0.14 -0.06 0.10 1.72 116.43 91.20 
80.10 0.04 0.04 0.44 0.46 -0.35 -0.35 0.02 -0.24 0.04 2.06 116.23 90.48 
80.20 0.26 0.09 0.60 0.48 -0.54 -0.44 -0.06 -0.47 -0.04 3.26 116.12 89.57 
80.30 0.07 0.05 0.37 0.42 -0.45 -0.44 -0.10 -0.48 -0.09 2.95 114.30 89.03 
80.41 0.03 0.06 0.35 0.38 -0.45 -0.47 -0.17 -0.78 -0.10 3.55 111.82 88.85 
80.51 -0.03 0.00 0.24 0.28 -0.51 -0.46 -0.17 -0.86 -0.11 0.52 106.40 88.65 
80.61 -0.12 -0.02 0.13 0.19 -0.51 -0.59 -0.15 -0.99 -0.04 0.05 101.62 89.37 
80.71 -0.02 -0.02 0.01 0.09 -0.65 -0.53 -0.10 -0.81 0.01 -1.40 95.30 90.14 
80.82 -0.07 -0.06 -0.05 -0.00 -0.43 -0.45 0.14 -0.06 0.04 -3.20 90.28 90.34 
80.92 0.06 -0.00 0.02 -0.01 -0.54 -0.49 0.30 0.46 0.19 -0.71 89.08 92.11 
81.03 0.07 0.01 0.02 0.02 -0.36 -0.42 0.40 0.50 0.31 -0.17 91.41 93.67 
81.13 0.05 0.03 0.05 0.04 -0.30 -0.29 0.39 0.32 0.26 1.82 92.34 93.27 
81.23 0.11 0.06 0.14 0.08 -0.15 -0.12 0.31 0.37 0.21 2.81 94.00 92.58 
81.34 0.14 0.09 0.13 0.10 -0.19 -0.16 0.07 -0.10 0.04 4.53 95.57 90.65 
81.44 0.12 0.10 0.13 0.11 -0.21 -0.20 -0.12 -0.14 -0.04 5.80 96.13 89.62 
81.54 0.09 0.09 0.13 0.11 -0.28 -0.26 -0.10 -0.08 -0.04 5.37 96.14 89.60 
81.65 0.07 0.08 0.13 0.12 -0.20 -0.20 -0.08 0.01 -0.00 4.35 96.87 89.95 
81.75 0.08 0.08 0.14 0.12 -0.26 -0.25 -0.04 0.05 0.08 4.47 96.89 90.87 
81.85 0.02 0.05 0.12 0.12 -0.15 -0.17 -0.07 0.03 0.14 3.47 97.03 91.72 
81.96 0.04 0.05 0.12 0.12 -0.09 -0.10 -0.01 -0.07 0.10 2.94 96.55 91.15 
82.06 0.08 0.06 0.09 0.11 -0.13 -0.12 0.07 -0.28 0.15 3.52 96.24 91.81 
82.16 0.09 0.07 0.11 0.10 -0.07 -0.06 0.04 0.15 0.45 3.89 95.89 95.27 
82.27 0.14 0.11 0.16 0.11 0.09 0.11 0.04 -0.12 0.47 5.65 95.62 95.39 
82.37 0.11 0.12 0.07 0.09 -0.17 -0.18 -0.17 -0.13 0.47 6.78 95.64 95.59 
82.47 0.17 0.12 -0.01 0.04 -0.15 -0.12 -0.21 0.08 0.45 6.42 92.52 95.44 
82.58 0.19 0.05 0.13 0.01 0.04 0.10 0.10 0.45 0.08 1.33 89.04 91.43 
82.68 0.10 0.16 0.08 0.13 -0.40 -0.47 -0.05 -0.32 0.54 9.40 98.20 95.78 
82.79 -0.04 0.01 0.05 0.13 0.84 -0.04 -0.04 -0.16 0.69 1.46 97.97 98.63 
82.89 0.02 0.03 0.01 0.06 0.59 0.62 0.07 -0.42 0.30 1.75 94.25 93.85 
82.99 -0.06 0.00 0.02 0.04 0.92 0.91 0.14 -0.15 0.14 0.86 92.68 91.79 
83.09 0.05 0.05 0.04 0.04 0.92 0.92 0.28 -0.06 0.08 2.60 92.23 90.85 
83.20 0.09 0.06 0.05 0.04 0.83 0.83 0.09 0.47 0.11 3.15 91.90 91.34 
83.30 0.10 0.11 0.11 0.06 0.46 0.55 -0.00 0.78 0.01 6.15 93.08 90.28 
83.40 0.04 0.08 0.19 0.16 0.62 0.59 0.05 1.01 -0.02 4.81 98.77 89.80 
83.51 0.16 0.10 0.26 0.23 0.40 0.42 0.13 0.45 -0.02 4.89 102.69 89.79 
83.61 0.17 0.13 0.43 0.31 0.57 0.52 0.07 0.88 -0.05 7.34 106.53 89.33 
83.71 0.09 0.10 0.42 0.37 0.42 0.40 -0.09 0.61 0.08 5.88 110.94 90.96 
83.81 0.05 0.09 0.44 0.43 0.46 0.48 0.02 0.57 0.12 5.51 114.72 91.41 
83.92 0.11 0.10 0.54 0.49 0.43 0.42 0.03 0.27 0.03 5.56 117.59 90.49 
84.02 0.16 0.10 0.55 0.53 0.49 0.51 -0.10 0.07 -0.05 4.79 120.25 89.42 
84.12 0.10 0.09 0.54 0.53 0.50 0.50 -0.01 0.09 -0.06 5.02 120.35 89.25 
84.23 0.14 0.11 0.56 0.54 0.41 0.42 0.10 -0.04 0.00 5.78 121.04 90.12 
84.33 0.14 0.12 0.52 0.53 0.46 0.40 0.04 -0.38 -0.04 6.65 120.81 89.65 
84.43 0.07 0.10 0.47 0.51 0.72 0.73 0.02 -1.14 -0.05 6.15 119.41 89.40 
84.54 0.07 0.11 0.37 0.43 0.98 1.05 -0.16 -1.30 -0.06 6.67 115.11 89.29 
84.64 0.01 0.09 0.19 0.29 0.64 0.68 -0.19 -1.09 -0.10 5.72 107.57 88.77 
84.74 0.05 0.07 0.07 0.17 0.81 0.93 -0.10 -1.23 -0.11 4.06 100.66 88.71 
84.84 0.05 0.06 -0.04 0.05 0.73 0.83 0.12 -1.42 0.03 3.52 94.08 90.06 
84.95 0.06 0.03 -0.17 -0.09 1.34 1.43 0.25 -1.14 0.12 1.65 85.56 91.46 
85.05 0.02 0.07 -0.25 -0.22 1.45 1.06 0.16 -0.91 -0.00 4.33 77.84 90.04 
85.15 0.03 0.09 -0.41 -0.34 1.16 1.23 0.15 -0.82 0.03 4.87 70.64 90.35 
85.26 0.12 0.11 -0.57 -0.50 0.62 0.67 0.05 -0.05 0.01 6.54 62.00 90.24 
85.36 0.11 0.11 -0.44 -0.47 0.72 0.70 -0.05 0.66 -0.04 6.45 62.74 89.56 
85.46 0.08 0.10 -0.30 -0.38 0.68 0.63 0.04 1.09 -0.02 6.14 67.62 89.79 
85.56 0.02 0.06 -0.16 -0.25 0.65 0.87 0.26 1.37 -0.01 3.60 74.59 89.84 
85.67 0.15 0.11 0.02 -0.09 1.33 1.21 0.20 1.88 -0.03 6.28 83.66 89.67 
85.77 0.10 0.13 0.15 0.08 0.53 0.49 0.03 1.39 -0.14 7.48 93.60 88.78 
85.87 0.21 0.16 0.29 0.21 0.53 0.52 -0.01 1.08 -0.23 8.93 102.01 87.25 
85.98 0.28 0.17 0.45 0.33 0.23 0.25 -0.14 0.85 -0.18 8.49 107.80 87.54 
86.08 0.18 0.16 0.53 0.43 0.49 0.45 0.12 0.42 -0.05 9.21 113.40 89.18 
86.18 0.19 0.17 0.58 0.48 0.30 0.28 0.10 0.34 0.02 9.33 116.59 90.34 
86.28 0.12 0.15 0.52 0.52 0.26 0.39 -0.00 0.50 -0.07 8.80 119.94 89.15 
86.38 0.17 0.17 0.58 0.57 0.37 0.36 0.01 0.34 -0.06 9.80 122.81 89.28 
86.49 0.14 0.18 0.58 0.59 0.30 0.29 -0.03 -0.32 -0.03 10.85 124.22 89.56 
86.59 0.16 0.17 0.49 0.54 0.30 0.32 -0.05 -1.02 -0.09 9.63 121.20 88.98 
86.69 0.14 0.16 0.47 0.50 0.42 0.42 -0.11 -1.18 0.01 9.62 118.72 89.91 
86.79 0.14 0.15 0.32 0.40 0.41 0.45 -0.09 -1.13 0.07 8.42 112.96 90.86 
86.90 0.21 0.13 0.15 0.26 0.60 0.78 -0.12 -1.43 0.16 6.39 105.68 91.87 
87.00 0.09 0.12 0.04 0.12 0.61 0.38 -0.14 -0.89 0.18 7.42 97.86 92.09 
87.10 0.05 0.08 -0.12 0.02 0.52 0.62 -0.38 -0.07 0.21 4.54 92.80 92.55 
87.21 0.03 0.05 -0.14 -0.05 0.04 0.04 -1.20 0.54 -0.22 3.18 88.28 87.82 
87.31 -0.13 -0.08 0.22 0.09 0.28 0.19 -1.43 0.59 -0.37 -4.41 95.16 85.50 
87.41 -0.24 -0.18 0.23 0.18 -0.45 -0.50 -0.85 0.19 -0.17 -9.79 100.04 87.67 
87.51 -0.33 -0.28 0.15 0.18 -0.32 -0.13 -0.40 -0.15 0.02 -15.45 100.34 90.10 
87.62 -0.38 -0.34 0.15 0.16 -0.01 -0.05 -0.33 -0.11 0.00 -19.22 99.26 90.05 
87.72 -0.43 -0.40 0.13 0.14 -0.03 -0.07 -0.47 -0.05 -0.04 -22.45 98.07 89.63 
87.82 -0.39 -0.41 0.14 0.13 -0.12 -0.10 -0.13 0.11 -0.11 -23.81 97.45 88.68 
87.93 -0.33 -0.35 0.17 0.16 -0.41 -0.38 1.24 -0.49 0.28 -20.07 99.29 92.77 
88.03 -0.30 -0.35 0.10 0.14 1.24 0.63 2.11 -0.82 0.60 -19.82 97.83 97.17 
88.13 -0.17 -0.22 -0.00 0.06 1.14 1.18 1.89 -0.33 0.53 -13.01 94.22 96.68 
88.24 0.15 0.02 0.03 0.02 1.18 1.19 1.37 -0.22 0.23 -0.37 91.16 92.91 
88.34 0.29 0.18 -0.05 -0.02 1.09 1.13 1.15 -0.41 0.17 9.07 89.27 92.06 
88.44 0.33 0.27 -0.12 -0.07 1.22 1.25 0.91 -0.46 0.05 14.79 86.69 90.89 
88.55 0.38 0.38 -0.09 -0.10 1.21 1.19 0.72 -0.08 -0.09 21.89 84.10 89.03 
88.65 0.53 0.46 -0.08 -0.09 1.23 1.23 0.62 -0.18 -0.08 25.62 84.38 88.92 
88.75 0.57 0.53 -0.11 -0.11 1.22 1.17 0.48 -0.28 -0.05 30.33 83.45 89.37 
88.85 0.67 0.61 -0.16 -0.15 1.10 1.12 0.40 -0.37 -0.06 34.64 81.79 89.20 
88.96 0.74 0.68 -0.21 -0.18 1.00 1.04 0.09 -0.09 -0.00 38.31 79.85 89.88 
89.06 0.62 0.66 -0.18 -0.18 1.04 1.03 -0.27 0.20 -0.02 38.31 79.42 89.68 
89.16 0.58 0.62 -0.18 -0.17 0.88 0.87 -0.92 0.37 -0.10 35.62 80.06 88.91 
89.27 0.46 0.52 -0.04 -0.11 0.61 0.91 -1.32 0.51 -0.05 30.66 83.07 89.22 
89.37 0.31 0.37 0.03 -0.06 0.81 0.73 -1.64 0.54 -0.16 21.64 85.95 88.35 
89.47 0.09 0.21 0.00 -0.02 0.21 0.07 -1.72 0.35 -0.20 12.18 88.82 87.61 
89.57 -0.11 0.01 0.07 0.03 0.70 0.59 -1.69 0.51 -0.31 1.62 91.37 86.46 
89.68 -0.16 -0.12 0.13 0.10 -0.29 -0.34 -1.30 0.32 -0.35 -6.23 95.75 85.75 
89.78 -0.27 -0.23 0.13 0.13 -0.74 -0.20 -0.81 0.05 -0.26 -12.49 97.42 86.94 
89.89 -0.35 -0.32 0.14 0.13 -0.24 -0.28 -0.48 -0.14 -0.15 -17.77 97.44 88.11 
89.99 -0.39 -0.36 0.10 0.12 -0.40 -0.46 -0.23 -0.17 -0.09 -20.05 97.15 88.94 
90.09 -0.44 -0.40 0.10 0.11 -0.35 -0.40 -0.07 0.00 -0.00 -22.52 96.19 89.71 
90.19 -0.39 -0.39 0.12 0.12 -0.26 -0.26 0.20 -0.04 0.13 -22.39 96.59 91.17 
90.30 -0.37 -0.37 0.09 0.11 0.11 -0.23 0.74 -0.30 0.31 -21.11 96.53 93.42 
90.40 -0.34 -0.34 0.06 0.09 0.43 0.45 1.06 -0.29 0.34 -19.70 95.17 94.11 
90.50 -0.21 -0.25 0.03 0.06 0.80 0.84 1.08 -0.34 0.33 -14.98 93.98 93.84 
90.61 -0.11 -0.16 0.00 0.03 0.77 0.81 0.97 -0.38 0.24 -9.62 91.75 92.92 
90.71 -0.02 -0.08 -0.02 -0.01 0.90 0.93 0.55 -0.03 0.18 -5.29 89.78 92.12 
90.81 0.04 0.00 -0.01 -0.02 0.50 0.61 -0.41 -0.09 -0.08 -0.32 88.87 89.17 
90.92 -0.04 -0.02 0.01 0.02 0.91 0.90 0.37 -0.59 0.18 -1.21 90.86 92.14 
91.02 -0.02 -0.02 -0.15 -0.07 1.29 1.34 1.48 -0.58 0.21 -1.16 86.95 92.74 
91.12 0.14 0.10 -0.23 -0.15 1.09 1.15 1.61 -0.25 -0.03 5.56 82.27 89.78 
91.23 0.31 0.27 -0.15 -0.17 1.20 1.19 1.11 -0.19 -0.08 15.05 79.93 89.15 
91.33 0.54 0.41 -0.17 -0.18 1.13 1.14 0.55 -0.17 -0.07 22.06 79.59 89.08 
91.43 0.50 0.49 -0.21 -0.20 1.15 1.16 0.24 -0.06 -0.07 27.64 78.70 89.16 
91.54 0.47 0.47 -0.19 -0.17 1.26 1.24 0.30 -0.16 -0.04 26.80 80.10 89.46 
91.64 0.58 0.52 -0.21 -0.19 1.21 1.23 0.24 -0.13 -0.03 30.04 79.26 89.64 
91.74 0.55 0.55 -0.21 -0.20 1.12 1.13 -0.24 0.08 -0.03 31.34 78.36 89.64 
91.84 0.49 0.53 -0.17 -0.19 1.13 1.11 -0.63 0.19 -0.02 31.01 79.03 89.76 
91.95 0.39 0.47 -0.17 -0.17 1.03 1.01 -0.83 0.12 0.04 27.52 80.24 90.41 
92.05 0.33 0.38 -0.16 -0.17 0.66 0.95 -0.98 0.48 -0.04 22.30 80.32 89.59 
92.15 0.21 0.28 -0.07 -0.11 0.83 0.77 -1.03 0.42 -0.15 16.48 83.61 88.27 
92.25 0.09 0.18 -0.01 -0.06 0.67 0.57 -0.72 0.17 -0.16 10.97 86.35 88.01 
92.35 0.02 0.08 -0.01 -0.03 0.82 0.77 -0.48 0.09 -0.14 5.17 88.20 88.46 
92.46 -0.03 0.01 -0.06 -0.05 0.70 0.68 -0.04 0.18 -0.25 1.25 87.40 87.33 
92.56 -0.02 0.02 0.04 -0.01 0.62 0.57 0.23 0.65 -0.32 1.67 88.66 85.99 
92.66 0.07 0.07 0.06 0.03 0.37 0.36 0.15 -0.06 -0.41 3.67 91.40 84.98 
92.77 0.07 0.11 0.07 0.06 0.05 0.12 -0.17 0.29 -0.37 6.39 93.64 85.50 
92.87 0.09 0.12 0.19 0.15 -0.15 -0.17 -0.15 0.37 -0.26 7.22 98.12 86.57 
92.97 0.29 0.14 0.23 0.21 -0.32 -0.16 0.01 -0.43 -0.05 6.25 101.60 89.20 
93.08 0.08 0.11 0.01 0.11 -0.22 -0.25 -0.23 0.08 -0.10 6.34 96.36 88.79 
93.18 0.05 0.06 0.13 0.11 -0.08 -0.09 -0.33 -0.03 -0.23 3.47 96.09 87.17 
93.28 -0.12 0.11 0.29 -0.00 -0.47 -0.52 0.00 -0.12 -0.01 8.77 87.06 89.86 
93.38 -0.01 0.03 0.09 0.07 -0.09 -0.12 0.11 -0.30 0.05 1.89 93.65 90.49 
93.49 0.02 -0.00 0.10 0.03 0.05 0.05 0.30 0.09 0.17 -0.27 91.16 91.99 
93.59 0.34 0.10 0.06 -0.00 -0.34 -0.21 0.15 -0.00 0.20 3.38 89.27 92.33 
93.69 -0.05 0.04 0.07 0.03 0.09 0.04 0.14 0.12 0.28 2.88 91.11 93.75 
93.79 0.02 0.04 0.09 0.04 0.14 0.12 0.07 0.03 0.24 2.19 92.54 92.92 
93.90 0.00 0.05 0.04 0.03 0.09 0.05 0.01 0.01 0.24 3.55 91.47 92.89 
94.00 -0.01 -0.02 0.13 0.09 0.57 0.52 0.00 -0.01 0.23 -1.15 94.84 92.73 
94.10 -0.03 -0.02 0.12 0.11 0.71 0.70 0.01 0.01 0.09 -0.76 96.24 91.19 
94.21 0.06 0.04 0.08 0.08 0.27 0.29 0.01 0.00 0.00 2.16 94.84 90.07 
94.31 0.08 0.06 0.08 0.07 0.11 0.12 0.01 -0.00 0.00 3.48 94.04 90.01 
94.41 0.08 0.07 0.07 0.07 0.13 0.14 -0.00 -0.03 0.00 3.64 94.00 90.04 
94.52 0.07 0.07 0.06 0.07 0.13 0.15 0.00 -0.03 0.00 3.87 93.80 90.05 
94.62 0.06 0.07 0.04 0.07 0.12 0.12 0.00 -0.03 0.00 4.00 94.17 90.02 
94.72 0.07 0.06 0.08 0.07 0.17 0.17 0.01 -0.01 0.01 3.57 94.05 90.10 
94.82 0.05 0.06 0.09 0.07 0.16 0.15 0.01 0.01 0.00 3.66 94.11 90.02 
94.93 0.07 0.06 0.08 0.07 0.16 0.17 0.02 0.00 0.00 3.68 94.16 90.04 
95.03 0.06 0.06 0.07 0.07 0.13 0.16 0.01 -0.01 0.00 3.74 94.10 90.04 
95.14 0.06 0.06 0.09 0.07 0.20 0.20 0.01 -0.00 0.00 3.12 93.71 90.05 
95.24 0.06 0.06 0.09 0.07 0.19 0.18 0.01 -0.01 0.00 3.20 93.98 90.03 
95.34 0.07 0.06 0.07 0.07 0.15 0.15 0.01 -0.01 0.00 3.60 94.03 90.05 
95.44 0.07 0.06 0.07 0.07 0.14 0.15 0.01 -0.01 0.00 3.65 94.13 90.03 
95.55 0.06 0.06 0.06 0.07 0.13 0.15 0.01 -0.02 0.00 3.56 94.08 90.03 
95.65 0.06 0.06 0.07 0.07 0.16 0.15 0.01 -0.02 0.01 3.75 94.12 90.05 
95.75 0.06 0.06 0.08 0.07 0.15 0.15 0.01 -0.01 0.00 3.73 94.19 90.02 
95.85 0.09 0.07 0.08 0.07 0.17 0.19 0.01 -0.00 0.00 3.47 94.03 90.06 
95.95 0.05 0.07 0.07 0.07 0.13 0.12 0.01 -0.01 0.00 3.87 94.26 90.06 
96.06 0.08 0.07 0.07 0.07 0.14 0.15 0.01 -0.01 0.00 3.68 94.13 90.04 
96.16 0.06 0.06 0.07 0.07 0.13 0.13 0.01 -0.02 0.00 3.75 94.21 90.05 
96.26 0.07 0.07 0.08 0.07 0.12 0.16 0.01 -0.02 0.01 3.71 94.05 90.06 
96.36 0.06 0.06 0.07 0.07 0.16 0.16 0.01 -0.01 0.00 3.66 94.07 90.02 
96.47 0.07 0.06 0.08 0.07 0.18 0.18 0.01 -0.00 0.00 3.65 94.17 90.04 
96.57 0.07 0.06 0.08 0.07 0.13 0.13 0.01 -0.01 0.00 3.60 94.16 90.02 
96.67 0.07 0.06 0.07 0.07 0.19 0.20 0.01 -0.01 0.00 3.54 94.21 90.02 
96.77 0.06 0.06 0.08 0.07 0.18 0.18 0.01 -0.02 0.00 3.64 94.23 90.05 
96.91 0.06 0.06 0.07 0.07 0.20 0.18 0.01 -0.02 0.00 3.63 94.20 90.05 
97.04 0.07 0.06 0.08 0.07 0.16 0.19 0.01 0.00 0.00 3.69 94.27 90.02 
97.17 0.06 0.06 0.08 0.07 0.16 0.16 0.01 -0.01 0.00 3.67 94.29 90.04 
97.30 0.07 0.06 0.07 0.07 0.18 0.17 0.01 -0.01 0.00 3.71 94.21 90.02 
97.40 0.06 0.06 0.07 0.07 0.18 0.17 0.01 -0.00 0.00 3.72 94.23 90.08 
97.51 0.07 0.06 0.08 0.07 0.17 0.17 0.02 -0.01 0.00 3.60 94.14 90.00 
97.61 0.07 0.06 0.08 0.07 0.19 0.19 0.02 -0.01 0.00 3.40 94.26 90.04 
97.71 0.07 0.06 0.07 0.07 0.16 0.16 0.01 -0.01 0.00 3.55 94.11 90.05 
97.82 0.06 0.06 0.08 0.07 0.18 0.18 0.01 0.00 0.00 3.63 94.06 90.04 
97.92 0.07 0.07 0.08 0.07 0.16 0.17 0.01 0.00 0.00 3.66 94.17 90.04 
98.02 0.06 0.06 0.08 0.07 0.16 0.16 0.02 -0.01 0.00 3.63 94.26 90.05 
98.13 0.05 0.06 0.08 0.08 0.19 0.19 0.01 -0.02 0.00 3.56 94.39 90.04 
98.23 0.06 0.06 0.07 0.07 0.18 0.18 0.01 -0.02 0.00 3.51 94.10 90.06 
98.33 0.07 0.07 0.06 0.07 0.13 0.14 0.01 -0.02 0.01 3.79 93.92 90.07 
98.43 0.03 0.05 0.05 0.07 0.09 0.08 -0.00 -0.02 0.00 3.21 93.96 90.05 
98.54 0.06 0.06 0.07 0.07 0.21 0.17 0.01 0.00 0.00 3.24 94.08 90.04 
98.64 0.06 0.06 0.08 0.08 0.18 0.18 0.01 -0.01 0.00 3.46 94.30 90.05 
98.74 0.06 0.06 0.08 0.07 0.14 0.14 0.01 -0.02 0.01 3.53 94.25 90.06 
98.84 0.06 0.06 0.07 0.07 0.15 0.15 0.00 -0.02 0.00 3.60 94.16 90.05 
98.95 0.08 0.07 0.07 0.07 0.01 0.02 0.01 0.00 0.00 3.61 94.19 90.04 
99.05 0.07 0.06 0.07 0.07 0.17 0.17 0.01 -0.01 0.00 3.52 94.13 90.04 
99.15 0.09 0.06 0.09 0.08 0.18 0.20 0.03 0.01 0.00 3.63 94.74 90.03 
99.26 0.06 0.07 0.07 0.07 0.15 0.15 0.02 -0.01 0.00 3.94 94.05 90.04 
99.36 0.07 0.06 0.07 0.07 0.16 0.16 0.01 -0.02 0.00 3.69 94.30 90.01 
99.46 0.06 0.06 0.07 0.07 0.16 0.16 0.02 -0.01 0.00 3.60 94.12 90.04 
99.56 0.06 0.06 0.07 0.07 0.16 0.16 0.02 -0.01 0.00 3.56 94.28 90.03 
99.67 0.06 0.06 0.07 0.07 0.14 0.14 0.01 -0.02 0.01 3.78 94.27 90.06 
99.77 0.06 0.06 0.06 0.07 0.16 0.14 0.02 -0.02 0.00 3.71 94.19 90.05 
99.87 0.06 0.07 0.06 0.07 0.11 0.11 0.01 -0.01 0.00 3.75 94.04 90.03 
99.97 0.07 0.06 0.07 0.07 0.15 0.16 0.01 -0.01 0.00 3.56 94.00 90.04 
100.08 0.06 0.06 0.08 0.07 0.18 0.18 0.01 -0.01 0.00 3.50 94.19 90.07 
100.18 0.06 0.06 0.07 0.07 0.16 0.16 0.01 -0.01 0.00 3.50 94.07 90.03 
100.29 0.05 0.06 0.07 0.07 0.18 0.16 0.01 -0.01 0.00 3.64 94.03 90.05 
100.39 0.06 0.06 0.08 0.07 0.13 0.13 0.01 -0.01 0.00 3.65 93.99 90.04 
100.49 0.06 0.08 0.07 0.07 0.09 0.08 0.02 0.01 0.00 4.61 93.92 90.02 
100.60 0.14 0.08 0.08 0.08 0.06 0.10 0.02 -0.02 0.00 4.01 94.29 90.02 
100.70 0.07 0.07 0.07 0.07 0.11 0.11 0.01 -0.01 0.00 4.05 94.09 90.03 
100.80 0.06 0.06 0.07 0.07 0.14 0.16 0.01 -0.02 0.00 3.66 94.16 90.04 
100.91 0.07 0.07 0.07 0.07 0.14 0.14 0.02 -0.01 0.00 3.74 94.10 90.07 
101.01 0.06 0.07 0.07 0.07 0.16 0.16 0.01 -0.00 0.00 3.76 94.01 90.04 
101.11 0.07 0.06 0.07 0.07 0.16 0.17 0.01 -0.01 0.00 3.61 94.04 90.02 
101.22 0.08 0.07 0.04 0.07 0.10 0.11 0.02 -0.01 0.00 3.92 94.13 90.03 
101.32 0.06 0.06 0.07 0.07 0.23 0.19 0.01 -0.02 0.00 3.49 94.03 90.02 
101.42 0.08 0.06 0.08 0.07 0.19 0.20 -0.00 -0.02 0.01 3.34 94.03 90.07 
101.52 0.07 0.06 0.08 0.07 0.11 0.11 0.01 0.00 0.00 3.53 94.06 90.06 
101.63 0.05 0.06 0.06 0.07 0.13 0.12 0.01 -0.01 0.00 3.64 93.78 90.04 
101.73 0.07 0.06 0.07 0.07 0.13 0.13 0.01 -0.01 0.00 3.64 94.12 90.01 
101.83 0.06 0.06 0.07 0.07 0.14 0.14 0.01 -0.00 0.00 3.60 93.96 90.03 
101.94 0.06 0.07 0.06 0.07 0.12 0.11 0.02 -0.01 0.00 3.85 94.15 90.03 
102.04 0.07 0.07 0.07 0.07 0.09 0.09 0.02 -0.01 0.01 3.77 94.22 90.06 
102.14 0.06 0.06 0.07 0.07 0.09 0.09 0.01 -0.00 0.00 3.68 94.06 90.05 
102.25 0.05 0.06 0.08 0.08 0.12 0.11 0.01 -0.00 0.00 3.67 94.31 90.05 
102.35 0.05 0.06 0.06 0.07 0.14 0.13 0.01 -0.01 0.00 3.54 94.20 90.02 
102.45 0.07 0.06 0.07 0.07 0.15 0.15 0.01 -0.02 0.00 3.68 94.29 90.04 
102.55 0.07 0.07 0.08 0.07 0.13 0.11 0.01 0.00 0.00 3.67 94.09 90.06 
102.66 0.07 0.06 0.07 0.07 0.11 0.11 0.01 0.00 0.00 3.65 94.09 90.02 
102.76 0.06 0.06 0.07 0.07 0.15 0.15 0.02 -0.01 0.00 3.66 94.22 90.00 
102.86 0.06 0.06 0.07 0.07 0.13 0.13 0.01 -0.01 0.00 3.52 94.19 90.04 
102.96 0.06 0.06 0.07 0.07 0.15 0.15 0.01 -0.02 0.00 3.63 94.12 90.04 
103.07 0.07 0.06 0.08 0.07 0.11 0.14 0.02 -0.01 0.00 3.56 94.08 90.05 
103.17 0.07 0.06 0.08 0.07 0.13 0.13 0.01 -0.01 0.00 3.58 94.04 90.04 
103.27 0.06 0.06 0.07 0.07 0.14 0.14 0.01 -0.01 0.00 3.50 94.23 90.03 
103.38 0.07 0.06 0.07 0.07 0.13 0.13 0.01 -0.01 0.00 3.27 93.78 90.03 
103.48 0.06 0.06 0.05 0.07 0.13 0.13 0.01 -0.01 0.00 3.73 93.87 90.05 
103.58 0.07 0.07 0.07 0.07 0.11 0.12 0.01 -0.01 0.00 3.83 93.98 90.02 
103.69 0.07 0.06 0.08 0.07 0.11 0.11 0.00 -0.01 0.00 3.54 93.95 90.04 
103.79 0.07 0.06 0.06 0.07 0.11 0.11 0.01 -0.01 0.00 3.65 94.19 90.04 
103.90 0.06 0.06 0.08 0.07 0.13 0.12 0.01 -0.01 0.00 3.70 94.10 90.04 
104.00 0.06 0.06 0.07 0.07 0.13 0.13 0.01 -0.02 0.01 3.76 94.15 90.04 
104.10 0.06 0.07 0.07 0.07 0.09 0.09 0.02 -0.01 0.00 3.82 94.24 90.03 
104.21 0.05 0.07 0.04 0.07 0.08 0.07 0.02 -0.00 0.00 4.21 94.59 90.06 
104.31 0.07 0.07 0.08 0.07 0.11 0.11 0.01 -0.00 0.00 3.85 94.23 90.03 
104.41 0.06 0.06 0.07 0.07 0.16 0.16 0.01 -0.02 0.00 3.72 94.18 90.04 
104.51 0.06 0.06 0.07 0.07 0.10 0.10 0.02 -0.01 0.00 3.65 94.08 90.03 
104.62 0.06 0.06 0.08 0.07 0.11 0.10 0.01 -0.01 0.00 3.64 94.17 90.03 
104.72 0.06 0.06 0.07 0.07 0.14 0.14 0.01 -0.01 0.00 3.51 94.11 90.05 
104.82 0.06 0.06 0.06 0.07 0.11 0.13 0.01 -0.01 0.01 3.62 94.08 90.04 
104.93 0.06 0.06 0.06 0.07 0.11 0.12 0.01 -0.01 0.00 3.70 94.16 90.05 
105.03 0.05 0.06 0.08 0.07 0.17 0.16 0.02 -0.01 0.00 3.74 94.06 90.06 
105.13 0.05 0.06 0.07 0.07 0.22 0.21 0.01 -0.01 0.00 3.53 94.23 90.03 
105.23 0.07 0.06 0.08 0.07 0.21 0.21 0.01 -0.00 0.00 3.63 94.07 90.04 
105.34 0.06 0.06 0.07 0.07 0.19 0.17 0.01 -0.01 0.00 3.61 94.14 90.04 
105.44 0.06 0.06 0.07 0.07 0.19 0.19 0.02 -0.01 0.00 3.63 94.20 90.03 
105.54 0.07 0.06 0.05 0.07 0.17 0.17 0.01 -0.02 0.00 3.71 94.03 90.04 
105.65 0.06 0.06 0.07 0.07 0.16 0.16 0.01 -0.01 0.00 3.68 93.85 90.06 
105.75 0.07 0.06 0.07 0.07 0.18 0.18 0.01 -0.01 0.00 3.48 94.00 90.04 
105.85 0.06 0.06 0.08 0.07 0.20 0.20 0.01 0.00 0.00 3.52 94.14 90.04 
105.95 0.06 0.06 0.07 0.07 0.17 0.17 0.01 -0.01 0.00 3.61 94.00 90.03 
106.05 0.06 0.06 0.08 0.07 0.16 0.16 0.01 -0.01 0.00 3.72 94.13 90.05 
106.16 0.11 0.07 0.04 0.07 0.13 0.16 0.01 -0.01 0.00 3.69 93.99 90.02 
106.26 0.07 0.06 0.07 0.07 0.19 0.19 0.01 -0.01 0.00 3.45 93.89 90.04 
106.36 0.08 0.07 0.08 0.07 0.12 0.13 0.02 -0.01 0.00 3.89 94.15 90.05 
106.47 0.06 0.06 0.07 0.07 0.17 0.17 0.01 -0.00 0.00 3.73 94.10 90.02 
106.57 0.07 0.07 0.07 0.07 0.15 0.15 0.00 -0.01 0.00 3.82 94.06 90.05 
106.67 0.06 0.06 0.07 0.07 0.18 0.18 0.01 -0.01 0.00 3.67 94.04 90.05 
106.77 0.07 0.07 0.08 0.07 0.17 0.19 0.02 -0.01 0.00 3.68 94.17 90.05 
106.88 0.07 0.07 0.07 0.07 0.13 0.13 0.01 -0.00 0.00 3.78 94.04 90.05 
106.98 0.06 0.06 0.08 0.07 0.19 0.19 0.01 -0.01 0.00 3.73 94.07 90.05 
107.08 0.07 0.06 0.07 0.07 0.19 0.20 0.01 -0.01 0.00 3.67 94.08 90.04 
107.19 0.07 0.06 0.08 0.07 0.17 0.17 0.01 -0.02 0.00 3.54 94.16 90.05 
107.29 0.06 0.06 0.07 0.07 0.17 0.17 0.01 -0.01 0.00 3.54 94.28 90.04 
107.40 0.06 0.06 0.08 0.07 0.16 0.16 0.01 -0.01 0.00 3.55 94.17 90.04 
107.50 0.06 0.07 0.07 0.07 0.15 0.15 0.01 -0.01 0.00 3.77 94.04 90.03 
107.60 0.06 0.06 0.08 0.07 0.15 0.15 0.01 -0.01 0.01 3.67 94.05 90.07 
107.71 0.07 0.06 0.08 0.07 0.18 0.19 0.02 -0.00 0.00 3.61 94.24 90.05 
107.81 0.06 0.06 0.07 0.07 0.17 0.17 0.01 -0.00 0.00 3.63 94.09 90.06 
107.91 0.07 0.06 0.08 0.07 0.19 0.19 0.01 -0.00 0.00 3.67 93.98 90.04 
108.01 0.07 0.06 0.08 0.07 0.17 0.17 0.02 -0.01 0.00 3.61 93.96 90.03 
108.11 0.05 0.06 0.09 0.07 0.19 0.18 0.01 -0.02 0.00 3.57 94.15 90.02 
108.22 0.06 0.06 0.07 0.07 0.15 0.15 0.01 -0.01 0.00 3.53 94.12 90.01 
108.32 0.07 0.06 0.07 0.07 0.19 0.18 0.02 -0.01 0.00 3.52 94.21 90.03 
108.42 0.07 0.07 0.07 0.07 0.13 0.12 0.01 -0.01 0.00 3.80 94.07 90.07 
108.53 0.06 0.07 0.08 0.07 0.15 0.14 0.00 -0.00 0.00 3.85 94.04 90.02 
108.63 0.07 0.07 0.07 0.07 0.15 0.15 0.02 -0.01 0.00 3.74 94.07 90.01 
108.73 0.06 0.06 0.07 0.07 0.18 0.17 0.01 -0.01 0.00 3.67 94.16 90.02 
108.84 0.06 0.06 0.07 0.07 0.15 0.15 0.01 -0.00 0.00 3.58 94.17 90.01 
108.94 0.05 0.06 0.07 0.07 0.19 0.18 0.02 -0.00 0.00 3.57 94.13 90.04 
109.04 0.07 0.07 0.08 0.07 0.16 0.15 0.01 -0.01 0.00 3.71 94.16 90.04 
109.15 0.07 0.07 0.08 0.07 0.17 0.17 0.01 -0.02 0.00 3.67 94.16 90.05 
109.25 0.07 0.06 0.05 0.07 0.12 0.13 0.01 -0.01 0.00 3.58 94.11 90.05 
109.35 0.06 0.07 0.08 0.07 0.13 0.12 0.01 -0.01 0.00 3.84 93.70 90.05 
109.46 0.07 0.06 0.07 0.07 0.15 0.16 0.01 -0.00 -0.00 3.59 93.87 90.04 
109.56 0.07 0.06 0.07 0.07 0.15 0.16 0.02 -0.01 0.00 3.66 94.05 90.06 
109.66 0.06 0.06 0.08 0.07 0.13 0.13 0.01 -0.00 0.00 3.76 94.04 90.04 
109.76 0.06 0.06 0.07 0.07 0.19 0.19 0.01 -0.01 0.00 3.56 94.17 90.04 
109.87 0.07 0.06 0.07 0.07 0.17 0.18 0.01 -0.01 0.00 3.54 94.16 90.04 
109.97 0.06 0.06 0.08 0.07 0.15 0.14 0.01 -0.01 0.00 3.64 94.19 90.02 
110.07 0.07 0.06 0.07 0.07 0.16 0.15 0.00 -0.01 0.00 3.70 94.20 90.03 
110.18 0.07 0.06 0.07 0.07 0.15 0.15 0.02 -0.02 0.00 3.63 94.06 90.03 
110.28 0.05 0.06 0.07 0.07 0.19 0.19 0.02 -0.02 0.00 3.57 94.05 90.04 
110.38 0.07 0.06 0.08 0.07 0.17 0.17 0.01 -0.00 0.00 3.54 94.20 90.05 
110.49 0.06 0.06 0.08 0.07 0.16 0.16 0.01 -0.01 0.00 3.66 94.10 90.05 
110.59 0.06 0.07 0.07 0.07 0.15 0.17 0.01 -0.00 0.00 3.74 94.12 90.03 
110.70 0.06 0.06 0.07 0.07 0.14 0.14 0.01 -0.01 0.00 3.63 94.15 90.04 
110.80 0.06 0.06 0.07 0.07 0.15 0.14 0.01 -0.01 0.00 3.63 94.07 90.02 
110.90 0.08 0.07 0.07 0.07 0.15 0.16 0.01 -0.00 0.00 3.76 94.05 90.03 
111.01 0.07 0.06 0.06 0.07 0.18 0.18 0.02 -0.01 0.00 3.54 94.28 90.02 
111.11 0.06 0.06 0.07 0.07 0.16 0.15 0.01 -0.01 0.00 3.57 94.20 90.03 
111.21 0.07 0.06 0.07 0.07 0.14 0.14 0.01 -0.01 0.00 3.62 94.11 90.04 
111.32 0.06 0.06 0.07 0.07 0.16 0.16 0.02 -0.01 0.00 3.67 94.31 90.03 
111.42 0.07 0.07 0.07 0.07 0.15 0.15 0.01 -0.01 0.00 3.70 94.07 90.03 
111.52 0.06 0.06 0.08 0.07 0.18 0.18 0.01 -0.00 0.00 3.42 94.17 90.05 
111.63 0.07 0.06 0.09 0.08 0.16 0.19 0.01 -0.00 0.00 3.55 94.27 89.99 
111.73 0.06 0.06 0.07 0.07 0.17 0.16 0.01 -0.03 0.00 3.53 94.33 90.03 
111.83 0.06 0.06 0.06 0.07 0.19 0.17 0.01 -0.02 0.01 3.46 94.03 90.06 
111.94 0.06 0.06 0.07 0.07 0.18 0.18 0.02 -0.01 0.00 3.59 94.14 90.06 
112.04 0.06 0.06 0.08 0.07 0.16 0.15 0.01 0.00 0.00 3.50 94.10 90.04 
112.14 0.07 0.06 0.08 0.07 0.18 0.18 0.01 0.00 0.00 3.56 94.22 90.01 
112.25 0.08 0.06 0.07 0.08 0.14 0.15 0.02 -0.02 0.00 3.52 94.34 90.07 
112.35 0.06 0.06 0.06 0.07 0.16 -0.14 0.01 -0.03 0.01 3.58 94.33 90.04 
112.45 0.07 0.07 0.08 0.07 0.16 0.16 0.01 -0.01 0.00 3.78 94.22 90.05 
112.55 0.08 0.07 0.08 0.08 0.17 0.17 0.01 -0.00 0.00 3.88 94.31 90.02 
112.65 0.07 0.06 0.08 0.08 0.17 0.17 0.01 -0.01 0.00 3.65 94.30 90.05 
112.76 0.06 0.06 0.07 0.07 0.17 0.17 0.01 -0.01 0.00 3.50 94.20 90.00 
112.86 0.07 0.06 0.07 0.07 0.17 0.18 0.01 -0.02 0.00 3.62 94.18 90.03 
112.96 0.06 0.06 0.07 0.07 0.18 0.18 0.01 -0.01 0.00 3.63 94.18 90.03 
113.07 0.06 0.06 0.08 0.07 0.18 0.18 0.01 -0.00 0.00 3.48 94.15 90.05 
113.17 0.05 0.06 0.08 0.07 0.19 0.18 0.01 -0.01 0.00 3.56 94.08 90.01 
113.27 0.06 0.06 0.07 0.07 0.16 0.17 0.02 -0.01 0.00 3.48 94.09 90.04 
113.37 0.06 0.06 0.07 0.07 0.20 0.20 0.01 -0.01 0.00 3.62 94.19 90.04 
113.48 0.06 0.06 0.07 0.07 0.16 0.16 0.01 -0.02 0.00 3.75 94.14 90.04 
113.58 0.07 0.06 0.08 0.07 0.17 0.18 0.01 -0.00 0.00 3.61 94.18 90.03 
113.69 0.06 0.06 0.07 0.07 0.17 0.17 0.01 0.00 0.01 3.64 94.15 90.03 
113.79 0.07 0.06 0.08 0.08 0.18 0.18 0.01 -0.02 0.00 3.62 94.31 90.03 
113.89 0.07 0.07 0.07 0.07 0.15 0.15 0.01 -0.01 0.01 3.79 94.21 90.05 
113.99 0.07 0.06 0.07 0.07 0.19 0.19 0.01 -0.01 0.00 3.67 94.10 90.06 
114.10 0.07 0.06 0.07 0.07 0.17 0.15 0.01 -0.01 0.00 3.55 94.09 90.04 
114.20 0.08 0.06 0.10 0.07 0.18 0.18 0.01 -0.01 0.00 3.57 93.94 90.03 
114.30 0.05 0.08 0.05 0.07 0.11 0.10 0.01 -0.02 0.00 4.63 94.30 90.02 
114.41 0.06 0.06 0.07 0.07 0.19 0.19 0.01 -0.02 0.00 3.70 94.03 90.03 
114.51 0.07 0.07 0.07 0.07 0.11 0.12 0.01 -0.00 0.00 3.81 94.04 90.05 
114.61 0.07 0.06 0.08 0.08 0.22 0.22 0.01 -0.01 0.00 3.50 94.30 90.01 
114.72 0.06 0.06 0.07 0.07 0.18 0.19 0.01 -0.01 0.00 3.60 94.26 90.04 
114.82 0.06 0.06 0.07 0.07 0.15 0.15 0.01 -0.01 0.00 3.68 94.18 90.02 
114.92 0.06 0.06 0.08 0.07 0.20 0.19 0.01 -0.01 0.00 3.65 94.29 90.04 
115.03 0.06 0.06 0.07 0.07 0.17 0.17 0.01 -0.01 0.00 3.66 94.08 90.08 
115.13 0.06 0.06 0.07 0.07 0.17 0.17 0.01 -0.00 0.00 3.73 93.95 90.00 
115.23 0.07 0.07 0.07 0.07 0.14 0.14 0.01 -0.00 0.00 3.84 93.93 90.03 
115.34 0.04 0.06 0.06 0.07 0.22 0.21 0.01 -0.02 0.00 3.56 94.26 90.04 
115.44 0.07 0.06 0.07 0.07 0.16 0.17 0.01 -0.01 0.00 3.47 94.24 90.04 
115.54 0.06 0.06 0.07 0.07 0.16 0.16 0.01 -0.01 0.00 3.60 94.13 90.03 
115.64 0.06 0.06 0.07 0.07 0.15 0.14 0.02 -0.01 0.00 3.67 93.99 90.04 
115.75 0.07 0.07 0.09 0.07 0.19 0.19 0.01 0.01 0.00 3.86 94.11 90.02 
115.85 0.07 0.07 0.07 0.07 0.14 0.15 0.02 -0.02 0.00 3.85 93.79 90.03 
115.95 0.07 0.07 0.07 0.08 0.14 0.14 0.01 -0.02 0.01 3.94 94.36 90.06 
116.06 0.06 0.06 0.05 0.07 0.17 0.17 0.01 -0.01 0.00 3.69 94.31 90.04 
116.16 0.07 0.06 0.08 0.08 0.16 0.16 0.01 -0.01 0.00 3.65 94.37 90.04 
116.26 0.07 0.06 0.07 0.07 0.15 0.15 0.01 -0.00 0.00 3.71 94.10 90.04 
116.37 0.06 0.06 0.08 0.07 0.22 0.19 0.01 0.01 0.00 3.50 94.15 90.03 
116.47 0.06 0.06 0.08 0.08 0.18 0.17 0.01 -0.02 0.00 3.52 94.26 90.03 
116.57 0.07 0.06 0.06 0.07 0.19 0.20 0.02 -0.03 0.00 3.58 94.35 90.06 
116.68 0.06 0.06 0.07 0.07 0.18 0.18 0.00 -0.01 0.00 3.54 94.17 90.03 
116.78 0.07 0.06 0.08 0.08 0.15 0.16 0.01 -0.00 0.00 3.67 94.34 90.03 
116.88 0.05 0.06 0.07 0.07 0.19 0.19 0.01 -0.01 0.00 3.73 94.22 90.00 
116.99 0.06 0.06 0.09 0.08 0.20 0.19 0.01 -0.01 0.00 3.63 94.42 90.02 
117.09 0.06 0.06 0.07 0.07 0.18 0.18 0.01 -0.02 0.01 3.58 94.26 90.06 
117.19 0.06 0.06 0.07 0.08 0.20 0.20 0.01 -0.01 0.00 3.61 94.37 90.07 
117.29 0.07 0.06 0.08 0.08 0.16 0.17 0.02 0.00 0.00 3.47 94.24 90.02 
117.40 0.06 0.06 0.07 0.07 0.19 0.20 0.01 -0.01 0.00 3.42 94.20 90.05 
117.50 0.08 0.07 0.08 0.07 0.15 0.15 0.02 -0.01 0.01 3.82 94.02 90.05 
117.61 0.05 0.06 0.08 0.07 0.15 0.14 0.01 -0.01 0.00 3.75 94.05 90.06 
117.71 0.06 0.06 0.07 0.07 0.16 0.16 0.01 -0.02 0.01 3.52 94.19 90.08 
117.81 0.03 0.05 0.07 0.08 0.22 0.21 0.01 0.01 0.00 3.30 94.38 90.03 
117.91 0.06 0.06 0.07 0.07 0.18 0.19 0.01 -0.00 0.00 3.35 94.17 90.03 
118.02 0.06 0.06 0.06 0.07 0.14 0.14 0.01 -0.02 0.00 3.70 94.15 90.04 
118.12 0.07 0.07 0.09 0.07 0.07 0.07 0.00 -0.02 0.00 3.72 94.10 90.05 
118.22 0.06 0.06 0.07 0.07 0.09 0.09 0.01 0.00 0.00 3.69 94.02 90.01 
118.33 0.08 0.06 0.07 0.07 0.18 0.20 0.02 -0.01 0.00 3.48 94.28 90.06 
118.43 0.04 0.06 0.09 0.08 0.20 0.18 0.01 -0.02 0.00 3.51 94.23 90.03 
118.53 0.04 0.06 0.09 0.08 0.24 0.22 0.01 -0.01 0.00 3.27 94.36 90.05 
118.63 0.06 0.06 0.09 0.08 0.16 0.17 0.01 -0.02 0.01 3.58 94.25 90.05 
118.74 0.06 0.06 0.08 0.08 0.16 0.16 0.01 0.00 -0.00 3.70 94.27 90.02 
118.84 0.07 0.07 0.07 0.07 0.17 0.17 0.02 -0.00 0.00 3.78 94.36 90.04 
118.94 0.06 0.06 0.06 0.07 0.14 0.15 0.01 -0.02 0.01 3.64 94.35 90.06 
119.05 0.05 0.06 0.06 0.07 0.19 0.19 0.01 -0.02 0.00 3.36 94.33 90.04 
119.15 0.07 0.06 0.07 0.07 0.14 0.17 0.02 -0.01 0.00 3.63 94.18 90.07 
119.25 0.08 0.07 0.07 0.07 0.16 0.17 0.00 0.00 0.00 3.79 94.00 90.02 
119.35 0.06 0.06 0.08 0.07 0.17 0.16 0.01 -0.00 0.00 3.77 94.11 90.04 
119.46 0.07 0.06 0.07 0.07 0.16 0.17 0.01 -0.01 0.00 3.50 94.32 90.03 
119.56 0.07 0.06 0.07 0.07 0.16 0.17 0.01 -0.03 0.00 3.56 94.25 90.00 
119.66 0.07 0.06 0.05 0.06 0.16 0.17 0.01 -0.00 0.00 3.03 93.63 90.06 
119.77 0.07 0.06 0.08 0.07 0.16 0.16 0.01 -0.00 0.00 3.65 94.01 90.04 
119.87 0.05 0.06 0.08 0.07 0.21 0.20 0.01 0.00 0.00 3.31 94.09 90.05 
119.97 0.05 0.06 0.08 0.08 0.21 0.20 0.01 -0.01 0.00 3.29 94.36 90.00 
120.07 0.06 0.06 0.08 0.08 0.19 0.19 0.01 -0.03 0.01 3.38 94.36 90.07 
120.18 0.05 0.06 0.06 0.07 0.20 0.20 0.01 -0.02 0.00 3.30 94.26 90.02 
120.28 0.07 0.06 0.08 0.07 0.16 0.16 0.01 -0.00 0.00 3.59 94.27 90.04 
120.38 0.04 0.06 0.05 0.07 0.12 0.14 0.01 -0.02 0.00 3.68 94.05 90.04 
120.49 0.06 0.06 0.07 0.07 0.19 0.19 0.01 -0.01 0.00 3.58 93.89 90.05 
120.59 0.06 0.06 0.06 0.07 0.15 0.15 0.01 -0.01 0.00 3.62 94.20 90.05 
120.69 0.05 0.06 0.07 0.07 0.16 0.15 0.01 -0.01 0.00 3.53 94.00 90.03 
120.83 0.06 0.06 0.07 0.07 0.18 0.16 0.02 -0.01 0.00 3.50 94.04 90.05 
120.96 0.04 0.06 0.08 0.07 0.21 0.18 0.02 0.00 0.00 3.30 94.12 90.03 
121.09 0.09 0.06 0.10 0.08 0.17 0.21 0.02 0.01 0.00 3.62 94.34 90.04 
121.22 0.06 0.06 0.09 0.08 0.18 0.17 0.02 -0.02 0.00 3.61 94.45 90.06 
121.32 0.07 0.06 0.07 0.08 0.18 0.19 0.01 0.00 0.00 3.54 94.42 90.04 
121.43 0.05 0.06 0.07 0.08 0.21 0.17 0.01 0.00 0.00 3.64 94.36 90.01 
121.53 0.06 0.06 0.07 0.07 0.15 0.15 0.01 -0.01 0.01 3.54 94.04 90.04 
121.63 0.06 0.07 0.07 0.07 0.14 0.14 0.01 -0.01 0.00 3.81 94.21 90.05 
121.73 0.07 0.07 0.07 0.07 0.15 0.15 0.01 -0.01 0.00 3.68 94.18 90.02 
121.84 0.07 0.06 0.07 0.07 0.14 0.14 0.02 -0.01 0.00 3.61 94.08 90.05 
121.94 0.06 0.06 0.07 0.08 0.16 0.12 0.01 -0.01 0.00 3.69 94.32 90.05 
122.05 0.07 0.06 0.07 0.07 0.15 0.15 0.01 -0.01 0.00 3.60 94.15 90.02 
122.15 0.06 0.06 0.07 0.07 0.13 0.13 0.01 -0.02 0.00 3.67 94.04 90.06 
122.25 0.07 0.06 0.08 0.07 0.15 0.16 -0.01 -0.02 0.01 3.42 94.04 90.05 
122.36 0.06 0.06 0.07 0.07 0.17 0.17 0.00 -0.01 0.00 3.46 94.13 90.03 
122.46 0.06 0.06 0.08 0.07 0.17 0.17 0.01 -0.01 0.00 3.61 94.20 90.03 
122.56 0.06 0.06 0.07 0.07 0.14 0.14 0.01 -0.01 0.00 3.64 94.28 90.03 
122.66 0.04 0.06 0.08 0.07 0.19 0.17 0.00 -0.01 0.00 3.61 94.17 90.02 
122.77 0.07 0.06 0.07 0.07 0.16 0.16 0.02 -0.01 0.01 3.54 94.19 90.04 
122.87 0.06 0.06 0.07 0.07 0.16 0.16 0.01 -0.01 0.00 3.58 94.12 90.03 
122.97 0.07 0.06 0.08 0.08 0.16 0.18 0.02 -0.00 0.00 3.46 94.32 90.06 
123.08 0.06 0.06 0.08 0.08 0.17 0.17 0.02 -0.00 0.00 3.57 94.28 90.06 
123.18 0.05 0.06 0.06 0.07 0.14 0.13 0.01 -0.01 0.00 3.77 94.05 90.03 
123.28 0.08 0.07 0.09 0.08 0.12 0.12 0.01 -0.01 0.01 3.91 94.53 90.05 
123.39 0.07 0.07 0.07 0.07 0.15 0.15 0.02 -0.01 0.00 3.82 94.19 90.04 
123.49 0.06 0.06 0.07 0.07 0.17 0.17 0.01 -0.00 0.00 3.65 94.25 90.04 
123.59 0.07 0.06 0.08 0.08 0.19 0.20 0.01 -0.02 0.00 3.58 94.31 90.06 
123.70 0.05 0.06 0.07 0.07 0.14 0.14 0.01 -0.02 0.00 3.62 94.08 90.05 
123.80 0.07 0.06 0.07 0.07 0.16 0.16 0.01 -0.02 0.01 3.62 94.14 90.06 
123.90 0.07 0.06 0.07 0.07 0.14 0.14 0.01 -0.01 0.00 3.70 94.12 90.04 
124.00 0.07 0.06 0.07 0.07 0.17 0.18 0.01 -0.00 0.00 3.64 94.14 90.03 
124.11 0.07 0.07 0.07 0.07 0.14 0.15 0.01 -0.00 0.00 3.76 94.23 90.03 
124.21 0.06 0.06 0.07 0.07 0.14 0.20 0.02 -0.01 0.00 3.58 94.19 90.02 
124.31 0.06 0.06 0.07 0.07 0.15 0.15 0.01 -0.01 0.00 3.53 94.17 90.07 
124.42 0.07 0.06 0.08 0.07 0.15 0.15 0.01 -0.01 0.00 3.66 94.05 90.04 
124.52 0.07 0.06 0.08 0.07 0.14 0.14 0.01 -0.00 0.00 3.61 94.13 90.04 
124.63 0.07 0.06 0.07 0.07 0.19 0.19 0.01 -0.02 0.01 3.64 94.14 90.01 
124.73 0.06 0.06 0.07 0.07 0.16 0.14 0.02 -0.02 0.00 3.71 94.22 90.05 
124.84 0.04 0.06 0.07 0.07 0.21 0.20 0.01 -0.01 0.00 3.67 94.18 90.06 
124.94 0.06 0.06 0.09 0.07 0.16 0.15 0.01 0.00 0.00 3.67 94.13 90.01 
125.04 0.08 0.07 0.07 0.07 0.15 0.17 0.01 -0.00 0.00 3.58 94.15 90.03 
125.15 0.07 0.06 0.07 0.07 0.16 0.16 0.01 -0.02 0.00 3.64 94.04 90.03 
125.25 0.07 0.06 0.08 0.07 0.18 0.15 0.01 -0.02 0.00 3.65 94.08 90.03 
125.35 0.07 0.06 0.07 0.07 0.14 0.15 0.01 -0.00 0.00 3.64 94.14 90.04 
125.45 0.07 0.06 0.07 0.07 0.16 0.16 0.01 -0.00 0.00 3.48 94.09 90.03 
125.55 0.07 0.06 0.08 0.07 0.17 0.18 0.02 -0.01 0.00 3.58 94.17 90.04 
125.66 0.07 0.07 0.07 0.07 0.14 0.14 0.01 -0.02 0.00 3.77 94.21 90.03 
125.76 0.06 0.06 0.07 0.07 0.11 0.17 0.01 -0.02 0.00 3.73 94.21 90.05 
125.86 0.08 0.07 0.07 0.07 0.15 0.16 0.02 -0.01 0.00 3.63 94.07 90.03 
125.97 0.06 0.07 0.08 0.07 0.17 0.16 0.01 -0.01 0.00 3.81 93.92 90.01 
126.14 0.06 0.06 0.06 0.07 0.14 0.17 0.01 -0.02 0.00 3.67 93.95 90.05 
126.25 0.06 0.06 0.07 0.07 0.15 0.15 0.01 -0.01 0.00 3.61 94.13 90.06 
126.35 0.06 0.06 0.07 0.07 0.14 0.17 0.01 -0.00 0.00 3.59 94.02 90.03 
126.45 0.07 0.06 0.07 0.07 0.17 0.18 0.01 -0.01 0.00 3.56 94.02 90.04 
126.56 0.06 0.06 0.07 0.07 0.14 0.13 0.01 -0.02 0.00 3.62 94.03 90.03 
126.66 0.07 0.06 0.07 0.07 0.14 0.14 0.02 -0.01 0.00 3.62 94.19 90.05 
126.76 0.07 0.06 0.07 0.07 0.17 0.17 0.02 -0.01 0.00 3.59 94.19 90.03 
126.87 0.07 0.06 0.07 0.07 0.14 0.18 0.01 -0.00 0.00 3.58 94.22 90.06 
126.97 0.06 0.06 0.08 0.07 0.15 0.15 0.01 -0.00 0.00 3.75 94.14 90.00 
127.07 0.05 0.06 0.07 0.07 0.15 0.15 0.02 -0.02 0.00 3.65 94.21 90.03 
127.18 0.05 0.06 0.07 0.08 0.19 0.18 0.01 -0.01 0.01 3.54 94.48 90.07 
127.28 0.07 0.06 0.08 0.07 0.17 0.17 0.01 -0.00 0.00 3.53 94.16 90.07 
127.38 0.07 0.06 0.08 0.07 -0.20 0.11 0.01 -0.01 0.00 3.55 94.14 90.05 
127.48 0.09 0.07 0.03 0.07 0.12 0.15 0.01 -0.01 0.00 3.82 94.25 90.06 
127.59 0.06 0.07 0.07 0.07 0.15 0.13 0.01 -0.01 0.00 3.82 93.75 90.05 
127.69 0.06 0.06 0.06 0.07 0.15 0.15 0.01 -0.02 0.00 3.58 94.10 90.01 
127.79 0.07 0.06 0.07 0.07 0.18 0.18 0.01 -0.01 0.00 3.60 94.05 90.04 
127.89 0.07 0.06 0.07 0.07 0.13 0.13 0.01 -0.01 0.00 3.60 93.98 90.04 
128.00 0.07 0.07 0.08 0.07 0.03 0.03 -0.01 -0.02 0.00 3.95 94.14 90.04 
128.10 0.07 0.06 0.07 0.07 0.13 0.13 0.01 -0.01 0.00 3.62 94.12 90.05 
128.20 0.06 0.06 0.07 0.07 0.18 0.18 0.01 -0.01 0.00 3.58 94.17 90.03 
128.30 0.06 0.06 0.07 0.07 0.16 0.14 0.01 -0.02 0.00 3.57 94.24 90.05 
128.41 0.07 0.06 0.08 0.07 0.14 0.14 0.01 -0.00 0.00 3.62 93.97 90.04 
128.51 0.06 0.07 0.06 0.07 0.16 0.16 0.02 0.01 0.00 3.80 94.01 90.02 
128.61 0.07 0.06 0.08 0.07 0.16 0.16 0.01 -0.01 0.00 3.66 94.11 90.02 
128.71 0.05 0.06 0.07 0.07 0.15 0.15 0.01 -0.02 0.01 3.66 94.13 90.04 
128.81 0.06 0.06 0.06 0.07 0.16 0.13 0.01 -0.02 0.00 3.64 94.08 90.05 
128.92 0.06 0.06 0.06 0.07 0.17 0.17 0.02 -0.02 0.00 3.50 93.98 90.04 
129.02 0.07 0.06 0.08 0.07 0.19 0.19 0.02 0.01 0.00 3.50 94.24 90.05 
129.13 0.07 0.06 0.08 0.08 0.15 0.15 0.01 -0.00 0.00 3.67 94.42 90.01 
129.23 0.05 0.07 0.08 0.07 0.15 0.14 0.01 -0.02 0.00 3.80 94.01 90.03 
129.33 0.07 0.07 0.07 0.07 0.16 0.16 0.01 -0.02 0.01 3.76 94.23 90.06 
129.43 0.06 0.06 0.07 0.07 0.18 0.18 0.01 -0.01 0.00 3.47 94.17 90.05 
129.53 0.05 0.07 0.07 0.07 0.07 0.07 0.01 -0.01 0.00 4.23 94.20 90.04 
129.63 0.07 0.07 0.09 0.08 0.11 0.11 0.01 -0.00 0.00 3.89 94.36 90.05 
129.74 0.07 0.06 0.07 0.07 0.13 0.13 0.01 -0.02 0.01 3.59 94.11 90.04 
129.84 0.07 0.06 0.07 0.08 0.16 0.17 0.02 -0.02 0.00 3.66 94.37 90.05 
129.94 0.06 0.06 0.07 0.07 0.15 0.15 0.01 -0.02 0.00 3.64 94.06 90.04 
130.04 0.07 0.07 0.06 0.07 0.12 0.12 0.01 -0.02 0.01 3.74 94.04 90.07 
130.14 0.07 0.06 0.08 0.07 0.12 0.12 0.01 -0.01 0.00 3.71 94.24 90.04 
130.24 0.09 0.07 0.06 0.07 0.14 0.14 0.01 -0.01 0.00 3.82 93.85 90.02 
130.34 0.09 0.08 0.08 0.08 0.10 0.11 0.01 -0.00 0.00 4.45 94.41 90.05 
130.44 0.04 0.06 0.07 0.07 0.16 0.14 0.01 0.00 0.00 3.55 94.03 90.02 
130.54 0.06 0.06 0.06 0.07 0.17 0.18 0.02 -0.02 0.00 3.54 94.08 90.03 
130.65 0.08 0.07 0.08 0.07 0.15 0.16 0.01 -0.02 0.01 3.79 94.11 90.06 
130.75 0.05 0.06 0.07 0.07 0.15 0.14 0.01 -0.01 0.00 3.56 93.89 90.02 
130.85 0.05 0.06 0.06 0.07 0.18 0.17 0.01 -0.00 0.00 3.36 94.08 90.03 
130.95 0.06 0.07 0.08 0.08 0.14 0.11 0.01 0.00 0.00 3.89 94.43 90.03 
131.05 0.07 0.07 0.07 0.07 0.13 0.13 0.01 -0.00 0.00 3.95 94.25 90.01 
131.15 0.08 0.06 0.06 0.07 0.14 0.18 0.02 -0.02 0.00 3.70 94.23 90.03 
131.25 0.05 0.06 0.07 0.07 0.15 0.14 0.01 -0.01 0.00 3.59 94.18 90.06 
131.35 0.05 0.06 0.05 0.07 0.15 0.14 0.00 -0.01 0.01 3.58 93.86 90.07 
131.46 0.07 0.07 0.06 0.07 0.16 0.16 0.01 -0.02 0.00 3.72 93.93 90.03 
131.56 0.07 0.06 0.07 0.07 0.19 0.19 0.02 0.00 0.00 3.57 94.24 90.03 
131.66 0.05 0.06 0.06 0.07 0.19 0.19 0.01 -0.00 0.00 3.44 94.04 90.02 
131.76 0.05 0.06 0.07 0.07 0.20 0.19 0.01 -0.00 0.00 3.76 94.25 90.01 
131.86 0.06 0.07 0.08 0.07 0.14 0.16 0.01 -0.01 0.00 3.84 94.23 90.04 
131.96 0.04 0.06 0.07 0.07 0.17 0.15 0.01 -0.02 0.00 3.65 94.20 90.04 
132.10 0.06 0.06 0.06 0.07 0.11 0.16 0.01 -0.02 0.00 3.63 94.06 90.03 
132.21 0.06 0.06 0.06 0.07 0.11 0.11 0.01 -0.00 0.00 3.77 94.00 90.05 
132.31 0.07 0.06 0.08 0.07 0.19 0.20 0.01 0.00 0.00 3.65 94.00 90.02 
132.41 0.06 0.06 0.08 0.07 0.20 0.19 0.00 0.00 0.00 3.60 94.26 90.01 
132.51 0.06 0.06 0.08 0.07 0.19 0.18 0.01 -0.01 0.00 3.65 94.17 90.06 
132.61 0.07 0.06 0.07 0.07 0.17 0.17 0.01 -0.01 0.00 3.69 93.99 90.05 
132.71 0.06 0.06 0.06 0.07 0.17 0.17 0.02 -0.01 0.00 3.63 94.01 90.04 
132.81 0.06 0.06 0.05 0.07 0.20 0.21 0.01 -0.01 0.00 3.28 94.07 90.05 
132.91 0.07 0.06 0.06 0.07 0.19 0.20 0.01 -0.01 0.00 3.50 94.02 90.05 
133.01 0.07 0.07 0.08 0.07 0.05 0.05 -0.00 0.00 0.00 3.96 94.18 90.02 
133.12 0.06 0.06 0.08 0.07 0.11 0.11 0.01 -0.01 0.00 3.48 94.29 90.03 
133.22 0.06 0.06 0.07 0.07 0.10 0.10 0.01 -0.02 0.01 3.60 94.23 90.08 
133.32 0.06 0.06 0.07 0.07 0.18 0.18 0.01 -0.02 0.00 3.42 94.07 90.06 
133.42 0.06 0.06 0.08 0.07 0.16 0.15 0.01 -0.02 0.00 3.49 94.12 90.04 
133.52 0.05 0.07 0.12 0.08 0.09 0.07 0.00 -0.00 0.00 3.75 94.36 90.05 
133.62 0.06 0.06 0.06 0.07 0.13 0.13 0.02 -0.00 0.00 3.55 94.10 90.01 
133.72 0.05 0.06 0.06 0.07 0.15 0.14 -0.00 -0.00 0.00 3.54 93.96 90.04 
133.82 0.07 0.07 0.07 0.07 0.14 0.14 0.01 0.00 0.00 3.75 93.96 90.01 
133.93 0.06 0.06 0.07 0.07 0.14 0.15 0.01 -0.03 0.00 3.58 94.00 90.04 
134.03 0.06 0.06 0.07 0.07 0.16 0.16 0.02 -0.02 0.00 3.65 94.12 90.05 
134.13 0.07 0.06 0.10 0.08 0.17 0.16 -0.00 -0.01 0.00 3.68 94.26 90.05 
134.23 0.04 0.06 0.07 0.07 0.20 0.19 0.01 -0.02 0.00 3.53 94.28 90.03 
134.34 0.07 0.06 0.07 0.07 0.13 0.14 0.01 -0.01 0.00 3.56 94.12 90.03 
134.44 0.07 0.06 0.08 0.07 0.17 0.18 0.01 -0.01 0.00 3.61 94.23 90.06 
134.54 0.06 0.07 0.07 0.07 0.12 0.11 0.01 -0.02 0.00 3.84 94.29 90.05 
134.64 0.07 0.07 0.07 0.07 0.10 0.11 0.01 -0.02 0.00 3.69 94.16 90.02 
134.74 0.06 0.06 0.07 0.07 0.13 0.13 0.01 -0.00 0.00 3.61 94.04 90.03 
134.84 0.06 0.05 0.06 0.07 0.15 0.16 0.00 -0.00 0.00 3.14 93.92 90.03 
134.94 0.05 0.06 0.09 0.08 0.16 0.15 0.02 -0.01 0.00 3.19 94.39 90.05 
135.04 0.07 0.06 0.07 0.07 0.14 0.12 0.01 -0.01 0.00 3.51 94.19 90.01 
135.15 0.05 0.06 0.06 0.07 0.13 0.12 0.01 -0.01 0.00 3.77 93.80 90.03 
135.25 0.05 0.06 0.07 0.07 0.18 0.18 0.01 -0.02 0.00 3.47 93.99 90.07 
135.35 0.06 0.06 0.07 0.07 0.18 0.17 0.02 -0.01 0.00 3.57 94.08 90.04 
135.45 0.08 0.07 0.09 0.07 0.10 0.10 0.01 0.01 0.00 4.20 94.17 90.03 
135.55 0.07 0.07 0.07 0.07 0.14 0.14 0.01 -0.01 0.00 3.89 94.18 90.05 
135.66 0.06 0.06 0.07 0.07 0.18 0.17 0.01 -0.01 0.00 3.76 94.10 90.02 
135.76 0.06 0.06 0.07 0.07 0.19 0.18 0.01 -0.02 0.00 3.58 94.19 90.03 
135.86 0.06 0.06 0.07 0.07 0.17 0.17 0.00 -0.01 0.00 3.54 94.09 90.04 
135.96 0.03 0.07 0.04 0.06 0.09 0.07 0.01 -0.02 0.00 4.44 93.74 90.07 
136.06 0.12 0.09 0.08 0.07 0.03 0.06 0.01 -0.02 0.00 4.94 93.86 90.02 
136.16 0.07 0.07 0.09 0.07 0.12 0.11 0.01 -0.01 0.00 4.01 94.29 90.01 
136.27 0.06 0.06 0.07 0.07 0.14 0.13 0.01 -0.02 0.00 3.76 94.24 90.04 
136.37 0.06 0.06 0.07 0.07 0.15 0.16 0.01 -0.01 0.00 3.64 94.14 90.03 
136.47 0.12 0.08 0.07 0.06 0.05 0.09 0.01 -0.03 0.01 4.39 93.64 90.06 
136.57 0.06 0.06 0.08 0.07 0.16 0.15 0.01 -0.00 0.00 3.60 93.87 90.00 
136.68 0.07 0.07 0.08 0.07 0.11 0.10 0.01 -0.00 0.00 4.13 94.04 90.05 
