0 0 0 0 0 0 1.79 0 0.00000000 0.00000000 0.00 0.00 0.00 0.00 0.00 0.00 
0 0 0 0 0 0 1.90 0 0.00000000 0.00000000 0.00 0.00 0.00 0.00 0.00 0.00 
0 0 0 0 0 0 1.92 0 0.00000000 0.00000000 0.00 0.00 0.00 0.00 0.00 0.00 
0 0 0 0 0 0 1.94 0 0.00000000 0.00000000 0.00 0.00 0.00 0.00 0.00 0.00 
0 0 0 0 0 0 1.97 0 0.00000000 0.00000000 0.00 0.00 0.00 0.00 0.00 0.00 
0 0 0 0 0 0 1.99 0 0.00000000 0.00000000 0.00 0.00 0.00 0.00 0.00 0.00 
0 0 0 0 0 0 2.01 0 0.00000000 0.00000000 0.00 0.00 0.00 26.04 54.29 0.00 
0 0 0 0 0 0 2.04 0 0.00000000 0.00000000 0.00 0.00 0.00 26.04 54.29 0.00 
0 0 0 0 0 0 2.06 0 0.00000000 0.00000000 0.00 0.00 0.00 26.04 54.29 0.00 
0 0 0 0 0 0 2.09 0 0.00000000 0.00000000 0.00 0.00 0.00 26.04 54.29 0.00 
0 0 0 0 0 0 2.11 0 0.00000000 0.00000000 0.00 0.00 0.00 26.04 54.29 0.00 
0 0 0 0 0 0 2.13 0 0.00000000 0.00000000 0.00 0.00 0.00 26.04 54.29 0.00 
0 0 0 0 0 0 2.15 0 0.00000000 0.00000000 0.00 0.00 0.00 26.04 54.29 0.00 
0 0 0 0 0 0 2.18 0 0.00000000 0.00000000 0.00 0.00 0.00 26.04 54.29 0.00 
0 0 0 0 0 0 2.20 0 0.00000000 0.00000000 0.00 0.00 0.00 26.04 54.29 0.00 
0 0 0 0 0 0 2.22 0 0.00000000 0.00000000 0.00 0.00 0.00 26.04 54.29 0.00 
0 0 0 0 0 0 2.24 0 0.00000000 0.00000000 0.00 0.00 0.00 26.04 54.29 0.00 
0 0 0 0 0 0 2.27 0 0.00000000 0.00000000 0.00 0.00 0.00 26.04 54.29 0.00 
0 0 0 0 0 0 2.29 0 0.00000000 0.00000000 0.00 0.00 0.00 26.04 54.29 0.00 
0 0 0 0 0 0 2.31 0 0.00000000 0.00000000 0.00 0.00 0.00 26.04 54.29 0.00 
0 0 0 0 0 0 2.33 0 0.00000000 0.00000000 0.00 0.00 0.00 26.04 54.29 0.00 
0 0 0 0 0 0 2.36 0 0.00000000 0.00000000 0.00 0.00 0.00 26.04 54.29 0.00 
0 0 0 0 0 0 2.38 0 0.00000000 0.00000000 0.00 0.00 0.00 26.04 54.29 0.00 
0 0 0 0 0 0 2.41 0 0.00000000 0.00000000 0.00 0.00 0.00 26.04 54.29 0.00 
0 0 0 0 0 0 2.43 0 0.00000000 0.00000000 0.00 0.00 0.00 26.04 54.29 0.00 
0 0 0 0 0 0 2.45 0 0.00000000 0.00000000 0.00 0.00 0.00 26.04 54.29 0.00 
0 0 0 0 0 0 2.48 0 0.00000000 0.00000000 0.00 0.00 0.00 26.04 54.29 0.00 
0 0 0 0 0 0 2.50 0 0.00000000 0.00000000 0.00 0.00 0.00 26.04 54.29 0.00 
0 0 0 0 0 0 2.52 0 0.00000000 0.00000000 0.00 0.00 0.00 26.04 54.29 0.00 
0 0 0 0 0 0 2.55 0 0.00000000 0.00000000 0.00 0.00 0.00 26.04 54.29 0.00 
0 0 0 0 0 0 2.57 0 0.00000000 0.00000000 0.00 0.00 0.00 26.04 54.29 0.00 
0 0 0 0 0 0 2.59 0 0.00000000 0.00000000 0.00 0.00 0.00 26.04 54.29 0.00 
0 0 0 0 0 0 2.62 0 0.00000000 0.00000000 0.00 0.00 0.00 26.04 54.29 0.00 
0 0 0 0 0 0 2.64 0 0.00000000 0.00000000 0.00 0.00 0.00 26.04 54.29 0.00 
0 0 0 0 0 0 2.66 0 0.00000000 0.00000000 0.00 0.00 0.00 26.04 54.29 0.00 
0 0 0 0 0 0 2.69 0 0.00000000 0.00000000 0.00 0.00 0.00 26.04 54.29 0.00 
0 0 0 0 0 0 2.71 0 0.00000000 0.00000000 0.00 0.00 0.00 26.04 54.29 0.00 
0 0 0 0 0 0 2.73 0 0.00000000 0.00000000 0.00 0.00 0.00 26.04 54.29 0.00 
0 0 0 0 0 0 2.76 0 0.00000000 0.00000000 0.00 0.00 0.00 26.04 54.29 0.00 
0 0 0 0 0 0 2.78 0 0.00000000 0.00000000 0.00 0.00 0.00 26.04 54.29 0.00 
0 0 0 0 0 0 2.80 0 0.00000000 0.00000000 0.00 0.00 0.00 26.04 54.29 0.00 
0 0 0 0 0 0 2.82 0 0.00000000 0.00000000 0.00 0.00 0.00 26.04 54.29 0.00 
0 0 0 0 0 0 2.85 0 0.00000000 0.00000000 0.00 0.00 0.00 26.04 54.29 0.00 
0 0 0 0 0 0 2.87 0 0.00000000 0.00000000 0.00 0.00 0.00 26.04 54.29 0.00 
0 0 0 0 0 0 2.90 0 0.00000000 0.00000000 0.00 0.00 0.00 26.04 54.29 0.00 
0 0 0 0 0 0 2.92 0 0.00000000 0.00000000 0.00 0.00 0.00 26.04 54.29 0.00 
0 0 0 0 0 0 2.94 0 0.00000000 0.00000000 0.00 0.00 0.00 26.04 54.29 0.00 
0 0 0 0 0 0 2.96 0 0.00000000 0.00000000 0.00 0.00 0.00 26.04 54.29 0.00 
0 0 0 0 0 0 2.99 0 0.00000000 0.00000000 0.00 0.00 0.00 26.04 54.29 0.00 
0 0 0 0 0 0 3.02 0 0.00000000 0.00000000 0.00 0.00 0.00 25.30 54.55 0.00 
0 0 0 0 0 0 3.04 0 0.00000000 0.00000000 0.00 0.00 0.00 25.30 54.55 0.00 
0 0 0 0 0 0 3.06 0 0.00000000 0.00000000 0.00 0.00 0.00 25.30 54.55 0.00 
0 0 0 0 0 0 3.09 0 0.00000000 0.00000000 0.00 0.00 0.00 25.30 54.55 0.00 
0 0 0 0 0 0 3.12 0 0.00000000 0.00000000 0.00 0.00 0.00 25.30 54.55 0.00 
0 0 0 0 0 0 3.15 0 0.00000000 0.00000000 0.00 0.00 0.00 25.30 54.55 0.00 
0 0 0 0 0 0 3.18 0 0.00000000 0.00000000 0.00 0.00 0.00 25.30 54.55 0.00 
0 0 0 0 0 0 3.21 0 0.00000000 0.00000000 0.00 0.00 0.00 25.30 54.55 0.00 
0 0 0 0 0 0 3.24 0 0.00000000 0.00000000 0.00 0.00 0.00 25.30 54.55 0.00 
0 0 0 0 0 0 3.26 0 0.00000000 0.00000000 0.00 0.00 0.00 25.30 54.55 0.00 
0 0 0 0 0 0 3.28 0 0.00000000 0.00000000 0.00 0.00 0.00 25.30 54.55 0.00 
0 0 0 0 0 0 3.30 0 0.00000000 0.00000000 0.00 0.00 0.00 25.30 54.55 0.00 
0 0 0 0 0 0 3.33 0 0.00000000 0.00000000 0.00 0.00 0.00 25.30 54.55 0.00 
0 0 0 0 0 0 3.35 0 0.00000000 0.00000000 0.00 0.00 0.00 25.30 54.55 0.00 
0 0 0 0 0 0 3.38 0 0.00000000 0.00000000 0.00 0.00 0.00 25.30 54.55 0.00 
0 0 0 0 0 0 3.40 0 0.00000000 0.00000000 0.00 0.00 0.00 25.30 54.55 0.00 
0 0 0 0 0 0 3.42 0 0.00000000 0.00000000 0.00 0.00 0.00 25.30 54.55 0.00 
0 0 0 0 0 0 3.44 0 0.00000000 0.00000000 0.00 0.00 0.00 25.30 54.55 0.00 
0 0 0 0 0 0 3.47 0 0.00000000 0.00000000 0.00 0.00 0.00 25.30 54.55 0.00 
0 0 0 0 0 0 3.49 0 0.00000000 0.00000000 0.00 0.00 0.00 25.30 54.55 0.00 
0 0 0 0 0 0 3.51 0 0.00000000 0.00000000 0.00 0.00 0.00 25.30 54.55 0.00 
0 0 0 0 0 0 3.54 0 0.00000000 0.00000000 0.00 0.00 0.00 25.30 54.55 0.00 
0 0 0 0 0 0 3.56 0 0.00000000 0.00000000 0.00 0.00 0.00 25.30 54.55 0.00 
0 0 0 0 0 0 3.59 0 0.00000000 0.00000000 0.00 0.00 0.00 25.30 54.55 0.00 
0 0 0 0 0 0 3.61 0 0.00000000 0.00000000 0.00 0.00 0.00 25.30 54.55 0.00 
0 0 0 0 0 0 3.63 0 0.00000000 0.00000000 0.00 0.00 0.00 25.30 54.55 0.00 
0 0 0 0 0 0 3.65 0 0.00000000 0.00000000 0.00 0.00 0.00 25.30 54.55 0.00 
0 0 0 0 0 0 3.68 0 0.00000000 0.00000000 0.00 0.00 0.00 25.30 54.55 0.00 
0 0 0 0 0 0 3.70 0 0.00000000 0.00000000 0.00 0.00 0.00 25.30 54.55 0.00 
0 0 0 0 0 0 3.73 0 0.00000000 0.00000000 0.00 0.00 0.00 25.30 54.55 0.00 
0 0 0 0 0 0 3.75 0 0.00000000 0.00000000 0.00 0.00 0.00 25.30 54.55 0.00 
0 0 0 0 0 0 3.77 0 0.00000000 0.00000000 0.00 0.00 0.00 25.30 54.55 0.00 
0 0 0 0 0 0 3.79 0 0.00000000 0.00000000 0.00 0.00 0.00 25.30 54.55 0.00 
0 0 0 0 0 0 3.82 0 0.00000000 0.00000000 0.00 0.00 0.00 25.30 54.55 0.00 
0 0 0 0 0 0 3.84 0 0.00000000 0.00000000 0.00 0.00 0.00 25.30 54.55 0.00 
0 0 0 0 0 0 3.87 0 0.00000000 0.00000000 0.00 0.00 0.00 25.30 54.55 0.00 
0 0 0 0 0 0 3.89 0 0.00000000 0.00000000 0.00 0.00 0.00 25.30 54.55 0.00 
0 0 0 0 0 0 3.91 0 0.00000000 0.00000000 0.00 0.00 0.00 25.30 54.55 0.00 
0 0 0 0 0 0 3.93 0 0.00000000 0.00000000 0.00 0.00 0.00 25.30 54.55 0.00 
0 0 0 0 0 0 3.96 0 0.00000000 0.00000000 0.00 0.00 0.00 25.30 54.55 0.00 
0 0 0 0 0 0 3.98 0 0.00000000 0.00000000 0.00 0.00 0.00 25.30 54.55 0.00 
0 0 0 0 0 0 4.01 0 0.00000000 0.00000000 0.00 0.00 0.00 2.68 -80.16 0.00 
0 0 0 0 0 0 4.03 0 0.00000000 0.00000000 0.00 0.00 0.00 2.68 -80.16 0.00 
0 0 0 0 0 0 4.06 0 0.00000000 0.00000000 0.00 0.00 0.00 2.68 -80.16 0.00 
0 0 0 0 0 0 4.08 0 0.00000000 0.00000000 0.00 0.00 0.00 2.68 -80.16 0.00 
0 0 0 0 0 0 4.10 0 0.00000000 0.00000000 0.00 0.00 0.00 2.68 -80.16 0.00 
0 0 0 0 0 0 4.13 0 0.00000000 0.00000000 0.00 0.00 0.00 2.68 -80.16 0.00 
0 0 0 0 0 0 4.15 0 0.00000000 0.00000000 0.00 0.00 0.00 2.68 -80.16 0.00 
0 0 0 0 0 0 4.17 0 0.00000000 0.00000000 0.00 0.00 0.00 2.68 -80.16 0.00 
0 0 0 0 0 0 4.20 0 0.00000000 0.00000000 0.00 0.00 0.00 2.68 -80.16 0.00 
0 0 0 0 0 0 4.22 0 0.00000000 0.00000000 0.00 0.00 0.00 2.68 -80.16 0.00 
0 0 0 0 0 0 4.24 0 0.00000000 0.00000000 0.00 0.00 0.00 2.68 -80.16 0.00 
0 0 0 0 0 0 4.26 0 0.00000000 0.00000000 0.00 0.00 0.00 2.68 -80.16 0.00 
0 0 0 0 0 0 4.29 0 0.00000000 0.00000000 0.00 0.00 0.00 2.68 -80.16 0.00 
0 0 0 0 0 0 4.31 0 0.00000000 0.00000000 0.00 0.00 0.00 2.68 -80.16 0.00 
0 0 0 0 0 0 4.34 0 0.00000000 0.00000000 0.00 0.00 0.00 2.68 -80.16 0.00 
0 0 0 0 0 0 4.36 0 0.00000000 0.00000000 0.00 0.00 0.00 2.68 -80.16 0.00 
0 0 0 0 0 0 4.38 0 0.00000000 0.00000000 0.00 0.00 0.00 2.68 -80.16 0.00 
0 0 0 0 0 0 4.41 0 0.00000000 0.00000000 0.00 0.00 0.00 2.68 -80.16 0.00 
0 0 0 0 0 0 4.43 0 0.00000000 0.00000000 0.00 0.00 0.00 2.68 -80.16 0.00 
0 0 0 0 0 0 4.45 0 0.00000000 0.00000000 0.00 0.00 0.00 2.68 -80.16 0.00 
0 0 0 0 0 0 4.47 0 0.00000000 0.00000000 0.00 0.00 0.00 2.68 -80.16 0.00 
0 0 0 0 0 0 4.52 0 0.00000000 0.00000000 0.00 0.00 0.00 2.68 -80.16 0.00 
0 0 0 0 0 0 4.55 0 0.00000000 0.00000000 0.00 0.00 0.00 2.68 -80.16 0.00 
0 0 0 0 0 0 4.58 0 0.00000000 0.00000000 0.00 0.00 0.00 2.68 -80.16 0.00 
0 0 0 0 0 0 4.60 0 0.00000000 0.00000000 0.00 0.00 0.00 2.68 -80.16 0.00 
0 0 0 0 0 0 4.62 0 0.00000000 0.00000000 0.00 0.00 0.00 2.68 -80.16 0.00 
0 0 0 0 0 0 4.65 0 0.00000000 0.00000000 0.00 0.00 0.00 2.68 -80.16 0.00 
0 0 0 0 0 0 4.67 0 0.00000000 0.00000000 0.00 0.00 0.00 2.68 -80.16 0.00 
0 0 0 0 0 0 4.70 0 0.00000000 0.00000000 0.00 0.00 0.00 2.68 -80.16 0.00 
0 0 0 0 0 0 4.72 0 0.00000000 0.00000000 0.00 0.00 0.00 2.68 -80.16 0.00 
0 0 0 0 0 0 4.74 0 0.00000000 0.00000000 0.00 0.00 0.00 2.68 -80.16 0.00 
0 0 0 0 0 0 4.76 0 0.00000000 0.00000000 0.00 0.00 0.00 2.68 -80.16 0.00 
0 0 0 0 0 0 4.79 0 0.00000000 0.00000000 0.00 0.00 0.00 2.68 -80.16 0.00 
0 0 0 0 0 0 4.81 0 0.00000000 0.00000000 0.00 0.00 0.00 2.68 -80.16 0.00 
0 0 0 0 0 0 4.83 0 0.00000000 0.00000000 0.00 0.00 0.00 2.68 -80.16 0.00 
0 0 0 0 0 0 4.86 0 0.00000000 0.00000000 0.00 0.00 0.00 2.68 -80.16 0.00 
0 0 0 0 0 0 4.88 0 0.00000000 0.00000000 0.00 0.00 0.00 2.68 -80.16 0.00 
0 0 0 0 0 0 4.90 0 0.00000000 0.00000000 0.00 0.00 0.00 2.68 -80.16 0.00 
0 0 0 0 0 0 4.93 0 0.00000000 0.00000000 0.00 0.00 0.00 2.68 -80.16 0.00 
0 0 0 0 0 0 4.95 0 0.00000000 0.00000000 0.00 0.00 0.00 2.68 -80.16 0.00 
0 0 0 0 0 0 4.97 0 0.00000000 0.00000000 0.00 0.00 0.00 2.68 -80.16 0.00 
0 0 0 0 0 0 4.99 0 0.00000000 0.00000000 0.00 0.00 0.00 2.68 -80.16 0.00 
0 0 0 0 0 0 5.03 0 0.00000000 0.00000000 0.00 0.00 0.00 0.47 87.06 0.00 
0 0 0 0 0 0 5.05 0 0.00000000 0.00000000 0.00 0.00 0.00 0.47 87.06 0.00 
0 0 0 0 0 0 5.07 0 0.00000000 0.00000000 0.00 0.00 0.00 0.47 87.06 0.00 
0 0 0 0 0 0 5.09 0 0.00000000 0.00000000 0.00 0.00 0.00 0.47 87.06 0.00 
0 0 0 0 0 0 5.12 0 0.00000000 0.00000000 0.00 0.00 0.00 0.47 87.06 0.00 
0 0 0 0 0 0 5.14 0 0.00000000 0.00000000 0.00 0.00 0.00 0.47 87.06 0.00 
0 0 0 0 0 0 5.16 0 0.00000000 0.00000000 0.00 0.00 0.00 0.47 87.06 0.00 
0 0 0 0 0 0 5.19 0 0.00000000 0.00000000 0.00 0.00 0.00 0.47 87.06 0.00 
0 0 0 0 0 0 5.21 0 0.00000000 0.00000000 0.00 0.00 0.00 0.47 87.06 0.00 
0 0 0 0 0 0 5.23 0 0.00000000 0.00000000 0.00 0.00 0.00 0.47 87.06 0.00 
0 0 0 0 0 0 5.26 0 0.00000000 0.00000000 0.00 0.00 0.00 0.47 87.06 0.00 
0 0 0 0 0 0 5.28 0 0.00000000 0.00000000 0.00 0.00 0.00 0.47 87.06 0.00 
0 0 0 0 0 0 5.30 0 0.00000000 0.00000000 0.00 0.00 0.00 0.47 87.06 0.00 
0 0 0 0 0 0 5.32 0 0.00000000 0.00000000 0.00 0.00 0.00 0.47 87.06 0.00 
0 0 0 0 0 0 5.35 0 0.00000000 0.00000000 0.00 0.00 0.00 0.47 87.06 0.00 
0 0 0 0 0 0 5.37 0 0.00000000 0.00000000 0.00 0.00 0.00 0.47 87.06 0.00 
0 0 0 0 0 0 5.40 0 0.00000000 0.00000000 0.00 0.00 0.00 0.47 87.06 0.00 
0 0 0 0 0 0 5.42 0 0.00000000 0.00000000 0.00 0.00 0.00 0.47 87.06 0.00 
0 0 0 0 0 0 5.44 0 0.00000000 0.00000000 0.00 0.00 0.00 0.47 87.06 0.00 
0 0 0 0 0 0 5.46 0 0.00000000 0.00000000 0.00 0.00 0.00 0.47 87.06 0.00 
0 0 0 0 0 0 5.49 0 0.00000000 0.00000000 0.00 0.00 0.00 0.47 87.06 0.00 
0 0 0 0 0 0 5.51 0 0.00000000 0.00000000 0.00 0.00 0.00 0.47 87.06 0.00 
0 0 0 0 0 0 5.53 0 0.00000000 0.00000000 0.00 0.00 0.00 0.47 87.06 0.00 
0 0 0 0 0 0 5.56 0 0.00000000 0.00000000 0.00 0.00 0.00 0.47 87.06 0.00 
0 0 0 0 0 0 5.58 0 0.00000000 0.00000000 0.00 0.00 0.00 0.47 87.06 0.00 
0 0 0 0 0 0 5.60 0 0.00000000 0.00000000 0.00 0.00 0.00 0.47 87.06 0.00 
0 0 0 0 0 0 5.62 0 0.00000000 0.00000000 0.00 0.00 0.00 0.47 87.06 0.00 
0 0 0 0 0 0 5.65 0 0.00000000 0.00000000 0.00 0.00 0.00 0.47 87.06 0.00 
0 0 0 0 0 0 5.67 0 0.00000000 0.00000000 0.00 0.00 0.00 0.47 87.06 0.00 
0 0 0 0 0 0 5.70 0 0.00000000 0.00000000 0.00 0.00 0.00 0.47 87.06 0.00 
0 0 0 0 0 0 5.72 0 0.00000000 0.00000000 0.00 0.00 0.00 0.47 87.06 0.00 
0 0 0 0 0 0 5.74 0 0.00000000 0.00000000 0.00 0.00 0.00 0.47 87.06 0.00 
0 0 0 0 0 0 5.76 0 0.00000000 0.00000000 0.00 0.00 0.00 0.47 87.06 0.00 
0 0 0 0 0 0 5.79 0 0.00000000 0.00000000 0.00 0.00 0.00 0.47 87.06 0.00 
0 0 0 0 0 0 5.81 0 0.00000000 0.00000000 0.00 0.00 0.00 0.47 87.06 0.00 
0 0 0 0 0 0 5.85 0 0.00000000 0.00000000 0.00 0.00 0.00 0.47 87.06 0.00 
0 0 0 0 0 0 5.87 0 0.00000000 0.00000000 0.00 0.00 0.00 0.47 87.06 0.00 
0 0 0 0 0 0 5.89 0 0.00000000 0.00000000 0.00 0.00 0.00 0.47 87.06 0.00 
0 0 0 0 0 0 5.92 0 0.00000000 0.00000000 0.00 0.00 0.00 0.47 87.06 0.00 
0 0 0 0 0 0 5.96 0 0.00000000 0.00000000 0.00 0.00 0.00 0.47 87.06 0.00 
0 0 0 0 0 0 5.98 0 0.00000000 0.00000000 0.00 0.00 0.00 0.47 87.06 0.00 
0 0 0 0 0 0 6.01 0 0.00000000 0.00000000 0.00 0.00 0.00 29.31 51.36 0.00 
0 0 0 0 0 0 6.03 0 0.00000000 0.00000000 0.00 0.00 0.00 29.31 51.36 0.00 
0 0 0 0 0 0 6.06 0 0.00000000 0.00000000 0.00 0.00 0.00 29.31 51.36 0.00 
0 0 0 0 0 0 6.08 0 0.00000000 0.00000000 0.00 0.00 0.00 29.31 51.36 0.00 
0 0 0 0 0 0 6.10 0 0.00000000 0.00000000 0.00 0.00 0.00 29.31 51.36 0.00 
0 0 0 0 0 0 6.13 0 0.00000000 0.00000000 0.00 0.00 0.00 29.31 51.36 0.00 
0 0 0 0 0 0 6.15 0 0.00000000 0.00000000 0.00 0.00 0.00 29.31 51.36 0.00 
0 0 0 0 0 0 6.17 0 0.00000000 0.00000000 0.00 0.00 0.00 29.31 51.36 0.00 
0 0 0 0 0 0 6.20 0 0.00000000 0.00000000 0.00 0.00 0.00 29.31 51.36 0.00 
0 0 0 0 0 0 6.22 0 0.00000000 0.00000000 0.00 0.00 0.00 29.31 51.36 0.00 
0 0 0 0 0 0 6.24 0 0.00000000 0.00000000 0.00 0.00 0.00 29.31 51.36 0.00 
0 0 0 0 0 0 6.27 0 0.00000000 0.00000000 0.00 0.00 0.00 29.31 51.36 0.00 
0 0 0 0 0 0 6.29 0 0.00000000 0.00000000 0.00 0.00 0.00 29.31 51.36 0.00 
0 0 0 0 0 0 6.31 0 0.00000000 0.00000000 0.00 0.00 0.00 29.31 51.36 0.00 
0 0 0 0 0 0 6.34 0 0.00000000 0.00000000 0.00 0.00 0.00 29.31 51.36 0.00 
0 0 0 0 0 0 6.36 0 0.00000000 0.00000000 0.00 0.00 0.00 29.31 51.36 0.00 
0 0 0 0 0 0 6.38 0 0.00000000 0.00000000 0.00 0.00 0.00 29.31 51.36 0.00 
0 0 0 0 0 0 6.41 0 0.00000000 0.00000000 0.00 0.00 0.00 29.31 51.36 0.00 
0 0 0 0 0 0 6.43 0 0.00000000 0.00000000 0.00 0.00 0.00 29.31 51.36 0.00 
0 0 0 0 0 0 6.45 0 0.00000000 0.00000000 0.00 0.00 0.00 29.31 51.36 0.00 
0 0 0 0 0 0 6.48 0 0.00000000 0.00000000 0.00 0.00 0.00 29.31 51.36 0.00 
0 0 0 0 0 0 6.50 0 0.00000000 0.00000000 0.00 0.00 0.00 29.31 51.36 0.00 
0 0 0 0 0 0 6.52 0 0.00000000 0.00000000 0.00 0.00 0.00 29.31 51.36 0.00 
0 0 0 0 0 0 6.55 0 0.00000000 0.00000000 0.00 0.00 0.00 29.31 51.36 0.00 
0 0 0 0 0 0 6.57 0 0.00000000 0.00000000 0.00 0.00 0.00 29.31 51.36 0.00 
0 0 0 0 0 0 6.59 0 0.00000000 0.00000000 0.00 0.00 0.00 29.31 51.36 0.00 
0 0 0 0 0 0 6.62 0 0.00000000 0.00000000 0.00 0.00 0.00 29.31 51.36 0.00 
0 0 0 0 0 0 6.64 0 0.00000000 0.00000000 0.00 0.00 0.00 29.31 51.36 0.00 
0 0 0 0 0 0 6.66 0 0.00000000 0.00000000 0.00 0.00 0.00 29.31 51.36 0.00 
0 0 0 0 0 0 6.69 0 0.00000000 0.00000000 0.00 0.00 0.00 29.31 51.36 0.00 
0 0 0 0 0 0 6.71 0 0.00000000 0.00000000 0.00 0.00 0.00 29.31 51.36 0.00 
0 0 0 0 0 0 6.73 0 0.00000000 0.00000000 0.00 0.00 0.00 29.31 51.36 0.00 
0 0 0 0 0 0 6.76 0 0.00000000 0.00000000 0.00 0.00 0.00 29.31 51.36 0.00 
0 0 0 0 0 0 6.78 0 0.00000000 0.00000000 0.00 0.00 0.00 29.31 51.36 0.00 
0 0 0 0 0 0 6.80 0 0.00000000 0.00000000 0.00 0.00 0.00 29.31 51.36 0.00 
0 0 0 0 0 0 6.82 0 0.00000000 0.00000000 0.00 0.00 0.00 29.31 51.36 0.00 
0 0 0 0 0 0 6.85 0 0.00000000 0.00000000 0.00 0.00 0.00 29.31 51.36 0.00 
0 0 0 0 0 0 6.87 0 0.00000000 0.00000000 0.00 0.00 0.00 29.31 51.36 0.00 
0 0 0 0 0 0 6.90 0 0.00000000 0.00000000 0.00 0.00 0.00 29.31 51.36 0.00 
0 0 0 0 0 0 6.92 0 0.00000000 0.00000000 0.00 0.00 0.00 29.31 51.36 0.00 
0 0 0 0 0 0 6.94 0 0.00000000 0.00000000 0.00 0.00 0.00 29.31 51.36 0.00 
0 0 0 0 0 0 6.97 0 0.00000000 0.00000000 0.00 0.00 0.00 29.31 51.36 0.00 
0 0 0 0 0 0 6.99 0 0.00000000 0.00000000 0.00 0.00 0.00 29.31 51.36 0.00 
0 0 0 0 0 0 7.02 0 0.00000000 0.00000000 0.00 0.00 0.00 44.89 30.16 0.00 
0 0 0 0 0 0 7.04 0 0.00000000 0.00000000 0.00 0.00 0.00 44.89 30.16 0.00 
0 0 0 0 0 0 7.07 0 0.00000000 0.00000000 0.00 0.00 0.00 44.89 30.16 0.00 
0 0 0 0 0 0 7.09 0 0.00000000 0.00000000 0.00 0.00 0.00 44.89 30.16 0.00 
0 0 0 0 0 0 7.11 0 0.00000000 0.00000000 0.00 0.00 0.00 44.89 30.16 0.00 
0 0 0 0 0 0 7.13 0 0.00000000 0.00000000 0.00 0.00 0.00 44.89 30.16 0.00 
0 0 0 0 0 0 7.16 0 0.00000000 0.00000000 0.00 0.00 0.00 44.89 30.16 0.00 
0 0 0 0 0 0 7.19 0 0.00000000 0.00000000 0.00 0.00 0.00 44.89 30.16 0.00 
0 0 0 0 0 0 7.22 0 0.00000000 0.00000000 0.00 0.00 0.00 44.89 30.16 0.00 
0 0 0 0 0 0 7.24 0 0.00000000 0.00000000 0.00 0.00 0.00 44.89 30.16 0.00 
0 0 0 0 0 0 7.26 0 0.00000000 0.00000000 0.00 0.00 0.00 44.89 30.16 0.00 
0 0 0 0 0 0 7.28 0 0.00000000 0.00000000 0.00 0.00 0.00 44.89 30.16 0.00 
0 0 0 0 0 0 7.31 0 0.00000000 0.00000000 0.00 0.00 0.00 44.89 30.16 0.00 
0 0 0 0 0 0 7.34 0 0.00000000 0.00000000 0.00 0.00 0.00 44.89 30.16 0.00 
0 0 0 0 0 0 7.38 0 0.00000000 0.00000000 0.00 0.00 0.00 44.89 30.16 0.00 
0 0 0 0 0 0 7.40 0 0.00000000 0.00000000 0.00 0.00 0.00 44.89 30.16 0.00 
0 0 0 0 0 0 7.42 0 0.00000000 0.00000000 0.00 0.00 0.00 44.89 30.16 0.00 
0 0 0 0 0 0 7.45 0 0.00000000 0.00000000 0.00 0.00 0.00 44.89 30.16 0.00 
0 0 0 0 0 0 7.47 0 0.00000000 0.00000000 0.00 0.00 0.00 44.89 30.16 0.00 
0 0 0 0 0 0 7.49 0 0.00000000 0.00000000 0.00 0.00 0.00 44.89 30.16 0.00 
0 0 0 0 0 0 7.52 0 0.00000000 0.00000000 0.00 0.00 0.00 44.89 30.16 0.00 
0 0 0 0 0 0 7.54 0 0.00000000 0.00000000 0.00 0.00 0.00 44.89 30.16 0.00 
0 0 0 0 0 0 7.56 0 0.00000000 0.00000000 0.00 0.00 0.00 44.89 30.16 0.00 
0 0 0 0 0 0 7.59 0 0.00000000 0.00000000 0.00 0.00 0.00 44.89 30.16 0.00 
0 0 0 0 0 0 7.61 0 0.00000000 0.00000000 0.00 0.00 0.00 44.89 30.16 0.00 
0 0 0 0 0 0 7.63 0 0.00000000 0.00000000 0.00 0.00 0.00 44.89 30.16 0.00 
0 0 0 0 0 0 7.66 0 0.00000000 0.00000000 0.00 0.00 0.00 44.89 30.16 0.00 
0 0 0 0 0 0 7.68 0 0.00000000 0.00000000 0.00 0.00 0.00 44.89 30.16 0.00 
0 0 0 0 0 0 7.71 0 0.00000000 0.00000000 0.00 0.00 0.00 44.89 30.16 0.00 
0 0 0 0 0 0 7.73 0 0.00000000 0.00000000 0.00 0.00 0.00 44.89 30.16 0.00 
0 0 0 0 0 0 7.75 0 0.00000000 0.00000000 0.00 0.00 0.00 44.89 30.16 0.00 
0 0 0 0 0 0 7.77 0 0.00000000 0.00000000 0.00 0.00 0.00 44.89 30.16 0.00 
0 0 0 0 0 0 7.80 0 0.00000000 0.00000000 0.00 0.00 0.00 44.89 30.16 0.00 
0 0 0 0 0 0 7.82 0 0.00000000 0.00000000 0.00 0.00 0.00 44.89 30.16 0.00 
0 0 0 0 0 0 7.84 0 0.00000000 0.00000000 0.00 0.00 0.00 44.89 30.16 0.00 
0 0 0 0 0 0 7.87 0 0.00000000 0.00000000 0.00 0.00 0.00 44.89 30.16 0.00 
0 0 0 0 0 0 7.89 0 0.00000000 0.00000000 0.00 0.00 0.00 44.89 30.16 0.00 
0 0 0 0 0 0 7.91 0 0.00000000 0.00000000 0.00 0.00 0.00 44.89 30.16 0.00 
0 0 0 0 0 0 7.94 0 0.00000000 0.00000000 0.00 0.00 0.00 44.89 30.16 0.00 
0 0 0 0 0 0 7.96 0 0.00000000 0.00000000 0.00 0.00 0.00 44.89 30.16 0.00 
0 0 0 0 0 0 7.98 0 0.00000000 0.00000000 0.00 0.00 0.00 44.89 30.16 0.00 
0 0 0 0 0 0 8.01 0 0.00000000 0.00000000 0.00 0.00 0.00 15.75 64.22 0.00 
0 0 0 0 0 0 8.04 0 0.00000000 0.00000000 0.00 0.00 0.00 15.75 64.22 0.00 
0 0 0 0 0 0 8.06 0 0.00000000 0.00000000 0.00 0.00 0.00 15.75 64.22 0.00 
0 0 0 0 0 0 8.08 0 0.00000000 0.00000000 0.00 0.00 0.00 15.75 64.22 0.00 
0 0 0 0 0 0 8.10 0 0.00000000 0.00000000 0.00 0.00 0.00 15.75 64.22 0.00 
0 0 0 0 0 0 8.13 0 0.00000000 0.00000000 0.00 0.00 0.00 15.75 64.22 0.00 
0 0 0 0 0 0 8.15 0 0.00000000 0.00000000 0.00 0.00 0.00 15.75 64.22 0.00 
0 0 0 0 0 0 8.18 0 0.00000000 0.00000000 0.00 0.00 0.00 15.75 64.22 0.00 
0 0 0 0 0 0 8.20 0 0.00000000 0.00000000 0.00 0.00 0.00 15.75 64.22 0.00 
0 0 0 0 0 0 8.22 0 0.00000000 0.00000000 0.00 0.00 0.00 15.75 64.22 0.00 
0 0 0 0 0 0 8.25 0 0.00000000 0.00000000 0.00 0.00 0.00 15.75 64.22 0.00 
0 0 0 0 0 0 8.27 0 0.00000000 0.00000000 0.00 0.00 0.00 15.75 64.22 0.00 
0 0 0 0 0 0 8.29 0 0.00000000 0.00000000 0.00 0.00 0.00 15.75 64.22 0.00 
0 0 0 0 0 0 8.31 0 0.00000000 0.00000000 0.00 0.00 0.00 15.75 64.22 0.00 
0 0 0 0 0 0 8.34 0 0.00000000 0.00000000 0.00 0.00 0.00 15.75 64.22 0.00 
0 0 0 0 0 0 8.36 0 0.00000000 0.00000000 0.00 0.00 0.00 15.75 64.22 0.00 
0 0 0 0 0 0 8.39 0 0.00000000 0.00000000 0.00 0.00 0.00 15.75 64.22 0.00 
0 0 0 0 0 0 8.41 0 0.00000000 0.00000000 0.00 0.00 0.00 15.75 64.22 0.00 
0 0 0 0 0 0 8.43 0 0.00000000 0.00000000 0.00 0.00 0.00 15.75 64.22 0.00 
0 0 0 0 0 0 8.46 0 0.00000000 0.00000000 0.00 0.00 0.00 15.75 64.22 0.00 
0 0 0 0 0 0 8.48 0 0.00000000 0.00000000 0.00 0.00 0.00 15.75 64.22 0.00 
0 0 0 0 0 0 8.51 0 0.00000000 0.00000000 0.00 0.00 0.00 15.75 64.22 0.00 
0 0 0 0 0 0 8.54 0 0.00000000 0.00000000 0.00 0.00 0.00 15.75 64.22 0.00 
0 0 0 0 0 0 8.56 0 0.00000000 0.00000000 0.00 0.00 0.00 15.75 64.22 0.00 
0 0 0 0 0 0 8.58 0 0.00000000 0.00000000 0.00 0.00 0.00 15.75 64.22 0.00 
0 0 0 0 0 0 8.60 0 0.00000000 0.00000000 0.00 0.00 0.00 15.75 64.22 0.00 
0 0 0 0 0 0 8.63 0 0.00000000 0.00000000 0.00 0.00 0.00 15.75 64.22 0.00 
0 0 0 0 0 0 8.65 0 0.00000000 0.00000000 0.00 0.00 0.00 15.75 64.22 0.00 
0 0 0 0 0 0 8.68 0 0.00000000 0.00000000 0.00 0.00 0.00 15.75 64.22 0.00 
0 0 0 0 0 0 8.70 0 0.00000000 0.00000000 0.00 0.00 0.00 15.75 64.22 0.00 
0 0 0 0 0 0 8.72 0 0.00000000 0.00000000 0.00 0.00 0.00 15.75 64.22 0.00 
0 0 0 0 0 0 8.77 0 0.00000000 0.00000000 0.00 0.00 0.00 15.75 64.22 0.00 
0 0 0 0 0 0 8.79 0 0.00000000 0.00000000 0.00 0.00 0.00 15.75 64.22 0.00 
0 0 0 0 0 0 8.82 0 0.00000000 0.00000000 0.00 0.00 0.00 15.75 64.22 0.00 
0 0 0 0 0 0 8.84 0 0.00000000 0.00000000 0.00 0.00 0.00 15.75 64.22 0.00 
0 0 0 0 0 0 8.87 0 0.00000000 0.00000000 0.00 0.00 0.00 15.75 64.22 0.00 
0 0 0 0 0 0 8.89 0 0.00000000 0.00000000 0.00 0.00 0.00 15.75 64.22 0.00 
0 0 0 0 0 0 8.91 0 0.00000000 0.00000000 0.00 0.00 0.00 15.75 64.22 0.00 
0 0 0 0 0 0 8.93 0 0.00000000 0.00000000 0.00 0.00 0.00 15.75 64.22 0.00 
0 0 0 0 0 0 8.96 0 0.00000000 0.00000000 0.00 0.00 0.00 15.75 64.22 0.00 
0 0 0 0 0 0 8.98 0 0.00000000 0.00000000 0.00 0.00 0.00 15.75 64.22 0.00 
0 0 0 0 0 0 9.01 0 0.00000000 0.00000000 0.00 0.00 0.00 20.85 51.51 0.00 
0 0 0 0 0 0 9.03 0 0.00000000 0.00000000 0.00 0.00 0.00 20.85 51.51 0.00 
0 0 0 0 0 0 9.06 0 0.00000000 0.00000000 0.00 0.00 0.00 20.85 51.51 0.00 
0 0 0 0 0 0 9.08 0 0.00000000 0.00000000 0.00 0.00 0.00 20.85 51.51 0.00 
0 0 0 0 0 0 9.10 0 0.00000000 0.00000000 0.00 0.00 0.00 20.85 51.51 0.00 
0 0 0 0 0 0 9.13 0 0.00000000 0.00000000 0.00 0.00 0.00 20.85 51.51 0.00 
0 0 0 0 0 0 9.15 0 0.00000000 0.00000000 0.00 0.00 0.00 20.85 51.51 0.00 
0 0 0 0 0 0 9.17 0 0.00000000 0.00000000 0.00 0.00 0.00 20.85 51.51 0.00 
0 0 0 0 0 0 9.20 0 0.00000000 0.00000000 0.00 0.00 0.00 20.85 51.51 0.00 
0 0 0 0 0 0 9.22 0 0.00000000 0.00000000 0.00 0.00 0.00 20.85 51.51 0.00 
0 0 0 0 0 0 9.24 0 0.00000000 0.00000000 0.00 0.00 0.00 20.85 51.51 0.00 
0 0 0 0 0 0 9.27 0 0.00000000 0.00000000 0.00 0.00 0.00 20.85 51.51 0.00 
0 0 0 0 0 0 9.29 0 0.00000000 0.00000000 0.00 0.00 0.00 20.85 51.51 0.00 
0 0 0 0 0 0 9.31 0 0.00000000 0.00000000 0.00 0.00 0.00 20.85 51.51 0.00 
0 0 0 0 0 0 9.33 0 0.00000000 0.00000000 0.00 0.00 0.00 20.85 51.51 0.00 
0 0 0 0 0 0 9.36 0 0.00000000 0.00000000 0.00 0.00 0.00 20.85 51.51 0.00 
0 0 0 0 0 0 9.38 0 0.00000000 0.00000000 0.00 0.00 0.00 20.85 51.51 0.00 
0 0 0 0 0 0 9.41 0 0.00000000 0.00000000 0.00 0.00 0.00 20.85 51.51 0.00 
0 0 0 0 0 0 9.43 0 0.00000000 0.00000000 0.00 0.00 0.00 20.85 51.51 0.00 
0 0 0 0 0 0 9.45 0 0.00000000 0.00000000 0.00 0.00 0.00 20.85 51.51 0.00 
0 0 0 0 0 0 9.48 0 0.00000000 0.00000000 0.00 0.00 0.00 20.85 51.51 0.00 
0 0 0 0 0 0 9.50 0 0.00000000 0.00000000 0.00 0.00 0.00 20.85 51.51 0.00 
0 0 0 0 0 0 9.52 0 0.00000000 0.00000000 0.00 0.00 0.00 20.85 51.51 0.00 
0 0 0 0 0 0 9.55 0 0.00000000 0.00000000 0.00 0.00 0.00 20.85 51.51 0.00 
0 0 0 0 0 0 9.57 0 0.00000000 0.00000000 0.00 0.00 0.00 20.85 51.51 0.00 
0 0 0 0 0 0 9.59 0 0.00000000 0.00000000 0.00 0.00 0.00 20.85 51.51 0.00 
0 0 0 0 0 0 9.61 0 0.00000000 0.00000000 0.00 0.00 0.00 20.85 51.51 0.00 
0 0 0 0 0 0 9.64 0 0.00000000 0.00000000 0.00 0.00 0.00 20.85 51.51 0.00 
0 0 0 0 0 0 9.66 0 0.00000000 0.00000000 0.00 0.00 0.00 20.85 51.51 0.00 
0 0 0 0 0 0 9.69 0 0.00000000 0.00000000 0.00 0.00 0.00 20.85 51.51 0.00 
0 0 0 0 0 0 9.71 0 0.00000000 0.00000000 0.00 0.00 0.00 20.85 51.51 0.00 
0 0 0 0 0 0 9.73 0 0.00000000 0.00000000 0.00 0.00 0.00 20.85 51.51 0.00 
0 0 0 0 0 0 9.76 0 0.00000000 0.00000000 0.00 0.00 0.00 20.85 51.51 0.00 
0 0 0 0 0 0 9.78 0 0.00000000 0.00000000 0.00 0.00 0.00 20.85 51.51 0.00 
0 0 0 0 0 0 9.80 0 0.00000000 0.00000000 0.00 0.00 0.00 20.85 51.51 0.00 
0 0 0 0 0 0 9.84 0 0.00000000 0.00000000 0.00 0.00 0.00 20.85 51.51 0.00 
0 0 0 0 0 0 9.86 0 0.00000000 0.00000000 0.00 0.00 0.00 20.85 51.51 0.00 
0 0 0 0 0 0 9.88 0 0.00000000 0.00000000 0.00 0.00 0.00 20.85 51.51 0.00 
0 0 0 0 0 0 9.91 0 0.00000000 0.00000000 0.00 0.00 0.00 20.85 51.51 0.00 
0 0 0 0 0 0 9.93 0 0.00000000 0.00000000 0.00 0.00 0.00 20.85 51.51 0.00 
0 0 0 0 0 0 9.95 0 0.00000000 0.00000000 0.00 0.00 0.00 20.85 51.51 0.00 
0 0 0 0 0 0 9.97 0 0.00000000 0.00000000 0.00 0.00 0.00 20.85 51.51 0.00 
0 0 0 0 0 0 10.01 0 0.00000000 0.00000000 0.00 0.00 0.00 -4.30 79.75 0.00 
0 0 0 0 0 0 10.03 0 0.00000000 0.00000000 0.00 0.00 0.00 -4.30 79.75 0.00 
0 0 0 0 0 0 10.05 0 0.00000000 0.00000000 0.00 0.00 0.00 -4.30 79.75 0.00 
0 0 0 0 0 0 10.07 0 0.00000000 0.00000000 0.00 0.00 0.00 -4.30 79.75 0.00 
0 0 0 0 0 0 10.10 0 0.00000000 0.00000000 0.00 0.00 0.00 -4.30 79.75 0.00 
0 0 0 0 0 0 10.12 0 0.00000000 0.00000000 0.00 0.00 0.00 -4.30 79.75 0.00 
0 0 0 0 0 0 10.14 0 0.00000000 0.00000000 0.00 0.00 0.00 -4.30 79.75 0.00 
0 0 0 0 0 0 10.19 0 0.00000000 0.00000000 0.00 0.00 0.00 -4.30 79.75 0.00 
0 0 0 0 0 0 10.22 0 0.00000000 0.00000000 0.00 0.00 0.00 -4.30 79.75 0.00 
0 0 0 0 0 0 10.24 0 0.00000000 0.00000000 0.00 0.00 0.00 -4.30 79.75 0.00 
0 0 0 0 0 0 10.26 0 0.00000000 0.00000000 0.00 0.00 0.00 -4.30 79.75 0.00 
0 0 0 0 0 0 10.29 0 0.00000000 0.00000000 0.00 0.00 0.00 -4.30 79.75 0.00 
0 0 0 0 0 0 10.31 0 0.00000000 0.00000000 0.00 0.00 0.00 -4.30 79.75 0.00 
0 0 0 0 0 0 10.33 0 0.00000000 0.00000000 0.00 0.00 0.00 -4.30 79.75 0.00 
0 0 0 0 0 0 10.36 0 0.00000000 0.00000000 0.00 0.00 0.00 -4.30 79.75 0.00 
0 0 0 0 0 0 10.38 0 0.00000000 0.00000000 0.00 0.00 0.00 -4.30 79.75 0.00 
0 0 0 0 0 0 10.40 0 0.00000000 0.00000000 0.00 0.00 0.00 -4.30 79.75 0.00 
0 0 0 0 0 0 10.43 0 0.00000000 0.00000000 0.00 0.00 0.00 -4.30 79.75 0.00 
0 0 0 0 0 0 10.45 0 0.00000000 0.00000000 0.00 0.00 0.00 -4.30 79.75 0.00 
0 0 0 0 0 0 10.47 0 0.00000000 0.00000000 0.00 0.00 0.00 -4.30 79.75 0.00 
0 0 0 0 0 0 10.49 0 0.00000000 0.00000000 0.00 0.00 0.00 -4.30 79.75 0.00 
0 0 0 0 0 0 10.52 0 0.00000000 0.00000000 0.00 0.00 0.00 -4.30 79.75 0.00 
0 0 0 0 0 0 10.54 0 0.00000000 0.00000000 0.00 0.00 0.00 -4.30 79.75 0.00 
0 0 0 0 0 0 10.56 0 0.00000000 0.00000000 0.00 0.00 0.00 -4.30 79.75 0.00 
0 0 0 0 0 0 10.59 0 0.00000000 0.00000000 0.00 0.00 0.00 -4.30 79.75 0.00 
0 0 0 0 0 0 10.61 0 0.00000000 0.00000000 0.00 0.00 0.00 -4.30 79.75 0.00 
0 0 0 0 0 0 10.63 0 0.00000000 0.00000000 0.00 0.00 0.00 -4.30 79.75 0.00 
0 0 0 0 0 0 10.66 0 0.00000000 0.00000000 0.00 0.00 0.00 -4.30 79.75 0.00 
0 0 0 0 0 0 10.68 0 0.00000000 0.00000000 0.00 0.00 0.00 -4.30 79.75 0.00 
0 0 0 0 0 0 10.71 0 0.00000000 0.00000000 0.00 0.00 0.00 -4.30 79.75 0.00 
0 0 0 0 0 0 10.73 0 0.00000000 0.00000000 0.00 0.00 0.00 -4.30 79.75 0.00 
0 0 0 0 0 0 10.75 0 0.00000000 0.00000000 0.00 0.00 0.00 -4.30 79.75 0.00 
0 0 0 0 0 0 10.77 0 0.00000000 0.00000000 0.00 0.00 0.00 -4.30 79.75 0.00 
0 0 0 0 0 0 10.80 0 0.00000000 0.00000000 0.00 0.00 0.00 -4.30 79.75 0.00 
0 0 0 0 0 0 10.82 0 0.00000000 0.00000000 0.00 0.00 0.00 -4.30 79.75 0.00 
0 0 0 0 0 0 10.85 0 0.00000000 0.00000000 0.00 0.00 0.00 -4.30 79.75 0.00 
0 0 0 0 0 0 10.87 0 0.00000000 0.00000000 0.00 0.00 0.00 -4.30 79.75 0.00 
0 0 0 0 0 0 10.89 0 0.00000000 0.00000000 0.00 0.00 0.00 -4.30 79.75 0.00 
0 0 0 0 0 0 10.91 0 0.00000000 0.00000000 0.00 0.00 0.00 -4.30 79.75 0.00 
0 0 0 0 0 0 10.94 0 0.00000000 0.00000000 0.00 0.00 0.00 -4.30 79.75 0.00 
0 0 0 0 0 0 10.96 0 0.00000000 0.00000000 0.00 0.00 0.00 -4.30 79.75 0.00 
0 0 0 0 0 0 10.98 0 0.00000000 0.00000000 0.00 0.00 0.00 -4.30 79.75 0.00 
0 0 0 0 0 0 11.01 0 0.00000000 0.00000000 0.00 0.00 0.00 -45.94 27.60 0.00 
0 0 0 0 0 0 11.04 0 0.00000000 0.00000000 0.00 0.00 0.00 -45.94 27.60 0.00 
0 0 0 0 0 0 11.06 0 0.00000000 0.00000000 0.00 0.00 0.00 -45.94 27.60 0.00 
0 0 0 0 0 0 11.08 0 0.00000000 0.00000000 0.00 0.00 0.00 -45.94 27.60 0.00 
0 0 0 0 0 0 11.10 0 0.00000000 0.00000000 0.00 0.00 0.00 -45.94 27.60 0.00 
0 0 0 0 0 0 11.13 0 0.00000000 0.00000000 0.00 0.00 0.00 -45.94 27.60 0.00 
0 0 0 0 0 0 11.16 0 0.00000000 0.00000000 0.00 0.00 0.00 -45.94 27.60 0.00 
0 0 0 0 0 0 11.19 0 0.00000000 0.00000000 0.00 0.00 0.00 -45.94 27.60 0.00 
0 0 0 0 0 0 11.21 0 0.00000000 0.00000000 0.00 0.00 0.00 -45.94 27.60 0.00 
0 0 0 0 0 0 11.23 0 0.00000000 0.00000000 0.00 0.00 0.00 -45.94 27.60 0.00 
0 0 0 0 0 0 11.26 0 0.00000000 0.00000000 0.00 0.00 0.00 -45.94 27.60 0.00 
0 0 0 0 0 0 11.28 0 0.00000000 0.00000000 0.00 0.00 0.00 -45.94 27.60 0.00 
0 0 0 0 0 0 11.30 0 0.00000000 0.00000000 0.00 0.00 0.00 -45.94 27.60 0.00 
0 0 0 0 0 0 11.35 0 0.00000000 0.00000000 0.00 0.00 0.00 -45.94 27.60 0.00 
0 0 0 0 0 0 11.47 0 0.00000000 0.00000000 0.00 0.00 0.00 -45.94 27.60 0.00 
0 0 0 0 0 0 11.60 0 0.00000000 0.00000000 0.00 0.00 0.00 -45.94 27.60 0.00 
0 0 0 0 0 0 11.72 0 0.00000000 0.00000000 0.00 0.00 0.00 -45.94 27.60 0.00 
0 0 0 0 0 0 11.84 0 0.00000000 0.00000000 0.00 0.00 0.00 -45.94 27.60 0.00 
0 0 0 0 0 0 11.93 0 0.00000000 0.00000000 0.00 0.00 0.00 -45.94 27.60 0.00 
0 0 0 0 0 0 11.95 0 0.00000000 0.00000000 0.00 0.00 0.00 -45.94 27.60 0.00 
0 0 0 0 0 0 11.97 0 0.00000000 0.00000000 0.00 0.00 0.00 -45.94 27.60 0.00 
0 0 0 0 0 0 12.00 0 0.00000000 0.00000000 0.00 0.00 0.00 -45.94 27.60 0.00 
0 0 0 0 0 0 12.02 0 0.00000000 0.00000000 0.00 0.00 0.00 -77.39 -37.78 0.00 
0 0 0 0 0 0 12.05 0 0.00000000 0.00000000 0.00 0.00 0.00 -77.39 -37.78 0.00 
0 0 0 0 0 0 12.10 0 0.00000000 0.00000000 0.00 0.00 0.00 -77.39 -37.78 0.00 
0 0 0 0 0 0 12.12 0 0.00000000 0.00000000 0.00 0.00 0.00 -77.39 -37.78 0.00 
0 0 0 0 0 0 12.15 0 0.00000000 0.00000000 0.00 0.00 0.00 -77.39 -37.78 0.00 
0 0 0 0 0 0 12.17 0 0.00000000 0.00000000 0.00 0.00 0.00 -77.39 -37.78 0.00 
0 0 0 0 0 0 12.19 0 0.00000000 0.00000000 0.00 0.00 0.00 -77.39 -37.78 0.00 
0 0 0 0 0 0 12.22 0 0.00000000 0.00000000 0.00 0.00 0.00 -77.39 -37.78 0.00 
0 0 0 0 0 0 12.24 0 0.00000000 0.00000000 0.00 0.00 0.00 -77.39 -37.78 0.00 
0 0 0 0 0 0 12.26 0 0.00000000 0.00000000 0.00 0.00 0.00 -77.39 -37.78 0.00 
0 0 0 0 0 0 12.28 0 0.00000000 0.00000000 0.00 0.00 0.00 -77.39 -37.78 0.00 
0 0 0 0 0 0 12.31 0 0.00000000 0.00000000 0.00 0.00 0.00 -77.39 -37.78 0.00 
0 0 0 0 0 0 12.33 0 0.00000000 0.00000000 0.00 0.00 0.00 -77.39 -37.78 0.00 
0 0 0 0 0 0 12.36 0 0.00000000 0.00000000 0.00 0.00 0.00 -77.39 -37.78 0.00 
0 0 0 0 0 0 12.38 0 0.00000000 0.00000000 0.00 0.00 0.00 -77.39 -37.78 0.00 
0 0 0 0 0 0 12.40 0 0.00000000 0.00000000 0.00 0.00 0.00 -77.39 -37.78 0.00 
0 0 0 0 0 0 12.43 0 0.00000000 0.00000000 0.00 0.00 0.00 -77.39 -37.78 0.00 
0 0 0 0 0 0 12.45 0 0.00000000 0.00000000 0.00 0.00 0.00 -77.39 -37.78 0.00 
0 0 0 0 0 0 12.48 0 0.00000000 0.00000000 0.00 0.00 0.00 -77.39 -37.78 0.00 
0 0 0 0 0 0 12.50 0 0.00000000 0.00000000 0.00 0.00 0.00 -77.39 -37.78 0.00 
0 0 0 0 0 0 12.52 0 0.00000000 0.00000000 0.00 0.00 0.00 -77.39 -37.78 0.00 
0 0 0 0 0 0 12.54 0 0.00000000 0.00000000 0.00 0.00 0.00 -77.39 -37.78 0.00 
0 0 0 0 0 0 12.57 0 0.00000000 0.00000000 0.00 0.00 0.00 -77.39 -37.78 0.00 
0 0 0 0 0 0 12.59 0 0.00000000 0.00000000 0.00 0.00 0.00 -77.39 -37.78 0.00 
0 0 0 0 0 0 12.62 0 0.00000000 0.00000000 0.00 0.00 0.00 -77.39 -37.78 0.00 
0 0 0 0 0 0 12.64 0 0.00000000 0.00000000 0.00 0.00 0.00 -77.39 -37.78 0.00 
0 0 0 0 0 0 12.66 0 0.00000000 0.00000000 0.00 0.00 0.00 -77.39 -37.78 0.00 
0 0 0 0 0 0 12.69 0 0.00000000 0.00000000 0.00 0.00 0.00 -77.39 -37.78 0.00 
0 0 0 0 0 0 12.71 0 0.00000000 0.00000000 0.00 0.00 0.00 -77.39 -37.78 0.00 
0 0 0 0 0 0 12.73 0 0.00000000 0.00000000 0.00 0.00 0.00 -77.39 -37.78 0.00 
0 0 0 0 0 0 12.75 0 0.00000000 0.00000000 0.00 0.00 0.00 -77.39 -37.78 0.00 
0 0 0 0 0 0 12.78 0 0.00000000 0.00000000 0.00 0.00 0.00 -77.39 -37.78 0.00 
0 0 0 0 0 0 12.80 0 0.00000000 0.00000000 0.00 0.00 0.00 -77.39 -37.78 0.00 
0 0 0 0 0 0 12.83 0 0.00000000 0.00000000 0.00 0.00 0.00 -77.39 -37.78 0.00 
0 0 0 0 0 0 12.85 0 0.00000000 0.00000000 0.00 0.00 0.00 -77.39 -37.78 0.00 
0 0 0 0 0 0 12.87 0 0.00000000 0.00000000 0.00 0.00 0.00 -77.39 -37.78 0.00 
0 0 0 0 0 0 12.90 0 0.00000000 0.00000000 0.00 0.00 0.00 -77.39 -37.78 0.00 
0 0 0 0 0 0 12.93 0 0.00000000 0.00000000 0.00 0.00 0.00 -77.39 -37.78 0.00 
0 0 0 0 0 0 12.96 0 0.00000000 0.00000000 0.00 0.00 0.00 -77.39 -37.78 0.00 
0 0 0 0 0 0 12.98 0 0.00000000 0.00000000 0.00 0.00 0.00 -77.39 -37.78 0.00 
0 0 0 0 0 0 13.01 0 0.00000000 0.00000000 0.00 0.00 0.00 -71.60 43.41 0.00 
0 0 0 0 0 0 13.03 0 0.00000000 0.00000000 0.00 0.00 0.00 -71.60 43.41 0.00 
0 0 0 0 0 0 13.05 0 0.00000000 0.00000000 0.00 0.00 0.00 -71.60 43.41 0.00 
0 0 0 0 0 0 13.08 0 0.00000000 0.00000000 0.00 0.00 0.00 -71.60 43.41 0.00 
0 0 0 0 0 0 13.10 0 0.00000000 0.00000000 0.00 0.00 0.00 -71.60 43.41 0.00 
0 0 0 0 0 0 13.13 0 0.00000000 0.00000000 0.00 0.00 0.00 -71.60 43.41 0.00 
0 0 0 0 0 0 13.15 0 0.00000000 0.00000000 0.00 0.00 0.00 -71.60 43.41 0.00 
0 0 0 0 0 0 13.17 0 0.00000000 0.00000000 0.00 0.00 0.00 -71.60 43.41 0.00 
0 0 0 0 0 0 13.19 0 0.00000000 0.00000000 0.00 0.00 0.00 -71.60 43.41 0.00 
0 0 0 0 0 0 13.22 0 0.00000000 0.00000000 0.00 0.00 0.00 -71.60 43.41 0.00 
0 0 0 0 0 0 13.24 0 0.00000000 0.00000000 0.00 0.00 0.00 -71.60 43.41 0.00 
0 0 0 0 0 0 13.27 0 0.00000000 0.00000000 0.00 0.00 0.00 -71.60 43.41 0.00 
0 0 0 0 0 0 13.29 0 0.00000000 0.00000000 0.00 0.00 0.00 -71.60 43.41 0.00 
0 0 0 0 0 0 13.31 0 0.00000000 0.00000000 0.00 0.00 0.00 -71.60 43.41 0.00 
0 0 0 0 0 0 13.34 0 0.00000000 0.00000000 0.00 0.00 0.00 -71.60 43.41 0.00 
0 0 0 0 0 0 13.36 0 0.00000000 0.00000000 0.00 0.00 0.00 -71.60 43.41 0.00 
0 0 0 0 0 0 13.38 0 0.00000000 0.00000000 0.00 0.00 0.00 -71.60 43.41 0.00 
0 0 0 0 0 0 13.40 0 0.00000000 0.00000000 0.00 0.00 0.00 -71.60 43.41 0.00 
0 0 0 0 0 0 13.43 0 0.00000000 0.00000000 0.00 0.00 0.00 -71.60 43.41 0.00 
0 0 0 0 0 0 13.45 0 0.00000000 0.00000000 0.00 0.00 0.00 -71.60 43.41 0.00 
0 0 0 0 0 0 13.49 0 0.00000000 0.00000000 0.00 0.00 0.00 -71.60 43.41 0.00 
0 0 0 0 0 0 13.52 0 0.00000000 0.00000000 0.00 0.00 0.00 -71.60 43.41 0.00 
0 0 0 0 0 0 13.54 0 0.00000000 0.00000000 0.00 0.00 0.00 -71.60 43.41 0.00 
0 0 0 0 0 0 13.56 0 0.00000000 0.00000000 0.00 0.00 0.00 -71.60 43.41 0.00 
0 0 0 0 0 0 13.59 0 0.00000000 0.00000000 0.00 0.00 0.00 -71.60 43.41 0.00 
0 0 0 0 0 0 13.61 0 0.00000000 0.00000000 0.00 0.00 0.00 -71.60 43.41 0.00 
0 0 0 0 0 0 13.64 0 0.00000000 0.00000000 0.00 0.00 0.00 -71.60 43.41 0.00 
0 0 0 0 0 0 13.66 0 0.00000000 0.00000000 0.00 0.00 0.00 -71.60 43.41 0.00 
0 0 0 0 0 0 13.68 0 0.00000000 0.00000000 0.00 0.00 0.00 -71.60 43.41 0.00 
0 0 0 0 0 0 13.71 0 0.00000000 0.00000000 0.00 0.00 0.00 -71.60 43.41 0.00 
0 0 0 0 0 0 13.73 0 0.00000000 0.00000000 0.00 0.00 0.00 -71.60 43.41 0.00 
0 0 0 0 0 0 13.76 0 0.00000000 0.00000000 0.00 0.00 0.00 -71.60 43.41 0.00 
0 0 0 0 0 0 13.78 0 0.00000000 0.00000000 0.00 0.00 0.00 -71.60 43.41 0.00 
0 0 0 0 0 0 13.80 0 0.00000000 0.00000000 0.00 0.00 0.00 -71.60 43.41 0.00 
0 0 0 0 0 0 13.83 0 0.00000000 0.00000000 0.00 0.00 0.00 -71.60 43.41 0.00 
0 0 0 0 0 0 13.85 0 0.00000000 0.00000000 0.00 0.00 0.00 -71.60 43.41 0.00 
0 0 0 0 0 0 13.87 0 0.00000000 0.00000000 0.00 0.00 0.00 -71.60 43.41 0.00 
0 0 0 0 0 0 13.89 0 0.00000000 0.00000000 0.00 0.00 0.00 -71.60 43.41 0.00 
0 0 0 0 0 0 13.92 0 0.00000000 0.00000000 0.00 0.00 0.00 -71.60 43.41 0.00 
0 0 0 0 0 0 13.94 0 0.00000000 0.00000000 0.00 0.00 0.00 -71.60 43.41 0.00 
0 0 0 0 0 0 13.97 0 0.00000000 0.00000000 0.00 0.00 0.00 -71.60 43.41 0.00 
0 0 0 0 0 0 13.99 0 0.00000000 0.00000000 0.00 0.00 0.00 -71.60 43.41 0.00 
0 0 0 0 0 0 14.02 0 0.00000000 0.00000000 0.00 0.00 0.00 -55.92 32.53 0.00 
0 0 0 0 0 0 14.04 0 0.00000000 0.00000000 0.00 0.00 0.00 -55.92 32.53 0.00 
0 0 0 0 0 0 14.07 0 0.00000000 0.00000000 0.00 0.00 0.00 -55.92 32.53 0.00 
0 0 0 0 0 0 14.09 0 0.00000000 0.00000000 0.00 0.00 0.00 -55.92 32.53 0.00 
0 0 0 0 0 0 14.11 0 0.00000000 0.00000000 0.00 0.00 0.00 -55.92 32.53 0.00 
0 0 0 0 0 0 14.14 0 0.00000000 0.00000000 0.00 0.00 0.00 -55.92 32.53 0.00 
0 0 0 0 0 0 14.16 0 0.00000000 0.00000000 0.00 0.00 0.00 -55.92 32.53 0.00 
0 0 0 0 0 0 14.18 0 0.00000000 0.00000000 0.00 0.00 0.00 -55.92 32.53 0.00 
0 0 0 0 0 0 14.21 0 0.00000000 0.00000000 0.00 0.00 0.00 -55.92 32.53 0.00 
0 0 0 0 0 0 14.24 0 0.00000000 0.00000000 0.00 0.00 0.00 -55.92 32.53 0.00 
0 0 0 0 0 0 14.27 0 0.00000000 0.00000000 0.00 0.00 0.00 -55.92 32.53 0.00 
0 0 0 0 0 0 14.29 0 0.00000000 0.00000000 0.00 0.00 0.00 -55.92 32.53 0.00 
0 0 0 0 0 0 14.31 0 0.00000000 0.00000000 0.00 0.00 0.00 -55.92 32.53 0.00 
0 0 0 0 0 0 14.33 0 0.00000000 0.00000000 0.00 0.00 0.00 -55.92 32.53 0.00 
0 0 0 0 0 0 14.36 0 0.00000000 0.00000000 0.00 0.00 0.00 -55.92 32.53 0.00 
0 0 0 0 0 0 14.38 0 0.00000000 0.00000000 0.00 0.00 0.00 -55.92 32.53 0.00 
0 0 0 0 0 0 14.41 0 0.00000000 0.00000000 0.00 0.00 0.00 -55.92 32.53 0.00 
0 0 0 0 0 0 14.43 0 0.00000000 0.00000000 0.00 0.00 0.00 -55.92 32.53 0.00 
0 0 0 0 0 0 14.45 0 0.00000000 0.00000000 0.00 0.00 0.00 -55.92 32.53 0.00 
0 0 0 0 0 0 14.48 0 0.00000000 0.00000000 0.00 0.00 0.00 -55.92 32.53 0.00 
0 0 0 0 0 0 14.50 0 0.00000000 0.00000000 0.00 0.00 0.00 -55.92 32.53 0.00 
0 0 0 0 0 0 14.52 0 0.00000000 0.00000000 0.00 0.00 0.00 -55.92 32.53 0.00 
0 0 0 0 0 0 14.55 0 0.00000000 0.00000000 0.00 0.00 0.00 -55.92 32.53 0.00 
0 0 0 0 0 0 14.57 0 0.00000000 0.00000000 0.00 0.00 0.00 -55.92 32.53 0.00 
0 0 0 0 0 0 14.60 0 0.00000000 0.00000000 0.00 0.00 0.00 -55.92 32.53 0.00 
0 0 0 0 0 0 14.62 0 0.00000000 0.00000000 0.00 0.00 0.00 -55.92 32.53 0.00 
0 0 0 0 0 0 14.64 0 0.00000000 0.00000000 0.00 0.00 0.00 -55.92 32.53 0.00 
0 0 0 0 0 0 14.67 0 0.00000000 0.00000000 0.00 0.00 0.00 -55.92 32.53 0.00 
0 0 0 0 0 0 14.69 0 0.00000000 0.00000000 0.00 0.00 0.00 -55.92 32.53 0.00 
0 0 0 0 0 0 14.72 0 0.00000000 0.00000000 0.00 0.00 0.00 -55.92 32.53 0.00 
0 0 0 0 0 0 14.74 0 0.00000000 0.00000000 0.00 0.00 0.00 -55.92 32.53 0.00 
0 0 0 0 0 0 14.76 0 0.00000000 0.00000000 0.00 0.00 0.00 -55.92 32.53 0.00 
0 0 0 0 0 0 14.78 0 0.00000000 0.00000000 0.00 0.00 0.00 -55.92 32.53 0.00 
0 0 0 0 0 0 14.81 0 0.00000000 0.00000000 0.00 0.00 0.00 -55.92 32.53 0.00 
0 0 0 0 0 0 14.83 0 0.00000000 0.00000000 0.00 0.00 0.00 -55.92 32.53 0.00 
0 0 0 0 0 0 14.85 0 0.00000000 0.00000000 0.00 0.00 0.00 -55.92 32.53 0.00 
0 0 0 0 0 0 14.88 0 0.00000000 0.00000000 0.00 0.00 0.00 -55.92 32.53 0.00 
0 0 0 0 0 0 14.94 0 0.00000000 0.00000000 0.00 0.00 0.00 -55.92 32.53 0.00 
0 0 0 0 0 0 14.97 0 0.00000000 0.00000000 0.00 0.00 0.00 -55.92 32.53 0.00 
0 0 0 0 0 0 14.99 0 0.00000000 0.00000000 0.00 0.00 0.00 -55.92 32.53 0.00 
0 0 0 0 0 0 15.02 0 0.00000000 0.00000000 0.00 0.00 0.00 23.50 53.89 0.00 
0 0 0 0 0 0 15.04 0 0.00000000 0.00000000 0.00 0.00 0.00 23.50 53.89 0.00 
0 0 0 0 0 0 15.07 0 0.00000000 0.00000000 0.00 0.00 0.00 23.50 53.89 0.00 
0 0 0 0 0 0 15.09 0 0.00000000 0.00000000 0.00 0.00 0.00 23.50 53.89 0.00 
0 0 0 0 0 0 15.12 0 0.00000000 0.00000000 0.00 0.00 0.00 23.50 53.89 0.00 
0 0 0 0 0 0 15.14 0 0.00000000 0.00000000 0.00 0.00 0.00 23.50 53.89 0.00 
0 0 0 0 0 0 15.16 0 0.00000000 0.00000000 0.00 0.00 0.00 23.50 53.89 0.00 
0 0 0 0 0 0 15.18 0 0.00000000 0.00000000 0.00 0.00 0.00 23.50 53.89 0.00 
0 0 0 0 0 0 15.21 0 0.00000000 0.00000000 0.00 0.00 0.00 23.50 53.89 0.00 
0 0 0 0 0 0 15.23 0 0.00000000 0.00000000 0.00 0.00 0.00 23.50 53.89 0.00 
0 0 0 0 0 0 15.26 0 0.00000000 0.00000000 0.00 0.00 0.00 23.50 53.89 0.00 
0 0 0 0 0 0 15.28 0 0.00000000 0.00000000 0.00 0.00 0.00 23.50 53.89 0.00 
0 0 0 0 0 0 15.30 0 0.00000000 0.00000000 0.00 0.00 0.00 23.50 53.89 0.00 
0 0 0 0 0 0 15.32 0 0.00000000 0.00000000 0.00 0.00 0.00 23.50 53.89 0.00 
0 0 0 0 0 0 15.35 0 0.00000000 0.00000000 0.00 0.00 0.00 23.50 53.89 0.00 
0 0 0 0 0 0 15.37 0 0.00000000 0.00000000 0.00 0.00 0.00 23.50 53.89 0.00 
0 0 0 0 0 0 15.39 0 0.00000000 0.00000000 0.00 0.00 0.00 23.50 53.89 0.00 
0 0 0 0 0 0 15.42 0 0.00000000 0.00000000 0.00 0.00 0.00 23.50 53.89 0.00 
0 0 0 0 0 0 15.44 0 0.00000000 0.00000000 0.00 0.00 0.00 23.50 53.89 0.00 
0 0 0 0 0 0 15.47 0 0.00000000 0.00000000 0.00 0.00 0.00 23.50 53.89 0.00 
0 0 0 0 0 0 15.49 0 0.00000000 0.00000000 0.00 0.00 0.00 23.50 53.89 0.00 
0 0 0 0 0 0 15.51 0 0.00000000 0.00000000 0.00 0.00 0.00 23.50 53.89 0.00 
0 0 0 0 0 0 15.53 0 0.00000000 0.00000000 0.00 0.00 0.00 23.50 53.89 0.00 
0 0 0 0 0 0 15.57 0 0.00000000 0.00000000 0.00 0.00 0.00 23.50 53.89 0.00 
0 0 0 0 0 0 15.59 0 0.00000000 0.00000000 0.00 0.00 0.00 23.50 53.89 0.00 
0 0 0 0 0 0 15.62 0 0.00000000 0.00000000 0.00 0.00 0.00 23.50 53.89 0.00 
0 0 0 0 0 0 15.64 0 0.00000000 0.00000000 0.00 0.00 0.00 23.50 53.89 0.00 
0 0 0 0 0 0 15.66 0 0.00000000 0.00000000 0.00 0.00 0.00 23.50 53.89 0.00 
0 0 0 0 0 0 15.68 0 0.00000000 0.00000000 0.00 0.00 0.00 23.50 53.89 0.00 
0 0 0 0 0 0 15.71 0 0.00000000 0.00000000 0.00 0.00 0.00 23.50 53.89 0.00 
0 0 0 0 0 0 15.73 0 0.00000000 0.00000000 0.00 0.00 0.00 23.50 53.89 0.00 
0 0 0 0 0 0 15.76 0 0.00000000 0.00000000 0.00 0.00 0.00 23.50 53.89 0.00 
0 0 0 0 0 0 15.78 0 0.00000000 0.00000000 0.00 0.00 0.00 23.50 53.89 0.00 
0 0 0 0 0 0 15.80 0 0.00000000 0.00000000 0.00 0.00 0.00 23.50 53.89 0.00 
0 0 0 0 0 0 15.82 0 0.00000000 0.00000000 0.00 0.00 0.00 23.50 53.89 0.00 
0 0 0 0 0 0 15.85 0 0.00000000 0.00000000 0.00 0.00 0.00 23.50 53.89 0.00 
0 0 0 0 0 0 15.87 0 0.00000000 0.00000000 0.00 0.00 0.00 23.50 53.89 0.00 
0 0 0 0 0 0 15.90 0 0.00000000 0.00000000 0.00 0.00 0.00 23.50 53.89 0.00 
0 0 0 0 0 0 15.92 0 0.00000000 0.00000000 0.00 0.00 0.00 23.50 53.89 0.00 
0 0 0 0 0 0 15.94 0 0.00000000 0.00000000 0.00 0.00 0.00 23.50 53.89 0.00 
0 0 0 0 0 0 15.97 0 0.00000000 0.00000000 0.00 0.00 0.00 23.50 53.89 0.00 
0 0 0 0 0 0 15.99 0 0.00000000 0.00000000 0.00 0.00 0.00 23.50 53.89 0.00 
0 0 0 0 0 0 16.02 0 0.00000000 0.00000000 0.00 0.00 0.00 34.13 47.60 0.00 
0 0 0 0 0 0 16.04 0 0.00000000 0.00000000 0.00 0.00 0.00 34.13 47.60 0.00 
0 0 0 0 0 0 16.07 0 0.00000000 0.00000000 0.00 0.00 0.00 34.13 47.60 0.00 
0 0 0 0 0 0 16.09 0 0.00000000 0.00000000 0.00 0.00 0.00 34.13 47.60 0.00 
0 0 0 0 0 0 16.11 0 0.00000000 0.00000000 0.00 0.00 0.00 34.13 47.60 0.00 
0 0 0 0 0 0 16.13 0 0.00000000 0.00000000 0.00 0.00 0.00 34.13 47.60 0.00 
0 0 0 0 0 0 16.16 0 0.00000000 0.00000000 0.00 0.00 0.00 34.13 47.60 0.00 
0 0 0 0 0 0 16.18 0 0.00000000 0.00000000 0.00 0.00 0.00 34.13 47.60 0.00 
0 0 0 0 0 0 16.20 0 0.00000000 0.00000000 0.00 0.00 0.00 34.13 47.60 0.00 
0 0 0 0 0 0 16.23 0 0.00000000 0.00000000 0.00 0.00 0.00 34.13 47.60 0.00 
0 0 0 0 0 0 16.25 0 0.00000000 0.00000000 0.00 0.00 0.00 34.13 47.60 0.00 
0 0 0 0 0 0 16.28 0 0.00000000 0.00000000 0.00 0.00 0.00 34.13 47.60 0.00 
0 0 0 0 0 0 16.30 0 0.00000000 0.00000000 0.00 0.00 0.00 34.13 47.60 0.00 
0 0 0 0 0 0 16.32 0 0.00000000 0.00000000 0.00 0.00 0.00 34.13 47.60 0.00 
0 0 0 0 0 0 16.36 0 0.00000000 0.00000000 0.00 0.00 0.00 34.13 47.60 0.00 
0 0 0 0 0 0 16.39 0 0.00000000 0.00000000 0.00 0.00 0.00 34.13 47.60 0.00 
0 0 0 0 0 0 16.41 0 0.00000000 0.00000000 0.00 0.00 0.00 34.13 47.60 0.00 
0 0 0 0 0 0 16.44 0 0.00000000 0.00000000 0.00 0.00 0.00 34.13 47.60 0.00 
0 0 0 0 0 0 16.46 0 0.00000000 0.00000000 0.00 0.00 0.00 34.13 47.60 0.00 
0 0 0 0 0 0 16.48 0 0.00000000 0.00000000 0.00 0.00 0.00 34.13 47.60 0.00 
0 0 0 0 0 0 16.51 0 0.00000000 0.00000000 0.00 0.00 0.00 34.13 47.60 0.00 
0 0 0 0 0 0 16.53 0 0.00000000 0.00000000 0.00 0.00 0.00 34.13 47.60 0.00 
0 0 0 0 0 0 16.56 0 0.00000000 0.00000000 0.00 0.00 0.00 34.13 47.60 0.00 
0 0 0 0 0 0 16.58 0 0.00000000 0.00000000 0.00 0.00 0.00 34.13 47.60 0.00 
0 0 0 0 0 0 16.60 0 0.00000000 0.00000000 0.00 0.00 0.00 34.13 47.60 0.00 
0 0 0 0 0 0 16.62 0 0.00000000 0.00000000 0.00 0.00 0.00 34.13 47.60 0.00 
0 0 0 0 0 0 16.65 0 0.00000000 0.00000000 0.00 0.00 0.00 34.13 47.60 0.00 
0 0 0 0 0 0 16.67 0 0.00000000 0.00000000 0.00 0.00 0.00 34.13 47.60 0.00 
0 0 0 0 0 0 16.69 0 0.00000000 0.00000000 0.00 0.00 0.00 34.13 47.60 0.00 
0 0 0 0 0 0 16.72 0 0.00000000 0.00000000 0.00 0.00 0.00 34.13 47.60 0.00 
0 0 0 0 0 0 16.74 0 0.00000000 0.00000000 0.00 0.00 0.00 34.13 47.60 0.00 
