0 0 0 0 0 0 1.62 0 0.00000000 0.00000000 0.00 0.00 0.00 0.00 0.00 0.00 
0 0 0 0 0 0 1.72 0 0.00000000 0.00000000 0.00 0.00 0.00 0.00 0.00 0.00 
0 0 0 0 0 0 1.74 0 0.00000000 0.00000000 0.00 0.00 0.00 0.00 0.00 0.00 
0 0 0 0 0 0 1.77 0 0.00000000 0.00000000 0.00 0.00 0.00 0.00 0.00 0.00 
0 0 0 0 0 0 1.79 0 0.00000000 0.00000000 0.00 0.00 0.00 0.00 0.00 0.00 
0 0 0 0 0 0 1.81 0 0.00000000 0.00000000 0.00 0.00 0.00 0.00 0.00 0.00 
0 0 0 0 0 0 1.83 0 0.00000000 0.00000000 0.00 0.00 0.00 0.00 0.00 0.00 
0 0 0 0 0 0 1.86 0 0.00000000 0.00000000 0.00 0.00 0.00 0.00 0.00 0.00 
0 0 0 0 0 0 1.90 0 0.00000000 0.00000000 0.00 0.00 0.00 0.00 0.00 0.00 
0 0 0 0 0 0 2.03 0 0.00000000 0.00000000 0.00 0.00 0.00 -33.86 -43.44 0.00 
0 0 0 0 0 0 2.15 0 0.00000000 0.00000000 0.00 0.00 0.00 -33.86 -43.44 0.00 
0 0 0 0 0 0 2.28 0 0.00000000 0.00000000 0.00 0.00 0.00 -33.86 -43.44 0.00 
0 0 0 0 0 0 2.40 0 0.00000000 0.00000000 0.00 0.00 0.00 -33.86 -43.44 0.00 
0 0 0 0 0 0 2.48 0 0.00000000 0.00000000 0.00 0.00 0.00 -33.86 -43.44 0.00 
0 0 0 0 0 0 2.51 0 0.00000000 0.00000000 0.00 0.00 0.00 -33.86 -43.44 0.00 
0 0 0 0 0 0 2.54 0 0.00000000 0.00000000 0.00 0.00 0.00 -33.86 -43.44 0.00 
0 0 0 0 0 0 2.56 0 0.00000000 0.00000000 0.00 0.00 0.00 -33.86 -43.44 0.00 
0 0 0 0 0 0 2.58 0 0.00000000 0.00000000 0.00 0.00 0.00 -33.86 -43.44 0.00 
0 0 0 0 0 0 2.61 0 0.00000000 0.00000000 0.00 0.00 0.00 -33.86 -43.44 0.00 
0 0 0 0 0 0 2.63 0 0.00000000 0.00000000 0.00 0.00 0.00 -33.86 -43.44 0.00 
0 0 0 0 0 0 2.65 0 0.00000000 0.00000000 0.00 0.00 0.00 -33.86 -43.44 0.00 
0 0 0 0 0 0 2.68 0 0.00000000 0.00000000 0.00 0.00 0.00 -33.86 -43.44 0.00 
0 0 0 0 0 0 2.70 0 0.00000000 0.00000000 0.00 0.00 0.00 -33.86 -43.44 0.00 
0 0 0 0 0 0 2.73 0 0.00000000 0.00000000 0.00 0.00 0.00 -33.86 -43.44 0.00 
0 0 0 0 0 0 2.75 0 0.00000000 0.00000000 0.00 0.00 0.00 -33.86 -43.44 0.00 
0 0 0 0 0 0 2.77 0 0.00000000 0.00000000 0.00 0.00 0.00 -33.86 -43.44 0.00 
0 0 0 0 0 0 2.80 0 0.00000000 0.00000000 0.00 0.00 0.00 -33.86 -43.44 0.00 
0 0 0 0 0 0 2.82 0 0.00000000 0.00000000 0.00 0.00 0.00 -33.86 -43.44 0.00 
0 0 0 0 0 0 2.85 0 0.00000000 0.00000000 0.00 0.00 0.00 -33.86 -43.44 0.00 
0 0 0 0 0 0 2.87 0 0.00000000 0.00000000 0.00 0.00 0.00 -33.86 -43.44 0.00 
0 0 0 0 0 0 2.89 0 0.00000000 0.00000000 0.00 0.00 0.00 -33.86 -43.44 0.00 
0 0 0 0 0 0 2.92 0 0.00000000 0.00000000 0.00 0.00 0.00 -33.86 -43.44 0.00 
0 0 0 0 0 0 2.94 0 0.00000000 0.00000000 0.00 0.00 0.00 -33.86 -43.44 0.00 
0 0 0 0 0 0 2.96 0 0.00000000 0.00000000 0.00 0.00 0.00 -33.86 -43.44 0.00 
0 0 0 0 0 0 2.99 0 0.00000000 0.00000000 0.00 0.00 0.00 -33.86 -43.44 0.00 
0 0 0 0 0 0 3.02 0 0.00000000 0.00000000 0.00 0.00 0.00 -34.34 -45.03 0.00 
0 0 0 0 0 0 3.04 0 0.00000000 0.00000000 0.00 0.00 0.00 -34.34 -45.03 0.00 
0 0 0 0 0 0 3.07 0 0.00000000 0.00000000 0.00 0.00 0.00 -34.34 -45.03 0.00 
0 0 0 0 0 0 3.09 0 0.00000000 0.00000000 0.00 0.00 0.00 -34.34 -45.03 0.00 
0 0 0 0 0 0 3.11 0 0.00000000 0.00000000 0.00 0.00 0.00 -34.34 -45.03 0.00 
0 0 0 0 0 0 3.14 0 0.00000000 0.00000000 0.00 0.00 0.00 -34.34 -45.03 0.00 
0 0 0 0 0 0 3.16 0 0.00000000 0.00000000 0.00 0.00 0.00 -34.34 -45.03 0.00 
0 0 0 0 0 0 3.19 0 0.00000000 0.00000000 0.00 0.00 0.00 -34.34 -45.03 0.00 
0 0 0 0 0 0 3.21 0 0.00000000 0.00000000 0.00 0.00 0.00 -34.34 -45.03 0.00 
0 0 0 0 0 0 3.23 0 0.00000000 0.00000000 0.00 0.00 0.00 -34.34 -45.03 0.00 
0 0 0 0 0 0 3.26 0 0.00000000 0.00000000 0.00 0.00 0.00 -34.34 -45.03 0.00 
0 0 0 0 0 0 3.28 0 0.00000000 0.00000000 0.00 0.00 0.00 -34.34 -45.03 0.00 
0 0 0 0 0 0 3.30 0 0.00000000 0.00000000 0.00 0.00 0.00 -34.34 -45.03 0.00 
0 0 0 0 0 0 3.33 0 0.00000000 0.00000000 0.00 0.00 0.00 -34.34 -45.03 0.00 
0 0 0 0 0 0 3.35 0 0.00000000 0.00000000 0.00 0.00 0.00 -34.34 -45.03 0.00 
0 0 0 0 0 0 3.38 0 0.00000000 0.00000000 0.00 0.00 0.00 -34.34 -45.03 0.00 
0 0 0 0 0 0 3.40 0 0.00000000 0.00000000 0.00 0.00 0.00 -34.34 -45.03 0.00 
0 0 0 0 0 0 3.44 0 0.00000000 0.00000000 0.00 0.00 0.00 -34.34 -45.03 0.00 
0 0 0 0 0 0 3.47 0 0.00000000 0.00000000 0.00 0.00 0.00 -34.34 -45.03 0.00 
0 0 0 0 0 0 3.49 0 0.00000000 0.00000000 0.00 0.00 0.00 -34.34 -45.03 0.00 
0 0 0 0 0 0 3.53 0 0.00000000 0.00000000 0.00 0.00 0.00 -34.34 -45.03 0.00 
0 0 0 0 0 0 3.56 0 0.00000000 0.00000000 0.00 0.00 0.00 -34.34 -45.03 0.00 
0 0 0 0 0 0 3.58 0 0.00000000 0.00000000 0.00 0.00 0.00 -34.34 -45.03 0.00 
0 0 0 0 0 0 3.60 0 0.00000000 0.00000000 0.00 0.00 0.00 -34.34 -45.03 0.00 
0 0 0 0 0 0 3.62 0 0.00000000 0.00000000 0.00 0.00 0.00 -34.34 -45.03 0.00 
0 0 0 0 0 0 3.65 0 0.00000000 0.00000000 0.00 0.00 0.00 -34.34 -45.03 0.00 
0 0 0 0 0 0 3.67 0 0.00000000 0.00000000 0.00 0.00 0.00 -34.34 -45.03 0.00 
0 0 0 0 0 0 3.70 0 0.00000000 0.00000000 0.00 0.00 0.00 -34.34 -45.03 0.00 
0 0 0 0 0 0 3.72 0 0.00000000 0.00000000 0.00 0.00 0.00 -34.34 -45.03 0.00 
0 0 0 0 0 0 3.75 0 0.00000000 0.00000000 0.00 0.00 0.00 -34.34 -45.03 0.00 
0 0 0 0 0 0 3.77 0 0.00000000 0.00000000 0.00 0.00 0.00 -34.34 -45.03 0.00 
0 0 0 0 0 0 3.79 0 0.00000000 0.00000000 0.00 0.00 0.00 -34.34 -45.03 0.00 
0 0 0 0 0 0 3.82 0 0.00000000 0.00000000 0.00 0.00 0.00 -34.34 -45.03 0.00 
0 0 0 0 0 0 3.84 0 0.00000000 0.00000000 0.00 0.00 0.00 -34.34 -45.03 0.00 
0 0 0 0 0 0 3.87 0 0.00000000 0.00000000 0.00 0.00 0.00 -34.34 -45.03 0.00 
0 0 0 0 0 0 3.89 0 0.00000000 0.00000000 0.00 0.00 0.00 -34.34 -45.03 0.00 
0 0 0 0 0 0 3.91 0 0.00000000 0.00000000 0.00 0.00 0.00 -34.34 -45.03 0.00 
0 0 0 0 0 0 3.94 0 0.00000000 0.00000000 0.00 0.00 0.00 -34.34 -45.03 0.00 
0 0 0 0 0 0 3.96 0 0.00000000 0.00000000 0.00 0.00 0.00 -34.34 -45.03 0.00 
0 0 0 0 0 0 3.98 0 0.00000000 0.00000000 0.00 0.00 0.00 -34.34 -45.03 0.00 
0 0 0 0 0 0 4.02 0 0.00000000 0.00000000 0.00 0.00 0.00 -26.74 -52.43 0.00 
0 0 0 0 0 0 4.04 0 0.00000000 0.00000000 0.00 0.00 0.00 -26.74 -52.43 0.00 
0 0 0 0 0 0 4.06 0 0.00000000 0.00000000 0.00 0.00 0.00 -26.74 -52.43 0.00 
0 0 0 0 0 0 4.09 0 0.00000000 0.00000000 0.00 0.00 0.00 -26.74 -52.43 0.00 
0 0 0 0 0 0 4.11 0 0.00000000 0.00000000 0.00 0.00 0.00 -26.74 -52.43 0.00 
0 0 0 0 0 0 4.13 0 0.00000000 0.00000000 0.00 0.00 0.00 -26.74 -52.43 0.00 
0 0 0 0 0 0 4.16 0 0.00000000 0.00000000 0.00 0.00 0.00 -26.74 -52.43 0.00 
0 0 0 0 0 0 4.18 0 0.00000000 0.00000000 0.00 0.00 0.00 -26.74 -52.43 0.00 
0 0 0 0 0 0 4.21 0 0.00000000 0.00000000 0.00 0.00 0.00 -26.74 -52.43 0.00 
0 0 0 0 0 0 4.23 0 0.00000000 0.00000000 0.00 0.00 0.00 -26.74 -52.43 0.00 
0 0 0 0 0 0 4.25 0 0.00000000 0.00000000 0.00 0.00 0.00 -26.74 -52.43 0.00 
0 0 0 0 0 0 4.28 0 0.00000000 0.00000000 0.00 0.00 0.00 -26.74 -52.43 0.00 
0 0 0 0 0 0 4.30 0 0.00000000 0.00000000 0.00 0.00 0.00 -26.74 -52.43 0.00 
0 0 0 0 0 0 4.32 0 0.00000000 0.00000000 0.00 0.00 0.00 -26.74 -52.43 0.00 
0 0 0 0 0 0 4.35 0 0.00000000 0.00000000 0.00 0.00 0.00 -26.74 -52.43 0.00 
0 0 0 0 0 0 4.37 0 0.00000000 0.00000000 0.00 0.00 0.00 -26.74 -52.43 0.00 
0 0 0 0 0 0 4.40 0 0.00000000 0.00000000 0.00 0.00 0.00 -26.74 -52.43 0.00 
0 0 0 0 0 0 4.42 0 0.00000000 0.00000000 0.00 0.00 0.00 -26.74 -52.43 0.00 
0 0 0 0 0 0 4.44 0 0.00000000 0.00000000 0.00 0.00 0.00 -26.74 -52.43 0.00 
0 0 0 0 0 0 4.47 0 0.00000000 0.00000000 0.00 0.00 0.00 -26.74 -52.43 0.00 
0 0 0 0 0 0 4.49 0 0.00000000 0.00000000 0.00 0.00 0.00 -26.74 -52.43 0.00 
0 0 0 0 0 0 4.52 0 0.00000000 0.00000000 0.00 0.00 0.00 -26.74 -52.43 0.00 
0 0 0 0 0 0 4.54 0 0.00000000 0.00000000 0.00 0.00 0.00 -26.74 -52.43 0.00 
0 0 0 0 0 0 4.56 0 0.00000000 0.00000000 0.00 0.00 0.00 -26.74 -52.43 0.00 
0 0 0 0 0 0 4.59 0 0.00000000 0.00000000 0.00 0.00 0.00 -26.74 -52.43 0.00 
0 0 0 0 0 0 4.61 0 0.00000000 0.00000000 0.00 0.00 0.00 -26.74 -52.43 0.00 
0 0 0 0 0 0 4.63 0 0.00000000 0.00000000 0.00 0.00 0.00 -26.74 -52.43 0.00 
0 0 0 0 0 0 4.66 0 0.00000000 0.00000000 0.00 0.00 0.00 -26.74 -52.43 0.00 
0 0 0 0 0 0 4.68 0 0.00000000 0.00000000 0.00 0.00 0.00 -26.74 -52.43 0.00 
0 0 0 0 0 0 4.71 0 0.00000000 0.00000000 0.00 0.00 0.00 -26.74 -52.43 0.00 
0 0 0 0 0 0 4.73 0 0.00000000 0.00000000 0.00 0.00 0.00 -26.74 -52.43 0.00 
0 0 0 0 0 0 4.76 0 0.00000000 0.00000000 0.00 0.00 0.00 -26.74 -52.43 0.00 
0 0 0 0 0 0 4.78 0 0.00000000 0.00000000 0.00 0.00 0.00 -26.74 -52.43 0.00 
0 0 0 0 0 0 4.80 0 0.00000000 0.00000000 0.00 0.00 0.00 -26.74 -52.43 0.00 
0 0 0 0 0 0 4.84 0 0.00000000 0.00000000 0.00 0.00 0.00 -26.74 -52.43 0.00 
0 0 0 0 0 0 4.87 0 0.00000000 0.00000000 0.00 0.00 0.00 -26.74 -52.43 0.00 
0 0 0 0 0 0 4.91 0 0.00000000 0.00000000 0.00 0.00 0.00 -26.74 -52.43 0.00 
0 0 0 0 0 0 4.93 0 0.00000000 0.00000000 0.00 0.00 0.00 -26.74 -52.43 0.00 
0 0 0 0 0 0 4.95 0 0.00000000 0.00000000 0.00 0.00 0.00 -26.74 -52.43 0.00 
0 0 0 0 0 0 4.98 0 0.00000000 0.00000000 0.00 0.00 0.00 -26.74 -52.43 0.00 
0 0 0 0 0 0 5.00 0 0.00000000 0.00000000 0.00 0.00 0.00 -26.74 -52.43 0.00 
0 0 0 0 0 0 5.03 0 0.00000000 0.00000000 0.00 0.00 0.00 -42.37 -44.31 0.00 
0 0 0 0 0 0 5.05 0 0.00000000 0.00000000 0.00 0.00 0.00 -42.37 -44.31 0.00 
0 0 0 0 0 0 5.07 0 0.00000000 0.00000000 0.00 0.00 0.00 -42.37 -44.31 0.00 
0 0 0 0 0 0 5.10 0 0.00000000 0.00000000 0.00 0.00 0.00 -42.37 -44.31 0.00 
0 0 0 0 0 0 5.12 0 0.00000000 0.00000000 0.00 0.00 0.00 -42.37 -44.31 0.00 
0 0 0 0 0 0 5.14 0 0.00000000 0.00000000 0.00 0.00 0.00 -42.37 -44.31 0.00 
0 0 0 0 0 0 5.17 0 0.00000000 0.00000000 0.00 0.00 0.00 -42.37 -44.31 0.00 
0 0 0 0 0 0 5.19 0 0.00000000 0.00000000 0.00 0.00 0.00 -42.37 -44.31 0.00 
0 0 0 0 0 0 5.22 0 0.00000000 0.00000000 0.00 0.00 0.00 -42.37 -44.31 0.00 
0 0 0 0 0 0 5.24 0 0.00000000 0.00000000 0.00 0.00 0.00 -42.37 -44.31 0.00 
0 0 0 0 0 0 5.26 0 0.00000000 0.00000000 0.00 0.00 0.00 -42.37 -44.31 0.00 
0 0 0 0 0 0 5.29 0 0.00000000 0.00000000 0.00 0.00 0.00 -42.37 -44.31 0.00 
0 0 0 0 0 0 5.31 0 0.00000000 0.00000000 0.00 0.00 0.00 -42.37 -44.31 0.00 
0 0 0 0 0 0 5.34 0 0.00000000 0.00000000 0.00 0.00 0.00 -42.37 -44.31 0.00 
0 0 0 0 0 0 5.36 0 0.00000000 0.00000000 0.00 0.00 0.00 -42.37 -44.31 0.00 
0 0 0 0 0 0 5.38 0 0.00000000 0.00000000 0.00 0.00 0.00 -42.37 -44.31 0.00 
0 0 0 0 0 0 5.41 0 0.00000000 0.00000000 0.00 0.00 0.00 -42.37 -44.31 0.00 
0 0 0 0 0 0 5.43 0 0.00000000 0.00000000 0.00 0.00 0.00 -42.37 -44.31 0.00 
0 0 0 0 0 0 5.45 0 0.00000000 0.00000000 0.00 0.00 0.00 -42.37 -44.31 0.00 
0 0 0 0 0 0 5.48 0 0.00000000 0.00000000 0.00 0.00 0.00 -42.37 -44.31 0.00 
0 0 0 0 0 0 5.50 0 0.00000000 0.00000000 0.00 0.00 0.00 -42.37 -44.31 0.00 
0 0 0 0 0 0 5.53 0 0.00000000 0.00000000 0.00 0.00 0.00 -42.37 -44.31 0.00 
0 0 0 0 0 0 5.55 0 0.00000000 0.00000000 0.00 0.00 0.00 -42.37 -44.31 0.00 
0 0 0 0 0 0 5.57 0 0.00000000 0.00000000 0.00 0.00 0.00 -42.37 -44.31 0.00 
0 0 0 0 0 0 5.60 0 0.00000000 0.00000000 0.00 0.00 0.00 -42.37 -44.31 0.00 
0 0 0 0 0 0 5.62 0 0.00000000 0.00000000 0.00 0.00 0.00 -42.37 -44.31 0.00 
0 0 0 0 0 0 5.65 0 0.00000000 0.00000000 0.00 0.00 0.00 -42.37 -44.31 0.00 
0 0 0 0 0 0 5.67 0 0.00000000 0.00000000 0.00 0.00 0.00 -42.37 -44.31 0.00 
0 0 0 0 0 0 5.69 0 0.00000000 0.00000000 0.00 0.00 0.00 -42.37 -44.31 0.00 
0 0 0 0 0 0 5.72 0 0.00000000 0.00000000 0.00 0.00 0.00 -42.37 -44.31 0.00 
0 0 0 0 0 0 5.74 0 0.00000000 0.00000000 0.00 0.00 0.00 -42.37 -44.31 0.00 
0 0 0 0 0 0 5.76 0 0.00000000 0.00000000 0.00 0.00 0.00 -42.37 -44.31 0.00 
0 0 0 0 0 0 5.79 0 0.00000000 0.00000000 0.00 0.00 0.00 -42.37 -44.31 0.00 
0 0 0 0 0 0 5.82 0 0.00000000 0.00000000 0.00 0.00 0.00 -42.37 -44.31 0.00 
0 0 0 0 0 0 5.84 0 0.00000000 0.00000000 0.00 0.00 0.00 -42.37 -44.31 0.00 
0 0 0 0 0 0 5.86 0 0.00000000 0.00000000 0.00 0.00 0.00 -42.37 -44.31 0.00 
0 0 0 0 0 0 5.89 0 0.00000000 0.00000000 0.00 0.00 0.00 -42.37 -44.31 0.00 
0 0 0 0 0 0 5.91 0 0.00000000 0.00000000 0.00 0.00 0.00 -42.37 -44.31 0.00 
0 0 0 0 0 0 5.93 0 0.00000000 0.00000000 0.00 0.00 0.00 -42.37 -44.31 0.00 
0 0 0 0 0 0 5.96 0 0.00000000 0.00000000 0.00 0.00 0.00 -42.37 -44.31 0.00 
0 0 0 0 0 0 5.98 0 0.00000000 0.00000000 0.00 0.00 0.00 -42.37 -44.31 0.00 
0 0 0 0 0 0 6.01 0 0.00000000 0.00000000 0.00 0.00 0.00 -29.72 -50.65 0.00 
0 0 0 0 0 0 6.03 0 0.00000000 0.00000000 0.00 0.00 0.00 -29.72 -50.65 0.00 
0 0 0 0 0 0 6.06 0 0.00000000 0.00000000 0.00 0.00 0.00 -29.72 -50.65 0.00 
0 0 0 0 0 0 6.08 0 0.00000000 0.00000000 0.00 0.00 0.00 -29.72 -50.65 0.00 
0 0 0 0 0 0 6.11 0 0.00000000 0.00000000 0.00 0.00 0.00 -29.72 -50.65 0.00 
0 0 0 0 0 0 6.13 0 0.00000000 0.00000000 0.00 0.00 0.00 -29.72 -50.65 0.00 
0 0 0 0 0 0 6.17 0 0.00000000 0.00000000 0.00 0.00 0.00 -29.72 -50.65 0.00 
0 0 0 0 0 0 6.19 0 0.00000000 0.00000000 0.00 0.00 0.00 -29.72 -50.65 0.00 
0 0 0 0 0 0 6.21 0 0.00000000 0.00000000 0.00 0.00 0.00 -29.72 -50.65 0.00 
0 0 0 0 0 0 6.24 0 0.00000000 0.00000000 0.00 0.00 0.00 -29.72 -50.65 0.00 
0 0 0 0 0 0 6.26 0 0.00000000 0.00000000 0.00 0.00 0.00 -29.72 -50.65 0.00 
0 0 0 0 0 0 6.28 0 0.00000000 0.00000000 0.00 0.00 0.00 -29.72 -50.65 0.00 
0 0 0 0 0 0 6.32 0 0.00000000 0.00000000 0.00 0.00 0.00 -29.72 -50.65 0.00 
0 0 0 0 0 0 6.35 0 0.00000000 0.00000000 0.00 0.00 0.00 -29.72 -50.65 0.00 
0 0 0 0 0 0 6.38 0 0.00000000 0.00000000 0.00 0.00 0.00 -29.72 -50.65 0.00 
0 0 0 0 0 0 6.40 0 0.00000000 0.00000000 0.00 0.00 0.00 -29.72 -50.65 0.00 
0 0 0 0 0 0 6.42 0 0.00000000 0.00000000 0.00 0.00 0.00 -29.72 -50.65 0.00 
0 0 0 0 0 0 6.45 0 0.00000000 0.00000000 0.00 0.00 0.00 -29.72 -50.65 0.00 
0 0 0 0 0 0 6.47 0 0.00000000 0.00000000 0.00 0.00 0.00 -29.72 -50.65 0.00 
0 0 0 0 0 0 6.50 0 0.00000000 0.00000000 0.00 0.00 0.00 -29.72 -50.65 0.00 
0 0 0 0 0 0 6.52 0 0.00000000 0.00000000 0.00 0.00 0.00 -29.72 -50.65 0.00 
0 0 0 0 0 0 6.54 0 0.00000000 0.00000000 0.00 0.00 0.00 -29.72 -50.65 0.00 
0 0 0 0 0 0 6.57 0 0.00000000 0.00000000 0.00 0.00 0.00 -29.72 -50.65 0.00 
0 0 0 0 0 0 6.59 0 0.00000000 0.00000000 0.00 0.00 0.00 -29.72 -50.65 0.00 
0 0 0 0 0 0 6.61 0 0.00000000 0.00000000 0.00 0.00 0.00 -29.72 -50.65 0.00 
0 0 0 0 0 0 6.64 0 0.00000000 0.00000000 0.00 0.00 0.00 -29.72 -50.65 0.00 
0 0 0 0 0 0 6.67 0 0.00000000 0.00000000 0.00 0.00 0.00 -29.72 -50.65 0.00 
0 0 0 0 0 0 6.69 0 0.00000000 0.00000000 0.00 0.00 0.00 -29.72 -50.65 0.00 
0 0 0 0 0 0 6.71 0 0.00000000 0.00000000 0.00 0.00 0.00 -29.72 -50.65 0.00 
0 0 0 0 0 0 6.74 0 0.00000000 0.00000000 0.00 0.00 0.00 -29.72 -50.65 0.00 
0 0 0 0 0 0 6.76 0 0.00000000 0.00000000 0.00 0.00 0.00 -29.72 -50.65 0.00 
0 0 0 0 0 0 6.78 0 0.00000000 0.00000000 0.00 0.00 0.00 -29.72 -50.65 0.00 
0 0 0 0 0 0 6.80 0 0.00000000 0.00000000 0.00 0.00 0.00 -29.72 -50.65 0.00 
0 0 0 0 0 0 6.83 0 0.00000000 0.00000000 0.00 0.00 0.00 -29.72 -50.65 0.00 
0 0 0 0 0 0 6.86 0 0.00000000 0.00000000 0.00 0.00 0.00 -29.72 -50.65 0.00 
0 0 0 0 0 0 6.88 0 0.00000000 0.00000000 0.00 0.00 0.00 -29.72 -50.65 0.00 
0 0 0 0 0 0 6.90 0 0.00000000 0.00000000 0.00 0.00 0.00 -29.72 -50.65 0.00 
0 0 0 0 0 0 6.93 0 0.00000000 0.00000000 0.00 0.00 0.00 -29.72 -50.65 0.00 
0 0 0 0 0 0 6.95 0 0.00000000 0.00000000 0.00 0.00 0.00 -29.72 -50.65 0.00 
0 0 0 0 0 0 6.98 0 0.00000000 0.00000000 0.00 0.00 0.00 -29.72 -50.65 0.00 
0 0 0 0 0 0 7.00 0 0.00000000 0.00000000 0.00 0.00 0.00 -29.72 -50.65 0.00 
0 0 0 0 0 0 7.03 0 0.00000000 0.00000000 0.00 0.00 0.00 -33.39 -48.82 0.00 
0 0 0 0 0 0 7.05 0 0.00000000 0.00000000 0.00 0.00 0.00 -33.39 -48.82 0.00 
0 0 0 0 0 0 7.07 0 0.00000000 0.00000000 0.00 0.00 0.00 -33.39 -48.82 0.00 
0 0 0 0 0 0 7.10 0 0.00000000 0.00000000 0.00 0.00 0.00 -33.39 -48.82 0.00 
0 0 0 0 0 0 7.12 0 0.00000000 0.00000000 0.00 0.00 0.00 -33.39 -48.82 0.00 
0 0 0 0 0 0 7.15 0 0.00000000 0.00000000 0.00 0.00 0.00 -33.39 -48.82 0.00 
0 0 0 0 0 0 7.17 0 0.00000000 0.00000000 0.00 0.00 0.00 -33.39 -48.82 0.00 
0 0 0 0 0 0 7.20 0 0.00000000 0.00000000 0.00 0.00 0.00 -33.39 -48.82 0.00 
0 0 0 0 0 0 7.22 0 0.00000000 0.00000000 0.00 0.00 0.00 -33.39 -48.82 0.00 
0 0 0 0 0 0 7.24 0 0.00000000 0.00000000 0.00 0.00 0.00 -33.39 -48.82 0.00 
0 0 0 0 0 0 7.27 0 0.00000000 0.00000000 0.00 0.00 0.00 -33.39 -48.82 0.00 
0 0 0 0 0 0 7.29 0 0.00000000 0.00000000 0.00 0.00 0.00 -33.39 -48.82 0.00 
0 0 0 0 0 0 7.32 0 0.00000000 0.00000000 0.00 0.00 0.00 -33.39 -48.82 0.00 
0 0 0 0 0 0 7.34 0 0.00000000 0.00000000 0.00 0.00 0.00 -33.39 -48.82 0.00 
0 0 0 0 0 0 7.36 0 0.00000000 0.00000000 0.00 0.00 0.00 -33.39 -48.82 0.00 
0 0 0 0 0 0 7.39 0 0.00000000 0.00000000 0.00 0.00 0.00 -33.39 -48.82 0.00 
0 0 0 0 0 0 7.41 0 0.00000000 0.00000000 0.00 0.00 0.00 -33.39 -48.82 0.00 
0 0 0 0 0 0 7.43 0 0.00000000 0.00000000 0.00 0.00 0.00 -33.39 -48.82 0.00 
0 0 0 0 0 0 7.46 0 0.00000000 0.00000000 0.00 0.00 0.00 -33.39 -48.82 0.00 
0 0 0 0 0 0 7.49 0 0.00000000 0.00000000 0.00 0.00 0.00 -33.39 -48.82 0.00 
0 0 0 0 0 0 7.52 0 0.00000000 0.00000000 0.00 0.00 0.00 -33.39 -48.82 0.00 
0 0 0 0 0 0 7.54 0 0.00000000 0.00000000 0.00 0.00 0.00 -33.39 -48.82 0.00 
0 0 0 0 0 0 7.56 0 0.00000000 0.00000000 0.00 0.00 0.00 -33.39 -48.82 0.00 
0 0 0 0 0 0 7.59 0 0.00000000 0.00000000 0.00 0.00 0.00 -33.39 -48.82 0.00 
0 0 0 0 0 0 7.61 0 0.00000000 0.00000000 0.00 0.00 0.00 -33.39 -48.82 0.00 
0 0 0 0 0 0 7.65 0 0.00000000 0.00000000 0.00 0.00 0.00 -33.39 -48.82 0.00 
0 0 0 0 0 0 7.78 0 0.00000000 0.00000000 0.00 0.00 0.00 -33.39 -48.82 0.00 
0 0 0 0 0 0 7.90 0 0.00000000 0.00000000 0.00 0.00 0.00 -33.39 -48.82 0.00 
0 0 0 0 0 0 8.03 0 0.00000000 0.00000000 0.00 0.00 0.00 -29.92 -53.83 0.00 
0 0 0 0 0 0 8.15 0 0.00000000 0.00000000 0.00 0.00 0.00 -29.92 -53.83 0.00 
0 0 0 0 0 0 8.24 0 0.00000000 0.00000000 0.00 0.00 0.00 -29.92 -53.83 0.00 
0 0 0 0 0 0 8.29 0 0.00000000 0.00000000 0.00 0.00 0.00 -29.92 -53.83 0.00 
0 0 0 0 0 0 8.31 0 0.00000000 0.00000000 0.00 0.00 0.00 -29.92 -53.83 0.00 
0 0 0 0 0 0 8.34 0 0.00000000 0.00000000 0.00 0.00 0.00 -29.92 -53.83 0.00 
0 0 0 0 0 0 8.36 0 0.00000000 0.00000000 0.00 0.00 0.00 -29.92 -53.83 0.00 
0 0 0 0 0 0 8.38 0 0.00000000 0.00000000 0.00 0.00 0.00 -29.92 -53.83 0.00 
0 0 0 0 0 0 8.41 0 0.00000000 0.00000000 0.00 0.00 0.00 -29.92 -53.83 0.00 
0 0 0 0 0 0 8.43 0 0.00000000 0.00000000 0.00 0.00 0.00 -29.92 -53.83 0.00 
0 0 0 0 0 0 8.45 0 0.00000000 0.00000000 0.00 0.00 0.00 -29.92 -53.83 0.00 
0 0 0 0 0 0 8.48 0 0.00000000 0.00000000 0.00 0.00 0.00 -29.92 -53.83 0.00 
0 0 0 0 0 0 8.50 0 0.00000000 0.00000000 0.00 0.00 0.00 -29.92 -53.83 0.00 
0 0 0 0 0 0 8.53 0 0.00000000 0.00000000 0.00 0.00 0.00 -29.92 -53.83 0.00 
0 0 0 0 0 0 8.55 0 0.00000000 0.00000000 0.00 0.00 0.00 -29.92 -53.83 0.00 
0 0 0 0 0 0 8.57 0 0.00000000 0.00000000 0.00 0.00 0.00 -29.92 -53.83 0.00 
0 0 0 0 0 0 8.60 0 0.00000000 0.00000000 0.00 0.00 0.00 -29.92 -53.83 0.00 
0 0 0 0 0 0 8.62 0 0.00000000 0.00000000 0.00 0.00 0.00 -29.92 -53.83 0.00 
0 0 0 0 0 0 8.64 0 0.00000000 0.00000000 0.00 0.00 0.00 -29.92 -53.83 0.00 
0 0 0 0 0 0 8.67 0 0.00000000 0.00000000 0.00 0.00 0.00 -29.92 -53.83 0.00 
0 0 0 0 0 0 8.69 0 0.00000000 0.00000000 0.00 0.00 0.00 -29.92 -53.83 0.00 
0 0 0 0 0 0 8.71 0 0.00000000 0.00000000 0.00 0.00 0.00 -29.92 -53.83 0.00 
0 0 0 0 0 0 8.73 0 0.00000000 0.00000000 0.00 0.00 0.00 -29.92 -53.83 0.00 
0 0 0 0 0 0 8.76 0 0.00000000 0.00000000 0.00 0.00 0.00 -29.92 -53.83 0.00 
0 0 0 0 0 0 8.78 0 0.00000000 0.00000000 0.00 0.00 0.00 -29.92 -53.83 0.00 
0 0 0 0 0 0 8.81 0 0.00000000 0.00000000 0.00 0.00 0.00 -29.92 -53.83 0.00 
0 0 0 0 0 0 8.83 0 0.00000000 0.00000000 0.00 0.00 0.00 -29.92 -53.83 0.00 
0 0 0 0 0 0 8.86 0 0.00000000 0.00000000 0.00 0.00 0.00 -29.92 -53.83 0.00 
0 0 0 0 0 0 8.88 0 0.00000000 0.00000000 0.00 0.00 0.00 -29.92 -53.83 0.00 
0 0 0 0 0 0 8.90 0 0.00000000 0.00000000 0.00 0.00 0.00 -29.92 -53.83 0.00 
0 0 0 0 0 0 8.93 0 0.00000000 0.00000000 0.00 0.00 0.00 -29.92 -53.83 0.00 
0 0 0 0 0 0 8.95 0 0.00000000 0.00000000 0.00 0.00 0.00 -29.92 -53.83 0.00 
0 0 0 0 0 0 8.98 0 0.00000000 0.00000000 0.00 0.00 0.00 -29.92 -53.83 0.00 
0 0 0 0 0 0 9.00 0 0.00000000 0.00000000 0.00 0.00 0.00 -29.92 -53.83 0.00 
0 0 0 0 0 0 9.03 0 0.00000000 0.00000000 0.00 0.00 0.00 -25.90 -47.40 0.00 
0 0 0 0 0 0 9.05 0 0.00000000 0.00000000 0.00 0.00 0.00 -25.90 -47.40 0.00 
0 0 0 0 0 0 9.07 0 0.00000000 0.00000000 0.00 0.00 0.00 -25.90 -47.40 0.00 
0 0 0 0 0 0 9.10 0 0.00000000 0.00000000 0.00 0.00 0.00 -25.90 -47.40 0.00 
0 0 0 0 0 0 9.13 0 0.00000000 0.00000000 0.00 0.00 0.00 -25.90 -47.40 0.00 
0 0 0 0 0 0 9.15 0 0.00000000 0.00000000 0.00 0.00 0.00 -25.90 -47.40 0.00 
0 0 0 0 0 0 9.17 0 0.00000000 0.00000000 0.00 0.00 0.00 -25.90 -47.40 0.00 
0 0 0 0 0 0 9.20 0 0.00000000 0.00000000 0.00 0.00 0.00 -25.90 -47.40 0.00 
0 0 0 0 0 0 9.22 0 0.00000000 0.00000000 0.00 0.00 0.00 -25.90 -47.40 0.00 
0 0 0 0 0 0 9.24 0 0.00000000 0.00000000 0.00 0.00 0.00 -25.90 -47.40 0.00 
0 0 0 0 0 0 9.28 0 0.00000000 0.00000000 0.00 0.00 0.00 -25.90 -47.40 0.00 
0 0 0 0 0 0 9.30 0 0.00000000 0.00000000 0.00 0.00 0.00 -25.90 -47.40 0.00 
0 0 0 0 0 0 9.33 0 0.00000000 0.00000000 0.00 0.00 0.00 -25.90 -47.40 0.00 
0 0 0 0 0 0 9.35 0 0.00000000 0.00000000 0.00 0.00 0.00 -25.90 -47.40 0.00 
0 0 0 0 0 0 9.37 0 0.00000000 0.00000000 0.00 0.00 0.00 -25.90 -47.40 0.00 
0 0 0 0 0 0 9.40 0 0.00000000 0.00000000 0.00 0.00 0.00 -25.90 -47.40 0.00 
0 0 0 0 0 0 9.42 0 0.00000000 0.00000000 0.00 0.00 0.00 -25.90 -47.40 0.00 
0 0 0 0 0 0 9.45 0 0.00000000 0.00000000 0.00 0.00 0.00 -25.90 -47.40 0.00 
0 0 0 0 0 0 9.47 0 0.00000000 0.00000000 0.00 0.00 0.00 -25.90 -47.40 0.00 
0 0 0 0 0 0 9.49 0 0.00000000 0.00000000 0.00 0.00 0.00 -25.90 -47.40 0.00 
0 0 0 0 0 0 9.52 0 0.00000000 0.00000000 0.00 0.00 0.00 -25.90 -47.40 0.00 
0 0 0 0 0 0 9.54 0 0.00000000 0.00000000 0.00 0.00 0.00 -25.90 -47.40 0.00 
0 0 0 0 0 0 9.56 0 0.00000000 0.00000000 0.00 0.00 0.00 -25.90 -47.40 0.00 
0 0 0 0 0 0 9.59 0 0.00000000 0.00000000 0.00 0.00 0.00 -25.90 -47.40 0.00 
0 0 0 0 0 0 9.61 0 0.00000000 0.00000000 0.00 0.00 0.00 -25.90 -47.40 0.00 
0 0 0 0 0 0 9.64 0 0.00000000 0.00000000 0.00 0.00 0.00 -25.90 -47.40 0.00 
0 0 0 0 0 0 9.66 0 0.00000000 0.00000000 0.00 0.00 0.00 -25.90 -47.40 0.00 
0 0 0 0 0 0 9.69 0 0.00000000 0.00000000 0.00 0.00 0.00 -25.90 -47.40 0.00 
0 0 0 0 0 0 9.73 0 0.00000000 0.00000000 0.00 0.00 0.00 -25.90 -47.40 0.00 
0 0 0 0 0 0 9.75 0 0.00000000 0.00000000 0.00 0.00 0.00 -25.90 -47.40 0.00 
0 0 0 0 0 0 9.78 0 0.00000000 0.00000000 0.00 0.00 0.00 -25.90 -47.40 0.00 
0 0 0 0 0 0 9.80 0 0.00000000 0.00000000 0.00 0.00 0.00 -25.90 -47.40 0.00 
0 0 0 0 0 0 9.83 0 0.00000000 0.00000000 0.00 0.00 0.00 -25.90 -47.40 0.00 
0 0 0 0 0 0 9.85 0 0.00000000 0.00000000 0.00 0.00 0.00 -25.90 -47.40 0.00 
0 0 0 0 0 0 9.87 0 0.00000000 0.00000000 0.00 0.00 0.00 -25.90 -47.40 0.00 
0 0 0 0 0 0 9.90 0 0.00000000 0.00000000 0.00 0.00 0.00 -25.90 -47.40 0.00 
0 0 0 0 0 0 9.92 0 0.00000000 0.00000000 0.00 0.00 0.00 -25.90 -47.40 0.00 
0 0 0 0 0 0 9.95 0 0.00000000 0.00000000 0.00 0.00 0.00 -25.90 -47.40 0.00 
0 0 0 0 0 0 9.97 0 0.00000000 0.00000000 0.00 0.00 0.00 -25.90 -47.40 0.00 
0 0 0 0 0 0 9.99 0 0.00000000 0.00000000 0.00 0.00 0.00 -25.90 -47.40 0.00 
0 0 0 0 0 0 10.02 0 0.00000000 0.00000000 0.00 0.00 0.00 -46.77 -37.49 0.00 
0 0 0 0 0 0 10.05 0 0.00000000 0.00000000 0.00 0.00 0.00 -46.77 -37.49 0.00 
0 0 0 0 0 0 10.07 0 0.00000000 0.00000000 0.00 0.00 0.00 -46.77 -37.49 0.00 
0 0 0 0 0 0 10.09 0 0.00000000 0.00000000 0.00 0.00 0.00 -46.77 -37.49 0.00 
0 0 0 0 0 0 10.12 0 0.00000000 0.00000000 0.00 0.00 0.00 -46.77 -37.49 0.00 
0 0 0 0 0 0 10.14 0 0.00000000 0.00000000 0.00 0.00 0.00 -46.77 -37.49 0.00 
0 0 0 0 0 0 10.17 0 0.00000000 0.00000000 0.00 0.00 0.00 -46.77 -37.49 0.00 
0 0 0 0 0 0 10.19 0 0.00000000 0.00000000 0.00 0.00 0.00 -46.77 -37.49 0.00 
0 0 0 0 0 0 10.21 0 0.00000000 0.00000000 0.00 0.00 0.00 -46.77 -37.49 0.00 
0 0 0 0 0 0 10.24 0 0.00000000 0.00000000 0.00 0.00 0.00 -46.77 -37.49 0.00 
0 0 0 0 0 0 10.26 0 0.00000000 0.00000000 0.00 0.00 0.00 -46.77 -37.49 0.00 
0 0 0 0 0 0 10.29 0 0.00000000 0.00000000 0.00 0.00 0.00 -46.77 -37.49 0.00 
0 0 0 0 0 0 10.31 0 0.00000000 0.00000000 0.00 0.00 0.00 -46.77 -37.49 0.00 
0 0 0 0 0 0 10.34 0 0.00000000 0.00000000 0.00 0.00 0.00 -46.77 -37.49 0.00 
0 0 0 0 0 0 10.36 0 0.00000000 0.00000000 0.00 0.00 0.00 -46.77 -37.49 0.00 
0 0 0 0 0 0 10.38 0 0.00000000 0.00000000 0.00 0.00 0.00 -46.77 -37.49 0.00 
0 0 0 0 0 0 10.40 0 0.00000000 0.00000000 0.00 0.00 0.00 -46.77 -37.49 0.00 
0 0 0 0 0 0 10.43 0 0.00000000 0.00000000 0.00 0.00 0.00 -46.77 -37.49 0.00 
0 0 0 0 0 0 10.46 0 0.00000000 0.00000000 0.00 0.00 0.00 -46.77 -37.49 0.00 
0 0 0 0 0 0 10.48 0 0.00000000 0.00000000 0.00 0.00 0.00 -46.77 -37.49 0.00 
0 0 0 0 0 0 10.50 0 0.00000000 0.00000000 0.00 0.00 0.00 -46.77 -37.49 0.00 
0 0 0 0 0 0 10.53 0 0.00000000 0.00000000 0.00 0.00 0.00 -46.77 -37.49 0.00 
0 0 0 0 0 0 10.55 0 0.00000000 0.00000000 0.00 0.00 0.00 -46.77 -37.49 0.00 
0 0 0 0 0 0 10.57 0 0.00000000 0.00000000 0.00 0.00 0.00 -46.77 -37.49 0.00 
0 0 0 0 0 0 10.61 0 0.00000000 0.00000000 0.00 0.00 0.00 -46.77 -37.49 0.00 
0 0 0 0 0 0 10.63 0 0.00000000 0.00000000 0.00 0.00 0.00 -46.77 -37.49 0.00 
0 0 0 0 0 0 10.66 0 0.00000000 0.00000000 0.00 0.00 0.00 -46.77 -37.49 0.00 
0 0 0 0 0 0 10.68 0 0.00000000 0.00000000 0.00 0.00 0.00 -46.77 -37.49 0.00 
0 0 0 0 0 0 10.70 0 0.00000000 0.00000000 0.00 0.00 0.00 -46.77 -37.49 0.00 
0 0 0 0 0 0 10.73 0 0.00000000 0.00000000 0.00 0.00 0.00 -46.77 -37.49 0.00 
0 0 0 0 0 0 10.75 0 0.00000000 0.00000000 0.00 0.00 0.00 -46.77 -37.49 0.00 
0 0 0 0 0 0 10.78 0 0.00000000 0.00000000 0.00 0.00 0.00 -46.77 -37.49 0.00 
0 0 0 0 0 0 10.80 0 0.00000000 0.00000000 0.00 0.00 0.00 -46.77 -37.49 0.00 
0 0 0 0 0 0 10.82 0 0.00000000 0.00000000 0.00 0.00 0.00 -46.77 -37.49 0.00 
0 0 0 0 0 0 10.85 0 0.00000000 0.00000000 0.00 0.00 0.00 -46.77 -37.49 0.00 
0 0 0 0 0 0 10.87 0 0.00000000 0.00000000 0.00 0.00 0.00 -46.77 -37.49 0.00 
0 0 0 0 0 0 10.90 0 0.00000000 0.00000000 0.00 0.00 0.00 -46.77 -37.49 0.00 
0 0 0 0 0 0 10.92 0 0.00000000 0.00000000 0.00 0.00 0.00 -46.77 -37.49 0.00 
0 0 0 0 0 0 10.95 0 0.00000000 0.00000000 0.00 0.00 0.00 -46.77 -37.49 0.00 
0 0 0 0 0 0 10.97 0 0.00000000 0.00000000 0.00 0.00 0.00 -46.77 -37.49 0.00 
0 0 0 0 0 0 10.99 0 0.00000000 0.00000000 0.00 0.00 0.00 -46.77 -37.49 0.00 
0 0 0 0 0 0 11.02 0 0.00000000 0.00000000 0.00 0.00 0.00 -46.34 -39.06 0.00 
0 0 0 0 0 0 11.05 0 0.00000000 0.00000000 0.00 0.00 0.00 -46.34 -39.06 0.00 
0 0 0 0 0 0 11.07 0 0.00000000 0.00000000 0.00 0.00 0.00 -46.34 -39.06 0.00 
0 0 0 0 0 0 11.10 0 0.00000000 0.00000000 0.00 0.00 0.00 -46.34 -39.06 0.00 
0 0 0 0 0 0 11.12 0 0.00000000 0.00000000 0.00 0.00 0.00 -46.34 -39.06 0.00 
0 0 0 0 0 0 11.15 0 0.00000000 0.00000000 0.00 0.00 0.00 -46.34 -39.06 0.00 
0 0 0 0 0 0 11.19 0 0.00000000 0.00000000 0.00 0.00 0.00 -46.34 -39.06 0.00 
0 0 0 0 0 0 11.21 0 0.00000000 0.00000000 0.00 0.00 0.00 -46.34 -39.06 0.00 
0 0 0 0 0 0 11.23 0 0.00000000 0.00000000 0.00 0.00 0.00 -46.34 -39.06 0.00 
0 0 0 0 0 0 11.26 0 0.00000000 0.00000000 0.00 0.00 0.00 -46.34 -39.06 0.00 
0 0 0 0 0 0 11.28 0 0.00000000 0.00000000 0.00 0.00 0.00 -46.34 -39.06 0.00 
0 0 0 0 0 0 11.31 0 0.00000000 0.00000000 0.00 0.00 0.00 -46.34 -39.06 0.00 
0 0 0 0 0 0 11.33 0 0.00000000 0.00000000 0.00 0.00 0.00 -46.34 -39.06 0.00 
0 0 0 0 0 0 11.35 0 0.00000000 0.00000000 0.00 0.00 0.00 -46.34 -39.06 0.00 
0 0 0 0 0 0 11.38 0 0.00000000 0.00000000 0.00 0.00 0.00 -46.34 -39.06 0.00 
0 0 0 0 0 0 11.40 0 0.00000000 0.00000000 0.00 0.00 0.00 -46.34 -39.06 0.00 
0 0 0 0 0 0 11.43 0 0.00000000 0.00000000 0.00 0.00 0.00 -46.34 -39.06 0.00 
0 0 0 0 0 0 11.45 0 0.00000000 0.00000000 0.00 0.00 0.00 -46.34 -39.06 0.00 
0 0 0 0 0 0 11.47 0 0.00000000 0.00000000 0.00 0.00 0.00 -46.34 -39.06 0.00 
0 0 0 0 0 0 11.50 0 0.00000000 0.00000000 0.00 0.00 0.00 -46.34 -39.06 0.00 
0 0 0 0 0 0 11.52 0 0.00000000 0.00000000 0.00 0.00 0.00 -46.34 -39.06 0.00 
0 0 0 0 0 0 11.55 0 0.00000000 0.00000000 0.00 0.00 0.00 -46.34 -39.06 0.00 
0 0 0 0 0 0 11.57 0 0.00000000 0.00000000 0.00 0.00 0.00 -46.34 -39.06 0.00 
0 0 0 0 0 0 11.60 0 0.00000000 0.00000000 0.00 0.00 0.00 -46.34 -39.06 0.00 
0 0 0 0 0 0 11.62 0 0.00000000 0.00000000 0.00 0.00 0.00 -46.34 -39.06 0.00 
0 0 0 0 0 0 11.64 0 0.00000000 0.00000000 0.00 0.00 0.00 -46.34 -39.06 0.00 
0 0 0 0 0 0 11.67 0 0.00000000 0.00000000 0.00 0.00 0.00 -46.34 -39.06 0.00 
0 0 0 0 0 0 11.69 0 0.00000000 0.00000000 0.00 0.00 0.00 -46.34 -39.06 0.00 
0 0 0 0 0 0 11.71 0 0.00000000 0.00000000 0.00 0.00 0.00 -46.34 -39.06 0.00 
0 0 0 0 0 0 11.74 0 0.00000000 0.00000000 0.00 0.00 0.00 -46.34 -39.06 0.00 
0 0 0 0 0 0 11.76 0 0.00000000 0.00000000 0.00 0.00 0.00 -46.34 -39.06 0.00 
0 0 0 0 0 0 11.79 0 0.00000000 0.00000000 0.00 0.00 0.00 -46.34 -39.06 0.00 
0 0 0 0 0 0 11.81 0 0.00000000 0.00000000 0.00 0.00 0.00 -46.34 -39.06 0.00 
0 0 0 0 0 0 11.83 0 0.00000000 0.00000000 0.00 0.00 0.00 -46.34 -39.06 0.00 
0 0 0 0 0 0 11.86 0 0.00000000 0.00000000 0.00 0.00 0.00 -46.34 -39.06 0.00 
0 0 0 0 0 0 11.88 0 0.00000000 0.00000000 0.00 0.00 0.00 -46.34 -39.06 0.00 
0 0 0 0 0 0 11.92 0 0.00000000 0.00000000 0.00 0.00 0.00 -46.34 -39.06 0.00 
0 0 0 0 0 0 11.94 0 0.00000000 0.00000000 0.00 0.00 0.00 -46.34 -39.06 0.00 
0 0 0 0 0 0 11.97 0 0.00000000 0.00000000 0.00 0.00 0.00 -46.34 -39.06 0.00 
0 0 0 0 0 0 11.99 0 0.00000000 0.00000000 0.00 0.00 0.00 -46.34 -39.06 0.00 
0 0 0 0 0 0 12.02 0 0.00000000 0.00000000 0.00 0.00 0.00 -40.25 -43.97 0.00 
0 0 0 0 0 0 12.04 0 0.00000000 0.00000000 0.00 0.00 0.00 -40.25 -43.97 0.00 
0 0 0 0 0 0 12.06 0 0.00000000 0.00000000 0.00 0.00 0.00 -40.25 -43.97 0.00 
0 0 0 0 0 0 12.09 0 0.00000000 0.00000000 0.00 0.00 0.00 -40.25 -43.97 0.00 
0 0 0 0 0 0 12.11 0 0.00000000 0.00000000 0.00 0.00 0.00 -40.25 -43.97 0.00 
0 0 0 0 0 0 12.14 0 0.00000000 0.00000000 0.00 0.00 0.00 -40.25 -43.97 0.00 
0 0 0 0 0 0 12.16 0 0.00000000 0.00000000 0.00 0.00 0.00 -40.25 -43.97 0.00 
0 0 0 0 0 0 12.19 0 0.00000000 0.00000000 0.00 0.00 0.00 -40.25 -43.97 0.00 
0 0 0 0 0 0 12.21 0 0.00000000 0.00000000 0.00 0.00 0.00 -40.25 -43.97 0.00 
0 0 0 0 0 0 12.23 0 0.00000000 0.00000000 0.00 0.00 0.00 -40.25 -43.97 0.00 
0 0 0 0 0 0 12.26 0 0.00000000 0.00000000 0.00 0.00 0.00 -40.25 -43.97 0.00 
0 0 0 0 0 0 12.28 0 0.00000000 0.00000000 0.00 0.00 0.00 -40.25 -43.97 0.00 
0 0 0 0 0 0 12.31 0 0.00000000 0.00000000 0.00 0.00 0.00 -40.25 -43.97 0.00 
0 0 0 0 0 0 12.33 0 0.00000000 0.00000000 0.00 0.00 0.00 -40.25 -43.97 0.00 
0 0 0 0 0 0 12.35 0 0.00000000 0.00000000 0.00 0.00 0.00 -40.25 -43.97 0.00 
0 0 0 0 0 0 12.38 0 0.00000000 0.00000000 0.00 0.00 0.00 -40.25 -43.97 0.00 
0 0 0 0 0 0 12.40 0 0.00000000 0.00000000 0.00 0.00 0.00 -40.25 -43.97 0.00 
0 0 0 0 0 0 12.43 0 0.00000000 0.00000000 0.00 0.00 0.00 -40.25 -43.97 0.00 
0 0 0 0 0 0 12.45 0 0.00000000 0.00000000 0.00 0.00 0.00 -40.25 -43.97 0.00 
0 0 0 0 0 0 12.48 0 0.00000000 0.00000000 0.00 0.00 0.00 -40.25 -43.97 0.00 
0 0 0 0 0 0 12.50 0 0.00000000 0.00000000 0.00 0.00 0.00 -40.25 -43.97 0.00 
0 0 0 0 0 0 12.52 0 0.00000000 0.00000000 0.00 0.00 0.00 -40.25 -43.97 0.00 
0 0 0 0 0 0 12.55 0 0.00000000 0.00000000 0.00 0.00 0.00 -40.25 -43.97 0.00 
0 0 0 0 0 0 12.57 0 0.00000000 0.00000000 0.00 0.00 0.00 -40.25 -43.97 0.00 
0 0 0 0 0 0 12.62 0 0.00000000 0.00000000 0.00 0.00 0.00 -40.25 -43.97 0.00 
0 0 0 0 0 0 12.64 0 0.00000000 0.00000000 0.00 0.00 0.00 -40.25 -43.97 0.00 
0 0 0 0 0 0 12.66 0 0.00000000 0.00000000 0.00 0.00 0.00 -40.25 -43.97 0.00 
0 0 0 0 0 0 12.69 0 0.00000000 0.00000000 0.00 0.00 0.00 -40.25 -43.97 0.00 
0 0 0 0 0 0 12.71 0 0.00000000 0.00000000 0.00 0.00 0.00 -40.25 -43.97 0.00 
0 0 0 0 0 0 12.74 0 0.00000000 0.00000000 0.00 0.00 0.00 -40.25 -43.97 0.00 
0 0 0 0 0 0 12.76 0 0.00000000 0.00000000 0.00 0.00 0.00 -40.25 -43.97 0.00 
0 0 0 0 0 0 12.78 0 0.00000000 0.00000000 0.00 0.00 0.00 -40.25 -43.97 0.00 
0 0 0 0 0 0 12.81 0 0.00000000 0.00000000 0.00 0.00 0.00 -40.25 -43.97 0.00 
0 0 0 0 0 0 12.83 0 0.00000000 0.00000000 0.00 0.00 0.00 -40.25 -43.97 0.00 
0 0 0 0 0 0 12.86 0 0.00000000 0.00000000 0.00 0.00 0.00 -40.25 -43.97 0.00 
0 0 0 0 0 0 12.88 0 0.00000000 0.00000000 0.00 0.00 0.00 -40.25 -43.97 0.00 
0 0 0 0 0 0 12.91 0 0.00000000 0.00000000 0.00 0.00 0.00 -40.25 -43.97 0.00 
0 0 0 0 0 0 12.93 0 0.00000000 0.00000000 0.00 0.00 0.00 -40.25 -43.97 0.00 
0 0 0 0 0 0 12.95 0 0.00000000 0.00000000 0.00 0.00 0.00 -40.25 -43.97 0.00 
0 0 0 0 0 0 12.98 0 0.00000000 0.00000000 0.00 0.00 0.00 -40.25 -43.97 0.00 
0 0 0 0 0 0 13.00 0 0.00000000 0.00000000 0.00 0.00 0.00 -40.25 -43.97 0.00 
0 0 0 0 0 0 13.03 0 0.00000000 0.00000000 0.00 0.00 0.00 -26.80 -53.22 0.00 
0 0 0 0 0 0 13.05 0 0.00000000 0.00000000 0.00 0.00 0.00 -26.80 -53.22 0.00 
0 0 0 0 0 0 13.08 0 0.00000000 0.00000000 0.00 0.00 0.00 -26.80 -53.22 0.00 
0 0 0 0 0 0 13.10 0 0.00000000 0.00000000 0.00 0.00 0.00 -26.80 -53.22 0.00 
0 0 0 0 0 0 13.13 0 0.00000000 0.00000000 0.00 0.00 0.00 -26.80 -53.22 0.00 
0 0 0 0 0 0 13.15 0 0.00000000 0.00000000 0.00 0.00 0.00 -26.80 -53.22 0.00 
0 0 0 0 0 0 13.17 0 0.00000000 0.00000000 0.00 0.00 0.00 -26.80 -53.22 0.00 
0 0 0 0 0 0 13.20 0 0.00000000 0.00000000 0.00 0.00 0.00 -26.80 -53.22 0.00 
0 0 0 0 0 0 13.23 0 0.00000000 0.00000000 0.00 0.00 0.00 -26.80 -53.22 0.00 
0 0 0 0 0 0 13.26 0 0.00000000 0.00000000 0.00 0.00 0.00 -26.80 -53.22 0.00 
0 0 0 0 0 0 13.28 0 0.00000000 0.00000000 0.00 0.00 0.00 -26.80 -53.22 0.00 
0 0 0 0 0 0 13.30 0 0.00000000 0.00000000 0.00 0.00 0.00 -26.80 -53.22 0.00 
0 0 0 0 0 0 13.33 0 0.00000000 0.00000000 0.00 0.00 0.00 -26.80 -53.22 0.00 
0 0 0 0 0 0 13.35 0 0.00000000 0.00000000 0.00 0.00 0.00 -26.80 -53.22 0.00 
0 0 0 0 0 0 13.38 0 0.00000000 0.00000000 0.00 0.00 0.00 -26.80 -53.22 0.00 
0 0 0 0 0 0 13.42 0 0.00000000 0.00000000 0.00 0.00 0.00 -26.80 -53.22 0.00 
0 0 0 0 0 0 13.54 0 0.00000000 0.00000000 0.00 0.00 0.00 -26.80 -53.22 0.00 
0 0 0 0 0 0 13.67 0 0.00000000 0.00000000 0.00 0.00 0.00 -26.80 -53.22 0.00 
0 0 0 0 0 0 13.79 0 0.00000000 0.00000000 0.00 0.00 0.00 -26.80 -53.22 0.00 
0 0 0 0 0 0 13.91 0 0.00000000 0.00000000 0.00 0.00 0.00 -26.80 -53.22 0.00 
0 0 0 0 0 0 14.00 0 0.00000000 0.00000000 0.00 0.00 0.00 -26.80 -53.22 0.00 
0 0 0 0 0 0 14.03 0 0.00000000 0.00000000 0.00 0.00 0.00 -27.07 -50.52 0.00 
0 0 0 0 0 0 14.05 0 0.00000000 0.00000000 0.00 0.00 0.00 -27.07 -50.52 0.00 
0 0 0 0 0 0 14.08 0 0.00000000 0.00000000 0.00 0.00 0.00 -27.07 -50.52 0.00 
0 0 0 0 0 0 14.10 0 0.00000000 0.00000000 0.00 0.00 0.00 -27.07 -50.52 0.00 
0 0 0 0 0 0 14.13 0 0.00000000 0.00000000 0.00 0.00 0.00 -27.07 -50.52 0.00 
0 0 0 0 0 0 14.15 0 0.00000000 0.00000000 0.00 0.00 0.00 -27.07 -50.52 0.00 
0 0 0 0 0 0 14.17 0 0.00000000 0.00000000 0.00 0.00 0.00 -27.07 -50.52 0.00 
0 0 0 0 0 0 14.20 0 0.00000000 0.00000000 0.00 0.00 0.00 -27.07 -50.52 0.00 
0 0 0 0 0 0 14.22 0 0.00000000 0.00000000 0.00 0.00 0.00 -27.07 -50.52 0.00 
0 0 0 0 0 0 14.25 0 0.00000000 0.00000000 0.00 0.00 0.00 -27.07 -50.52 0.00 
0 0 0 0 0 0 14.27 0 0.00000000 0.00000000 0.00 0.00 0.00 -27.07 -50.52 0.00 
0 0 0 0 0 0 14.29 0 0.00000000 0.00000000 0.00 0.00 0.00 -27.07 -50.52 0.00 
0 0 0 0 0 0 14.32 0 0.00000000 0.00000000 0.00 0.00 0.00 -27.07 -50.52 0.00 
0 0 0 0 0 0 14.34 0 0.00000000 0.00000000 0.00 0.00 0.00 -27.07 -50.52 0.00 
0 0 0 0 0 0 14.37 0 0.00000000 0.00000000 0.00 0.00 0.00 -27.07 -50.52 0.00 
0 0 0 0 0 0 14.39 0 0.00000000 0.00000000 0.00 0.00 0.00 -27.07 -50.52 0.00 
0 0 0 0 0 0 14.41 0 0.00000000 0.00000000 0.00 0.00 0.00 -27.07 -50.52 0.00 
0 0 0 0 0 0 14.44 0 0.00000000 0.00000000 0.00 0.00 0.00 -27.07 -50.52 0.00 
0 0 0 0 0 0 14.46 0 0.00000000 0.00000000 0.00 0.00 0.00 -27.07 -50.52 0.00 
0 0 0 0 0 0 14.48 0 0.00000000 0.00000000 0.00 0.00 0.00 -27.07 -50.52 0.00 
0 0 0 0 0 0 14.51 0 0.00000000 0.00000000 0.00 0.00 0.00 -27.07 -50.52 0.00 
0 0 0 0 0 0 14.56 0 0.00000000 0.00000000 0.00 0.00 0.00 -27.07 -50.52 0.00 
0 0 0 0 0 0 14.58 0 0.00000000 0.00000000 0.00 0.00 0.00 -27.07 -50.52 0.00 
0 0 0 0 0 0 14.61 0 0.00000000 0.00000000 0.00 0.00 0.00 -27.07 -50.52 0.00 
0 0 0 0 0 0 14.63 0 0.00000000 0.00000000 0.00 0.00 0.00 -27.07 -50.52 0.00 
0 0 0 0 0 0 14.65 0 0.00000000 0.00000000 0.00 0.00 0.00 -27.07 -50.52 0.00 
0 0 0 0 0 0 14.68 0 0.00000000 0.00000000 0.00 0.00 0.00 -27.07 -50.52 0.00 
0 0 0 0 0 0 14.70 0 0.00000000 0.00000000 0.00 0.00 0.00 -27.07 -50.52 0.00 
0 0 0 0 0 0 14.73 0 0.00000000 0.00000000 0.00 0.00 0.00 -27.07 -50.52 0.00 
0 0 0 0 0 0 14.75 0 0.00000000 0.00000000 0.00 0.00 0.00 -27.07 -50.52 0.00 
0 0 0 0 0 0 14.77 0 0.00000000 0.00000000 0.00 0.00 0.00 -27.07 -50.52 0.00 
0 0 0 0 0 0 14.80 0 0.00000000 0.00000000 0.00 0.00 0.00 -27.07 -50.52 0.00 
0 0 0 0 0 0 14.82 0 0.00000000 0.00000000 0.00 0.00 0.00 -27.07 -50.52 0.00 
0 0 0 0 0 0 14.85 0 0.00000000 0.00000000 0.00 0.00 0.00 -27.07 -50.52 0.00 
0 0 0 0 0 0 14.87 0 0.00000000 0.00000000 0.00 0.00 0.00 -27.07 -50.52 0.00 
0 0 0 0 0 0 14.90 0 0.00000000 0.00000000 0.00 0.00 0.00 -27.07 -50.52 0.00 
0 0 0 0 0 0 14.92 0 0.00000000 0.00000000 0.00 0.00 0.00 -27.07 -50.52 0.00 
0 0 0 0 0 0 14.94 0 0.00000000 0.00000000 0.00 0.00 0.00 -27.07 -50.52 0.00 
0 0 0 0 0 0 14.97 0 0.00000000 0.00000000 0.00 0.00 0.00 -27.07 -50.52 0.00 
0 0 0 0 0 0 14.99 0 0.00000000 0.00000000 0.00 0.00 0.00 -27.07 -50.52 0.00 
0 0 0 0 0 0 15.02 0 0.00000000 0.00000000 0.00 0.00 0.00 -31.28 -47.20 0.00 
0 0 0 0 0 0 15.06 0 0.00000000 0.00000000 0.00 0.00 0.00 -31.28 -47.20 0.00 
0 0 0 0 0 0 15.08 0 0.00000000 0.00000000 0.00 0.00 0.00 -31.28 -47.20 0.00 
0 0 0 0 0 0 15.10 0 0.00000000 0.00000000 0.00 0.00 0.00 -31.28 -47.20 0.00 
0 0 0 0 0 0 15.13 0 0.00000000 0.00000000 0.00 0.00 0.00 -31.28 -47.20 0.00 
0 0 0 0 0 0 15.15 0 0.00000000 0.00000000 0.00 0.00 0.00 -31.28 -47.20 0.00 
0 0 0 0 0 0 15.17 0 0.00000000 0.00000000 0.00 0.00 0.00 -31.28 -47.20 0.00 
0 0 0 0 0 0 15.20 0 0.00000000 0.00000000 0.00 0.00 0.00 -31.28 -47.20 0.00 
0 0 0 0 0 0 15.22 0 0.00000000 0.00000000 0.00 0.00 0.00 -31.28 -47.20 0.00 
0 0 0 0 0 0 15.25 0 0.00000000 0.00000000 0.00 0.00 0.00 -31.28 -47.20 0.00 
0 0 0 0 0 0 15.27 0 0.00000000 0.00000000 0.00 0.00 0.00 -31.28 -47.20 0.00 
0 0 0 0 0 0 15.30 0 0.00000000 0.00000000 0.00 0.00 0.00 -31.28 -47.20 0.00 
0 0 0 0 0 0 15.32 0 0.00000000 0.00000000 0.00 0.00 0.00 -31.28 -47.20 0.00 
0 0 0 0 0 0 15.34 0 0.00000000 0.00000000 0.00 0.00 0.00 -31.28 -47.20 0.00 
0 0 0 0 0 0 15.37 0 0.00000000 0.00000000 0.00 0.00 0.00 -31.28 -47.20 0.00 
0 0 0 0 0 0 15.39 0 0.00000000 0.00000000 0.00 0.00 0.00 -31.28 -47.20 0.00 
0 0 0 0 0 0 15.42 0 0.00000000 0.00000000 0.00 0.00 0.00 -31.28 -47.20 0.00 
0 0 0 0 0 0 15.44 0 0.00000000 0.00000000 0.00 0.00 0.00 -31.28 -47.20 0.00 
0 0 0 0 0 0 15.46 0 0.00000000 0.00000000 0.00 0.00 0.00 -31.28 -47.20 0.00 
0 0 0 0 0 0 15.49 0 0.00000000 0.00000000 0.00 0.00 0.00 -31.28 -47.20 0.00 
0 0 0 0 0 0 15.51 0 0.00000000 0.00000000 0.00 0.00 0.00 -31.28 -47.20 0.00 
0 0 0 0 0 0 15.54 0 0.00000000 0.00000000 0.00 0.00 0.00 -31.28 -47.20 0.00 
0 0 0 0 0 0 15.56 0 0.00000000 0.00000000 0.00 0.00 0.00 -31.28 -47.20 0.00 
0 0 0 0 0 0 15.59 0 0.00000000 0.00000000 0.00 0.00 0.00 -31.28 -47.20 0.00 
0 0 0 0 0 0 15.61 0 0.00000000 0.00000000 0.00 0.00 0.00 -31.28 -47.20 0.00 
0 0 0 0 0 0 15.63 0 0.00000000 0.00000000 0.00 0.00 0.00 -31.28 -47.20 0.00 
0 0 0 0 0 0 15.65 0 0.00000000 0.00000000 0.00 0.00 0.00 -31.28 -47.20 0.00 
0 0 0 0 0 0 15.68 0 0.00000000 0.00000000 0.00 0.00 0.00 -31.28 -47.20 0.00 
0 0 0 0 0 0 15.71 0 0.00000000 0.00000000 0.00 0.00 0.00 -31.28 -47.20 0.00 
0 0 0 0 0 0 15.73 0 0.00000000 0.00000000 0.00 0.00 0.00 -31.28 -47.20 0.00 
0 0 0 0 0 0 15.75 0 0.00000000 0.00000000 0.00 0.00 0.00 -31.28 -47.20 0.00 
0 0 0 0 0 0 15.78 0 0.00000000 0.00000000 0.00 0.00 0.00 -31.28 -47.20 0.00 
0 0 0 0 0 0 15.80 0 0.00000000 0.00000000 0.00 0.00 0.00 -31.28 -47.20 0.00 
0 0 0 0 0 0 15.82 0 0.00000000 0.00000000 0.00 0.00 0.00 -31.28 -47.20 0.00 
0 0 0 0 0 0 15.85 0 0.00000000 0.00000000 0.00 0.00 0.00 -31.28 -47.20 0.00 
0 0 0 0 0 0 15.88 0 0.00000000 0.00000000 0.00 0.00 0.00 -31.28 -47.20 0.00 
0 0 0 0 0 0 15.90 0 0.00000000 0.00000000 0.00 0.00 0.00 -31.28 -47.20 0.00 
0 0 0 0 0 0 15.92 0 0.00000000 0.00000000 0.00 0.00 0.00 -31.28 -47.20 0.00 
0 0 0 0 0 0 15.94 0 0.00000000 0.00000000 0.00 0.00 0.00 -31.28 -47.20 0.00 
0 0 0 0 0 0 15.97 0 0.00000000 0.00000000 0.00 0.00 0.00 -31.28 -47.20 0.00 
0 0 0 0 0 0 16.02 0 0.00000000 0.00000000 0.00 0.00 0.00 -45.15 -38.72 0.00 
0 0 0 0 0 0 16.05 0 0.00000000 0.00000000 0.00 0.00 0.00 -45.15 -38.72 0.00 
0 0 0 0 0 0 16.07 0 0.00000000 0.00000000 0.00 0.00 0.00 -45.15 -38.72 0.00 
0 0 0 0 0 0 16.09 0 0.00000000 0.00000000 0.00 0.00 0.00 -45.15 -38.72 0.00 
0 0 0 0 0 0 16.12 0 0.00000000 0.00000000 0.00 0.00 0.00 -45.15 -38.72 0.00 
0 0 0 0 0 0 16.14 0 0.00000000 0.00000000 0.00 0.00 0.00 -45.15 -38.72 0.00 
0 0 0 0 0 0 16.16 0 0.00000000 0.00000000 0.00 0.00 0.00 -45.15 -38.72 0.00 
0 0 0 0 0 0 16.19 0 0.00000000 0.00000000 0.00 0.00 0.00 -45.15 -38.72 0.00 
0 0 0 0 0 0 16.21 0 0.00000000 0.00000000 0.00 0.00 0.00 -45.15 -38.72 0.00 
0 0 0 0 0 0 16.24 0 0.00000000 0.00000000 0.00 0.00 0.00 -45.15 -38.72 0.00 
0 0 0 0 0 0 16.26 0 0.00000000 0.00000000 0.00 0.00 0.00 -45.15 -38.72 0.00 
0 0 0 0 0 0 16.28 0 0.00000000 0.00000000 0.00 0.00 0.00 -45.15 -38.72 0.00 
0 0 0 0 0 0 16.31 0 0.00000000 0.00000000 0.00 0.00 0.00 -45.15 -38.72 0.00 
0 0 0 0 0 0 16.33 0 0.00000000 0.00000000 0.00 0.00 0.00 -45.15 -38.72 0.00 
0 0 0 0 0 0 16.37 0 0.00000000 0.00000000 0.00 0.00 0.00 -45.15 -38.72 0.00 
0 0 0 0 0 0 16.39 0 0.00000000 0.00000000 0.00 0.00 0.00 -45.15 -38.72 0.00 
0 0 0 0 0 0 16.42 0 0.00000000 0.00000000 0.00 0.00 0.00 -45.15 -38.72 0.00 
0 0 0 0 0 0 16.44 0 0.00000000 0.00000000 0.00 0.00 0.00 -45.15 -38.72 0.00 
0 0 0 0 0 0 16.46 0 0.00000000 0.00000000 0.00 0.00 0.00 -45.15 -38.72 0.00 
0 0 0 0 0 0 16.49 0 0.00000000 0.00000000 0.00 0.00 0.00 -45.15 -38.72 0.00 
0 0 0 0 0 0 16.51 0 0.00000000 0.00000000 0.00 0.00 0.00 -45.15 -38.72 0.00 
0 0 0 0 0 0 16.54 0 0.00000000 0.00000000 0.00 0.00 0.00 -45.15 -38.72 0.00 
0 0 0 0 0 0 16.56 0 0.00000000 0.00000000 0.00 0.00 0.00 -45.15 -38.72 0.00 
0 0 0 0 0 0 16.58 0 0.00000000 0.00000000 0.00 0.00 0.00 -45.15 -38.72 0.00 
0 0 0 0 0 0 16.61 0 0.00000000 0.00000000 0.00 0.00 0.00 -45.15 -38.72 0.00 
0 0 0 0 0 0 16.63 0 0.00000000 0.00000000 0.00 0.00 0.00 -45.15 -38.72 0.00 
0 0 0 0 0 0 16.65 0 0.00000000 0.00000000 0.00 0.00 0.00 -45.15 -38.72 0.00 
0 0 0 0 0 0 16.68 0 0.00000000 0.00000000 0.00 0.00 0.00 -45.15 -38.72 0.00 
0 0 0 0 0 0 16.70 0 0.00000000 0.00000000 0.00 0.00 0.00 -45.15 -38.72 0.00 
0 0 0 0 0 0 16.73 0 0.00000000 0.00000000 0.00 0.00 0.00 -45.15 -38.72 0.00 
0 0 0 0 0 0 16.75 0 0.00000000 0.00000000 0.00 0.00 0.00 -45.15 -38.72 0.00 
0 0 0 0 0 0 16.77 0 0.00000000 0.00000000 0.00 0.00 0.00 -45.15 -38.72 0.00 
0 0 0 0 0 0 16.80 0 0.00000000 0.00000000 0.00 0.00 0.00 -45.15 -38.72 0.00 
0 0 0 0 0 0 16.82 0 0.00000000 0.00000000 0.00 0.00 0.00 -45.15 -38.72 0.00 
0 0 0 0 0 0 16.85 0 0.00000000 0.00000000 0.00 0.00 0.00 -45.15 -38.72 0.00 
0 0 0 0 0 0 16.87 0 0.00000000 0.00000000 0.00 0.00 0.00 -45.15 -38.72 0.00 
0 0 0 0 0 0 16.90 0 0.00000000 0.00000000 0.00 0.00 0.00 -45.15 -38.72 0.00 
0 0 0 0 0 0 16.92 0 0.00000000 0.00000000 0.00 0.00 0.00 -45.15 -38.72 0.00 
0 0 0 0 0 0 16.94 0 0.00000000 0.00000000 0.00 0.00 0.00 -45.15 -38.72 0.00 
0 0 0 0 0 0 16.97 0 0.00000000 0.00000000 0.00 0.00 0.00 -45.15 -38.72 0.00 
0 0 0 0 0 0 16.99 0 0.00000000 0.00000000 0.00 0.00 0.00 -45.15 -38.72 0.00 
0 0 0 0 0 0 17.02 0 0.00000000 0.00000000 0.00 0.00 0.00 -25.40 -55.48 0.00 
0 0 0 0 0 0 17.04 0 0.00000000 0.00000000 0.00 0.00 0.00 -25.40 -55.48 0.00 
0 0 0 0 0 0 17.07 0 0.00000000 0.00000000 0.00 0.00 0.00 -25.40 -55.48 0.00 
0 0 0 0 0 0 17.09 0 0.00000000 0.00000000 0.00 0.00 0.00 -25.40 -55.48 0.00 
0 0 0 0 0 0 17.12 0 0.00000000 0.00000000 0.00 0.00 0.00 -25.40 -55.48 0.00 
0 0 0 0 0 0 17.14 0 0.00000000 0.00000000 0.00 0.00 0.00 -25.40 -55.48 0.00 
0 0 0 0 0 0 17.17 0 0.00000000 0.00000000 0.00 0.00 0.00 -25.40 -55.48 0.00 
0 0 0 0 0 0 17.19 0 0.00000000 0.00000000 0.00 0.00 0.00 -25.40 -55.48 0.00 
0 0 0 0 0 0 17.21 0 0.00000000 0.00000000 0.00 0.00 0.00 -25.40 -55.48 0.00 
0 0 0 0 0 0 17.24 0 0.00000000 0.00000000 0.00 0.00 0.00 -25.40 -55.48 0.00 
0 0 0 0 0 0 17.26 0 0.00000000 0.00000000 0.00 0.00 0.00 -25.40 -55.48 0.00 
0 0 0 0 0 0 17.28 0 0.00000000 0.00000000 0.00 0.00 0.00 -25.40 -55.48 0.00 
0 0 0 0 0 0 17.31 0 0.00000000 0.00000000 0.00 0.00 0.00 -25.40 -55.48 0.00 
0 0 0 0 0 0 17.33 0 0.00000000 0.00000000 0.00 0.00 0.00 -25.40 -55.48 0.00 
0 0 0 0 0 0 17.36 0 0.00000000 0.00000000 0.00 0.00 0.00 -25.40 -55.48 0.00 
0 0 0 0 0 0 17.38 0 0.00000000 0.00000000 0.00 0.00 0.00 -25.40 -55.48 0.00 
0 0 0 0 0 0 17.40 0 0.00000000 0.00000000 0.00 0.00 0.00 -25.40 -55.48 0.00 
0 0 0 0 0 0 17.44 0 0.00000000 0.00000000 0.00 0.00 0.00 -25.40 -55.48 0.00 
0 0 0 0 0 0 17.47 0 0.00000000 0.00000000 0.00 0.00 0.00 -25.40 -55.48 0.00 
0 0 0 0 0 0 17.50 0 0.00000000 0.00000000 0.00 0.00 0.00 -25.40 -55.48 0.00 
0 0 0 0 0 0 17.52 0 0.00000000 0.00000000 0.00 0.00 0.00 -25.40 -55.48 0.00 
0 0 0 0 0 0 17.55 0 0.00000000 0.00000000 0.00 0.00 0.00 -25.40 -55.48 0.00 
0 0 0 0 0 0 17.57 0 0.00000000 0.00000000 0.00 0.00 0.00 -25.40 -55.48 0.00 
0 0 0 0 0 0 17.59 0 0.00000000 0.00000000 0.00 0.00 0.00 -25.40 -55.48 0.00 
0 0 0 0 0 0 17.61 0 0.00000000 0.00000000 0.00 0.00 0.00 -25.40 -55.48 0.00 
0 0 0 0 0 0 17.64 0 0.00000000 0.00000000 0.00 0.00 0.00 -25.40 -55.48 0.00 
0 0 0 0 0 0 17.68 0 0.00000000 0.00000000 0.00 0.00 0.00 -25.40 -55.48 0.00 
0 0 0 0 0 0 17.70 0 0.00000000 0.00000000 0.00 0.00 0.00 -25.40 -55.48 0.00 
0 0 0 0 0 0 17.72 0 0.00000000 0.00000000 0.00 0.00 0.00 -25.40 -55.48 0.00 
0 0 0 0 0 0 17.75 0 0.00000000 0.00000000 0.00 0.00 0.00 -25.40 -55.48 0.00 
0 0 0 0 0 0 17.77 0 0.00000000 0.00000000 0.00 0.00 0.00 -25.40 -55.48 0.00 
0 0 0 0 0 0 17.79 0 0.00000000 0.00000000 0.00 0.00 0.00 -25.40 -55.48 0.00 
0 0 0 0 0 0 17.82 0 0.00000000 0.00000000 0.00 0.00 0.00 -25.40 -55.48 0.00 
0 0 0 0 0 0 17.84 0 0.00000000 0.00000000 0.00 0.00 0.00 -25.40 -55.48 0.00 
0 0 0 0 0 0 17.87 0 0.00000000 0.00000000 0.00 0.00 0.00 -25.40 -55.48 0.00 
0 0 0 0 0 0 17.89 0 0.00000000 0.00000000 0.00 0.00 0.00 -25.40 -55.48 0.00 
0 0 0 0 0 0 17.92 0 0.00000000 0.00000000 0.00 0.00 0.00 -25.40 -55.48 0.00 
0 0 0 0 0 0 17.94 0 0.00000000 0.00000000 0.00 0.00 0.00 -25.40 -55.48 0.00 
0 0 0 0 0 0 17.96 0 0.00000000 0.00000000 0.00 0.00 0.00 -25.40 -55.48 0.00 
0 0 0 0 0 0 17.99 0 0.00000000 0.00000000 0.00 0.00 0.00 -25.40 -55.48 0.00 
0 0 0 0 0 0 18.02 0 0.00000000 0.00000000 0.00 0.00 0.00 -49.80 -33.47 0.00 
0 0 0 0 0 0 18.04 0 0.00000000 0.00000000 0.00 0.00 0.00 -49.80 -33.47 0.00 
0 0 0 0 0 0 18.06 0 0.00000000 0.00000000 0.00 0.00 0.00 -49.80 -33.47 0.00 
0 0 0 0 0 0 18.09 0 0.00000000 0.00000000 0.00 0.00 0.00 -49.80 -33.47 0.00 
0 0 0 0 0 0 18.11 0 0.00000000 0.00000000 0.00 0.00 0.00 -49.80 -33.47 0.00 
0 0 0 0 0 0 18.14 0 0.00000000 0.00000000 0.00 0.00 0.00 -49.80 -33.47 0.00 
0 0 0 0 0 0 18.16 0 0.00000000 0.00000000 0.00 0.00 0.00 -49.80 -33.47 0.00 
0 0 0 0 0 0 18.19 0 0.00000000 0.00000000 0.00 0.00 0.00 -49.80 -33.47 0.00 
0 0 0 0 0 0 18.21 0 0.00000000 0.00000000 0.00 0.00 0.00 -49.80 -33.47 0.00 
0 0 0 0 0 0 18.23 0 0.00000000 0.00000000 0.00 0.00 0.00 -49.80 -33.47 0.00 
0 0 0 0 0 0 18.26 0 0.00000000 0.00000000 0.00 0.00 0.00 -49.80 -33.47 0.00 
0 0 0 0 0 0 18.28 0 0.00000000 0.00000000 0.00 0.00 0.00 -49.80 -33.47 0.00 
0 0 0 0 0 0 18.30 0 0.00000000 0.00000000 0.00 0.00 0.00 -49.80 -33.47 0.00 
0 0 0 0 0 0 18.33 0 0.00000000 0.00000000 0.00 0.00 0.00 -49.80 -33.47 0.00 
0 0 0 0 0 0 18.35 0 0.00000000 0.00000000 0.00 0.00 0.00 -49.80 -33.47 0.00 
0 0 0 0 0 0 18.38 0 0.00000000 0.00000000 0.00 0.00 0.00 -49.80 -33.47 0.00 
0 0 0 0 0 0 18.40 0 0.00000000 0.00000000 0.00 0.00 0.00 -49.80 -33.47 0.00 
0 0 0 0 0 0 18.42 0 0.00000000 0.00000000 0.00 0.00 0.00 -49.80 -33.47 0.00 
0 0 0 0 0 0 18.45 0 0.00000000 0.00000000 0.00 0.00 0.00 -49.80 -33.47 0.00 
0 0 0 0 0 0 18.48 0 0.00000000 0.00000000 0.00 0.00 0.00 -49.80 -33.47 0.00 
0 0 0 0 0 0 18.50 0 0.00000000 0.00000000 0.00 0.00 0.00 -49.80 -33.47 0.00 
0 0 0 0 0 0 18.52 0 0.00000000 0.00000000 0.00 0.00 0.00 -49.80 -33.47 0.00 
0 0 0 0 0 0 18.55 0 0.00000000 0.00000000 0.00 0.00 0.00 -49.80 -33.47 0.00 
0 0 0 0 0 0 18.57 0 0.00000000 0.00000000 0.00 0.00 0.00 -49.80 -33.47 0.00 
0 0 0 0 0 0 18.59 0 0.00000000 0.00000000 0.00 0.00 0.00 -49.80 -33.47 0.00 
0 0 0 0 0 0 18.62 0 0.00000000 0.00000000 0.00 0.00 0.00 -49.80 -33.47 0.00 
0 0 0 0 0 0 18.64 0 0.00000000 0.00000000 0.00 0.00 0.00 -49.80 -33.47 0.00 
0 0 0 0 0 0 18.67 0 0.00000000 0.00000000 0.00 0.00 0.00 -49.80 -33.47 0.00 
0 0 0 0 0 0 18.69 0 0.00000000 0.00000000 0.00 0.00 0.00 -49.80 -33.47 0.00 
0 0 0 0 0 0 18.71 0 0.00000000 0.00000000 0.00 0.00 0.00 -49.80 -33.47 0.00 
0 0 0 0 0 0 18.74 0 0.00000000 0.00000000 0.00 0.00 0.00 -49.80 -33.47 0.00 
0 0 0 0 0 0 18.76 0 0.00000000 0.00000000 0.00 0.00 0.00 -49.80 -33.47 0.00 
0 0 0 0 0 0 18.78 0 0.00000000 0.00000000 0.00 0.00 0.00 -49.80 -33.47 0.00 
0 0 0 0 0 0 18.81 0 0.00000000 0.00000000 0.00 0.00 0.00 -49.80 -33.47 0.00 
0 0 0 0 0 0 18.83 0 0.00000000 0.00000000 0.00 0.00 0.00 -49.80 -33.47 0.00 
0 0 0 0 0 0 18.86 0 0.00000000 0.00000000 0.00 0.00 0.00 -49.80 -33.47 0.00 
0 0 0 0 0 0 18.90 0 0.00000000 0.00000000 0.00 0.00 0.00 -49.80 -33.47 0.00 
0 0 0 0 0 0 18.93 0 0.00000000 0.00000000 0.00 0.00 0.00 -49.80 -33.47 0.00 
0 0 0 0 0 0 18.95 0 0.00000000 0.00000000 0.00 0.00 0.00 -49.80 -33.47 0.00 
0 0 0 0 0 0 18.99 0 0.00000000 0.00000000 0.00 0.00 0.00 -49.80 -33.47 0.00 
0 0 0 0 0 0 19.02 0 0.00000000 0.00000000 0.00 0.00 0.00 -14.50 -62.17 0.00 
0 0 0 0 0 0 19.04 0 0.00000000 0.00000000 0.00 0.00 0.00 -14.50 -62.17 0.00 
0 0 0 0 0 0 19.06 0 0.00000000 0.00000000 0.00 0.00 0.00 -14.50 -62.17 0.00 
0 0 0 0 0 0 19.09 0 0.00000000 0.00000000 0.00 0.00 0.00 -14.50 -62.17 0.00 
0 0 0 0 0 0 19.11 0 0.00000000 0.00000000 0.00 0.00 0.00 -14.50 -62.17 0.00 
0 0 0 0 0 0 19.13 0 0.00000000 0.00000000 0.00 0.00 0.00 -14.50 -62.17 0.00 
0 0 0 0 0 0 19.18 0 0.00000000 0.00000000 0.00 0.00 0.00 -14.50 -62.17 0.00 
0 0 0 0 0 0 19.30 0 0.00000000 0.00000000 0.00 0.00 0.00 -14.50 -62.17 0.00 
0 0 0 0 0 0 19.43 0 0.00000000 0.00000000 0.00 0.00 0.00 -14.50 -62.17 0.00 
0 0 0 0 0 0 19.55 0 0.00000000 0.00000000 0.00 0.00 0.00 -14.50 -62.17 0.00 
0 0 0 0 0 0 19.68 0 0.00000000 0.00000000 0.00 0.00 0.00 -14.50 -62.17 0.00 
0 0 0 0 0 0 19.76 0 0.00000000 0.00000000 0.00 0.00 0.00 -14.50 -62.17 0.00 
0 0 0 0 0 0 19.78 0 0.00000000 0.00000000 0.00 0.00 0.00 -14.50 -62.17 0.00 
0 0 0 0 0 0 19.81 0 0.00000000 0.00000000 0.00 0.00 0.00 -14.50 -62.17 0.00 
0 0 0 0 0 0 19.83 0 0.00000000 0.00000000 0.00 0.00 0.00 -14.50 -62.17 0.00 
0 0 0 0 0 0 19.85 0 0.00000000 0.00000000 0.00 0.00 0.00 -14.50 -62.17 0.00 
0 0 0 0 0 0 19.88 0 0.00000000 0.00000000 0.00 0.00 0.00 -14.50 -62.17 0.00 
0 0 0 0 0 0 19.90 0 0.00000000 0.00000000 0.00 0.00 0.00 -14.50 -62.17 0.00 
0 0 0 0 0 0 19.92 0 0.00000000 0.00000000 0.00 0.00 0.00 -14.50 -62.17 0.00 
0 0 0 0 0 0 19.95 0 0.00000000 0.00000000 0.00 0.00 0.00 -14.50 -62.17 0.00 
0 0 0 0 0 0 19.97 0 0.00000000 0.00000000 0.00 0.00 0.00 -14.50 -62.17 0.00 
0 0 0 0 0 0 20.00 0 0.00000000 0.00000000 0.00 0.00 0.00 -14.50 -62.17 0.00 
0 0 0 0 0 0 20.03 0 0.00000000 0.00000000 0.00 0.00 0.00 -14.59 -63.16 0.00 
0 0 0 0 0 0 20.05 0 0.00000000 0.00000000 0.00 0.00 0.00 -14.59 -63.16 0.00 
0 0 0 0 0 0 20.07 0 0.00000000 0.00000000 0.00 0.00 0.00 -14.59 -63.16 0.00 
0 0 0 0 0 0 20.10 0 0.00000000 0.00000000 0.00 0.00 0.00 -14.59 -63.16 0.00 
0 0 0 0 0 0 20.12 0 0.00000000 0.00000000 0.00 0.00 0.00 -14.59 -63.16 0.00 
0 0 0 0 0 0 20.15 0 0.00000000 0.00000000 0.00 0.00 0.00 -14.59 -63.16 0.00 
0 0 0 0 0 0 20.17 0 0.00000000 0.00000000 0.00 0.00 0.00 -14.59 -63.16 0.00 
0 0 0 0 0 0 20.19 0 0.00000000 0.00000000 0.00 0.00 0.00 -14.59 -63.16 0.00 
0 0 0 0 0 0 20.22 0 0.00000000 0.00000000 0.00 0.00 0.00 -14.59 -63.16 0.00 
0 0 0 0 0 0 20.24 0 0.00000000 0.00000000 0.00 0.00 0.00 -14.59 -63.16 0.00 
0 0 0 0 0 0 20.27 0 0.00000000 0.00000000 0.00 0.00 0.00 -14.59 -63.16 0.00 
0 0 0 0 0 0 20.29 0 0.00000000 0.00000000 0.00 0.00 0.00 -14.59 -63.16 0.00 
0 0 0 0 0 0 20.32 0 0.00000000 0.00000000 0.00 0.00 0.00 -14.59 -63.16 0.00 
0 0 0 0 0 0 20.34 0 0.00000000 0.00000000 0.00 0.00 0.00 -14.59 -63.16 0.00 
0 0 0 0 0 0 20.36 0 0.00000000 0.00000000 0.00 0.00 0.00 -14.59 -63.16 0.00 
0 0 0 0 0 0 20.39 0 0.00000000 0.00000000 0.00 0.00 0.00 -14.59 -63.16 0.00 
0 0 0 0 0 0 20.41 0 0.00000000 0.00000000 0.00 0.00 0.00 -14.59 -63.16 0.00 
0 0 0 0 0 0 20.44 0 0.00000000 0.00000000 0.00 0.00 0.00 -14.59 -63.16 0.00 
0 0 0 0 0 0 20.46 0 0.00000000 0.00000000 0.00 0.00 0.00 -14.59 -63.16 0.00 
0 0 0 0 0 0 20.48 0 0.00000000 0.00000000 0.00 0.00 0.00 -14.59 -63.16 0.00 
0 0 0 0 0 0 20.51 0 0.00000000 0.00000000 0.00 0.00 0.00 -14.59 -63.16 0.00 
0 0 0 0 0 0 20.53 0 0.00000000 0.00000000 0.00 0.00 0.00 -14.59 -63.16 0.00 
0 0 0 0 0 0 20.55 0 0.00000000 0.00000000 0.00 0.00 0.00 -14.59 -63.16 0.00 
0 0 0 0 0 0 20.58 0 0.00000000 0.00000000 0.00 0.00 0.00 -14.59 -63.16 0.00 
0 0 0 0 0 0 20.60 0 0.00000000 0.00000000 0.00 0.00 0.00 -14.59 -63.16 0.00 
0 0 0 0 0 0 20.63 0 0.00000000 0.00000000 0.00 0.00 0.00 -14.59 -63.16 0.00 
0 0 0 0 0 0 20.65 0 0.00000000 0.00000000 0.00 0.00 0.00 -14.59 -63.16 0.00 
0 0 0 0 0 0 20.67 0 0.00000000 0.00000000 0.00 0.00 0.00 -14.59 -63.16 0.00 
0 0 0 0 0 0 20.70 0 0.00000000 0.00000000 0.00 0.00 0.00 -14.59 -63.16 0.00 
0 0 0 0 0 0 20.72 0 0.00000000 0.00000000 0.00 0.00 0.00 -14.59 -63.16 0.00 
0 0 0 0 0 0 20.76 0 0.00000000 0.00000000 0.00 0.00 0.00 -14.59 -63.16 0.00 
0 0 0 0 0 0 20.78 0 0.00000000 0.00000000 0.00 0.00 0.00 -14.59 -63.16 0.00 
0 0 0 0 0 0 20.80 0 0.00000000 0.00000000 0.00 0.00 0.00 -14.59 -63.16 0.00 
0 0 0 0 0 0 20.85 0 0.00000000 0.00000000 0.00 0.00 0.00 -14.59 -63.16 0.00 
0 0 0 0 0 0 20.88 0 0.00000000 0.00000000 0.00 0.00 0.00 -14.59 -63.16 0.00 
0 0 0 0 0 0 20.90 0 0.00000000 0.00000000 0.00 0.00 0.00 -14.59 -63.16 0.00 
0 0 0 0 0 0 20.92 0 0.00000000 0.00000000 0.00 0.00 0.00 -14.59 -63.16 0.00 
0 0 0 0 0 0 20.95 0 0.00000000 0.00000000 0.00 0.00 0.00 -14.59 -63.16 0.00 
0 0 0 0 0 0 20.97 0 0.00000000 0.00000000 0.00 0.00 0.00 -14.59 -63.16 0.00 
0 0 0 0 0 0 21.00 0 0.00000000 0.00000000 0.00 0.00 0.00 -14.59 -63.16 0.00 
0 0 0 0 0 0 21.02 0 0.00000000 0.00000000 0.00 0.00 0.00 -30.17 -52.75 0.00 
0 0 0 0 0 0 21.05 0 0.00000000 0.00000000 0.00 0.00 0.00 -30.17 -52.75 0.00 
0 0 0 0 0 0 21.07 0 0.00000000 0.00000000 0.00 0.00 0.00 -30.17 -52.75 0.00 
0 0 0 0 0 0 21.10 0 0.00000000 0.00000000 0.00 0.00 0.00 -30.17 -52.75 0.00 
0 0 0 0 0 0 21.12 0 0.00000000 0.00000000 0.00 0.00 0.00 -30.17 -52.75 0.00 
0 0 0 0 0 0 21.15 0 0.00000000 0.00000000 0.00 0.00 0.00 -30.17 -52.75 0.00 
0 0 0 0 0 0 21.17 0 0.00000000 0.00000000 0.00 0.00 0.00 -30.17 -52.75 0.00 
0 0 0 0 0 0 21.19 0 0.00000000 0.00000000 0.00 0.00 0.00 -30.17 -52.75 0.00 
0 0 0 0 0 0 21.22 0 0.00000000 0.00000000 0.00 0.00 0.00 -30.17 -52.75 0.00 
0 0 0 0 0 0 21.24 0 0.00000000 0.00000000 0.00 0.00 0.00 -30.17 -52.75 0.00 
0 0 0 0 0 0 21.27 0 0.00000000 0.00000000 0.00 0.00 0.00 -30.17 -52.75 0.00 
0 0 0 0 0 0 21.29 0 0.00000000 0.00000000 0.00 0.00 0.00 -30.17 -52.75 0.00 
0 0 0 0 0 0 21.31 0 0.00000000 0.00000000 0.00 0.00 0.00 -30.17 -52.75 0.00 
0 0 0 0 0 0 21.34 0 0.00000000 0.00000000 0.00 0.00 0.00 -30.17 -52.75 0.00 
0 0 0 0 0 0 21.36 0 0.00000000 0.00000000 0.00 0.00 0.00 -30.17 -52.75 0.00 
0 0 0 0 0 0 21.38 0 0.00000000 0.00000000 0.00 0.00 0.00 -30.17 -52.75 0.00 
0 0 0 0 0 0 21.41 0 0.00000000 0.00000000 0.00 0.00 0.00 -30.17 -52.75 0.00 
0 0 0 0 0 0 21.44 0 0.00000000 0.00000000 0.00 0.00 0.00 -30.17 -52.75 0.00 
0 0 0 0 0 0 21.46 0 0.00000000 0.00000000 0.00 0.00 0.00 -30.17 -52.75 0.00 
0 0 0 0 0 0 21.48 0 0.00000000 0.00000000 0.00 0.00 0.00 -30.17 -52.75 0.00 
0 0 0 0 0 0 21.51 0 0.00000000 0.00000000 0.00 0.00 0.00 -30.17 -52.75 0.00 
0 0 0 0 0 0 21.53 0 0.00000000 0.00000000 0.00 0.00 0.00 -30.17 -52.75 0.00 
0 0 0 0 0 0 21.55 0 0.00000000 0.00000000 0.00 0.00 0.00 -30.17 -52.75 0.00 
0 0 0 0 0 0 21.58 0 0.00000000 0.00000000 0.00 0.00 0.00 -30.17 -52.75 0.00 
0 0 0 0 0 0 21.60 0 0.00000000 0.00000000 0.00 0.00 0.00 -30.17 -52.75 0.00 
0 0 0 0 0 0 21.63 0 0.00000000 0.00000000 0.00 0.00 0.00 -30.17 -52.75 0.00 
0 0 0 0 0 0 21.65 0 0.00000000 0.00000000 0.00 0.00 0.00 -30.17 -52.75 0.00 
0 0 0 0 0 0 21.67 0 0.00000000 0.00000000 0.00 0.00 0.00 -30.17 -52.75 0.00 
0 0 0 0 0 0 21.70 0 0.00000000 0.00000000 0.00 0.00 0.00 -30.17 -52.75 0.00 
0 0 0 0 0 0 21.72 0 0.00000000 0.00000000 0.00 0.00 0.00 -30.17 -52.75 0.00 
0 0 0 0 0 0 21.75 0 0.00000000 0.00000000 0.00 0.00 0.00 -30.17 -52.75 0.00 
0 0 0 0 0 0 21.77 0 0.00000000 0.00000000 0.00 0.00 0.00 -30.17 -52.75 0.00 
0 0 0 0 0 0 21.79 0 0.00000000 0.00000000 0.00 0.00 0.00 -30.17 -52.75 0.00 
0 0 0 0 0 0 21.82 0 0.00000000 0.00000000 0.00 0.00 0.00 -30.17 -52.75 0.00 
0 0 0 0 0 0 21.84 0 0.00000000 0.00000000 0.00 0.00 0.00 -30.17 -52.75 0.00 
0 0 0 0 0 0 21.87 0 0.00000000 0.00000000 0.00 0.00 0.00 -30.17 -52.75 0.00 
0 0 0 0 0 0 21.89 0 0.00000000 0.00000000 0.00 0.00 0.00 -30.17 -52.75 0.00 
0 0 0 0 0 0 21.92 0 0.00000000 0.00000000 0.00 0.00 0.00 -30.17 -52.75 0.00 
0 0 0 0 0 0 21.94 0 0.00000000 0.00000000 0.00 0.00 0.00 -30.17 -52.75 0.00 
0 0 0 0 0 0 21.96 0 0.00000000 0.00000000 0.00 0.00 0.00 -30.17 -52.75 0.00 
0 0 0 0 0 0 21.99 0 0.00000000 0.00000000 0.00 0.00 0.00 -30.17 -52.75 0.00 
0 0 0 0 0 0 22.02 0 0.00000000 0.00000000 0.00 0.00 0.00 -28.85 -50.47 0.00 
0 0 0 0 0 0 22.04 0 0.00000000 0.00000000 0.00 0.00 0.00 -28.85 -50.47 0.00 
0 0 0 0 0 0 22.06 0 0.00000000 0.00000000 0.00 0.00 0.00 -28.85 -50.47 0.00 
0 0 0 0 0 0 22.10 0 0.00000000 0.00000000 0.00 0.00 0.00 -28.85 -50.47 0.00 
0 0 0 0 0 0 22.12 0 0.00000000 0.00000000 0.00 0.00 0.00 -28.85 -50.47 0.00 
0 0 0 0 0 0 22.15 0 0.00000000 0.00000000 0.00 0.00 0.00 -28.85 -50.47 0.00 
0 0 0 0 0 0 22.17 0 0.00000000 0.00000000 0.00 0.00 0.00 -28.85 -50.47 0.00 
0 0 0 0 0 0 22.19 0 0.00000000 0.00000000 0.00 0.00 0.00 -28.85 -50.47 0.00 
0 0 0 0 0 0 22.22 0 0.00000000 0.00000000 0.00 0.00 0.00 -28.85 -50.47 0.00 
0 0 0 0 0 0 22.25 0 0.00000000 0.00000000 0.00 0.00 0.00 -28.85 -50.47 0.00 
0 0 0 0 0 0 22.28 0 0.00000000 0.00000000 0.00 0.00 0.00 -28.85 -50.47 0.00 
0 0 0 0 0 0 22.31 0 0.00000000 0.00000000 0.00 0.00 0.00 -28.85 -50.47 0.00 
0 0 0 0 0 0 22.34 0 0.00000000 0.00000000 0.00 0.00 0.00 -28.85 -50.47 0.00 
0 0 0 0 0 0 22.36 0 0.00000000 0.00000000 0.00 0.00 0.00 -28.85 -50.47 0.00 
0 0 0 0 0 0 22.38 0 0.00000000 0.00000000 0.00 0.00 0.00 -28.85 -50.47 0.00 
0 0 0 0 0 0 22.41 0 0.00000000 0.00000000 0.00 0.00 0.00 -28.85 -50.47 0.00 
0 0 0 0 0 0 22.43 0 0.00000000 0.00000000 0.00 0.00 0.00 -28.85 -50.47 0.00 
0 0 0 0 0 0 22.46 0 0.00000000 0.00000000 0.00 0.00 0.00 -28.85 -50.47 0.00 
0 0 0 0 0 0 22.48 0 0.00000000 0.00000000 0.00 0.00 0.00 -28.85 -50.47 0.00 
0 0 0 0 0 0 22.50 0 0.00000000 0.00000000 0.00 0.00 0.00 -28.85 -50.47 0.00 
0 0 0 0 0 0 22.53 0 0.00000000 0.00000000 0.00 0.00 0.00 -28.85 -50.47 0.00 
0 0 0 0 0 0 22.55 0 0.00000000 0.00000000 0.00 0.00 0.00 -28.85 -50.47 0.00 
0 0 0 0 0 0 22.57 0 0.00000000 0.00000000 0.00 0.00 0.00 -28.85 -50.47 0.00 
0 0 0 0 0 0 22.60 0 0.00000000 0.00000000 0.00 0.00 0.00 -28.85 -50.47 0.00 
0 0 0 0 0 0 22.62 0 0.00000000 0.00000000 0.00 0.00 0.00 -28.85 -50.47 0.00 
0 0 0 0 0 0 22.65 0 0.00000000 0.00000000 0.00 0.00 0.00 -28.85 -50.47 0.00 
0 0 0 0 0 0 22.67 0 0.00000000 0.00000000 0.00 0.00 0.00 -28.85 -50.47 0.00 
0 0 0 0 0 0 22.69 0 0.00000000 0.00000000 0.00 0.00 0.00 -28.85 -50.47 0.00 
0 0 0 0 0 0 22.72 0 0.00000000 0.00000000 0.00 0.00 0.00 -28.85 -50.47 0.00 
0 0 0 0 0 0 22.75 0 0.00000000 0.00000000 0.00 0.00 0.00 -28.85 -50.47 0.00 
0 0 0 0 0 0 22.77 0 0.00000000 0.00000000 0.00 0.00 0.00 -28.85 -50.47 0.00 
0 0 0 0 0 0 22.79 0 0.00000000 0.00000000 0.00 0.00 0.00 -28.85 -50.47 0.00 
0 0 0 0 0 0 22.82 0 0.00000000 0.00000000 0.00 0.00 0.00 -28.85 -50.47 0.00 
0 0 0 0 0 0 22.84 0 0.00000000 0.00000000 0.00 0.00 0.00 -28.85 -50.47 0.00 
0 0 0 0 0 0 22.86 0 0.00000000 0.00000000 0.00 0.00 0.00 -28.85 -50.47 0.00 
0 0 0 0 0 0 22.89 0 0.00000000 0.00000000 0.00 0.00 0.00 -28.85 -50.47 0.00 
0 0 0 0 0 0 22.91 0 0.00000000 0.00000000 0.00 0.00 0.00 -28.85 -50.47 0.00 
0 0 0 0 0 0 22.94 0 0.00000000 0.00000000 0.00 0.00 0.00 -28.85 -50.47 0.00 
0 0 0 0 0 0 22.96 0 0.00000000 0.00000000 0.00 0.00 0.00 -28.85 -50.47 0.00 
0 0 0 0 0 0 22.98 0 0.00000000 0.00000000 0.00 0.00 0.00 -28.85 -50.47 0.00 
0 0 0 0 0 0 23.01 0 0.00000000 0.00000000 0.00 0.00 0.00 -35.83 -45.98 0.00 
0 0 0 0 0 0 23.04 0 0.00000000 0.00000000 0.00 0.00 0.00 -35.83 -45.98 0.00 
0 0 0 0 0 0 23.06 0 0.00000000 0.00000000 0.00 0.00 0.00 -35.83 -45.98 0.00 
0 0 0 0 0 0 23.09 0 0.00000000 0.00000000 0.00 0.00 0.00 -35.83 -45.98 0.00 
0 0 0 0 0 0 23.11 0 0.00000000 0.00000000 0.00 0.00 0.00 -35.83 -45.98 0.00 
0 0 0 0 0 0 23.13 0 0.00000000 0.00000000 0.00 0.00 0.00 -35.83 -45.98 0.00 
0 0 0 0 0 0 23.16 0 0.00000000 0.00000000 0.00 0.00 0.00 -35.83 -45.98 0.00 
0 0 0 0 0 0 23.18 0 0.00000000 0.00000000 0.00 0.00 0.00 -35.83 -45.98 0.00 
0 0 0 0 0 0 23.20 0 0.00000000 0.00000000 0.00 0.00 0.00 -35.83 -45.98 0.00 
0 0 0 0 0 0 23.23 0 0.00000000 0.00000000 0.00 0.00 0.00 -35.83 -45.98 0.00 
0 0 0 0 0 0 23.26 0 0.00000000 0.00000000 0.00 0.00 0.00 -35.83 -45.98 0.00 
0 0 0 0 0 0 23.28 0 0.00000000 0.00000000 0.00 0.00 0.00 -35.83 -45.98 0.00 
0 0 0 0 0 0 23.30 0 0.00000000 0.00000000 0.00 0.00 0.00 -35.83 -45.98 0.00 
0 0 0 0 0 0 23.33 0 0.00000000 0.00000000 0.00 0.00 0.00 -35.83 -45.98 0.00 
0 0 0 0 0 0 23.35 0 0.00000000 0.00000000 0.00 0.00 0.00 -35.83 -45.98 0.00 
0 0 0 0 0 0 23.37 0 0.00000000 0.00000000 0.00 0.00 0.00 -35.83 -45.98 0.00 
0 0 0 0 0 0 23.41 0 0.00000000 0.00000000 0.00 0.00 0.00 -35.83 -45.98 0.00 
0 0 0 0 0 0 23.43 0 0.00000000 0.00000000 0.00 0.00 0.00 -35.83 -45.98 0.00 
0 0 0 0 0 0 23.46 0 0.00000000 0.00000000 0.00 0.00 0.00 -35.83 -45.98 0.00 
0 0 0 0 0 0 23.48 0 0.00000000 0.00000000 0.00 0.00 0.00 -35.83 -45.98 0.00 
0 0 0 0 0 0 23.50 0 0.00000000 0.00000000 0.00 0.00 0.00 -35.83 -45.98 0.00 
0 0 0 0 0 0 23.53 0 0.00000000 0.00000000 0.00 0.00 0.00 -35.83 -45.98 0.00 
0 0 0 0 0 0 23.55 0 0.00000000 0.00000000 0.00 0.00 0.00 -35.83 -45.98 0.00 
0 0 0 0 0 0 23.58 0 0.00000000 0.00000000 0.00 0.00 0.00 -35.83 -45.98 0.00 
0 0 0 0 0 0 23.60 0 0.00000000 0.00000000 0.00 0.00 0.00 -35.83 -45.98 0.00 
0 0 0 0 0 0 23.62 0 0.00000000 0.00000000 0.00 0.00 0.00 -35.83 -45.98 0.00 
0 0 0 0 0 0 23.65 0 0.00000000 0.00000000 0.00 0.00 0.00 -35.83 -45.98 0.00 
0 0 0 0 0 0 23.67 0 0.00000000 0.00000000 0.00 0.00 0.00 -35.83 -45.98 0.00 
0 0 0 0 0 0 23.70 0 0.00000000 0.00000000 0.00 0.00 0.00 -35.83 -45.98 0.00 
0 0 0 0 0 0 23.74 0 0.00000000 0.00000000 0.00 0.00 0.00 -35.83 -45.98 0.00 
0 0 0 0 0 0 23.77 0 0.00000000 0.00000000 0.00 0.00 0.00 -35.83 -45.98 0.00 
0 0 0 0 0 0 23.79 0 0.00000000 0.00000000 0.00 0.00 0.00 -35.83 -45.98 0.00 
0 0 0 0 0 0 23.81 0 0.00000000 0.00000000 0.00 0.00 0.00 -35.83 -45.98 0.00 
0 0 0 0 0 0 23.84 0 0.00000000 0.00000000 0.00 0.00 0.00 -35.83 -45.98 0.00 
0 0 0 0 0 0 23.86 0 0.00000000 0.00000000 0.00 0.00 0.00 -35.83 -45.98 0.00 
0 0 0 0 0 0 23.88 0 0.00000000 0.00000000 0.00 0.00 0.00 -35.83 -45.98 0.00 
0 0 0 0 0 0 23.91 0 0.00000000 0.00000000 0.00 0.00 0.00 -35.83 -45.98 0.00 
0 0 0 0 0 0 23.94 0 0.00000000 0.00000000 0.00 0.00 0.00 -35.83 -45.98 0.00 
0 0 0 0 0 0 23.96 0 0.00000000 0.00000000 0.00 0.00 0.00 -35.83 -45.98 0.00 
0 0 0 0 0 0 23.98 0 0.00000000 0.00000000 0.00 0.00 0.00 -35.83 -45.98 0.00 
0 0 0 0 0 0 24.01 0 0.00000000 0.00000000 0.00 0.00 0.00 -41.46 -38.09 0.00 
0 0 0 0 0 0 24.03 0 0.00000000 0.00000000 0.00 0.00 0.00 -41.46 -38.09 0.00 
0 0 0 0 0 0 24.06 0 0.00000000 0.00000000 0.00 0.00 0.00 -41.46 -38.09 0.00 
0 0 0 0 0 0 24.09 0 0.00000000 0.00000000 0.00 0.00 0.00 -41.46 -38.09 0.00 
0 0 0 0 0 0 24.11 0 0.00000000 0.00000000 0.00 0.00 0.00 -41.46 -38.09 0.00 
0 0 0 0 0 0 24.13 0 0.00000000 0.00000000 0.00 0.00 0.00 -41.46 -38.09 0.00 
0 0 0 0 0 0 24.16 0 0.00000000 0.00000000 0.00 0.00 0.00 -41.46 -38.09 0.00 
0 0 0 0 0 0 24.18 0 0.00000000 0.00000000 0.00 0.00 0.00 -41.46 -38.09 0.00 
0 0 0 0 0 0 24.20 0 0.00000000 0.00000000 0.00 0.00 0.00 -41.46 -38.09 0.00 
0 0 0 0 0 0 24.23 0 0.00000000 0.00000000 0.00 0.00 0.00 -41.46 -38.09 0.00 
0 0 0 0 0 0 24.25 0 0.00000000 0.00000000 0.00 0.00 0.00 -41.46 -38.09 0.00 
0 0 0 0 0 0 24.28 0 0.00000000 0.00000000 0.00 0.00 0.00 -41.46 -38.09 0.00 
0 0 0 0 0 0 24.30 0 0.00000000 0.00000000 0.00 0.00 0.00 -41.46 -38.09 0.00 
0 0 0 0 0 0 24.32 0 0.00000000 0.00000000 0.00 0.00 0.00 -41.46 -38.09 0.00 
0 0 0 0 0 0 24.35 0 0.00000000 0.00000000 0.00 0.00 0.00 -41.46 -38.09 0.00 
0 0 0 0 0 0 24.37 0 0.00000000 0.00000000 0.00 0.00 0.00 -41.46 -38.09 0.00 
0 0 0 0 0 0 24.40 0 0.00000000 0.00000000 0.00 0.00 0.00 -41.46 -38.09 0.00 
0 0 0 0 0 0 24.42 0 0.00000000 0.00000000 0.00 0.00 0.00 -41.46 -38.09 0.00 
0 0 0 0 0 0 24.44 0 0.00000000 0.00000000 0.00 0.00 0.00 -41.46 -38.09 0.00 
0 0 0 0 0 0 24.47 0 0.00000000 0.00000000 0.00 0.00 0.00 -41.46 -38.09 0.00 
0 0 0 0 0 0 24.49 0 0.00000000 0.00000000 0.00 0.00 0.00 -41.46 -38.09 0.00 
0 0 0 0 0 0 24.52 0 0.00000000 0.00000000 0.00 0.00 0.00 -41.46 -38.09 0.00 
0 0 0 0 0 0 24.54 0 0.00000000 0.00000000 0.00 0.00 0.00 -41.46 -38.09 0.00 
0 0 0 0 0 0 24.57 0 0.00000000 0.00000000 0.00 0.00 0.00 -41.46 -38.09 0.00 
0 0 0 0 0 0 24.59 0 0.00000000 0.00000000 0.00 0.00 0.00 -41.46 -38.09 0.00 
0 0 0 0 0 0 24.61 0 0.00000000 0.00000000 0.00 0.00 0.00 -41.46 -38.09 0.00 
0 0 0 0 0 0 24.64 0 0.00000000 0.00000000 0.00 0.00 0.00 -41.46 -38.09 0.00 
0 0 0 0 0 0 24.66 0 0.00000000 0.00000000 0.00 0.00 0.00 -41.46 -38.09 0.00 
0 0 0 0 0 0 24.68 0 0.00000000 0.00000000 0.00 0.00 0.00 -41.46 -38.09 0.00 
0 0 0 0 0 0 24.72 0 0.00000000 0.00000000 0.00 0.00 0.00 -41.46 -38.09 0.00 
0 0 0 0 0 0 24.75 0 0.00000000 0.00000000 0.00 0.00 0.00 -41.46 -38.09 0.00 
0 0 0 0 0 0 24.77 0 0.00000000 0.00000000 0.00 0.00 0.00 -41.46 -38.09 0.00 
0 0 0 0 0 0 24.79 0 0.00000000 0.00000000 0.00 0.00 0.00 -41.46 -38.09 0.00 
0 0 0 0 0 0 24.82 0 0.00000000 0.00000000 0.00 0.00 0.00 -41.46 -38.09 0.00 
0 0 0 0 0 0 24.84 0 0.00000000 0.00000000 0.00 0.00 0.00 -41.46 -38.09 0.00 
0 0 0 0 0 0 24.86 0 0.00000000 0.00000000 0.00 0.00 0.00 -41.46 -38.09 0.00 
0 0 0 0 0 0 24.90 0 0.00000000 0.00000000 0.00 0.00 0.00 -41.46 -38.09 0.00 
0 0 0 0 0 0 25.03 0 0.00000000 0.00000000 0.00 0.00 0.00 -32.40 -42.90 0.00 
0 0 0 0 0 0 25.16 0 0.00000000 0.00000000 0.00 0.00 0.00 -32.40 -42.90 0.00 
0 0 0 0 0 0 25.28 0 0.00000000 0.00000000 0.00 0.00 0.00 -32.40 -42.90 0.00 
0 0 0 0 0 0 25.41 0 0.00000000 0.00000000 0.00 0.00 0.00 -32.40 -42.90 0.00 
0 0 0 0 0 0 25.49 0 0.00000000 0.00000000 0.00 0.00 0.00 -32.40 -42.90 0.00 
0 0 0 0 0 0 25.52 0 0.00000000 0.00000000 0.00 0.00 0.00 -32.40 -42.90 0.00 
0 0 0 0 0 0 25.54 0 0.00000000 0.00000000 0.00 0.00 0.00 -32.40 -42.90 0.00 
0 0 0 0 0 0 25.57 0 0.00000000 0.00000000 0.00 0.00 0.00 -32.40 -42.90 0.00 
0 0 0 0 0 0 25.59 0 0.00000000 0.00000000 0.00 0.00 0.00 -32.40 -42.90 0.00 
0 0 0 0 0 0 25.61 0 0.00000000 0.00000000 0.00 0.00 0.00 -32.40 -42.90 0.00 
0 0 0 0 0 0 25.64 0 0.00000000 0.00000000 0.00 0.00 0.00 -32.40 -42.90 0.00 
0 0 0 0 0 0 25.67 0 0.00000000 0.00000000 0.00 0.00 0.00 -32.40 -42.90 0.00 
0 0 0 0 0 0 25.71 0 0.00000000 0.00000000 0.00 0.00 0.00 -32.40 -42.90 0.00 
0 0 0 0 0 0 25.74 0 0.00000000 0.00000000 0.00 0.00 0.00 -32.40 -42.90 0.00 
0 0 0 0 0 0 25.76 0 0.00000000 0.00000000 0.00 0.00 0.00 -32.40 -42.90 0.00 
0 0 0 0 0 0 25.78 0 0.00000000 0.00000000 0.00 0.00 0.00 -32.40 -42.90 0.00 
0 0 0 0 0 0 25.81 0 0.00000000 0.00000000 0.00 0.00 0.00 -32.40 -42.90 0.00 
0 0 0 0 0 0 25.83 0 0.00000000 0.00000000 0.00 0.00 0.00 -32.40 -42.90 0.00 
0 0 0 0 0 0 25.85 0 0.00000000 0.00000000 0.00 0.00 0.00 -32.40 -42.90 0.00 
0 0 0 0 0 0 25.88 0 0.00000000 0.00000000 0.00 0.00 0.00 -32.40 -42.90 0.00 
0 0 0 0 0 0 25.90 0 0.00000000 0.00000000 0.00 0.00 0.00 -32.40 -42.90 0.00 
0 0 0 0 0 0 25.93 0 0.00000000 0.00000000 0.00 0.00 0.00 -32.40 -42.90 0.00 
0 0 0 0 0 0 25.95 0 0.00000000 0.00000000 0.00 0.00 0.00 -32.40 -42.90 0.00 
0 0 0 0 0 0 25.97 0 0.00000000 0.00000000 0.00 0.00 0.00 -32.40 -42.90 0.00 
0 0 0 0 0 0 26.00 0 0.00000000 0.00000000 0.00 0.00 0.00 -32.40 -42.90 0.00 
0 0 0 0 0 0 26.03 0 0.00000000 0.00000000 0.00 0.00 0.00 -24.09 -49.96 0.00 
0 0 0 0 0 0 26.05 0 0.00000000 0.00000000 0.00 0.00 0.00 -24.09 -49.96 0.00 
0 0 0 0 0 0 26.08 0 0.00000000 0.00000000 0.00 0.00 0.00 -24.09 -49.96 0.00 
0 0 0 0 0 0 26.10 0 0.00000000 0.00000000 0.00 0.00 0.00 -24.09 -49.96 0.00 
0 0 0 0 0 0 26.12 0 0.00000000 0.00000000 0.00 0.00 0.00 -24.09 -49.96 0.00 
0 0 0 0 0 0 26.15 0 0.00000000 0.00000000 0.00 0.00 0.00 -24.09 -49.96 0.00 
0 0 0 0 0 0 26.17 0 0.00000000 0.00000000 0.00 0.00 0.00 -24.09 -49.96 0.00 
0 0 0 0 0 0 26.20 0 0.00000000 0.00000000 0.00 0.00 0.00 -24.09 -49.96 0.00 
0 0 0 0 0 0 26.22 0 0.00000000 0.00000000 0.00 0.00 0.00 -24.09 -49.96 0.00 
0 0 0 0 0 0 26.25 0 0.00000000 0.00000000 0.00 0.00 0.00 -24.09 -49.96 0.00 
0 0 0 0 0 0 26.27 0 0.00000000 0.00000000 0.00 0.00 0.00 -24.09 -49.96 0.00 
0 0 0 0 0 0 26.29 0 0.00000000 0.00000000 0.00 0.00 0.00 -24.09 -49.96 0.00 
0 0 0 0 0 0 26.32 0 0.00000000 0.00000000 0.00 0.00 0.00 -24.09 -49.96 0.00 
0 0 0 0 0 0 26.34 0 0.00000000 0.00000000 0.00 0.00 0.00 -24.09 -49.96 0.00 
0 0 0 0 0 0 26.37 0 0.00000000 0.00000000 0.00 0.00 0.00 -24.09 -49.96 0.00 
0 0 0 0 0 0 26.39 0 0.00000000 0.00000000 0.00 0.00 0.00 -24.09 -49.96 0.00 
0 0 0 0 0 0 26.42 0 0.00000000 0.00000000 0.00 0.00 0.00 -24.09 -49.96 0.00 
0 0 0 0 0 0 26.44 0 0.00000000 0.00000000 0.00 0.00 0.00 -24.09 -49.96 0.00 
0 0 0 0 0 0 26.46 0 0.00000000 0.00000000 0.00 0.00 0.00 -24.09 -49.96 0.00 
0 0 0 0 0 0 26.48 0 0.00000000 0.00000000 0.00 0.00 0.00 -24.09 -49.96 0.00 
0 0 0 0 0 0 26.52 0 0.00000000 0.00000000 0.00 0.00 0.00 -24.09 -49.96 0.00 
0 0 0 0 0 0 26.55 0 0.00000000 0.00000000 0.00 0.00 0.00 -24.09 -49.96 0.00 
0 0 0 0 0 0 26.57 0 0.00000000 0.00000000 0.00 0.00 0.00 -24.09 -49.96 0.00 
0 0 0 0 0 0 26.59 0 0.00000000 0.00000000 0.00 0.00 0.00 -24.09 -49.96 0.00 
0 0 0 0 0 0 26.62 0 0.00000000 0.00000000 0.00 0.00 0.00 -24.09 -49.96 0.00 
0 0 0 0 0 0 26.64 0 0.00000000 0.00000000 0.00 0.00 0.00 -24.09 -49.96 0.00 
0 0 0 0 0 0 26.66 0 0.00000000 0.00000000 0.00 0.00 0.00 -24.09 -49.96 0.00 
0 0 0 0 0 0 26.69 0 0.00000000 0.00000000 0.00 0.00 0.00 -24.09 -49.96 0.00 
0 0 0 0 0 0 26.71 0 0.00000000 0.00000000 0.00 0.00 0.00 -24.09 -49.96 0.00 
0 0 0 0 0 0 26.74 0 0.00000000 0.00000000 0.00 0.00 0.00 -24.09 -49.96 0.00 
0 0 0 0 0 0 26.76 0 0.00000000 0.00000000 0.00 0.00 0.00 -24.09 -49.96 0.00 
0 0 0 0 0 0 26.78 0 0.00000000 0.00000000 0.00 0.00 0.00 -24.09 -49.96 0.00 
0 0 0 0 0 0 26.81 0 0.00000000 0.00000000 0.00 0.00 0.00 -24.09 -49.96 0.00 
0 0 0 0 0 0 26.83 0 0.00000000 0.00000000 0.00 0.00 0.00 -24.09 -49.96 0.00 
0 0 0 0 0 0 26.86 0 0.00000000 0.00000000 0.00 0.00 0.00 -24.09 -49.96 0.00 
0 0 0 0 0 0 26.88 0 0.00000000 0.00000000 0.00 0.00 0.00 -24.09 -49.96 0.00 
0 0 0 0 0 0 26.91 0 0.00000000 0.00000000 0.00 0.00 0.00 -24.09 -49.96 0.00 
0 0 0 0 0 0 26.93 0 0.00000000 0.00000000 0.00 0.00 0.00 -24.09 -49.96 0.00 
0 0 0 0 0 0 26.95 0 0.00000000 0.00000000 0.00 0.00 0.00 -24.09 -49.96 0.00 
0 0 0 0 0 0 26.98 0 0.00000000 0.00000000 0.00 0.00 0.00 -24.09 -49.96 0.00 
0 0 0 0 0 0 27.01 0 0.00000000 0.00000000 0.00 0.00 0.00 -25.10 -54.61 0.00 
0 0 0 0 0 0 27.03 0 0.00000000 0.00000000 0.00 0.00 0.00 -25.10 -54.61 0.00 
0 0 0 0 0 0 27.06 0 0.00000000 0.00000000 0.00 0.00 0.00 -25.10 -54.61 0.00 
0 0 0 0 0 0 27.08 0 0.00000000 0.00000000 0.00 0.00 0.00 -25.10 -54.61 0.00 
0 0 0 0 0 0 27.10 0 0.00000000 0.00000000 0.00 0.00 0.00 -25.10 -54.61 0.00 
0 0 0 0 0 0 27.15 0 0.00000000 0.00000000 0.00 0.00 0.00 -25.10 -54.61 0.00 
0 0 0 0 0 0 27.17 0 0.00000000 0.00000000 0.00 0.00 0.00 -25.10 -54.61 0.00 
0 0 0 0 0 0 27.20 0 0.00000000 0.00000000 0.00 0.00 0.00 -25.10 -54.61 0.00 
0 0 0 0 0 0 27.22 0 0.00000000 0.00000000 0.00 0.00 0.00 -25.10 -54.61 0.00 
0 0 0 0 0 0 27.25 0 0.00000000 0.00000000 0.00 0.00 0.00 -25.10 -54.61 0.00 
0 0 0 0 0 0 27.27 0 0.00000000 0.00000000 0.00 0.00 0.00 -25.10 -54.61 0.00 
0 0 0 0 0 0 27.29 0 0.00000000 0.00000000 0.00 0.00 0.00 -25.10 -54.61 0.00 
0 0 0 0 0 0 27.32 0 0.00000000 0.00000000 0.00 0.00 0.00 -25.10 -54.61 0.00 
0 0 0 0 0 0 27.34 0 0.00000000 0.00000000 0.00 0.00 0.00 -25.10 -54.61 0.00 
0 0 0 0 0 0 27.37 0 0.00000000 0.00000000 0.00 0.00 0.00 -25.10 -54.61 0.00 
0 0 0 0 0 0 27.39 0 0.00000000 0.00000000 0.00 0.00 0.00 -25.10 -54.61 0.00 
0 0 0 0 0 0 27.41 0 0.00000000 0.00000000 0.00 0.00 0.00 -25.10 -54.61 0.00 
0 0 0 0 0 0 27.44 0 0.00000000 0.00000000 0.00 0.00 0.00 -25.10 -54.61 0.00 
0 0 0 0 0 0 27.46 0 0.00000000 0.00000000 0.00 0.00 0.00 -25.10 -54.61 0.00 
0 0 0 0 0 0 27.48 0 0.00000000 0.00000000 0.00 0.00 0.00 -25.10 -54.61 0.00 
0 0 0 0 0 0 27.51 0 0.00000000 0.00000000 0.00 0.00 0.00 -25.10 -54.61 0.00 
0 0 0 0 0 0 27.53 0 0.00000000 0.00000000 0.00 0.00 0.00 -25.10 -54.61 0.00 
0 0 0 0 0 0 27.56 0 0.00000000 0.00000000 0.00 0.00 0.00 -25.10 -54.61 0.00 
0 0 0 0 0 0 27.58 0 0.00000000 0.00000000 0.00 0.00 0.00 -25.10 -54.61 0.00 
0 0 0 0 0 0 27.60 0 0.00000000 0.00000000 0.00 0.00 0.00 -25.10 -54.61 0.00 
0 0 0 0 0 0 27.63 0 0.00000000 0.00000000 0.00 0.00 0.00 -25.10 -54.61 0.00 
0 0 0 0 0 0 27.65 0 0.00000000 0.00000000 0.00 0.00 0.00 -25.10 -54.61 0.00 
0 0 0 0 0 0 27.68 0 0.00000000 0.00000000 0.00 0.00 0.00 -25.10 -54.61 0.00 
0 0 0 0 0 0 27.70 0 0.00000000 0.00000000 0.00 0.00 0.00 -25.10 -54.61 0.00 
0 0 0 0 0 0 27.72 0 0.00000000 0.00000000 0.00 0.00 0.00 -25.10 -54.61 0.00 
0 0 0 0 0 0 27.75 0 0.00000000 0.00000000 0.00 0.00 0.00 -25.10 -54.61 0.00 
0 0 0 0 0 0 27.77 0 0.00000000 0.00000000 0.00 0.00 0.00 -25.10 -54.61 0.00 
0 0 0 0 0 0 27.80 0 0.00000000 0.00000000 0.00 0.00 0.00 -25.10 -54.61 0.00 
0 0 0 0 0 0 27.83 0 0.00000000 0.00000000 0.00 0.00 0.00 -25.10 -54.61 0.00 
0 0 0 0 0 0 27.86 0 0.00000000 0.00000000 0.00 0.00 0.00 -25.10 -54.61 0.00 
0 0 0 0 0 0 27.88 0 0.00000000 0.00000000 0.00 0.00 0.00 -25.10 -54.61 0.00 
0 0 0 0 0 0 27.90 0 0.00000000 0.00000000 0.00 0.00 0.00 -25.10 -54.61 0.00 
0 0 0 0 0 0 27.93 0 0.00000000 0.00000000 0.00 0.00 0.00 -25.10 -54.61 0.00 
0 0 0 0 0 0 27.95 0 0.00000000 0.00000000 0.00 0.00 0.00 -25.10 -54.61 0.00 
0 0 0 0 0 0 27.97 0 0.00000000 0.00000000 0.00 0.00 0.00 -25.10 -54.61 0.00 
0 0 0 0 0 0 28.01 0 0.00000000 0.00000000 0.00 0.00 0.00 -34.78 -40.37 0.00 
0 0 0 0 0 0 28.03 0 0.00000000 0.00000000 0.00 0.00 0.00 -34.78 -40.37 0.00 
0 0 0 0 0 0 28.05 0 0.00000000 0.00000000 0.00 0.00 0.00 -34.78 -40.37 0.00 
0 0 0 0 0 0 28.08 0 0.00000000 0.00000000 0.00 0.00 0.00 -34.78 -40.37 0.00 
0 0 0 0 0 0 28.10 0 0.00000000 0.00000000 0.00 0.00 0.00 -34.78 -40.37 0.00 
0 0 0 0 0 0 28.12 0 0.00000000 0.00000000 0.00 0.00 0.00 -34.78 -40.37 0.00 
0 0 0 0 0 0 28.15 0 0.00000000 0.00000000 0.00 0.00 0.00 -34.78 -40.37 0.00 
0 0 0 0 0 0 28.17 0 0.00000000 0.00000000 0.00 0.00 0.00 -34.78 -40.37 0.00 
0 0 0 0 0 0 28.20 0 0.00000000 0.00000000 0.00 0.00 0.00 -34.78 -40.37 0.00 
0 0 0 0 0 0 28.22 0 0.00000000 0.00000000 0.00 0.00 0.00 -34.78 -40.37 0.00 
0 0 0 0 0 0 28.25 0 0.00000000 0.00000000 0.00 0.00 0.00 -34.78 -40.37 0.00 
0 0 0 0 0 0 28.27 0 0.00000000 0.00000000 0.00 0.00 0.00 -34.78 -40.37 0.00 
0 0 0 0 0 0 28.29 0 0.00000000 0.00000000 0.00 0.00 0.00 -34.78 -40.37 0.00 
0 0 0 0 0 0 28.32 0 0.00000000 0.00000000 0.00 0.00 0.00 -34.78 -40.37 0.00 
0 0 0 0 0 0 28.34 0 0.00000000 0.00000000 0.00 0.00 0.00 -34.78 -40.37 0.00 
0 0 0 0 0 0 28.37 0 0.00000000 0.00000000 0.00 0.00 0.00 -34.78 -40.37 0.00 
0 0 0 0 0 0 28.39 0 0.00000000 0.00000000 0.00 0.00 0.00 -34.78 -40.37 0.00 
0 0 0 0 0 0 28.41 0 0.00000000 0.00000000 0.00 0.00 0.00 -34.78 -40.37 0.00 
0 0 0 0 0 0 28.44 0 0.00000000 0.00000000 0.00 0.00 0.00 -34.78 -40.37 0.00 
0 0 0 0 0 0 28.46 0 0.00000000 0.00000000 0.00 0.00 0.00 -34.78 -40.37 0.00 
0 0 0 0 0 0 28.49 0 0.00000000 0.00000000 0.00 0.00 0.00 -34.78 -40.37 0.00 
0 0 0 0 0 0 28.51 0 0.00000000 0.00000000 0.00 0.00 0.00 -34.78 -40.37 0.00 
0 0 0 0 0 0 28.53 0 0.00000000 0.00000000 0.00 0.00 0.00 -34.78 -40.37 0.00 
0 0 0 0 0 0 28.57 0 0.00000000 0.00000000 0.00 0.00 0.00 -34.78 -40.37 0.00 
0 0 0 0 0 0 28.60 0 0.00000000 0.00000000 0.00 0.00 0.00 -34.78 -40.37 0.00 
0 0 0 0 0 0 28.63 0 0.00000000 0.00000000 0.00 0.00 0.00 -34.78 -40.37 0.00 
0 0 0 0 0 0 28.65 0 0.00000000 0.00000000 0.00 0.00 0.00 -34.78 -40.37 0.00 
0 0 0 0 0 0 28.68 0 0.00000000 0.00000000 0.00 0.00 0.00 -34.78 -40.37 0.00 
0 0 0 0 0 0 28.70 0 0.00000000 0.00000000 0.00 0.00 0.00 -34.78 -40.37 0.00 
0 0 0 0 0 0 28.72 0 0.00000000 0.00000000 0.00 0.00 0.00 -34.78 -40.37 0.00 
0 0 0 0 0 0 28.75 0 0.00000000 0.00000000 0.00 0.00 0.00 -34.78 -40.37 0.00 
0 0 0 0 0 0 28.77 0 0.00000000 0.00000000 0.00 0.00 0.00 -34.78 -40.37 0.00 
0 0 0 0 0 0 28.79 0 0.00000000 0.00000000 0.00 0.00 0.00 -34.78 -40.37 0.00 
0 0 0 0 0 0 28.82 0 0.00000000 0.00000000 0.00 0.00 0.00 -34.78 -40.37 0.00 
0 0 0 0 0 0 28.85 0 0.00000000 0.00000000 0.00 0.00 0.00 -34.78 -40.37 0.00 
0 0 0 0 0 0 28.87 0 0.00000000 0.00000000 0.00 0.00 0.00 -34.78 -40.37 0.00 
0 0 0 0 0 0 28.89 0 0.00000000 0.00000000 0.00 0.00 0.00 -34.78 -40.37 0.00 
0 0 0 0 0 0 28.92 0 0.00000000 0.00000000 0.00 0.00 0.00 -34.78 -40.37 0.00 
0 0 0 0 0 0 28.94 0 0.00000000 0.00000000 0.00 0.00 0.00 -34.78 -40.37 0.00 
0 0 0 0 0 0 28.96 0 0.00000000 0.00000000 0.00 0.00 0.00 -34.78 -40.37 0.00 
0 0 0 0 0 0 28.99 0 0.00000000 0.00000000 0.00 0.00 0.00 -34.78 -40.37 0.00 
0 0 0 0 0 0 29.02 0 0.00000000 0.00000000 0.00 0.00 0.00 -30.54 -42.57 0.00 
0 0 0 0 0 0 29.04 0 0.00000000 0.00000000 0.00 0.00 0.00 -30.54 -42.57 0.00 
0 0 0 0 0 0 29.07 0 0.00000000 0.00000000 0.00 0.00 0.00 -30.54 -42.57 0.00 
0 0 0 0 0 0 29.09 0 0.00000000 0.00000000 0.00 0.00 0.00 -30.54 -42.57 0.00 
0 0 0 0 0 0 29.11 0 0.00000000 0.00000000 0.00 0.00 0.00 -30.54 -42.57 0.00 
0 0 0 0 0 0 29.14 0 0.00000000 0.00000000 0.00 0.00 0.00 -30.54 -42.57 0.00 
0 0 0 0 0 0 29.17 0 0.00000000 0.00000000 0.00 0.00 0.00 -30.54 -42.57 0.00 
0 0 0 0 0 0 29.20 0 0.00000000 0.00000000 0.00 0.00 0.00 -30.54 -42.57 0.00 
0 0 0 0 0 0 29.22 0 0.00000000 0.00000000 0.00 0.00 0.00 -30.54 -42.57 0.00 
0 0 0 0 0 0 29.25 0 0.00000000 0.00000000 0.00 0.00 0.00 -30.54 -42.57 0.00 
0 0 0 0 0 0 29.27 0 0.00000000 0.00000000 0.00 0.00 0.00 -30.54 -42.57 0.00 
0 0 0 0 0 0 29.29 0 0.00000000 0.00000000 0.00 0.00 0.00 -30.54 -42.57 0.00 
0 0 0 0 0 0 29.32 0 0.00000000 0.00000000 0.00 0.00 0.00 -30.54 -42.57 0.00 
0 0 0 0 0 0 29.34 0 0.00000000 0.00000000 0.00 0.00 0.00 -30.54 -42.57 0.00 
0 0 0 0 0 0 29.37 0 0.00000000 0.00000000 0.00 0.00 0.00 -30.54 -42.57 0.00 
0 0 0 0 0 0 29.39 0 0.00000000 0.00000000 0.00 0.00 0.00 -30.54 -42.57 0.00 
0 0 0 0 0 0 29.41 0 0.00000000 0.00000000 0.00 0.00 0.00 -30.54 -42.57 0.00 
0 0 0 0 0 0 29.44 0 0.00000000 0.00000000 0.00 0.00 0.00 -30.54 -42.57 0.00 
0 0 0 0 0 0 29.46 0 0.00000000 0.00000000 0.00 0.00 0.00 -30.54 -42.57 0.00 
0 0 0 0 0 0 29.49 0 0.00000000 0.00000000 0.00 0.00 0.00 -30.54 -42.57 0.00 
0 0 0 0 0 0 29.51 0 0.00000000 0.00000000 0.00 0.00 0.00 -30.54 -42.57 0.00 
0 0 0 0 0 0 29.54 0 0.00000000 0.00000000 0.00 0.00 0.00 -30.54 -42.57 0.00 
0 0 0 0 0 0 29.56 0 0.00000000 0.00000000 0.00 0.00 0.00 -30.54 -42.57 0.00 
0 0 0 0 0 0 29.58 0 0.00000000 0.00000000 0.00 0.00 0.00 -30.54 -42.57 0.00 
0 0 0 0 0 0 29.61 0 0.00000000 0.00000000 0.00 0.00 0.00 -30.54 -42.57 0.00 
0 0 0 0 0 0 29.63 0 0.00000000 0.00000000 0.00 0.00 0.00 -30.54 -42.57 0.00 
0 0 0 0 0 0 29.66 0 0.00000000 0.00000000 0.00 0.00 0.00 -30.54 -42.57 0.00 
0 0 0 0 0 0 29.68 0 0.00000000 0.00000000 0.00 0.00 0.00 -30.54 -42.57 0.00 
0 0 0 0 0 0 29.70 0 0.00000000 0.00000000 0.00 0.00 0.00 -30.54 -42.57 0.00 
0 0 0 0 0 0 29.73 0 0.00000000 0.00000000 0.00 0.00 0.00 -30.54 -42.57 0.00 
0 0 0 0 0 0 29.75 0 0.00000000 0.00000000 0.00 0.00 0.00 -30.54 -42.57 0.00 
0 0 0 0 0 0 29.77 0 0.00000000 0.00000000 0.00 0.00 0.00 -30.54 -42.57 0.00 
0 0 0 0 0 0 29.80 0 0.00000000 0.00000000 0.00 0.00 0.00 -30.54 -42.57 0.00 
0 0 0 0 0 0 29.82 0 0.00000000 0.00000000 0.00 0.00 0.00 -30.54 -42.57 0.00 
0 0 0 0 0 0 29.85 0 0.00000000 0.00000000 0.00 0.00 0.00 -30.54 -42.57 0.00 
0 0 0 0 0 0 29.87 0 0.00000000 0.00000000 0.00 0.00 0.00 -30.54 -42.57 0.00 
0 0 0 0 0 0 29.89 0 0.00000000 0.00000000 0.00 0.00 0.00 -30.54 -42.57 0.00 
0 0 0 0 0 0 29.92 0 0.00000000 0.00000000 0.00 0.00 0.00 -30.54 -42.57 0.00 
0 0 0 0 0 0 29.94 0 0.00000000 0.00000000 0.00 0.00 0.00 -30.54 -42.57 0.00 
0 0 0 0 0 0 29.97 0 0.00000000 0.00000000 0.00 0.00 0.00 -30.54 -42.57 0.00 
0 0 0 0 0 0 29.99 0 0.00000000 0.00000000 0.00 0.00 0.00 -30.54 -42.57 0.00 
0 0 0 0 0 0 30.04 0 0.00000000 0.00000000 0.00 0.00 0.00 -29.13 -45.38 0.00 
0 0 0 0 0 0 30.07 0 0.00000000 0.00000000 0.00 0.00 0.00 -29.13 -45.38 0.00 
0 0 0 0 0 0 30.09 0 0.00000000 0.00000000 0.00 0.00 0.00 -29.13 -45.38 0.00 
0 0 0 0 0 0 30.11 0 0.00000000 0.00000000 0.00 0.00 0.00 -29.13 -45.38 0.00 
0 0 0 0 0 0 30.14 0 0.00000000 0.00000000 0.00 0.00 0.00 -29.13 -45.38 0.00 
0 0 0 0 0 0 30.16 0 0.00000000 0.00000000 0.00 0.00 0.00 -29.13 -45.38 0.00 
0 0 0 0 0 0 30.19 0 0.00000000 0.00000000 0.00 0.00 0.00 -29.13 -45.38 0.00 
0 0 0 0 0 0 30.21 0 0.00000000 0.00000000 0.00 0.00 0.00 -29.13 -45.38 0.00 
0 0 0 0 0 0 30.23 0 0.00000000 0.00000000 0.00 0.00 0.00 -29.13 -45.38 0.00 
0 0 0 0 0 0 30.26 0 0.00000000 0.00000000 0.00 0.00 0.00 -29.13 -45.38 0.00 
0 0 0 0 0 0 30.28 0 0.00000000 0.00000000 0.00 0.00 0.00 -29.13 -45.38 0.00 
0 0 0 0 0 0 30.31 0 0.00000000 0.00000000 0.00 0.00 0.00 -29.13 -45.38 0.00 
0 0 0 0 0 0 30.33 0 0.00000000 0.00000000 0.00 0.00 0.00 -29.13 -45.38 0.00 
0 0 0 0 0 0 30.36 0 0.00000000 0.00000000 0.00 0.00 0.00 -29.13 -45.38 0.00 
0 0 0 0 0 0 30.38 0 0.00000000 0.00000000 0.00 0.00 0.00 -29.13 -45.38 0.00 
0 0 0 0 0 0 30.40 0 0.00000000 0.00000000 0.00 0.00 0.00 -29.13 -45.38 0.00 
0 0 0 0 0 0 30.43 0 0.00000000 0.00000000 0.00 0.00 0.00 -29.13 -45.38 0.00 
0 0 0 0 0 0 30.45 0 0.00000000 0.00000000 0.00 0.00 0.00 -29.13 -45.38 0.00 
0 0 0 0 0 0 30.49 0 0.00000000 0.00000000 0.00 0.00 0.00 -29.13 -45.38 0.00 
0 0 0 0 0 0 30.51 0 0.00000000 0.00000000 0.00 0.00 0.00 -29.13 -45.38 0.00 
0 0 0 0 0 0 30.53 0 0.00000000 0.00000000 0.00 0.00 0.00 -29.13 -45.38 0.00 
0 0 0 0 0 0 30.56 0 0.00000000 0.00000000 0.00 0.00 0.00 -29.13 -45.38 0.00 
0 0 0 0 0 0 30.58 0 0.00000000 0.00000000 0.00 0.00 0.00 -29.13 -45.38 0.00 
0 0 0 0 0 0 30.60 0 0.00000000 0.00000000 0.00 0.00 0.00 -29.13 -45.38 0.00 
0 0 0 0 0 0 30.65 0 0.00000000 0.00000000 0.00 0.00 0.00 -29.13 -45.38 0.00 
0 0 0 0 0 0 30.77 0 0.00000000 0.00000000 0.00 0.00 0.00 -29.13 -45.38 0.00 
0 0 0 0 0 0 30.90 0 0.00000000 0.00000000 0.00 0.00 0.00 -29.13 -45.38 0.00 
0 0 0 0 0 0 31.03 0 0.00000000 0.00000000 0.00 0.00 0.00 -41.04 -40.78 0.00 
0 0 0 0 0 0 31.15 0 0.00000000 0.00000000 0.00 0.00 0.00 -41.04 -40.78 0.00 
0 0 0 0 0 0 31.24 0 0.00000000 0.00000000 0.00 0.00 0.00 -41.04 -40.78 0.00 
0 0 0 0 0 0 31.26 0 0.00000000 0.00000000 0.00 0.00 0.00 -41.04 -40.78 0.00 
0 0 0 0 0 0 31.29 0 0.00000000 0.00000000 0.00 0.00 0.00 -41.04 -40.78 0.00 
0 0 0 0 0 0 31.31 0 0.00000000 0.00000000 0.00 0.00 0.00 -41.04 -40.78 0.00 
0 0 0 0 0 0 31.33 0 0.00000000 0.00000000 0.00 0.00 0.00 -41.04 -40.78 0.00 
0 0 0 0 0 0 31.36 0 0.00000000 0.00000000 0.00 0.00 0.00 -41.04 -40.78 0.00 
0 0 0 0 0 0 31.38 0 0.00000000 0.00000000 0.00 0.00 0.00 -41.04 -40.78 0.00 
0 0 0 0 0 0 31.40 0 0.00000000 0.00000000 0.00 0.00 0.00 -41.04 -40.78 0.00 
0 0 0 0 0 0 31.43 0 0.00000000 0.00000000 0.00 0.00 0.00 -41.04 -40.78 0.00 
0 0 0 0 0 0 31.45 0 0.00000000 0.00000000 0.00 0.00 0.00 -41.04 -40.78 0.00 
0 0 0 0 0 0 31.48 0 0.00000000 0.00000000 0.00 0.00 0.00 -41.04 -40.78 0.00 
0 0 0 0 0 0 31.50 0 0.00000000 0.00000000 0.00 0.00 0.00 -41.04 -40.78 0.00 
0 0 0 0 0 0 31.52 0 0.00000000 0.00000000 0.00 0.00 0.00 -41.04 -40.78 0.00 
0 0 0 0 0 0 31.55 0 0.00000000 0.00000000 0.00 0.00 0.00 -41.04 -40.78 0.00 
0 0 0 0 0 0 31.57 0 0.00000000 0.00000000 0.00 0.00 0.00 -41.04 -40.78 0.00 
0 0 0 0 0 0 31.60 0 0.00000000 0.00000000 0.00 0.00 0.00 -41.04 -40.78 0.00 
0 0 0 0 0 0 31.62 0 0.00000000 0.00000000 0.00 0.00 0.00 -41.04 -40.78 0.00 
0 0 0 0 0 0 31.65 0 0.00000000 0.00000000 0.00 0.00 0.00 -41.04 -40.78 0.00 
0 0 0 0 0 0 31.67 0 0.00000000 0.00000000 0.00 0.00 0.00 -41.04 -40.78 0.00 
0 0 0 0 0 0 31.69 0 0.00000000 0.00000000 0.00 0.00 0.00 -41.04 -40.78 0.00 
0 0 0 0 0 0 31.72 0 0.00000000 0.00000000 0.00 0.00 0.00 -41.04 -40.78 0.00 
0 0 0 0 0 0 31.74 0 0.00000000 0.00000000 0.00 0.00 0.00 -41.04 -40.78 0.00 
0 0 0 0 0 0 31.77 0 0.00000000 0.00000000 0.00 0.00 0.00 -41.04 -40.78 0.00 
0 0 0 0 0 0 31.79 0 0.00000000 0.00000000 0.00 0.00 0.00 -41.04 -40.78 0.00 
0 0 0 0 0 0 31.81 0 0.00000000 0.00000000 0.00 0.00 0.00 -41.04 -40.78 0.00 
0 0 0 0 0 0 31.84 0 0.00000000 0.00000000 0.00 0.00 0.00 -41.04 -40.78 0.00 
0 0 0 0 0 0 31.86 0 0.00000000 0.00000000 0.00 0.00 0.00 -41.04 -40.78 0.00 
0 0 0 0 0 0 31.88 0 0.00000000 0.00000000 0.00 0.00 0.00 -41.04 -40.78 0.00 
0 0 0 0 0 0 31.91 0 0.00000000 0.00000000 0.00 0.00 0.00 -41.04 -40.78 0.00 
0 0 0 0 0 0 31.93 0 0.00000000 0.00000000 0.00 0.00 0.00 -41.04 -40.78 0.00 
0 0 0 0 0 0 31.98 0 0.00000000 0.00000000 0.00 0.00 0.00 -41.04 -40.78 0.00 
0 0 0 0 0 0 32.01 0 0.00000000 0.00000000 0.00 0.00 0.00 -36.24 -44.28 0.00 
0 0 0 0 0 0 32.04 0 0.00000000 0.00000000 0.00 0.00 0.00 -36.24 -44.28 0.00 
0 0 0 0 0 0 32.06 0 0.00000000 0.00000000 0.00 0.00 0.00 -36.24 -44.28 0.00 
0 0 0 0 0 0 32.08 0 0.00000000 0.00000000 0.00 0.00 0.00 -36.24 -44.28 0.00 
0 0 0 0 0 0 32.11 0 0.00000000 0.00000000 0.00 0.00 0.00 -36.24 -44.28 0.00 
0 0 0 0 0 0 32.13 0 0.00000000 0.00000000 0.00 0.00 0.00 -36.24 -44.28 0.00 
0 0 0 0 0 0 32.16 0 0.00000000 0.00000000 0.00 0.00 0.00 -36.24 -44.28 0.00 
0 0 0 0 0 0 32.18 0 0.00000000 0.00000000 0.00 0.00 0.00 -36.24 -44.28 0.00 
0 0 0 0 0 0 32.20 0 0.00000000 0.00000000 0.00 0.00 0.00 -36.24 -44.28 0.00 
0 0 0 0 0 0 32.23 0 0.00000000 0.00000000 0.00 0.00 0.00 -36.24 -44.28 0.00 
0 0 0 0 0 0 32.25 0 0.00000000 0.00000000 0.00 0.00 0.00 -36.24 -44.28 0.00 
0 0 0 0 0 0 32.29 0 0.00000000 0.00000000 0.00 0.00 0.00 -36.24 -44.28 0.00 
0 0 0 0 0 0 32.31 0 0.00000000 0.00000000 0.00 0.00 0.00 -36.24 -44.28 0.00 
0 0 0 0 0 0 32.34 0 0.00000000 0.00000000 0.00 0.00 0.00 -36.24 -44.28 0.00 
0 0 0 0 0 0 32.36 0 0.00000000 0.00000000 0.00 0.00 0.00 -36.24 -44.28 0.00 
0 0 0 0 0 0 32.38 0 0.00000000 0.00000000 0.00 0.00 0.00 -36.24 -44.28 0.00 
0 0 0 0 0 0 32.41 0 0.00000000 0.00000000 0.00 0.00 0.00 -36.24 -44.28 0.00 
0 0 0 0 0 0 32.43 0 0.00000000 0.00000000 0.00 0.00 0.00 -36.24 -44.28 0.00 
0 0 0 0 0 0 32.46 0 0.00000000 0.00000000 0.00 0.00 0.00 -36.24 -44.28 0.00 
0 0 0 0 0 0 32.48 0 0.00000000 0.00000000 0.00 0.00 0.00 -36.24 -44.28 0.00 
0 0 0 0 0 0 32.50 0 0.00000000 0.00000000 0.00 0.00 0.00 -36.24 -44.28 0.00 
0 0 0 0 0 0 32.53 0 0.00000000 0.00000000 0.00 0.00 0.00 -36.24 -44.28 0.00 
0 0 0 0 0 0 32.55 0 0.00000000 0.00000000 0.00 0.00 0.00 -36.24 -44.28 0.00 
0 0 0 0 0 0 32.57 0 0.00000000 0.00000000 0.00 0.00 0.00 -36.24 -44.28 0.00 
0 0 0 0 0 0 32.60 0 0.00000000 0.00000000 0.00 0.00 0.00 -36.24 -44.28 0.00 
0 0 0 0 0 0 32.63 0 0.00000000 0.00000000 0.00 0.00 0.00 -36.24 -44.28 0.00 
0 0 0 0 0 0 32.65 0 0.00000000 0.00000000 0.00 0.00 0.00 -36.24 -44.28 0.00 
0 0 0 0 0 0 32.67 0 0.00000000 0.00000000 0.00 0.00 0.00 -36.24 -44.28 0.00 
0 0 0 0 0 0 32.70 0 0.00000000 0.00000000 0.00 0.00 0.00 -36.24 -44.28 0.00 
0 0 0 0 0 0 32.72 0 0.00000000 0.00000000 0.00 0.00 0.00 -36.24 -44.28 0.00 
0 0 0 0 0 0 32.74 0 0.00000000 0.00000000 0.00 0.00 0.00 -36.24 -44.28 0.00 
0 0 0 0 0 0 32.77 0 0.00000000 0.00000000 0.00 0.00 0.00 -36.24 -44.28 0.00 
0 0 0 0 0 0 32.79 0 0.00000000 0.00000000 0.00 0.00 0.00 -36.24 -44.28 0.00 
0 0 0 0 0 0 32.82 0 0.00000000 0.00000000 0.00 0.00 0.00 -36.24 -44.28 0.00 
0 0 0 0 0 0 32.84 0 0.00000000 0.00000000 0.00 0.00 0.00 -36.24 -44.28 0.00 
0 0 0 0 0 0 32.86 0 0.00000000 0.00000000 0.00 0.00 0.00 -36.24 -44.28 0.00 
0 0 0 0 0 0 32.89 0 0.00000000 0.00000000 0.00 0.00 0.00 -36.24 -44.28 0.00 
0 0 0 0 0 0 32.91 0 0.00000000 0.00000000 0.00 0.00 0.00 -36.24 -44.28 0.00 
0 0 0 0 0 0 32.94 0 0.00000000 0.00000000 0.00 0.00 0.00 -36.24 -44.28 0.00 
0 0 0 0 0 0 32.96 0 0.00000000 0.00000000 0.00 0.00 0.00 -36.24 -44.28 0.00 
0 0 0 0 0 0 32.99 0 0.00000000 0.00000000 0.00 0.00 0.00 -36.24 -44.28 0.00 
0 0 0 0 0 0 33.01 0 0.00000000 0.00000000 0.00 0.00 0.00 -37.81 -42.74 0.00 
0 0 0 0 0 0 33.04 0 0.00000000 0.00000000 0.00 0.00 0.00 -37.81 -42.74 0.00 
0 0 0 0 0 0 33.06 0 0.00000000 0.00000000 0.00 0.00 0.00 -37.81 -42.74 0.00 
0 0 0 0 0 0 33.09 0 0.00000000 0.00000000 0.00 0.00 0.00 -37.81 -42.74 0.00 
0 0 0 0 0 0 33.11 0 0.00000000 0.00000000 0.00 0.00 0.00 -37.81 -42.74 0.00 
0 0 0 0 0 0 33.13 0 0.00000000 0.00000000 0.00 0.00 0.00 -37.81 -42.74 0.00 
0 0 0 0 0 0 33.16 0 0.00000000 0.00000000 0.00 0.00 0.00 -37.81 -42.74 0.00 
0 0 0 0 0 0 33.18 0 0.00000000 0.00000000 0.00 0.00 0.00 -37.81 -42.74 0.00 
0 0 0 0 0 0 33.21 0 0.00000000 0.00000000 0.00 0.00 0.00 -37.81 -42.74 0.00 
0 0 0 0 0 0 33.23 0 0.00000000 0.00000000 0.00 0.00 0.00 -37.81 -42.74 0.00 
0 0 0 0 0 0 33.26 0 0.00000000 0.00000000 0.00 0.00 0.00 -37.81 -42.74 0.00 
0 0 0 0 0 0 33.28 0 0.00000000 0.00000000 0.00 0.00 0.00 -37.81 -42.74 0.00 
0 0 0 0 0 0 33.30 0 0.00000000 0.00000000 0.00 0.00 0.00 -37.81 -42.74 0.00 
0 0 0 0 0 0 33.33 0 0.00000000 0.00000000 0.00 0.00 0.00 -37.81 -42.74 0.00 
0 0 0 0 0 0 33.35 0 0.00000000 0.00000000 0.00 0.00 0.00 -37.81 -42.74 0.00 
0 0 0 0 0 0 33.37 0 0.00000000 0.00000000 0.00 0.00 0.00 -37.81 -42.74 0.00 
0 0 0 0 0 0 33.40 0 0.00000000 0.00000000 0.00 0.00 0.00 -37.81 -42.74 0.00 
0 0 0 0 0 0 33.44 0 0.00000000 0.00000000 0.00 0.00 0.00 -37.81 -42.74 0.00 
0 0 0 0 0 0 33.46 0 0.00000000 0.00000000 0.00 0.00 0.00 -37.81 -42.74 0.00 
0 0 0 0 0 0 33.49 0 0.00000000 0.00000000 0.00 0.00 0.00 -37.81 -42.74 0.00 
0 0 0 0 0 0 33.51 0 0.00000000 0.00000000 0.00 0.00 0.00 -37.81 -42.74 0.00 
0 0 0 0 0 0 33.53 0 0.00000000 0.00000000 0.00 0.00 0.00 -37.81 -42.74 0.00 
0 0 0 0 0 0 33.56 0 0.00000000 0.00000000 0.00 0.00 0.00 -37.81 -42.74 0.00 
0 0 0 0 0 0 33.60 0 0.00000000 0.00000000 0.00 0.00 0.00 -37.81 -42.74 0.00 
0 0 0 0 0 0 33.62 0 0.00000000 0.00000000 0.00 0.00 0.00 -37.81 -42.74 0.00 
0 0 0 0 0 0 33.64 0 0.00000000 0.00000000 0.00 0.00 0.00 -37.81 -42.74 0.00 
0 0 0 0 0 0 33.67 0 0.00000000 0.00000000 0.00 0.00 0.00 -37.81 -42.74 0.00 
0 0 0 0 0 0 33.69 0 0.00000000 0.00000000 0.00 0.00 0.00 -37.81 -42.74 0.00 
0 0 0 0 0 0 33.71 0 0.00000000 0.00000000 0.00 0.00 0.00 -37.81 -42.74 0.00 
0 0 0 0 0 0 33.74 0 0.00000000 0.00000000 0.00 0.00 0.00 -37.81 -42.74 0.00 
0 0 0 0 0 0 33.76 0 0.00000000 0.00000000 0.00 0.00 0.00 -37.81 -42.74 0.00 
0 0 0 0 0 0 33.79 0 0.00000000 0.00000000 0.00 0.00 0.00 -37.81 -42.74 0.00 
0 0 0 0 0 0 33.81 0 0.00000000 0.00000000 0.00 0.00 0.00 -37.81 -42.74 0.00 
0 0 0 0 0 0 33.83 0 0.00000000 0.00000000 0.00 0.00 0.00 -37.81 -42.74 0.00 
0 0 0 0 0 0 33.86 0 0.00000000 0.00000000 0.00 0.00 0.00 -37.81 -42.74 0.00 
0 0 0 0 0 0 33.88 0 0.00000000 0.00000000 0.00 0.00 0.00 -37.81 -42.74 0.00 
0 0 0 0 0 0 33.91 0 0.00000000 0.00000000 0.00 0.00 0.00 -37.81 -42.74 0.00 
0 0 0 0 0 0 33.93 0 0.00000000 0.00000000 0.00 0.00 0.00 -37.81 -42.74 0.00 
0 0 0 0 0 0 33.96 0 0.00000000 0.00000000 0.00 0.00 0.00 -37.81 -42.74 0.00 
0 0 0 0 0 0 33.98 0 0.00000000 0.00000000 0.00 0.00 0.00 -37.81 -42.74 0.00 
0 0 0 0 0 0 34.01 0 0.00000000 0.00000000 0.00 0.00 0.00 -35.56 -42.09 0.00 
0 0 0 0 0 0 34.03 0 0.00000000 0.00000000 0.00 0.00 0.00 -35.56 -42.09 0.00 
0 0 0 0 0 0 34.06 0 0.00000000 0.00000000 0.00 0.00 0.00 -35.56 -42.09 0.00 
0 0 0 0 0 0 34.08 0 0.00000000 0.00000000 0.00 0.00 0.00 -35.56 -42.09 0.00 
0 0 0 0 0 0 34.11 0 0.00000000 0.00000000 0.00 0.00 0.00 -35.56 -42.09 0.00 
0 0 0 0 0 0 34.13 0 0.00000000 0.00000000 0.00 0.00 0.00 -35.56 -42.09 0.00 
0 0 0 0 0 0 34.15 0 0.00000000 0.00000000 0.00 0.00 0.00 -35.56 -42.09 0.00 
0 0 0 0 0 0 34.18 0 0.00000000 0.00000000 0.00 0.00 0.00 -35.56 -42.09 0.00 
0 0 0 0 0 0 34.20 0 0.00000000 0.00000000 0.00 0.00 0.00 -35.56 -42.09 0.00 
0 0 0 0 0 0 34.22 0 0.00000000 0.00000000 0.00 0.00 0.00 -35.56 -42.09 0.00 
0 0 0 0 0 0 34.25 0 0.00000000 0.00000000 0.00 0.00 0.00 -35.56 -42.09 0.00 
0 0 0 0 0 0 34.27 0 0.00000000 0.00000000 0.00 0.00 0.00 -35.56 -42.09 0.00 
0 0 0 0 0 0 34.30 0 0.00000000 0.00000000 0.00 0.00 0.00 -35.56 -42.09 0.00 
0 0 0 0 0 0 34.32 0 0.00000000 0.00000000 0.00 0.00 0.00 -35.56 -42.09 0.00 
0 0 0 0 0 0 34.34 0 0.00000000 0.00000000 0.00 0.00 0.00 -35.56 -42.09 0.00 
0 0 0 0 0 0 34.37 0 0.00000000 0.00000000 0.00 0.00 0.00 -35.56 -42.09 0.00 
0 0 0 0 0 0 34.40 0 0.00000000 0.00000000 0.00 0.00 0.00 -35.56 -42.09 0.00 
0 0 0 0 0 0 34.42 0 0.00000000 0.00000000 0.00 0.00 0.00 -35.56 -42.09 0.00 
0 0 0 0 0 0 34.44 0 0.00000000 0.00000000 0.00 0.00 0.00 -35.56 -42.09 0.00 
0 0 0 0 0 0 34.47 0 0.00000000 0.00000000 0.00 0.00 0.00 -35.56 -42.09 0.00 
0 0 0 0 0 0 34.49 0 0.00000000 0.00000000 0.00 0.00 0.00 -35.56 -42.09 0.00 
0 0 0 0 0 0 34.51 0 0.00000000 0.00000000 0.00 0.00 0.00 -35.56 -42.09 0.00 
0 0 0 0 0 0 34.54 0 0.00000000 0.00000000 0.00 0.00 0.00 -35.56 -42.09 0.00 
0 0 0 0 0 0 34.56 0 0.00000000 0.00000000 0.00 0.00 0.00 -35.56 -42.09 0.00 
0 0 0 0 0 0 34.59 0 0.00000000 0.00000000 0.00 0.00 0.00 -35.56 -42.09 0.00 
0 0 0 0 0 0 34.61 0 0.00000000 0.00000000 0.00 0.00 0.00 -35.56 -42.09 0.00 
0 0 0 0 0 0 34.63 0 0.00000000 0.00000000 0.00 0.00 0.00 -35.56 -42.09 0.00 
0 0 0 0 0 0 34.66 0 0.00000000 0.00000000 0.00 0.00 0.00 -35.56 -42.09 0.00 
0 0 0 0 0 0 34.68 0 0.00000000 0.00000000 0.00 0.00 0.00 -35.56 -42.09 0.00 
0 0 0 0 0 0 34.71 0 0.00000000 0.00000000 0.00 0.00 0.00 -35.56 -42.09 0.00 
0 0 0 0 0 0 34.73 0 0.00000000 0.00000000 0.00 0.00 0.00 -35.56 -42.09 0.00 
0 0 0 0 0 0 34.76 0 0.00000000 0.00000000 0.00 0.00 0.00 -35.56 -42.09 0.00 
0 0 0 0 0 0 34.78 0 0.00000000 0.00000000 0.00 0.00 0.00 -35.56 -42.09 0.00 
0 0 0 0 0 0 34.80 0 0.00000000 0.00000000 0.00 0.00 0.00 -35.56 -42.09 0.00 
0 0 0 0 0 0 34.83 0 0.00000000 0.00000000 0.00 0.00 0.00 -35.56 -42.09 0.00 
0 0 0 0 0 0 34.85 0 0.00000000 0.00000000 0.00 0.00 0.00 -35.56 -42.09 0.00 
0 0 0 0 0 0 34.91 0 0.00000000 0.00000000 0.00 0.00 0.00 -35.56 -42.09 0.00 
0 0 0 0 0 0 34.93 0 0.00000000 0.00000000 0.00 0.00 0.00 -35.56 -42.09 0.00 
0 0 0 0 0 0 34.96 0 0.00000000 0.00000000 0.00 0.00 0.00 -35.56 -42.09 0.00 
0 0 0 0 0 0 34.98 0 0.00000000 0.00000000 0.00 0.00 0.00 -35.56 -42.09 0.00 
0 0 0 0 0 0 35.01 0 0.00000000 0.00000000 0.00 0.00 0.00 -34.58 -46.89 0.00 
0 0 0 0 0 0 35.03 0 0.00000000 0.00000000 0.00 0.00 0.00 -34.58 -46.89 0.00 
0 0 0 0 0 0 35.05 0 0.00000000 0.00000000 0.00 0.00 0.00 -34.58 -46.89 0.00 
0 0 0 0 0 0 35.08 0 0.00000000 0.00000000 0.00 0.00 0.00 -34.58 -46.89 0.00 
0 0 0 0 0 0 35.10 0 0.00000000 0.00000000 0.00 0.00 0.00 -34.58 -46.89 0.00 
0 0 0 0 0 0 35.13 0 0.00000000 0.00000000 0.00 0.00 0.00 -34.58 -46.89 0.00 
0 0 0 0 0 0 35.15 0 0.00000000 0.00000000 0.00 0.00 0.00 -34.58 -46.89 0.00 
0 0 0 0 0 0 35.18 0 0.00000000 0.00000000 0.00 0.00 0.00 -34.58 -46.89 0.00 
0 0 0 0 0 0 35.20 0 0.00000000 0.00000000 0.00 0.00 0.00 -34.58 -46.89 0.00 
0 0 0 0 0 0 35.22 0 0.00000000 0.00000000 0.00 0.00 0.00 -34.58 -46.89 0.00 
0 0 0 0 0 0 35.25 0 0.00000000 0.00000000 0.00 0.00 0.00 -34.58 -46.89 0.00 
0 0 0 0 0 0 35.27 0 0.00000000 0.00000000 0.00 0.00 0.00 -34.58 -46.89 0.00 
0 0 0 0 0 0 35.30 0 0.00000000 0.00000000 0.00 0.00 0.00 -34.58 -46.89 0.00 
0 0 0 0 0 0 35.32 0 0.00000000 0.00000000 0.00 0.00 0.00 -34.58 -46.89 0.00 
0 0 0 0 0 0 35.34 0 0.00000000 0.00000000 0.00 0.00 0.00 -34.58 -46.89 0.00 
0 0 0 0 0 0 35.37 0 0.00000000 0.00000000 0.00 0.00 0.00 -34.58 -46.89 0.00 
0 0 0 0 0 0 35.39 0 0.00000000 0.00000000 0.00 0.00 0.00 -34.58 -46.89 0.00 
0 0 0 0 0 0 35.42 0 0.00000000 0.00000000 0.00 0.00 0.00 -34.58 -46.89 0.00 
0 0 0 0 0 0 35.44 0 0.00000000 0.00000000 0.00 0.00 0.00 -34.58 -46.89 0.00 
0 0 0 0 0 0 35.47 0 0.00000000 0.00000000 0.00 0.00 0.00 -34.58 -46.89 0.00 
0 0 0 0 0 0 35.49 0 0.00000000 0.00000000 0.00 0.00 0.00 -34.58 -46.89 0.00 
0 0 0 0 0 0 35.51 0 0.00000000 0.00000000 0.00 0.00 0.00 -34.58 -46.89 0.00 
0 0 0 0 0 0 35.53 0 0.00000000 0.00000000 0.00 0.00 0.00 -34.58 -46.89 0.00 
0 0 0 0 0 0 35.56 0 0.00000000 0.00000000 0.00 0.00 0.00 -34.58 -46.89 0.00 
0 0 0 0 0 0 35.59 0 0.00000000 0.00000000 0.00 0.00 0.00 -34.58 -46.89 0.00 
0 0 0 0 0 0 35.61 0 0.00000000 0.00000000 0.00 0.00 0.00 -34.58 -46.89 0.00 
0 0 0 0 0 0 35.63 0 0.00000000 0.00000000 0.00 0.00 0.00 -34.58 -46.89 0.00 
0 0 0 0 0 0 35.65 0 0.00000000 0.00000000 0.00 0.00 0.00 -34.58 -46.89 0.00 
0 0 0 0 0 0 35.68 0 0.00000000 0.00000000 0.00 0.00 0.00 -34.58 -46.89 0.00 
0 0 0 0 0 0 35.70 0 0.00000000 0.00000000 0.00 0.00 0.00 -34.58 -46.89 0.00 
0 0 0 0 0 0 35.73 0 0.00000000 0.00000000 0.00 0.00 0.00 -34.58 -46.89 0.00 
0 0 0 0 0 0 35.75 0 0.00000000 0.00000000 0.00 0.00 0.00 -34.58 -46.89 0.00 
0 0 0 0 0 0 35.78 0 0.00000000 0.00000000 0.00 0.00 0.00 -34.58 -46.89 0.00 
0 0 0 0 0 0 35.80 0 0.00000000 0.00000000 0.00 0.00 0.00 -34.58 -46.89 0.00 
0 0 0 0 0 0 35.82 0 0.00000000 0.00000000 0.00 0.00 0.00 -34.58 -46.89 0.00 
0 0 0 0 0 0 35.85 0 0.00000000 0.00000000 0.00 0.00 0.00 -34.58 -46.89 0.00 
0 0 0 0 0 0 35.87 0 0.00000000 0.00000000 0.00 0.00 0.00 -34.58 -46.89 0.00 
0 0 0 0 0 0 35.90 0 0.00000000 0.00000000 0.00 0.00 0.00 -34.58 -46.89 0.00 
0 0 0 0 0 0 35.92 0 0.00000000 0.00000000 0.00 0.00 0.00 -34.58 -46.89 0.00 
0 0 0 0 0 0 35.95 0 0.00000000 0.00000000 0.00 0.00 0.00 -34.58 -46.89 0.00 
0 0 0 0 0 0 35.97 0 0.00000000 0.00000000 0.00 0.00 0.00 -34.58 -46.89 0.00 
0 0 0 0 0 0 35.99 0 0.00000000 0.00000000 0.00 0.00 0.00 -34.58 -46.89 0.00 
0 0 0 0 0 0 36.02 0 0.00000000 0.00000000 0.00 0.00 0.00 -29.27 -48.56 0.00 
0 0 0 0 0 0 36.05 0 0.00000000 0.00000000 0.00 0.00 0.00 -29.27 -48.56 0.00 
0 0 0 0 0 0 36.07 0 0.00000000 0.00000000 0.00 0.00 0.00 -29.27 -48.56 0.00 
0 0 0 0 0 0 36.09 0 0.00000000 0.00000000 0.00 0.00 0.00 -29.27 -48.56 0.00 
0 0 0 0 0 0 36.12 0 0.00000000 0.00000000 0.00 0.00 0.00 -29.27 -48.56 0.00 
0 0 0 0 0 0 36.14 0 0.00000000 0.00000000 0.00 0.00 0.00 -29.27 -48.56 0.00 
0 0 0 0 0 0 36.17 0 0.00000000 0.00000000 0.00 0.00 0.00 -29.27 -48.56 0.00 
0 0 0 0 0 0 36.19 0 0.00000000 0.00000000 0.00 0.00 0.00 -29.27 -48.56 0.00 
0 0 0 0 0 0 36.23 0 0.00000000 0.00000000 0.00 0.00 0.00 -29.27 -48.56 0.00 
0 0 0 0 0 0 36.25 0 0.00000000 0.00000000 0.00 0.00 0.00 -29.27 -48.56 0.00 
0 0 0 0 0 0 36.27 0 0.00000000 0.00000000 0.00 0.00 0.00 -29.27 -48.56 0.00 
0 0 0 0 0 0 36.30 0 0.00000000 0.00000000 0.00 0.00 0.00 -29.27 -48.56 0.00 
0 0 0 0 0 0 36.34 0 0.00000000 0.00000000 0.00 0.00 0.00 -29.27 -48.56 0.00 
0 0 0 0 0 0 36.38 0 0.00000000 0.00000000 0.00 0.00 0.00 -29.27 -48.56 0.00 
0 0 0 0 0 0 36.43 0 0.00000000 0.00000000 0.00 0.00 0.00 -29.27 -48.56 0.00 
0 0 0 0 0 0 36.55 0 0.00000000 0.00000000 0.00 0.00 0.00 -29.27 -48.56 0.00 
0 0 0 0 0 0 36.68 0 0.00000000 0.00000000 0.00 0.00 0.00 -29.27 -48.56 0.00 
0 0 0 0 0 0 36.80 0 0.00000000 0.00000000 0.00 0.00 0.00 -29.27 -48.56 0.00 
