0 0 0 2.72 0.00000000 0.00000000 0.00 0.00 0.00 0.06 0.08 -2.33 0.02 0.00 0.00 90.96 91.09 90.05 
0 0 0 2.89 0.00000000 0.00000000 0.00 0.00 0.00 0.06 0.08 3.95 0.01 -0.01 0.01 90.98 91.43 90.06 
0 0 0 2.99 0.00000000 0.00000000 0.00 0.00 0.00 0.06 0.07 -2.31 0.01 -0.02 0.00 91.07 91.20 90.01 
0 0 0 3.09 0.00000000 0.00000000 0.00 0.00 0.00 0.05 0.09 3.92 0.02 -0.01 -0.00 90.88 91.56 89.96 
0 0 0 3.20 0.00000000 0.00000000 0.00 0.00 0.00 0.07 0.07 -2.32 0.01 -0.03 0.00 91.16 91.16 90.04 
0 0 0 3.30 0.00000000 0.00000000 0.00 0.00 0.00 0.07 0.08 3.95 0.01 -0.01 -0.01 91.11 91.30 89.93 
0 0 0 3.40 0.00000000 0.00000000 0.00 0.00 0.00 0.07 0.07 -2.31 0.01 -0.02 0.01 91.24 91.17 90.08 
0 0 0 3.50 0.00000000 0.00000000 0.00 0.00 0.00 0.07 0.07 -2.31 0.01 -0.01 -0.01 91.18 91.24 89.85 
0 0 0 3.60 0.00000000 0.00000000 0.00 0.00 0.00 0.07 0.07 3.95 0.01 -0.01 -0.01 91.11 91.11 89.93 
0 0 0 3.70 0.00000000 0.00000000 0.00 0.00 0.00 0.06 0.08 -2.32 0.02 -0.01 0.01 91.07 91.33 90.06 
0 0 0 3.80 0.00000000 0.00000000 0.00 0.00 0.00 0.06 0.07 3.95 0.01 -0.01 0.01 91.04 91.24 90.05 
0 0 0 3.90 0.00000000 0.00000000 0.00 0.00 0.00 0.07 0.07 -2.31 0.01 -0.01 0.01 91.17 91.23 90.08 
0 0 0 4.00 0.00000000 0.00000000 0.00 0.00 0.00 0.07 0.08 -2.31 0.02 -0.01 0.01 91.19 91.38 90.07 
0 0 0 4.11 0.00000000 0.00000000 0.00 0.00 0.00 0.07 0.08 3.95 0.02 -0.00 0.00 91.11 91.36 90.03 
0 0 0 4.21 0.00000000 0.00000000 0.00 0.00 0.00 0.06 0.07 -2.32 0.01 -0.01 0.01 91.09 91.15 90.05 
0 0 0 4.31 0.00000000 0.00000000 0.00 0.00 0.00 0.07 0.08 -2.31 0.01 -0.01 0.01 91.18 91.38 90.05 
0 0 0 4.41 0.00000000 0.00000000 0.00 0.00 0.00 0.07 0.08 3.95 0.02 -0.00 0.00 91.18 91.31 90.05 
0 0 0 4.51 0.00000000 0.00000000 0.00 0.00 0.00 0.06 0.07 3.93 0.02 0.01 -0.00 90.98 91.24 89.96 
0 0 0 4.61 0.00000000 0.00000000 0.00 0.00 0.00 0.05 0.08 3.93 0.02 -0.02 -0.00 90.90 91.34 89.98 
0 0 0 4.71 0.00000000 0.00000000 0.00 0.00 0.00 0.06 0.07 3.93 0.02 0.00 0.01 91.04 91.17 90.05 
0 0 0 4.81 0.00000000 0.00000000 0.00 0.00 0.00 0.06 0.08 -2.32 0.01 -0.02 0.00 91.03 91.41 90.03 
0 0 0 4.91 0.00000000 0.00000000 0.00 0.00 0.00 0.07 0.08 -2.31 0.02 0.00 0.00 91.26 91.39 90.03 
0 0 0 5.01 0.00000000 0.00000000 0.00 0.00 0.00 0.06 0.07 3.95 0.02 -0.01 0.00 91.05 91.18 90.05 
0 0 0 5.11 0.00000000 0.00000000 0.00 0.00 0.00 0.07 0.07 -2.29 0.02 -0.01 0.00 91.24 91.24 90.04 
0 0 0 5.21 0.00000000 0.00000000 0.00 0.00 0.00 0.05 0.06 3.91 0.02 -0.01 -0.03 90.85 90.97 89.70 
0 0 0 5.32 0.00000000 0.00000000 0.00 0.00 0.00 0.07 0.07 -2.33 0.02 -0.01 0.01 90.75 91.25 90.06 
0 0 0 5.42 0.00000000 0.00000000 0.00 0.00 0.00 0.07 0.08 3.94 0.01 -0.02 0.01 90.96 91.41 90.07 
0 0 0 5.52 0.00000000 0.00000000 0.00 0.00 0.00 0.06 0.07 3.93 0.01 -0.01 0.00 90.97 91.23 90.02 
0 0 0 5.62 0.00000000 0.00000000 0.00 0.00 0.00 0.08 0.07 -2.29 0.02 -0.01 0.00 91.39 91.18 90.04 
0 0 0 5.72 0.00000000 0.00000000 0.00 0.00 0.00 0.08 0.07 -2.30 0.01 0.00 0.00 91.32 91.18 90.04 
0 0 0 5.82 0.00000000 0.00000000 0.00 0.00 0.00 0.04 0.10 3.87 0.02 -0.01 0.00 90.72 91.63 90.04 
0 0 0 5.92 0.00000000 0.00000000 0.00 0.00 0.00 0.02 0.06 3.85 0.02 0.00 0.01 90.40 91.06 90.05 
0 0 0 6.02 0.00000000 0.00000000 0.00 0.00 0.00 0.07 0.10 -2.32 0.03 -0.03 0.01 91.23 91.74 90.07 
0 0 0 6.12 0.00000000 0.00000000 0.00 0.00 0.00 0.06 0.07 3.94 0.04 -0.01 -0.01 90.99 91.12 89.92 
0 0 0 6.22 0.00000000 0.00000000 0.00 0.00 0.00 0.07 0.08 -2.31 0.01 -0.01 -0.00 91.22 91.35 89.99 
0 0 0 6.32 0.00000000 0.00000000 0.00 0.00 0.00 0.07 0.08 3.95 0.02 -0.01 -0.00 91.18 91.31 89.99 
0 0 0 6.43 0.00000000 0.00000000 0.00 0.00 0.00 0.06 0.11 3.94 0.05 -0.00 0.01 91.05 91.90 90.08 
0 0 0 6.53 0.00000000 0.00000000 0.00 0.00 0.00 0.05 0.09 3.91 0.02 -0.01 -0.00 90.78 91.55 89.97 
0 0 0 6.63 0.00000000 0.00000000 0.00 0.00 0.00 0.06 0.07 3.93 -0.02 -0.03 0.00 90.96 91.21 90.04 
0 0 0 6.73 0.00000000 0.00000000 0.00 0.00 0.00 0.09 0.04 -2.28 0.02 -0.01 0.07 91.52 90.60 90.74 
0 0 0 6.83 0.00000000 0.00000000 0.00 0.00 0.00 0.08 0.07 -2.28 0.01 0.00 0.00 91.40 91.26 90.05 
0 0 0 6.93 0.00000000 0.00000000 0.00 0.00 0.00 0.07 0.07 -2.30 0.02 -0.01 0.00 91.18 91.18 90.05 
0 0 0 7.03 0.00000000 0.00000000 0.00 0.00 0.00 0.07 0.08 -2.32 0.02 -0.02 0.00 91.11 91.37 90.06 
0 0 0 7.13 0.00000000 0.00000000 0.00 0.00 0.00 0.07 0.07 3.95 0.02 -0.01 0.00 91.12 91.25 90.03 
0 0 0 7.23 0.00000000 0.00000000 0.00 0.00 0.00 0.06 0.07 3.94 0.02 -0.01 0.01 90.99 91.12 90.06 
0 0 0 7.33 0.00000000 0.00000000 0.00 0.00 0.00 0.06 0.06 3.95 0.01 -0.01 0.01 91.05 91.05 90.06 
0 0 0 7.43 0.00000000 0.00000000 0.00 0.00 0.00 0.07 0.07 3.96 0.02 -0.01 0.01 91.11 91.24 90.07 
0 0 0 7.53 0.00000000 0.00000000 0.00 0.00 0.00 0.07 0.07 -2.31 0.02 -0.01 0.01 91.04 91.23 90.05 
0 0 0 7.64 0.00000000 0.00000000 0.00 0.00 0.00 0.07 0.07 -2.33 0.02 -0.00 0.00 91.18 91.24 90.04 
0 0 0 7.74 0.00000000 0.00000000 0.00 0.00 0.00 0.07 0.08 3.95 0.02 -0.00 0.00 91.11 91.31 90.04 
0 0 0 7.84 0.00000000 0.00000000 0.00 0.00 0.00 0.10 0.16 -2.26 -0.01 -0.02 0.01 91.68 92.73 90.07 
0 0 0 7.94 0.00000000 0.00000000 0.00 0.00 0.00 0.06 0.16 3.95 0.04 -0.05 -0.04 91.10 92.76 89.60 
0 0 0 8.04 0.00000000 0.00000000 0.00 0.00 0.00 0.09 0.07 -2.27 0.01 -0.01 0.01 91.60 91.20 90.09 
0 0 0 8.14 0.00000000 0.00000000 0.00 0.00 0.00 0.07 0.07 -2.32 0.01 -0.01 0.01 91.24 91.17 90.10 
0 0 0 8.24 0.00000000 0.00000000 0.00 0.00 0.00 0.05 0.05 3.93 0.01 -0.04 0.00 90.86 90.79 90.04 
