2.61 3.08 3.95 -0.41  0.88 -0.60 0.44  -0.71 0.55 10.20  91.44 91.63 90.07 
2.77 3.26 3.48 -0.66  0.98 -0.51 0.39  -0.63 0.59 10.32  91.42 91.52 90.07 
2.87 3.06 3.71 -0.29  0.93 -0.26 0.35  -0.67 0.55 10.28  91.33 91.62 90.06 
2.97 3.07 3.94 -0.24  1.23 -0.29 0.35  -0.71 0.55 10.24  91.35 91.83 90.07 
3.08 3.26 3.91 0.24  1.07 -0.46 0.25  -0.71 0.59 10.32  91.42 91.70 90.08 
3.18 3.28 3.71 0.22  1.01 -0.49 0.22  -0.67 0.59 10.28  91.42 91.42 90.08 
3.28 3.26 3.91 -0.62  1.16 -0.31 0.39  -0.71 0.59 10.32  91.42 91.61 90.05 
3.38 2.84 4.36 -0.24  0.82 -0.54 0.32  -0.78 0.51 10.28  91.23 91.51 90.06 
3.51 5.69 4.79 1.39  0.88 -0.49 0.38  -0.86 1.02 10.24  92.48 92.09 90.07 
3.64 3.48 3.69 0.36  0.99 -0.49 0.53  -0.67 0.63 10.32  91.52 91.61 90.09 
3.77 2.90 3.56 -0.19  0.90 -0.43 0.39  -0.63 0.51 10.08  91.26 91.55 90.07 
3.90 2.85 3.94 -0.73  0.98 -0.43 0.41  -0.71 0.51 10.24  91.24 91.72 90.07 
4.00 3.07 3.72 -0.22  0.90 -0.39 0.50  -0.67 0.55 10.24  91.24 91.62 90.07 
4.10 3.08 4.17 0.20  0.95 -0.43 0.29  -0.75 0.55 10.20  91.34 91.73 90.09 
4.20 3.29 3.94 0.56  0.65 -0.51 0.41  -0.71 0.59 10.24  91.43 91.81 90.05 
4.30 3.28 3.71 0.18  1.02 -0.64 0.44  -0.67 0.59 10.28  91.35 91.73 90.08 
4.41 3.07 4.16 0.24  0.45 -0.52 0.34  -0.75 0.55 10.24  91.34 91.62 90.06 
4.51 1.07 7.48 -0.59  1.02 -0.48 0.36  -1.65 0.24 12.55  90.80 92.00 90.06 
4.61 3.33 3.76 -0.01  0.58 -0.56 0.33  -0.67 0.59 10.12  91.23 91.61 90.07 
4.71 3.30 4.17 0.23  1.24 -0.60 0.43  -0.75 0.59 10.20  91.51 91.60 90.09 
4.81 3.08 4.17 0.24  0.68 -0.67 0.61  -0.75 0.55 10.20  91.43 91.81 90.07 
4.92 3.31 3.75 0.20  1.01 -0.26 0.44  -0.67 0.59 10.16  91.22 91.97 90.08 
5.02 3.09 3.53 -0.26  1.34 -0.62 0.36  -0.63 0.55 10.16  91.15 91.62 90.07 
5.12 3.28 3.49 -0.56  0.84 -0.42 0.34  -0.63 0.59 10.28  91.42 91.80 90.06 
5.22 2.84 3.49 -0.21  1.16 -0.35 0.32  -0.63 0.51 10.28  91.34 91.73 90.09 
5.32 3.07 3.72 0.13  0.93 -0.40 0.39  -0.67 0.55 10.24  91.33 91.61 90.07 
5.42 3.08 3.95 0.44  0.99 -0.46 0.34  -0.71 0.55 10.20  91.63 91.72 90.08 
5.52 3.29 4.16 0.04  1.06 -0.25 0.36  -0.75 0.59 10.24  91.34 91.62 90.05 
5.63 3.26 3.69 -0.26  0.70 -0.69 0.52  -0.67 0.59 10.32  91.33 91.52 90.09 
5.73 3.06 3.92 -0.26  1.13 -0.48 0.40  -0.71 0.55 10.28  91.34 91.72 90.07 
5.83 3.28 3.49 -0.34  1.27 -0.46 0.38  -0.63 0.59 10.28  91.34 91.62 90.05 
5.93 3.48 3.69 0.52  0.95 -0.51 0.43  -0.67 0.63 10.32  91.14 91.71 90.05 
6.03 3.05 4.34 0.33  1.06 -0.31 0.29  -0.78 0.55 10.32  91.41 91.69 90.05 
6.13 2.84 3.49 -0.12  0.97 -0.74 0.37  -0.63 0.51 10.28  91.52 91.71 90.06 
6.24 3.28 3.49 -0.41  0.86 -0.48 0.32  -0.63 0.59 10.28  91.25 91.64 90.07 
6.34 3.28 3.71 -0.05  1.17 -0.21 0.34  -0.67 0.59 10.28  91.24 91.71 90.05 
6.44 3.05 3.26 -0.11  1.08 -0.38 0.32  -0.59 0.55 10.32  91.33 91.71 90.10 
6.54 3.28 4.14 0.74  1.06 -0.44 0.31  -0.75 0.59 10.28  91.24 91.62 90.10 
6.64 3.48 3.69 0.07  1.23 -0.37 0.31  -0.67 0.63 10.32  91.33 91.80 90.06 
6.74 3.47 3.68 0.16  1.02 -0.38 0.42  -0.67 0.63 10.36  91.44 91.72 90.08 
6.84 3.26 3.91 -0.43  0.86 -0.48 0.22  -0.71 0.59 10.32  91.34 91.53 90.05 
6.95 3.06 3.71 -0.00  0.71 -0.77 0.36  -0.67 0.55 10.28  91.33 91.62 90.06 
7.05 3.25 3.89 0.03  0.82 -0.51 0.46  -0.71 0.59 10.36  91.42 91.61 90.09 
7.15 3.26 3.69 0.26  1.02 -0.53 0.30  -0.67 0.59 10.32  91.33 91.62 90.04 
7.25 3.26 4.13 0.08  1.06 -0.56 0.42  -0.75 0.59 10.32  91.63 91.53 90.06 
7.35 2.86 3.96 -0.68  0.95 -0.56 0.33  -0.71 0.51 10.20  91.54 91.73 90.07 
7.45 3.28 4.36 -0.41  0.94 -0.55 0.41  -0.78 0.59 10.28  91.72 91.62 90.07 
7.55 2.85 3.94 -0.17  0.75 -0.48 0.30  -0.71 0.51 10.24  91.34 91.63 90.07 
7.66 3.28 3.27 0.74  1.24 -0.66 0.28  -0.59 0.59 10.28  91.42 91.52 90.05 
7.76 3.30 3.73 0.40  1.08 -0.53 0.38  -0.67 0.59 10.20  91.44 91.62 90.07 
7.86 3.07 3.72 0.14  0.89 -0.54 0.38  -0.67 0.55 10.24  91.24 91.81 90.07 
7.96 3.12 4.44 -0.33  1.00 -0.28 0.26  -0.78 0.55 10.08  91.25 91.63 90.06 
8.06 2.84 4.14 -0.27  0.91 -0.73 0.51  -0.75 0.51 10.28  92.19 91.98 90.05 
8.17 3.25 3.68 -0.23  0.80 -0.42 0.35  -0.67 0.59 10.36  91.14 91.61 90.06 
8.27 2.33 4.02 0.58  0.80 -0.36 0.41  -0.75 0.43 10.59  90.86 91.61 90.08 
8.37 4.69 3.62 1.13  0.71 -0.46 0.51  -0.67 0.86 10.51  91.06 91.63 90.06 
8.47 3.25 3.68 0.47  0.88 -0.77 0.53  -0.67 0.59 10.36  91.43 91.52 90.07 
8.57 3.05 3.48 -0.69  0.98 -0.24 0.29  -0.63 0.55 10.32  91.14 91.51 90.04 
8.67 3.05 3.91 -0.23  1.37 -0.25 0.38  -0.71 0.55 10.32  91.23 91.71 90.03 
8.77 2.81 4.31 0.19  0.75 -0.58 0.37  -0.78 0.51 10.40  91.55 91.64 90.06 
8.87 3.23 2.08 -0.01  0.67 -0.60 0.36  -0.35 0.55 9.73  91.39 91.78 90.07 
8.97 3.33 4.65 0.32  1.02 -0.60 0.39  -0.82 0.59 10.12  91.59 91.87 90.07 
9.07 2.62 4.36 -0.00  0.90 -0.46 0.36  -0.78 0.47 10.28  91.44 91.72 90.05 
9.18 5.00 3.04 -0.14  1.01 -0.38 0.34  -0.55 0.90 10.32  91.44 91.73 90.04 
9.28 3.78 3.55 0.23  0.62 -0.58 0.35  -0.63 0.67 10.08  91.66 91.66 90.09 
9.38 1.02 1.02 -1.53  0.74 -0.66 0.49  -0.20 0.20 11.02  91.39 91.58 90.07 
9.48 3.28 3.92 -0.11  0.78 -0.77 0.44  -0.71 0.59 10.28  91.04 91.61 90.08 
9.58 2.88 3.32 -0.11  0.66 -1.02 0.38  -0.59 0.51 10.12  91.03 91.95 90.05 
9.68 5.11 1.78 -0.08  0.82 -0.39 0.33  -0.31 0.90 10.08  91.66 91.02 90.08 
9.78 2.34 4.20 -0.69  0.65 -0.65 0.40  -0.71 0.39 9.61  90.93 91.67 90.06 
9.88 16.98 -3.41 4.85  1.45 -0.49 0.33  0.78 3.84 12.59  96.07 90.68 90.09 
9.98 5.62 4.31 1.21  0.93 -0.71 0.32  -0.78 1.02 10.36  91.00 91.45 90.05 
10.09 1.78 3.34 -0.23  0.32 -0.75 0.30  -0.59 0.31 10.08  91.52 91.33 90.05 
10.19 1.94 4.94 -0.20  1.05 -0.35 0.36  -0.90 0.35 10.43  90.85 91.51 90.05 
10.29 3.93 3.92 -0.18  0.60 -0.34 0.35  -0.71 0.71 10.28  91.33 91.71 90.07 
10.39 3.07 3.94 -0.48  0.81 -0.74 0.32  -0.71 0.55 10.24  91.14 91.61 90.05 
10.49 3.51 3.28 -0.13  0.45 -0.81 0.57  -0.59 0.63 10.24  91.36 91.74 90.07 
10.59 2.64 4.18 0.38  1.12 -0.32 0.25  -0.75 0.47 10.20  91.46 91.65 90.08 
10.69 2.80 3.44 -0.12  0.91 -0.83 0.36  -0.63 0.51 10.43  91.05 91.43 90.06 
10.79 3.52 3.30 -0.13  1.52 -0.02 0.39  -0.59 0.63 10.20  91.07 92.14 90.10 
10.89 3.11 3.54 -0.56  1.02 -0.62 0.35  -0.63 0.55 10.12  90.79 91.39 90.06 
10.99 6.44 5.08 1.75  1.06 -0.34 0.48  -0.90 1.14 10.08  91.46 91.85 90.05 
11.10 5.17 2.80 0.77  1.12 -0.42 0.40  -0.51 0.94 10.40  91.33 91.62 90.07 
11.20 2.83 3.91 0.40  1.04 -0.56 0.34  -0.71 0.51 10.32  91.52 91.61 90.06 
11.30 2.57 3.85 -0.31  0.65 -0.94 0.32  -0.71 0.47 10.47  91.14 91.81 90.06 
11.40 3.05 3.48 -0.15  0.25 -1.69 0.56  -0.63 0.55 10.32  91.61 91.70 90.07 
11.50 3.67 3.88 -0.35  0.62 -1.09 0.49  -0.71 0.67 10.40  91.41 91.51 90.07 
11.60 7.91 5.46 2.33  0.39 -0.85 0.33  -0.98 1.41 10.16  90.77 92.11 90.07 
11.70 3.02 4.31 0.15  0.53 -0.48 0.21  -0.78 0.55 10.40  91.41 91.69 90.05 
11.80 3.86 4.06 0.96  1.03 -0.48 0.28  -0.75 0.71 10.47  91.71 91.99 90.06 
11.90 2.70 4.05 -0.02  0.96 -0.42 0.38  -0.71 0.47 9.96  91.49 91.78 90.09 
12.01 3.09 3.97 -0.55  0.69 -0.48 0.41  -0.71 0.55 10.16  91.32 91.60 90.07 
12.11 -1.96 2.18 -2.91  1.62 -1.46 0.40  -0.39 -0.35 10.32  91.84 93.74 90.08 
12.21 2.19 3.71 -0.52  0.86 -0.56 0.44  -0.67 0.39 10.28  91.33 91.33 90.05 
12.31 4.21 5.96 1.04  0.72 -1.26 0.41  -1.06 0.75 10.12  88.85 90.44 90.05 
12.41 2.99 2.99 -0.08  0.77 -0.58 0.84  -0.55 0.55 10.51  91.51 91.79 90.23 
12.51 3.95 2.84 0.04  0.67 -0.49 0.23  -0.51 0.71 10.24  91.47 91.74 89.98 
12.61 3.26 3.69 -0.02  1.30 -0.39 0.39  -0.67 0.59 10.32  91.34 91.63 90.07 
12.71 2.82 3.68 -0.18  1.00 -0.66 0.44  -0.67 0.51 10.36  91.43 91.71 90.07 
12.81 3.49 3.92 0.32  1.04 -0.48 0.35  -0.71 0.63 10.28  91.42 91.80 90.06 
12.92 3.28 3.92 0.89  1.01 -0.60 0.42  -0.71 0.59 10.28  91.42 91.71 90.07 
13.02 3.06 3.71 0.13  0.69 -0.37 0.42  -0.67 0.55 10.28  91.34 91.53 90.07 
13.12 3.28 3.71 0.27  0.74 -0.80 0.32  -0.67 0.59 10.28  91.34 91.63 90.05 
13.22 3.30 3.73 -0.12  1.06 -0.55 0.46  -0.67 0.59 10.20  91.05 91.43 90.07 
13.32 2.64 3.96 0.03  0.70 -0.31 0.30  -0.71 0.47 10.20  91.33 91.52 90.06 
13.42 1.32 3.96 -0.55  0.70 -0.56 0.39  -0.71 0.24 10.20  92.94 92.61 90.07 
13.52 3.08 3.95 0.72  1.23 -0.37 0.32  -0.71 0.55 10.20  91.24 91.62 90.06 
13.62 2.85 3.72 0.17  0.58 -0.56 0.34  -0.67 0.51 10.24  91.33 91.90 90.09 
13.72 3.49 3.71 0.40  1.19 -0.61 0.50  -0.67 0.63 10.28  91.52 91.62 90.09 
13.82 2.83 3.91 -0.27  0.90 -0.51 0.33  -0.71 0.51 10.32  91.24 91.62 90.04 
13.93 3.26 3.69 0.05  0.81 -0.50 0.38  -0.67 0.59 10.32  91.23 91.52 90.07 
14.03 3.49 3.49 0.26  0.71 -0.39 0.30  -0.63 0.63 10.28  91.24 91.52 90.05 
14.13 3.29 3.50 0.59  0.54 -0.68 0.48  -0.63 0.59 10.24  91.42 91.52 90.08 
14.23 3.42 3.41 0.25  0.83 -0.54 0.41  -0.63 0.63 10.51  91.79 91.41 90.08 
14.33 2.82 3.46 -0.22  0.94 -0.37 0.26  -0.63 0.51 10.36  91.44 91.53 90.04 
14.43 3.28 3.49 -0.19  0.85 -0.36 0.38  -0.63 0.59 10.28  91.33 91.71 90.06 
14.53 3.26 3.26 0.16  0.94 -0.46 0.39  -0.59 0.59 10.32  91.44 91.53 90.09 
14.63 3.07 3.72 0.52  0.66 -0.74 0.50  -0.67 0.55 10.24  91.43 91.71 90.09 
14.73 3.46 3.66 0.44  1.03 -0.46 0.32  -0.67 0.63 10.40  91.42 91.61 90.08 
14.84 3.30 3.73 0.21  1.06 -0.56 0.35  -0.67 0.59 10.20  91.63 91.63 90.04 
14.94 2.82 3.90 -0.66  0.67 -0.64 0.32  -0.71 0.51 10.36  91.33 91.71 90.08 
15.04 3.05 3.69 -0.10  0.76 -0.80 0.29  -0.67 0.55 10.32  91.34 91.62 90.05 
15.14 3.07 3.72 0.12  1.23 -0.39 0.34  -0.67 0.55 10.24  91.43 91.62 90.07 
15.24 3.05 3.91 0.45  0.81 -0.58 0.43  -0.71 0.55 10.32  91.33 91.71 90.05 
15.34 3.07 3.50 0.22  1.09 -0.64 0.39  -0.63 0.55 10.24  91.33 91.61 90.05 
15.44 3.04 3.68 0.24  1.02 -0.46 0.32  -0.67 0.55 10.36  91.33 91.61 90.06 
15.54 2.85 3.72 -0.83  1.07 -0.28 0.27  -0.67 0.51 10.24  91.42 91.61 90.06 
15.64 3.08 3.74 -0.13  0.61 -0.63 0.38  -0.67 0.55 10.20  91.43 91.81 90.07 
15.75 3.29 3.50 -0.18  0.88 -0.42 0.31  -0.63 0.59 10.24  91.25 91.53 90.07 
15.85 3.06 3.71 0.43  1.33 -0.51 0.43  -0.67 0.55 10.28  91.44 91.62 90.06 
15.95 3.26 3.26 0.10  0.62 -0.62 0.38  -0.59 0.59 10.32  91.42 91.61 90.05 
16.05 3.26 3.91 -0.14  0.33 -0.51 0.37  -0.71 0.59 10.32  91.44 91.73 90.04 
16.15 3.51 3.94 -0.05  0.80 -0.60 0.33  -0.71 0.63 10.24  91.33 91.61 90.08 
16.25 3.05 3.69 0.06  0.91 -0.60 0.21  -0.67 0.55 10.32  91.43 91.62 90.06 
16.35 2.85 3.50 0.67  0.52 -0.72 0.30  -0.63 0.51 10.24  91.24 91.62 90.04 
16.45 3.29 3.94 0.70  0.96 -0.44 0.33  -0.71 0.59 10.24  91.43 91.71 90.08 
16.55 3.28 3.71 0.35  0.74 -0.43 0.32  -0.67 0.59 10.28  91.52 91.71 90.08 
16.65 3.52 3.73 0.11  0.88 -0.50 0.38  -0.67 0.63 10.20  91.24 91.53 90.06 
16.75 2.86 3.96 -0.33  1.12 -0.39 0.33  -0.71 0.51 10.20  91.34 91.63 90.05 
16.85 3.05 3.69 -0.11  0.83 -0.71 0.45  -0.67 0.55 10.32  91.34 91.81 90.08 
16.95 3.25 3.46 0.33  1.15 -0.74 0.38  -0.63 0.59 10.36  91.33 91.52 90.05 
17.05 2.83 3.69 0.34  0.85 -0.33 0.31  -0.67 0.51 10.32  91.44 91.62 90.06 
17.16 3.06 3.49 0.20  0.85 -0.50 0.39  -0.63 0.55 10.28  91.23 91.61 90.06 
17.26 3.26 3.69 -0.35  0.95 -0.71 0.37  -0.67 0.59 10.32  91.34 91.73 90.07 
17.36 3.07 3.94 -0.08  0.65 -0.42 0.32  -0.71 0.55 10.24  91.43 91.71 90.08 
17.46 3.29 3.72 -0.01  1.13 -0.62 0.40  -0.67 0.59 10.24  91.44 91.73 90.09 
17.56 3.48 3.69 0.06  1.03 -0.32 0.37  -0.67 0.63 10.32  91.43 91.52 90.06 
17.66 3.05 3.48 -0.03  0.98 -0.46 0.46  -0.63 0.55 10.32  91.24 91.81 90.08 
17.76 3.52 3.95 0.43  0.71 -0.45 0.50  -0.71 0.63 10.20  91.44 91.44 90.07 
17.86 3.04 3.90 -0.36  1.24 -0.39 0.33  -0.71 0.55 10.36  91.34 91.72 90.05 
17.96 3.48 3.91 0.27  0.97 -0.39 0.26  -0.71 0.63 10.32  91.42 91.89 90.06 
18.06 3.06 3.71 -0.19  0.81 -0.38 0.53  -0.67 0.55 10.28  91.33 91.43 90.06 
18.16 2.86 3.74 0.47  0.82 -0.60 0.37  -0.67 0.51 10.20  91.52 91.52 90.08 
18.26 3.06 3.49 -0.04  1.18 -0.54 0.47  -0.63 0.55 10.28  91.42 91.71 90.08 
18.36 2.85 3.72 -0.28  0.80 -0.78 0.39  -0.67 0.51 10.24  91.33 91.80 90.06 
18.47 3.29 3.72 -0.34  1.05 -0.28 0.40  -0.67 0.59 10.24  91.42 91.89 90.03 
18.57 3.06 3.71 0.17  0.94 -0.47 0.46  -0.67 0.55 10.28  91.24 91.81 90.09 
18.67 3.06 4.14 0.09  0.81 -0.62 0.44  -0.75 0.55 10.28  91.45 91.73 90.08 
18.77 3.30 3.52 0.66  0.87 -0.43 0.42  -0.63 0.59 10.20  91.52 91.71 90.06 
18.87 3.08 3.74 0.21  0.71 -0.77 0.31  -0.67 0.55 10.20  91.34 91.63 90.05 
18.97 3.48 4.12 0.51  0.88 -0.69 0.34  -0.75 0.63 10.32  91.52 91.80 90.06 
19.07 2.86 3.74 -0.40  0.99 -0.48 0.25  -0.67 0.51 10.20  91.34 91.62 90.06 
19.17 3.48 3.69 0.11  1.01 -0.53 0.29  -0.67 0.63 10.32  91.52 91.61 90.05 
19.27 3.07 3.72 0.18  0.94 -0.23 0.42  -0.67 0.55 10.24  91.24 91.53 90.05 
19.37 3.26 4.34 0.68  0.86 -0.61 0.43  -0.78 0.59 10.32  91.42 91.80 90.06 
19.47 2.86 3.30 0.31  0.87 -0.45 0.34  -0.59 0.51 10.20  91.23 91.61 90.08 
19.57 3.05 3.69 0.04  1.05 -0.52 0.39  -0.67 0.55 10.32  91.44 91.81 90.07 
19.67 2.84 3.71 -0.40  1.02 -0.26 0.26  -0.67 0.51 10.28  91.44 91.73 90.07 
19.77 2.88 3.99 -0.01  1.25 -0.44 0.37  -0.71 0.51 10.12  91.34 91.72 90.08 
19.87 3.04 3.68 0.16  0.99 -0.39 0.32  -0.67 0.55 10.36  91.32 91.60 90.09 
19.97 3.49 3.92 0.66  1.30 -0.47 0.40  -0.71 0.63 10.28  91.34 91.73 90.04 
20.07 3.26 3.69 0.21  0.93 -0.46 0.37  -0.67 0.59 10.32  91.43 91.62 90.07 
20.18 3.05 3.69 -0.49  1.08 -0.27 0.27  -0.67 0.55 10.32  91.43 91.52 90.05 
20.28 3.28 3.71 -0.13  0.93 -0.57 0.32  -0.67 0.59 10.28  91.52 91.61 90.07 
20.38 3.05 3.69 0.21  0.97 -0.50 0.27  -0.67 0.55 10.32  91.32 91.60 90.05 
20.48 3.08 3.52 0.23  0.75 -0.73 0.55  -0.63 0.55 10.20  91.44 91.73 90.07 
20.58 3.29 3.50 0.42  1.21 -0.60 0.41  -0.63 0.59 10.24  91.24 91.62 90.08 
20.68 3.28 3.71 0.43  0.47 -0.72 0.37  -0.67 0.59 10.28  91.33 91.71 90.07 
20.78 3.06 3.49 -0.50  0.54 -0.78 0.39  -0.63 0.55 10.28  91.33 91.71 90.06 
20.88 3.06 3.71 -0.05  0.83 -0.71 0.31  -0.67 0.55 10.28  91.44 91.25 90.06 
20.98 3.05 3.69 0.13  1.16 -0.61 0.43  -0.67 0.55 10.32  91.45 91.64 90.06 
21.08 3.71 4.14 1.13  0.46 -0.58 0.42  -0.75 0.67 10.28  91.33 91.81 90.06 
21.18 3.06 3.71 0.43  0.85 -0.54 0.37  -0.67 0.55 10.28  91.34 91.62 90.07 
21.28 2.83 3.69 0.03  1.02 -0.39 0.30  -0.67 0.51 10.32  91.33 91.61 90.08 
21.38 3.28 3.71 -0.41  0.78 -0.74 0.41  -0.67 0.59 10.28  91.34 91.72 90.08 
21.48 3.47 3.68 0.07  0.92 -0.72 0.39  -0.67 0.63 10.36  91.33 91.52 90.07 
21.59 2.86 3.74 -0.06  1.09 -0.56 0.35  -0.67 0.51 10.20  91.33 91.71 90.05 
21.69 3.06 3.92 0.67  1.02 -0.67 0.46  -0.71 0.55 10.28  91.34 91.62 90.08 
21.79 3.07 3.94 0.45  1.20 -0.51 0.39  -0.71 0.55 10.24  91.63 91.81 90.09 
21.89 2.86 3.74 -0.09  0.60 -0.76 0.49  -0.67 0.51 10.20  91.33 91.61 90.07 
21.99 2.85 4.16 -0.36  0.83 -0.88 0.50  -0.75 0.51 10.24  91.24 91.81 90.09 
22.09 3.05 3.69 -0.27  1.03 -0.46 0.48  -0.67 0.55 10.32  91.24 91.71 90.08 
22.19 3.25 3.68 0.43  1.01 -0.66 0.32  -0.67 0.59 10.36  91.25 91.92 90.07 
22.29 3.48 3.47 1.07  1.28 -0.26 0.41  -0.63 0.63 10.32  91.44 91.73 90.07 
22.39 3.48 3.47 0.44  1.21 -0.59 0.43  -0.63 0.63 10.32  91.24 91.72 90.07 
22.49 3.06 3.71 0.18  0.97 -0.48 0.38  -0.67 0.55 10.28  91.33 91.52 90.07 
22.59 2.63 3.50 -0.46  0.87 -0.53 0.49  -0.63 0.47 10.24  91.43 91.52 90.07 
22.69 2.85 3.50 -0.11  0.81 -0.45 0.32  -0.63 0.51 10.24  91.52 91.52 90.04 
22.79 3.51 3.94 0.57  0.63 -0.70 0.34  -0.71 0.63 10.24  91.44 91.62 90.06 
22.89 3.06 3.71 0.27  0.98 -0.53 0.43  -0.67 0.55 10.28  91.24 91.52 90.07 
23.00 3.26 3.91 0.27  0.74 -0.76 0.43  -0.71 0.59 10.32  91.43 91.43 90.06 
23.10 3.24 3.45 -0.56  0.60 -0.64 0.37  -0.63 0.59 10.40  91.41 91.51 90.06 
23.20 3.46 3.88 -0.12  0.81 -0.67 0.29  -0.71 0.63 10.40  91.33 91.71 90.06 
23.30 3.29 3.94 0.13  0.95 -0.76 0.39  -0.71 0.59 10.24  91.23 91.42 90.08 
23.40 3.29 4.16 0.51  0.74 -0.81 0.41  -0.75 0.59 10.24  91.33 91.71 90.07 
23.50 2.87 4.19 0.23  1.27 -0.11 0.42  -0.75 0.51 10.16  91.34 91.91 90.08 
23.60 3.29 3.50 -0.04  0.88 -0.38 0.33  -0.63 0.59 10.24  91.34 91.53 90.06 
23.70 3.90 4.54 -0.11  1.15 -0.61 0.23  -0.82 0.71 10.36  91.34 91.72 90.04 
23.80 3.09 4.41 0.18  0.95 -0.49 0.34  -0.78 0.55 10.16  91.35 91.73 90.07 
23.90 3.02 3.88 0.03  0.63 -0.53 0.42  -0.71 0.55 10.40  91.74 91.45 90.07 
24.00 2.82 3.46 0.52  0.76 -0.74 0.34  -0.63 0.51 10.36  91.12 91.67 90.07 
24.10 2.92 3.59 0.07  0.60 -0.50 0.39  -0.63 0.51 10.00  91.12 91.30 90.07 
24.20 3.74 3.73 0.41  1.12 -0.53 0.31  -0.67 0.67 10.20  91.73 91.63 90.07 
24.30 3.05 3.69 -0.52  0.70 -0.50 0.36  -0.67 0.55 10.32  91.25 91.63 90.05 
24.41 3.29 3.94 0.03  0.61 -0.71 0.20  -0.71 0.59 10.24  90.93 91.68 90.05 
24.51 3.28 3.92 0.44  1.09 -0.28 0.27  -0.71 0.59 10.28  91.34 91.62 90.07 
24.61 3.29 3.72 0.61  0.76 -0.56 0.24  -0.67 0.59 10.24  91.44 91.62 90.04 
24.71 2.39 3.90 0.03  0.83 -0.22 0.39  -0.71 0.43 10.36  91.04 91.70 90.07 
24.81 3.08 3.52 0.15  0.83 -0.61 0.34  -0.63 0.55 10.20  91.34 91.53 90.06 
24.91 2.85 4.16 -0.14  0.88 -0.58 0.38  -0.75 0.51 10.24  91.42 91.71 90.05 
25.01 5.34 4.65 1.31  0.53 -0.67 0.31  -0.82 0.94 10.08  91.73 90.97 90.07 
25.11 2.88 4.21 0.52  0.93 -0.25 0.44  -0.75 0.51 10.12  91.40 91.77 90.08 
25.22 1.73 4.53 -0.16  0.72 -0.31 0.25  -0.82 0.31 10.40  87.46 89.58 90.07 
25.34 3.28 3.71 0.20  0.87 -0.56 0.34  -0.67 0.59 10.28  91.43 91.62 90.06 
25.47 2.84 3.93 -0.53  1.00 -0.50 0.43  -0.71 0.51 10.28  91.24 91.71 90.07 
25.60 3.93 3.70 0.40  0.85 -0.39 0.32  -0.67 0.71 10.28  91.71 91.62 90.05 
25.73 3.05 3.91 0.37  0.87 -0.49 0.42  -0.71 0.55 10.32  91.33 91.71 90.07 
25.83 3.30 3.73 0.69  0.95 -0.52 0.31  -0.67 0.59 10.20  91.44 91.53 90.05 
25.93 3.44 3.65 0.28  0.81 -0.51 0.42  -0.67 0.63 10.43  91.33 91.71 90.08 
26.03 2.85 3.94 -0.49  0.77 -0.64 0.30  -0.71 0.51 10.24  91.52 91.52 90.06 
26.13 3.28 3.27 0.06  0.81 -0.74 0.37  -0.59 0.59 10.28  91.33 91.71 90.07 
26.23 3.28 3.49 -0.05  0.62 -0.44 0.40  -0.63 0.59 10.28  91.43 91.62 90.07 
26.33 3.26 3.69 0.42  0.75 -0.75 0.26  -0.67 0.59 10.32  91.44 91.72 90.05 
26.43 2.83 3.91 0.18  0.58 -0.83 0.35  -0.71 0.51 10.32  91.15 91.53 90.07 
26.53 3.06 3.92 -0.10  0.77 -0.59 0.42  -0.71 0.55 10.28  91.44 91.72 90.06 
26.63 3.29 3.72 -0.31  0.86 -0.51 0.43  -0.67 0.59 10.24  91.44 91.63 90.06 
26.74 3.08 3.74 0.28  1.02 -0.60 0.46  -0.67 0.55 10.20  91.42 91.61 90.07 
26.84 3.49 4.14 0.91  1.10 -0.60 0.31  -0.75 0.63 10.28  91.33 91.62 90.04 
26.94 2.83 3.91 0.38  1.09 -0.45 0.26  -0.71 0.51 10.32  91.43 91.81 90.04 
27.04 3.05 3.48 0.24  0.70 -0.35 0.40  -0.63 0.55 10.32  91.43 91.71 90.07 
27.14 3.29 3.28 0.21  0.91 -0.49 0.45  -0.59 0.59 10.24  91.44 91.53 90.05 
27.24 3.06 3.49 -0.09  0.74 -0.62 0.48  -0.63 0.55 10.28  91.42 91.89 90.07 
27.34 3.06 3.71 0.11  0.95 -0.55 0.39  -0.67 0.55 10.28  91.33 91.52 90.08 
27.44 3.30 3.52 0.42  1.08 -0.81 0.37  -0.63 0.59 10.20  91.34 91.82 90.07 
27.54 3.30 3.52 0.69  0.88 -0.39 0.25  -0.63 0.59 10.20  91.43 91.71 90.05 
27.64 3.29 3.72 0.29  0.64 -0.39 0.28  -0.67 0.59 10.24  91.24 91.62 90.05 
27.74 3.28 3.71 0.16  0.85 -0.36 0.32  -0.67 0.59 10.28  91.33 91.81 90.07 
27.84 3.07 3.72 -0.24  1.00 -0.60 0.30  -0.67 0.55 10.24  91.15 91.63 90.07 
27.94 3.08 4.17 -0.04  0.88 -0.49 0.37  -0.75 0.55 10.20  91.44 91.62 90.05 
28.04 3.05 3.91 0.71  1.10 -0.55 0.39  -0.71 0.55 10.32  91.33 91.52 90.04 
28.14 3.09 3.97 0.35  0.75 -0.78 0.32  -0.71 0.55 10.16  91.33 91.42 90.06 
28.25 3.28 3.71 -0.06  0.88 -0.46 0.35  -0.67 0.59 10.28  91.42 91.51 90.08 
28.35 3.06 3.92 -0.58  0.77 -0.71 0.29  -0.71 0.55 10.28  91.44 91.81 90.05 
28.45 3.28 4.14 -0.05  0.62 -0.72 0.47  -0.75 0.59 10.28  91.42 91.61 90.05 
28.55 3.49 3.92 0.53  1.06 -0.60 0.50  -0.71 0.63 10.28  91.33 91.61 90.08 
28.65 3.30 3.52 0.62  1.01 -0.73 0.36  -0.63 0.59 10.20  91.52 91.71 90.05 
28.75 3.08 3.74 0.13  0.58 -0.66 0.32  -0.67 0.55 10.20  91.43 91.62 90.04 
28.85 3.25 3.89 0.13  0.67 -0.62 0.18  -0.71 0.59 10.36  91.24 91.62 90.07 
28.95 3.08 3.95 0.07  0.88 -0.60 0.40  -0.71 0.55 10.20  91.44 91.72 90.05 
29.05 3.07 3.50 0.16  1.37 -0.67 0.33  -0.63 0.55 10.24  91.51 91.69 90.07 
29.15 2.86 3.52 -0.02  1.02 -0.48 0.27  -0.63 0.51 10.20  91.44 91.53 90.05 
29.25 3.31 4.41 0.96  1.23 -0.62 0.43  -0.78 0.59 10.16  91.42 91.51 90.07 
29.35 3.49 3.92 0.33  0.82 -0.42 0.42  -0.71 0.63 10.28  91.24 91.62 90.07 
29.45 3.29 3.94 0.22  0.90 -0.28 0.37  -0.71 0.59 10.24  91.33 91.52 90.07 
29.55 3.52 4.17 0.30  0.81 -0.14 0.44  -0.75 0.63 10.20  91.54 91.82 90.08 
29.65 3.26 3.69 0.21  1.01 -0.20 0.43  -0.67 0.59 10.32  91.34 91.62 90.09 
29.76 3.04 3.03 0.08  1.04 -0.43 0.37  -0.55 0.55 10.36  91.42 91.61 90.08 
29.86 3.04 3.68 0.29  1.17 -0.40 0.41  -0.67 0.55 10.36  91.42 91.71 90.07 
29.96 3.06 3.71 -0.06  0.74 -0.23 0.37  -0.67 0.55 10.28  91.61 91.80 90.06 
30.06 3.09 3.97 -0.13  1.05 -0.70 0.31  -0.71 0.55 10.16  91.35 91.73 90.05 
30.16 2.84 3.93 -0.47  1.15 -0.53 0.30  -0.71 0.51 10.28  91.23 91.71 90.05 
30.26 3.06 3.71 -0.04  0.88 -0.48 0.44  -0.67 0.55 10.28  91.33 91.62 90.08 
30.36 3.26 4.13 0.83  0.87 -0.84 0.37  -0.75 0.59 10.32  91.43 91.71 90.07 
30.46 3.08 3.74 0.28  0.73 -0.49 0.32  -0.67 0.55 10.20  91.23 91.61 90.07 
30.56 2.82 4.11 0.42  1.00 -0.77 0.37  -0.75 0.51 10.36  91.42 91.71 90.03 
30.66 3.06 3.49 -0.59  0.95 -0.36 0.33  -0.63 0.55 10.28  91.43 91.62 90.07 
30.76 2.64 3.52 -0.40  0.59 -0.36 0.36  -0.63 0.47 10.20  91.42 91.61 90.07 
30.86 3.05 3.69 0.22  0.48 -0.64 0.46  -0.67 0.55 10.32  91.33 91.61 90.08 
30.96 3.29 3.28 0.32  0.88 -0.54 0.33  -0.59 0.59 10.24  91.23 91.52 90.05 
31.06 3.30 3.52 0.14  0.64 -0.76 0.42  -0.63 0.59 10.20  91.42 91.61 90.06 
31.17 2.83 3.48 -0.06  0.76 -0.41 0.46  -0.63 0.51 10.32  91.33 91.61 90.07 
31.27 3.07 3.72 -0.68  1.19 -0.39 0.34  -0.67 0.55 10.24  91.33 91.71 90.08 
31.37 2.84 3.93 0.23  0.86 -0.51 0.27  -0.71 0.51 10.28  91.24 91.81 90.06 
31.47 3.26 3.91 0.12  1.09 -0.43 0.39  -0.71 0.59 10.32  91.33 91.61 90.04 
31.57 2.83 3.91 0.50  0.72 -0.49 0.49  -0.71 0.51 10.32  91.24 91.52 90.09 
31.67 3.29 3.50 0.19  1.05 -0.39 0.31  -0.63 0.59 10.24  91.25 91.73 90.04 
31.77 3.31 3.53 0.09  1.01 -0.36 0.51  -0.63 0.59 10.16  91.42 91.42 90.07 
31.87 3.30 3.95 -0.33  0.53 -0.44 0.27  -0.71 0.59 10.20  91.52 91.61 90.06 
31.97 3.29 3.94 0.09  0.92 -0.36 0.41  -0.71 0.59 10.24  91.42 91.80 90.05 
32.07 3.30 3.95 0.29  1.00 -0.56 0.40  -0.71 0.59 10.20  91.23 91.80 90.07 
32.18 3.29 3.50 0.47  0.72 -0.72 0.44  -0.63 0.59 10.24  91.63 91.53 90.07 
32.28 3.05 3.91 0.37  0.99 -0.52 0.31  -0.71 0.55 10.32  91.44 91.62 90.06 
32.38 3.49 3.71 0.21  0.87 -0.35 0.32  -0.67 0.63 10.28  91.43 91.52 90.06 
32.48 3.29 3.72 -0.06  0.81 -0.65 0.39  -0.67 0.59 10.24  91.33 91.61 90.07 
32.58 2.86 3.74 0.24  1.02 -0.57 0.34  -0.67 0.51 10.20  91.33 91.62 90.06 
32.68 3.05 4.13 0.56  0.57 -0.54 0.38  -0.75 0.55 10.32  91.43 91.71 90.09 
32.79 3.25 3.89 0.68  0.84 -0.53 0.50  -0.71 0.59 10.36  91.34 91.53 90.11 
32.89 3.51 3.72 0.28  1.12 -0.47 0.38  -0.67 0.63 10.24  91.06 91.73 90.06 
32.99 3.29 3.72 0.19  0.95 -0.49 0.37  -0.67 0.59 10.24  91.32 91.61 90.07 
33.09 3.48 3.69 0.21  1.00 -0.59 0.24  -0.67 0.63 10.32  93.41 90.82 90.08 
33.19 2.61 3.91 0.03  1.08 -0.48 0.45  -0.71 0.47 10.32  91.25 91.73 90.07 
33.29 3.04 3.68 0.45  1.17 -0.54 0.41  -0.67 0.55 10.36  91.24 91.62 90.06 
33.39 3.07 3.94 0.19  0.82 -0.74 0.30  -0.71 0.55 10.24  91.23 91.61 90.05 
33.49 3.07 3.94 0.19  0.67 -0.52 0.51  -0.71 0.55 10.24  91.34 91.72 90.09 
33.59 3.05 3.91 -0.40  0.88 -0.46 0.23  -0.71 0.55 10.32  91.33 91.52 90.06 
33.69 3.54 3.75 0.01  0.92 -0.66 0.41  -0.67 0.63 10.16  91.44 91.62 90.05 
33.79 3.28 3.49 -0.12  0.64 -0.34 0.39  -0.63 0.59 10.28  91.42 91.61 90.10 
33.89 3.48 4.12 0.63  0.64 -0.74 0.38  -0.75 0.63 10.32  91.45 91.73 90.07 
33.99 3.07 3.94 0.19  0.82 -0.65 0.30  -0.71 0.55 10.24  91.44 91.72 90.05 
34.10 3.08 3.95 -0.24  0.82 -0.26 0.28  -0.71 0.55 10.20  91.42 91.71 90.07 
34.20 3.48 3.69 -0.19  0.79 -0.25 0.39  -0.67 0.63 10.32  91.51 91.60 90.07 
34.30 3.26 3.91 0.17  0.69 -0.75 0.41  -0.71 0.59 10.32  91.41 91.51 90.08 
34.40 2.85 3.94 0.08  0.82 -0.52 0.51  -0.71 0.51 10.24  91.16 91.93 90.08 
34.50 3.29 3.50 0.86  1.05 -0.38 0.51  -0.63 0.59 10.24  91.43 91.52 90.07 
34.60 2.85 3.72 0.21  0.79 -0.48 0.31  -0.67 0.51 10.24  91.43 91.62 90.06 
34.70 3.29 3.72 0.11  0.97 -0.59 0.39  -0.67 0.59 10.24  91.43 91.62 90.07 
34.81 3.05 3.48 -0.23  1.23 -0.65 0.28  -0.63 0.55 10.32  91.42 91.61 90.06 
34.91 2.82 4.11 0.16  0.79 -0.77 0.30  -0.75 0.51 10.36  91.23 91.60 90.05 
35.01 3.26 3.91 0.33  0.85 -0.60 0.49  -0.71 0.59 10.32  91.42 91.61 90.07 
35.11 3.08 3.74 0.37  0.85 -0.61 0.35  -0.67 0.55 10.20  91.16 91.54 90.06 
35.21 3.29 3.72 0.22  0.51 -0.50 0.34  -0.67 0.59 10.24  91.44 91.73 90.07 
35.31 3.05 3.69 -0.14  0.82 -0.57 0.40  -0.67 0.55 10.32  91.34 91.62 90.07 
35.41 2.63 4.38 -0.14  0.72 -0.67 0.31  -0.78 0.47 10.24  91.34 91.72 90.05 
35.52 2.84 3.71 0.12  0.76 -0.80 0.45  -0.67 0.51 10.28  91.24 91.62 90.08 
35.62 3.06 3.71 0.51  1.09 -0.48 0.46  -0.67 0.55 10.28  91.53 91.81 90.06 
35.72 3.29 3.94 0.13  0.87 -0.56 0.32  -0.71 0.59 10.24  91.33 91.52 90.10 
35.82 2.84 4.14 0.15  0.94 -0.60 0.33  -0.75 0.51 10.28  91.24 91.62 90.08 
35.92 3.06 3.27 -0.44  1.32 -0.86 0.23  -0.59 0.55 10.28  91.23 91.70 90.02 
36.02 2.84 3.71 -0.54  0.89 -0.57 0.33  -0.67 0.51 10.28  91.42 91.61 90.07 
36.12 3.08 3.95 0.13  0.84 -0.68 0.40  -0.71 0.55 10.20  91.34 91.43 90.04 
36.22 3.06 4.14 0.31  0.79 -0.63 0.37  -0.75 0.55 10.28  91.33 91.81 90.06 
36.32 3.07 4.16 0.30  1.08 -0.41 0.32  -0.75 0.55 10.24  91.44 91.73 90.05 
36.42 3.23 3.65 0.15  0.68 -0.42 0.32  -0.67 0.59 10.43  91.53 91.62 90.04 
36.52 3.71 3.27 -0.54  0.88 -0.66 0.39  -0.59 0.67 10.28  91.62 91.43 90.05 
36.62 2.81 3.88 -0.21  1.08 -0.46 0.28  -0.71 0.51 10.40  91.34 91.73 90.04 
36.72 3.26 3.69 0.46  0.71 -0.55 0.46  -0.67 0.59 10.32  91.42 91.61 90.08 
36.83 3.07 3.50 -0.01  0.92 -0.61 0.33  -0.63 0.55 10.24  91.34 91.53 90.06 
36.93 3.05 3.69 0.08  0.80 -0.52 0.35  -0.67 0.55 10.32  91.33 91.61 90.07 
37.04 3.05 3.48 -0.61  1.31 -0.68 0.33  -0.63 0.55 10.32  91.33 91.52 90.07 
37.14 3.29 3.28 -0.42  0.81 -0.71 0.32  -0.59 0.59 10.24  91.43 91.52 90.07 
37.24 3.33 4.20 0.20  0.74 -0.58 0.51  -0.75 0.59 10.12  91.41 91.60 90.08 
37.34 3.06 3.71 0.73  0.81 -0.60 0.35  -0.67 0.55 10.28  91.34 91.73 90.05 
37.44 3.29 3.72 0.18  1.22 -0.33 0.32  -0.67 0.59 10.24  91.44 91.53 90.05 
37.54 2.79 3.64 0.15  1.16 -0.25 0.37  -0.67 0.51 10.47  91.13 91.69 90.07 
37.65 3.05 3.69 -0.22  0.88 -0.29 0.40  -0.67 0.55 10.32  91.44 91.72 90.06 
37.75 3.26 3.69 -0.03  0.82 -0.33 0.37  -0.67 0.59 10.32  91.42 91.80 90.08 
37.85 3.26 4.13 0.13  1.07 -0.66 0.49  -0.75 0.59 10.32  91.43 91.62 90.06 
37.95 3.05 3.69 0.60  1.21 -0.34 0.28  -0.67 0.55 10.32  91.41 91.59 90.07 
38.05 3.08 3.52 -0.06  0.88 -0.78 0.58  -0.63 0.55 10.20  91.42 91.51 90.08 
38.15 3.74 3.95 0.29  0.97 -0.78 0.45  -0.71 0.67 10.20  91.25 91.53 90.07 
38.25 3.06 3.49 -0.18  1.01 -0.39 0.45  -0.63 0.55 10.28  91.45 91.83 90.05 
38.35 3.51 3.94 0.12  0.74 -0.56 0.25  -0.71 0.63 10.24  91.53 91.72 90.05 
38.46 3.49 4.14 0.51  1.07 -0.63 0.47  -0.75 0.63 10.28  91.32 91.79 90.07 
38.56 3.08 3.95 0.41  1.36 -0.20 0.32  -0.71 0.55 10.20  91.23 91.80 90.06 
38.66 3.06 3.49 0.24  1.01 -0.32 0.38  -0.63 0.55 10.28  91.33 91.61 90.06 
38.76 3.07 3.72 -0.72  0.92 -0.34 0.25  -0.67 0.55 10.24  91.42 91.71 90.07 
38.86 3.28 3.71 -0.07  1.02 -0.46 0.38  -0.67 0.59 10.28  91.33 91.71 90.06 
38.96 3.30 3.52 0.22  0.77 -0.81 0.52  -0.63 0.59 10.20  91.32 91.51 90.07 
39.06 3.25 4.11 0.63  0.98 -0.34 0.28  -0.75 0.59 10.36  91.23 91.52 90.03 
39.16 3.30 3.73 0.17  0.86 -0.60 0.42  -0.67 0.59 10.20  91.44 91.82 90.06 
39.27 3.05 3.48 0.16  0.73 -0.38 0.34  -0.63 0.55 10.32  91.24 91.62 90.06 
39.37 2.85 3.72 -0.45  0.94 -0.46 0.21  -0.67 0.51 10.24  91.33 91.61 90.06 
39.47 3.05 3.69 0.01  0.85 -0.39 0.40  -0.67 0.55 10.32  91.35 91.73 90.05 
39.57 3.08 3.74 0.30  0.44 -0.86 0.33  -0.67 0.55 10.20  91.32 91.51 90.06 
39.67 3.07 3.94 0.37  0.52 -0.75 0.42  -0.71 0.55 10.24  91.33 91.62 90.06 
39.77 3.07 3.72 0.35  1.02 -0.64 0.46  -0.67 0.55 10.24  91.23 91.52 90.07 
39.87 3.48 3.47 -0.37  1.15 -0.46 0.31  -0.63 0.63 10.32  91.32 91.61 90.06 
39.97 3.26 3.69 -0.44  0.99 -0.65 0.44  -0.67 0.59 10.32  91.51 91.50 90.09 
40.07 2.83 3.69 -0.11  0.95 -0.52 0.39  -0.67 0.51 10.32  91.42 91.42 90.07 
40.18 3.28 3.71 0.24  1.05 -0.26 0.18  -0.67 0.59 10.28  91.33 91.52 90.07 
40.28 2.62 3.71 0.36  0.88 -0.53 0.26  -0.67 0.47 10.28  91.33 91.62 90.07 
40.38 3.31 3.97 0.16  0.67 -0.38 0.42  -0.71 0.59 10.16  91.53 91.62 90.08 
40.48 2.85 3.50 -0.15  0.95 -0.33 0.34  -0.63 0.51 10.24  91.33 91.61 90.06 
40.58 2.87 3.31 -0.53  1.03 -0.39 0.36  -0.59 0.51 10.16  91.34 91.63 90.07 
40.68 3.26 4.13 0.26  1.04 -0.68 0.33  -0.75 0.59 10.32  91.24 91.62 90.08 
40.79 3.48 3.69 0.79  0.89 -0.70 0.33  -0.67 0.63 10.32  91.64 91.54 90.06 
40.89 3.05 3.91 0.23  0.75 -0.45 0.23  -0.71 0.55 10.32  91.33 91.71 90.05 
40.99 2.84 3.93 0.03  0.66 -0.73 0.42  -0.71 0.51 10.28  91.24 91.71 90.07 
41.09 2.38 4.10 -0.61  0.53 -0.43 0.44  -0.75 0.43 10.40  91.13 91.50 90.06 
41.19 3.06 3.92 -0.03  0.92 -0.28 0.32  -0.71 0.55 10.28  91.44 91.72 90.05 
41.29 3.08 4.17 0.18  1.13 -0.33 0.39  -0.75 0.55 10.20  91.34 91.62 90.08 
41.39 3.07 3.94 0.62  0.82 -0.70 0.25  -0.71 0.55 10.24  91.43 91.62 90.05 
41.49 3.29 3.72 0.06  1.00 -0.44 0.44  -0.67 0.59 10.24  91.33 91.61 90.08 
41.59 3.30 3.95 0.28  0.68 -0.84 0.41  -0.71 0.59 10.20  91.44 91.73 90.07 
41.70 3.29 3.72 -0.47  0.71 -0.62 0.38  -0.67 0.59 10.24  91.24 91.53 90.05 
41.80 2.84 3.71 -0.27  0.75 -0.46 0.39  -0.67 0.51 10.28  91.24 91.71 90.08 
41.90 3.26 3.48 0.23  0.78 -0.25 0.32  -0.63 0.59 10.32  91.44 91.72 90.07 
42.00 2.83 3.91 0.12  0.98 -0.47 0.28  -0.71 0.51 10.32  91.33 91.61 90.06 
42.10 3.80 3.79 0.21  0.81 -0.73 0.38  -0.67 0.67 10.04  91.63 91.72 90.07 
42.20 3.49 3.92 -0.16  0.85 -0.28 0.32  -0.71 0.63 10.28  91.34 91.62 90.06 
42.30 3.28 3.49 -0.43  0.95 -0.64 0.37  -0.63 0.59 10.28  91.34 91.62 90.04 
42.40 3.73 3.94 0.22  0.74 -0.36 0.40  -0.71 0.67 10.24  91.33 91.52 90.07 
42.50 2.83 3.48 -0.14  0.82 -0.42 0.36  -0.63 0.51 10.32  91.42 91.79 90.05 
42.60 3.07 3.72 0.11  0.65 -0.58 0.28  -0.67 0.55 10.24  91.44 91.62 90.06 
42.70 3.12 4.00 0.48  0.44 -0.53 0.39  -0.71 0.55 10.08  91.33 91.62 90.07 
42.81 3.06 4.36 0.08  0.96 -0.69 0.43  -0.78 0.55 10.28  91.52 91.71 90.09 
42.91 3.29 3.50 -0.03  0.85 -0.50 0.42  -0.63 0.59 10.24  91.33 91.62 90.06 
43.01 3.49 3.92 0.17  0.75 -0.74 0.53  -0.71 0.63 10.28  91.44 91.72 90.08 
43.11 2.85 4.16 0.77  1.16 -0.46 0.24  -0.75 0.51 10.24  91.42 91.71 90.04 
43.21 3.29 3.72 0.30  0.84 -0.70 0.48  -0.67 0.59 10.24  91.34 91.82 90.08 
43.31 2.84 3.93 -0.31  0.81 -0.32 0.38  -0.71 0.51 10.28  91.42 91.61 90.06 
43.41 3.26 3.91 -0.40  0.93 -0.68 0.46  -0.71 0.59 10.32  91.34 91.81 90.07 
43.52 3.08 3.74 -0.33  0.34 -0.96 0.50  -0.67 0.55 10.20  91.42 91.51 90.09 
43.62 2.97 4.23 0.23  0.75 -0.50 0.42  -0.78 0.55 10.59  91.94 91.74 90.08 
43.72 3.08 3.52 0.85  1.02 -0.50 0.37  -0.63 0.55 10.20  91.43 91.62 90.07 
43.82 3.29 3.94 0.34  0.49 -0.68 0.37  -0.71 0.59 10.24  91.44 91.53 90.08 
43.92 3.06 3.71 0.15  0.91 -0.70 0.25  -0.67 0.55 10.28  91.34 91.62 90.07 
44.02 3.06 3.92 -0.29  0.88 -0.42 0.41  -0.71 0.55 10.28  91.43 91.71 90.06 
44.12 3.07 3.94 0.19  0.99 -0.58 0.30  -0.71 0.55 10.24  91.15 91.53 90.06 
44.22 3.31 3.75 0.45  0.78 -0.38 0.42  -0.67 0.59 10.16  91.25 91.53 90.05 
44.33 3.98 3.31 0.41  0.81 -0.63 0.35  -0.59 0.71 10.16  91.23 91.61 90.06 
44.43 3.08 3.74 -0.09  0.78 -0.25 0.46  -0.67 0.55 10.20  91.42 91.52 90.06 
44.53 2.64 3.96 -0.40  0.73 -0.59 0.46  -0.71 0.47 10.20  91.41 91.97 90.05 
44.63 2.78 3.41 -0.09  0.99 -0.31 0.19  -0.63 0.51 10.51  91.60 91.69 90.04 
44.73 2.85 4.38 0.08  0.46 -0.51 0.34  -0.78 0.51 10.24  91.34 91.63 90.05 
44.83 3.25 3.68 0.08  1.01 -0.48 0.37  -0.67 0.59 10.36  91.44 91.53 90.07 
44.94 4.50 3.59 0.65  1.01 -0.38 0.32  -0.63 0.78 9.96  91.71 91.99 90.07 
45.04 3.25 3.25 0.62  0.76 -0.72 0.46  -0.59 0.59 10.36  91.49 91.86 90.06 
45.14 3.06 3.71 -0.44  0.86 -0.31 0.28  -0.67 0.55 10.28  91.42 91.51 90.05 
45.24 3.06 3.49 -0.36  0.88 -0.73 0.46  -0.63 0.55 10.28  91.23 91.61 90.08 
45.34 2.83 3.69 -0.17  0.67 -0.59 0.45  -0.67 0.51 10.32  91.24 91.62 90.07 
45.44 3.30 3.95 0.51  1.01 -0.30 0.35  -0.71 0.59 10.20  91.33 91.52 90.07 
45.54 3.28 3.92 0.23  1.30 -0.82 0.37  -0.71 0.59 10.28  91.54 91.72 90.07 
45.64 3.06 3.27 0.12  1.35 -0.33 0.33  -0.59 0.55 10.28  91.52 91.71 90.06 
45.75 3.30 3.73 -0.38  0.96 -0.56 0.44  -0.67 0.59 10.20  91.33 91.52 90.06 
45.85 2.84 3.93 -0.11  1.04 -0.71 0.33  -0.71 0.51 10.28  91.53 91.62 90.05 
45.95 2.85 3.72 0.49  1.08 -0.50 0.23  -0.67 0.51 10.24  91.33 91.81 90.06 
46.05 3.31 3.75 0.90  0.95 -0.53 0.35  -0.67 0.59 10.16  91.34 91.92 90.06 
46.15 3.28 3.71 0.21  0.77 -0.44 0.45  -0.67 0.59 10.28  91.42 91.70 90.06 
46.25 3.06 3.92 -0.18  0.90 -0.65 0.32  -0.71 0.55 10.28  91.23 91.61 90.06 
46.36 3.06 3.71 0.17  0.84 -0.19 0.30  -0.67 0.55 10.28  91.33 91.62 90.05 
46.46 2.85 2.85 -0.29  0.95 -0.49 0.42  -0.51 0.51 10.24  91.71 91.42 90.06 
46.56 3.48 3.69 0.64  0.91 -0.45 0.24  -0.67 0.63 10.32  91.67 91.76 90.06 
46.66 3.28 4.14 0.64  0.87 -0.36 0.32  -0.75 0.59 10.28  91.15 91.73 90.06 
46.76 2.86 3.52 -0.06  0.88 -0.51 0.21  -0.63 0.51 10.20  91.52 91.52 90.04 
46.86 3.08 3.74 -0.88  0.94 -0.31 0.46  -0.67 0.55 10.20  91.33 91.62 90.07 
46.96 3.29 3.72 -0.05  0.88 -0.38 0.32  -0.67 0.59 10.24  91.34 91.63 90.08 
47.06 3.33 3.98 0.49  0.98 -0.44 0.30  -0.71 0.59 10.12  91.44 91.91 90.05 
47.19 3.81 3.81 0.52  0.66 -0.47 0.44  -0.67 0.67 10.00  91.66 91.66 90.08 
47.32 5.09 2.82 0.73  0.86 -0.60 0.33  -0.59 1.06 11.89  92.22 91.23 90.06 
47.45 3.29 4.16 -0.07  1.02 -0.42 0.34  -0.75 0.59 10.24  91.44 91.81 90.06 
47.57 9.59 4.51 3.04  0.73 -0.62 0.32  -0.71 1.49 8.83  94.18 91.97 90.06 
47.68 3.33 3.10 -0.22  0.81 -0.63 0.33  -0.55 0.59 10.12  91.26 91.74 90.06 
47.78 3.06 3.92 0.58  1.23 -0.74 0.45  -0.71 0.55 10.28  91.12 91.31 90.06 
47.88 3.06 3.92 0.14  0.99 -0.71 0.36  -0.71 0.55 10.28  91.44 91.81 90.08 
47.98 3.04 3.68 -0.31  0.48 -0.62 0.33  -0.67 0.55 10.36  91.01 91.66 90.07 
48.08 2.86 4.83 -0.36  0.80 -0.93 0.39  -0.86 0.51 10.20  92.01 91.81 90.04 
48.18 5.91 -3.63 -1.20  0.82 -0.42 0.37  0.63 1.02 9.85  89.19 92.65 90.06 
48.28 4.21 4.20 1.23  1.03 -0.51 0.34  -0.75 0.75 10.12  91.65 91.74 90.05 
48.38 4.09 3.43 0.85  0.84 -0.61 0.39  -0.63 0.75 10.43  91.35 91.08 90.07 
48.49 4.04 3.58 0.84  1.11 -0.47 0.45  -0.63 0.71 10.00  90.28 91.04 90.05 
48.59 3.12 3.34 -0.17  0.98 -0.25 0.45  -0.59 0.55 10.08  91.34 91.53 90.05 
48.69 3.01 3.87 -0.44  0.70 -0.37 0.25  -0.71 0.55 10.43  91.14 91.70 90.04 
48.79 3.07 2.41 -0.27  0.79 -0.45 0.35  -0.43 0.55 10.24  91.34 91.05 90.06 
48.89 2.80 2.79 0.37  0.67 -0.76 0.39  -0.51 0.51 10.43  91.22 91.22 90.07 
48.99 7.43 2.47 1.62  0.63 -0.52 0.37  -0.39 1.18 9.02  91.90 91.90 90.06 
49.09 9.65 2.11 2.75  0.44 -0.60 0.36  -0.35 1.61 9.45  92.30 92.39 90.06 
49.20 1.78 3.99 -1.07  0.88 -0.38 0.33  -0.71 0.31 10.12  91.45 91.83 90.07 
49.30 2.27 6.56 0.24  0.67 -0.76 0.42  -1.26 0.43 10.90  92.54 90.59 90.04 
49.40 3.14 4.81 0.62  0.32 -0.62 0.38  -0.90 0.59 10.71  91.42 91.51 90.05 
49.50 5.17 5.58 1.85  0.92 -0.46 0.29  -1.02 0.94 10.40  91.54 91.35 90.04 
49.60 2.01 3.13 -0.45  1.16 -0.39 0.21  -0.55 0.35 10.04  90.93 91.39 90.06 
49.70 3.71 4.14 0.56  0.59 -0.78 0.37  -0.75 0.67 10.28  91.34 91.53 90.06 
49.80 3.76 3.53 -0.28  0.65 -0.60 0.44  -0.63 0.67 10.16  91.15 91.53 90.07 
49.91 -0.19 3.89 -1.14  0.78 -0.41 0.31  -0.78 -0.04 11.53  93.82 92.29 90.07 
50.01 3.54 3.97 0.59  0.87 -0.26 0.26  -0.71 0.63 10.16  91.98 91.58 90.05 
50.11 2.61 3.91 0.17  0.82 -0.40 0.39  -0.71 0.47 10.32  91.33 91.81 90.08 
50.21 2.61 3.48 -0.17  0.78 -0.63 0.34  -0.63 0.47 10.32  91.09 91.91 90.07 
50.31 3.06 4.14 -0.27  0.74 -0.95 0.39  -0.75 0.55 10.28  91.43 91.71 90.07 
50.41 3.26 3.69 -0.41  1.22 -0.13 0.38  -0.67 0.59 10.32  91.15 91.62 90.06 
50.51 3.29 3.72 0.41  0.67 -0.68 0.37  -0.67 0.59 10.24  91.43 91.62 90.08 
50.62 3.07 3.72 0.80  1.13 -0.25 0.31  -0.67 0.55 10.24  91.15 91.72 90.06 
50.72 3.06 3.49 0.45  0.73 -0.35 0.34  -0.63 0.55 10.28  91.44 91.63 90.07 
50.82 3.07 3.50 0.21  0.79 -0.72 0.44  -0.63 0.55 10.24  91.25 91.53 90.07 
50.92 3.05 3.91 -0.13  1.04 -0.24 0.22  -0.71 0.55 10.32  91.43 91.62 90.07 
51.02 3.08 3.74 -0.14  0.70 -0.62 0.23  -0.67 0.55 10.20  91.25 91.63 90.04 
51.12 2.82 3.68 0.13  0.93 -0.49 0.39  -0.67 0.51 10.36  91.60 91.59 90.07 
51.22 2.83 3.69 0.27  0.94 -0.31 0.33  -0.67 0.51 10.32  91.34 91.92 90.04 
51.32 2.84 3.71 0.09  1.16 -0.55 0.35  -0.67 0.51 10.28  91.42 91.42 90.06 
51.43 2.84 3.93 -0.08  1.11 -0.42 0.31  -0.71 0.51 10.28  91.44 91.62 90.07 
51.53 6.06 3.72 1.03  0.57 -0.52 0.40  -0.63 1.02 9.61  91.09 91.45 90.06 
51.63 4.19 2.34 0.09  2.46 -0.17 0.32  -0.55 0.98 13.38  90.33 91.58 90.05 
51.73 3.06 3.71 0.11  1.21 -0.54 0.33  -0.67 0.55 10.28  91.52 91.81 90.07 
51.83 2.85 3.72 0.49  0.36 -0.81 0.29  -0.67 0.51 10.24  91.24 91.53 90.08 
51.93 3.30 3.73 0.04  1.09 -0.20 0.39  -0.67 0.59 10.20  91.44 91.63 90.07 
52.03 3.05 3.91 0.06  0.88 -0.30 0.25  -0.71 0.55 10.32  91.34 91.63 90.06 
52.13 2.85 3.50 -0.46  1.06 -0.46 0.31  -0.63 0.51 10.24  91.52 91.43 90.08 
52.23 3.20 3.84 0.57  1.06 -0.61 0.33  -0.71 0.59 10.51  91.34 91.44 90.06 
52.33 3.25 3.89 0.34  0.82 -0.39 0.26  -0.71 0.59 10.36  91.34 91.63 90.05 
52.44 3.28 3.71 0.48  0.64 -0.53 0.39  -0.67 0.59 10.28  91.34 91.82 90.06 
52.54 2.49 2.90 -0.11  1.04 -1.37 0.37  -0.55 0.47 10.83  91.43 91.43 90.05 
52.64 -0.56 0.19 -2.73  0.92 -0.46 0.41  -0.04 -0.12 11.96  92.31 93.00 90.07 
52.74 1.71 3.63 -1.05  0.28 -1.62 0.37  -0.67 0.31 10.51  92.52 90.77 90.06 
52.84 4.64 1.98 0.29  0.39 -2.24 0.46  -0.35 0.82 10.16  90.19 90.67 90.08 
52.94 2.80 4.08 0.85  -0.99 -4.03 0.56  -0.75 0.51 10.43  91.13 91.50 90.10 
53.04 3.84 4.73 1.09  0.54 -0.47 0.16  -0.82 0.67 9.92  91.87 91.08 90.03 
53.15 1.08 2.16 -1.05  1.23 -0.24 0.43  -0.39 0.20 10.40  90.76 91.43 90.06 
53.25 3.28 3.92 -0.04  0.93 -0.38 0.81  -0.71 0.59 10.28  91.25 90.87 90.06 
53.35 3.49 3.71 0.43  0.56 -0.75 0.47  -0.67 0.63 10.28  91.37 90.78 90.05 
53.45 2.62 3.27 0.19  1.15 -0.37 0.31  -0.59 0.47 10.28  91.53 91.62 90.08 
53.55 3.46 3.23 0.83  0.60 -0.53 0.38  -0.59 0.63 10.40  91.53 91.43 90.06 
53.65 3.12 2.67 0.18  0.73 -0.59 0.32  -0.47 0.55 10.08  91.36 91.84 90.05 
53.75 0.87 4.80 -0.44  -0.09 -0.23 -0.03  -0.86 0.16 10.28  90.37 91.94 89.98 
53.86 -117.51 21.75 14.35  -145.45 -24.85 -112.23  -7.22 -16.04 -8.36  96.24 113.08 87.37 
53.96 130.29 -7.80 -263.15  96.85 -18.71 84.20  1.80 10.04 -8.51  146.85 86.59 104.70 
54.06 -47.19 12.99 -16.70  -100.98 23.33 14.01  -5.02 -15.97 14.79  94.98 86.25 100.82 
54.16 -0.44 13.25 -3.92  2.13 -3.62 -20.41  -2.39 -0.08 10.16  94.89 94.39 86.79 
54.26 1.80 4.48 -7.98  47.87 -17.00 4.76  -0.78 0.31 10.00  90.00 93.34 90.22 
54.36 3.26 2.21 -8.49  4.63 -3.13 81.65  -0.67 0.98 17.22  42.05 61.45 105.85 
54.46 -23.85 7.03 -4.69  1.58 3.59 2.52  -1.96 -6.43 14.55  87.57 89.81 90.52 
54.57 1.56 0.89 1.37  3.89 2.46 -1.05  -0.16 0.27 10.08  91.70 90.28 89.65 
54.67 1.43 0.24 0.85  -1.35 -5.08 -12.86  -0.04 0.24 9.41  89.76 92.93 87.76 
54.77 1.52 4.55 1.21  -4.68 0.89 7.63  -0.82 0.27 10.36  91.42 91.23 91.21 
54.87 3.05 3.04 1.70  0.80 1.31 1.86  -0.55 0.55 10.32  91.42 91.89 91.09 
54.97 2.40 2.40 1.30  0.83 -1.31 0.20  -0.43 0.43 10.28  89.80 91.08 90.05 
55.07 1.09 2.39 0.43  0.47 -1.20 0.39  -0.43 0.20 10.32  90.87 91.25 90.06 
55.18 1.10 2.19 1.29  -0.64 -2.85 1.14  -0.39 0.20 10.24  90.38 90.77 90.23 
55.28 2.76 0.99 1.55  -7.88 0.14 10.46  -0.20 0.55 11.38  91.21 90.43 91.82 
