0 0 0 3.01 0.00000000 0.00000000 0.00 0.00 0.00 0.07 0.07 -0.02 0.01 -0.01 0.00 93.47 94.03 90.06 
0 0 0 3.19 0.00000000 0.00000000 0.00 0.00 0.00 0.07 0.08 -0.01 0.02 -0.01 0.01 93.82 94.25 90.06 
0 0 0 3.30 0.00000000 0.00000000 0.00 0.00 0.00 0.06 0.07 -0.01 0.01 -0.01 0.00 93.45 94.19 90.04 
0 0 0 3.40 0.00000000 0.00000000 0.00 0.00 0.00 0.07 0.08 0.04 0.01 -0.03 0.00 93.53 94.72 90.04 
0 0 0 3.50 0.00000000 0.00000000 0.00 0.00 0.00 0.06 0.07 -0.01 0.02 -0.01 0.01 93.56 94.16 90.06 
0 0 0 3.60 0.00000000 0.00000000 0.00 0.00 0.00 0.07 0.08 -0.01 0.02 -0.01 0.00 94.18 94.43 90.03 
0 0 0 3.70 0.00000000 0.00000000 0.00 0.00 0.00 0.06 0.09 0.07 0.02 -0.00 0.00 93.07 94.58 90.03 
0 0 0 3.80 0.00000000 0.00000000 0.00 0.00 0.00 0.06 0.08 0.02 0.01 -0.01 0.01 93.52 94.39 90.06 
0 0 0 3.90 0.00000000 0.00000000 0.00 0.00 0.00 0.06 0.08 0.07 0.02 -0.01 0.00 93.53 94.49 90.04 
0 0 0 4.00 0.00000000 0.00000000 0.00 0.00 0.00 0.07 0.09 0.09 0.01 -0.01 0.01 93.39 94.85 90.07 
0 0 0 4.10 0.00000000 0.00000000 0.00 0.00 0.00 0.08 0.09 0.03 0.01 -0.01 0.00 95.29 95.17 90.05 
0 0 0 4.20 0.00000000 0.00000000 0.00 0.00 0.00 0.06 0.07 0.01 0.01 -0.02 0.00 93.04 94.44 90.06 
0 0 0 4.30 0.00000000 0.00000000 0.00 0.00 0.00 0.06 0.06 -0.06 0.02 -0.01 0.00 93.02 93.37 90.04 
0 0 0 4.41 0.00000000 0.00000000 0.00 0.00 0.00 0.07 0.08 0.04 0.02 -0.01 0.00 93.90 94.41 90.06 
0 0 0 4.51 0.00000000 0.00000000 0.00 0.00 0.00 0.06 0.08 0.06 0.02 -0.01 0.00 93.58 94.65 90.03 
0 0 0 4.61 0.00000000 0.00000000 0.00 0.00 0.00 0.05 0.07 -0.01 0.01 -0.00 0.00 93.34 93.73 90.06 
0 0 0 4.71 0.00000000 0.00000000 0.00 0.00 0.00 0.07 0.09 0.08 0.02 0.00 0.00 93.61 94.35 90.01 
0 0 0 4.81 0.00000000 0.00000000 0.00 0.00 0.00 0.06 0.08 0.01 0.02 -0.02 0.00 93.31 94.53 90.06 
0 0 0 4.91 0.00000000 0.00000000 0.00 0.00 0.00 0.06 0.06 -0.08 0.01 -0.02 0.01 93.43 94.33 90.07 
0 0 0 5.01 0.00000000 0.00000000 0.00 0.00 0.00 0.06 0.08 0.04 0.01 -0.01 0.01 93.37 94.11 90.07 
0 0 0 5.11 0.00000000 0.00000000 0.00 0.00 0.00 0.06 0.08 0.03 0.01 -0.01 0.00 93.28 94.51 90.04 
0 0 0 5.21 0.00000000 0.00000000 0.00 0.00 0.00 0.07 0.04 -0.18 0.01 -0.05 0.01 93.81 93.66 90.08 
0 0 0 5.31 0.00000000 0.00000000 0.00 0.00 0.00 0.05 0.05 -0.04 -0.00 -0.05 0.01 92.94 93.66 90.07 
0 0 0 5.41 0.00000000 0.00000000 0.00 0.00 0.00 0.03 0.08 0.08 0.03 0.02 0.00 93.23 94.65 90.01 
0 0 0 5.51 0.00000000 0.00000000 0.00 0.00 0.00 0.07 0.07 -0.05 0.02 -0.02 0.00 93.87 94.13 90.04 
0 0 0 5.62 0.00000000 0.00000000 0.00 0.00 0.00 0.06 0.08 0.02 0.02 -0.01 0.00 93.45 94.35 90.03 
0 0 0 5.72 0.00000000 0.00000000 0.00 0.00 0.00 0.06 0.08 0.09 0.01 -0.01 0.00 93.50 94.11 90.05 
0 0 0 5.82 0.00000000 0.00000000 0.00 0.00 0.00 0.06 0.07 0.03 0.01 -0.01 0.01 93.44 94.31 90.07 
0 0 0 5.92 0.00000000 0.00000000 0.00 0.00 0.00 0.07 0.08 0.09 0.02 -0.01 0.00 93.75 94.70 90.03 
0 0 0 6.02 0.00000000 0.00000000 0.00 0.00 0.00 0.06 0.07 0.02 0.01 -0.00 0.00 93.92 94.26 90.03 
0 0 0 6.12 0.00000000 0.00000000 0.00 0.00 0.00 0.07 0.07 -0.03 0.01 -0.01 0.00 93.94 94.58 90.03 
0 0 0 6.22 0.00000000 0.00000000 0.00 0.00 0.00 0.07 0.07 -0.04 0.02 -0.01 0.01 93.55 93.94 90.06 
0 0 0 6.32 0.00000000 0.00000000 0.00 0.00 0.00 0.06 0.07 -0.00 0.01 -0.02 0.01 93.68 93.98 90.06 
0 0 0 6.42 0.00000000 0.00000000 0.00 0.00 0.00 0.06 0.07 -0.05 0.01 -0.01 0.00 93.54 94.23 90.05 
0 0 0 6.52 0.00000000 0.00000000 0.00 0.00 0.00 0.07 0.07 -0.03 0.01 -0.01 0.00 93.99 94.46 90.05 
0 0 0 6.63 0.00000000 0.00000000 0.00 0.00 0.00 0.06 0.07 -0.02 0.01 -0.01 0.00 93.46 94.60 90.03 
0 0 0 6.73 0.00000000 0.00000000 0.00 0.00 0.00 0.07 0.09 0.05 0.01 -0.01 0.01 93.34 94.43 90.06 
0 0 0 6.83 0.00000000 0.00000000 0.00 0.00 0.00 0.06 0.08 -1.26 0.01 -0.01 0.00 93.32 94.76 90.06 
0 0 0 6.93 0.00000000 0.00000000 0.00 0.00 0.00 0.06 0.07 -0.02 0.02 -0.02 0.00 93.61 94.27 90.04 
0 0 0 7.03 0.00000000 0.00000000 0.00 0.00 0.00 0.07 0.07 -0.07 0.01 -0.01 0.01 93.91 94.03 90.06 
0 0 0 7.13 0.00000000 0.00000000 0.00 0.00 0.00 0.07 0.07 -0.00 0.02 -0.01 0.00 93.46 94.28 90.02 
0 0 0 7.23 0.00000000 0.00000000 0.00 0.00 0.00 0.06 0.08 0.02 0.01 -0.01 0.00 93.53 94.14 90.05 
0 0 0 7.33 0.00000000 0.00000000 0.00 0.00 0.00 0.07 0.07 -0.05 0.02 -0.02 0.00 93.35 94.08 90.03 
0 0 0 7.43 0.00000000 0.00000000 0.00 0.00 0.00 0.06 0.08 0.06 0.01 -0.01 0.00 93.57 94.62 90.05 
0 0 0 7.53 0.00000000 0.00000000 0.00 0.00 0.00 0.06 0.08 0.03 0.02 -0.01 0.00 93.68 94.16 90.05 
0 0 0 7.63 0.00000000 0.00000000 0.00 0.00 0.00 0.06 0.07 -0.02 0.02 -0.02 0.00 93.35 94.30 90.05 
0 0 0 7.73 0.00000000 0.00000000 0.00 0.00 0.00 0.05 0.08 0.04 0.01 -0.01 0.00 93.33 93.99 90.03 
0 0 0 7.84 0.00000000 0.00000000 0.00 0.00 0.00 0.06 0.09 0.09 0.01 -0.01 0.00 93.66 94.67 90.05 
0 0 0 7.94 0.00000000 0.00000000 0.00 0.00 0.00 0.07 0.07 -0.05 0.01 -0.01 0.00 94.07 94.06 90.04 
0 0 0 8.04 0.00000000 0.00000000 0.00 0.00 0.00 0.07 0.07 -0.02 0.02 -0.02 0.01 93.74 94.57 90.07 
0 0 0 8.14 0.00000000 0.00000000 0.00 0.00 0.00 0.06 0.08 0.01 0.02 -0.00 0.01 93.79 94.13 90.06 
0 0 0 8.24 0.00000000 0.00000000 0.00 0.00 0.00 0.07 0.07 -0.02 0.01 -0.01 0.01 93.81 94.42 90.07 
0 0 0 8.34 0.00000000 0.00000000 0.00 0.00 0.00 0.06 0.06 -0.03 0.02 -0.02 0.00 93.61 93.60 90.05 
0 0 0 8.44 0.00000000 0.00000000 0.00 0.00 0.00 0.06 0.07 -0.02 0.02 -0.01 0.00 93.61 94.03 90.03 
0 0 0 8.54 0.00000000 0.00000000 0.00 0.00 0.00 0.07 0.08 0.04 0.01 -0.00 0.00 93.47 93.99 90.06 
0 0 0 8.64 0.00000000 0.00000000 0.00 0.00 0.00 0.06 0.08 0.08 0.01 -0.00 0.00 93.47 94.44 90.05 
0 0 0 8.74 0.00000000 0.00000000 0.00 0.00 0.00 0.06 0.09 0.09 0.02 -0.01 0.00 93.79 94.58 90.06 
0 0 0 8.84 0.00000000 0.00000000 0.00 0.00 0.00 0.06 0.06 -0.06 0.02 -0.01 0.00 93.36 94.29 90.05 
0 0 0 8.94 0.00000000 0.00000000 0.00 0.00 0.00 0.07 0.07 0.02 0.02 -0.02 0.00 93.68 94.63 90.05 
0 0 0 9.04 0.00000000 0.00000000 0.00 0.00 0.00 0.06 0.07 -0.02 0.02 -0.02 0.00 93.54 94.05 90.06 
0 0 0 9.14 0.00000000 0.00000000 0.00 0.00 0.00 0.06 0.07 -0.01 0.01 -0.01 0.00 93.48 94.12 90.03 
0 0 0 9.24 0.00000000 0.00000000 0.00 0.00 0.00 0.06 0.08 0.04 0.01 -0.01 0.00 93.70 94.26 90.05 
0 0 0 9.35 0.00000000 0.00000000 0.00 0.00 0.00 0.05 0.08 0.11 0.02 -0.00 0.00 93.35 94.48 90.05 
0 0 0 9.45 0.00000000 0.00000000 0.00 0.00 0.00 0.06 0.07 0.01 0.01 -0.01 0.00 93.78 94.30 90.05 
0 0 0 9.55 0.00000000 0.00000000 0.00 0.00 0.00 0.06 0.07 -0.03 0.02 -0.01 0.00 93.63 93.92 90.05 
0 0 0 9.65 0.00000000 0.00000000 0.00 0.00 0.00 0.07 0.07 -0.01 0.01 -0.01 0.01 93.81 94.28 90.08 
0 0 0 9.75 0.00000000 0.00000000 0.00 0.00 0.00 0.06 0.07 -0.01 0.01 -0.02 0.00 93.50 94.15 90.05 
0 0 0 9.85 0.00000000 0.00000000 0.00 0.00 0.00 0.06 0.08 0.02 0.01 -0.01 0.00 93.63 94.24 90.04 
0 0 0 9.95 0.00000000 0.00000000 0.00 0.00 0.00 0.06 0.09 0.08 0.01 -0.00 0.00 93.61 94.49 90.01 
0 0 0 10.05 0.00000000 0.00000000 0.00 0.00 0.00 0.06 0.08 0.01 0.01 -0.01 0.00 93.46 94.42 90.05 
0 0 0 10.15 0.00000000 0.00000000 0.00 0.00 0.00 0.06 0.07 -0.02 0.01 -0.01 0.00 93.51 94.59 90.05 
0 0 0 10.25 0.00000000 0.00000000 0.00 0.00 0.00 0.07 0.08 -0.02 0.01 -0.01 0.00 93.82 94.38 90.06 
0 0 0 10.35 0.00000000 0.00000000 0.00 0.00 0.00 0.07 0.07 -0.02 0.02 -0.01 0.00 93.81 94.02 90.04 
0 0 0 10.45 0.00000000 0.00000000 0.00 0.00 0.00 0.06 0.07 -0.02 0.01 -0.01 0.00 93.84 94.14 90.04 
0 0 0 10.56 0.00000000 0.00000000 0.00 0.00 0.00 0.07 0.08 0.01 0.01 -0.01 0.00 93.66 94.47 90.03 
0 0 0 10.66 0.00000000 0.00000000 0.00 0.00 0.00 0.05 0.08 0.05 0.02 -0.01 0.00 93.34 94.25 90.04 
0 0 0 10.76 0.00000000 0.00000000 0.00 0.00 0.00 0.05 0.08 0.13 0.02 -0.01 0.00 93.16 94.68 90.06 
0 0 0 10.86 0.00000000 0.00000000 0.00 0.00 0.00 0.07 0.08 0.13 0.01 -0.02 0.01 93.65 94.26 90.08 
0 0 0 10.96 0.00000000 0.00000000 0.00 0.00 0.00 0.06 0.07 -0.00 0.01 -0.01 0.00 93.43 94.09 90.05 
0 0 0 11.06 0.00000000 0.00000000 0.00 0.00 0.00 0.07 0.08 0.02 0.02 -0.02 0.00 93.81 94.24 90.04 
0 0 0 11.16 0.00000000 0.00000000 0.00 0.00 0.00 0.06 0.07 -0.05 0.01 -0.01 0.00 93.13 94.22 90.04 
0 0 0 11.26 0.00000000 0.00000000 0.00 0.00 0.00 0.07 0.07 -0.03 0.01 -0.01 0.01 94.09 94.17 90.06 
0 0 0 11.36 0.00000000 0.00000000 0.00 0.00 0.00 0.06 0.07 0.01 0.01 -0.01 0.00 93.30 94.35 90.04 
0 0 0 11.46 0.00000000 0.00000000 0.00 0.00 0.00 0.06 0.08 0.03 0.01 -0.00 0.00 93.42 94.45 90.01 
0 0 0 11.56 0.00000000 0.00000000 0.00 0.00 0.00 0.06 0.07 -0.02 0.01 -0.01 0.00 93.52 94.52 90.06 
0 0 0 11.66 0.00000000 0.00000000 0.00 0.00 0.00 0.06 0.08 0.07 0.02 -0.01 0.00 93.48 94.77 90.03 
0 0 0 11.76 0.00000000 0.00000000 0.00 0.00 0.00 0.07 0.07 -0.02 0.01 -0.01 0.00 93.60 94.20 90.05 
0 0 0 11.86 0.00000000 0.00000000 0.00 0.00 0.00 0.07 0.08 0.01 0.01 -0.01 0.00 93.89 94.10 90.05 
0 0 0 11.97 0.00000000 0.00000000 0.00 0.00 0.00 0.06 0.07 0.02 0.02 -0.01 0.00 93.51 94.12 90.05 
0 0 0 12.07 0.00000000 0.00000000 0.00 0.00 0.00 0.06 0.07 0.03 0.01 -0.01 0.00 93.76 94.45 90.04 
0 0 0 12.17 0.00000000 0.00000000 0.00 0.00 0.00 0.06 0.08 0.00 0.02 -0.01 0.00 93.52 94.39 90.02 
0 0 0 12.27 0.00000000 0.00000000 0.00 0.00 0.00 0.06 0.08 0.07 0.02 -0.01 0.00 93.67 94.41 90.04 
0 0 0 12.37 0.00000000 0.00000000 0.00 0.00 0.00 0.07 0.08 0.01 0.02 -0.02 0.00 94.02 94.53 90.05 
0 0 0 12.47 0.00000000 0.00000000 0.00 0.00 0.00 0.07 0.07 0.03 0.02 -0.01 0.00 93.95 94.03 90.04 
0 0 0 12.57 0.00000000 0.00000000 0.00 0.00 0.00 0.06 0.07 -0.02 0.02 -0.00 0.00 93.55 94.29 90.05 
0 0 0 12.68 0.00000000 0.00000000 0.00 0.00 0.00 0.06 0.08 0.11 0.01 -0.01 0.00 93.26 94.96 90.01 
0 0 0 12.78 0.00000000 0.00000000 0.00 0.00 0.00 0.05 0.07 0.02 0.01 -0.00 0.00 93.05 94.32 90.06 
0 0 0 12.88 0.00000000 0.00000000 0.00 0.00 0.00 0.08 0.08 -0.02 0.01 -0.01 0.00 94.38 94.23 90.03 
0 0 0 12.98 0.00000000 0.00000000 0.00 0.00 0.00 0.06 0.06 -0.05 0.01 -0.01 0.00 93.67 94.01 90.07 
0 0 0 13.08 0.00000000 0.00000000 0.00 0.00 0.00 0.06 0.07 0.02 0.01 -0.01 0.01 93.16 94.29 90.06 
0 0 0 13.18 0.00000000 0.00000000 0.00 0.00 0.00 0.05 0.08 0.06 0.01 -0.01 0.00 93.21 94.39 90.05 
0 0 0 13.28 0.00000000 0.00000000 0.00 0.00 0.00 0.06 0.07 -0.07 0.01 -0.01 0.00 93.53 94.00 90.05 
0 0 0 13.39 0.00000000 0.00000000 0.00 0.00 0.00 0.07 0.07 -0.02 0.01 -0.01 0.00 93.50 94.19 90.05 
0 0 0 13.49 0.00000000 0.00000000 0.00 0.00 0.00 0.06 0.08 0.05 0.01 -0.01 0.00 93.34 94.26 90.04 
0 0 0 13.59 0.00000000 0.00000000 0.00 0.00 0.00 0.06 0.07 -0.00 0.02 -0.01 0.00 94.01 94.31 90.04 
0 0 0 13.69 0.00000000 0.00000000 0.00 0.00 0.00 0.06 0.07 -0.03 0.01 -0.01 0.00 93.29 94.28 90.05 
0 0 0 13.79 0.00000000 0.00000000 0.00 0.00 0.00 0.06 0.08 0.05 0.01 -0.01 0.01 93.43 94.47 90.08 
0 0 0 13.89 0.00000000 0.00000000 0.00 0.00 0.00 0.06 0.08 0.06 0.01 -0.01 0.00 93.44 93.87 90.04 
0 0 0 14.00 0.00000000 0.00000000 0.00 0.00 0.00 0.06 0.07 -0.04 0.01 -0.02 0.00 93.55 94.29 90.04 
0 0 0 14.10 0.00000000 0.00000000 0.00 0.00 0.00 0.06 0.07 -0.04 0.02 -0.01 0.00 93.72 94.32 90.06 
0 0 0 14.20 0.00000000 0.00000000 0.00 0.00 0.00 0.06 0.06 -0.05 0.01 -0.02 0.00 93.40 94.14 90.05 
0 0 0 14.30 0.00000000 0.00000000 0.00 0.00 0.00 0.06 0.08 0.03 0.02 -0.01 0.00 93.48 94.04 90.03 
0 0 0 14.40 0.00000000 0.00000000 0.00 0.00 0.00 0.07 0.07 -0.04 0.02 -0.00 0.00 93.81 94.29 90.06 
0 0 0 14.51 0.00000000 0.00000000 0.00 0.00 0.00 0.07 0.08 0.06 0.01 -0.01 0.00 93.52 94.04 90.05 
0 0 0 14.61 0.00000000 0.00000000 0.00 0.00 0.00 0.06 0.08 0.07 0.01 -0.01 0.00 93.18 94.62 90.05 
0 0 0 14.71 0.00000000 0.00000000 0.00 0.00 0.00 0.05 0.08 0.11 0.01 -0.01 0.01 93.35 94.84 90.06 
0 0 0 14.81 0.00000000 0.00000000 0.00 0.00 0.00 0.07 0.07 0.02 0.01 -0.02 0.01 93.94 94.14 90.06 
0 0 0 14.91 0.00000000 0.00000000 0.00 0.00 0.00 0.06 0.06 -0.02 0.01 -0.01 0.01 93.90 93.98 90.08 
0 0 0 15.01 0.00000000 0.00000000 0.00 0.00 0.00 0.06 0.08 0.05 0.01 -0.01 0.00 93.57 94.53 90.05 
0 0 0 15.11 0.00000000 0.00000000 0.00 0.00 0.00 0.06 0.08 0.03 0.01 -0.01 0.00 93.50 94.24 90.05 
0 0 0 15.21 0.00000000 0.00000000 0.00 0.00 0.00 0.07 0.07 0.00 0.01 -0.00 0.00 93.98 94.05 90.03 
0 0 0 15.31 0.00000000 0.00000000 0.00 0.00 0.00 0.06 0.09 0.12 0.01 -0.00 0.00 93.58 94.86 90.03 
0 0 0 15.42 0.00000000 0.00000000 0.00 0.00 0.00 0.05 0.07 0.04 0.01 -0.01 0.00 92.98 94.35 90.04 
0 0 0 15.52 0.00000000 0.00000000 0.00 0.00 0.00 0.06 0.07 0.02 0.01 -0.01 0.00 93.50 94.02 90.05 
0 0 0 15.62 0.00000000 0.00000000 0.00 0.00 0.00 0.06 0.07 0.02 0.01 -0.01 0.00 93.40 94.13 90.05 
0 0 0 15.72 0.00000000 0.00000000 0.00 0.00 0.00 0.06 0.08 0.02 0.01 -0.01 0.00 93.71 94.40 90.06 
0 0 0 15.82 0.00000000 0.00000000 0.00 0.00 0.00 0.07 0.08 0.05 0.01 -0.00 0.00 93.59 94.51 90.05 
0 0 0 15.92 0.00000000 0.00000000 0.00 0.00 0.00 0.06 0.09 0.11 0.01 0.00 0.00 93.31 94.88 90.04 
0 0 0 16.02 0.00000000 0.00000000 0.00 0.00 0.00 0.05 0.08 0.08 0.01 -0.01 0.00 93.38 94.48 90.05 
0 0 0 16.12 0.00000000 0.00000000 0.00 0.00 0.00 0.06 0.08 0.10 0.01 -0.02 0.00 93.49 94.77 90.03 
0 0 0 16.22 0.00000000 0.00000000 0.00 0.00 0.00 0.06 0.07 -0.05 0.02 -0.02 0.00 93.43 94.26 90.04 
0 0 0 16.32 0.00000000 0.00000000 0.00 0.00 0.00 0.06 0.08 -0.04 0.01 -0.01 0.00 93.55 94.20 90.07 
0 0 0 16.43 0.00000000 0.00000000 0.00 0.00 0.00 0.07 0.07 -0.02 0.01 -0.00 0.00 93.60 94.33 90.03 
0 0 0 16.53 0.00000000 0.00000000 0.00 0.00 0.00 0.07 0.08 0.03 0.01 -0.01 0.01 93.74 94.39 90.04 
0 0 0 16.63 0.00000000 0.00000000 0.00 0.00 0.00 0.06 0.08 0.06 0.01 -0.01 0.00 93.38 95.00 90.05 
0 0 0 16.73 0.00000000 0.00000000 0.00 0.00 0.00 0.06 0.07 -0.03 0.01 -0.02 0.00 93.28 94.06 90.04 
0 0 0 16.83 0.00000000 0.00000000 0.00 0.00 0.00 0.06 0.08 0.06 0.02 -0.01 0.00 93.54 94.37 90.02 
0 0 0 16.94 0.00000000 0.00000000 0.00 0.00 0.00 0.03 0.07 0.04 0.01 -0.01 0.00 93.15 94.41 90.04 
0 0 0 17.04 0.00000000 0.00000000 0.00 0.00 0.00 0.06 0.08 0.05 0.01 -0.01 0.00 93.94 94.72 90.03 
0 0 0 17.15 0.00000000 0.00000000 0.00 0.00 0.00 0.05 0.07 0.02 0.01 -0.01 0.00 92.98 94.35 90.01 
0 0 0 17.25 0.00000000 0.00000000 0.00 0.00 0.00 0.05 0.08 0.05 0.01 -0.01 0.00 93.38 94.56 90.05 
0 0 0 17.35 0.00000000 0.00000000 0.00 0.00 0.00 0.08 0.08 0.04 0.01 -0.01 0.01 94.08 94.55 90.07 
0 0 0 17.45 0.00000000 0.00000000 0.00 0.00 0.00 0.05 0.06 -0.07 0.02 -0.02 0.00 93.05 93.48 90.03 
0 0 0 17.55 0.00000000 0.00000000 0.00 0.00 0.00 0.08 0.08 0.00 0.02 -0.01 0.00 94.68 94.80 90.03 
0 0 0 17.65 0.00000000 0.00000000 0.00 0.00 0.00 0.05 0.08 0.04 0.02 -0.00 0.00 92.76 93.33 90.04 
0 0 0 17.75 0.00000000 0.00000000 0.00 0.00 0.00 0.07 0.08 0.02 0.01 -0.01 0.01 94.08 95.09 90.07 
0 0 0 17.85 0.00000000 0.00000000 0.00 0.00 0.00 0.12 0.06 -0.29 0.01 -0.01 0.01 95.38 93.64 90.08 
0 0 0 17.96 0.00000000 0.00000000 0.00 0.00 0.00 0.07 0.07 -0.07 0.01 -0.02 0.00 91.08 92.29 90.04 
0 0 0 18.06 0.00000000 0.00000000 0.00 0.00 0.00 0.05 0.06 -0.03 0.01 -0.01 0.01 94.54 93.56 90.06 
0 0 0 18.16 0.00000000 0.00000000 0.00 0.00 0.00 0.05 0.07 -0.01 0.01 -0.01 0.01 93.07 93.90 90.05 
0 0 0 18.26 0.00000000 0.00000000 0.00 0.00 0.00 0.07 0.09 0.08 0.01 -0.01 0.00 94.30 94.90 90.03 
0 0 0 18.36 0.00000000 0.00000000 0.00 0.00 0.00 0.06 0.08 0.03 0.02 -0.01 0.00 93.44 94.13 90.04 
0 0 0 18.46 0.00000000 0.00000000 0.00 0.00 0.00 0.06 0.08 0.02 0.02 -0.01 0.00 93.67 94.54 90.05 
0 0 0 18.56 0.00000000 0.00000000 0.00 0.00 0.00 0.06 0.08 0.04 0.01 -0.02 0.01 93.56 94.46 90.07 
0 0 0 18.67 0.00000000 0.00000000 0.00 0.00 0.00 0.05 0.07 -0.00 0.01 -0.01 0.00 93.45 93.84 90.05 
0 0 0 18.77 0.00000000 0.00000000 0.00 0.00 0.00 0.07 0.09 0.05 0.01 -0.00 0.00 93.81 94.37 90.02 
0 0 0 18.87 0.00000000 0.00000000 0.00 0.00 0.00 0.05 0.07 0.02 0.01 -0.01 0.00 93.15 94.21 90.01 
0 0 0 18.98 0.00000000 0.00000000 0.00 0.00 0.00 0.06 0.08 0.03 0.01 -0.02 0.00 93.54 94.68 90.05 
0 0 0 19.08 0.00000000 0.00000000 0.00 0.00 0.00 0.06 0.07 -0.01 0.01 -0.02 0.00 93.23 94.32 90.06 
0 0 0 19.18 0.00000000 0.00000000 0.00 0.00 0.00 0.06 0.07 -0.05 0.01 -0.01 0.00 93.67 94.45 90.04 
0 0 0 19.29 0.00000000 0.00000000 0.00 0.00 0.00 0.07 0.08 0.09 0.01 -0.01 0.00 93.52 94.47 90.04 
0 0 0 19.39 0.00000000 0.00000000 0.00 0.00 0.00 0.05 0.08 0.08 0.01 -0.01 0.00 93.25 94.53 90.03 
0 0 0 19.49 0.00000000 0.00000000 0.00 0.00 0.00 0.06 0.06 -0.02 0.01 -0.02 0.00 93.35 94.10 90.05 
0 0 0 19.59 0.00000000 0.00000000 0.00 0.00 0.00 0.06 0.07 -0.03 0.02 -0.01 0.00 93.72 94.32 90.05 
0 0 0 19.70 0.00000000 0.00000000 0.00 0.00 0.00 0.06 0.07 -0.02 0.01 -0.00 0.00 93.36 93.96 90.05 
0 0 0 19.80 0.00000000 0.00000000 0.00 0.00 0.00 0.06 0.07 0.01 0.02 -0.01 0.00 93.48 94.36 90.04 
0 0 0 19.90 0.00000000 0.00000000 0.00 0.00 0.00 0.05 0.08 0.05 0.02 -0.01 0.00 93.42 94.25 90.07 
0 0 0 20.00 0.00000000 0.00000000 0.00 0.00 0.00 0.07 0.07 -0.02 0.01 -0.01 0.01 93.96 94.04 90.07 
0 0 0 20.10 0.00000000 0.00000000 0.00 0.00 0.00 0.06 0.06 -0.08 0.01 -0.02 0.01 93.03 94.12 90.04 
0 0 0 20.20 0.00000000 0.00000000 0.00 0.00 0.00 0.06 0.07 -0.01 0.01 -0.01 0.00 93.48 94.25 90.05 
