0 0 0 2.44 0.00000000 0.00000000 0.00 0.00 0.00 0.06 0.08 0.06 0.03 -0.00 0.01 90.98 91.11 90.05 
0 0 0 2.61 0.00000000 0.00000000 0.00 0.00 0.00 0.07 0.08 0.08 0.02 -0.01 0.01 91.18 91.30 90.05 
0 0 0 2.71 0.00000000 0.00000000 0.00 0.00 0.00 0.06 0.07 0.02 0.01 -0.01 0.01 91.06 91.25 90.05 
0 0 0 2.81 0.00000000 0.00000000 0.00 0.00 0.00 0.06 0.07 -0.04 0.00 -0.01 0.00 90.99 91.25 90.04 
0 0 0 2.91 0.00000000 0.00000000 0.00 0.00 0.00 0.05 0.07 -0.05 -0.00 -0.03 0.01 90.84 91.16 90.05 
0 0 0 3.01 0.00000000 0.00000000 0.00 0.00 0.00 0.09 0.08 0.13 0.04 0.00 0.00 91.55 91.35 90.04 
0 0 0 3.11 0.00000000 0.00000000 0.00 0.00 0.00 0.07 0.08 0.10 0.03 -0.02 0.01 91.17 91.43 90.05 
0 0 0 3.21 0.00000000 0.00000000 0.00 0.00 0.00 0.06 0.07 0.02 0.00 -0.02 0.01 91.10 91.16 90.08 
0 0 0 3.31 0.00000000 0.00000000 0.00 0.00 0.00 0.07 0.08 0.06 0.02 -0.01 0.01 91.24 91.30 90.07 
0 0 0 3.41 0.00000000 0.00000000 0.00 0.00 0.00 0.06 0.08 0.01 0.01 -0.00 0.01 90.98 91.30 90.06 
0 0 0 3.52 0.00000000 0.00000000 0.00 0.00 0.00 0.07 0.07 0.04 0.00 -0.02 0.01 91.25 91.12 90.08 
0 0 0 3.62 0.00000000 0.00000000 0.00 0.00 0.00 0.07 0.06 -0.03 0.03 -0.00 0.01 91.11 91.04 90.07 
0 0 0 3.72 0.00000000 0.00000000 0.00 0.00 0.00 0.08 0.08 0.09 0.03 0.01 0.00 91.28 91.34 90.05 
0 0 0 3.82 0.00000000 0.00000000 0.00 0.00 0.00 0.05 0.06 -0.07 0.01 -0.01 0.01 90.84 91.04 90.06 
0 0 0 3.92 0.00000000 0.00000000 0.00 0.00 0.00 0.06 0.07 0.01 0.01 -0.02 0.01 91.05 91.24 90.07 
0 0 0 4.02 0.00000000 0.00000000 0.00 0.00 0.00 0.07 0.07 0.01 0.01 -0.01 0.00 91.11 91.11 90.05 
0 0 0 4.12 0.00000000 0.00000000 0.00 0.00 0.00 0.07 0.07 -0.00 0.01 -0.01 0.00 91.11 91.18 90.04 
0 0 0 4.22 0.00000000 0.00000000 0.00 0.00 0.00 0.06 0.07 0.01 -0.00 -0.02 0.01 90.97 91.23 90.08 
0 0 0 4.33 0.00000000 0.00000000 0.00 0.00 0.00 0.08 0.08 0.14 0.03 -0.00 0.00 90.84 90.84 90.06 
0 0 0 4.43 0.00000000 0.00000000 0.00 0.00 0.00 0.05 0.07 -0.04 -0.00 -0.01 0.01 90.91 91.24 90.06 
0 0 0 4.53 0.00000000 0.00000000 0.00 0.00 0.00 0.04 0.08 -0.04 -0.00 -0.02 0.01 90.64 91.28 90.07 
0 0 0 4.63 0.00000000 0.00000000 0.00 0.00 0.00 0.07 0.08 -2.09 0.03 0.00 0.00 91.18 91.38 90.03 
0 0 0 4.73 0.00000000 0.00000000 0.00 0.00 0.00 0.08 0.08 0.13 0.02 -0.01 0.01 91.30 91.43 90.07 
0 0 0 4.84 0.00000000 0.00000000 0.00 0.00 0.00 0.06 0.08 0.04 0.01 -0.01 0.00 91.03 91.29 90.05 
0 0 0 4.94 0.00000000 0.00000000 0.00 0.00 0.00 0.07 0.09 0.10 0.03 -0.00 0.00 90.91 91.10 90.06 
0 0 0 5.05 0.00000000 0.00000000 0.00 0.00 0.00 0.05 0.08 0.03 0.00 -0.00 0.01 91.18 91.24 90.04 
0 0 0 5.15 0.00000000 0.00000000 0.00 0.00 0.00 0.06 0.07 -0.03 0.00 -0.03 0.01 90.99 91.12 90.06 
0 0 0 5.25 0.00000000 0.00000000 0.00 0.00 0.00 0.07 0.08 0.07 0.02 -0.02 0.01 91.16 91.42 90.06 
0 0 0 5.35 0.00000000 0.00000000 0.00 0.00 0.00 0.07 0.08 0.08 0.02 -0.00 0.00 91.11 91.37 90.03 
0 0 0 5.45 0.00000000 0.00000000 0.00 0.00 0.00 0.05 0.07 -0.01 -0.00 -0.02 0.01 90.91 91.16 90.07 
0 0 0 5.55 0.00000000 0.00000000 0.00 0.00 0.00 0.07 0.08 0.08 0.02 -0.00 0.00 91.11 91.31 90.04 
0 0 0 5.65 0.00000000 0.00000000 0.00 0.00 0.00 0.07 0.08 0.07 0.02 -0.00 0.00 91.18 91.31 90.04 
0 0 0 5.75 0.00000000 0.00000000 0.00 0.00 0.00 0.07 0.07 0.03 0.01 -0.01 0.01 91.20 91.27 90.07 
0 0 0 5.85 0.00000000 0.00000000 0.00 0.00 0.00 0.06 0.07 0.03 0.01 -0.02 0.01 90.98 91.23 90.06 
0 0 0 5.96 0.00000000 0.00000000 0.00 0.00 0.00 0.07 0.07 0.05 0.02 -0.00 0.01 91.11 91.17 90.08 
0 0 0 6.06 0.00000000 0.00000000 0.00 0.00 0.00 0.07 0.07 0.02 0.01 -0.01 0.00 91.11 91.23 90.05 
0 0 0 6.16 0.00000000 0.00000000 0.00 0.00 0.00 0.06 0.07 -0.02 0.01 -0.02 0.00 91.04 91.17 90.05 
0 0 0 6.26 0.00000000 0.00000000 0.00 0.00 0.00 0.06 0.06 -0.01 0.02 -0.00 0.01 91.04 91.10 90.06 
0 0 0 6.36 0.00000000 0.00000000 0.00 0.00 0.00 0.07 0.08 0.06 0.02 0.00 0.00 91.13 91.32 90.04 
0 0 0 6.46 0.00000000 0.00000000 0.00 0.00 0.00 0.05 0.07 0.00 0.01 -0.00 0.00 90.91 91.24 90.05 
0 0 0 6.56 0.00000000 0.00000000 0.00 0.00 0.00 0.07 0.08 0.04 0.00 -0.02 0.00 91.11 91.30 90.04 
0 0 0 6.66 0.00000000 0.00000000 0.00 0.00 0.00 0.07 0.07 0.06 0.02 -0.00 0.01 91.24 91.24 90.06 
0 0 0 6.76 0.00000000 0.00000000 0.00 0.00 0.00 0.07 0.07 0.01 0.01 -0.01 0.00 90.98 91.17 90.04 
0 0 0 6.86 0.00000000 0.00000000 0.00 0.00 0.00 0.06 0.07 -0.03 0.02 -0.01 0.00 91.04 91.23 90.05 
0 0 0 6.96 0.00000000 0.00000000 0.00 0.00 0.00 0.07 0.08 0.04 0.03 -0.00 0.00 91.17 91.30 90.03 
0 0 0 7.07 0.00000000 0.00000000 0.00 0.00 0.00 0.06 0.06 -0.05 0.00 -0.02 0.00 91.18 91.25 90.07 
0 0 0 7.17 0.00000000 0.00000000 0.00 0.00 0.00 0.05 0.07 -0.03 0.00 -0.02 0.01 90.91 91.17 90.07 
0 0 0 7.27 0.00000000 0.00000000 0.00 0.00 0.00 0.07 0.08 0.11 0.02 0.01 0.00 91.24 91.44 90.03 
0 0 0 7.37 0.00000000 0.00000000 0.00 0.00 0.00 0.07 0.08 0.04 0.01 -0.01 0.00 91.18 91.31 90.05 
0 0 0 7.47 0.00000000 0.00000000 0.00 0.00 0.00 0.06 0.08 0.03 0.02 -0.01 0.01 90.98 91.30 90.05 
0 0 0 7.57 0.00000000 0.00000000 0.00 0.00 0.00 0.07 0.07 0.06 0.02 -0.01 0.01 91.18 91.24 90.06 
0 0 0 7.67 0.00000000 0.00000000 0.00 0.00 0.00 0.09 0.04 -0.07 0.02 -0.01 0.01 91.49 90.71 90.06 
0 0 0 7.77 0.00000000 0.00000000 0.00 0.00 0.00 0.06 0.06 -0.03 0.00 -0.02 0.00 90.97 91.10 90.04 
0 0 0 7.88 0.00000000 0.00000000 0.00 0.00 0.00 0.06 0.06 -0.06 0.02 -0.01 0.01 91.04 91.03 90.05 
0 0 0 7.98 0.00000000 0.00000000 0.00 0.00 0.00 0.06 0.08 0.03 0.02 -0.01 0.01 91.04 91.43 90.07 
0 0 0 8.08 0.00000000 0.00000000 0.00 0.00 0.00 0.06 0.07 -0.01 0.01 -0.01 0.00 91.10 91.16 90.04 
0 0 0 8.18 0.00000000 0.00000000 0.00 0.00 0.00 0.07 0.07 0.05 0.02 0.00 0.01 91.17 91.23 90.05 
0 0 0 8.28 0.00000000 0.00000000 0.00 0.00 0.00 0.07 0.07 0.04 0.01 -0.01 0.01 91.18 91.17 90.09 
0 0 0 8.38 0.00000000 0.00000000 0.00 0.00 0.00 0.09 0.08 0.12 0.01 -0.00 0.00 91.54 91.33 90.04 
0 0 0 8.48 0.00000000 0.00000000 0.00 0.00 0.00 0.06 0.06 -0.07 -0.00 -0.02 0.01 90.97 91.04 90.07 
0 0 0 8.58 0.00000000 0.00000000 0.00 0.00 0.00 0.06 0.07 -0.02 0.01 -0.02 0.01 90.98 91.17 90.05 
0 0 0 8.69 0.00000000 0.00000000 0.00 0.00 0.00 0.07 0.07 0.04 0.03 0.01 0.01 91.04 91.29 90.07 
0 0 0 8.79 0.00000000 0.00000000 0.00 0.00 0.00 0.07 0.07 0.07 0.02 0.00 0.00 91.18 91.24 90.05 
0 0 0 8.89 0.00000000 0.00000000 0.00 0.00 0.00 0.06 0.06 -0.02 0.01 -0.01 0.00 91.04 91.04 90.04 
0 0 0 8.99 0.00000000 0.00000000 0.00 0.00 0.00 0.07 0.08 0.07 0.01 -0.01 0.00 91.18 91.37 90.03 
0 0 0 9.10 0.00000000 0.00000000 0.00 0.00 0.00 0.06 0.07 -0.01 0.01 -0.02 0.01 91.05 91.24 90.06 
0 0 0 9.20 0.00000000 0.00000000 0.00 0.00 0.00 0.07 0.08 0.06 0.03 -0.01 0.00 91.18 91.24 90.05 
0 0 0 9.30 0.00000000 0.00000000 0.00 0.00 0.00 0.07 0.08 0.09 0.03 0.00 0.00 91.16 91.42 90.04 
0 0 0 9.40 0.00000000 0.00000000 0.00 0.00 0.00 0.07 0.07 0.04 -0.02 -0.01 0.01 91.12 91.25 90.07 
0 0 0 9.50 0.00000000 0.00000000 0.00 0.00 0.00 0.05 0.08 0.02 0.01 -0.02 0.01 90.86 91.32 90.07 
0 0 0 9.60 0.00000000 0.00000000 0.00 0.00 0.00 0.07 0.08 0.00 0.02 -0.01 0.00 91.11 91.31 90.04 
0 0 0 9.71 0.00000000 0.00000000 0.00 0.00 0.00 0.06 0.07 0.02 0.01 -0.01 0.01 90.98 91.30 90.06 
0 0 0 9.81 0.00000000 0.00000000 0.00 0.00 0.00 0.08 0.08 0.08 0.04 0.00 0.01 90.94 91.07 90.07 
0 0 0 9.91 0.00000000 0.00000000 0.00 0.00 0.00 0.07 0.08 0.12 0.03 0.01 0.00 91.24 91.37 90.04 
0 0 0 10.02 0.00000000 0.00000000 0.00 0.00 0.00 0.06 0.06 -0.02 -0.00 -0.02 0.00 91.05 91.18 90.06 
0 0 0 10.12 0.00000000 0.00000000 0.00 0.00 0.00 0.07 0.06 -0.03 0.01 -0.01 0.01 91.11 91.10 90.05 
0 0 0 10.22 0.00000000 0.00000000 0.00 0.00 0.00 0.07 0.08 0.06 0.01 -0.02 0.01 91.16 91.29 90.07 
0 0 0 10.32 0.00000000 0.00000000 0.00 0.00 0.00 0.07 0.06 0.00 0.01 -0.01 0.01 91.11 91.10 90.05 
0 0 0 10.42 0.00000000 0.00000000 0.00 0.00 0.00 0.06 0.08 0.04 0.01 -0.01 0.01 91.04 91.36 90.06 
0 0 0 10.52 0.00000000 0.00000000 0.00 0.00 0.00 0.07 0.08 0.07 0.03 -0.00 0.01 91.18 91.44 90.06 
0 0 0 10.62 0.00000000 0.00000000 0.00 0.00 0.00 0.08 0.08 0.09 0.02 0.00 0.00 91.37 91.30 90.04 
0 0 0 10.72 0.00000000 0.00000000 0.00 0.00 0.00 0.06 0.08 0.03 0.01 -0.01 0.00 91.05 91.31 90.03 
0 0 0 10.83 0.00000000 0.00000000 0.00 0.00 0.00 0.06 0.07 0.01 0.01 -0.02 0.01 91.05 91.24 90.05 
0 0 0 10.93 0.00000000 0.00000000 0.00 0.00 0.00 0.06 0.07 -0.02 0.02 -0.01 0.01 91.04 91.17 90.06 
0 0 0 11.03 0.00000000 0.00000000 0.00 0.00 0.00 0.06 0.08 0.08 0.01 -0.01 0.01 91.05 91.31 90.05 
0 0 0 11.13 0.00000000 0.00000000 0.00 0.00 0.00 0.07 0.08 0.05 0.02 -0.01 0.01 91.11 91.30 90.07 
0 0 0 11.23 0.00000000 0.00000000 0.00 0.00 0.00 0.07 0.08 0.04 0.02 -0.01 0.01 91.17 91.36 90.05 
0 0 0 11.33 0.00000000 0.00000000 0.00 0.00 0.00 0.07 0.07 0.01 0.01 -0.01 0.00 91.05 91.24 90.04 
0 0 0 11.44 0.00000000 0.00000000 0.00 0.00 0.00 0.05 0.07 -0.02 0.00 -0.02 0.01 90.91 91.17 90.06 
0 0 0 11.54 0.00000000 0.00000000 0.00 0.00 0.00 0.06 0.07 0.00 0.02 -0.01 0.01 91.10 91.16 90.06 
0 0 0 11.64 0.00000000 0.00000000 0.00 0.00 0.00 0.07 0.08 0.05 0.01 -0.00 0.01 91.11 91.30 90.05 
0 0 0 11.74 0.00000000 0.00000000 0.00 0.00 0.00 0.06 0.07 0.01 0.01 -0.02 0.01 91.04 91.17 90.07 
0 0 0 11.84 0.00000000 0.00000000 0.00 0.00 0.00 0.06 0.08 0.07 0.02 -0.00 0.01 91.12 91.44 90.05 
0 0 0 11.94 0.00000000 0.00000000 0.00 0.00 0.00 0.07 0.09 0.11 0.02 -0.01 0.00 91.19 91.45 90.03 
0 0 0 12.04 0.00000000 0.00000000 0.00 0.00 0.00 0.06 0.07 -0.05 0.01 -0.02 0.01 90.97 91.16 90.06 
0 0 0 12.15 0.00000000 0.00000000 0.00 0.00 0.00 0.07 0.07 0.04 0.02 -0.01 0.00 90.98 91.24 90.06 
0 0 0 12.25 0.00000000 0.00000000 0.00 0.00 0.00 0.07 0.08 0.06 0.02 -0.01 0.01 91.17 91.36 90.07 
0 0 0 12.35 0.00000000 0.00000000 0.00 0.00 0.00 0.05 0.08 0.01 0.01 -0.01 0.01 91.04 91.37 90.05 
0 0 0 12.45 0.00000000 0.00000000 0.00 0.00 0.00 0.07 0.08 0.09 0.02 -0.01 0.01 91.17 91.36 90.05 
0 0 0 12.55 0.00000000 0.00000000 0.00 0.00 0.00 0.07 0.08 0.02 0.01 -0.00 0.01 91.11 91.30 90.05 
0 0 0 12.65 0.00000000 0.00000000 0.00 0.00 0.00 0.06 0.07 -0.02 0.01 -0.02 0.01 90.98 91.11 90.05 
0 0 0 12.75 0.00000000 0.00000000 0.00 0.00 0.00 0.06 0.07 0.02 0.03 -0.01 0.00 91.05 91.24 90.05 
0 0 0 12.85 0.00000000 0.00000000 0.00 0.00 0.00 0.06 0.06 -0.06 0.02 -0.01 0.01 91.10 91.03 90.08 
0 0 0 12.96 0.00000000 0.00000000 0.00 0.00 0.00 0.07 0.07 0.02 0.02 -0.00 0.00 91.11 91.30 90.06 
0 0 0 13.06 0.00000000 0.00000000 0.00 0.00 0.00 0.06 0.07 0.00 0.01 -0.02 0.01 91.05 91.24 90.05 
0 0 0 13.16 0.00000000 0.00000000 0.00 0.00 0.00 0.07 0.07 -0.01 0.01 -0.00 0.01 91.18 91.37 90.05 
0 0 0 13.26 0.00000000 0.00000000 0.00 0.00 0.00 0.06 0.07 -0.00 -0.00 -0.02 0.01 91.05 91.18 90.06 
0 0 0 13.36 0.00000000 0.00000000 0.00 0.00 0.00 0.06 0.07 -0.00 0.01 -0.01 0.01 91.03 91.22 90.06 
0 0 0 13.47 0.00000000 0.00000000 0.00 0.00 0.00 0.07 0.07 0.05 0.02 -0.01 0.01 91.11 91.10 90.08 
0 0 0 13.57 0.00000000 0.00000000 0.00 0.00 0.00 0.07 0.07 0.07 0.02 -0.00 0.01 91.24 91.24 90.07 
0 0 0 13.67 0.00000000 0.00000000 0.00 0.00 0.00 0.06 0.07 -0.02 0.01 -0.01 0.00 90.98 91.17 90.05 
0 0 0 13.77 0.00000000 0.00000000 0.00 0.00 0.00 0.07 0.08 0.08 0.01 -0.01 0.01 91.11 91.30 90.05 
0 0 0 13.87 0.00000000 0.00000000 0.00 0.00 0.00 0.06 0.07 0.00 0.01 -0.02 0.01 90.98 91.24 90.05 
0 0 0 13.98 0.00000000 0.00000000 0.00 0.00 0.00 0.07 0.07 0.03 0.02 -0.01 0.01 90.92 91.12 90.08 
0 0 0 14.08 0.00000000 0.00000000 0.00 0.00 0.00 0.07 0.07 0.04 0.02 -0.01 0.01 91.23 91.23 90.06 
0 0 0 14.18 0.00000000 0.00000000 0.00 0.00 0.00 0.06 0.08 0.02 0.03 -0.00 0.01 91.05 91.38 90.06 
0 0 0 14.28 0.00000000 0.00000000 0.00 0.00 0.00 0.07 0.07 0.00 0.02 -0.00 0.00 91.18 91.24 90.03 
0 0 0 14.38 0.00000000 0.00000000 0.00 0.00 0.00 0.07 0.07 0.04 0.01 -0.00 0.01 91.12 91.25 90.06 
0 0 0 14.48 0.00000000 0.00000000 0.00 0.00 0.00 0.06 0.07 0.01 0.00 -0.01 0.01 90.98 91.24 90.06 
0 0 0 14.58 0.00000000 0.00000000 0.00 0.00 0.00 0.07 0.08 0.08 0.01 -0.01 0.00 91.18 91.30 90.05 
0 0 0 14.68 0.00000000 0.00000000 0.00 0.00 0.00 0.07 0.08 0.04 0.02 -0.01 0.01 91.11 91.36 90.06 
0 0 0 14.78 0.00000000 0.00000000 0.00 0.00 0.00 0.07 0.07 0.05 0.01 -0.00 0.00 91.04 91.17 90.05 
0 0 0 14.89 0.00000000 0.00000000 0.00 0.00 0.00 0.06 0.07 -0.00 0.01 -0.01 0.01 91.04 91.17 90.06 
0 0 0 14.99 0.00000000 0.00000000 0.00 0.00 0.00 0.06 0.07 0.03 0.01 -0.01 0.01 91.06 91.19 90.05 
0 0 0 15.09 0.00000000 0.00000000 0.00 0.00 0.00 0.06 0.07 -0.01 0.02 -0.01 0.00 90.98 91.24 90.06 
0 0 0 15.19 0.00000000 0.00000000 0.00 0.00 0.00 0.07 0.08 0.05 0.02 -0.01 0.01 91.11 91.17 90.06 
0 0 0 15.29 0.00000000 0.00000000 0.00 0.00 0.00 0.06 0.07 -0.01 0.01 -0.01 0.01 91.10 91.22 90.07 
0 0 0 15.39 0.00000000 0.00000000 0.00 0.00 0.00 0.07 0.08 0.12 0.03 0.00 0.00 91.19 91.38 90.04 
0 0 0 15.49 0.00000000 0.00000000 0.00 0.00 0.00 0.06 0.07 -0.01 0.01 -0.00 0.00 90.99 91.19 90.04 
0 0 0 15.59 0.00000000 0.00000000 0.00 0.00 0.00 0.05 0.07 -0.04 0.01 -0.02 0.00 90.86 91.12 90.05 
0 0 0 15.69 0.00000000 0.00000000 0.00 0.00 0.00 0.06 0.07 -0.00 0.01 -0.01 0.00 91.10 91.16 90.05 
0 0 0 15.80 0.00000000 0.00000000 0.00 0.00 0.00 0.06 0.08 0.03 0.01 -0.01 0.00 91.04 91.30 90.04 
0 0 0 15.90 0.00000000 0.00000000 0.00 0.00 0.00 0.05 0.07 -0.02 0.00 -0.02 0.01 90.85 91.30 90.05 
0 0 0 16.00 0.00000000 0.00000000 0.00 0.00 0.00 0.06 0.07 0.05 0.02 -0.02 0.01 91.10 91.22 90.05 
0 0 0 16.10 0.00000000 0.00000000 0.00 0.00 0.00 0.07 0.09 0.11 0.02 -0.00 0.00 91.03 91.35 90.05 
0 0 0 16.20 0.00000000 0.00000000 0.00 0.00 0.00 0.05 0.08 0.03 0.01 -0.00 0.01 91.04 91.23 90.07 
0 0 0 16.30 0.00000000 0.00000000 0.00 0.00 0.00 0.06 0.07 -0.01 0.01 -0.01 0.01 90.97 91.23 90.07 
0 0 0 16.40 0.00000000 0.00000000 0.00 0.00 0.00 0.06 0.07 0.04 0.01 -0.01 0.00 91.04 91.24 90.05 
0 0 0 16.51 0.00000000 0.00000000 0.00 0.00 0.00 0.06 0.07 0.03 0.02 -0.01 0.00 91.05 91.18 90.04 
0 0 0 16.61 0.00000000 0.00000000 0.00 0.00 0.00 0.06 0.06 -0.05 0.02 -0.01 0.01 91.04 91.03 90.05 
0 0 0 16.71 0.00000000 0.00000000 0.00 0.00 0.00 0.07 0.07 0.02 0.02 -0.00 0.01 91.17 91.23 90.07 
0 0 0 16.81 0.00000000 0.00000000 0.00 0.00 0.00 0.07 0.08 0.03 0.02 -0.00 0.00 91.18 91.24 90.04 
0 0 0 16.91 0.00000000 0.00000000 0.00 0.00 0.00 0.06 0.07 -0.03 0.01 -0.01 0.00 91.18 91.31 90.06 
0 0 0 17.01 0.00000000 0.00000000 0.00 0.00 0.00 0.06 0.06 -0.05 0.01 -0.02 0.01 90.98 91.05 90.07 
0 0 0 17.11 0.00000000 0.00000000 0.00 0.00 0.00 0.07 0.07 0.05 0.02 -0.01 0.00 91.18 91.18 90.04 
0 0 0 17.21 0.00000000 0.00000000 0.00 0.00 0.00 0.06 0.06 -0.02 0.01 -0.02 0.01 91.04 91.10 90.05 
0 0 0 17.31 0.00000000 0.00000000 0.00 0.00 0.00 0.06 0.07 -0.00 0.02 -0.02 0.00 91.10 91.16 90.04 
0 0 0 17.41 0.00000000 0.00000000 0.00 0.00 0.00 0.08 0.07 0.07 0.02 -0.00 0.01 91.37 91.24 90.06 
0 0 0 17.51 0.00000000 0.00000000 0.00 0.00 0.00 0.07 0.08 0.06 0.01 -0.01 0.01 91.31 91.30 90.05 
0 0 0 17.62 0.00000000 0.00000000 0.00 0.00 0.00 0.07 0.07 0.01 0.01 -0.02 0.00 91.07 91.20 90.04 
0 0 0 17.72 0.00000000 0.00000000 0.00 0.00 0.00 0.07 0.08 0.05 0.02 -0.01 0.00 91.17 91.29 90.04 
0 0 0 17.82 0.00000000 0.00000000 0.00 0.00 0.00 0.07 0.08 0.06 0.02 -0.00 0.00 91.11 91.30 90.03 
0 0 0 17.92 0.00000000 0.00000000 0.00 0.00 0.00 0.07 0.06 0.02 0.01 -0.01 0.01 91.11 91.10 90.05 
0 0 0 18.02 0.00000000 0.00000000 0.00 0.00 0.00 0.07 0.08 0.03 0.02 -0.00 0.01 91.18 91.30 90.06 
0 0 0 18.12 0.00000000 0.00000000 0.00 0.00 0.00 0.06 0.08 0.07 0.01 -0.01 0.00 91.04 91.36 90.03 
0 0 0 18.22 0.00000000 0.00000000 0.00 0.00 0.00 0.06 0.08 0.06 0.01 -0.01 0.01 91.05 91.31 90.06 
0 0 0 18.32 0.00000000 0.00000000 0.00 0.00 0.00 0.07 0.07 0.01 0.01 -0.02 0.00 91.11 91.17 90.03 
0 0 0 18.42 0.00000000 0.00000000 0.00 0.00 0.00 0.07 0.07 0.06 0.01 -0.01 0.01 91.24 91.17 90.06 
0 0 0 18.53 0.00000000 0.00000000 0.00 0.00 0.00 0.06 0.08 0.02 0.01 -0.01 0.01 91.12 91.25 90.06 
0 0 0 18.63 0.00000000 0.00000000 0.00 0.00 0.00 0.07 0.08 0.11 0.02 -0.01 0.01 90.98 91.18 90.05 
0 0 0 18.74 0.00000000 0.00000000 0.00 0.00 0.00 0.06 0.08 0.03 0.01 -0.01 0.01 91.06 91.32 90.03 
0 0 0 18.84 0.00000000 0.00000000 0.00 0.00 0.00 0.06 0.07 -0.02 0.01 -0.01 0.01 90.98 91.11 90.06 
0 0 0 18.94 0.00000000 0.00000000 0.00 0.00 0.00 0.07 0.07 -0.00 0.01 -0.01 0.01 91.17 91.16 90.05 
0 0 0 19.04 0.00000000 0.00000000 0.00 0.00 0.00 0.07 0.08 0.07 0.01 -0.01 0.01 91.17 91.43 90.06 
0 0 0 19.14 0.00000000 0.00000000 0.00 0.00 0.00 0.07 0.08 0.06 0.01 -0.01 0.00 91.18 91.31 90.06 
0 0 0 19.24 0.00000000 0.00000000 0.00 0.00 0.00 0.07 0.08 0.05 0.01 -0.02 0.01 91.11 91.31 90.07 
0 0 0 19.34 0.00000000 0.00000000 0.00 0.00 0.00 0.07 0.07 0.03 0.01 -0.01 0.01 91.17 91.23 90.05 
0 0 0 19.44 0.00000000 0.00000000 0.00 0.00 0.00 0.06 0.08 0.03 0.00 -0.02 0.01 91.04 91.36 90.06 
0 0 0 19.55 0.00000000 0.00000000 0.00 0.00 0.00 0.06 0.06 -0.04 0.01 -0.01 0.01 90.98 91.24 90.07 
0 0 0 19.65 0.00000000 0.00000000 0.00 0.00 0.00 0.08 0.07 0.04 0.03 0.00 0.00 90.98 91.11 90.03 
0 0 0 19.75 0.00000000 0.00000000 0.00 0.00 0.00 0.07 0.08 0.10 0.01 -0.01 0.01 91.24 91.37 90.05 
0 0 0 19.85 0.00000000 0.00000000 0.00 0.00 0.00 0.07 0.07 -0.03 0.01 -0.02 0.01 91.11 91.17 90.05 
0 0 0 19.95 0.00000000 0.00000000 0.00 0.00 0.00 0.07 0.06 -0.01 0.01 -0.01 0.01 91.17 91.03 90.05 
0 0 0 20.05 0.00000000 0.00000000 0.00 0.00 0.00 0.07 0.08 0.09 0.02 -0.01 0.01 91.18 91.37 90.05 
0 0 0 20.15 0.00000000 0.00000000 0.00 0.00 0.00 0.07 0.08 0.04 0.00 -0.02 0.01 91.12 91.31 90.06 
0 0 0 20.25 0.00000000 0.00000000 0.00 0.00 0.00 0.06 0.07 -0.01 0.00 -0.02 0.01 90.98 91.23 90.05 
0 0 0 20.35 0.00000000 0.00000000 0.00 0.00 0.00 0.06 0.08 0.01 0.02 -0.00 0.00 91.03 91.29 90.05 
0 0 0 20.45 0.00000000 0.00000000 0.00 0.00 0.00 0.07 0.08 0.07 0.03 0.01 0.00 91.17 91.30 90.05 
0 0 0 20.55 0.00000000 0.00000000 0.00 0.00 0.00 0.07 0.07 -0.00 0.01 -0.01 0.00 91.11 91.17 90.04 
0 0 0 20.65 0.00000000 0.00000000 0.00 0.00 0.00 0.07 0.08 0.04 0.02 -0.00 0.01 91.11 91.30 90.06 
0 0 0 20.76 0.00000000 0.00000000 0.00 0.00 0.00 0.06 0.08 0.08 0.01 -0.01 0.00 91.19 91.38 90.04 
0 0 0 20.86 0.00000000 0.00000000 0.00 0.00 0.00 0.06 0.07 0.02 0.01 -0.02 0.00 90.91 91.24 90.04 
0 0 0 20.96 0.00000000 0.00000000 0.00 0.00 0.00 0.06 0.08 0.06 0.02 -0.02 0.01 91.09 91.35 90.07 
0 0 0 21.06 0.00000000 0.00000000 0.00 0.00 0.00 0.06 0.09 0.14 0.03 0.00 0.01 91.05 91.57 90.07 
0 0 0 21.16 0.00000000 0.00000000 0.00 0.00 0.00 0.06 0.05 -0.11 -0.01 -0.01 0.00 90.99 90.86 90.04 
0 0 0 21.26 0.00000000 0.00000000 0.00 0.00 0.00 0.05 0.07 -0.04 -0.00 -0.02 0.00 90.91 91.24 90.04 
0 0 0 21.36 0.00000000 0.00000000 0.00 0.00 0.00 0.07 0.07 0.04 0.01 -0.02 0.01 91.11 91.23 90.06 
0 0 0 21.46 0.00000000 0.00000000 0.00 0.00 0.00 0.07 0.08 0.05 0.01 -0.01 0.00 91.18 91.31 90.04 
0 0 0 21.57 0.00000000 0.00000000 0.00 0.00 0.00 0.05 0.06 -0.06 0.01 -0.02 0.00 90.98 91.30 90.03 
0 0 0 21.67 0.00000000 0.00000000 0.00 0.00 0.00 0.07 0.08 0.07 0.02 -0.01 0.01 90.97 90.97 90.08 
0 0 0 21.77 0.00000000 0.00000000 0.00 0.00 0.00 0.08 0.09 0.13 0.03 0.00 0.01 91.34 91.46 90.06 
0 0 0 21.87 0.00000000 0.00000000 0.00 0.00 0.00 0.06 0.08 0.02 0.01 -0.01 0.00 91.04 91.30 90.04 
0 0 0 21.97 0.00000000 0.00000000 0.00 0.00 0.00 0.06 0.07 0.02 0.01 -0.01 0.00 90.98 91.24 90.05 
0 0 0 22.08 0.00000000 0.00000000 0.00 0.00 0.00 0.06 0.07 -0.00 0.01 -0.01 0.01 91.12 91.38 90.05 
0 0 0 22.18 0.00000000 0.00000000 0.00 0.00 0.00 0.06 0.07 0.01 0.01 -0.02 0.00 90.91 91.11 90.05 
0 0 0 22.29 0.00000000 0.00000000 0.00 0.00 0.00 0.07 0.08 0.06 0.02 -0.00 0.00 91.17 91.23 90.05 
0 0 0 22.39 0.00000000 0.00000000 0.00 0.00 0.00 0.06 0.08 0.06 0.01 -0.01 0.01 91.04 91.42 90.05 
0 0 0 22.49 0.00000000 0.00000000 0.00 0.00 0.00 0.06 0.07 -0.01 0.01 -0.02 0.00 90.98 91.24 90.05 
0 0 0 22.59 0.00000000 0.00000000 0.00 0.00 0.00 0.07 0.08 0.04 0.02 -0.01 0.01 90.91 91.11 90.05 
0 0 0 22.69 0.00000000 0.00000000 0.00 0.00 0.00 0.07 0.07 0.03 0.01 -0.01 0.01 91.11 91.24 90.05 
0 0 0 22.79 0.00000000 0.00000000 0.00 0.00 0.00 0.06 0.06 -0.04 0.01 -0.02 0.00 90.90 91.29 90.04 
0 0 0 22.89 0.00000000 0.00000000 0.00 0.00 0.00 0.06 0.07 -0.03 0.03 -0.00 0.00 91.04 91.16 90.04 
0 0 0 23.00 0.00000000 0.00000000 0.00 0.00 0.00 0.07 0.08 0.06 0.02 -0.00 0.00 91.24 91.30 90.04 
0 0 0 23.10 0.00000000 0.00000000 0.00 0.00 0.00 0.06 0.07 -0.01 0.00 -0.02 0.01 91.00 91.20 90.03 
0 0 0 23.20 0.00000000 0.00000000 0.00 0.00 0.00 0.07 0.08 0.08 0.03 -0.01 0.00 90.96 91.15 90.05 
0 0 0 23.31 0.00000000 0.00000000 0.00 0.00 0.00 0.05 0.07 -0.01 0.01 -0.01 0.01 91.43 91.42 90.04 
0 0 0 23.41 0.00000000 0.00000000 0.00 0.00 0.00 0.07 0.08 0.04 0.02 -0.01 0.00 90.92 91.37 90.05 
