0 0 0 0 0 0 1.77 0 0.00000000 0.00000000 0.00 0.00 0.00 0.00 0.00 0.00 
0 0 0 0 0 0 1.89 0 0.00000000 0.00000000 0.00 0.00 0.00 0.00 0.00 0.00 
0 0 0 0 0 0 1.91 0 0.00000000 0.00000000 0.00 0.00 0.00 0.00 0.00 0.00 
0 0 0 0 0 0 1.93 0 0.00000000 0.00000000 0.00 0.00 0.00 0.00 0.00 0.00 
0 0 0 0 0 0 1.95 0 0.00000000 0.00000000 0.00 0.00 0.00 0.00 0.00 0.00 
0 0 0 0 0 0 1.98 0 0.00000000 0.00000000 0.00 0.00 0.00 0.00 0.00 0.00 
0 0 0 0 0 0 2.00 0 0.00000000 0.00000000 0.00 0.00 0.00 0.00 0.00 0.00 
0 0 0 0 0 0 2.03 0 0.00000000 0.00000000 0.00 0.00 0.00 25.10 51.40 0.00 
0 0 0 0 0 0 2.07 0 0.00000000 0.00000000 0.00 0.00 0.00 25.10 51.40 0.00 
0 0 0 0 0 0 2.19 0 0.00000000 0.00000000 0.00 0.00 0.00 25.10 51.40 0.00 
0 0 0 0 0 0 2.32 0 0.00000000 0.00000000 0.00 0.00 0.00 25.10 51.40 0.00 
0 0 0 0 0 0 2.44 0 0.00000000 0.00000000 0.00 0.00 0.00 25.10 51.40 0.00 
0 0 0 0 0 0 2.56 0 0.00000000 0.00000000 0.00 0.00 0.00 25.10 51.40 0.00 
0 0 0 0 0 0 2.65 0 0.00000000 0.00000000 0.00 0.00 0.00 25.10 51.40 0.00 
0 0 0 0 0 0 2.67 0 0.00000000 0.00000000 0.00 0.00 0.00 25.10 51.40 0.00 
0 0 0 0 0 0 2.70 0 0.00000000 0.00000000 0.00 0.00 0.00 25.10 51.40 0.00 
0 0 0 0 0 0 2.72 0 0.00000000 0.00000000 0.00 0.00 0.00 25.10 51.40 0.00 
0 0 0 0 0 0 2.74 0 0.00000000 0.00000000 0.00 0.00 0.00 25.10 51.40 0.00 
0 0 0 0 0 0 2.76 0 0.00000000 0.00000000 0.00 0.00 0.00 25.10 51.40 0.00 
0 0 0 0 0 0 2.79 0 0.00000000 0.00000000 0.00 0.00 0.00 25.10 51.40 0.00 
0 0 0 0 0 0 2.81 0 0.00000000 0.00000000 0.00 0.00 0.00 25.10 51.40 0.00 
0 0 0 0 0 0 2.84 0 0.00000000 0.00000000 0.00 0.00 0.00 25.10 51.40 0.00 
0 0 0 0 0 0 2.86 0 0.00000000 0.00000000 0.00 0.00 0.00 25.10 51.40 0.00 
0 0 0 0 0 0 2.88 0 0.00000000 0.00000000 0.00 0.00 0.00 25.10 51.40 0.00 
0 0 0 0 0 0 2.91 0 0.00000000 0.00000000 0.00 0.00 0.00 25.10 51.40 0.00 
0 0 0 0 0 0 2.93 0 0.00000000 0.00000000 0.00 0.00 0.00 25.10 51.40 0.00 
0 0 0 0 0 0 2.95 0 0.00000000 0.00000000 0.00 0.00 0.00 25.10 51.40 0.00 
0 0 0 0 0 0 2.97 0 0.00000000 0.00000000 0.00 0.00 0.00 25.10 51.40 0.00 
0 0 0 0 0 0 3.00 0 0.00000000 0.00000000 0.00 0.00 0.00 25.10 51.40 0.00 
0 0 0 0 0 0 3.03 0 0.00000000 0.00000000 0.00 0.00 0.00 23.13 53.16 0.00 
0 0 0 0 0 0 3.05 0 0.00000000 0.00000000 0.00 0.00 0.00 23.13 53.16 0.00 
0 0 0 0 0 0 3.07 0 0.00000000 0.00000000 0.00 0.00 0.00 23.13 53.16 0.00 
0 0 0 0 0 0 3.10 0 0.00000000 0.00000000 0.00 0.00 0.00 23.13 53.16 0.00 
0 0 0 0 0 0 3.12 0 0.00000000 0.00000000 0.00 0.00 0.00 23.13 53.16 0.00 
0 0 0 0 0 0 3.14 0 0.00000000 0.00000000 0.00 0.00 0.00 23.13 53.16 0.00 
0 0 0 0 0 0 3.17 0 0.00000000 0.00000000 0.00 0.00 0.00 23.13 53.16 0.00 
0 0 0 0 0 0 3.19 0 0.00000000 0.00000000 0.00 0.00 0.00 23.13 53.16 0.00 
0 0 0 0 0 0 3.21 0 0.00000000 0.00000000 0.00 0.00 0.00 23.13 53.16 0.00 
0 0 0 0 0 0 3.24 0 0.00000000 0.00000000 0.00 0.00 0.00 23.13 53.16 0.00 
0 0 0 0 0 0 3.26 0 0.00000000 0.00000000 0.00 0.00 0.00 23.13 53.16 0.00 
0 0 0 0 0 0 3.28 0 0.00000000 0.00000000 0.00 0.00 0.00 23.13 53.16 0.00 
0 0 0 0 0 0 3.30 0 0.00000000 0.00000000 0.00 0.00 0.00 23.13 53.16 0.00 
0 0 0 0 0 0 3.33 0 0.00000000 0.00000000 0.00 0.00 0.00 23.13 53.16 0.00 
0 0 0 0 0 0 3.35 0 0.00000000 0.00000000 0.00 0.00 0.00 23.13 53.16 0.00 
0 0 0 0 0 0 3.38 0 0.00000000 0.00000000 0.00 0.00 0.00 23.13 53.16 0.00 
0 0 0 0 0 0 3.40 0 0.00000000 0.00000000 0.00 0.00 0.00 23.13 53.16 0.00 
0 0 0 0 0 0 3.42 0 0.00000000 0.00000000 0.00 0.00 0.00 23.13 53.16 0.00 
0 0 0 0 0 0 3.46 0 0.00000000 0.00000000 0.00 0.00 0.00 23.13 53.16 0.00 
0 0 0 0 0 0 3.49 0 0.00000000 0.00000000 0.00 0.00 0.00 23.13 53.16 0.00 
0 0 0 0 0 0 3.52 0 0.00000000 0.00000000 0.00 0.00 0.00 23.13 53.16 0.00 
0 0 0 0 0 0 3.54 0 0.00000000 0.00000000 0.00 0.00 0.00 23.13 53.16 0.00 
0 0 0 0 0 0 3.56 0 0.00000000 0.00000000 0.00 0.00 0.00 23.13 53.16 0.00 
0 0 0 0 0 0 3.59 0 0.00000000 0.00000000 0.00 0.00 0.00 23.13 53.16 0.00 
0 0 0 0 0 0 3.61 0 0.00000000 0.00000000 0.00 0.00 0.00 23.13 53.16 0.00 
0 0 0 0 0 0 3.63 0 0.00000000 0.00000000 0.00 0.00 0.00 23.13 53.16 0.00 
0 0 0 0 0 0 3.65 0 0.00000000 0.00000000 0.00 0.00 0.00 23.13 53.16 0.00 
0 0 0 0 0 0 3.69 0 0.00000000 0.00000000 0.00 0.00 0.00 23.13 53.16 0.00 
0 0 0 0 0 0 3.71 0 0.00000000 0.00000000 0.00 0.00 0.00 23.13 53.16 0.00 
0 0 0 0 0 0 3.74 0 0.00000000 0.00000000 0.00 0.00 0.00 23.13 53.16 0.00 
0 0 0 0 0 0 3.76 0 0.00000000 0.00000000 0.00 0.00 0.00 23.13 53.16 0.00 
0 0 0 0 0 0 3.78 0 0.00000000 0.00000000 0.00 0.00 0.00 23.13 53.16 0.00 
0 0 0 0 0 0 3.81 0 0.00000000 0.00000000 0.00 0.00 0.00 23.13 53.16 0.00 
0 0 0 0 0 0 3.83 0 0.00000000 0.00000000 0.00 0.00 0.00 23.13 53.16 0.00 
0 0 0 0 0 0 3.85 0 0.00000000 0.00000000 0.00 0.00 0.00 23.13 53.16 0.00 
0 0 0 0 0 0 3.88 0 0.00000000 0.00000000 0.00 0.00 0.00 23.13 53.16 0.00 
0 0 0 0 0 0 3.90 0 0.00000000 0.00000000 0.00 0.00 0.00 23.13 53.16 0.00 
0 0 0 0 0 0 3.92 0 0.00000000 0.00000000 0.00 0.00 0.00 23.13 53.16 0.00 
0 0 0 0 0 0 3.95 0 0.00000000 0.00000000 0.00 0.00 0.00 23.13 53.16 0.00 
0 0 0 0 0 0 3.97 0 0.00000000 0.00000000 0.00 0.00 0.00 23.13 53.16 0.00 
0 0 0 0 0 0 3.99 0 0.00000000 0.00000000 0.00 0.00 0.00 23.13 53.16 0.00 
0 0 0 0 0 0 4.02 0 0.00000000 0.00000000 0.00 0.00 0.00 33.62 46.04 0.00 
0 0 0 0 0 0 4.05 0 0.00000000 0.00000000 0.00 0.00 0.00 33.62 46.04 0.00 
0 0 0 0 0 0 4.07 0 0.00000000 0.00000000 0.00 0.00 0.00 33.62 46.04 0.00 
0 0 0 0 0 0 4.09 0 0.00000000 0.00000000 0.00 0.00 0.00 33.62 46.04 0.00 
0 0 0 0 0 0 4.11 0 0.00000000 0.00000000 0.00 0.00 0.00 33.62 46.04 0.00 
0 0 0 0 0 0 4.14 0 0.00000000 0.00000000 0.00 0.00 0.00 33.62 46.04 0.00 
0 0 0 0 0 0 4.16 0 0.00000000 0.00000000 0.00 0.00 0.00 33.62 46.04 0.00 
0 0 0 0 0 0 4.19 0 0.00000000 0.00000000 0.00 0.00 0.00 33.62 46.04 0.00 
0 0 0 0 0 0 4.21 0 0.00000000 0.00000000 0.00 0.00 0.00 33.62 46.04 0.00 
0 0 0 0 0 0 4.23 0 0.00000000 0.00000000 0.00 0.00 0.00 33.62 46.04 0.00 
0 0 0 0 0 0 4.25 0 0.00000000 0.00000000 0.00 0.00 0.00 33.62 46.04 0.00 
0 0 0 0 0 0 4.28 0 0.00000000 0.00000000 0.00 0.00 0.00 33.62 46.04 0.00 
0 0 0 0 0 0 4.30 0 0.00000000 0.00000000 0.00 0.00 0.00 33.62 46.04 0.00 
0 0 0 0 0 0 4.32 0 0.00000000 0.00000000 0.00 0.00 0.00 33.62 46.04 0.00 
0 0 0 0 0 0 4.35 0 0.00000000 0.00000000 0.00 0.00 0.00 33.62 46.04 0.00 
0 0 0 0 0 0 4.37 0 0.00000000 0.00000000 0.00 0.00 0.00 33.62 46.04 0.00 
0 0 0 0 0 0 4.39 0 0.00000000 0.00000000 0.00 0.00 0.00 33.62 46.04 0.00 
0 0 0 0 0 0 4.42 0 0.00000000 0.00000000 0.00 0.00 0.00 33.62 46.04 0.00 
0 0 0 0 0 0 4.44 0 0.00000000 0.00000000 0.00 0.00 0.00 33.62 46.04 0.00 
0 0 0 0 0 0 4.46 0 0.00000000 0.00000000 0.00 0.00 0.00 33.62 46.04 0.00 
0 0 0 0 0 0 4.49 0 0.00000000 0.00000000 0.00 0.00 0.00 33.62 46.04 0.00 
0 0 0 0 0 0 4.51 0 0.00000000 0.00000000 0.00 0.00 0.00 33.62 46.04 0.00 
0 0 0 0 0 0 4.53 0 0.00000000 0.00000000 0.00 0.00 0.00 33.62 46.04 0.00 
0 0 0 0 0 0 4.56 0 0.00000000 0.00000000 0.00 0.00 0.00 33.62 46.04 0.00 
0 0 0 0 0 0 4.58 0 0.00000000 0.00000000 0.00 0.00 0.00 33.62 46.04 0.00 
0 0 0 0 0 0 4.60 0 0.00000000 0.00000000 0.00 0.00 0.00 33.62 46.04 0.00 
0 0 0 0 0 0 4.63 0 0.00000000 0.00000000 0.00 0.00 0.00 33.62 46.04 0.00 
0 0 0 0 0 0 4.65 0 0.00000000 0.00000000 0.00 0.00 0.00 33.62 46.04 0.00 
0 0 0 0 0 0 4.67 0 0.00000000 0.00000000 0.00 0.00 0.00 33.62 46.04 0.00 
0 0 0 0 0 0 4.70 0 0.00000000 0.00000000 0.00 0.00 0.00 33.62 46.04 0.00 
0 0 0 0 0 0 4.72 0 0.00000000 0.00000000 0.00 0.00 0.00 33.62 46.04 0.00 
0 0 0 0 0 0 4.74 0 0.00000000 0.00000000 0.00 0.00 0.00 33.62 46.04 0.00 
0 0 0 0 0 0 4.76 0 0.00000000 0.00000000 0.00 0.00 0.00 33.62 46.04 0.00 
0 0 0 0 0 0 4.79 0 0.00000000 0.00000000 0.00 0.00 0.00 33.62 46.04 0.00 
0 0 0 0 0 0 4.81 0 0.00000000 0.00000000 0.00 0.00 0.00 33.62 46.04 0.00 
0 0 0 0 0 0 4.84 0 0.00000000 0.00000000 0.00 0.00 0.00 33.62 46.04 0.00 
0 0 0 0 0 0 4.88 0 0.00000000 0.00000000 0.00 0.00 0.00 33.62 46.04 0.00 
0 0 0 0 0 0 4.90 0 0.00000000 0.00000000 0.00 0.00 0.00 33.62 46.04 0.00 
0 0 0 0 0 0 4.93 0 0.00000000 0.00000000 0.00 0.00 0.00 33.62 46.04 0.00 
0 0 0 0 0 0 4.95 0 0.00000000 0.00000000 0.00 0.00 0.00 33.62 46.04 0.00 
0 0 0 0 0 0 4.97 0 0.00000000 0.00000000 0.00 0.00 0.00 33.62 46.04 0.00 
0 0 0 0 0 0 5.01 0 0.00000000 0.00000000 0.00 0.00 0.00 12.55 62.44 0.00 
0 0 0 0 0 0 5.04 0 0.00000000 0.00000000 0.00 0.00 0.00 12.55 62.44 0.00 
0 0 0 0 0 0 5.06 0 0.00000000 0.00000000 0.00 0.00 0.00 12.55 62.44 0.00 
0 0 0 0 0 0 5.08 0 0.00000000 0.00000000 0.00 0.00 0.00 12.55 62.44 0.00 
0 0 0 0 0 0 5.10 0 0.00000000 0.00000000 0.00 0.00 0.00 12.55 62.44 0.00 
0 0 0 0 0 0 5.13 0 0.00000000 0.00000000 0.00 0.00 0.00 12.55 62.44 0.00 
0 0 0 0 0 0 5.15 0 0.00000000 0.00000000 0.00 0.00 0.00 12.55 62.44 0.00 
0 0 0 0 0 0 5.18 0 0.00000000 0.00000000 0.00 0.00 0.00 12.55 62.44 0.00 
0 0 0 0 0 0 5.20 0 0.00000000 0.00000000 0.00 0.00 0.00 12.55 62.44 0.00 
0 0 0 0 0 0 5.22 0 0.00000000 0.00000000 0.00 0.00 0.00 12.55 62.44 0.00 
0 0 0 0 0 0 5.24 0 0.00000000 0.00000000 0.00 0.00 0.00 12.55 62.44 0.00 
0 0 0 0 0 0 5.27 0 0.00000000 0.00000000 0.00 0.00 0.00 12.55 62.44 0.00 
0 0 0 0 0 0 5.29 0 0.00000000 0.00000000 0.00 0.00 0.00 12.55 62.44 0.00 
0 0 0 0 0 0 5.31 0 0.00000000 0.00000000 0.00 0.00 0.00 12.55 62.44 0.00 
0 0 0 0 0 0 5.34 0 0.00000000 0.00000000 0.00 0.00 0.00 12.55 62.44 0.00 
0 0 0 0 0 0 5.36 0 0.00000000 0.00000000 0.00 0.00 0.00 12.55 62.44 0.00 
0 0 0 0 0 0 5.39 0 0.00000000 0.00000000 0.00 0.00 0.00 12.55 62.44 0.00 
0 0 0 0 0 0 5.41 0 0.00000000 0.00000000 0.00 0.00 0.00 12.55 62.44 0.00 
0 0 0 0 0 0 5.43 0 0.00000000 0.00000000 0.00 0.00 0.00 12.55 62.44 0.00 
0 0 0 0 0 0 5.45 0 0.00000000 0.00000000 0.00 0.00 0.00 12.55 62.44 0.00 
0 0 0 0 0 0 5.48 0 0.00000000 0.00000000 0.00 0.00 0.00 12.55 62.44 0.00 
0 0 0 0 0 0 5.50 0 0.00000000 0.00000000 0.00 0.00 0.00 12.55 62.44 0.00 
0 0 0 0 0 0 5.53 0 0.00000000 0.00000000 0.00 0.00 0.00 12.55 62.44 0.00 
0 0 0 0 0 0 5.55 0 0.00000000 0.00000000 0.00 0.00 0.00 12.55 62.44 0.00 
0 0 0 0 0 0 5.57 0 0.00000000 0.00000000 0.00 0.00 0.00 12.55 62.44 0.00 
0 0 0 0 0 0 5.59 0 0.00000000 0.00000000 0.00 0.00 0.00 12.55 62.44 0.00 
0 0 0 0 0 0 5.62 0 0.00000000 0.00000000 0.00 0.00 0.00 12.55 62.44 0.00 
0 0 0 0 0 0 5.64 0 0.00000000 0.00000000 0.00 0.00 0.00 12.55 62.44 0.00 
0 0 0 0 0 0 5.67 0 0.00000000 0.00000000 0.00 0.00 0.00 12.55 62.44 0.00 
0 0 0 0 0 0 5.69 0 0.00000000 0.00000000 0.00 0.00 0.00 12.55 62.44 0.00 
0 0 0 0 0 0 5.71 0 0.00000000 0.00000000 0.00 0.00 0.00 12.55 62.44 0.00 
0 0 0 0 0 0 5.73 0 0.00000000 0.00000000 0.00 0.00 0.00 12.55 62.44 0.00 
0 0 0 0 0 0 5.76 0 0.00000000 0.00000000 0.00 0.00 0.00 12.55 62.44 0.00 
0 0 0 0 0 0 5.78 0 0.00000000 0.00000000 0.00 0.00 0.00 12.55 62.44 0.00 
0 0 0 0 0 0 5.80 0 0.00000000 0.00000000 0.00 0.00 0.00 12.55 62.44 0.00 
0 0 0 0 0 0 5.83 0 0.00000000 0.00000000 0.00 0.00 0.00 12.55 62.44 0.00 
0 0 0 0 0 0 5.85 0 0.00000000 0.00000000 0.00 0.00 0.00 12.55 62.44 0.00 
0 0 0 0 0 0 5.87 0 0.00000000 0.00000000 0.00 0.00 0.00 12.55 62.44 0.00 
0 0 0 0 0 0 5.90 0 0.00000000 0.00000000 0.00 0.00 0.00 12.55 62.44 0.00 
0 0 0 0 0 0 5.92 0 0.00000000 0.00000000 0.00 0.00 0.00 12.55 62.44 0.00 
0 0 0 0 0 0 5.94 0 0.00000000 0.00000000 0.00 0.00 0.00 12.55 62.44 0.00 
0 0 0 0 0 0 5.97 0 0.00000000 0.00000000 0.00 0.00 0.00 12.55 62.44 0.00 
0 0 0 0 0 0 5.99 0 0.00000000 0.00000000 0.00 0.00 0.00 12.55 62.44 0.00 
0 0 0 0 0 0 6.02 0 0.00000000 0.00000000 0.00 0.00 0.00 18.01 55.20 0.00 
0 0 0 0 0 0 6.04 0 0.00000000 0.00000000 0.00 0.00 0.00 18.01 55.20 0.00 
0 0 0 0 0 0 6.07 0 0.00000000 0.00000000 0.00 0.00 0.00 18.01 55.20 0.00 
0 0 0 0 0 0 6.09 0 0.00000000 0.00000000 0.00 0.00 0.00 18.01 55.20 0.00 
0 0 0 0 0 0 6.11 0 0.00000000 0.00000000 0.00 0.00 0.00 18.01 55.20 0.00 
0 0 0 0 0 0 6.13 0 0.00000000 0.00000000 0.00 0.00 0.00 18.01 55.20 0.00 
0 0 0 0 0 0 6.16 0 0.00000000 0.00000000 0.00 0.00 0.00 18.01 55.20 0.00 
0 0 0 0 0 0 6.18 0 0.00000000 0.00000000 0.00 0.00 0.00 18.01 55.20 0.00 
0 0 0 0 0 0 6.21 0 0.00000000 0.00000000 0.00 0.00 0.00 18.01 55.20 0.00 
0 0 0 0 0 0 6.23 0 0.00000000 0.00000000 0.00 0.00 0.00 18.01 55.20 0.00 
0 0 0 0 0 0 6.25 0 0.00000000 0.00000000 0.00 0.00 0.00 18.01 55.20 0.00 
0 0 0 0 0 0 6.30 0 0.00000000 0.00000000 0.00 0.00 0.00 18.01 55.20 0.00 
0 0 0 0 0 0 6.32 0 0.00000000 0.00000000 0.00 0.00 0.00 18.01 55.20 0.00 
0 0 0 0 0 0 6.36 0 0.00000000 0.00000000 0.00 0.00 0.00 18.01 55.20 0.00 
0 0 0 0 0 0 6.38 0 0.00000000 0.00000000 0.00 0.00 0.00 18.01 55.20 0.00 
0 0 0 0 0 0 6.40 0 0.00000000 0.00000000 0.00 0.00 0.00 18.01 55.20 0.00 
0 0 0 0 0 0 6.42 0 0.00000000 0.00000000 0.00 0.00 0.00 18.01 55.20 0.00 
0 0 0 0 0 0 6.45 0 0.00000000 0.00000000 0.00 0.00 0.00 18.01 55.20 0.00 
0 0 0 0 0 0 6.47 0 0.00000000 0.00000000 0.00 0.00 0.00 18.01 55.20 0.00 
0 0 0 0 0 0 6.49 0 0.00000000 0.00000000 0.00 0.00 0.00 18.01 55.20 0.00 
0 0 0 0 0 0 6.52 0 0.00000000 0.00000000 0.00 0.00 0.00 18.01 55.20 0.00 
0 0 0 0 0 0 6.54 0 0.00000000 0.00000000 0.00 0.00 0.00 18.01 55.20 0.00 
0 0 0 0 0 0 6.56 0 0.00000000 0.00000000 0.00 0.00 0.00 18.01 55.20 0.00 
0 0 0 0 0 0 6.59 0 0.00000000 0.00000000 0.00 0.00 0.00 18.01 55.20 0.00 
0 0 0 0 0 0 6.61 0 0.00000000 0.00000000 0.00 0.00 0.00 18.01 55.20 0.00 
0 0 0 0 0 0 6.63 0 0.00000000 0.00000000 0.00 0.00 0.00 18.01 55.20 0.00 
0 0 0 0 0 0 6.65 0 0.00000000 0.00000000 0.00 0.00 0.00 18.01 55.20 0.00 
0 0 0 0 0 0 6.68 0 0.00000000 0.00000000 0.00 0.00 0.00 18.01 55.20 0.00 
0 0 0 0 0 0 6.70 0 0.00000000 0.00000000 0.00 0.00 0.00 18.01 55.20 0.00 
0 0 0 0 0 0 6.73 0 0.00000000 0.00000000 0.00 0.00 0.00 18.01 55.20 0.00 
0 0 0 0 0 0 6.75 0 0.00000000 0.00000000 0.00 0.00 0.00 18.01 55.20 0.00 
0 0 0 0 0 0 6.77 0 0.00000000 0.00000000 0.00 0.00 0.00 18.01 55.20 0.00 
0 0 0 0 0 0 6.80 0 0.00000000 0.00000000 0.00 0.00 0.00 18.01 55.20 0.00 
0 0 0 0 0 0 6.82 0 0.00000000 0.00000000 0.00 0.00 0.00 18.01 55.20 0.00 
0 0 0 0 0 0 6.84 0 0.00000000 0.00000000 0.00 0.00 0.00 18.01 55.20 0.00 
0 0 0 0 0 0 6.86 0 0.00000000 0.00000000 0.00 0.00 0.00 18.01 55.20 0.00 
0 0 0 0 0 0 6.88 0 0.00000000 0.00000000 0.00 0.00 0.00 18.01 55.20 0.00 
0 0 0 0 0 0 6.91 0 0.00000000 0.00000000 0.00 0.00 0.00 18.01 55.20 0.00 
0 0 0 0 0 0 6.93 0 0.00000000 0.00000000 0.00 0.00 0.00 18.01 55.20 0.00 
0 0 0 0 0 0 6.95 0 0.00000000 0.00000000 0.00 0.00 0.00 18.01 55.20 0.00 
0 0 0 0 0 0 6.98 0 0.00000000 0.00000000 0.00 0.00 0.00 18.01 55.20 0.00 
0 0 0 0 0 0 7.01 0 0.00000000 0.00000000 0.00 0.00 0.00 28.76 46.94 0.00 
0 0 0 0 0 0 7.03 0 0.00000000 0.00000000 0.00 0.00 0.00 28.76 46.94 0.00 
0 0 0 0 0 0 7.05 0 0.00000000 0.00000000 0.00 0.00 0.00 28.76 46.94 0.00 
0 0 0 0 0 0 7.07 0 0.00000000 0.00000000 0.00 0.00 0.00 28.76 46.94 0.00 
0 0 0 0 0 0 7.10 0 0.00000000 0.00000000 0.00 0.00 0.00 28.76 46.94 0.00 
0 0 0 0 0 0 7.12 0 0.00000000 0.00000000 0.00 0.00 0.00 28.76 46.94 0.00 
0 0 0 0 0 0 7.15 0 0.00000000 0.00000000 0.00 0.00 0.00 28.76 46.94 0.00 
0 0 0 0 0 0 7.17 0 0.00000000 0.00000000 0.00 0.00 0.00 28.76 46.94 0.00 
0 0 0 0 0 0 7.19 0 0.00000000 0.00000000 0.00 0.00 0.00 28.76 46.94 0.00 
0 0 0 0 0 0 7.22 0 0.00000000 0.00000000 0.00 0.00 0.00 28.76 46.94 0.00 
0 0 0 0 0 0 7.24 0 0.00000000 0.00000000 0.00 0.00 0.00 28.76 46.94 0.00 
0 0 0 0 0 0 7.26 0 0.00000000 0.00000000 0.00 0.00 0.00 28.76 46.94 0.00 
0 0 0 0 0 0 7.28 0 0.00000000 0.00000000 0.00 0.00 0.00 28.76 46.94 0.00 
0 0 0 0 0 0 7.31 0 0.00000000 0.00000000 0.00 0.00 0.00 28.76 46.94 0.00 
0 0 0 0 0 0 7.33 0 0.00000000 0.00000000 0.00 0.00 0.00 28.76 46.94 0.00 
0 0 0 0 0 0 7.36 0 0.00000000 0.00000000 0.00 0.00 0.00 28.76 46.94 0.00 
0 0 0 0 0 0 7.38 0 0.00000000 0.00000000 0.00 0.00 0.00 28.76 46.94 0.00 
0 0 0 0 0 0 7.40 0 0.00000000 0.00000000 0.00 0.00 0.00 28.76 46.94 0.00 
0 0 0 0 0 0 7.43 0 0.00000000 0.00000000 0.00 0.00 0.00 28.76 46.94 0.00 
0 0 0 0 0 0 7.45 0 0.00000000 0.00000000 0.00 0.00 0.00 28.76 46.94 0.00 
0 0 0 0 0 0 7.47 0 0.00000000 0.00000000 0.00 0.00 0.00 28.76 46.94 0.00 
0 0 0 0 0 0 7.50 0 0.00000000 0.00000000 0.00 0.00 0.00 28.76 46.94 0.00 
0 0 0 0 0 0 7.52 0 0.00000000 0.00000000 0.00 0.00 0.00 28.76 46.94 0.00 
0 0 0 0 0 0 7.54 0 0.00000000 0.00000000 0.00 0.00 0.00 28.76 46.94 0.00 
0 0 0 0 0 0 7.57 0 0.00000000 0.00000000 0.00 0.00 0.00 28.76 46.94 0.00 
0 0 0 0 0 0 7.59 0 0.00000000 0.00000000 0.00 0.00 0.00 28.76 46.94 0.00 
0 0 0 0 0 0 7.61 0 0.00000000 0.00000000 0.00 0.00 0.00 28.76 46.94 0.00 
0 0 0 0 0 0 7.65 0 0.00000000 0.00000000 0.00 0.00 0.00 28.76 46.94 0.00 
0 0 0 0 0 0 7.68 0 0.00000000 0.00000000 0.00 0.00 0.00 28.76 46.94 0.00 
0 0 0 0 0 0 7.71 0 0.00000000 0.00000000 0.00 0.00 0.00 28.76 46.94 0.00 
0 0 0 0 0 0 7.74 0 0.00000000 0.00000000 0.00 0.00 0.00 28.76 46.94 0.00 
0 0 0 0 0 0 7.76 0 0.00000000 0.00000000 0.00 0.00 0.00 28.76 46.94 0.00 
0 0 0 0 0 0 7.78 0 0.00000000 0.00000000 0.00 0.00 0.00 28.76 46.94 0.00 
0 0 0 0 0 0 7.80 0 0.00000000 0.00000000 0.00 0.00 0.00 28.76 46.94 0.00 
0 0 0 0 0 0 7.84 0 0.00000000 0.00000000 0.00 0.00 0.00 28.76 46.94 0.00 
0 0 0 0 0 0 7.97 0 0.00000000 0.00000000 0.00 0.00 0.00 28.76 46.94 0.00 
0 0 0 0 0 0 8.10 0 0.00000000 0.00000000 0.00 0.00 0.00 20.35 52.83 0.00 
0 0 0 0 0 0 8.22 0 0.00000000 0.00000000 0.00 0.00 0.00 20.35 52.83 0.00 
0 0 0 0 0 0 8.34 0 0.00000000 0.00000000 0.00 0.00 0.00 20.35 52.83 0.00 
0 0 0 0 0 0 8.43 0 0.00000000 0.00000000 0.00 0.00 0.00 20.35 52.83 0.00 
0 0 0 0 0 0 8.45 0 0.00000000 0.00000000 0.00 0.00 0.00 20.35 52.83 0.00 
0 0 0 0 0 0 8.48 0 0.00000000 0.00000000 0.00 0.00 0.00 20.35 52.83 0.00 
0 0 0 0 0 0 8.50 0 0.00000000 0.00000000 0.00 0.00 0.00 20.35 52.83 0.00 
0 0 0 0 0 0 8.52 0 0.00000000 0.00000000 0.00 0.00 0.00 20.35 52.83 0.00 
0 0 0 0 0 0 8.55 0 0.00000000 0.00000000 0.00 0.00 0.00 20.35 52.83 0.00 
0 0 0 0 0 0 8.57 0 0.00000000 0.00000000 0.00 0.00 0.00 20.35 52.83 0.00 
0 0 0 0 0 0 8.59 0 0.00000000 0.00000000 0.00 0.00 0.00 20.35 52.83 0.00 
0 0 0 0 0 0 8.61 0 0.00000000 0.00000000 0.00 0.00 0.00 20.35 52.83 0.00 
0 0 0 0 0 0 8.64 0 0.00000000 0.00000000 0.00 0.00 0.00 20.35 52.83 0.00 
0 0 0 0 0 0 8.66 0 0.00000000 0.00000000 0.00 0.00 0.00 20.35 52.83 0.00 
0 0 0 0 0 0 8.69 0 0.00000000 0.00000000 0.00 0.00 0.00 20.35 52.83 0.00 
0 0 0 0 0 0 8.71 0 0.00000000 0.00000000 0.00 0.00 0.00 20.35 52.83 0.00 
0 0 0 0 0 0 8.73 0 0.00000000 0.00000000 0.00 0.00 0.00 20.35 52.83 0.00 
0 0 0 0 0 0 8.75 0 0.00000000 0.00000000 0.00 0.00 0.00 20.35 52.83 0.00 
0 0 0 0 0 0 8.78 0 0.00000000 0.00000000 0.00 0.00 0.00 20.35 52.83 0.00 
0 0 0 0 0 0 8.80 0 0.00000000 0.00000000 0.00 0.00 0.00 20.35 52.83 0.00 
0 0 0 0 0 0 8.82 0 0.00000000 0.00000000 0.00 0.00 0.00 20.35 52.83 0.00 
0 0 0 0 0 0 8.85 0 0.00000000 0.00000000 0.00 0.00 0.00 20.35 52.83 0.00 
0 0 0 0 0 0 8.87 0 0.00000000 0.00000000 0.00 0.00 0.00 20.35 52.83 0.00 
0 0 0 0 0 0 8.89 0 0.00000000 0.00000000 0.00 0.00 0.00 20.35 52.83 0.00 
0 0 0 0 0 0 8.92 0 0.00000000 0.00000000 0.00 0.00 0.00 20.35 52.83 0.00 
0 0 0 0 0 0 8.94 0 0.00000000 0.00000000 0.00 0.00 0.00 20.35 52.83 0.00 
0 0 0 0 0 0 8.97 0 0.00000000 0.00000000 0.00 0.00 0.00 20.35 52.83 0.00 
0 0 0 0 0 0 8.99 0 0.00000000 0.00000000 0.00 0.00 0.00 20.35 52.83 0.00 
0 0 0 0 0 0 9.02 0 0.00000000 0.00000000 0.00 0.00 0.00 34.34 41.89 0.00 
0 0 0 0 0 0 9.04 0 0.00000000 0.00000000 0.00 0.00 0.00 34.34 41.89 0.00 
0 0 0 0 0 0 9.06 0 0.00000000 0.00000000 0.00 0.00 0.00 34.34 41.89 0.00 
0 0 0 0 0 0 9.08 0 0.00000000 0.00000000 0.00 0.00 0.00 34.34 41.89 0.00 
0 0 0 0 0 0 9.11 0 0.00000000 0.00000000 0.00 0.00 0.00 34.34 41.89 0.00 
0 0 0 0 0 0 9.13 0 0.00000000 0.00000000 0.00 0.00 0.00 34.34 41.89 0.00 
0 0 0 0 0 0 9.16 0 0.00000000 0.00000000 0.00 0.00 0.00 34.34 41.89 0.00 
0 0 0 0 0 0 9.18 0 0.00000000 0.00000000 0.00 0.00 0.00 34.34 41.89 0.00 
0 0 0 0 0 0 9.20 0 0.00000000 0.00000000 0.00 0.00 0.00 34.34 41.89 0.00 
0 0 0 0 0 0 9.23 0 0.00000000 0.00000000 0.00 0.00 0.00 34.34 41.89 0.00 
0 0 0 0 0 0 9.25 0 0.00000000 0.00000000 0.00 0.00 0.00 34.34 41.89 0.00 
0 0 0 0 0 0 9.27 0 0.00000000 0.00000000 0.00 0.00 0.00 34.34 41.89 0.00 
0 0 0 0 0 0 9.30 0 0.00000000 0.00000000 0.00 0.00 0.00 34.34 41.89 0.00 
0 0 0 0 0 0 9.32 0 0.00000000 0.00000000 0.00 0.00 0.00 34.34 41.89 0.00 
0 0 0 0 0 0 9.34 0 0.00000000 0.00000000 0.00 0.00 0.00 34.34 41.89 0.00 
0 0 0 0 0 0 9.36 0 0.00000000 0.00000000 0.00 0.00 0.00 34.34 41.89 0.00 
0 0 0 0 0 0 9.39 0 0.00000000 0.00000000 0.00 0.00 0.00 34.34 41.89 0.00 
0 0 0 0 0 0 9.41 0 0.00000000 0.00000000 0.00 0.00 0.00 34.34 41.89 0.00 
0 0 0 0 0 0 9.45 0 0.00000000 0.00000000 0.00 0.00 0.00 34.34 41.89 0.00 
0 0 0 0 0 0 9.47 0 0.00000000 0.00000000 0.00 0.00 0.00 34.34 41.89 0.00 
0 0 0 0 0 0 9.49 0 0.00000000 0.00000000 0.00 0.00 0.00 34.34 41.89 0.00 
0 0 0 0 0 0 9.52 0 0.00000000 0.00000000 0.00 0.00 0.00 34.34 41.89 0.00 
0 0 0 0 0 0 9.54 0 0.00000000 0.00000000 0.00 0.00 0.00 34.34 41.89 0.00 
0 0 0 0 0 0 9.56 0 0.00000000 0.00000000 0.00 0.00 0.00 34.34 41.89 0.00 
0 0 0 0 0 0 9.61 0 0.00000000 0.00000000 0.00 0.00 0.00 34.34 41.89 0.00 
0 0 0 0 0 0 9.63 0 0.00000000 0.00000000 0.00 0.00 0.00 34.34 41.89 0.00 
0 0 0 0 0 0 9.66 0 0.00000000 0.00000000 0.00 0.00 0.00 34.34 41.89 0.00 
0 0 0 0 0 0 9.68 0 0.00000000 0.00000000 0.00 0.00 0.00 34.34 41.89 0.00 
0 0 0 0 0 0 9.70 0 0.00000000 0.00000000 0.00 0.00 0.00 34.34 41.89 0.00 
0 0 0 0 0 0 9.72 0 0.00000000 0.00000000 0.00 0.00 0.00 34.34 41.89 0.00 
0 0 0 0 0 0 9.75 0 0.00000000 0.00000000 0.00 0.00 0.00 34.34 41.89 0.00 
0 0 0 0 0 0 9.77 0 0.00000000 0.00000000 0.00 0.00 0.00 34.34 41.89 0.00 
0 0 0 0 0 0 9.80 0 0.00000000 0.00000000 0.00 0.00 0.00 34.34 41.89 0.00 
0 0 0 0 0 0 9.82 0 0.00000000 0.00000000 0.00 0.00 0.00 34.34 41.89 0.00 
0 0 0 0 0 0 9.84 0 0.00000000 0.00000000 0.00 0.00 0.00 34.34 41.89 0.00 
0 0 0 0 0 0 9.86 0 0.00000000 0.00000000 0.00 0.00 0.00 34.34 41.89 0.00 
0 0 0 0 0 0 9.89 0 0.00000000 0.00000000 0.00 0.00 0.00 34.34 41.89 0.00 
0 0 0 0 0 0 9.91 0 0.00000000 0.00000000 0.00 0.00 0.00 34.34 41.89 0.00 
0 0 0 0 0 0 9.93 0 0.00000000 0.00000000 0.00 0.00 0.00 34.34 41.89 0.00 
0 0 0 0 0 0 9.96 0 0.00000000 0.00000000 0.00 0.00 0.00 34.34 41.89 0.00 
0 0 0 0 0 0 9.98 0 0.00000000 0.00000000 0.00 0.00 0.00 34.34 41.89 0.00 
0 0 0 0 0 0 10.01 0 0.00000000 0.00000000 0.00 0.00 0.00 17.85 50.96 0.00 
0 0 0 0 0 0 10.03 0 0.00000000 0.00000000 0.00 0.00 0.00 17.85 50.96 0.00 
0 0 0 0 0 0 10.06 0 0.00000000 0.00000000 0.00 0.00 0.00 17.85 50.96 0.00 
0 0 0 0 0 0 10.08 0 0.00000000 0.00000000 0.00 0.00 0.00 17.85 50.96 0.00 
0 0 0 0 0 0 10.10 0 0.00000000 0.00000000 0.00 0.00 0.00 17.85 50.96 0.00 
0 0 0 0 0 0 10.13 0 0.00000000 0.00000000 0.00 0.00 0.00 17.85 50.96 0.00 
0 0 0 0 0 0 10.15 0 0.00000000 0.00000000 0.00 0.00 0.00 17.85 50.96 0.00 
0 0 0 0 0 0 10.17 0 0.00000000 0.00000000 0.00 0.00 0.00 17.85 50.96 0.00 
0 0 0 0 0 0 10.20 0 0.00000000 0.00000000 0.00 0.00 0.00 17.85 50.96 0.00 
0 0 0 0 0 0 10.22 0 0.00000000 0.00000000 0.00 0.00 0.00 17.85 50.96 0.00 
0 0 0 0 0 0 10.24 0 0.00000000 0.00000000 0.00 0.00 0.00 17.85 50.96 0.00 
0 0 0 0 0 0 10.27 0 0.00000000 0.00000000 0.00 0.00 0.00 17.85 50.96 0.00 
0 0 0 0 0 0 10.29 0 0.00000000 0.00000000 0.00 0.00 0.00 17.85 50.96 0.00 
0 0 0 0 0 0 10.31 0 0.00000000 0.00000000 0.00 0.00 0.00 17.85 50.96 0.00 
0 0 0 0 0 0 10.34 0 0.00000000 0.00000000 0.00 0.00 0.00 17.85 50.96 0.00 
0 0 0 0 0 0 10.36 0 0.00000000 0.00000000 0.00 0.00 0.00 17.85 50.96 0.00 
0 0 0 0 0 0 10.38 0 0.00000000 0.00000000 0.00 0.00 0.00 17.85 50.96 0.00 
0 0 0 0 0 0 10.41 0 0.00000000 0.00000000 0.00 0.00 0.00 17.85 50.96 0.00 
0 0 0 0 0 0 10.43 0 0.00000000 0.00000000 0.00 0.00 0.00 17.85 50.96 0.00 
0 0 0 0 0 0 10.46 0 0.00000000 0.00000000 0.00 0.00 0.00 17.85 50.96 0.00 
0 0 0 0 0 0 10.48 0 0.00000000 0.00000000 0.00 0.00 0.00 17.85 50.96 0.00 
0 0 0 0 0 0 10.50 0 0.00000000 0.00000000 0.00 0.00 0.00 17.85 50.96 0.00 
0 0 0 0 0 0 10.52 0 0.00000000 0.00000000 0.00 0.00 0.00 17.85 50.96 0.00 
0 0 0 0 0 0 10.55 0 0.00000000 0.00000000 0.00 0.00 0.00 17.85 50.96 0.00 
0 0 0 0 0 0 10.57 0 0.00000000 0.00000000 0.00 0.00 0.00 17.85 50.96 0.00 
0 0 0 0 0 0 10.59 0 0.00000000 0.00000000 0.00 0.00 0.00 17.85 50.96 0.00 
0 0 0 0 0 0 10.62 0 0.00000000 0.00000000 0.00 0.00 0.00 17.85 50.96 0.00 
0 0 0 0 0 0 10.64 0 0.00000000 0.00000000 0.00 0.00 0.00 17.85 50.96 0.00 
0 0 0 0 0 0 10.67 0 0.00000000 0.00000000 0.00 0.00 0.00 17.85 50.96 0.00 
0 0 0 0 0 0 10.69 0 0.00000000 0.00000000 0.00 0.00 0.00 17.85 50.96 0.00 
0 0 0 0 0 0 10.71 0 0.00000000 0.00000000 0.00 0.00 0.00 17.85 50.96 0.00 
0 0 0 0 0 0 10.73 0 0.00000000 0.00000000 0.00 0.00 0.00 17.85 50.96 0.00 
0 0 0 0 0 0 10.77 0 0.00000000 0.00000000 0.00 0.00 0.00 17.85 50.96 0.00 
0 0 0 0 0 0 10.79 0 0.00000000 0.00000000 0.00 0.00 0.00 17.85 50.96 0.00 
0 0 0 0 0 0 10.82 0 0.00000000 0.00000000 0.00 0.00 0.00 17.85 50.96 0.00 
0 0 0 0 0 0 10.84 0 0.00000000 0.00000000 0.00 0.00 0.00 17.85 50.96 0.00 
0 0 0 0 0 0 10.86 0 0.00000000 0.00000000 0.00 0.00 0.00 17.85 50.96 0.00 
0 0 0 0 0 0 10.89 0 0.00000000 0.00000000 0.00 0.00 0.00 17.85 50.96 0.00 
0 0 0 0 0 0 10.91 0 0.00000000 0.00000000 0.00 0.00 0.00 17.85 50.96 0.00 
0 0 0 0 0 0 10.94 0 0.00000000 0.00000000 0.00 0.00 0.00 17.85 50.96 0.00 
0 0 0 0 0 0 10.96 0 0.00000000 0.00000000 0.00 0.00 0.00 17.85 50.96 0.00 
0 0 0 0 0 0 10.99 0 0.00000000 0.00000000 0.00 0.00 0.00 17.85 50.96 0.00 
0 0 0 0 0 0 11.03 0 0.00000000 0.00000000 0.00 0.00 0.00 21.37 47.93 0.00 
0 0 0 0 0 0 11.05 0 0.00000000 0.00000000 0.00 0.00 0.00 21.37 47.93 0.00 
0 0 0 0 0 0 11.07 0 0.00000000 0.00000000 0.00 0.00 0.00 21.37 47.93 0.00 
0 0 0 0 0 0 11.10 0 0.00000000 0.00000000 0.00 0.00 0.00 21.37 47.93 0.00 
0 0 0 0 0 0 11.12 0 0.00000000 0.00000000 0.00 0.00 0.00 21.37 47.93 0.00 
0 0 0 0 0 0 11.15 0 0.00000000 0.00000000 0.00 0.00 0.00 21.37 47.93 0.00 
0 0 0 0 0 0 11.17 0 0.00000000 0.00000000 0.00 0.00 0.00 21.37 47.93 0.00 
0 0 0 0 0 0 11.19 0 0.00000000 0.00000000 0.00 0.00 0.00 21.37 47.93 0.00 
0 0 0 0 0 0 11.22 0 0.00000000 0.00000000 0.00 0.00 0.00 21.37 47.93 0.00 
0 0 0 0 0 0 11.24 0 0.00000000 0.00000000 0.00 0.00 0.00 21.37 47.93 0.00 
0 0 0 0 0 0 11.26 0 0.00000000 0.00000000 0.00 0.00 0.00 21.37 47.93 0.00 
0 0 0 0 0 0 11.29 0 0.00000000 0.00000000 0.00 0.00 0.00 21.37 47.93 0.00 
0 0 0 0 0 0 11.31 0 0.00000000 0.00000000 0.00 0.00 0.00 21.37 47.93 0.00 
0 0 0 0 0 0 11.33 0 0.00000000 0.00000000 0.00 0.00 0.00 21.37 47.93 0.00 
0 0 0 0 0 0 11.36 0 0.00000000 0.00000000 0.00 0.00 0.00 21.37 47.93 0.00 
0 0 0 0 0 0 11.38 0 0.00000000 0.00000000 0.00 0.00 0.00 21.37 47.93 0.00 
0 0 0 0 0 0 11.40 0 0.00000000 0.00000000 0.00 0.00 0.00 21.37 47.93 0.00 
0 0 0 0 0 0 11.43 0 0.00000000 0.00000000 0.00 0.00 0.00 21.37 47.93 0.00 
0 0 0 0 0 0 11.45 0 0.00000000 0.00000000 0.00 0.00 0.00 21.37 47.93 0.00 
0 0 0 0 0 0 11.47 0 0.00000000 0.00000000 0.00 0.00 0.00 21.37 47.93 0.00 
0 0 0 0 0 0 11.50 0 0.00000000 0.00000000 0.00 0.00 0.00 21.37 47.93 0.00 
0 0 0 0 0 0 11.52 0 0.00000000 0.00000000 0.00 0.00 0.00 21.37 47.93 0.00 
0 0 0 0 0 0 11.54 0 0.00000000 0.00000000 0.00 0.00 0.00 21.37 47.93 0.00 
0 0 0 0 0 0 11.57 0 0.00000000 0.00000000 0.00 0.00 0.00 21.37 47.93 0.00 
0 0 0 0 0 0 11.59 0 0.00000000 0.00000000 0.00 0.00 0.00 21.37 47.93 0.00 
0 0 0 0 0 0 11.61 0 0.00000000 0.00000000 0.00 0.00 0.00 21.37 47.93 0.00 
0 0 0 0 0 0 11.63 0 0.00000000 0.00000000 0.00 0.00 0.00 21.37 47.93 0.00 
0 0 0 0 0 0 11.65 0 0.00000000 0.00000000 0.00 0.00 0.00 21.37 47.93 0.00 
0 0 0 0 0 0 11.68 0 0.00000000 0.00000000 0.00 0.00 0.00 21.37 47.93 0.00 
0 0 0 0 0 0 11.70 0 0.00000000 0.00000000 0.00 0.00 0.00 21.37 47.93 0.00 
0 0 0 0 0 0 11.72 0 0.00000000 0.00000000 0.00 0.00 0.00 21.37 47.93 0.00 
0 0 0 0 0 0 11.75 0 0.00000000 0.00000000 0.00 0.00 0.00 21.37 47.93 0.00 
0 0 0 0 0 0 11.77 0 0.00000000 0.00000000 0.00 0.00 0.00 21.37 47.93 0.00 
0 0 0 0 0 0 11.80 0 0.00000000 0.00000000 0.00 0.00 0.00 21.37 47.93 0.00 
0 0 0 0 0 0 11.82 0 0.00000000 0.00000000 0.00 0.00 0.00 21.37 47.93 0.00 
0 0 0 0 0 0 11.84 0 0.00000000 0.00000000 0.00 0.00 0.00 21.37 47.93 0.00 
0 0 0 0 0 0 11.86 0 0.00000000 0.00000000 0.00 0.00 0.00 21.37 47.93 0.00 
0 0 0 0 0 0 11.89 0 0.00000000 0.00000000 0.00 0.00 0.00 21.37 47.93 0.00 
0 0 0 0 0 0 11.91 0 0.00000000 0.00000000 0.00 0.00 0.00 21.37 47.93 0.00 
0 0 0 0 0 0 11.94 0 0.00000000 0.00000000 0.00 0.00 0.00 21.37 47.93 0.00 
0 0 0 0 0 0 11.96 0 0.00000000 0.00000000 0.00 0.00 0.00 21.37 47.93 0.00 
0 0 0 0 0 0 11.98 0 0.00000000 0.00000000 0.00 0.00 0.00 21.37 47.93 0.00 
0 0 0 0 0 0 12.01 0 0.00000000 0.00000000 0.00 0.00 0.00 17.89 51.67 0.00 
0 0 0 0 0 0 12.03 0 0.00000000 0.00000000 0.00 0.00 0.00 17.89 51.67 0.00 
0 0 0 0 0 0 12.06 0 0.00000000 0.00000000 0.00 0.00 0.00 17.89 51.67 0.00 
0 0 0 0 0 0 12.09 0 0.00000000 0.00000000 0.00 0.00 0.00 17.89 51.67 0.00 
0 0 0 0 0 0 12.12 0 0.00000000 0.00000000 0.00 0.00 0.00 17.89 51.67 0.00 
0 0 0 0 0 0 12.14 0 0.00000000 0.00000000 0.00 0.00 0.00 17.89 51.67 0.00 
0 0 0 0 0 0 12.16 0 0.00000000 0.00000000 0.00 0.00 0.00 17.89 51.67 0.00 
0 0 0 0 0 0 12.19 0 0.00000000 0.00000000 0.00 0.00 0.00 17.89 51.67 0.00 
0 0 0 0 0 0 12.21 0 0.00000000 0.00000000 0.00 0.00 0.00 17.89 51.67 0.00 
0 0 0 0 0 0 12.23 0 0.00000000 0.00000000 0.00 0.00 0.00 17.89 51.67 0.00 
0 0 0 0 0 0 12.26 0 0.00000000 0.00000000 0.00 0.00 0.00 17.89 51.67 0.00 
0 0 0 0 0 0 12.28 0 0.00000000 0.00000000 0.00 0.00 0.00 17.89 51.67 0.00 
0 0 0 0 0 0 12.30 0 0.00000000 0.00000000 0.00 0.00 0.00 17.89 51.67 0.00 
0 0 0 0 0 0 12.33 0 0.00000000 0.00000000 0.00 0.00 0.00 17.89 51.67 0.00 
0 0 0 0 0 0 12.35 0 0.00000000 0.00000000 0.00 0.00 0.00 17.89 51.67 0.00 
0 0 0 0 0 0 12.37 0 0.00000000 0.00000000 0.00 0.00 0.00 17.89 51.67 0.00 
0 0 0 0 0 0 12.40 0 0.00000000 0.00000000 0.00 0.00 0.00 17.89 51.67 0.00 
0 0 0 0 0 0 12.44 0 0.00000000 0.00000000 0.00 0.00 0.00 17.89 51.67 0.00 
0 0 0 0 0 0 12.47 0 0.00000000 0.00000000 0.00 0.00 0.00 17.89 51.67 0.00 
0 0 0 0 0 0 12.49 0 0.00000000 0.00000000 0.00 0.00 0.00 17.89 51.67 0.00 
0 0 0 0 0 0 12.51 0 0.00000000 0.00000000 0.00 0.00 0.00 17.89 51.67 0.00 
0 0 0 0 0 0 12.53 0 0.00000000 0.00000000 0.00 0.00 0.00 17.89 51.67 0.00 
0 0 0 0 0 0 12.56 0 0.00000000 0.00000000 0.00 0.00 0.00 17.89 51.67 0.00 
0 0 0 0 0 0 12.58 0 0.00000000 0.00000000 0.00 0.00 0.00 17.89 51.67 0.00 
0 0 0 0 0 0 12.61 0 0.00000000 0.00000000 0.00 0.00 0.00 17.89 51.67 0.00 
0 0 0 0 0 0 12.63 0 0.00000000 0.00000000 0.00 0.00 0.00 17.89 51.67 0.00 
0 0 0 0 0 0 12.65 0 0.00000000 0.00000000 0.00 0.00 0.00 17.89 51.67 0.00 
0 0 0 0 0 0 12.68 0 0.00000000 0.00000000 0.00 0.00 0.00 17.89 51.67 0.00 
0 0 0 0 0 0 12.70 0 0.00000000 0.00000000 0.00 0.00 0.00 17.89 51.67 0.00 
0 0 0 0 0 0 12.72 0 0.00000000 0.00000000 0.00 0.00 0.00 17.89 51.67 0.00 
0 0 0 0 0 0 12.75 0 0.00000000 0.00000000 0.00 0.00 0.00 17.89 51.67 0.00 
0 0 0 0 0 0 12.77 0 0.00000000 0.00000000 0.00 0.00 0.00 17.89 51.67 0.00 
0 0 0 0 0 0 12.79 0 0.00000000 0.00000000 0.00 0.00 0.00 17.89 51.67 0.00 
0 0 0 0 0 0 12.82 0 0.00000000 0.00000000 0.00 0.00 0.00 17.89 51.67 0.00 
0 0 0 0 0 0 12.84 0 0.00000000 0.00000000 0.00 0.00 0.00 17.89 51.67 0.00 
0 0 0 0 0 0 12.86 0 0.00000000 0.00000000 0.00 0.00 0.00 17.89 51.67 0.00 
0 0 0 0 0 0 12.89 0 0.00000000 0.00000000 0.00 0.00 0.00 17.89 51.67 0.00 
0 0 0 0 0 0 12.91 0 0.00000000 0.00000000 0.00 0.00 0.00 17.89 51.67 0.00 
0 0 0 0 0 0 12.94 0 0.00000000 0.00000000 0.00 0.00 0.00 17.89 51.67 0.00 
0 0 0 0 0 0 12.96 0 0.00000000 0.00000000 0.00 0.00 0.00 17.89 51.67 0.00 
0 0 0 0 0 0 12.98 0 0.00000000 0.00000000 0.00 0.00 0.00 17.89 51.67 0.00 
0 0 0 0 0 0 13.01 0 0.00000000 0.00000000 0.00 0.00 0.00 28.55 46.46 0.00 
0 0 0 0 0 0 13.03 0 0.00000000 0.00000000 0.00 0.00 0.00 28.55 46.46 0.00 
0 0 0 0 0 0 13.05 0 0.00000000 0.00000000 0.00 0.00 0.00 28.55 46.46 0.00 
0 0 0 0 0 0 13.08 0 0.00000000 0.00000000 0.00 0.00 0.00 28.55 46.46 0.00 
0 0 0 0 0 0 13.10 0 0.00000000 0.00000000 0.00 0.00 0.00 28.55 46.46 0.00 
0 0 0 0 0 0 13.13 0 0.00000000 0.00000000 0.00 0.00 0.00 28.55 46.46 0.00 
0 0 0 0 0 0 13.15 0 0.00000000 0.00000000 0.00 0.00 0.00 28.55 46.46 0.00 
0 0 0 0 0 0 13.17 0 0.00000000 0.00000000 0.00 0.00 0.00 28.55 46.46 0.00 
0 0 0 0 0 0 13.19 0 0.00000000 0.00000000 0.00 0.00 0.00 28.55 46.46 0.00 
0 0 0 0 0 0 13.22 0 0.00000000 0.00000000 0.00 0.00 0.00 28.55 46.46 0.00 
0 0 0 0 0 0 13.25 0 0.00000000 0.00000000 0.00 0.00 0.00 28.55 46.46 0.00 
0 0 0 0 0 0 13.27 0 0.00000000 0.00000000 0.00 0.00 0.00 28.55 46.46 0.00 
0 0 0 0 0 0 13.29 0 0.00000000 0.00000000 0.00 0.00 0.00 28.55 46.46 0.00 
0 0 0 0 0 0 13.31 0 0.00000000 0.00000000 0.00 0.00 0.00 28.55 46.46 0.00 
0 0 0 0 0 0 13.34 0 0.00000000 0.00000000 0.00 0.00 0.00 28.55 46.46 0.00 
0 0 0 0 0 0 13.36 0 0.00000000 0.00000000 0.00 0.00 0.00 28.55 46.46 0.00 
0 0 0 0 0 0 13.38 0 0.00000000 0.00000000 0.00 0.00 0.00 28.55 46.46 0.00 
0 0 0 0 0 0 13.42 0 0.00000000 0.00000000 0.00 0.00 0.00 28.55 46.46 0.00 
0 0 0 0 0 0 13.44 0 0.00000000 0.00000000 0.00 0.00 0.00 28.55 46.46 0.00 
0 0 0 0 0 0 13.46 0 0.00000000 0.00000000 0.00 0.00 0.00 28.55 46.46 0.00 
0 0 0 0 0 0 13.49 0 0.00000000 0.00000000 0.00 0.00 0.00 28.55 46.46 0.00 
0 0 0 0 0 0 13.51 0 0.00000000 0.00000000 0.00 0.00 0.00 28.55 46.46 0.00 
0 0 0 0 0 0 13.53 0 0.00000000 0.00000000 0.00 0.00 0.00 28.55 46.46 0.00 
0 0 0 0 0 0 13.57 0 0.00000000 0.00000000 0.00 0.00 0.00 28.55 46.46 0.00 
0 0 0 0 0 0 13.70 0 0.00000000 0.00000000 0.00 0.00 0.00 28.55 46.46 0.00 
0 0 0 0 0 0 13.82 0 0.00000000 0.00000000 0.00 0.00 0.00 28.55 46.46 0.00 
0 0 0 0 0 0 13.94 0 0.00000000 0.00000000 0.00 0.00 0.00 28.55 46.46 0.00 
0 0 0 0 0 0 14.07 0 0.00000000 0.00000000 0.00 0.00 0.00 24.91 47.49 0.00 
0 0 0 0 0 0 14.16 0 0.00000000 0.00000000 0.00 0.00 0.00 24.91 47.49 0.00 
0 0 0 0 0 0 14.18 0 0.00000000 0.00000000 0.00 0.00 0.00 24.91 47.49 0.00 
0 0 0 0 0 0 14.21 0 0.00000000 0.00000000 0.00 0.00 0.00 24.91 47.49 0.00 
0 0 0 0 0 0 14.23 0 0.00000000 0.00000000 0.00 0.00 0.00 24.91 47.49 0.00 
0 0 0 0 0 0 14.25 0 0.00000000 0.00000000 0.00 0.00 0.00 24.91 47.49 0.00 
0 0 0 0 0 0 14.27 0 0.00000000 0.00000000 0.00 0.00 0.00 24.91 47.49 0.00 
0 0 0 0 0 0 14.30 0 0.00000000 0.00000000 0.00 0.00 0.00 24.91 47.49 0.00 
0 0 0 0 0 0 14.34 0 0.00000000 0.00000000 0.00 0.00 0.00 24.91 47.49 0.00 
0 0 0 0 0 0 14.37 0 0.00000000 0.00000000 0.00 0.00 0.00 24.91 47.49 0.00 
0 0 0 0 0 0 14.39 0 0.00000000 0.00000000 0.00 0.00 0.00 24.91 47.49 0.00 
0 0 0 0 0 0 14.42 0 0.00000000 0.00000000 0.00 0.00 0.00 24.91 47.49 0.00 
0 0 0 0 0 0 14.44 0 0.00000000 0.00000000 0.00 0.00 0.00 24.91 47.49 0.00 
0 0 0 0 0 0 14.46 0 0.00000000 0.00000000 0.00 0.00 0.00 24.91 47.49 0.00 
0 0 0 0 0 0 14.48 0 0.00000000 0.00000000 0.00 0.00 0.00 24.91 47.49 0.00 
0 0 0 0 0 0 14.51 0 0.00000000 0.00000000 0.00 0.00 0.00 24.91 47.49 0.00 
0 0 0 0 0 0 14.53 0 0.00000000 0.00000000 0.00 0.00 0.00 24.91 47.49 0.00 
0 0 0 0 0 0 14.56 0 0.00000000 0.00000000 0.00 0.00 0.00 24.91 47.49 0.00 
0 0 0 0 0 0 14.58 0 0.00000000 0.00000000 0.00 0.00 0.00 24.91 47.49 0.00 
0 0 0 0 0 0 14.60 0 0.00000000 0.00000000 0.00 0.00 0.00 24.91 47.49 0.00 
0 0 0 0 0 0 14.63 0 0.00000000 0.00000000 0.00 0.00 0.00 24.91 47.49 0.00 
0 0 0 0 0 0 14.65 0 0.00000000 0.00000000 0.00 0.00 0.00 24.91 47.49 0.00 
0 0 0 0 0 0 14.67 0 0.00000000 0.00000000 0.00 0.00 0.00 24.91 47.49 0.00 
0 0 0 0 0 0 14.69 0 0.00000000 0.00000000 0.00 0.00 0.00 24.91 47.49 0.00 
0 0 0 0 0 0 14.72 0 0.00000000 0.00000000 0.00 0.00 0.00 24.91 47.49 0.00 
0 0 0 0 0 0 14.74 0 0.00000000 0.00000000 0.00 0.00 0.00 24.91 47.49 0.00 
0 0 0 0 0 0 14.77 0 0.00000000 0.00000000 0.00 0.00 0.00 24.91 47.49 0.00 
0 0 0 0 0 0 14.79 0 0.00000000 0.00000000 0.00 0.00 0.00 24.91 47.49 0.00 
0 0 0 0 0 0 14.81 0 0.00000000 0.00000000 0.00 0.00 0.00 24.91 47.49 0.00 
0 0 0 0 0 0 14.84 0 0.00000000 0.00000000 0.00 0.00 0.00 24.91 47.49 0.00 
0 0 0 0 0 0 14.86 0 0.00000000 0.00000000 0.00 0.00 0.00 24.91 47.49 0.00 
0 0 0 0 0 0 14.89 0 0.00000000 0.00000000 0.00 0.00 0.00 24.91 47.49 0.00 
0 0 0 0 0 0 14.91 0 0.00000000 0.00000000 0.00 0.00 0.00 24.91 47.49 0.00 
0 0 0 0 0 0 14.93 0 0.00000000 0.00000000 0.00 0.00 0.00 24.91 47.49 0.00 
0 0 0 0 0 0 14.95 0 0.00000000 0.00000000 0.00 0.00 0.00 24.91 47.49 0.00 
0 0 0 0 0 0 14.98 0 0.00000000 0.00000000 0.00 0.00 0.00 24.91 47.49 0.00 
0 0 0 0 0 0 15.00 0 0.00000000 0.00000000 0.00 0.00 0.00 24.91 47.49 0.00 
0 0 0 0 0 0 15.03 0 0.00000000 0.00000000 0.00 0.00 0.00 26.81 46.80 0.00 
0 0 0 0 0 0 15.05 0 0.00000000 0.00000000 0.00 0.00 0.00 26.81 46.80 0.00 
0 0 0 0 0 0 15.08 0 0.00000000 0.00000000 0.00 0.00 0.00 26.81 46.80 0.00 
0 0 0 0 0 0 15.10 0 0.00000000 0.00000000 0.00 0.00 0.00 26.81 46.80 0.00 
0 0 0 0 0 0 15.12 0 0.00000000 0.00000000 0.00 0.00 0.00 26.81 46.80 0.00 
0 0 0 0 0 0 15.15 0 0.00000000 0.00000000 0.00 0.00 0.00 26.81 46.80 0.00 
0 0 0 0 0 0 15.17 0 0.00000000 0.00000000 0.00 0.00 0.00 26.81 46.80 0.00 
0 0 0 0 0 0 15.21 0 0.00000000 0.00000000 0.00 0.00 0.00 26.81 46.80 0.00 
0 0 0 0 0 0 15.23 0 0.00000000 0.00000000 0.00 0.00 0.00 26.81 46.80 0.00 
0 0 0 0 0 0 15.25 0 0.00000000 0.00000000 0.00 0.00 0.00 26.81 46.80 0.00 
0 0 0 0 0 0 15.27 0 0.00000000 0.00000000 0.00 0.00 0.00 26.81 46.80 0.00 
0 0 0 0 0 0 15.30 0 0.00000000 0.00000000 0.00 0.00 0.00 26.81 46.80 0.00 
0 0 0 0 0 0 15.32 0 0.00000000 0.00000000 0.00 0.00 0.00 26.81 46.80 0.00 
0 0 0 0 0 0 15.34 0 0.00000000 0.00000000 0.00 0.00 0.00 26.81 46.80 0.00 
0 0 0 0 0 0 15.37 0 0.00000000 0.00000000 0.00 0.00 0.00 26.81 46.80 0.00 
0 0 0 0 0 0 15.39 0 0.00000000 0.00000000 0.00 0.00 0.00 26.81 46.80 0.00 
0 0 0 0 0 0 15.42 0 0.00000000 0.00000000 0.00 0.00 0.00 26.81 46.80 0.00 
0 0 0 0 0 0 15.44 0 0.00000000 0.00000000 0.00 0.00 0.00 26.81 46.80 0.00 
0 0 0 0 0 0 15.46 0 0.00000000 0.00000000 0.00 0.00 0.00 26.81 46.80 0.00 
0 0 0 0 0 0 15.48 0 0.00000000 0.00000000 0.00 0.00 0.00 26.81 46.80 0.00 
0 0 0 0 0 0 15.51 0 0.00000000 0.00000000 0.00 0.00 0.00 26.81 46.80 0.00 
0 0 0 0 0 0 15.53 0 0.00000000 0.00000000 0.00 0.00 0.00 26.81 46.80 0.00 
0 0 0 0 0 0 15.56 0 0.00000000 0.00000000 0.00 0.00 0.00 26.81 46.80 0.00 
0 0 0 0 0 0 15.58 0 0.00000000 0.00000000 0.00 0.00 0.00 26.81 46.80 0.00 
0 0 0 0 0 0 15.60 0 0.00000000 0.00000000 0.00 0.00 0.00 26.81 46.80 0.00 
0 0 0 0 0 0 15.63 0 0.00000000 0.00000000 0.00 0.00 0.00 26.81 46.80 0.00 
0 0 0 0 0 0 15.65 0 0.00000000 0.00000000 0.00 0.00 0.00 26.81 46.80 0.00 
0 0 0 0 0 0 15.67 0 0.00000000 0.00000000 0.00 0.00 0.00 26.81 46.80 0.00 
0 0 0 0 0 0 15.70 0 0.00000000 0.00000000 0.00 0.00 0.00 26.81 46.80 0.00 
0 0 0 0 0 0 15.73 0 0.00000000 0.00000000 0.00 0.00 0.00 26.81 46.80 0.00 
0 0 0 0 0 0 15.76 0 0.00000000 0.00000000 0.00 0.00 0.00 26.81 46.80 0.00 
0 0 0 0 0 0 15.78 0 0.00000000 0.00000000 0.00 0.00 0.00 26.81 46.80 0.00 
0 0 0 0 0 0 15.81 0 0.00000000 0.00000000 0.00 0.00 0.00 26.81 46.80 0.00 
0 0 0 0 0 0 15.83 0 0.00000000 0.00000000 0.00 0.00 0.00 26.81 46.80 0.00 
0 0 0 0 0 0 15.85 0 0.00000000 0.00000000 0.00 0.00 0.00 26.81 46.80 0.00 
0 0 0 0 0 0 15.88 0 0.00000000 0.00000000 0.00 0.00 0.00 26.81 46.80 0.00 
0 0 0 0 0 0 15.90 0 0.00000000 0.00000000 0.00 0.00 0.00 26.81 46.80 0.00 
0 0 0 0 0 0 15.93 0 0.00000000 0.00000000 0.00 0.00 0.00 26.81 46.80 0.00 
0 0 0 0 0 0 15.95 0 0.00000000 0.00000000 0.00 0.00 0.00 26.81 46.80 0.00 
0 0 0 0 0 0 15.97 0 0.00000000 0.00000000 0.00 0.00 0.00 26.81 46.80 0.00 
0 0 0 0 0 0 16.00 0 0.00000000 0.00000000 0.00 0.00 0.00 26.81 46.80 0.00 
0 0 0 0 0 0 16.03 0 0.00000000 0.00000000 0.00 0.00 0.00 30.92 45.51 0.00 
0 0 0 0 0 0 16.05 0 0.00000000 0.00000000 0.00 0.00 0.00 30.92 45.51 0.00 
0 0 0 0 0 0 16.07 0 0.00000000 0.00000000 0.00 0.00 0.00 30.92 45.51 0.00 
0 0 0 0 0 0 16.10 0 0.00000000 0.00000000 0.00 0.00 0.00 30.92 45.51 0.00 
0 0 0 0 0 0 16.12 0 0.00000000 0.00000000 0.00 0.00 0.00 30.92 45.51 0.00 
0 0 0 0 0 0 16.14 0 0.00000000 0.00000000 0.00 0.00 0.00 30.92 45.51 0.00 
0 0 0 0 0 0 16.16 0 0.00000000 0.00000000 0.00 0.00 0.00 30.92 45.51 0.00 
0 0 0 0 0 0 16.19 0 0.00000000 0.00000000 0.00 0.00 0.00 30.92 45.51 0.00 
0 0 0 0 0 0 16.21 0 0.00000000 0.00000000 0.00 0.00 0.00 30.92 45.51 0.00 
0 0 0 0 0 0 16.24 0 0.00000000 0.00000000 0.00 0.00 0.00 30.92 45.51 0.00 
0 0 0 0 0 0 16.26 0 0.00000000 0.00000000 0.00 0.00 0.00 30.92 45.51 0.00 
0 0 0 0 0 0 16.28 0 0.00000000 0.00000000 0.00 0.00 0.00 30.92 45.51 0.00 
0 0 0 0 0 0 16.31 0 0.00000000 0.00000000 0.00 0.00 0.00 30.92 45.51 0.00 
0 0 0 0 0 0 16.33 0 0.00000000 0.00000000 0.00 0.00 0.00 30.92 45.51 0.00 
0 0 0 0 0 0 16.35 0 0.00000000 0.00000000 0.00 0.00 0.00 30.92 45.51 0.00 
0 0 0 0 0 0 16.38 0 0.00000000 0.00000000 0.00 0.00 0.00 30.92 45.51 0.00 
0 0 0 0 0 0 16.40 0 0.00000000 0.00000000 0.00 0.00 0.00 30.92 45.51 0.00 
0 0 0 0 0 0 16.42 0 0.00000000 0.00000000 0.00 0.00 0.00 30.92 45.51 0.00 
0 0 0 0 0 0 16.45 0 0.00000000 0.00000000 0.00 0.00 0.00 30.92 45.51 0.00 
0 0 0 0 0 0 16.47 0 0.00000000 0.00000000 0.00 0.00 0.00 30.92 45.51 0.00 
0 0 0 0 0 0 16.49 0 0.00000000 0.00000000 0.00 0.00 0.00 30.92 45.51 0.00 
0 0 0 0 0 0 16.53 0 0.00000000 0.00000000 0.00 0.00 0.00 30.92 45.51 0.00 
0 0 0 0 0 0 16.55 0 0.00000000 0.00000000 0.00 0.00 0.00 30.92 45.51 0.00 
0 0 0 0 0 0 16.57 0 0.00000000 0.00000000 0.00 0.00 0.00 30.92 45.51 0.00 
0 0 0 0 0 0 16.60 0 0.00000000 0.00000000 0.00 0.00 0.00 30.92 45.51 0.00 
0 0 0 0 0 0 16.62 0 0.00000000 0.00000000 0.00 0.00 0.00 30.92 45.51 0.00 
