0 0 0 2.86 0.00000000 0.00000000 0.00 0.00 0.00 0.05 0.07 0.12 0.01 -0.02 0.00 93.39 93.93 90.05 
0 0 0 3.03 0.00000000 0.00000000 0.00 0.00 0.00 0.06 0.07 0.09 0.01 -0.00 0.00 93.47 94.16 90.03 
0 0 0 3.13 0.00000000 0.00000000 0.00 0.00 0.00 0.05 0.09 0.16 0.01 -0.00 0.00 93.23 95.31 90.01 
0 0 0 3.23 0.00000000 0.00000000 0.00 0.00 0.00 0.04 0.06 0.06 0.02 -0.01 0.00 92.60 93.44 90.03 
0 0 0 3.33 0.00000000 0.00000000 0.00 0.00 0.00 0.06 0.05 -0.01 0.02 -0.02 0.00 93.65 93.22 90.03 
0 0 0 3.44 0.00000000 0.00000000 0.00 0.00 0.00 0.06 0.06 0.05 0.01 -0.03 0.00 93.96 93.72 90.04 
0 0 0 3.54 0.00000000 0.00000000 0.00 0.00 0.00 0.05 0.10 0.19 0.01 -0.01 0.00 93.09 95.42 90.02 
0 0 0 3.64 0.00000000 0.00000000 0.00 0.00 0.00 0.06 0.07 0.03 0.02 -0.00 0.00 93.28 93.89 90.02 
0 0 0 3.74 0.00000000 0.00000000 0.00 0.00 0.00 0.08 0.09 -0.01 0.02 -0.00 0.00 94.25 95.25 90.01 
0 0 0 3.84 0.00000000 0.00000000 0.00 0.00 0.00 0.07 0.08 0.09 0.01 -0.00 0.00 93.72 94.75 90.03 
0 0 0 3.94 0.00000000 0.00000000 0.00 0.00 0.00 0.06 0.09 0.15 0.02 -0.00 0.00 93.24 94.92 90.05 
0 0 0 4.04 0.00000000 0.00000000 0.00 0.00 0.00 -0.09 0.10 0.68 0.02 -0.05 -0.39 85.02 95.69 85.28 
0 0 0 4.14 0.00000000 0.00000000 0.00 0.00 0.00 0.10 0.03 -0.25 -0.06 -0.11 -0.61 96.47 92.18 82.66 
0 0 0 4.24 0.00000000 0.00000000 0.00 0.00 0.00 0.30 -0.00 -1.18 0.05 -0.07 -0.64 106.26 90.12 82.35 
0 0 0 4.34 0.00000000 0.00000000 0.00 0.00 0.00 0.12 0.10 -0.34 0.07 0.03 -0.27 98.27 94.95 86.81 
0 0 0 4.45 0.00000000 0.00000000 0.00 0.00 0.00 0.15 0.12 -0.67 0.07 0.03 0.00 97.90 96.88 90.06 
0 0 0 4.55 0.00000000 0.00000000 0.00 0.00 0.00 0.09 0.07 -0.33 0.05 -0.05 0.01 95.02 94.08 90.09 
0 0 0 4.65 0.00000000 0.00000000 0.00 0.00 0.00 0.04 0.08 -0.07 -0.12 0.03 0.01 92.46 94.79 90.18 
0 0 0 4.75 0.00000000 0.00000000 0.00 0.00 0.00 0.10 0.12 -0.37 -0.31 -0.05 -0.04 95.24 97.17 89.58 
0 0 0 4.85 0.00000000 0.00000000 0.00 0.00 0.00 -0.00 0.08 -0.34 -0.63 -0.04 -0.10 89.72 94.70 88.84 
0 0 0 4.95 0.00000000 0.00000000 0.00 0.00 0.00 -0.09 0.05 -0.30 -0.69 -0.03 -0.07 84.65 92.84 89.18 
0 0 0 5.05 0.00000000 0.00000000 0.00 0.00 0.00 -0.14 0.07 -0.25 -0.58 0.02 -0.04 81.54 93.60 89.50 
0 0 0 5.15 0.00000000 0.00000000 0.00 0.00 0.00 -0.20 0.05 -0.39 -0.47 -0.00 -0.00 78.73 93.17 89.95 
0 0 0 5.25 0.00000000 0.00000000 0.00 0.00 0.00 -0.25 0.07 -0.23 -0.38 -0.01 -0.00 75.72 94.06 89.97 
0 0 0 5.35 0.00000000 0.00000000 0.00 0.00 0.00 -0.28 0.05 -0.44 -0.32 0.00 -0.02 73.93 92.85 89.78 
0 0 0 5.45 0.00000000 0.00000000 0.00 0.00 0.00 -0.28 0.06 -0.46 -0.21 0.01 -0.04 73.89 93.56 89.47 
0 0 0 5.55 0.00000000 0.00000000 0.00 0.00 0.00 -0.31 0.06 -0.47 -0.10 -0.00 -0.02 72.23 93.35 89.80 
0 0 0 5.66 0.00000000 0.00000000 0.00 0.00 0.00 -0.30 0.07 -0.69 -0.06 -0.00 -0.01 72.48 93.80 89.93 
0 0 0 5.76 0.00000000 0.00000000 0.00 0.00 0.00 -0.34 0.05 -0.39 -0.05 -0.01 -0.01 70.70 92.92 89.84 
0 0 0 5.86 0.00000000 0.00000000 0.00 0.00 0.00 -0.33 0.06 -0.62 -0.02 -0.02 -0.00 70.97 93.28 89.96 
0 0 0 5.96 0.00000000 0.00000000 0.00 0.00 0.00 -0.34 0.06 -0.41 -0.02 -0.01 0.00 72.00 93.71 90.05 
0 0 0 6.06 0.00000000 0.00000000 0.00 0.00 0.00 -0.35 0.06 -0.37 -0.03 -0.01 -0.00 68.94 93.85 89.99 
0 0 0 6.16 0.00000000 0.00000000 0.00 0.00 0.00 -0.32 0.08 -0.66 -0.00 -0.01 -0.01 71.35 94.43 89.90 
0 0 0 6.26 0.00000000 0.00000000 0.00 0.00 0.00 -0.32 0.07 -0.58 0.05 -0.02 0.00 71.71 93.78 90.05 
0 0 0 6.36 0.00000000 0.00000000 0.00 0.00 0.00 -0.32 0.06 -0.55 0.09 -0.04 0.02 71.75 93.21 90.26 
0 0 0 6.46 0.00000000 0.00000000 0.00 0.00 0.00 -0.33 0.07 -0.35 0.31 -0.29 0.05 71.57 93.97 90.59 
0 0 0 6.56 0.00000000 0.00000000 0.00 0.00 0.00 -0.23 0.01 -0.88 0.34 -0.17 -0.19 72.71 89.58 88.49 
0 0 0 6.66 0.00000000 0.00000000 0.00 0.00 0.00 -0.24 -0.01 -0.57 0.19 -0.19 -0.25 76.31 89.42 87.00 
0 0 0 6.76 0.00000000 0.00000000 0.00 0.00 0.00 -0.19 0.01 -1.18 0.42 0.07 -0.18 78.87 90.63 87.81 
0 0 0 6.87 0.00000000 0.00000000 0.00 0.00 0.00 -0.17 -0.08 -0.45 0.58 -0.29 0.03 80.09 85.79 90.32 
0 0 0 6.97 0.00000000 0.00000000 0.00 0.00 0.00 -0.15 -0.11 -0.26 0.38 -0.19 0.06 81.13 83.74 90.69 
0 0 0 7.07 0.00000000 0.00000000 0.00 0.00 0.00 -0.12 -0.14 -0.21 0.16 -0.16 0.03 81.42 82.04 90.32 
0 0 0 7.17 0.00000000 0.00000000 0.00 0.00 0.00 -0.11 -0.10 -0.02 0.24 -0.02 0.05 83.94 84.54 90.60 
0 0 0 7.27 0.00000000 0.00000000 0.00 0.00 0.00 -0.04 -0.10 -0.51 0.36 0.03 0.12 87.90 84.26 91.41 
0 0 0 7.37 0.00000000 0.00000000 0.00 0.00 0.00 -0.05 -0.09 0.11 0.49 0.12 0.17 87.29 84.74 92.08 
0 0 0 7.47 0.00000000 0.00000000 0.00 0.00 0.00 0.03 -0.08 -0.13 0.59 0.17 0.22 91.56 85.24 92.65 
0 0 0 7.57 0.00000000 0.00000000 0.00 0.00 0.00 0.09 -0.09 0.07 0.58 0.09 0.20 95.26 84.99 92.42 
0 0 0 7.67 0.00000000 0.00000000 0.00 0.00 0.00 0.15 -0.08 -0.03 0.47 0.15 0.13 98.31 85.29 91.60 
0 0 0 7.77 0.00000000 0.00000000 0.00 0.00 0.00 0.18 -0.08 0.04 0.28 0.13 0.15 100.41 85.43 91.84 
0 0 0 7.88 0.00000000 0.00000000 0.00 0.00 0.00 0.15 -0.02 0.45 0.03 -0.10 -0.02 98.44 88.81 89.79 
0 0 0 7.98 0.00000000 0.00000000 0.00 0.00 0.00 0.21 -0.03 0.28 0.15 -0.00 -0.03 101.70 88.18 89.65 
0 0 0 8.08 0.00000000 0.00000000 0.00 0.00 0.00 0.21 -0.03 0.40 0.19 0.13 0.11 101.64 88.05 91.30 
0 0 0 8.18 0.00000000 0.00000000 0.00 0.00 0.00 0.20 -0.04 0.38 0.15 0.07 0.14 101.67 87.50 91.70 
0 0 0 8.28 0.00000000 0.00000000 0.00 0.00 0.00 0.18 -0.11 0.32 0.03 -0.08 0.07 99.69 84.10 90.81 
0 0 0 8.38 0.00000000 0.00000000 0.00 0.00 0.00 0.18 -0.02 0.66 -0.06 -0.10 -0.02 100.22 88.69 89.76 
0 0 0 8.48 0.00000000 0.00000000 0.00 0.00 0.00 0.20 -0.02 0.63 0.01 0.02 -0.04 101.43 88.82 89.55 
0 0 0 8.58 0.00000000 0.00000000 0.00 0.00 0.00 0.27 0.00 0.55 0.08 0.12 0.05 105.02 90.06 90.60 
0 0 0 8.68 0.00000000 0.00000000 0.00 0.00 0.00 0.25 -0.03 0.42 -0.03 0.11 0.13 104.10 88.19 91.52 
0 0 0 8.78 0.00000000 0.00000000 0.00 0.00 0.00 0.19 -0.08 0.37 -0.09 0.03 0.08 101.22 85.67 90.94 
0 0 0 8.88 0.00000000 0.00000000 0.00 0.00 0.00 0.16 0.00 0.78 0.31 0.13 -0.09 98.67 90.28 88.92 
0 0 0 8.98 0.00000000 0.00000000 0.00 0.00 0.00 0.35 0.02 0.22 0.38 0.31 0.10 109.65 90.95 91.17 
0 0 0 9.08 0.00000000 0.00000000 0.00 0.00 0.00 0.31 0.07 0.86 0.48 0.46 0.19 107.88 93.73 92.22 
0 0 0 9.18 0.00000000 0.00000000 0.00 0.00 0.00 0.34 0.05 0.61 0.21 0.36 0.08 109.16 92.39 90.99 
0 0 0 9.28 0.00000000 0.00000000 0.00 0.00 0.00 0.34 0.06 0.64 0.06 0.05 -0.03 109.41 93.33 89.66 
0 0 0 9.39 0.00000000 0.00000000 0.00 0.00 0.00 0.34 0.06 0.59 0.13 -0.03 0.00 109.28 93.32 90.03 
0 0 0 9.49 0.00000000 0.00000000 0.00 0.00 0.00 0.32 0.07 0.66 -0.16 -0.05 -0.07 108.47 94.10 89.16 
0 0 0 9.59 0.00000000 0.00000000 0.00 0.00 0.00 0.26 0.02 0.54 -0.46 -0.43 -0.12 105.47 91.24 88.51 
0 0 0 9.69 0.00000000 0.00000000 0.00 0.00 0.00 0.20 0.01 0.72 -0.91 -0.68 -0.12 101.59 90.52 88.57 
0 0 0 9.79 0.00000000 0.00000000 0.00 0.00 0.00 0.21 -0.10 0.22 -0.97 -1.02 -0.11 101.88 84.19 88.74 
0 0 0 9.89 0.00000000 0.00000000 0.00 0.00 0.00 0.06 -0.14 0.71 -0.90 -0.88 -0.12 93.17 81.93 88.53 
0 0 0 9.99 0.00000000 0.00000000 0.00 0.00 0.00 -0.05 -0.26 0.55 -0.65 -0.72 -0.01 87.58 75.24 89.85 
0 0 0 10.09 0.00000000 0.00000000 0.00 0.00 0.00 -0.05 -0.32 0.25 -0.39 -0.55 0.03 87.55 71.36 90.40 
0 0 0 10.19 0.00000000 0.00000000 0.00 0.00 0.00 -0.12 -0.38 0.36 -0.18 -0.32 0.06 83.09 68.52 90.75 
0 0 0 10.29 0.00000000 0.00000000 0.00 0.00 0.00 -0.16 -0.44 0.30 0.04 0.16 0.07 80.94 64.55 90.84 
0 0 0 10.39 0.00000000 0.00000000 0.00 0.00 0.00 -0.12 -0.40 0.24 0.31 1.12 0.07 82.75 67.00 90.88 
0 0 0 10.49 0.00000000 0.00000000 0.00 0.00 0.00 -0.18 -0.13 0.98 0.57 1.58 0.27 80.19 82.51 93.22 
0 0 0 10.59 0.00000000 0.00000000 0.00 0.00 0.00 0.01 -0.02 0.15 0.47 1.06 0.23 90.19 88.68 92.74 
0 0 0 10.69 0.00000000 0.00000000 0.00 0.00 0.00 0.06 -0.08 -0.21 0.20 0.50 0.13 93.40 85.33 91.59 
0 0 0 10.80 0.00000000 0.00000000 0.00 0.00 0.00 0.05 0.07 -0.08 -0.20 0.58 -0.15 93.06 93.90 88.21 
0 0 0 10.90 0.00000000 0.00000000 0.00 0.00 0.00 0.12 0.37 -3.55 -0.00 -0.13 -0.22 94.91 110.02 87.32 
0 0 0 11.00 0.00000000 0.00000000 0.00 0.00 0.00 0.28 0.24 -1.84 0.18 0.23 0.20 104.88 103.50 92.37 
0 0 0 11.10 0.00000000 0.00000000 0.00 0.00 0.00 0.00 0.12 0.23 0.04 0.06 0.04 90.72 96.63 90.52 
0 0 0 11.20 0.00000000 0.00000000 0.00 0.00 0.00 0.07 0.10 -0.18 -0.06 -0.19 -0.02 92.22 96.68 89.75 
0 0 0 11.30 0.00000000 0.00000000 0.00 0.00 0.00 0.01 0.06 -0.01 -0.02 -0.17 -0.01 90.40 93.55 89.85 
0 0 0 11.40 0.00000000 0.00000000 0.00 0.00 0.00 0.05 0.06 -0.06 0.05 0.02 0.05 92.81 93.54 90.59 
0 0 0 11.50 0.00000000 0.00000000 0.00 0.00 0.00 0.02 0.07 0.07 0.08 -0.02 -0.02 91.17 94.07 89.80 
0 0 0 11.60 0.00000000 0.00000000 0.00 0.00 0.00 0.08 0.06 -0.18 0.09 -0.02 -0.03 95.18 93.79 89.66 
0 0 0 11.70 0.00000000 0.00000000 0.00 0.00 0.00 0.13 0.03 -0.41 0.08 -0.01 0.03 92.65 91.10 90.41 
0 0 0 11.80 0.00000000 0.00000000 0.00 0.00 0.00 0.05 0.05 -0.03 0.13 0.03 0.03 92.59 92.55 90.33 
0 0 0 11.90 0.00000000 0.00000000 0.00 0.00 0.00 0.06 0.05 0.06 0.04 -0.01 0.08 93.40 92.82 91.00 
0 0 0 12.00 0.00000000 0.00000000 0.00 0.00 0.00 0.02 0.09 0.30 -0.01 0.00 0.07 91.92 95.38 90.78 
0 0 0 12.10 0.00000000 0.00000000 0.00 0.00 0.00 0.03 0.05 0.17 0.02 0.01 0.05 91.48 92.92 90.62 
0 0 0 12.20 0.00000000 0.00000000 0.00 0.00 0.00 0.08 0.07 0.04 0.01 -0.00 0.03 94.61 93.87 90.32 
0 0 0 12.31 0.00000000 0.00000000 0.00 0.00 0.00 0.06 0.07 0.04 0.01 -0.01 0.03 93.61 94.08 90.37 
0 0 0 12.41 0.00000000 0.00000000 0.00 0.00 0.00 0.06 0.05 0.11 0.01 -0.00 0.04 92.68 93.96 90.54 
0 0 0 12.51 0.00000000 0.00000000 0.00 0.00 0.00 0.04 0.13 0.45 -0.01 -0.03 -0.09 92.29 96.53 88.93 
0 0 0 12.62 0.00000000 0.00000000 0.00 0.00 0.00 0.03 0.07 0.22 0.02 0.01 -0.00 91.03 95.26 89.97 
0 0 0 12.72 0.00000000 0.00000000 0.00 0.00 0.00 0.07 0.06 0.01 -0.04 -0.04 -0.02 93.94 93.42 89.81 
0 0 0 12.82 0.00000000 0.00000000 0.00 0.00 0.00 0.10 0.08 -0.14 -0.00 -0.04 -0.03 95.60 94.59 89.60 
0 0 0 12.92 0.00000000 0.00000000 0.00 0.00 0.00 0.04 0.04 -0.01 -0.01 -0.01 -0.00 92.55 92.54 89.95 
0 0 0 13.02 0.00000000 0.00000000 0.00 0.00 0.00 0.05 0.00 -0.03 0.02 -0.01 0.01 93.50 92.82 90.20 
0 0 0 13.13 0.00000000 0.00000000 0.00 0.00 0.00 0.09 0.09 -0.03 -0.01 -0.02 -0.03 92.56 95.90 89.45 
0 0 0 13.23 0.00000000 0.00000000 0.00 0.00 0.00 0.02 0.09 0.31 0.00 -0.01 -0.00 90.96 94.93 89.95 
0 0 0 13.33 0.00000000 0.00000000 0.00 0.00 0.00 0.05 0.06 0.04 -0.03 -0.01 -0.02 92.77 93.37 89.71 
0 0 0 13.43 0.00000000 0.00000000 0.00 0.00 0.00 0.04 0.08 0.11 -0.02 -0.01 -0.03 92.35 94.27 89.65 
0 0 0 13.53 0.00000000 0.00000000 0.00 0.00 0.00 0.03 0.04 0.08 0.05 -0.01 0.03 91.88 92.29 90.39 
0 0 0 13.63 0.00000000 0.00000000 0.00 0.00 0.00 0.06 0.06 0.04 0.03 -0.00 0.04 93.33 93.35 90.52 
0 0 0 13.73 0.00000000 0.00000000 0.00 0.00 0.00 0.05 0.06 -0.01 -0.05 -0.00 0.02 93.16 93.61 90.25 
0 0 0 13.84 0.00000000 0.00000000 0.00 0.00 0.00 0.03 0.06 0.11 -0.04 -0.01 0.02 91.83 93.61 90.20 
0 0 0 13.94 0.00000000 0.00000000 0.00 0.00 0.00 0.03 0.07 0.07 -0.03 -0.03 -0.02 91.71 93.91 89.73 
0 0 0 14.04 0.00000000 0.00000000 0.00 0.00 0.00 0.04 0.02 -0.03 -0.00 0.09 0.03 91.76 90.95 90.33 
0 0 0 14.14 0.00000000 0.00000000 0.00 0.00 0.00 0.02 0.01 0.01 0.02 0.01 0.01 91.32 90.64 90.16 
0 0 0 14.24 0.00000000 0.00000000 0.00 0.00 0.00 0.02 0.06 0.02 -0.04 0.11 0.04 91.28 93.28 90.43 
0 0 0 14.34 0.00000000 0.00000000 0.00 0.00 0.00 -0.01 0.06 0.20 -0.06 0.00 0.01 89.64 93.37 90.13 
0 0 0 14.44 0.00000000 0.00000000 0.00 0.00 0.00 0.00 0.06 0.10 -0.09 -0.04 -0.01 90.40 93.29 89.87 
0 0 0 14.54 0.00000000 0.00000000 0.00 0.00 0.00 0.02 0.05 -0.15 -0.05 -0.03 0.02 91.13 92.82 90.23 
0 0 0 14.64 0.00000000 0.00000000 0.00 0.00 0.00 -0.02 0.05 0.14 0.04 -0.01 -0.03 89.13 93.07 89.59 
0 0 0 14.74 0.00000000 0.00000000 0.00 0.00 0.00 0.01 0.02 -0.07 0.08 0.01 -0.01 90.54 91.35 89.84 
0 0 0 14.84 0.00000000 0.00000000 0.00 0.00 0.00 0.04 0.06 -0.02 0.04 -0.01 0.01 92.23 93.48 90.11 
0 0 0 14.94 0.00000000 0.00000000 0.00 0.00 0.00 0.38 0.13 -1.72 0.21 0.04 0.11 109.64 97.16 91.31 
0 0 0 15.04 0.00000000 0.00000000 0.00 0.00 0.00 0.05 -0.01 -0.08 0.39 0.06 0.10 93.23 88.87 91.18 
0 0 0 15.14 0.00000000 0.00000000 0.00 0.00 0.00 0.60 -0.18 -1.29 -0.03 -0.11 -0.02 111.87 82.75 89.74 
0 0 0 15.24 0.00000000 0.00000000 0.00 0.00 0.00 0.00 0.08 0.38 0.02 -0.00 0.03 90.71 94.61 90.40 
0 0 0 15.35 0.00000000 0.00000000 0.00 0.00 0.00 0.04 0.08 0.31 0.02 -0.01 0.00 95.96 93.88 90.04 
0 0 0 15.45 0.00000000 0.00000000 0.00 0.00 0.00 0.08 0.07 0.05 0.01 -0.02 0.02 94.55 94.00 90.27 
0 0 0 15.55 0.00000000 0.00000000 0.00 0.00 0.00 0.06 0.08 0.14 0.01 -0.02 0.01 94.03 94.16 90.06 
0 0 0 15.65 0.00000000 0.00000000 0.00 0.00 0.00 0.09 0.06 -0.47 0.01 -0.01 0.00 95.02 93.26 90.01 
0 0 0 15.75 0.00000000 0.00000000 0.00 0.00 0.00 0.10 0.07 -0.04 0.02 -0.02 0.01 95.33 94.05 90.10 
0 0 0 15.85 0.00000000 0.00000000 0.00 0.00 0.00 0.14 0.10 -0.39 0.01 0.01 0.00 97.49 95.68 90.03 
0 0 0 15.95 0.00000000 0.00000000 0.00 0.00 0.00 0.05 0.07 0.15 0.02 -0.00 0.00 93.16 93.99 90.04 
0 0 0 16.05 0.00000000 0.00000000 0.00 0.00 0.00 0.05 0.06 0.17 0.01 -0.01 0.00 92.81 93.54 90.06 
0 0 0 16.15 0.00000000 0.00000000 0.00 0.00 0.00 0.07 0.06 0.07 0.01 -0.02 -0.02 93.32 92.23 89.88 
0 0 0 16.26 0.00000000 0.00000000 0.00 0.00 0.00 0.07 0.09 0.12 0.01 -0.03 -0.02 93.43 94.23 89.82 
0 0 0 16.36 0.00000000 0.00000000 0.00 0.00 0.00 0.05 0.05 0.04 0.00 -0.01 -0.03 92.64 92.34 89.80 
0 0 0 16.46 0.00000000 0.00000000 0.00 0.00 0.00 0.09 0.08 0.02 0.03 0.05 0.00 94.60 94.37 89.93 
0 0 0 16.56 0.00000000 0.00000000 0.00 0.00 0.00 0.09 0.07 0.01 0.01 -0.00 0.00 94.76 93.96 90.03 
0 0 0 16.66 0.00000000 0.00000000 0.00 0.00 0.00 0.06 0.07 0.10 0.01 -0.03 0.01 93.58 94.24 90.09 
0 0 0 16.76 0.00000000 0.00000000 0.00 0.00 0.00 0.06 0.06 0.11 0.01 -0.05 0.01 93.58 93.75 90.14 
0 0 0 16.86 0.00000000 0.00000000 0.00 0.00 0.00 0.06 0.07 0.10 0.01 -0.01 0.01 93.66 93.81 90.07 
0 0 0 16.96 0.00000000 0.00000000 0.00 0.00 0.00 0.07 0.04 0.04 0.02 -0.01 0.00 93.77 92.66 90.02 
0 0 0 17.07 0.00000000 0.00000000 0.00 0.00 0.00 0.07 0.08 -0.47 0.01 -0.01 0.00 93.12 94.11 90.03 
0 0 0 17.17 0.00000000 0.00000000 0.00 0.00 0.00 0.05 0.08 0.11 0.02 -0.02 0.00 93.46 93.80 90.05 
0 0 0 17.28 0.00000000 0.00000000 0.00 0.00 0.00 0.08 0.09 0.13 0.02 -0.01 0.00 96.02 93.16 90.06 
0 0 0 17.38 0.00000000 0.00000000 0.00 0.00 0.00 0.06 0.13 0.36 0.02 -0.01 0.02 93.17 93.61 90.08 
0 0 0 17.48 0.00000000 0.00000000 0.00 0.00 0.00 0.06 0.07 0.14 -0.01 -0.01 0.04 93.60 93.97 90.45 
0 0 0 17.58 0.00000000 0.00000000 0.00 0.00 0.00 0.04 0.08 0.26 -0.01 0.11 -0.05 92.64 93.99 89.34 
0 0 0 17.68 0.00000000 0.00000000 0.00 0.00 0.00 0.06 0.05 0.09 -0.06 -0.15 -0.01 94.67 91.06 89.83 
0 0 0 17.78 0.00000000 0.00000000 0.00 0.00 0.00 0.02 0.10 0.31 -0.14 -0.21 -0.08 91.53 95.81 89.04 
0 0 0 17.88 0.00000000 0.00000000 0.00 0.00 0.00 0.01 0.01 0.09 -0.30 -0.52 -0.11 90.96 90.94 88.68 
0 0 0 17.98 0.00000000 0.00000000 0.00 0.00 0.00 -0.01 -0.03 0.56 0.04 -1.30 -0.02 89.31 88.37 89.79 
0 0 0 18.09 0.00000000 0.00000000 0.00 0.00 0.00 0.06 -0.28 -0.28 -0.08 -1.30 -0.01 93.57 74.84 89.85 
0 0 0 18.19 0.00000000 0.00000000 0.00 0.00 0.00 0.06 -0.32 -0.19 -0.03 -1.05 0.03 93.01 75.83 90.31 
0 0 0 18.29 0.00000000 0.00000000 0.00 0.00 0.00 -0.04 -0.37 0.43 0.05 -0.80 0.03 94.09 68.15 90.41 
0 0 0 18.39 0.00000000 0.00000000 0.00 0.00 0.00 -0.03 -0.52 0.23 -0.04 -0.44 0.05 88.29 60.19 90.58 
0 0 0 18.50 0.00000000 0.00000000 0.00 0.00 0.00 0.00 -0.52 0.23 0.03 -0.40 0.04 90.16 61.10 90.47 
0 0 0 18.60 0.00000000 0.00000000 0.00 0.00 0.00 -0.12 -0.57 0.62 -0.09 -0.11 0.03 84.02 57.64 90.30 
0 0 0 18.70 0.00000000 0.00000000 0.00 0.00 0.00 -0.03 -0.50 0.83 -0.04 -0.22 0.02 86.31 58.49 90.24 
0 0 0 18.80 0.00000000 0.00000000 0.00 0.00 0.00 -0.08 -0.56 0.64 0.04 -0.10 0.02 85.65 57.79 90.19 
0 0 0 18.90 0.00000000 0.00000000 0.00 0.00 0.00 -0.02 -0.55 0.57 0.04 -0.22 0.01 88.67 58.99 90.12 
0 0 0 19.00 0.00000000 0.00000000 0.00 0.00 0.00 0.00 -0.55 0.43 -0.01 -0.14 0.04 89.98 58.79 90.49 
0 0 0 19.10 0.00000000 0.00000000 0.00 0.00 0.00 -0.07 -0.56 0.73 -0.11 -0.21 0.04 86.16 57.49 90.45 
0 0 0 19.20 0.00000000 0.00000000 0.00 0.00 0.00 -0.07 -0.57 0.59 -0.12 -0.05 0.06 85.80 57.50 90.67 
0 0 0 19.30 0.00000000 0.00000000 0.00 0.00 0.00 -0.10 -0.57 0.65 0.13 0.21 0.04 84.29 57.09 90.46 
0 0 0 19.40 0.00000000 0.00000000 0.00 0.00 0.00 -0.05 -0.53 0.67 0.11 0.20 0.02 87.15 59.18 90.23 
0 0 0 19.51 0.00000000 0.00000000 0.00 0.00 0.00 -0.04 -0.46 1.21 0.02 -0.14 0.01 86.09 67.63 90.12 
0 0 0 19.61 0.00000000 0.00000000 0.00 0.00 0.00 -0.16 -0.53 0.93 -0.01 -0.05 0.05 81.07 59.14 90.59 
0 0 0 19.71 0.00000000 0.00000000 0.00 0.00 0.00 0.02 -0.50 0.93 -0.01 -0.13 0.04 90.37 61.29 90.47 
0 0 0 19.81 0.00000000 0.00000000 0.00 0.00 0.00 -0.07 -0.61 0.30 -0.03 0.19 0.08 85.75 55.31 90.99 
0 0 0 19.91 0.00000000 0.00000000 0.00 0.00 0.00 -0.11 -0.49 1.01 0.34 -0.00 -0.13 83.43 62.04 88.43 
0 0 0 20.01 0.00000000 0.00000000 0.00 0.00 0.00 0.02 -0.53 0.49 0.23 -0.03 0.00 91.42 59.17 90.02 
0 0 0 20.11 0.00000000 0.00000000 0.00 0.00 0.00 0.01 -0.51 0.75 -0.01 -0.04 0.01 90.77 60.84 90.15 
0 0 0 20.21 0.00000000 0.00000000 0.00 0.00 0.00 -0.01 -0.50 0.96 0.01 0.07 -0.04 89.20 61.25 89.54 
0 0 0 20.31 0.00000000 0.00000000 0.00 0.00 0.00 0.07 -0.67 -0.23 0.25 0.75 -0.21 94.21 51.17 87.49 
0 0 0 20.42 0.00000000 0.00000000 0.00 0.00 0.00 0.06 -0.46 0.30 0.23 1.75 -0.15 89.66 57.31 88.10 
0 0 0 20.52 0.00000000 0.00000000 0.00 0.00 0.00 0.18 -0.15 -0.29 0.11 1.99 -0.28 99.55 81.04 86.61 
0 0 0 20.62 0.00000000 0.00000000 0.00 0.00 0.00 0.09 0.13 1.60 0.14 1.24 -0.30 94.56 97.47 86.37 
0 0 0 20.72 0.00000000 0.00000000 0.00 0.00 0.00 0.01 0.13 0.72 0.29 0.54 -0.13 91.39 97.79 88.43 
0 0 0 20.82 0.00000000 0.00000000 0.00 0.00 0.00 0.24 0.12 -0.46 0.25 0.76 -0.06 102.97 97.02 89.26 
0 0 0 20.92 0.00000000 0.00000000 0.00 0.00 0.00 0.15 0.20 0.10 0.22 0.89 0.02 98.84 101.84 90.19 
0 0 0 21.02 0.00000000 0.00000000 0.00 0.00 0.00 0.15 0.33 0.35 0.16 0.55 0.06 98.87 108.72 90.68 
0 0 0 21.12 0.00000000 0.00000000 0.00 0.00 0.00 0.21 0.37 0.19 0.12 0.27 0.02 99.85 108.77 90.30 
0 0 0 21.23 0.00000000 0.00000000 0.00 0.00 0.00 0.18 0.36 0.23 0.12 0.41 0.04 101.22 114.99 90.49 
0 0 0 21.33 0.00000000 0.00000000 0.00 0.00 0.00 0.17 0.35 0.17 0.10 0.19 -0.03 99.62 110.51 89.69 
0 0 0 21.43 0.00000000 0.00000000 0.00 0.00 0.00 0.28 0.41 -0.07 0.01 -0.08 -0.01 105.56 113.71 89.83 
0 0 0 21.53 0.00000000 0.00000000 0.00 0.00 0.00 0.24 0.42 0.00 0.01 0.04 -0.00 103.89 114.02 89.97 
0 0 0 21.63 0.00000000 0.00000000 0.00 0.00 0.00 0.29 0.41 -0.13 0.01 0.05 -0.02 102.50 113.52 89.92 
0 0 0 21.74 0.00000000 0.00000000 0.00 0.00 0.00 0.22 0.44 0.14 0.03 0.07 -0.01 100.56 115.16 89.85 
0 0 0 21.84 0.00000000 0.00000000 0.00 0.00 0.00 0.21 0.44 0.19 0.04 0.26 0.01 101.28 116.95 90.08 
0 0 0 21.94 0.00000000 0.00000000 0.00 0.00 0.00 0.16 0.44 0.21 -0.03 0.09 -0.06 99.38 115.42 89.27 
0 0 0 22.04 0.00000000 0.00000000 0.00 0.00 0.00 0.17 0.43 0.15 -0.04 -0.05 -0.07 100.52 116.78 89.13 
0 0 0 22.14 0.00000000 0.00000000 0.00 0.00 0.00 0.23 0.48 -0.00 -0.01 0.00 -0.14 102.52 117.54 88.41 
0 0 0 22.25 0.00000000 0.00000000 0.00 0.00 0.00 0.20 0.50 0.15 -0.05 -0.17 -0.04 101.28 118.24 89.51 
0 0 0 22.35 0.00000000 0.00000000 0.00 0.00 0.00 0.23 0.42 -0.08 -0.08 -0.86 -0.07 103.05 113.83 89.20 
0 0 0 22.45 0.00000000 0.00000000 0.00 0.00 0.00 0.11 0.31 0.13 -0.06 -1.24 -0.11 96.65 108.01 88.69 
0 0 0 22.55 0.00000000 0.00000000 0.00 0.00 0.00 0.14 0.22 0.12 -0.22 -1.14 -0.17 98.37 102.37 87.95 
0 0 0 22.65 0.00000000 0.00000000 0.00 0.00 0.00 0.12 0.09 0.10 -0.17 -1.16 -0.08 96.87 95.61 89.04 
0 0 0 22.75 0.00000000 0.00000000 0.00 0.00 0.00 0.01 -0.02 0.35 -0.11 -0.95 -0.02 91.06 89.03 89.80 
0 0 0 22.85 0.00000000 0.00000000 0.00 0.00 0.00 0.10 -0.12 -0.01 -0.19 -0.81 -0.02 95.71 83.22 89.73 
0 0 0 22.95 0.00000000 0.00000000 0.00 0.00 0.00 0.06 -0.20 0.04 -0.26 -0.60 0.02 93.82 78.80 90.21 
0 0 0 23.05 0.00000000 0.00000000 0.00 0.00 0.00 0.03 -0.25 0.17 -0.21 -0.58 0.02 91.92 75.82 90.27 
0 0 0 23.15 0.00000000 0.00000000 0.00 0.00 0.00 0.15 -0.40 -0.74 -0.08 -0.33 -0.02 98.66 67.56 89.79 
0 0 0 23.26 0.00000000 0.00000000 0.00 0.00 0.00 -0.00 -0.34 0.14 0.02 -0.17 0.01 92.47 74.17 90.13 
0 0 0 23.36 0.00000000 0.00000000 0.00 0.00 0.00 0.01 -0.27 0.38 -0.02 0.06 0.02 90.53 71.46 90.22 
0 0 0 23.46 0.00000000 0.00000000 0.00 0.00 0.00 -0.09 -0.26 0.84 -0.03 -0.20 -0.00 85.14 75.25 89.96 
0 0 0 23.56 0.00000000 0.00000000 0.00 0.00 0.00 -0.02 -0.32 0.41 -0.07 -0.18 -0.01 88.51 71.99 89.90 
0 0 0 23.66 0.00000000 0.00000000 0.00 0.00 0.00 -0.07 -0.32 0.70 0.02 -0.21 -0.06 91.45 74.68 89.35 
0 0 0 23.76 0.00000000 0.00000000 0.00 0.00 0.00 0.10 -0.33 -0.55 -0.01 -0.29 -0.03 95.11 70.98 89.64 
0 0 0 23.86 0.00000000 0.00000000 0.00 0.00 0.00 -0.04 -0.38 0.51 0.05 -0.34 0.01 88.50 68.02 90.09 
0 0 0 23.96 0.00000000 0.00000000 0.00 0.00 0.00 -0.05 -0.38 0.77 0.08 0.00 0.01 87.69 68.25 90.14 
0 0 0 24.06 0.00000000 0.00000000 0.00 0.00 0.00 0.05 -0.47 -0.08 0.00 -0.10 -0.02 92.70 63.25 89.74 
0 0 0 24.17 0.00000000 0.00000000 0.00 0.00 0.00 0.02 -0.40 0.53 -0.02 -0.14 -0.02 90.85 67.16 89.80 
0 0 0 24.27 0.00000000 0.00000000 0.00 0.00 0.00 -0.00 -0.42 0.49 0.04 -0.25 -0.01 90.44 66.17 89.94 
0 0 0 24.37 0.00000000 0.00000000 0.00 0.00 0.00 0.08 -0.53 -0.26 0.03 -0.14 0.02 93.43 60.45 90.20 
0 0 0 24.47 0.00000000 0.00000000 0.00 0.00 0.00 0.07 -0.46 0.01 -0.00 0.19 -0.00 93.70 63.38 89.97 
0 0 0 24.57 0.00000000 0.00000000 0.00 0.00 0.00 -0.02 -0.41 0.77 -0.04 0.12 -0.04 89.06 66.48 89.55 
0 0 0 24.67 0.00000000 0.00000000 0.00 0.00 0.00 0.02 -0.42 0.49 0.02 -0.10 0.02 91.17 65.23 90.20 
0 0 0 24.77 0.00000000 0.00000000 0.00 0.00 0.00 0.01 -0.43 0.56 -0.03 -0.07 0.00 90.23 65.22 90.05 
0 0 0 24.87 0.00000000 0.00000000 0.00 0.00 0.00 -0.06 -0.44 0.73 0.04 -0.03 0.01 86.54 64.51 90.11 
0 0 0 24.97 0.00000000 0.00000000 0.00 0.00 0.00 0.00 -0.56 -0.02 -0.01 0.03 0.03 90.50 57.60 90.31 
0 0 0 25.07 0.00000000 0.00000000 0.00 0.00 0.00 -0.00 -0.41 0.72 0.05 0.19 -0.00 89.96 66.24 89.99 
0 0 0 25.17 0.00000000 0.00000000 0.00 0.00 0.00 0.02 -0.40 0.48 0.16 0.79 -0.01 91.70 66.73 89.84 
0 0 0 25.27 0.00000000 0.00000000 0.00 0.00 0.00 -0.02 -0.31 0.56 0.05 1.29 -0.05 89.21 72.05 89.44 
0 0 0 25.37 0.00000000 0.00000000 0.00 0.00 0.00 0.12 -0.07 -3.56 0.12 1.57 0.00 96.28 86.13 90.02 
0 0 0 25.47 0.00000000 0.00000000 0.00 0.00 0.00 0.09 0.06 0.58 0.40 1.35 0.02 94.85 93.61 90.29 
0 0 0 25.57 0.00000000 0.00000000 0.00 0.00 0.00 0.07 0.12 0.21 0.36 1.08 -0.04 94.68 97.17 89.57 
0 0 0 25.68 0.00000000 0.00000000 0.00 0.00 0.00 0.14 0.22 0.04 0.28 0.85 -0.02 98.00 102.62 89.81 
0 0 0 25.78 0.00000000 0.00000000 0.00 0.00 0.00 0.12 0.29 0.04 -0.06 1.03 -0.04 97.53 107.24 89.56 
0 0 0 25.88 0.00000000 0.00000000 0.00 0.00 0.00 0.20 0.44 -0.02 0.06 0.60 0.00 101.55 115.42 90.00 
0 0 0 25.98 0.00000000 0.00000000 0.00 0.00 0.00 0.10 0.41 0.07 0.16 0.39 0.04 95.63 113.45 90.54 
0 0 0 26.08 0.00000000 0.00000000 0.00 0.00 0.00 0.21 0.51 -0.11 0.12 0.19 0.05 101.56 118.90 90.55 
0 0 0 26.18 0.00000000 0.00000000 0.00 0.00 0.00 0.18 0.45 -0.00 0.04 0.27 0.03 99.60 117.49 90.58 
0 0 0 26.28 0.00000000 0.00000000 0.00 0.00 0.00 0.18 0.51 0.02 0.01 0.24 0.03 100.24 119.18 90.37 
0 0 0 26.38 0.00000000 0.00000000 0.00 0.00 0.00 0.37 0.62 -0.55 0.19 0.03 0.05 110.44 125.39 90.61 
0 0 0 26.49 0.00000000 0.00000000 0.00 0.00 0.00 0.21 0.54 0.03 0.15 0.07 0.08 105.15 119.15 90.91 
0 0 0 26.59 0.00000000 0.00000000 0.00 0.00 0.00 0.20 0.47 -0.05 0.04 0.08 0.04 103.31 117.84 90.66 
0 0 0 26.69 0.00000000 0.00000000 0.00 0.00 0.00 0.34 0.62 -0.10 0.05 0.02 0.00 109.02 125.49 90.03 
0 0 0 26.80 0.00000000 0.00000000 0.00 0.00 0.00 0.18 0.58 0.27 -0.03 -0.05 -0.01 104.93 122.95 89.99 
0 0 0 26.90 0.00000000 0.00000000 0.00 0.00 0.00 0.12 0.47 0.14 0.02 -0.55 -0.06 103.06 117.92 89.44 
0 0 0 27.00 0.00000000 0.00000000 0.00 0.00 0.00 0.20 0.49 0.23 0.02 -1.22 -0.13 101.41 118.20 88.44 
0 0 0 27.10 0.00000000 0.00000000 0.00 0.00 0.00 0.23 0.32 -0.10 -0.16 -1.48 -0.08 105.91 109.06 88.98 
0 0 0 27.20 0.00000000 0.00000000 0.00 0.00 0.00 0.19 0.21 0.17 -0.30 -1.44 -0.06 107.47 106.79 89.18 
0 0 0 27.30 0.00000000 0.00000000 0.00 0.00 0.00 0.26 0.07 -0.47 -0.24 -1.41 -0.04 104.82 94.03 89.51 
0 0 0 27.40 0.00000000 0.00000000 0.00 0.00 0.00 0.20 -0.10 -0.31 -0.23 -1.17 -0.02 101.00 84.77 89.79 
0 0 0 27.51 0.00000000 0.00000000 0.00 0.00 0.00 0.09 -0.19 0.20 -0.22 -1.12 -0.00 95.17 79.69 89.99 
0 0 0 27.61 0.00000000 0.00000000 0.00 0.00 0.00 0.02 -0.24 0.85 -0.27 -1.03 0.02 93.64 71.68 90.16 
0 0 0 27.71 0.00000000 0.00000000 0.00 0.00 0.00 0.13 -0.47 -0.24 -0.10 -0.61 0.06 90.51 65.53 90.75 
0 0 0 27.81 0.00000000 0.00000000 0.00 0.00 0.00 0.16 -0.43 -0.58 -0.06 -0.04 0.04 98.72 65.20 90.45 
0 0 0 27.91 0.00000000 0.00000000 0.00 0.00 0.00 0.01 -0.45 0.49 0.02 0.01 0.01 91.16 64.20 90.12 
0 0 0 28.01 0.00000000 0.00000000 0.00 0.00 0.00 0.04 -0.47 0.23 0.08 0.16 0.04 92.31 63.10 90.44 
0 0 0 28.12 0.00000000 0.00000000 0.00 0.00 0.00 0.07 -0.49 -0.08 0.14 1.23 0.03 96.40 59.66 90.38 
0 0 0 28.22 0.00000000 0.00000000 0.00 0.00 0.00 0.17 -0.25 -1.05 -0.14 2.26 -0.02 99.95 75.88 89.73 
0 0 0 28.32 0.00000000 0.00000000 0.00 0.00 0.00 0.03 0.11 0.59 -0.07 1.81 0.03 91.51 95.93 90.37 
0 0 0 28.43 0.00000000 0.00000000 0.00 0.00 0.00 0.09 0.25 -0.26 0.32 0.95 0.09 98.77 101.07 91.09 
0 0 0 28.53 0.00000000 0.00000000 0.00 0.00 0.00 0.12 0.25 -0.28 0.35 0.70 0.09 96.74 104.32 91.07 
0 0 0 28.63 0.00000000 0.00000000 0.00 0.00 0.00 0.17 0.32 -0.33 0.07 0.63 0.07 99.97 107.89 90.82 
0 0 0 28.73 0.00000000 0.00000000 0.00 0.00 0.00 0.01 0.38 0.25 -0.03 0.22 0.04 91.29 111.90 90.44 
0 0 0 28.83 0.00000000 0.00000000 0.00 0.00 0.00 0.13 0.40 -0.09 0.02 -0.02 0.02 96.96 113.10 90.29 
0 0 0 28.93 0.00000000 0.00000000 0.00 0.00 0.00 0.11 0.39 -0.07 0.05 -0.02 0.01 95.76 112.24 90.12 
0 0 0 29.03 0.00000000 0.00000000 0.00 0.00 0.00 0.13 0.42 -0.14 0.04 -0.05 0.02 97.56 113.68 90.22 
0 0 0 29.13 0.00000000 0.00000000 0.00 0.00 0.00 0.14 0.39 -0.19 -0.05 -0.05 -0.03 98.17 112.37 89.70 
0 0 0 29.23 0.00000000 0.00000000 0.00 0.00 0.00 0.02 0.36 0.14 -0.04 -0.00 -0.01 91.58 110.88 89.92 
0 0 0 29.33 0.00000000 0.00000000 0.00 0.00 0.00 0.09 0.40 0.06 0.04 -0.05 0.03 95.15 112.51 90.31 
0 0 0 29.43 0.00000000 0.00000000 0.00 0.00 0.00 0.09 0.36 -0.02 -0.01 -0.06 0.00 95.54 110.85 90.01 
0 0 0 29.53 0.00000000 0.00000000 0.00 0.00 0.00 0.05 0.35 0.03 -0.01 -0.02 0.00 92.92 110.05 90.05 
0 0 0 29.63 0.00000000 0.00000000 0.00 0.00 0.00 0.10 0.36 -0.05 -0.01 0.02 0.01 95.60 110.84 90.12 
0 0 0 29.73 0.00000000 0.00000000 0.00 0.00 0.00 0.10 0.40 0.01 -0.01 -0.02 0.01 96.21 112.60 90.06 
0 0 0 29.84 0.00000000 0.00000000 0.00 0.00 0.00 0.08 0.41 -0.01 0.02 -0.05 0.03 95.12 113.25 90.40 
0 0 0 29.94 0.00000000 0.00000000 0.00 0.00 0.00 0.07 0.33 -0.04 -0.03 -0.07 0.01 93.99 110.37 90.22 
0 0 0 30.04 0.00000000 0.00000000 0.00 0.00 0.00 0.13 0.37 -0.30 -0.06 -0.11 0.02 95.91 111.22 90.23 
0 0 0 30.14 0.00000000 0.00000000 0.00 0.00 0.00 0.04 0.32 0.01 -0.11 -0.02 0.02 92.60 108.63 90.30 
0 0 0 30.25 0.00000000 0.00000000 0.00 0.00 0.00 0.07 0.32 -0.07 -0.11 -0.36 0.01 93.87 108.38 90.07 
0 0 0 30.35 0.00000000 0.00000000 0.00 0.00 0.00 0.04 0.29 -0.07 -0.25 -0.57 0.08 92.70 106.52 90.93 
0 0 0 30.45 0.00000000 0.00000000 0.00 0.00 0.00 0.09 0.26 -0.49 -0.59 -0.15 -0.04 94.21 104.97 89.51 
0 0 0 30.55 0.00000000 0.00000000 0.00 0.00 0.00 -0.03 0.19 -0.19 -0.32 -0.29 -0.08 88.34 101.17 89.15 
0 0 0 30.66 0.00000000 0.00000000 0.00 0.00 0.00 -0.18 0.14 0.21 0.26 0.15 0.22 73.01 93.42 92.39 
0 0 0 30.76 0.00000000 0.00000000 0.00 0.00 0.00 0.00 0.09 -0.21 0.27 -0.21 0.15 89.94 94.97 91.83 
0 0 0 30.86 0.00000000 0.00000000 0.00 0.00 0.00 -0.01 0.10 -0.11 0.17 -0.43 0.06 89.96 95.33 90.78 
0 0 0 30.96 0.00000000 0.00000000 0.00 0.00 0.00 0.17 0.16 -0.84 0.43 0.06 0.10 98.83 99.17 91.22 
0 0 0 31.06 0.00000000 0.00000000 0.00 0.00 0.00 0.13 0.03 -0.41 0.11 -0.01 0.05 96.12 91.98 90.64 
0 0 0 31.16 0.00000000 0.00000000 0.00 0.00 0.00 0.05 0.13 0.10 -0.01 0.05 0.17 93.20 97.25 92.07 
0 0 0 31.27 0.00000000 0.00000000 0.00 0.00 0.00 0.01 0.12 0.24 -0.06 0.02 0.23 88.42 99.25 92.61 
0 0 0 31.37 0.00000000 0.00000000 0.00 0.00 0.00 0.00 0.14 0.33 -0.12 0.00 0.15 90.45 97.81 91.80 
0 0 0 31.47 0.00000000 0.00000000 0.00 0.00 0.00 0.05 0.11 -0.04 0.04 0.01 0.20 93.01 96.39 92.41 
0 0 0 31.57 0.00000000 0.00000000 0.00 0.00 0.00 0.06 0.08 -0.01 -0.04 -0.01 0.06 92.40 96.78 90.83 
0 0 0 31.68 0.00000000 0.00000000 0.00 0.00 0.00 0.07 0.11 -0.04 -0.01 -0.02 0.01 94.49 96.35 90.15 
0 0 0 31.78 0.00000000 0.00000000 0.00 0.00 0.00 0.05 0.09 0.01 0.03 -0.04 -0.03 92.91 95.38 89.61 
0 0 0 31.88 0.00000000 0.00000000 0.00 0.00 0.00 0.08 0.15 0.08 0.12 -0.02 0.01 94.04 99.11 89.95 
0 0 0 31.98 0.00000000 0.00000000 0.00 0.00 0.00 0.05 0.06 -0.05 0.00 0.00 0.11 92.93 93.48 91.31 
0 0 0 32.08 0.00000000 0.00000000 0.00 0.00 0.00 0.04 0.06 0.06 -0.13 -0.01 0.09 91.81 94.01 91.13 
0 0 0 32.18 0.00000000 0.00000000 0.00 0.00 0.00 0.10 0.13 -0.08 0.04 0.00 0.14 95.27 97.59 91.67 
0 0 0 32.28 0.00000000 0.00000000 0.00 0.00 0.00 0.11 0.08 -0.27 -0.06 -0.00 0.22 95.75 94.60 92.59 
0 0 0 32.38 0.00000000 0.00000000 0.00 0.00 0.00 -0.01 0.12 0.41 -0.06 -0.03 0.13 89.84 96.94 91.61 
0 0 0 32.52 0.00000000 0.00000000 0.00 0.00 0.00 0.07 0.13 0.23 0.03 -0.00 0.04 93.55 97.45 90.48 
0 0 0 32.65 0.00000000 0.00000000 0.00 0.00 0.00 0.05 0.12 0.25 0.05 0.02 0.06 93.11 96.77 90.68 
0 0 0 32.79 0.00000000 0.00000000 0.00 0.00 0.00 0.06 0.09 0.19 -0.01 -0.00 0.04 93.27 95.41 90.43 
0 0 0 32.92 0.00000000 0.00000000 0.00 0.00 0.00 0.06 0.16 0.43 0.01 0.10 0.08 93.30 98.58 90.99 
0 0 0 33.02 0.00000000 0.00000000 0.00 0.00 0.00 0.05 0.19 0.67 0.00 0.01 0.05 93.03 100.74 90.61 
0 0 0 33.12 0.00000000 0.00000000 0.00 0.00 0.00 0.13 0.21 0.59 0.04 0.03 0.07 97.18 101.99 90.88 
0 0 0 33.22 0.00000000 0.00000000 0.00 0.00 0.00 0.13 0.17 0.19 0.11 -0.03 0.03 97.48 100.08 90.40 
0 0 0 33.32 0.00000000 0.00000000 0.00 0.00 0.00 0.02 0.13 0.49 -0.13 -0.15 0.01 91.19 97.56 90.07 
0 0 0 33.42 0.00000000 0.00000000 0.00 0.00 0.00 0.01 0.14 0.58 -0.04 -0.03 -0.16 93.91 97.21 88.08 
0 0 0 33.53 0.00000000 0.00000000 0.00 0.00 0.00 0.07 0.14 0.38 0.08 -0.01 -0.16 93.69 97.67 88.06 
0 0 0 33.63 0.00000000 0.00000000 0.00 0.00 0.00 -0.05 0.14 0.72 -0.10 -0.01 0.01 87.69 98.02 90.09 
0 0 0 33.73 0.00000000 0.00000000 0.00 0.00 0.00 0.12 0.10 -0.26 -0.18 0.15 -0.02 97.18 95.71 89.78 
0 0 0 33.83 0.00000000 0.00000000 0.00 0.00 0.00 -0.03 0.00 0.13 -0.04 0.04 0.10 88.35 90.54 91.18 
0 0 0 33.93 0.00000000 0.00000000 0.00 0.00 0.00 0.02 0.26 1.59 0.06 -0.00 -0.00 90.24 105.15 89.97 
0 0 0 34.03 0.00000000 0.00000000 0.00 0.00 0.00 0.01 0.14 0.47 0.13 0.31 0.07 91.31 97.95 90.80 
0 0 0 34.13 0.00000000 0.00000000 0.00 0.00 0.00 0.04 -0.02 -0.07 -0.04 -0.11 0.23 92.48 89.30 92.76 
0 0 0 34.23 0.00000000 0.00000000 0.00 0.00 0.00 0.05 0.11 0.21 0.09 -0.19 0.01 92.60 96.33 90.14 
0 0 0 34.33 0.00000000 0.00000000 0.00 0.00 0.00 0.13 0.15 0.10 0.24 -0.28 -0.14 97.14 98.38 88.33 
0 0 0 34.43 0.00000000 0.00000000 0.00 0.00 0.00 0.18 -0.04 -0.54 0.02 -0.07 -0.10 97.18 87.12 88.78 
0 0 0 34.53 0.00000000 0.00000000 0.00 0.00 0.00 0.16 0.07 -0.17 -0.00 0.04 0.00 98.61 94.46 90.02 
0 0 0 34.63 0.00000000 0.00000000 0.00 0.00 0.00 0.03 0.07 0.39 0.02 -0.01 -0.05 91.67 93.71 89.38 
0 0 0 34.74 0.00000000 0.00000000 0.00 0.00 0.00 0.10 0.08 0.17 0.01 -0.01 0.00 95.44 94.69 90.03 
0 0 0 34.84 0.00000000 0.00000000 0.00 0.00 0.00 0.14 0.02 -0.26 0.01 -0.02 0.00 97.92 91.61 90.02 
0 0 0 34.94 0.00000000 0.00000000 0.00 0.00 0.00 0.03 0.15 0.85 0.01 0.01 0.00 91.80 98.24 90.02 
0 0 0 35.04 0.00000000 0.00000000 0.00 0.00 0.00 0.05 0.06 0.32 0.01 -0.01 0.00 92.61 93.38 90.04 
0 0 0 35.14 0.00000000 0.00000000 0.00 0.00 0.00 0.08 0.04 0.11 0.01 -0.01 0.00 94.25 94.08 90.04 
0 0 0 35.24 0.00000000 0.00000000 0.00 0.00 0.00 0.04 0.06 0.33 0.01 -0.02 0.01 94.91 94.02 90.06 
0 0 0 35.34 0.00000000 0.00000000 0.00 0.00 0.00 0.05 0.07 0.35 0.01 -0.02 0.01 92.84 94.31 90.06 
0 0 0 35.44 0.00000000 0.00000000 0.00 0.00 0.00 0.06 0.08 0.24 0.01 -0.02 0.00 93.70 94.36 90.04 
0 0 0 35.54 0.00000000 0.00000000 0.00 0.00 0.00 0.05 0.09 0.43 0.01 0.00 0.00 93.31 95.20 90.03 
0 0 0 35.64 0.00000000 0.00000000 0.00 0.00 0.00 0.09 0.09 0.24 0.01 -0.01 0.00 95.13 94.93 90.03 
0 0 0 35.74 0.00000000 0.00000000 0.00 0.00 0.00 0.11 0.05 -0.02 0.01 -0.02 0.00 96.09 92.94 90.06 
0 0 0 35.84 0.00000000 0.00000000 0.00 0.00 0.00 0.08 0.09 0.35 0.01 -0.02 0.00 93.93 95.10 90.05 
0 0 0 35.95 0.00000000 0.00000000 0.00 0.00 0.00 0.05 0.07 0.36 0.01 -0.02 0.00 92.74 94.26 90.04 
0 0 0 36.05 0.00000000 0.00000000 0.00 0.00 0.00 0.08 0.08 0.26 0.01 -0.02 0.00 94.31 94.16 90.04 
0 0 0 36.15 0.00000000 0.00000000 0.00 0.00 0.00 0.07 0.09 0.42 0.01 -0.01 0.00 92.90 93.53 90.02 
0 0 0 36.25 0.00000000 0.00000000 0.00 0.00 0.00 0.07 0.08 0.27 0.01 -0.01 0.00 93.70 94.30 90.04 
0 0 0 36.35 0.00000000 0.00000000 0.00 0.00 0.00 0.06 0.09 0.42 0.02 0.01 0.00 93.22 94.75 90.04 
0 0 0 36.45 0.00000000 0.00000000 0.00 0.00 0.00 0.07 0.06 0.25 0.01 -0.02 0.01 93.77 93.83 90.07 
0 0 0 36.55 0.00000000 0.00000000 0.00 0.00 0.00 0.08 0.06 0.14 0.01 -0.01 0.00 94.52 93.61 90.05 
0 0 0 36.65 0.00000000 0.00000000 0.00 0.00 0.00 0.07 0.07 0.24 0.01 -0.00 0.00 94.33 95.47 90.03 
0 0 0 36.75 0.00000000 0.00000000 0.00 0.00 0.00 0.05 0.07 0.33 0.01 -0.01 -0.04 92.80 93.73 89.58 
0 0 0 36.85 0.00000000 0.00000000 0.00 0.00 0.00 0.08 0.10 0.40 0.02 -0.02 -0.04 94.38 95.76 89.56 
0 0 0 36.95 0.00000000 0.00000000 0.00 0.00 0.00 0.10 0.08 0.11 0.02 -0.00 0.00 95.51 94.52 90.03 
0 0 0 37.05 0.00000000 0.00000000 0.00 0.00 0.00 0.08 0.08 0.12 0.01 -0.00 -0.01 94.48 94.30 89.93 
0 0 0 37.15 0.00000000 0.00000000 0.00 0.00 0.00 -0.02 0.10 0.66 0.02 -0.03 -0.13 89.13 95.86 88.50 
0 0 0 37.25 0.00000000 0.00000000 0.00 0.00 0.00 -0.02 0.01 0.32 0.01 -0.01 0.00 88.68 91.30 90.02 
0 0 0 37.36 0.00000000 0.00000000 0.00 0.00 0.00 0.07 0.01 -0.01 0.02 -0.01 -0.09 94.12 90.80 88.93 
0 0 0 37.46 0.00000000 0.00000000 0.00 0.00 0.00 0.12 0.09 -0.09 0.02 -0.03 -0.06 96.30 95.53 89.24 
0 0 0 37.56 0.00000000 0.00000000 0.00 0.00 0.00 0.08 0.07 0.14 0.01 -0.02 0.01 94.61 94.26 90.08 
0 0 0 37.66 0.00000000 0.00000000 0.00 0.00 0.00 0.06 0.03 0.00 0.01 -0.01 0.00 93.61 91.81 90.03 
0 0 0 37.76 0.00000000 0.00000000 0.00 0.00 0.00 0.08 0.09 0.20 0.01 0.01 0.01 94.19 94.60 90.06 
0 0 0 37.86 0.00000000 0.00000000 0.00 0.00 0.00 0.07 0.07 0.17 0.01 -0.01 0.00 94.12 93.84 90.02 
0 0 0 37.96 0.00000000 0.00000000 0.00 0.00 0.00 0.06 0.07 0.22 0.01 -0.01 0.00 93.38 93.88 90.03 
0 0 0 38.06 0.00000000 0.00000000 0.00 0.00 0.00 0.07 0.06 0.13 0.02 -0.02 0.00 93.79 93.59 90.02 
0 0 0 38.16 0.00000000 0.00000000 0.00 0.00 0.00 0.09 0.06 0.01 0.01 -0.02 0.00 94.91 93.44 90.02 
0 0 0 38.26 0.00000000 0.00000000 0.00 0.00 0.00 0.09 0.07 0.06 0.01 -0.01 0.00 94.98 93.75 90.05 
0 0 0 38.36 0.00000000 0.00000000 0.00 0.00 0.00 0.10 0.06 -0.04 0.01 -0.01 0.00 96.00 93.56 90.02 
0 0 0 38.46 0.00000000 0.00000000 0.00 0.00 0.00 0.03 0.05 0.22 0.01 -0.01 0.00 92.13 92.99 90.04 
0 0 0 38.56 0.00000000 0.00000000 0.00 0.00 0.00 0.07 0.07 0.18 0.01 -0.02 0.01 93.85 93.87 90.07 
0 0 0 38.66 0.00000000 0.00000000 0.00 0.00 0.00 0.03 0.07 0.32 0.01 0.00 0.00 91.92 94.26 90.00 
0 0 0 38.77 0.00000000 0.00000000 0.00 0.00 0.00 0.08 0.09 0.22 0.02 -0.01 0.00 94.74 94.94 90.04 
0 0 0 38.87 0.00000000 0.00000000 0.00 0.00 0.00 0.06 0.09 0.26 0.01 -0.00 0.00 93.81 94.97 90.02 
0 0 0 38.97 0.00000000 0.00000000 0.00 0.00 0.00 0.05 0.07 0.14 0.01 -0.01 0.00 93.10 93.83 90.01 
0 0 0 39.07 0.00000000 0.00000000 0.00 0.00 0.00 0.09 0.08 0.05 0.01 -0.00 0.01 94.78 94.36 90.06 
0 0 0 39.17 0.00000000 0.00000000 0.00 0.00 0.00 0.07 0.06 0.14 0.01 -0.00 0.00 93.74 93.53 90.01 
0 0 0 39.27 0.00000000 0.00000000 0.00 0.00 0.00 0.07 0.08 0.16 0.01 -0.01 0.00 94.02 94.80 90.03 
0 0 0 39.37 0.00000000 0.00000000 0.00 0.00 0.00 0.09 0.07 0.06 0.00 -0.02 0.01 95.33 94.27 90.06 
0 0 0 39.47 0.00000000 0.00000000 0.00 0.00 0.00 0.08 0.05 0.05 0.02 -0.02 0.00 94.79 93.19 90.04 
0 0 0 39.57 0.00000000 0.00000000 0.00 0.00 0.00 0.06 0.10 0.29 0.01 -0.01 0.00 93.57 95.49 90.04 
0 0 0 39.67 0.00000000 0.00000000 0.00 0.00 0.00 0.10 0.11 0.06 0.01 -0.02 0.00 95.39 95.67 90.05 
0 0 0 39.77 0.00000000 0.00000000 0.00 0.00 0.00 0.08 0.10 0.23 0.01 -0.02 0.00 94.37 96.05 90.05 
0 0 0 39.87 0.00000000 0.00000000 0.00 0.00 0.00 0.04 0.08 0.34 0.01 -0.03 0.00 92.48 94.91 90.05 
0 0 0 39.97 0.00000000 0.00000000 0.00 0.00 0.00 0.03 0.07 0.36 0.01 0.00 0.00 92.02 94.32 90.04 
0 0 0 40.07 0.00000000 0.00000000 0.00 0.00 0.00 0.08 0.07 0.06 0.01 -0.02 0.00 94.72 94.21 90.01 
0 0 0 40.18 0.00000000 0.00000000 0.00 0.00 0.00 0.06 0.04 0.12 0.01 -0.00 0.00 93.37 92.53 90.03 
0 0 0 40.28 0.00000000 0.00000000 0.00 0.00 0.00 0.04 0.07 0.28 0.01 -0.01 0.00 92.70 93.91 90.06 
0 0 0 40.38 0.00000000 0.00000000 0.00 0.00 0.00 0.04 0.09 0.44 0.01 -0.01 0.00 92.42 95.11 90.05 
0 0 0 40.48 0.00000000 0.00000000 0.00 0.00 0.00 0.03 0.09 0.40 0.01 0.00 0.00 92.27 94.76 90.03 
0 0 0 40.58 0.00000000 0.00000000 0.00 0.00 0.00 0.04 0.02 0.14 0.01 -0.01 0.00 92.08 91.71 90.03 
0 0 0 40.68 0.00000000 0.00000000 0.00 0.00 0.00 0.06 0.06 0.17 0.01 -0.00 0.00 93.37 93.73 90.03 
0 0 0 40.78 0.00000000 0.00000000 0.00 0.00 0.00 0.08 0.08 0.13 0.01 -0.02 0.00 94.51 94.64 90.05 
0 0 0 40.88 0.00000000 0.00000000 0.00 0.00 0.00 0.07 0.08 0.21 0.01 -0.03 0.00 93.43 95.67 90.02 
0 0 0 40.98 0.00000000 0.00000000 0.00 0.00 0.00 0.00 0.03 0.29 0.01 -0.01 0.00 91.00 93.98 90.01 
0 0 0 41.08 0.00000000 0.00000000 0.00 0.00 0.00 0.04 0.06 0.23 0.01 0.00 0.00 92.35 93.44 90.04 
0 0 0 41.18 0.00000000 0.00000000 0.00 0.00 0.00 0.05 0.07 0.16 0.01 0.00 0.00 93.14 93.97 90.04 
0 0 0 41.28 0.00000000 0.00000000 0.00 0.00 0.00 0.05 0.08 0.27 0.01 -0.00 0.00 92.92 94.57 90.05 
0 0 0 41.38 0.00000000 0.00000000 0.00 0.00 0.00 0.04 0.06 0.25 0.01 -0.01 0.01 92.57 93.52 90.06 
0 0 0 41.48 0.00000000 0.00000000 0.00 0.00 0.00 0.17 0.08 -0.44 0.01 -0.02 0.00 99.16 94.41 90.04 
0 0 0 41.58 0.00000000 0.00000000 0.00 0.00 0.00 0.06 0.06 0.22 0.01 -0.02 0.00 93.47 93.60 90.04 
0 0 0 41.69 0.00000000 0.00000000 0.00 0.00 0.00 0.10 0.09 -0.06 0.01 -0.01 0.00 95.37 95.12 90.05 
0 0 0 41.79 0.00000000 0.00000000 0.00 0.00 0.00 0.10 0.04 -0.03 0.00 -0.01 0.01 95.38 92.77 90.06 
0 0 0 41.89 0.00000000 0.00000000 0.00 0.00 0.00 0.08 0.08 0.16 0.01 -0.01 0.00 94.82 94.34 90.02 
0 0 0 41.99 0.00000000 0.00000000 0.00 0.00 0.00 0.05 0.06 0.25 0.01 -0.01 0.00 92.80 93.70 90.05 
0 0 0 42.09 0.00000000 0.00000000 0.00 0.00 0.00 0.09 0.08 0.07 0.01 -0.01 0.00 95.39 94.40 90.04 
0 0 0 42.19 0.00000000 0.00000000 0.00 0.00 0.00 0.08 0.11 0.27 0.01 -0.02 0.00 94.48 96.18 90.02 
0 0 0 42.29 0.00000000 0.00000000 0.00 0.00 0.00 0.05 0.11 0.43 0.02 -0.00 0.00 93.33 95.92 90.02 
0 0 0 42.39 0.00000000 0.00000000 0.00 0.00 0.00 0.01 0.12 0.61 0.01 -0.01 0.00 90.56 96.99 90.03 
0 0 0 42.49 0.00000000 0.00000000 0.00 0.00 0.00 0.07 0.08 0.24 0.01 -0.00 0.00 93.99 94.48 90.02 
0 0 0 42.59 0.00000000 0.00000000 0.00 0.00 0.00 0.05 0.07 0.24 0.01 -0.00 0.00 93.08 93.97 90.02 
0 0 0 42.69 0.00000000 0.00000000 0.00 0.00 0.00 0.05 0.04 0.13 0.02 -0.00 0.00 93.01 92.61 90.01 
0 0 0 42.79 0.00000000 0.00000000 0.00 0.00 0.00 0.07 0.07 0.24 0.02 -0.00 0.00 93.62 94.13 90.04 
0 0 0 42.89 0.00000000 0.00000000 0.00 0.00 0.00 0.05 0.08 0.29 0.01 -0.02 0.00 93.16 94.51 90.05 
0 0 0 42.99 0.00000000 0.00000000 0.00 0.00 0.00 0.03 0.07 0.36 0.01 -0.02 0.00 91.66 93.77 90.06 
0 0 0 43.09 0.00000000 0.00000000 0.00 0.00 0.00 0.10 0.07 -0.00 0.01 0.01 0.00 95.52 94.00 90.03 
0 0 0 43.20 0.00000000 0.00000000 0.00 0.00 0.00 0.08 0.10 0.22 0.01 -0.00 0.00 94.69 95.40 90.05 
0 0 0 43.30 0.00000000 0.00000000 0.00 0.00 0.00 0.09 0.13 0.46 0.01 -0.01 0.00 94.71 97.04 90.04 
0 0 0 43.40 0.00000000 0.00000000 0.00 0.00 0.00 -0.02 -0.02 0.23 0.01 -0.03 0.01 89.53 89.02 90.08 
0 0 0 43.50 0.00000000 0.00000000 0.00 0.00 0.00 0.08 0.05 0.03 0.02 -0.01 0.00 94.53 93.00 90.01 
0 0 0 43.60 0.00000000 0.00000000 0.00 0.00 0.00 0.08 0.07 0.15 0.01 -0.02 0.00 94.30 93.94 90.04 
0 0 0 43.70 0.00000000 0.00000000 0.00 0.00 0.00 0.03 0.08 0.37 0.00 -0.00 0.00 92.13 94.53 90.02 
0 0 0 43.80 0.00000000 0.00000000 0.00 0.00 0.00 0.05 0.06 0.18 0.01 -0.00 0.00 93.04 93.61 90.04 
0 0 0 43.90 0.00000000 0.00000000 0.00 0.00 0.00 0.06 0.08 0.25 0.01 -0.01 0.00 93.61 94.64 90.03 
0 0 0 44.00 0.00000000 0.00000000 0.00 0.00 0.00 0.02 0.02 0.23 0.01 -0.01 0.00 91.32 91.34 90.05 
0 0 0 44.10 0.00000000 0.00000000 0.00 0.00 0.00 0.04 0.06 0.27 0.01 -0.01 0.00 92.25 93.46 90.05 
0 0 0 44.20 0.00000000 0.00000000 0.00 0.00 0.00 0.07 0.09 0.22 0.01 -0.02 0.00 94.02 94.88 90.05 
0 0 0 44.30 0.00000000 0.00000000 0.00 0.00 0.00 0.05 0.05 0.19 0.01 -0.01 0.00 92.77 92.83 90.03 
0 0 0 44.40 0.00000000 0.00000000 0.00 0.00 0.00 0.09 0.03 0.04 0.02 -0.01 0.00 95.28 91.88 90.04 
0 0 0 44.50 0.00000000 0.00000000 0.00 0.00 0.00 0.09 0.11 0.20 0.01 -0.00 0.00 96.68 94.51 90.05 
0 0 0 44.61 0.00000000 0.00000000 0.00 0.00 0.00 0.08 0.09 0.15 0.01 0.00 0.00 94.66 94.93 90.01 
0 0 0 44.71 0.00000000 0.00000000 0.00 0.00 0.00 0.06 0.08 0.24 0.01 -0.01 0.00 93.28 94.34 90.05 
0 0 0 44.81 0.00000000 0.00000000 0.00 0.00 0.00 0.09 0.09 0.10 0.01 -0.00 0.00 95.03 95.01 90.05 
0 0 0 44.91 0.00000000 0.00000000 0.00 0.00 0.00 0.06 0.07 0.21 0.02 -0.00 0.00 93.05 94.01 90.01 
0 0 0 45.01 0.00000000 0.00000000 0.00 0.00 0.00 0.05 0.07 0.28 0.02 -0.01 0.00 92.74 94.32 90.02 
0 0 0 45.11 0.00000000 0.00000000 0.00 0.00 0.00 0.06 0.07 0.24 0.02 -0.00 0.00 93.12 93.99 90.04 
0 0 0 45.21 0.00000000 0.00000000 0.00 0.00 0.00 0.07 0.08 0.12 0.01 -0.01 -0.00 93.89 94.34 89.99 
0 0 0 45.31 0.00000000 0.00000000 0.00 0.00 0.00 0.05 0.06 0.20 0.01 -0.01 0.00 93.14 93.56 90.05 
0 0 0 45.41 0.00000000 0.00000000 0.00 0.00 0.00 -0.00 0.03 0.33 0.01 -0.01 0.00 90.71 91.37 90.05 
0 0 0 45.51 0.00000000 0.00000000 0.00 0.00 0.00 0.08 0.10 0.34 0.02 -0.01 0.00 94.46 95.71 90.05 
0 0 0 45.61 0.00000000 0.00000000 0.00 0.00 0.00 0.07 0.07 0.14 0.01 -0.01 0.00 94.21 94.26 90.03 
0 0 0 45.71 0.00000000 0.00000000 0.00 0.00 0.00 0.07 0.09 0.24 0.02 -0.02 0.00 94.06 95.13 90.06 
0 0 0 45.81 0.00000000 0.00000000 0.00 0.00 0.00 0.23 0.03 -0.78 0.01 -0.01 0.00 102.01 92.09 90.05 
0 0 0 45.91 0.00000000 0.00000000 0.00 0.00 0.00 0.03 0.08 0.36 0.01 -0.00 0.00 91.88 94.30 90.02 
0 0 0 46.02 0.00000000 0.00000000 0.00 0.00 0.00 0.07 0.05 0.15 0.01 -0.01 0.00 93.84 92.95 90.05 
0 0 0 46.12 0.00000000 0.00000000 0.00 0.00 0.00 0.06 0.12 0.44 0.01 -0.01 0.00 93.69 96.61 90.04 
0 0 0 46.22 0.00000000 0.00000000 0.00 0.00 0.00 0.07 0.10 0.25 0.01 -0.03 0.01 94.70 95.84 90.07 
0 0 0 46.32 0.00000000 0.00000000 0.00 0.00 0.00 0.04 0.04 0.25 0.01 -0.02 0.00 92.22 92.63 90.05 
0 0 0 46.42 0.00000000 0.00000000 0.00 0.00 0.00 0.06 0.06 0.19 0.01 -0.02 0.00 93.42 93.72 90.04 
0 0 0 46.52 0.00000000 0.00000000 0.00 0.00 0.00 0.11 0.09 -0.17 0.02 -0.00 0.00 96.32 94.95 90.04 
0 0 0 46.62 0.00000000 0.00000000 0.00 0.00 0.00 0.06 0.07 0.24 0.01 -0.01 0.00 93.51 93.93 90.03 
0 0 0 46.72 0.00000000 0.00000000 0.00 0.00 0.00 0.06 0.08 0.27 0.01 -0.01 0.00 93.44 94.61 90.04 
0 0 0 46.82 0.00000000 0.00000000 0.00 0.00 0.00 0.08 0.08 0.08 0.01 -0.00 0.00 94.43 94.60 90.03 
0 0 0 46.92 0.00000000 0.00000000 0.00 0.00 0.00 0.05 0.07 0.20 0.01 -0.01 0.00 93.24 94.01 90.01 
0 0 0 47.02 0.00000000 0.00000000 0.00 0.00 0.00 0.07 0.08 0.17 0.02 -0.02 0.00 93.97 94.50 90.02 
0 0 0 47.12 0.00000000 0.00000000 0.00 0.00 0.00 0.07 0.07 0.21 0.01 -0.01 0.00 93.77 93.94 90.04 
0 0 0 47.22 0.00000000 0.00000000 0.00 0.00 0.00 0.09 0.07 0.03 0.01 -0.01 0.00 95.04 94.05 90.05 
0 0 0 47.32 0.00000000 0.00000000 0.00 0.00 0.00 0.07 0.08 0.10 0.01 -0.01 0.00 94.09 94.39 90.04 
0 0 0 47.42 0.00000000 0.00000000 0.00 0.00 0.00 -0.01 0.06 0.43 0.02 -0.01 0.00 89.48 93.46 90.04 
0 0 0 47.53 0.00000000 0.00000000 0.00 0.00 0.00 0.03 0.13 0.58 0.01 -0.01 0.00 92.13 96.99 90.03 
0 0 0 47.63 0.00000000 0.00000000 0.00 0.00 0.00 0.03 0.04 0.29 0.02 0.00 0.00 91.83 92.55 90.05 
0 0 0 47.73 0.00000000 0.00000000 0.00 0.00 0.00 0.05 0.06 0.20 0.01 -0.01 0.01 93.29 93.52 90.07 
0 0 0 47.83 0.00000000 0.00000000 0.00 0.00 0.00 0.07 0.06 0.05 0.01 -0.03 0.00 94.13 93.33 90.05 
0 0 0 47.93 0.00000000 0.00000000 0.00 0.00 0.00 0.07 0.08 0.22 0.01 -0.00 0.00 94.09 94.40 90.03 
0 0 0 48.03 0.00000000 0.00000000 0.00 0.00 0.00 0.04 0.09 0.35 0.02 -0.01 0.00 92.66 95.07 90.06 
0 0 0 48.13 0.00000000 0.00000000 0.00 0.00 0.00 0.04 0.09 0.36 0.02 -0.02 0.00 92.54 95.23 90.05 
0 0 0 48.23 0.00000000 0.00000000 0.00 0.00 0.00 0.03 0.05 0.30 0.02 -0.01 0.00 92.14 93.04 90.02 
0 0 0 48.33 0.00000000 0.00000000 0.00 0.00 0.00 0.04 0.06 0.24 0.02 -0.02 0.00 92.63 93.54 90.03 
0 0 0 48.43 0.00000000 0.00000000 0.00 0.00 0.00 0.07 0.06 0.16 0.01 -0.01 0.00 93.92 93.38 90.05 
0 0 0 48.53 0.00000000 0.00000000 0.00 0.00 0.00 0.06 0.06 0.14 0.01 -0.01 0.00 93.44 93.40 90.04 
0 0 0 48.63 0.00000000 0.00000000 0.00 0.00 0.00 0.08 0.06 0.09 0.01 -0.01 0.00 92.87 93.64 90.05 
0 0 0 48.73 0.00000000 0.00000000 0.00 0.00 0.00 0.03 0.03 0.21 0.01 -0.01 0.01 91.61 91.81 90.07 
0 0 0 48.83 0.00000000 0.00000000 0.00 0.00 0.00 -0.04 0.01 0.34 0.01 -0.01 0.00 88.25 90.90 90.03 
0 0 0 48.94 0.00000000 0.00000000 0.00 0.00 0.00 0.07 0.08 0.21 0.01 -0.01 0.00 93.88 94.26 90.04 
0 0 0 49.04 0.00000000 0.00000000 0.00 0.00 0.00 0.02 0.05 0.28 0.02 -0.01 0.00 91.35 92.95 90.02 
0 0 0 49.14 0.00000000 0.00000000 0.00 0.00 0.00 0.06 0.07 0.16 0.02 -0.02 0.00 93.61 94.04 90.03 
0 0 0 49.27 0.00000000 0.00000000 0.00 0.00 0.00 0.07 0.07 0.17 0.01 -0.02 0.00 93.84 93.87 90.05 
0 0 0 49.40 0.00000000 0.00000000 0.00 0.00 0.00 0.07 0.07 0.16 0.01 -0.02 0.00 94.04 94.03 90.04 
0 0 0 49.54 0.00000000 0.00000000 0.00 0.00 0.00 0.06 0.07 0.21 0.01 -0.01 0.00 93.61 94.20 90.04 
0 0 0 49.68 0.00000000 0.00000000 0.00 0.00 0.00 0.07 0.08 0.19 0.01 -0.01 0.00 93.97 94.59 90.03 
0 0 0 49.78 0.00000000 0.00000000 0.00 0.00 0.00 0.07 0.10 0.28 0.01 -0.01 0.00 93.81 95.65 90.01 
0 0 0 49.88 0.00000000 0.00000000 0.00 0.00 0.00 0.01 0.09 0.45 0.01 -0.02 0.00 90.90 95.13 90.05 
0 0 0 49.98 0.00000000 0.00000000 0.00 0.00 0.00 0.11 0.13 0.17 0.02 -0.01 0.00 96.36 96.58 90.02 
0 0 0 50.08 0.00000000 0.00000000 0.00 0.00 0.00 0.06 0.06 0.19 0.00 -0.02 0.00 93.37 93.53 90.06 
0 0 0 50.18 0.00000000 0.00000000 0.00 0.00 0.00 0.10 0.09 0.06 0.00 -0.02 0.01 95.59 95.03 90.08 
0 0 0 50.28 0.00000000 0.00000000 0.00 0.00 0.00 0.09 0.09 -0.04 0.01 -0.01 0.00 95.06 94.64 90.04 
0 0 0 50.38 0.00000000 0.00000000 0.00 0.00 0.00 0.04 0.10 0.42 0.01 0.00 0.00 92.48 95.38 90.03 
0 0 0 50.48 0.00000000 0.00000000 0.00 0.00 0.00 0.06 0.08 0.26 0.01 0.00 0.00 93.12 94.57 90.01 
0 0 0 50.58 0.00000000 0.00000000 0.00 0.00 0.00 0.01 0.07 0.35 0.01 -0.02 0.01 91.22 93.83 90.07 
0 0 0 50.68 0.00000000 0.00000000 0.00 0.00 0.00 0.07 0.10 0.34 0.01 -0.01 0.00 93.88 95.79 90.04 
0 0 0 50.78 0.00000000 0.00000000 0.00 0.00 0.00 0.08 0.11 0.30 0.01 -0.01 0.00 94.35 96.16 90.03 
0 0 0 50.88 0.00000000 0.00000000 0.00 0.00 0.00 0.04 0.11 0.52 0.01 -0.01 0.00 92.35 96.03 90.03 
0 0 0 50.98 0.00000000 0.00000000 0.00 0.00 0.00 0.01 0.13 0.64 0.02 -0.01 0.00 91.16 97.30 90.03 
0 0 0 51.08 0.00000000 0.00000000 0.00 0.00 0.00 -0.02 0.10 0.59 0.02 -0.00 0.00 89.43 95.51 90.04 
0 0 0 51.19 0.00000000 0.00000000 0.00 0.00 0.00 0.08 0.10 0.23 0.01 0.00 0.00 94.33 95.68 90.02 
0 0 0 51.29 0.00000000 0.00000000 0.00 0.00 0.00 0.05 0.10 0.30 0.02 -0.01 0.00 93.05 95.51 90.04 
0 0 0 51.39 0.00000000 0.00000000 0.00 0.00 0.00 0.04 0.07 0.31 0.01 -0.02 0.01 92.34 94.06 90.06 
0 0 0 51.49 0.00000000 0.00000000 0.00 0.00 0.00 0.05 0.07 0.23 0.01 -0.01 0.01 92.85 93.66 90.07 
0 0 0 51.59 0.00000000 0.00000000 0.00 0.00 0.00 0.07 0.08 0.07 0.01 -0.01 0.00 94.06 94.40 90.02 
0 0 0 51.69 0.00000000 0.00000000 0.00 0.00 0.00 0.02 0.08 0.47 0.01 -0.00 0.00 91.06 94.56 90.02 
0 0 0 51.79 0.00000000 0.00000000 0.00 0.00 0.00 0.06 0.06 0.18 0.02 0.00 0.00 93.24 93.32 90.02 
0 0 0 51.89 0.00000000 0.00000000 0.00 0.00 0.00 0.06 0.11 0.31 0.02 -0.01 0.00 93.35 95.97 90.02 
0 0 0 51.99 0.00000000 0.00000000 0.00 0.00 0.00 0.11 0.09 0.03 0.01 -0.01 0.00 95.93 94.96 90.04 
0 0 0 52.09 0.00000000 0.00000000 0.00 0.00 0.00 0.08 0.07 0.14 0.02 -0.01 0.00 94.27 94.08 90.05 
0 0 0 52.19 0.00000000 0.00000000 0.00 0.00 0.00 0.05 0.08 0.32 0.01 -0.01 0.00 92.65 94.73 90.04 
0 0 0 52.29 0.00000000 0.00000000 0.00 0.00 0.00 0.02 0.12 0.55 0.02 0.01 0.00 91.07 96.45 90.02 
0 0 0 52.39 0.00000000 0.00000000 0.00 0.00 0.00 0.06 0.08 0.23 0.01 -0.01 0.00 94.00 94.82 90.01 
0 0 0 52.49 0.00000000 0.00000000 0.00 0.00 0.00 0.05 0.07 0.28 0.01 -0.01 0.00 92.72 94.28 90.05 
0 0 0 52.59 0.00000000 0.00000000 0.00 0.00 0.00 0.06 0.08 0.23 0.01 -0.01 0.00 93.59 94.53 90.02 
0 0 0 52.70 0.00000000 0.00000000 0.00 0.00 0.00 0.07 0.07 0.13 0.01 -0.01 0.00 93.79 94.05 90.05 
0 0 0 52.80 0.00000000 0.00000000 0.00 0.00 0.00 0.03 0.04 0.24 0.01 -0.02 0.00 91.75 92.38 90.03 
0 0 0 52.90 0.00000000 0.00000000 0.00 0.00 0.00 0.10 0.11 0.17 0.01 -0.01 0.00 92.46 93.74 90.04 
0 0 0 53.00 0.00000000 0.00000000 0.00 0.00 0.00 0.07 0.09 0.29 0.01 0.00 0.00 93.79 94.80 90.05 
0 0 0 53.10 0.00000000 0.00000000 0.00 0.00 0.00 0.07 0.08 0.23 0.02 -0.00 0.00 93.99 94.60 90.02 
0 0 0 53.20 0.00000000 0.00000000 0.00 0.00 0.00 0.06 0.08 0.20 0.01 -0.02 0.00 93.61 94.79 90.02 
0 0 0 53.30 0.00000000 0.00000000 0.00 0.00 0.00 0.06 0.08 0.29 0.00 -0.02 0.00 93.26 94.77 90.06 
0 0 0 53.40 0.00000000 0.00000000 0.00 0.00 0.00 0.05 0.06 0.21 0.01 -0.01 0.00 92.98 93.62 90.04 
0 0 0 53.50 0.00000000 0.00000000 0.00 0.00 0.00 0.08 0.08 0.05 0.01 0.01 0.00 94.68 94.82 90.05 
0 0 0 53.60 0.00000000 0.00000000 0.00 0.00 0.00 0.04 0.07 0.30 0.01 -0.01 0.01 92.66 94.13 90.07 
0 0 0 53.70 0.00000000 0.00000000 0.00 0.00 0.00 0.02 0.05 0.32 0.01 -0.01 0.00 91.37 93.24 90.03 
0 0 0 53.80 0.00000000 0.00000000 0.00 0.00 0.00 0.10 0.10 0.03 0.01 -0.00 0.00 95.59 95.51 90.04 
0 0 0 53.90 0.00000000 0.00000000 0.00 0.00 0.00 0.04 0.09 0.39 0.01 -0.01 0.00 92.12 94.81 90.05 
0 0 0 54.00 0.00000000 0.00000000 0.00 0.00 0.00 0.02 0.03 0.24 0.01 -0.01 0.00 91.47 92.11 90.05 
0 0 0 54.11 0.00000000 0.00000000 0.00 0.00 0.00 0.07 0.06 0.18 0.02 -0.02 0.00 93.93 93.78 90.04 
0 0 0 54.21 0.00000000 0.00000000 0.00 0.00 0.00 0.05 0.07 0.22 0.01 -0.01 0.00 93.16 94.10 90.05 
0 0 0 54.31 0.00000000 0.00000000 0.00 0.00 0.00 0.06 0.10 0.34 0.02 0.00 0.00 93.51 95.26 90.02 
0 0 0 54.41 0.00000000 0.00000000 0.00 0.00 0.00 0.09 0.10 0.21 0.01 -0.01 0.00 94.93 95.55 90.03 
0 0 0 54.51 0.00000000 0.00000000 0.00 0.00 0.00 0.03 0.07 0.31 0.01 -0.01 0.01 91.91 93.80 90.07 
0 0 0 54.61 0.00000000 0.00000000 0.00 0.00 0.00 0.04 0.06 0.27 0.01 -0.02 0.00 92.12 92.97 90.05 
0 0 0 54.71 0.00000000 0.00000000 0.00 0.00 0.00 0.07 0.05 0.08 0.01 -0.03 0.00 93.88 92.99 90.03 
0 0 0 54.81 0.00000000 0.00000000 0.00 0.00 0.00 0.04 0.10 0.38 0.01 -0.02 0.00 92.57 95.20 90.06 
0 0 0 54.91 0.00000000 0.00000000 0.00 0.00 0.00 0.16 0.07 -0.32 0.01 -0.01 0.01 98.73 93.87 90.07 
0 0 0 55.01 0.00000000 0.00000000 0.00 0.00 0.00 0.06 0.07 0.19 0.02 -0.00 0.00 93.44 94.02 90.02 
0 0 0 55.12 0.00000000 0.00000000 0.00 0.00 0.00 0.07 0.07 0.10 0.01 -0.01 0.00 93.94 94.17 90.04 
0 0 0 55.22 0.00000000 0.00000000 0.00 0.00 0.00 0.06 0.07 0.21 0.02 -0.00 0.00 93.45 94.14 90.01 
0 0 0 55.32 0.00000000 0.00000000 0.00 0.00 0.00 0.06 0.07 0.19 0.01 -0.01 0.00 93.73 94.24 90.02 
0 0 0 55.42 0.00000000 0.00000000 0.00 0.00 0.00 0.08 0.09 0.18 0.01 -0.02 0.00 94.39 95.20 90.04 
0 0 0 55.52 0.00000000 0.00000000 0.00 0.00 0.00 0.10 0.11 0.13 0.01 -0.02 0.00 95.44 95.96 90.05 
0 0 0 55.62 0.00000000 0.00000000 0.00 0.00 0.00 0.12 0.11 -0.00 0.01 -0.01 0.00 96.67 96.11 90.04 
0 0 0 55.72 0.00000000 0.00000000 0.00 0.00 0.00 0.00 0.10 0.52 0.01 -0.01 0.01 90.35 95.58 90.06 
0 0 0 55.82 0.00000000 0.00000000 0.00 0.00 0.00 0.05 0.11 0.43 0.01 -0.02 0.00 93.13 96.45 90.03 
0 0 0 55.92 0.00000000 0.00000000 0.00 0.00 0.00 0.10 0.10 -0.05 0.01 -0.02 0.00 95.51 95.76 90.04 
0 0 0 56.02 0.00000000 0.00000000 0.00 0.00 0.00 0.00 0.02 0.28 0.01 -0.02 0.00 90.35 91.60 90.04 
0 0 0 56.12 0.00000000 0.00000000 0.00 0.00 0.00 0.06 0.08 0.22 0.00 -0.02 0.00 94.03 94.48 90.04 
0 0 0 56.22 0.00000000 0.00000000 0.00 0.00 0.00 0.08 0.09 0.16 0.02 -0.01 0.01 94.25 94.87 90.07 
0 0 0 56.32 0.00000000 0.00000000 0.00 0.00 0.00 0.05 0.07 0.25 0.01 -0.01 0.00 93.24 94.41 90.04 
0 0 0 56.42 0.00000000 0.00000000 0.00 0.00 0.00 0.05 0.07 0.26 0.01 -0.01 0.00 92.92 93.90 90.05 
