0 0 0 0 0 0 1.50 0 0.00000000 0.00000000 0.00 0.00 0.00 0.00 0.00 0.00 
0 0 0 0 0 0 1.57 0 0.00000000 0.00000000 0.00 0.00 0.00 0.00 0.00 0.00 
0 0 0 0 0 0 1.60 0 0.00000000 0.00000000 0.00 0.00 0.00 0.00 0.00 0.00 
0 0 0 0 0 0 1.62 0 0.00000000 0.00000000 0.00 0.00 0.00 0.00 0.00 0.00 
0 0 0 0 0 0 1.64 0 0.00000000 0.00000000 0.00 0.00 0.00 0.00 0.00 0.00 
0 0 0 0 0 0 1.66 0 0.00000000 0.00000000 0.00 0.00 0.00 0.00 0.00 0.00 
0 0 0 0 0 0 1.69 0 0.00000000 0.00000000 0.00 0.00 0.00 0.00 0.00 0.00 
0 0 0 0 0 0 1.71 0 0.00000000 0.00000000 0.00 0.00 0.00 0.00 0.00 0.00 
0 0 0 0 0 0 1.75 0 0.00000000 0.00000000 0.00 0.00 0.00 0.00 0.00 0.00 
0 0 0 0 0 0 1.88 0 0.00000000 0.00000000 0.00 0.00 0.00 0.00 0.00 0.00 
0 0 0 0 0 0 2.01 0 0.00000000 0.00000000 0.00 0.00 0.00 85.63 87.05 90.00 
0 0 0 0 0 0 2.13 0 0.00000000 0.00000000 0.00 0.00 0.00 85.63 87.05 90.00 
0 0 0 0 0 0 2.26 0 0.00000000 0.00000000 0.00 0.00 0.00 85.63 87.05 90.00 
0 0 0 0 0 0 2.34 0 0.00000000 0.00000000 0.00 0.00 0.00 85.63 87.05 90.00 
0 0 0 0 0 0 2.37 0 0.00000000 0.00000000 0.00 0.00 0.00 85.63 87.05 90.00 
0 0 0 0 0 0 2.39 0 0.00000000 0.00000000 0.00 0.00 0.00 85.63 87.05 90.00 
0 0 0 0 0 0 2.42 0 0.00000000 0.00000000 0.00 0.00 0.00 85.63 87.05 90.00 
0 0 0 0 0 0 2.44 0 0.00000000 0.00000000 0.00 0.00 0.00 85.63 87.05 90.00 
0 0 0 0 0 0 2.46 0 0.00000000 0.00000000 0.00 0.00 0.00 85.63 87.05 90.00 
0 0 0 0 0 0 2.49 0 0.00000000 0.00000000 0.00 0.00 0.00 85.63 87.05 90.00 
0 0 0 0 0 0 2.51 0 0.00000000 0.00000000 0.00 0.00 0.00 85.63 87.05 90.00 
0 0 0 0 0 0 2.54 0 0.00000000 0.00000000 0.00 0.00 0.00 85.63 87.05 90.00 
0 0 0 0 0 0 2.56 0 0.00000000 0.00000000 0.00 0.00 0.00 85.63 87.05 90.00 
0 0 0 0 0 0 2.59 0 0.00000000 0.00000000 0.00 0.00 0.00 85.63 87.05 90.00 
0 0 0 0 0 0 2.61 0 0.00000000 0.00000000 0.00 0.00 0.00 85.63 87.05 90.00 
0 0 0 0 0 0 2.63 0 0.00000000 0.00000000 0.00 0.00 0.00 85.63 87.05 90.00 
0 0 0 0 0 0 2.66 0 0.00000000 0.00000000 0.00 0.00 0.00 85.63 87.05 90.00 
0 0 0 0 0 0 2.68 0 0.00000000 0.00000000 0.00 0.00 0.00 85.63 87.05 90.00 
0 0 0 0 0 0 2.71 0 0.00000000 0.00000000 0.00 0.00 0.00 85.63 87.05 90.00 
0 0 0 0 0 0 2.73 0 0.00000000 0.00000000 0.00 0.00 0.00 85.63 87.05 90.00 
0 0 0 0 0 0 2.75 0 0.00000000 0.00000000 0.00 0.00 0.00 85.63 87.05 90.00 
0 0 0 0 0 0 2.78 0 0.00000000 0.00000000 0.00 0.00 0.00 85.63 87.05 90.00 
0 0 0 0 0 0 2.80 0 0.00000000 0.00000000 0.00 0.00 0.00 85.63 87.05 90.00 
0 0 0 0 0 0 2.83 0 0.00000000 0.00000000 0.00 0.00 0.00 85.63 87.05 90.00 
0 0 0 0 0 0 2.85 0 0.00000000 0.00000000 0.00 0.00 0.00 85.63 87.05 90.00 
0 0 0 0 0 0 2.88 0 0.00000000 0.00000000 0.00 0.00 0.00 85.63 87.05 90.00 
0 0 0 0 0 0 2.90 0 0.00000000 0.00000000 0.00 0.00 0.00 85.63 87.05 90.00 
0 0 0 0 0 0 2.92 0 0.00000000 0.00000000 0.00 0.00 0.00 85.63 87.05 90.00 
0 0 0 0 0 0 2.95 0 0.00000000 0.00000000 0.00 0.00 0.00 85.63 87.05 90.00 
0 0 0 0 0 0 2.97 0 0.00000000 0.00000000 0.00 0.00 0.00 85.63 87.05 90.00 
0 0 0 0 0 0 3.01 0 0.00000000 0.00000000 0.00 0.00 0.00 86.18 86.18 90.00 
0 0 0 0 0 0 3.05 0 0.00000000 0.00000000 0.00 0.00 0.00 86.18 86.18 90.00 
0 0 0 0 0 0 3.07 0 0.00000000 0.00000000 0.00 0.00 0.00 86.18 86.18 90.00 
0 0 0 0 0 0 3.10 0 0.00000000 0.00000000 0.00 0.00 0.00 86.18 86.18 90.00 
0 0 0 0 0 0 3.12 0 0.00000000 0.00000000 0.00 0.00 0.00 86.18 86.18 90.00 
0 0 0 0 0 0 3.14 0 0.00000000 0.00000000 0.00 0.00 0.00 86.18 86.18 90.00 
0 0 0 0 0 0 3.17 0 0.00000000 0.00000000 0.00 0.00 0.00 86.18 86.18 90.00 
0 0 0 0 0 0 3.19 0 0.00000000 0.00000000 0.00 0.00 0.00 86.18 86.18 90.00 
0 0 0 0 0 0 3.22 0 0.00000000 0.00000000 0.00 0.00 0.00 86.18 86.18 90.00 
0 0 0 0 0 0 3.24 0 0.00000000 0.00000000 0.00 0.00 0.00 86.18 86.18 90.00 
0 0 0 0 0 0 3.27 0 0.00000000 0.00000000 0.00 0.00 0.00 86.18 86.18 90.00 
0 0 0 0 0 0 3.29 0 0.00000000 0.00000000 0.00 0.00 0.00 86.18 86.18 90.00 
0 0 0 0 0 0 3.31 0 0.00000000 0.00000000 0.00 0.00 0.00 86.18 86.18 90.00 
0 0 0 0 0 0 3.34 0 0.00000000 0.00000000 0.00 0.00 0.00 86.18 86.18 90.00 
0 0 0 0 0 0 3.36 0 0.00000000 0.00000000 0.00 0.00 0.00 86.18 86.18 90.00 
0 0 0 0 0 0 3.39 0 0.00000000 0.00000000 0.00 0.00 0.00 86.18 86.18 90.00 
0 0 0 0 0 0 3.42 0 0.00000000 0.00000000 0.00 0.00 0.00 86.18 86.18 90.00 
0 0 0 0 0 0 3.45 0 0.00000000 0.00000000 0.00 0.00 0.00 86.18 86.18 90.00 
0 0 0 0 0 0 3.47 0 0.00000000 0.00000000 0.00 0.00 0.00 86.18 86.18 90.00 
0 0 0 0 0 0 3.49 0 0.00000000 0.00000000 0.00 0.00 0.00 86.18 86.18 90.00 
0 0 0 0 0 0 3.52 0 0.00000000 0.00000000 0.00 0.00 0.00 86.18 86.18 90.00 
0 0 0 0 0 0 3.54 0 0.00000000 0.00000000 0.00 0.00 0.00 86.18 86.18 90.00 
0 0 0 0 0 0 3.57 0 0.00000000 0.00000000 0.00 0.00 0.00 86.18 86.18 90.00 
0 0 0 0 0 0 3.59 0 0.00000000 0.00000000 0.00 0.00 0.00 86.18 86.18 90.00 
0 0 0 0 0 0 3.62 0 0.00000000 0.00000000 0.00 0.00 0.00 86.18 86.18 90.00 
0 0 0 0 0 0 3.64 0 0.00000000 0.00000000 0.00 0.00 0.00 86.18 86.18 90.00 
0 0 0 0 0 0 3.66 0 0.00000000 0.00000000 0.00 0.00 0.00 86.18 86.18 90.00 
0 0 0 0 0 0 3.69 0 0.00000000 0.00000000 0.00 0.00 0.00 86.18 86.18 90.00 
0 0 0 0 0 0 3.71 0 0.00000000 0.00000000 0.00 0.00 0.00 86.18 86.18 90.00 
0 0 0 0 0 0 3.74 0 0.00000000 0.00000000 0.00 0.00 0.00 86.18 86.18 90.00 
0 0 0 0 0 0 3.76 0 0.00000000 0.00000000 0.00 0.00 0.00 86.18 86.18 90.00 
0 0 0 0 0 0 3.78 0 0.00000000 0.00000000 0.00 0.00 0.00 86.18 86.18 90.00 
0 0 0 0 0 0 3.81 0 0.00000000 0.00000000 0.00 0.00 0.00 86.18 86.18 90.00 
0 0 0 0 0 0 3.83 0 0.00000000 0.00000000 0.00 0.00 0.00 86.18 86.18 90.00 
0 0 0 0 0 0 3.86 0 0.00000000 0.00000000 0.00 0.00 0.00 86.18 86.18 90.00 
0 0 0 0 0 0 3.88 0 0.00000000 0.00000000 0.00 0.00 0.00 86.18 86.18 90.00 
0 0 0 0 0 0 3.91 0 0.00000000 0.00000000 0.00 0.00 0.00 86.18 86.18 90.00 
0 0 0 0 0 0 3.93 0 0.00000000 0.00000000 0.00 0.00 0.00 86.18 86.18 90.00 
0 0 0 0 0 0 3.95 0 0.00000000 0.00000000 0.00 0.00 0.00 86.18 86.18 90.00 
0 0 0 0 0 0 3.98 0 0.00000000 0.00000000 0.00 0.00 0.00 86.18 86.18 90.00 
0 0 0 0 0 0 4.01 0 0.00000000 0.00000000 0.00 0.00 0.00 85.91 86.51 90.00 
0 0 0 0 0 0 4.03 0 0.00000000 0.00000000 0.00 0.00 0.00 85.91 86.51 90.00 
0 0 0 0 0 0 4.05 0 0.00000000 0.00000000 0.00 0.00 0.00 85.91 86.51 90.00 
0 0 0 0 0 0 4.08 0 0.00000000 0.00000000 0.00 0.00 0.00 85.91 86.51 90.00 
0 0 0 0 0 0 4.10 0 0.00000000 0.00000000 0.00 0.00 0.00 85.91 86.51 90.00 
0 0 0 0 0 0 4.13 0 0.00000000 0.00000000 0.00 0.00 0.00 85.91 86.51 90.00 
0 0 0 0 0 0 4.15 0 0.00000000 0.00000000 0.00 0.00 0.00 85.91 86.51 90.00 
0 0 0 0 0 0 4.18 0 0.00000000 0.00000000 0.00 0.00 0.00 85.91 86.51 90.00 
0 0 0 0 0 0 4.20 0 0.00000000 0.00000000 0.00 0.00 0.00 85.91 86.51 90.00 
0 0 0 0 0 0 4.22 0 0.00000000 0.00000000 0.00 0.00 0.00 85.91 86.51 90.00 
0 0 0 0 0 0 4.25 0 0.00000000 0.00000000 0.00 0.00 0.00 85.91 86.51 90.00 
0 0 0 0 0 0 4.27 0 0.00000000 0.00000000 0.00 0.00 0.00 85.91 86.51 90.00 
0 0 0 0 0 0 4.30 0 0.00000000 0.00000000 0.00 0.00 0.00 85.91 86.51 90.00 
0 0 0 0 0 0 4.32 0 0.00000000 0.00000000 0.00 0.00 0.00 85.91 86.51 90.00 
0 0 0 0 0 0 4.34 0 0.00000000 0.00000000 0.00 0.00 0.00 85.91 86.51 90.00 
0 0 0 0 0 0 4.37 0 0.00000000 0.00000000 0.00 0.00 0.00 85.91 86.51 90.00 
0 0 0 0 0 0 4.40 0 0.00000000 0.00000000 0.00 0.00 0.00 85.91 86.51 90.00 
0 0 0 0 0 0 4.42 0 0.00000000 0.00000000 0.00 0.00 0.00 85.91 86.51 90.00 
0 0 0 0 0 0 4.44 0 0.00000000 0.00000000 0.00 0.00 0.00 85.91 86.51 90.00 
0 0 0 0 0 0 4.49 0 0.00000000 0.00000000 0.00 0.00 0.00 85.91 86.51 90.00 
0 0 0 0 0 0 4.51 0 0.00000000 0.00000000 0.00 0.00 0.00 85.91 86.51 90.00 
0 0 0 0 0 0 4.53 0 0.00000000 0.00000000 0.00 0.00 0.00 85.91 86.51 90.00 
0 0 0 0 0 0 4.56 0 0.00000000 0.00000000 0.00 0.00 0.00 85.91 86.51 90.00 
0 0 0 0 0 0 4.58 0 0.00000000 0.00000000 0.00 0.00 0.00 85.91 86.51 90.00 
0 0 0 0 0 0 4.61 0 0.00000000 0.00000000 0.00 0.00 0.00 85.91 86.51 90.00 
0 0 0 0 0 0 4.63 0 0.00000000 0.00000000 0.00 0.00 0.00 85.91 86.51 90.00 
0 0 0 0 0 0 4.66 0 0.00000000 0.00000000 0.00 0.00 0.00 85.91 86.51 90.00 
0 0 0 0 0 0 4.68 0 0.00000000 0.00000000 0.00 0.00 0.00 85.91 86.51 90.00 
0 0 0 0 0 0 4.70 0 0.00000000 0.00000000 0.00 0.00 0.00 85.91 86.51 90.00 
0 0 0 0 0 0 4.73 0 0.00000000 0.00000000 0.00 0.00 0.00 85.91 86.51 90.00 
0 0 0 0 0 0 4.76 0 0.00000000 0.00000000 0.00 0.00 0.00 85.91 86.51 90.00 
0 0 0 0 0 0 4.79 0 0.00000000 0.00000000 0.00 0.00 0.00 85.91 86.51 90.00 
0 0 0 0 0 0 4.81 0 0.00000000 0.00000000 0.00 0.00 0.00 85.91 86.51 90.00 
0 0 0 0 0 0 4.84 0 0.00000000 0.00000000 0.00 0.00 0.00 85.91 86.51 90.00 
0 0 0 0 0 0 4.86 0 0.00000000 0.00000000 0.00 0.00 0.00 85.91 86.51 90.00 
0 0 0 0 0 0 4.88 0 0.00000000 0.00000000 0.00 0.00 0.00 85.91 86.51 90.00 
0 0 0 0 0 0 4.91 0 0.00000000 0.00000000 0.00 0.00 0.00 85.91 86.51 90.00 
0 0 0 0 0 0 4.93 0 0.00000000 0.00000000 0.00 0.00 0.00 85.91 86.51 90.00 
0 0 0 0 0 0 4.96 0 0.00000000 0.00000000 0.00 0.00 0.00 85.91 86.51 90.00 
0 0 0 0 0 0 4.98 0 0.00000000 0.00000000 0.00 0.00 0.00 85.91 86.51 90.00 
0 0 0 0 0 0 5.01 0 0.00000000 0.00000000 0.00 0.00 0.00 86.17 86.44 90.00 
0 0 0 0 0 0 5.03 0 0.00000000 0.00000000 0.00 0.00 0.00 86.17 86.44 90.00 
0 0 0 0 0 0 5.06 0 0.00000000 0.00000000 0.00 0.00 0.00 86.17 86.44 90.00 
0 0 0 0 0 0 5.08 0 0.00000000 0.00000000 0.00 0.00 0.00 86.17 86.44 90.00 
0 0 0 0 0 0 5.11 0 0.00000000 0.00000000 0.00 0.00 0.00 86.17 86.44 90.00 
0 0 0 0 0 0 5.13 0 0.00000000 0.00000000 0.00 0.00 0.00 86.17 86.44 90.00 
0 0 0 0 0 0 5.16 0 0.00000000 0.00000000 0.00 0.00 0.00 86.17 86.44 90.00 
0 0 0 0 0 0 5.18 0 0.00000000 0.00000000 0.00 0.00 0.00 86.17 86.44 90.00 
0 0 0 0 0 0 5.20 0 0.00000000 0.00000000 0.00 0.00 0.00 86.17 86.44 90.00 
0 0 0 0 0 0 5.23 0 0.00000000 0.00000000 0.00 0.00 0.00 86.17 86.44 90.00 
0 0 0 0 0 0 5.25 0 0.00000000 0.00000000 0.00 0.00 0.00 86.17 86.44 90.00 
0 0 0 0 0 0 5.28 0 0.00000000 0.00000000 0.00 0.00 0.00 86.17 86.44 90.00 
0 0 0 0 0 0 5.30 0 0.00000000 0.00000000 0.00 0.00 0.00 86.17 86.44 90.00 
0 0 0 0 0 0 5.32 0 0.00000000 0.00000000 0.00 0.00 0.00 86.17 86.44 90.00 
0 0 0 0 0 0 5.35 0 0.00000000 0.00000000 0.00 0.00 0.00 86.17 86.44 90.00 
0 0 0 0 0 0 5.37 0 0.00000000 0.00000000 0.00 0.00 0.00 86.17 86.44 90.00 
0 0 0 0 0 0 5.40 0 0.00000000 0.00000000 0.00 0.00 0.00 86.17 86.44 90.00 
0 0 0 0 0 0 5.42 0 0.00000000 0.00000000 0.00 0.00 0.00 86.17 86.44 90.00 
0 0 0 0 0 0 5.45 0 0.00000000 0.00000000 0.00 0.00 0.00 86.17 86.44 90.00 
0 0 0 0 0 0 5.47 0 0.00000000 0.00000000 0.00 0.00 0.00 86.17 86.44 90.00 
0 0 0 0 0 0 5.49 0 0.00000000 0.00000000 0.00 0.00 0.00 86.17 86.44 90.00 
0 0 0 0 0 0 5.52 0 0.00000000 0.00000000 0.00 0.00 0.00 86.17 86.44 90.00 
0 0 0 0 0 0 5.54 0 0.00000000 0.00000000 0.00 0.00 0.00 86.17 86.44 90.00 
0 0 0 0 0 0 5.56 0 0.00000000 0.00000000 0.00 0.00 0.00 86.17 86.44 90.00 
0 0 0 0 0 0 5.59 0 0.00000000 0.00000000 0.00 0.00 0.00 86.17 86.44 90.00 
0 0 0 0 0 0 5.61 0 0.00000000 0.00000000 0.00 0.00 0.00 86.17 86.44 90.00 
0 0 0 0 0 0 5.64 0 0.00000000 0.00000000 0.00 0.00 0.00 86.17 86.44 90.00 
0 0 0 0 0 0 5.66 0 0.00000000 0.00000000 0.00 0.00 0.00 86.17 86.44 90.00 
0 0 0 0 0 0 5.69 0 0.00000000 0.00000000 0.00 0.00 0.00 86.17 86.44 90.00 
0 0 0 0 0 0 5.71 0 0.00000000 0.00000000 0.00 0.00 0.00 86.17 86.44 90.00 
0 0 0 0 0 0 5.73 0 0.00000000 0.00000000 0.00 0.00 0.00 86.17 86.44 90.00 
0 0 0 0 0 0 5.76 0 0.00000000 0.00000000 0.00 0.00 0.00 86.17 86.44 90.00 
0 0 0 0 0 0 5.78 0 0.00000000 0.00000000 0.00 0.00 0.00 86.17 86.44 90.00 
0 0 0 0 0 0 5.81 0 0.00000000 0.00000000 0.00 0.00 0.00 86.17 86.44 90.00 
0 0 0 0 0 0 5.83 0 0.00000000 0.00000000 0.00 0.00 0.00 86.17 86.44 90.00 
0 0 0 0 0 0 5.86 0 0.00000000 0.00000000 0.00 0.00 0.00 86.17 86.44 90.00 
0 0 0 0 0 0 5.88 0 0.00000000 0.00000000 0.00 0.00 0.00 86.17 86.44 90.00 
0 0 0 0 0 0 5.90 0 0.00000000 0.00000000 0.00 0.00 0.00 86.17 86.44 90.00 
0 0 0 0 0 0 5.95 0 0.00000000 0.00000000 0.00 0.00 0.00 86.17 86.44 90.00 
0 0 0 0 0 0 5.98 0 0.00000000 0.00000000 0.00 0.00 0.00 86.17 86.44 90.00 
0 0 0 0 0 0 6.00 0 0.00000000 0.00000000 0.00 0.00 0.00 86.17 86.44 90.00 
0 0 0 0 0 0 6.03 0 0.00000000 0.00000000 0.00 0.00 0.00 87.25 85.58 90.00 
0 0 0 0 0 0 6.05 0 0.00000000 0.00000000 0.00 0.00 0.00 87.25 85.58 90.00 
0 0 0 0 0 0 6.07 0 0.00000000 0.00000000 0.00 0.00 0.00 87.25 85.58 90.00 
0 0 0 0 0 0 6.10 0 0.00000000 0.00000000 0.00 0.00 0.00 87.25 85.58 90.00 
0 0 0 0 0 0 6.14 0 0.00000000 0.00000000 0.00 0.00 0.00 87.25 85.58 90.00 
0 0 0 0 0 0 6.16 0 0.00000000 0.00000000 0.00 0.00 0.00 87.25 85.58 90.00 
0 0 0 0 0 0 6.18 0 0.00000000 0.00000000 0.00 0.00 0.00 87.25 85.58 90.00 
0 0 0 0 0 0 6.21 0 0.00000000 0.00000000 0.00 0.00 0.00 87.25 85.58 90.00 
0 0 0 0 0 0 6.23 0 0.00000000 0.00000000 0.00 0.00 0.00 87.25 85.58 90.00 
0 0 0 0 0 0 6.25 0 0.00000000 0.00000000 0.00 0.00 0.00 87.25 85.58 90.00 
0 0 0 0 0 0 6.28 0 0.00000000 0.00000000 0.00 0.00 0.00 87.25 85.58 90.00 
0 0 0 0 0 0 6.30 0 0.00000000 0.00000000 0.00 0.00 0.00 87.25 85.58 90.00 
0 0 0 0 0 0 6.33 0 0.00000000 0.00000000 0.00 0.00 0.00 87.25 85.58 90.00 
0 0 0 0 0 0 6.35 0 0.00000000 0.00000000 0.00 0.00 0.00 87.25 85.58 90.00 
0 0 0 0 0 0 6.38 0 0.00000000 0.00000000 0.00 0.00 0.00 87.25 85.58 90.00 
0 0 0 0 0 0 6.40 0 0.00000000 0.00000000 0.00 0.00 0.00 87.25 85.58 90.00 
0 0 0 0 0 0 6.42 0 0.00000000 0.00000000 0.00 0.00 0.00 87.25 85.58 90.00 
0 0 0 0 0 0 6.45 0 0.00000000 0.00000000 0.00 0.00 0.00 87.25 85.58 90.00 
0 0 0 0 0 0 6.47 0 0.00000000 0.00000000 0.00 0.00 0.00 87.25 85.58 90.00 
0 0 0 0 0 0 6.50 0 0.00000000 0.00000000 0.00 0.00 0.00 87.25 85.58 90.00 
0 0 0 0 0 0 6.52 0 0.00000000 0.00000000 0.00 0.00 0.00 87.25 85.58 90.00 
0 0 0 0 0 0 6.55 0 0.00000000 0.00000000 0.00 0.00 0.00 87.25 85.58 90.00 
0 0 0 0 0 0 6.57 0 0.00000000 0.00000000 0.00 0.00 0.00 87.25 85.58 90.00 
0 0 0 0 0 0 6.59 0 0.00000000 0.00000000 0.00 0.00 0.00 87.25 85.58 90.00 
0 0 0 0 0 0 6.62 0 0.00000000 0.00000000 0.00 0.00 0.00 87.25 85.58 90.00 
0 0 0 0 0 0 6.64 0 0.00000000 0.00000000 0.00 0.00 0.00 87.25 85.58 90.00 
0 0 0 0 0 0 6.67 0 0.00000000 0.00000000 0.00 0.00 0.00 87.25 85.58 90.00 
0 0 0 0 0 0 6.69 0 0.00000000 0.00000000 0.00 0.00 0.00 87.25 85.58 90.00 
0 0 0 0 0 0 6.71 0 0.00000000 0.00000000 0.00 0.00 0.00 87.25 85.58 90.00 
0 0 0 0 0 0 6.74 0 0.00000000 0.00000000 0.00 0.00 0.00 87.25 85.58 90.00 
0 0 0 0 0 0 6.76 0 0.00000000 0.00000000 0.00 0.00 0.00 87.25 85.58 90.00 
0 0 0 0 0 0 6.79 0 0.00000000 0.00000000 0.00 0.00 0.00 87.25 85.58 90.00 
0 0 0 0 0 0 6.81 0 0.00000000 0.00000000 0.00 0.00 0.00 87.25 85.58 90.00 
0 0 0 0 0 0 6.84 0 0.00000000 0.00000000 0.00 0.00 0.00 87.25 85.58 90.00 
0 0 0 0 0 0 6.86 0 0.00000000 0.00000000 0.00 0.00 0.00 87.25 85.58 90.00 
0 0 0 0 0 0 6.88 0 0.00000000 0.00000000 0.00 0.00 0.00 87.25 85.58 90.00 
0 0 0 0 0 0 6.91 0 0.00000000 0.00000000 0.00 0.00 0.00 87.25 85.58 90.00 
0 0 0 0 0 0 6.93 0 0.00000000 0.00000000 0.00 0.00 0.00 87.25 85.58 90.00 
0 0 0 0 0 0 6.96 0 0.00000000 0.00000000 0.00 0.00 0.00 87.25 85.58 90.00 
0 0 0 0 0 0 6.98 0 0.00000000 0.00000000 0.00 0.00 0.00 87.25 85.58 90.00 
0 0 0 0 0 0 7.01 0 0.00000000 0.00000000 0.00 0.00 0.00 86.81 86.11 90.00 
0 0 0 0 0 0 7.03 0 0.00000000 0.00000000 0.00 0.00 0.00 86.81 86.11 90.00 
0 0 0 0 0 0 7.06 0 0.00000000 0.00000000 0.00 0.00 0.00 86.81 86.11 90.00 
0 0 0 0 0 0 7.08 0 0.00000000 0.00000000 0.00 0.00 0.00 86.81 86.11 90.00 
0 0 0 0 0 0 7.11 0 0.00000000 0.00000000 0.00 0.00 0.00 86.81 86.11 90.00 
0 0 0 0 0 0 7.13 0 0.00000000 0.00000000 0.00 0.00 0.00 86.81 86.11 90.00 
0 0 0 0 0 0 7.16 0 0.00000000 0.00000000 0.00 0.00 0.00 86.81 86.11 90.00 
0 0 0 0 0 0 7.18 0 0.00000000 0.00000000 0.00 0.00 0.00 86.81 86.11 90.00 
0 0 0 0 0 0 7.20 0 0.00000000 0.00000000 0.00 0.00 0.00 86.81 86.11 90.00 
0 0 0 0 0 0 7.23 0 0.00000000 0.00000000 0.00 0.00 0.00 86.81 86.11 90.00 
0 0 0 0 0 0 7.25 0 0.00000000 0.00000000 0.00 0.00 0.00 86.81 86.11 90.00 
0 0 0 0 0 0 7.28 0 0.00000000 0.00000000 0.00 0.00 0.00 86.81 86.11 90.00 
0 0 0 0 0 0 7.30 0 0.00000000 0.00000000 0.00 0.00 0.00 86.81 86.11 90.00 
0 0 0 0 0 0 7.32 0 0.00000000 0.00000000 0.00 0.00 0.00 86.81 86.11 90.00 
0 0 0 0 0 0 7.35 0 0.00000000 0.00000000 0.00 0.00 0.00 86.81 86.11 90.00 
0 0 0 0 0 0 7.38 0 0.00000000 0.00000000 0.00 0.00 0.00 86.81 86.11 90.00 
0 0 0 0 0 0 7.42 0 0.00000000 0.00000000 0.00 0.00 0.00 86.81 86.11 90.00 
0 0 0 0 0 0 7.45 0 0.00000000 0.00000000 0.00 0.00 0.00 86.81 86.11 90.00 
0 0 0 0 0 0 7.48 0 0.00000000 0.00000000 0.00 0.00 0.00 86.81 86.11 90.00 
0 0 0 0 0 0 7.51 0 0.00000000 0.00000000 0.00 0.00 0.00 86.81 86.11 90.00 
0 0 0 0 0 0 7.53 0 0.00000000 0.00000000 0.00 0.00 0.00 86.81 86.11 90.00 
0 0 0 0 0 0 7.55 0 0.00000000 0.00000000 0.00 0.00 0.00 86.81 86.11 90.00 
0 0 0 0 0 0 7.58 0 0.00000000 0.00000000 0.00 0.00 0.00 86.81 86.11 90.00 
0 0 0 0 0 0 7.60 0 0.00000000 0.00000000 0.00 0.00 0.00 86.81 86.11 90.00 
0 0 0 0 0 0 7.63 0 0.00000000 0.00000000 0.00 0.00 0.00 86.81 86.11 90.00 
0 0 0 0 0 0 7.67 0 0.00000000 0.00000000 0.00 0.00 0.00 86.81 86.11 90.00 
0 0 0 0 0 0 7.79 0 0.00000000 0.00000000 0.00 0.00 0.00 86.81 86.11 90.00 
0 0 0 0 0 0 7.92 0 0.00000000 0.00000000 0.00 0.00 0.00 86.81 86.11 90.00 
0 0 0 0 0 0 8.05 0 0.00000000 0.00000000 0.00 0.00 0.00 86.58 86.08 90.00 
0 0 0 0 0 0 8.17 0 0.00000000 0.00000000 0.00 0.00 0.00 86.58 86.08 90.00 
0 0 0 0 0 0 8.26 0 0.00000000 0.00000000 0.00 0.00 0.00 86.58 86.08 90.00 
0 0 0 0 0 0 8.28 0 0.00000000 0.00000000 0.00 0.00 0.00 86.58 86.08 90.00 
0 0 0 0 0 0 8.31 0 0.00000000 0.00000000 0.00 0.00 0.00 86.58 86.08 90.00 
0 0 0 0 0 0 8.33 0 0.00000000 0.00000000 0.00 0.00 0.00 86.58 86.08 90.00 
0 0 0 0 0 0 8.35 0 0.00000000 0.00000000 0.00 0.00 0.00 86.58 86.08 90.00 
0 0 0 0 0 0 8.38 0 0.00000000 0.00000000 0.00 0.00 0.00 86.58 86.08 90.00 
0 0 0 0 0 0 8.40 0 0.00000000 0.00000000 0.00 0.00 0.00 86.58 86.08 90.00 
0 0 0 0 0 0 8.42 0 0.00000000 0.00000000 0.00 0.00 0.00 86.58 86.08 90.00 
0 0 0 0 0 0 8.45 0 0.00000000 0.00000000 0.00 0.00 0.00 86.58 86.08 90.00 
0 0 0 0 0 0 8.48 0 0.00000000 0.00000000 0.00 0.00 0.00 86.58 86.08 90.00 
0 0 0 0 0 0 8.50 0 0.00000000 0.00000000 0.00 0.00 0.00 86.58 86.08 90.00 
0 0 0 0 0 0 8.52 0 0.00000000 0.00000000 0.00 0.00 0.00 86.58 86.08 90.00 
0 0 0 0 0 0 8.55 0 0.00000000 0.00000000 0.00 0.00 0.00 86.58 86.08 90.00 
0 0 0 0 0 0 8.57 0 0.00000000 0.00000000 0.00 0.00 0.00 86.58 86.08 90.00 
0 0 0 0 0 0 8.59 0 0.00000000 0.00000000 0.00 0.00 0.00 86.58 86.08 90.00 
0 0 0 0 0 0 8.62 0 0.00000000 0.00000000 0.00 0.00 0.00 86.58 86.08 90.00 
0 0 0 0 0 0 8.64 0 0.00000000 0.00000000 0.00 0.00 0.00 86.58 86.08 90.00 
0 0 0 0 0 0 8.67 0 0.00000000 0.00000000 0.00 0.00 0.00 86.58 86.08 90.00 
0 0 0 0 0 0 8.69 0 0.00000000 0.00000000 0.00 0.00 0.00 86.58 86.08 90.00 
0 0 0 0 0 0 8.72 0 0.00000000 0.00000000 0.00 0.00 0.00 86.58 86.08 90.00 
0 0 0 0 0 0 8.74 0 0.00000000 0.00000000 0.00 0.00 0.00 86.58 86.08 90.00 
0 0 0 0 0 0 8.76 0 0.00000000 0.00000000 0.00 0.00 0.00 86.58 86.08 90.00 
0 0 0 0 0 0 8.79 0 0.00000000 0.00000000 0.00 0.00 0.00 86.58 86.08 90.00 
0 0 0 0 0 0 8.81 0 0.00000000 0.00000000 0.00 0.00 0.00 86.58 86.08 90.00 
0 0 0 0 0 0 8.84 0 0.00000000 0.00000000 0.00 0.00 0.00 86.58 86.08 90.00 
0 0 0 0 0 0 8.86 0 0.00000000 0.00000000 0.00 0.00 0.00 86.58 86.08 90.00 
0 0 0 0 0 0 8.88 0 0.00000000 0.00000000 0.00 0.00 0.00 86.58 86.08 90.00 
0 0 0 0 0 0 8.91 0 0.00000000 0.00000000 0.00 0.00 0.00 86.58 86.08 90.00 
0 0 0 0 0 0 8.93 0 0.00000000 0.00000000 0.00 0.00 0.00 86.58 86.08 90.00 
0 0 0 0 0 0 8.96 0 0.00000000 0.00000000 0.00 0.00 0.00 86.58 86.08 90.00 
0 0 0 0 0 0 8.98 0 0.00000000 0.00000000 0.00 0.00 0.00 86.58 86.08 90.00 
0 0 0 0 0 0 9.01 0 0.00000000 0.00000000 0.00 0.00 0.00 86.77 86.03 90.00 
0 0 0 0 0 0 9.03 0 0.00000000 0.00000000 0.00 0.00 0.00 86.77 86.03 90.00 
0 0 0 0 0 0 9.06 0 0.00000000 0.00000000 0.00 0.00 0.00 86.77 86.03 90.00 
0 0 0 0 0 0 9.08 0 0.00000000 0.00000000 0.00 0.00 0.00 86.77 86.03 90.00 
0 0 0 0 0 0 9.11 0 0.00000000 0.00000000 0.00 0.00 0.00 86.77 86.03 90.00 
0 0 0 0 0 0 9.13 0 0.00000000 0.00000000 0.00 0.00 0.00 86.77 86.03 90.00 
0 0 0 0 0 0 9.16 0 0.00000000 0.00000000 0.00 0.00 0.00 86.77 86.03 90.00 
0 0 0 0 0 0 9.18 0 0.00000000 0.00000000 0.00 0.00 0.00 86.77 86.03 90.00 
0 0 0 0 0 0 9.20 0 0.00000000 0.00000000 0.00 0.00 0.00 86.77 86.03 90.00 
0 0 0 0 0 0 9.23 0 0.00000000 0.00000000 0.00 0.00 0.00 86.77 86.03 90.00 
0 0 0 0 0 0 9.25 0 0.00000000 0.00000000 0.00 0.00 0.00 86.77 86.03 90.00 
0 0 0 0 0 0 9.27 0 0.00000000 0.00000000 0.00 0.00 0.00 86.77 86.03 90.00 
0 0 0 0 0 0 9.31 0 0.00000000 0.00000000 0.00 0.00 0.00 86.77 86.03 90.00 
0 0 0 0 0 0 9.36 0 0.00000000 0.00000000 0.00 0.00 0.00 86.77 86.03 90.00 
0 0 0 0 0 0 9.38 0 0.00000000 0.00000000 0.00 0.00 0.00 86.77 86.03 90.00 
0 0 0 0 0 0 9.41 0 0.00000000 0.00000000 0.00 0.00 0.00 86.77 86.03 90.00 
0 0 0 0 0 0 9.43 0 0.00000000 0.00000000 0.00 0.00 0.00 86.77 86.03 90.00 
0 0 0 0 0 0 9.45 0 0.00000000 0.00000000 0.00 0.00 0.00 86.77 86.03 90.00 
0 0 0 0 0 0 9.48 0 0.00000000 0.00000000 0.00 0.00 0.00 86.77 86.03 90.00 
0 0 0 0 0 0 9.51 0 0.00000000 0.00000000 0.00 0.00 0.00 86.77 86.03 90.00 
0 0 0 0 0 0 9.53 0 0.00000000 0.00000000 0.00 0.00 0.00 86.77 86.03 90.00 
0 0 0 0 0 0 9.55 0 0.00000000 0.00000000 0.00 0.00 0.00 86.77 86.03 90.00 
0 0 0 0 0 0 9.58 0 0.00000000 0.00000000 0.00 0.00 0.00 86.77 86.03 90.00 
0 0 0 0 0 0 9.60 0 0.00000000 0.00000000 0.00 0.00 0.00 86.77 86.03 90.00 
0 0 0 0 0 0 9.62 0 0.00000000 0.00000000 0.00 0.00 0.00 86.77 86.03 90.00 
0 0 0 0 0 0 9.65 0 0.00000000 0.00000000 0.00 0.00 0.00 86.77 86.03 90.00 
0 0 0 0 0 0 9.67 0 0.00000000 0.00000000 0.00 0.00 0.00 86.77 86.03 90.00 
0 0 0 0 0 0 9.70 0 0.00000000 0.00000000 0.00 0.00 0.00 86.77 86.03 90.00 
0 0 0 0 0 0 9.72 0 0.00000000 0.00000000 0.00 0.00 0.00 86.77 86.03 90.00 
0 0 0 0 0 0 9.75 0 0.00000000 0.00000000 0.00 0.00 0.00 86.77 86.03 90.00 
0 0 0 0 0 0 9.77 0 0.00000000 0.00000000 0.00 0.00 0.00 86.77 86.03 90.00 
0 0 0 0 0 0 9.79 0 0.00000000 0.00000000 0.00 0.00 0.00 86.77 86.03 90.00 
0 0 0 0 0 0 9.82 0 0.00000000 0.00000000 0.00 0.00 0.00 86.77 86.03 90.00 
0 0 0 0 0 0 9.84 0 0.00000000 0.00000000 0.00 0.00 0.00 86.77 86.03 90.00 
0 0 0 0 0 0 9.87 0 0.00000000 0.00000000 0.00 0.00 0.00 86.77 86.03 90.00 
0 0 0 0 0 0 9.89 0 0.00000000 0.00000000 0.00 0.00 0.00 86.77 86.03 90.00 
0 0 0 0 0 0 9.92 0 0.00000000 0.00000000 0.00 0.00 0.00 86.77 86.03 90.00 
0 0 0 0 0 0 9.94 0 0.00000000 0.00000000 0.00 0.00 0.00 86.77 86.03 90.00 
0 0 0 0 0 0 9.96 0 0.00000000 0.00000000 0.00 0.00 0.00 86.77 86.03 90.00 
0 0 0 0 0 0 9.99 0 0.00000000 0.00000000 0.00 0.00 0.00 86.77 86.03 90.00 
0 0 0 0 0 0 10.02 0 0.00000000 0.00000000 0.00 0.00 0.00 86.17 86.32 90.00 
0 0 0 0 0 0 10.04 0 0.00000000 0.00000000 0.00 0.00 0.00 86.17 86.32 90.00 
0 0 0 0 0 0 10.06 0 0.00000000 0.00000000 0.00 0.00 0.00 86.17 86.32 90.00 
0 0 0 0 0 0 10.09 0 0.00000000 0.00000000 0.00 0.00 0.00 86.17 86.32 90.00 
0 0 0 0 0 0 10.11 0 0.00000000 0.00000000 0.00 0.00 0.00 86.17 86.32 90.00 
0 0 0 0 0 0 10.14 0 0.00000000 0.00000000 0.00 0.00 0.00 86.17 86.32 90.00 
0 0 0 0 0 0 10.16 0 0.00000000 0.00000000 0.00 0.00 0.00 86.17 86.32 90.00 
0 0 0 0 0 0 10.19 0 0.00000000 0.00000000 0.00 0.00 0.00 86.17 86.32 90.00 
0 0 0 0 0 0 10.21 0 0.00000000 0.00000000 0.00 0.00 0.00 86.17 86.32 90.00 
0 0 0 0 0 0 10.23 0 0.00000000 0.00000000 0.00 0.00 0.00 86.17 86.32 90.00 
0 0 0 0 0 0 10.26 0 0.00000000 0.00000000 0.00 0.00 0.00 86.17 86.32 90.00 
0 0 0 0 0 0 10.28 0 0.00000000 0.00000000 0.00 0.00 0.00 86.17 86.32 90.00 
0 0 0 0 0 0 10.31 0 0.00000000 0.00000000 0.00 0.00 0.00 86.17 86.32 90.00 
0 0 0 0 0 0 10.34 0 0.00000000 0.00000000 0.00 0.00 0.00 86.17 86.32 90.00 
0 0 0 0 0 0 10.36 0 0.00000000 0.00000000 0.00 0.00 0.00 86.17 86.32 90.00 
0 0 0 0 0 0 10.38 0 0.00000000 0.00000000 0.00 0.00 0.00 86.17 86.32 90.00 
0 0 0 0 0 0 10.40 0 0.00000000 0.00000000 0.00 0.00 0.00 86.17 86.32 90.00 
0 0 0 0 0 0 10.43 0 0.00000000 0.00000000 0.00 0.00 0.00 86.17 86.32 90.00 
0 0 0 0 0 0 10.45 0 0.00000000 0.00000000 0.00 0.00 0.00 86.17 86.32 90.00 
0 0 0 0 0 0 10.48 0 0.00000000 0.00000000 0.00 0.00 0.00 86.17 86.32 90.00 
0 0 0 0 0 0 10.50 0 0.00000000 0.00000000 0.00 0.00 0.00 86.17 86.32 90.00 
0 0 0 0 0 0 10.52 0 0.00000000 0.00000000 0.00 0.00 0.00 86.17 86.32 90.00 
0 0 0 0 0 0 10.55 0 0.00000000 0.00000000 0.00 0.00 0.00 86.17 86.32 90.00 
0 0 0 0 0 0 10.57 0 0.00000000 0.00000000 0.00 0.00 0.00 86.17 86.32 90.00 
0 0 0 0 0 0 10.59 0 0.00000000 0.00000000 0.00 0.00 0.00 86.17 86.32 90.00 
0 0 0 0 0 0 10.62 0 0.00000000 0.00000000 0.00 0.00 0.00 86.17 86.32 90.00 
0 0 0 0 0 0 10.65 0 0.00000000 0.00000000 0.00 0.00 0.00 86.17 86.32 90.00 
0 0 0 0 0 0 10.68 0 0.00000000 0.00000000 0.00 0.00 0.00 86.17 86.32 90.00 
0 0 0 0 0 0 10.70 0 0.00000000 0.00000000 0.00 0.00 0.00 86.17 86.32 90.00 
0 0 0 0 0 0 10.73 0 0.00000000 0.00000000 0.00 0.00 0.00 86.17 86.32 90.00 
0 0 0 0 0 0 10.75 0 0.00000000 0.00000000 0.00 0.00 0.00 86.17 86.32 90.00 
0 0 0 0 0 0 10.77 0 0.00000000 0.00000000 0.00 0.00 0.00 86.17 86.32 90.00 
0 0 0 0 0 0 10.81 0 0.00000000 0.00000000 0.00 0.00 0.00 86.17 86.32 90.00 
0 0 0 0 0 0 10.85 0 0.00000000 0.00000000 0.00 0.00 0.00 86.17 86.32 90.00 
0 0 0 0 0 0 10.87 0 0.00000000 0.00000000 0.00 0.00 0.00 86.17 86.32 90.00 
0 0 0 0 0 0 10.89 0 0.00000000 0.00000000 0.00 0.00 0.00 86.17 86.32 90.00 
0 0 0 0 0 0 10.92 0 0.00000000 0.00000000 0.00 0.00 0.00 86.17 86.32 90.00 
0 0 0 0 0 0 10.94 0 0.00000000 0.00000000 0.00 0.00 0.00 86.17 86.32 90.00 
0 0 0 0 0 0 10.96 0 0.00000000 0.00000000 0.00 0.00 0.00 86.17 86.32 90.00 
0 0 0 0 0 0 10.99 0 0.00000000 0.00000000 0.00 0.00 0.00 86.17 86.32 90.00 
