0 0 0 0 0 0 1.64 0 0.00000000 0.00000000 0.00 0.00 0.00 0.00 0.00 0.00 
0 0 0 0 0 0 1.74 0 0.00000000 0.00000000 0.00 0.00 0.00 0.00 0.00 0.00 
0 0 0 0 0 0 1.76 0 0.00000000 0.00000000 0.00 0.00 0.00 0.00 0.00 0.00 
0 0 0 0 0 0 1.78 0 0.00000000 0.00000000 0.00 0.00 0.00 0.00 0.00 0.00 
0 0 0 0 0 0 1.80 0 0.00000000 0.00000000 0.00 0.00 0.00 0.00 0.00 0.00 
0 0 0 0 0 0 1.83 0 0.00000000 0.00000000 0.00 0.00 0.00 0.00 0.00 0.00 
0 0 0 0 0 0 1.85 0 0.00000000 0.00000000 0.00 0.00 0.00 0.00 0.00 0.00 
0 0 0 0 0 0 1.87 0 0.00000000 0.00000000 0.00 0.00 0.00 0.00 0.00 0.00 
0 0 0 0 0 0 1.90 0 0.00000000 0.00000000 0.00 0.00 0.00 0.00 0.00 0.00 
0 0 0 0 0 0 1.92 0 0.00000000 0.00000000 0.00 0.00 0.00 0.00 0.00 0.00 
0 0 0 0 0 0 1.94 0 0.00000000 0.00000000 0.00 0.00 0.00 0.00 0.00 0.00 
0 0 0 0 0 0 1.96 0 0.00000000 0.00000000 0.00 0.00 0.00 0.00 0.00 0.00 
0 0 0 0 0 0 1.98 0 0.00000000 0.00000000 0.00 0.00 0.00 0.00 0.00 0.00 
0 0 0 0 0 0 2.01 0 0.00000000 0.00000000 0.00 0.00 0.00 -43.08 -41.04 0.00 
0 0 0 0 0 0 2.04 0 0.00000000 0.00000000 0.00 0.00 0.00 -43.08 -41.04 0.00 
0 0 0 0 0 0 2.06 0 0.00000000 0.00000000 0.00 0.00 0.00 -43.08 -41.04 0.00 
0 0 0 0 0 0 2.08 0 0.00000000 0.00000000 0.00 0.00 0.00 -43.08 -41.04 0.00 
0 0 0 0 0 0 2.11 0 0.00000000 0.00000000 0.00 0.00 0.00 -43.08 -41.04 0.00 
0 0 0 0 0 0 2.13 0 0.00000000 0.00000000 0.00 0.00 0.00 -43.08 -41.04 0.00 
0 0 0 0 0 0 2.15 0 0.00000000 0.00000000 0.00 0.00 0.00 -43.08 -41.04 0.00 
0 0 0 0 0 0 2.18 0 0.00000000 0.00000000 0.00 0.00 0.00 -43.08 -41.04 0.00 
0 0 0 0 0 0 2.20 0 0.00000000 0.00000000 0.00 0.00 0.00 -43.08 -41.04 0.00 
0 0 0 0 0 0 2.23 0 0.00000000 0.00000000 0.00 0.00 0.00 -43.08 -41.04 0.00 
0 0 0 0 0 0 2.25 0 0.00000000 0.00000000 0.00 0.00 0.00 -43.08 -41.04 0.00 
0 0 0 0 0 0 2.27 0 0.00000000 0.00000000 0.00 0.00 0.00 -43.08 -41.04 0.00 
0 0 0 0 0 0 2.29 0 0.00000000 0.00000000 0.00 0.00 0.00 -43.08 -41.04 0.00 
0 0 0 0 0 0 2.32 0 0.00000000 0.00000000 0.00 0.00 0.00 -43.08 -41.04 0.00 
0 0 0 0 0 0 2.34 0 0.00000000 0.00000000 0.00 0.00 0.00 -43.08 -41.04 0.00 
0 0 0 0 0 0 2.37 0 0.00000000 0.00000000 0.00 0.00 0.00 -43.08 -41.04 0.00 
0 0 0 0 0 0 2.39 0 0.00000000 0.00000000 0.00 0.00 0.00 -43.08 -41.04 0.00 
0 0 0 0 0 0 2.41 0 0.00000000 0.00000000 0.00 0.00 0.00 -43.08 -41.04 0.00 
0 0 0 0 0 0 2.44 0 0.00000000 0.00000000 0.00 0.00 0.00 -43.08 -41.04 0.00 
0 0 0 0 0 0 2.46 0 0.00000000 0.00000000 0.00 0.00 0.00 -43.08 -41.04 0.00 
0 0 0 0 0 0 2.48 0 0.00000000 0.00000000 0.00 0.00 0.00 -43.08 -41.04 0.00 
0 0 0 0 0 0 2.50 0 0.00000000 0.00000000 0.00 0.00 0.00 -43.08 -41.04 0.00 
0 0 0 0 0 0 2.53 0 0.00000000 0.00000000 0.00 0.00 0.00 -43.08 -41.04 0.00 
0 0 0 0 0 0 2.55 0 0.00000000 0.00000000 0.00 0.00 0.00 -43.08 -41.04 0.00 
0 0 0 0 0 0 2.58 0 0.00000000 0.00000000 0.00 0.00 0.00 -43.08 -41.04 0.00 
0 0 0 0 0 0 2.60 0 0.00000000 0.00000000 0.00 0.00 0.00 -43.08 -41.04 0.00 
0 0 0 0 0 0 2.62 0 0.00000000 0.00000000 0.00 0.00 0.00 -43.08 -41.04 0.00 
0 0 0 0 0 0 2.64 0 0.00000000 0.00000000 0.00 0.00 0.00 -43.08 -41.04 0.00 
0 0 0 0 0 0 2.67 0 0.00000000 0.00000000 0.00 0.00 0.00 -43.08 -41.04 0.00 
0 0 0 0 0 0 2.69 0 0.00000000 0.00000000 0.00 0.00 0.00 -43.08 -41.04 0.00 
0 0 0 0 0 0 2.72 0 0.00000000 0.00000000 0.00 0.00 0.00 -43.08 -41.04 0.00 
0 0 0 0 0 0 2.74 0 0.00000000 0.00000000 0.00 0.00 0.00 -43.08 -41.04 0.00 
0 0 0 0 0 0 2.76 0 0.00000000 0.00000000 0.00 0.00 0.00 -43.08 -41.04 0.00 
0 0 0 0 0 0 2.79 0 0.00000000 0.00000000 0.00 0.00 0.00 -43.08 -41.04 0.00 
0 0 0 0 0 0 2.81 0 0.00000000 0.00000000 0.00 0.00 0.00 -43.08 -41.04 0.00 
0 0 0 0 0 0 2.83 0 0.00000000 0.00000000 0.00 0.00 0.00 -43.08 -41.04 0.00 
0 0 0 0 0 0 2.86 0 0.00000000 0.00000000 0.00 0.00 0.00 -43.08 -41.04 0.00 
0 0 0 0 0 0 2.88 0 0.00000000 0.00000000 0.00 0.00 0.00 -43.08 -41.04 0.00 
0 0 0 0 0 0 2.90 0 0.00000000 0.00000000 0.00 0.00 0.00 -43.08 -41.04 0.00 
0 0 0 0 0 0 2.94 0 0.00000000 0.00000000 0.00 0.00 0.00 -43.08 -41.04 0.00 
0 0 0 0 0 0 2.97 0 0.00000000 0.00000000 0.00 0.00 0.00 -43.08 -41.04 0.00 
0 0 0 0 0 0 2.99 0 0.00000000 0.00000000 0.00 0.00 0.00 -43.08 -41.04 0.00 
0 0 0 0 0 0 3.04 0 0.00000000 0.00000000 0.00 0.00 0.00 -28.09 -46.83 0.00 
0 0 0 0 0 0 3.06 0 0.00000000 0.00000000 0.00 0.00 0.00 -28.09 -46.83 0.00 
0 0 0 0 0 0 3.08 0 0.00000000 0.00000000 0.00 0.00 0.00 -28.09 -46.83 0.00 
0 0 0 0 0 0 3.10 0 0.00000000 0.00000000 0.00 0.00 0.00 -28.09 -46.83 0.00 
0 0 0 0 0 0 3.13 0 0.00000000 0.00000000 0.00 0.00 0.00 -28.09 -46.83 0.00 
0 0 0 0 0 0 3.15 0 0.00000000 0.00000000 0.00 0.00 0.00 -28.09 -46.83 0.00 
0 0 0 0 0 0 3.17 0 0.00000000 0.00000000 0.00 0.00 0.00 -28.09 -46.83 0.00 
0 0 0 0 0 0 3.20 0 0.00000000 0.00000000 0.00 0.00 0.00 -28.09 -46.83 0.00 
0 0 0 0 0 0 3.22 0 0.00000000 0.00000000 0.00 0.00 0.00 -28.09 -46.83 0.00 
0 0 0 0 0 0 3.25 0 0.00000000 0.00000000 0.00 0.00 0.00 -28.09 -46.83 0.00 
0 0 0 0 0 0 3.27 0 0.00000000 0.00000000 0.00 0.00 0.00 -28.09 -46.83 0.00 
0 0 0 0 0 0 3.29 0 0.00000000 0.00000000 0.00 0.00 0.00 -28.09 -46.83 0.00 
0 0 0 0 0 0 3.31 0 0.00000000 0.00000000 0.00 0.00 0.00 -28.09 -46.83 0.00 
0 0 0 0 0 0 3.34 0 0.00000000 0.00000000 0.00 0.00 0.00 -28.09 -46.83 0.00 
0 0 0 0 0 0 3.36 0 0.00000000 0.00000000 0.00 0.00 0.00 -28.09 -46.83 0.00 
0 0 0 0 0 0 3.39 0 0.00000000 0.00000000 0.00 0.00 0.00 -28.09 -46.83 0.00 
0 0 0 0 0 0 3.41 0 0.00000000 0.00000000 0.00 0.00 0.00 -28.09 -46.83 0.00 
0 0 0 0 0 0 3.43 0 0.00000000 0.00000000 0.00 0.00 0.00 -28.09 -46.83 0.00 
0 0 0 0 0 0 3.45 0 0.00000000 0.00000000 0.00 0.00 0.00 -28.09 -46.83 0.00 
0 0 0 0 0 0 3.48 0 0.00000000 0.00000000 0.00 0.00 0.00 -28.09 -46.83 0.00 
0 0 0 0 0 0 3.50 0 0.00000000 0.00000000 0.00 0.00 0.00 -28.09 -46.83 0.00 
0 0 0 0 0 0 3.53 0 0.00000000 0.00000000 0.00 0.00 0.00 -28.09 -46.83 0.00 
0 0 0 0 0 0 3.55 0 0.00000000 0.00000000 0.00 0.00 0.00 -28.09 -46.83 0.00 
0 0 0 0 0 0 3.57 0 0.00000000 0.00000000 0.00 0.00 0.00 -28.09 -46.83 0.00 
0 0 0 0 0 0 3.60 0 0.00000000 0.00000000 0.00 0.00 0.00 -28.09 -46.83 0.00 
0 0 0 0 0 0 3.62 0 0.00000000 0.00000000 0.00 0.00 0.00 -28.09 -46.83 0.00 
0 0 0 0 0 0 3.64 0 0.00000000 0.00000000 0.00 0.00 0.00 -28.09 -46.83 0.00 
0 0 0 0 0 0 3.67 0 0.00000000 0.00000000 0.00 0.00 0.00 -28.09 -46.83 0.00 
0 0 0 0 0 0 3.69 0 0.00000000 0.00000000 0.00 0.00 0.00 -28.09 -46.83 0.00 
0 0 0 0 0 0 3.71 0 0.00000000 0.00000000 0.00 0.00 0.00 -28.09 -46.83 0.00 
0 0 0 0 0 0 3.74 0 0.00000000 0.00000000 0.00 0.00 0.00 -28.09 -46.83 0.00 
0 0 0 0 0 0 3.76 0 0.00000000 0.00000000 0.00 0.00 0.00 -28.09 -46.83 0.00 
0 0 0 0 0 0 3.78 0 0.00000000 0.00000000 0.00 0.00 0.00 -28.09 -46.83 0.00 
0 0 0 0 0 0 3.81 0 0.00000000 0.00000000 0.00 0.00 0.00 -28.09 -46.83 0.00 
0 0 0 0 0 0 3.83 0 0.00000000 0.00000000 0.00 0.00 0.00 -28.09 -46.83 0.00 
0 0 0 0 0 0 3.85 0 0.00000000 0.00000000 0.00 0.00 0.00 -28.09 -46.83 0.00 
0 0 0 0 0 0 3.88 0 0.00000000 0.00000000 0.00 0.00 0.00 -28.09 -46.83 0.00 
0 0 0 0 0 0 3.90 0 0.00000000 0.00000000 0.00 0.00 0.00 -28.09 -46.83 0.00 
0 0 0 0 0 0 3.92 0 0.00000000 0.00000000 0.00 0.00 0.00 -28.09 -46.83 0.00 
0 0 0 0 0 0 3.95 0 0.00000000 0.00000000 0.00 0.00 0.00 -28.09 -46.83 0.00 
0 0 0 0 0 0 3.97 0 0.00000000 0.00000000 0.00 0.00 0.00 -28.09 -46.83 0.00 
0 0 0 0 0 0 3.99 0 0.00000000 0.00000000 0.00 0.00 0.00 -28.09 -46.83 0.00 
0 0 0 0 0 0 4.02 0 0.00000000 0.00000000 0.00 0.00 0.00 -34.17 -48.98 0.00 
0 0 0 0 0 0 4.04 0 0.00000000 0.00000000 0.00 0.00 0.00 -34.17 -48.98 0.00 
0 0 0 0 0 0 4.06 0 0.00000000 0.00000000 0.00 0.00 0.00 -34.17 -48.98 0.00 
0 0 0 0 0 0 4.09 0 0.00000000 0.00000000 0.00 0.00 0.00 -34.17 -48.98 0.00 
0 0 0 0 0 0 4.11 0 0.00000000 0.00000000 0.00 0.00 0.00 -34.17 -48.98 0.00 
0 0 0 0 0 0 4.14 0 0.00000000 0.00000000 0.00 0.00 0.00 -34.17 -48.98 0.00 
0 0 0 0 0 0 4.16 0 0.00000000 0.00000000 0.00 0.00 0.00 -34.17 -48.98 0.00 
0 0 0 0 0 0 4.18 0 0.00000000 0.00000000 0.00 0.00 0.00 -34.17 -48.98 0.00 
0 0 0 0 0 0 4.20 0 0.00000000 0.00000000 0.00 0.00 0.00 -34.17 -48.98 0.00 
0 0 0 0 0 0 4.23 0 0.00000000 0.00000000 0.00 0.00 0.00 -34.17 -48.98 0.00 
0 0 0 0 0 0 4.25 0 0.00000000 0.00000000 0.00 0.00 0.00 -34.17 -48.98 0.00 
0 0 0 0 0 0 4.27 0 0.00000000 0.00000000 0.00 0.00 0.00 -34.17 -48.98 0.00 
0 0 0 0 0 0 4.31 0 0.00000000 0.00000000 0.00 0.00 0.00 -34.17 -48.98 0.00 
0 0 0 0 0 0 4.33 0 0.00000000 0.00000000 0.00 0.00 0.00 -34.17 -48.98 0.00 
0 0 0 0 0 0 4.38 0 0.00000000 0.00000000 0.00 0.00 0.00 -34.17 -48.98 0.00 
0 0 0 0 0 0 4.40 0 0.00000000 0.00000000 0.00 0.00 0.00 -34.17 -48.98 0.00 
0 0 0 0 0 0 4.42 0 0.00000000 0.00000000 0.00 0.00 0.00 -34.17 -48.98 0.00 
0 0 0 0 0 0 4.44 0 0.00000000 0.00000000 0.00 0.00 0.00 -34.17 -48.98 0.00 
0 0 0 0 0 0 4.47 0 0.00000000 0.00000000 0.00 0.00 0.00 -34.17 -48.98 0.00 
0 0 0 0 0 0 4.49 0 0.00000000 0.00000000 0.00 0.00 0.00 -34.17 -48.98 0.00 
0 0 0 0 0 0 4.52 0 0.00000000 0.00000000 0.00 0.00 0.00 -34.17 -48.98 0.00 
0 0 0 0 0 0 4.54 0 0.00000000 0.00000000 0.00 0.00 0.00 -34.17 -48.98 0.00 
0 0 0 0 0 0 4.56 0 0.00000000 0.00000000 0.00 0.00 0.00 -34.17 -48.98 0.00 
0 0 0 0 0 0 4.59 0 0.00000000 0.00000000 0.00 0.00 0.00 -34.17 -48.98 0.00 
0 0 0 0 0 0 4.61 0 0.00000000 0.00000000 0.00 0.00 0.00 -34.17 -48.98 0.00 
0 0 0 0 0 0 4.63 0 0.00000000 0.00000000 0.00 0.00 0.00 -34.17 -48.98 0.00 
0 0 0 0 0 0 4.66 0 0.00000000 0.00000000 0.00 0.00 0.00 -34.17 -48.98 0.00 
0 0 0 0 0 0 4.68 0 0.00000000 0.00000000 0.00 0.00 0.00 -34.17 -48.98 0.00 
0 0 0 0 0 0 4.70 0 0.00000000 0.00000000 0.00 0.00 0.00 -34.17 -48.98 0.00 
0 0 0 0 0 0 4.73 0 0.00000000 0.00000000 0.00 0.00 0.00 -34.17 -48.98 0.00 
0 0 0 0 0 0 4.75 0 0.00000000 0.00000000 0.00 0.00 0.00 -34.17 -48.98 0.00 
0 0 0 0 0 0 4.77 0 0.00000000 0.00000000 0.00 0.00 0.00 -34.17 -48.98 0.00 
0 0 0 0 0 0 4.80 0 0.00000000 0.00000000 0.00 0.00 0.00 -34.17 -48.98 0.00 
0 0 0 0 0 0 4.82 0 0.00000000 0.00000000 0.00 0.00 0.00 -34.17 -48.98 0.00 
0 0 0 0 0 0 4.84 0 0.00000000 0.00000000 0.00 0.00 0.00 -34.17 -48.98 0.00 
0 0 0 0 0 0 4.87 0 0.00000000 0.00000000 0.00 0.00 0.00 -34.17 -48.98 0.00 
0 0 0 0 0 0 4.89 0 0.00000000 0.00000000 0.00 0.00 0.00 -34.17 -48.98 0.00 
