3.10 0.06 0.06 0.07 0.07 0.01 -0.00 0.02 -0.01 0.00 93.55 94.08 90.03 
3.29 0.07 0.06 0.07 0.07 0.01 0.01 0.01 -0.01 0.00 93.65 94.22 90.05 
3.39 0.07 0.06 0.07 0.07 -0.02 -0.01 0.01 -0.01 0.00 93.62 94.18 90.03 
3.49 0.06 0.06 0.07 0.07 0.01 -0.02 0.01 -0.01 0.01 93.62 94.13 90.08 
3.59 0.06 0.06 0.07 0.07 0.03 0.00 0.01 -0.01 0.01 93.66 94.13 90.07 
3.69 0.07 0.07 0.08 0.07 -0.01 -0.02 0.01 -0.01 0.01 93.80 94.23 90.07 
3.79 0.07 0.06 0.07 0.07 -0.05 -0.03 0.02 -0.01 0.00 93.65 93.78 90.04 
3.89 0.07 0.07 0.08 0.08 -0.01 -0.01 0.02 0.00 0.00 93.75 94.36 90.02 
3.99 0.06 0.06 0.08 0.08 0.03 0.01 0.02 -0.00 0.00 93.49 94.33 90.03 
4.09 0.06 0.06 0.07 0.07 0.02 0.02 0.00 -0.01 0.01 93.58 94.24 90.07 
4.20 0.06 0.07 0.07 0.07 -0.00 -0.02 0.02 -0.01 0.01 93.83 94.31 90.06 
4.30 0.07 0.07 0.07 0.07 -0.00 -0.00 0.01 -0.02 0.00 93.74 94.17 90.05 
4.40 0.07 0.07 0.08 0.07 -0.04 -0.05 0.01 -0.00 0.01 93.52 93.90 90.11 
4.51 0.07 0.06 0.07 0.07 -0.01 0.00 0.01 -0.00 0.01 93.48 94.03 90.06 
4.61 0.06 0.06 0.07 0.07 0.00 0.00 0.01 -0.00 0.00 93.56 94.22 90.04 
4.71 0.06 0.06 0.07 0.07 -0.03 -0.02 0.01 -0.02 0.01 93.58 93.92 90.10 
4.81 0.06 0.06 0.06 0.07 -0.02 -0.02 0.02 -0.01 0.01 93.74 94.30 90.07 
4.92 0.07 0.06 0.07 0.08 -0.01 0.00 0.01 -0.01 0.01 93.38 94.20 90.09 
5.02 0.06 0.06 0.08 0.08 0.01 -0.00 0.02 -0.00 0.01 93.62 94.13 90.05 
5.12 0.06 0.07 0.08 0.07 -0.02 -0.04 0.01 -0.01 0.00 93.80 94.28 90.05 
5.23 0.06 0.06 0.07 0.07 -0.00 0.02 0.01 -0.02 0.01 93.44 94.18 90.06 
5.33 0.07 0.06 0.07 0.07 -0.02 0.00 0.01 -0.01 0.00 93.66 94.39 90.05 
5.43 0.06 0.07 0.08 0.07 0.03 0.01 0.01 -0.02 0.00 93.75 94.09 90.06 
5.53 0.07 0.06 0.07 0.07 -0.06 -0.05 0.01 -0.01 0.00 93.63 94.15 90.06 
5.64 0.08 0.07 0.08 0.08 -0.08 -0.04 0.02 -0.00 0.00 93.71 94.09 90.04 
5.74 0.05 0.06 0.07 0.07 0.05 0.01 0.01 -0.01 0.01 93.88 94.27 90.06 
5.85 0.06 0.06 0.07 0.07 0.01 0.01 0.02 -0.01 0.01 93.80 94.49 90.05 
5.95 0.07 0.07 0.08 0.08 -0.01 -0.02 0.02 -0.00 0.00 93.75 93.91 90.01 
6.06 0.07 0.07 0.07 0.07 -0.01 -0.02 0.02 -0.01 0.00 94.10 94.22 90.06 
6.16 0.07 0.07 0.07 0.08 -0.01 -0.01 0.01 -0.01 0.01 93.77 94.51 90.07 
6.26 0.06 0.07 0.08 0.07 0.04 -0.00 0.02 -0.02 0.00 93.79 93.83 90.06 
6.36 0.06 0.07 0.08 0.08 -0.04 -0.06 0.01 -0.01 0.01 93.72 94.37 90.06 
6.47 0.06 0.06 0.07 0.07 0.04 0.01 0.01 0.00 0.01 93.73 94.15 90.07 
6.57 0.06 0.06 0.07 0.07 -0.01 0.00 0.01 -0.00 0.00 93.86 94.34 90.07 
6.68 0.07 0.06 0.08 0.08 0.01 0.02 0.01 -0.02 0.01 93.45 94.65 90.05 
6.78 0.07 0.06 0.07 0.07 -0.05 -0.03 0.02 -0.01 0.01 93.57 94.58 90.05 
6.89 0.06 0.11 0.07 0.07 -0.01 -0.22 0.02 -0.01 0.01 96.03 93.85 90.07 
6.99 0.05 0.06 0.11 0.07 0.13 0.03 0.02 -0.00 0.01 94.69 91.97 90.06 
7.09 0.07 0.07 0.07 0.07 -0.05 -0.04 0.02 -0.00 0.00 93.33 94.31 90.05 
7.20 0.06 0.06 0.07 0.07 0.04 0.03 0.01 -0.01 0.00 93.91 94.16 90.04 
7.30 0.07 0.06 0.07 0.07 -0.02 -0.00 0.01 -0.01 0.00 93.68 94.07 90.05 
7.40 0.06 0.06 0.08 0.07 0.03 0.04 0.01 -0.00 0.01 93.85 93.84 90.09 
7.50 0.06 0.06 0.07 0.07 0.04 0.02 0.02 -0.01 0.00 93.44 94.09 90.06 
7.61 0.07 0.07 0.08 0.08 -0.01 -0.01 0.01 -0.01 0.01 93.89 94.19 90.05 
7.71 0.06 0.07 0.08 0.07 -0.00 -0.02 0.01 -0.01 0.01 93.73 94.11 90.06 
7.81 0.06 0.06 0.08 0.07 0.02 0.01 0.01 -0.01 0.00 93.45 94.28 90.06 
7.91 0.06 0.06 0.07 0.08 0.03 0.02 0.01 -0.02 0.00 93.58 94.40 90.03 
8.01 0.06 0.06 0.07 0.07 -0.01 -0.02 0.01 -0.01 0.00 93.71 94.13 90.06 
8.12 0.06 0.06 0.07 0.07 -0.01 -0.00 0.01 -0.01 0.01 93.55 93.93 90.07 
8.22 0.07 0.07 0.08 0.08 -0.03 -0.02 0.02 -0.01 0.01 93.75 94.14 90.07 
8.32 0.06 0.06 0.07 0.07 -0.01 -0.00 0.01 -0.01 0.00 93.52 94.39 90.05 
8.42 0.07 0.06 0.06 0.07 -0.04 -0.02 0.01 -0.02 0.00 93.62 94.18 90.06 
8.53 0.06 0.06 0.07 0.07 0.00 -0.02 0.01 -0.00 0.00 93.84 94.01 90.04 
8.63 0.05 0.06 0.08 0.08 0.04 -0.01 0.01 0.00 0.00 93.82 94.12 90.09 
8.73 0.07 0.07 0.08 0.08 -0.05 -0.03 0.01 -0.01 0.00 93.72 94.24 90.06 
8.84 0.06 0.06 0.08 0.08 0.06 0.06 0.02 -0.02 0.00 93.68 94.77 90.07 
8.94 0.07 0.07 0.07 0.07 -0.02 -0.02 0.01 -0.01 0.01 93.55 93.76 90.05 
9.04 0.07 0.06 0.07 0.07 -0.03 -0.00 0.01 0.00 0.01 93.40 93.88 90.05 
9.14 0.06 0.06 0.07 0.07 -0.01 -0.01 0.02 -0.01 0.00 93.58 94.05 90.06 
9.25 0.06 0.06 0.07 0.08 0.04 0.04 0.01 -0.00 0.00 93.51 94.17 90.05 
9.35 0.06 0.06 0.07 0.07 0.02 0.02 0.01 -0.01 0.00 93.26 94.05 90.03 
9.45 0.07 0.07 0.08 0.08 -0.03 -0.03 0.03 -0.01 0.00 93.85 94.42 90.05 
9.56 0.07 0.06 0.07 0.07 -0.03 -0.02 0.02 -0.02 0.00 93.30 94.28 90.08 
9.66 0.06 0.06 0.07 0.07 -0.01 -0.01 0.01 -0.01 0.01 93.63 94.05 90.08 
9.77 0.07 0.07 0.06 0.07 0.00 0.00 0.01 -0.01 0.01 93.61 94.30 90.06 
9.87 0.05 0.06 0.07 0.07 0.03 0.00 0.01 -0.01 0.00 93.51 94.21 90.05 
9.97 0.06 0.06 0.06 0.07 -0.01 -0.00 0.01 -0.01 0.01 93.44 94.18 90.08 
10.07 0.07 0.07 0.07 0.08 -0.02 -0.02 0.01 -0.01 0.00 93.74 94.30 90.05 
10.17 0.07 0.06 0.07 0.08 0.01 0.02 0.02 -0.01 0.00 93.65 94.35 90.05 
10.27 0.06 0.06 0.08 0.08 0.02 0.01 0.01 -0.00 0.00 93.60 94.33 90.04 
10.38 0.06 0.07 0.08 0.08 -0.01 -0.02 0.01 -0.01 0.00 93.57 94.14 90.05 
10.48 0.06 0.06 0.07 0.08 0.04 0.04 0.02 -0.02 0.01 93.34 94.48 90.06 
10.58 0.07 0.06 0.06 0.07 -0.03 -0.01 0.01 -0.02 0.01 93.66 93.83 90.08 
10.68 0.06 0.06 0.07 0.07 0.01 -0.00 0.01 -0.01 0.01 93.60 94.25 90.09 
10.79 0.06 0.07 0.08 0.07 -0.00 -0.02 0.01 0.00 0.01 93.79 94.17 90.06 
10.89 0.06 0.06 0.07 0.07 0.00 0.00 0.02 -0.00 0.00 93.51 94.03 90.04 
10.99 0.07 0.06 0.07 0.07 0.00 0.01 0.01 -0.01 0.01 93.53 94.18 90.05 
11.10 0.07 0.06 0.07 0.08 -0.03 -0.01 0.02 -0.02 0.01 93.86 94.56 90.06 
11.20 0.07 0.07 0.07 0.07 -0.01 -0.01 0.02 -0.01 0.01 93.75 94.09 90.09 
11.30 0.07 0.06 0.07 0.07 -0.03 -0.03 0.02 -0.00 0.00 93.57 93.91 90.04 
11.40 0.06 0.06 0.08 0.07 0.01 0.00 0.01 -0.01 0.01 93.54 94.28 90.07 
11.51 0.07 0.06 0.07 0.08 -0.02 -0.01 0.01 0.00 0.00 93.66 94.26 90.05 
11.61 0.06 0.06 0.07 0.08 -0.00 0.01 0.01 -0.01 0.01 93.45 94.55 90.08 
11.71 0.07 0.06 0.06 0.07 -0.07 -0.04 0.01 -0.02 0.01 93.43 94.09 90.08 
11.82 0.06 0.06 0.08 0.07 0.05 0.04 0.02 -0.01 0.00 93.70 94.04 90.07 
11.92 0.07 0.07 0.08 0.08 -0.03 -0.04 0.01 -0.00 0.00 94.09 94.38 90.04 
12.02 0.07 0.06 0.08 0.08 -0.04 -0.01 0.02 -0.02 0.01 93.57 94.01 90.07 
12.13 0.07 0.06 0.07 0.07 -0.03 -0.00 0.01 -0.02 0.01 93.56 94.09 90.07 
12.23 0.06 0.06 0.07 0.08 -0.00 0.03 0.01 -0.01 0.00 93.36 94.23 90.05 
12.33 0.07 0.07 0.08 0.07 -0.01 -0.02 0.02 -0.01 0.00 93.67 93.88 90.05 
12.44 0.06 0.06 0.08 0.08 -0.01 -0.02 0.02 -0.00 0.00 93.72 94.02 90.05 
12.54 0.06 0.06 0.08 0.08 -0.01 0.00 0.02 -0.00 0.00 93.30 94.13 90.06 
12.64 0.07 0.07 0.08 0.07 -0.00 -0.02 0.02 -0.01 0.00 93.59 94.33 90.05 
12.74 0.06 0.06 0.06 0.07 -0.01 -0.01 0.02 -0.01 0.01 93.47 94.16 90.03 
12.85 0.05 0.06 0.07 0.07 0.05 0.02 0.01 -0.02 0.01 93.45 93.92 90.07 
12.95 0.06 0.06 0.07 0.07 -0.05 -0.02 0.01 -0.01 0.01 93.71 94.00 90.04 
13.05 0.06 0.06 0.08 0.07 0.00 -0.01 0.01 -0.01 0.00 93.63 94.10 90.06 
13.15 0.06 0.06 0.08 0.07 0.03 0.03 0.02 -0.01 0.01 93.78 93.86 90.06 
13.26 0.06 0.07 0.06 0.07 -0.02 -0.03 0.02 -0.01 0.01 93.84 94.05 90.04 
13.36 0.07 0.07 0.08 0.07 -0.03 -0.02 0.01 -0.01 0.01 93.73 94.03 90.07 
13.46 0.07 0.06 0.09 0.07 0.00 0.01 0.02 -0.00 0.00 93.49 93.83 90.05 
13.56 0.07 0.07 0.08 0.07 -0.02 -0.02 0.02 -0.00 0.00 93.77 94.29 90.05 
13.67 0.06 0.06 0.06 0.07 0.00 -0.01 0.01 -0.01 0.00 93.41 94.11 90.04 
13.77 0.07 0.06 0.08 0.08 -0.02 -0.01 0.02 -0.01 0.00 93.68 94.46 90.05 
13.87 0.06 0.05 0.07 0.07 0.02 0.05 0.02 -0.01 0.00 93.27 94.40 90.03 
13.98 0.07 0.06 0.07 0.07 0.00 0.01 0.01 -0.00 0.00 93.49 94.05 90.08 
14.08 0.06 0.06 0.07 0.07 -0.02 -0.00 0.01 -0.00 0.00 93.68 94.25 90.03 
14.18 0.06 0.06 0.07 0.08 -0.00 -0.00 0.02 -0.01 0.01 93.53 94.36 90.07 
14.28 0.06 0.07 0.08 0.07 0.01 -0.01 0.01 -0.02 0.01 93.80 94.27 90.06 
14.39 0.07 0.07 0.08 0.08 -0.03 -0.05 0.02 -0.02 0.01 93.92 94.04 90.04 
14.49 0.07 0.07 0.07 0.07 -0.03 -0.02 0.01 -0.01 0.01 93.72 93.89 90.05 
14.59 0.06 0.06 0.08 0.08 0.00 -0.00 0.02 -0.00 0.00 93.82 94.25 90.04 
14.70 0.06 0.06 0.08 0.08 -0.04 -0.01 0.01 -0.01 0.00 93.55 94.20 90.05 
14.80 0.06 0.06 0.07 0.07 -0.00 0.00 0.01 -0.02 0.01 93.69 94.17 90.05 
14.90 0.06 0.06 0.07 0.07 -0.01 0.00 0.01 -0.01 0.00 93.49 94.05 90.09 
15.01 0.06 0.06 0.08 0.08 0.04 0.01 0.02 -0.00 0.00 93.83 94.04 90.06 
15.11 0.06 0.07 0.08 0.07 -0.02 -0.04 0.02 -0.00 0.00 93.74 94.22 90.06 
15.22 0.07 0.06 0.07 0.07 -0.04 -0.01 0.01 -0.01 0.00 93.54 94.32 90.05 
15.32 0.06 0.06 0.07 0.07 -0.01 -0.01 0.01 -0.01 0.00 93.49 93.84 90.04 
15.42 0.06 0.06 0.08 0.07 0.01 0.02 0.01 -0.01 0.00 93.54 93.97 90.08 
15.53 0.06 0.06 0.07 0.07 -0.01 -0.02 0.02 -0.00 0.00 93.72 94.06 90.05 
15.63 0.06 0.06 0.07 0.08 0.01 -0.00 0.02 -0.01 0.00 93.97 94.32 90.06 
15.73 0.07 0.06 0.07 0.08 -0.02 -0.01 0.01 -0.01 0.00 93.61 94.31 90.05 
15.84 0.06 0.06 0.07 0.07 -0.01 -0.02 0.02 -0.01 0.01 93.74 94.30 90.07 
15.94 0.06 0.06 0.07 0.07 -0.01 -0.02 0.02 -0.01 0.01 93.86 94.37 90.08 
16.04 0.07 0.06 0.07 0.07 -0.02 -0.00 0.01 -0.01 0.01 93.49 93.91 90.09 
16.14 0.06 0.06 0.07 0.07 0.03 0.04 0.01 -0.00 0.00 93.55 94.16 90.05 
16.25 0.06 0.07 0.07 0.07 -0.02 -0.03 0.01 -0.02 0.01 93.71 94.28 90.05 
16.35 0.07 0.06 0.07 0.07 -0.03 -0.01 0.02 -0.01 0.01 93.80 94.23 90.07 
16.45 0.07 0.06 0.07 0.05 -0.04 -0.04 0.01 -0.01 0.00 93.53 93.25 90.03 
16.55 0.06 0.06 0.08 0.07 0.01 -0.02 0.02 -0.01 0.00 93.68 94.25 90.04 
16.66 0.06 0.06 0.07 0.07 0.05 0.03 0.02 -0.00 0.00 93.88 94.30 90.04 
16.76 0.06 0.06 0.07 0.07 -0.02 -0.03 0.01 -0.02 0.01 93.88 94.18 90.06 
16.86 0.06 0.06 0.07 0.07 -0.01 -0.00 0.01 -0.01 0.00 93.31 94.38 90.07 
16.97 0.06 0.06 0.07 0.07 -0.01 -0.00 0.02 -0.01 0.01 93.38 94.21 90.05 
17.07 0.07 0.07 0.08 0.07 -0.02 -0.02 0.02 -0.00 0.01 93.80 93.83 90.05 
17.17 0.07 0.07 0.08 0.08 -0.02 -0.02 0.01 -0.01 0.00 93.74 94.39 90.05 
17.27 0.07 0.06 0.08 0.08 0.00 0.01 0.01 -0.01 0.01 93.52 94.47 90.07 
17.38 0.06 0.06 0.08 0.08 0.00 0.00 0.02 -0.01 0.00 93.43 94.36 90.06 
17.48 0.07 0.06 0.07 0.07 -0.01 -0.00 0.02 -0.01 0.01 93.58 94.47 90.05 
17.58 0.07 0.07 0.06 0.07 -0.04 -0.04 0.02 -0.01 0.00 93.59 94.25 90.06 
17.68 0.07 0.07 0.08 0.08 -0.01 -0.02 0.01 -0.01 0.01 93.82 93.86 90.03 
17.78 0.06 0.06 0.07 0.07 0.02 0.04 0.01 -0.01 0.00 93.31 94.14 90.06 
17.88 0.06 0.06 0.08 0.07 0.00 0.01 0.00 -0.01 0.01 93.42 94.16 90.06 
17.99 0.07 0.06 0.08 0.08 -0.04 -0.02 0.02 -0.01 0.01 93.60 94.30 90.06 
18.09 0.06 0.06 0.07 0.07 -0.01 0.01 0.02 -0.01 0.01 93.31 94.41 90.06 
18.19 0.06 0.06 0.07 0.07 -0.03 -0.04 0.02 -0.02 0.01 93.76 93.89 90.07 
18.29 0.06 0.06 0.08 0.07 -0.00 -0.01 0.01 -0.01 0.01 93.58 94.05 90.08 
18.40 0.07 0.07 0.08 0.08 -0.02 -0.03 0.02 -0.00 0.00 93.68 94.32 90.03 
18.50 0.06 0.06 0.07 0.07 0.01 0.02 0.02 -0.01 0.01 93.42 94.30 90.04 
18.60 0.06 0.06 0.07 0.07 -0.01 -0.00 0.02 -0.01 0.00 93.67 94.46 90.03 
18.70 0.07 0.06 0.07 0.07 -0.07 -0.04 0.02 -0.01 0.00 93.30 94.09 90.04 
18.81 0.07 0.06 0.08 0.07 -0.03 -0.01 0.01 -0.00 0.00 93.54 93.79 90.03 
18.91 0.06 0.06 0.07 0.07 0.02 0.02 0.01 -0.00 0.00 93.74 94.00 90.03 
19.01 0.06 0.06 0.08 0.08 0.03 0.02 0.01 0.00 0.00 93.77 93.99 90.05 
19.12 0.06 0.06 0.08 0.08 0.05 0.07 0.02 -0.02 0.01 93.36 94.69 90.07 
19.22 0.07 0.07 0.08 0.08 -0.04 -0.04 0.01 -0.01 0.01 93.93 94.09 90.07 
19.32 0.06 0.06 0.07 0.07 0.03 0.01 0.02 -0.01 0.00 93.72 94.28 90.05 
19.43 0.07 0.07 0.08 0.08 -0.05 -0.02 0.01 -0.00 0.00 93.91 94.20 90.05 
19.53 0.06 0.06 0.07 0.08 -0.00 0.02 0.01 -0.01 0.00 93.20 94.12 90.06 
19.63 0.06 0.06 0.07 0.08 0.02 0.01 0.02 -0.02 0.01 93.64 94.69 90.04 
19.73 0.07 0.07 0.06 0.07 -0.03 -0.01 0.02 -0.01 0.01 93.59 94.41 90.06 
19.84 0.06 0.07 0.08 0.07 0.01 -0.01 0.01 -0.01 0.00 93.81 94.06 90.06 
19.94 0.06 0.06 0.08 0.08 -0.01 -0.02 0.01 -0.00 0.01 93.52 94.39 90.03 
20.04 0.07 0.06 0.07 0.07 -0.03 -0.01 0.02 -0.01 0.00 93.64 93.85 90.06 
20.14 0.07 0.06 0.08 0.08 -0.04 -0.02 0.02 -0.01 0.00 93.58 94.46 90.03 
20.25 0.06 0.06 0.07 0.07 0.01 0.00 0.02 -0.02 0.01 93.55 94.48 90.07 
20.35 0.06 0.07 0.06 0.07 0.00 -0.02 0.01 0.00 0.00 93.66 94.05 90.06 
20.45 0.06 0.06 0.09 0.08 0.00 -0.01 0.01 -0.01 0.00 93.70 94.04 90.07 
20.56 0.06 0.06 0.07 0.08 0.02 0.01 0.01 -0.00 0.00 93.68 94.37 90.05 
20.66 0.06 0.06 0.07 0.07 0.01 0.00 0.00 -0.02 0.00 93.53 94.32 90.05 
20.76 0.07 0.06 0.07 0.07 -0.03 -0.00 0.01 -0.01 0.00 93.45 94.01 90.07 
20.87 0.06 0.06 0.07 0.07 -0.02 -0.02 0.01 -0.01 0.01 93.57 94.09 90.06 
20.97 0.06 0.06 0.07 0.07 0.03 0.01 0.01 -0.01 0.01 93.56 94.11 90.09 
21.07 0.06 0.06 0.08 0.08 -0.00 0.00 0.01 -0.01 0.00 92.79 93.94 90.03 
21.17 0.06 0.06 0.08 0.08 0.01 -0.00 0.02 -0.02 0.01 93.67 94.85 90.06 
21.27 0.06 0.06 0.07 0.07 -0.01 0.01 0.01 -0.02 0.00 93.43 93.95 90.05 
21.38 0.07 0.07 0.07 0.07 -0.03 -0.02 0.02 -0.01 0.01 93.57 94.09 90.03 
21.48 0.07 0.07 0.08 0.08 -0.05 -0.03 0.02 -0.01 0.00 93.73 94.16 90.07 
21.58 0.06 0.06 0.08 0.07 0.04 0.01 0.01 0.00 0.00 93.72 93.49 90.02 
21.71 0.06 0.06 0.08 0.08 0.04 0.04 0.01 -0.00 0.01 93.35 94.45 90.06 
21.85 0.06 0.06 0.07 0.07 -0.00 0.02 0.01 -0.01 0.00 93.49 94.24 90.04 
21.98 0.07 0.06 0.06 0.07 -0.00 -0.00 0.01 -0.02 0.00 93.71 93.83 90.05 
22.11 0.06 0.06 0.07 0.07 0.03 0.01 0.01 -0.02 0.01 93.63 93.79 90.06 
22.23 0.06 0.06 0.08 0.07 0.01 0.02 0.01 -0.00 0.00 93.41 94.20 90.03 
22.33 0.06 0.06 0.09 0.08 -0.00 -0.02 0.01 -0.00 0.00 93.76 93.88 90.06 
22.43 0.06 0.06 0.08 0.07 -0.03 -0.03 0.01 -0.00 0.00 93.69 94.18 90.03 
22.53 0.07 0.06 0.07 0.08 -0.05 -0.03 0.01 -0.02 0.01 93.71 94.67 90.05 
22.64 0.06 0.06 0.07 0.07 0.00 0.00 0.01 -0.02 0.00 93.66 94.41 90.04 
22.74 0.06 0.06 0.08 0.07 0.02 0.01 0.01 -0.00 0.00 93.63 94.15 90.03 
22.84 0.07 0.06 0.09 0.07 -0.05 -0.01 0.01 0.00 0.00 93.42 93.77 90.07 
22.95 0.06 0.06 0.07 0.08 0.02 0.03 0.01 0.00 0.00 93.29 94.12 90.04 
23.05 0.06 0.06 0.07 0.08 0.01 0.02 0.02 -0.02 0.01 93.62 94.55 90.07 
23.16 0.06 0.07 0.06 0.07 -0.01 -0.02 0.02 -0.01 0.00 93.70 94.31 90.06 
23.26 0.06 0.06 0.08 0.08 0.02 0.01 0.02 -0.01 0.00 93.47 94.41 90.10 
23.36 0.07 0.07 0.08 0.07 -0.02 -0.02 0.02 0.00 0.00 93.76 93.96 90.06 
23.46 0.06 0.06 0.08 0.07 -0.00 0.01 0.01 -0.00 0.00 93.62 93.97 90.02 
23.56 0.07 0.07 0.08 0.08 -0.00 -0.01 0.02 -0.00 0.00 93.79 94.66 90.02 
23.66 0.06 0.06 0.07 0.08 0.02 0.02 0.01 -0.02 0.01 93.62 94.14 90.06 
23.76 0.07 0.07 0.06 0.07 -0.03 -0.00 0.01 -0.03 0.01 93.59 94.56 90.05 
23.87 0.07 0.07 0.07 0.07 -0.03 -0.03 0.01 -0.01 0.00 93.48 93.82 90.04 
23.97 0.08 0.07 0.07 0.07 -0.06 -0.04 0.02 -0.01 0.00 93.64 93.68 90.07 
24.07 0.07 0.07 0.08 0.08 -0.04 -0.04 0.02 -0.01 0.00 93.82 94.08 90.03 
24.17 0.06 0.06 0.07 0.08 0.03 0.02 0.02 -0.01 0.00 93.65 94.13 90.07 
24.28 0.07 0.07 0.07 0.07 -0.03 -0.03 0.01 -0.02 0.01 93.62 94.41 90.07 
24.38 0.07 0.07 0.07 0.07 -0.05 -0.04 0.01 -0.01 0.01 93.85 94.23 90.04 
24.49 0.07 0.06 0.07 0.07 -0.01 0.01 0.02 0.00 0.00 93.58 93.75 90.06 
24.59 0.06 0.06 0.08 0.07 0.02 0.01 0.02 -0.00 0.00 93.71 93.84 90.01 
24.69 0.06 0.06 0.09 0.09 0.01 0.00 0.01 -0.01 0.01 93.79 94.23 90.08 
24.79 0.06 0.06 0.07 0.08 0.00 0.01 0.02 -0.03 0.01 93.83 94.58 90.04 
24.90 0.06 0.06 0.06 0.07 -0.01 0.00 0.01 -0.02 0.00 93.65 94.61 90.04 
25.00 0.07 0.06 0.08 0.07 -0.01 -0.00 0.01 -0.00 0.00 93.61 93.82 90.05 
25.10 0.06 0.06 0.09 0.08 0.04 0.03 0.02 0.00 0.00 93.71 93.75 90.05 
25.20 0.06 0.06 0.08 0.08 -0.01 0.02 0.01 -0.01 0.01 93.33 93.99 90.04 
25.30 0.06 0.06 0.08 0.08 -0.01 -0.01 0.02 -0.01 0.00 93.56 94.44 90.06 
25.40 0.07 0.06 0.07 0.08 -0.01 0.01 0.01 -0.02 0.01 93.35 94.54 90.04 
25.50 0.06 0.06 0.06 0.07 -0.04 -0.04 0.01 -0.01 0.01 93.34 94.61 90.04 
25.61 0.07 0.06 0.07 0.07 -0.01 0.00 0.02 -0.01 0.01 93.73 94.11 90.07 
25.71 0.06 0.06 0.07 0.07 -0.01 -0.02 0.01 0.00 0.01 93.68 93.89 90.07 
25.81 0.07 0.07 0.08 0.08 -0.04 -0.02 0.01 -0.00 0.00 93.54 94.51 90.05 
25.92 0.06 0.06 0.07 0.07 -0.01 0.01 0.01 -0.02 0.01 93.48 94.45 90.04 
26.02 0.06 0.06 0.07 0.07 -0.00 -0.01 0.01 -0.02 0.01 93.64 94.39 90.07 
26.12 0.06 0.06 0.08 0.08 0.01 0.01 0.01 -0.01 0.00 93.51 94.38 90.05 
26.23 0.06 0.06 0.07 0.07 -0.03 -0.04 0.02 -0.00 0.01 93.56 93.95 90.07 
26.33 0.06 0.06 0.09 0.08 0.03 0.02 0.01 -0.01 0.01 93.46 94.60 90.08 
26.43 0.06 0.06 0.08 0.08 0.00 -0.00 0.01 -0.00 0.00 93.54 94.06 90.05 
26.53 0.06 0.06 0.07 0.08 -0.01 0.02 0.02 -0.02 0.00 93.25 94.57 90.04 
26.63 0.06 0.06 0.07 0.07 0.02 0.01 0.02 -0.01 0.01 93.42 94.25 90.07 
26.73 0.06 0.06 0.07 0.07 0.00 0.01 0.02 -0.01 0.00 93.37 94.37 90.05 
26.84 0.06 0.06 0.08 0.08 -0.01 -0.00 0.01 -0.01 0.00 93.84 94.05 90.06 
26.94 0.06 0.06 0.06 0.08 0.00 -0.02 0.01 -0.01 0.00 93.50 94.59 90.05 
27.04 0.07 0.06 0.07 0.08 -0.03 -0.02 0.02 -0.01 0.00 93.44 94.32 90.05 
27.15 0.06 0.06 0.07 0.07 0.01 0.02 0.01 -0.02 0.00 93.41 94.06 90.02 
27.25 0.07 0.07 0.07 0.07 -0.03 -0.02 0.01 -0.01 0.00 93.59 93.98 90.04 
27.35 0.06 0.06 0.08 0.07 0.03 0.03 0.01 -0.01 0.00 93.29 94.07 90.07 
27.45 0.06 0.06 0.07 0.08 0.01 -0.01 0.01 -0.01 0.00 93.58 93.96 90.05 
27.56 0.07 0.06 0.06 0.07 -0.00 0.01 0.01 -0.01 0.00 93.27 94.36 90.04 
27.66 0.07 0.07 0.08 0.07 -0.01 -0.03 0.01 -0.01 0.00 93.61 94.31 90.08 
27.76 0.07 0.07 0.07 0.07 -0.03 -0.02 0.02 -0.00 0.00 93.68 94.14 90.06 
27.87 0.06 0.06 0.09 0.08 -0.00 -0.01 0.02 -0.00 0.01 93.85 94.10 90.04 
27.97 0.07 0.06 0.07 0.08 -0.02 -0.00 0.02 -0.01 0.00 93.58 94.15 90.03 
28.07 0.07 0.07 0.06 0.07 -0.01 0.00 0.02 -0.01 0.00 93.65 94.35 90.05 
28.18 0.07 0.07 0.07 0.07 -0.05 -0.02 0.01 -0.01 0.01 93.70 94.12 90.08 
28.28 0.06 0.06 0.07 0.07 -0.01 -0.02 0.02 -0.00 0.00 93.71 93.70 90.04 
28.39 0.06 0.06 0.08 0.08 0.01 0.00 0.01 0.00 0.00 93.84 94.10 90.05 
28.49 0.07 0.06 0.08 0.08 -0.02 -0.00 0.01 -0.02 0.00 93.59 94.15 90.06 
28.59 0.07 0.07 0.06 0.08 -0.01 -0.01 0.01 -0.02 0.01 93.52 94.80 90.04 
28.69 0.06 0.06 0.07 0.07 -0.04 -0.03 0.01 -0.02 0.01 93.54 94.33 90.04 
28.79 0.06 0.06 0.06 0.06 0.01 0.01 0.01 -0.02 0.00 93.58 93.83 90.09 
28.90 0.07 0.07 0.08 0.07 -0.07 -0.07 0.01 0.00 0.00 93.67 94.06 90.04 
29.00 0.06 0.06 0.08 0.08 -0.02 -0.02 0.01 0.01 0.00 93.76 93.63 90.06 
29.10 0.07 0.06 0.08 0.08 -0.06 -0.05 0.01 -0.01 0.00 93.32 94.07 90.03 
29.20 0.06 0.06 0.06 0.06 0.03 0.03 0.02 -0.02 0.01 93.40 94.32 90.06 
29.31 0.06 0.06 0.06 0.07 0.00 0.01 0.01 -0.01 0.01 93.78 94.03 90.07 
29.41 0.06 0.06 0.08 0.08 0.03 0.02 0.01 -0.02 0.01 93.56 94.20 90.08 
29.51 0.06 0.06 0.07 0.08 -0.01 -0.00 0.01 -0.00 0.01 93.45 94.42 90.05 
29.61 0.05 0.06 0.07 0.08 0.04 -0.00 0.02 -0.00 0.00 93.63 94.33 90.06 
29.72 0.08 0.07 0.08 0.08 -0.04 -0.01 0.01 -0.02 0.01 93.67 94.24 90.04 
29.82 0.06 0.06 0.07 0.07 0.01 0.01 0.02 -0.01 0.00 93.49 94.45 90.06 
29.92 0.06 0.06 0.07 0.07 0.00 -0.01 0.01 -0.00 0.00 93.55 94.27 90.06 
30.02 0.07 0.07 0.08 0.07 -0.01 -0.01 0.02 0.00 0.00 93.81 93.85 90.05 
30.13 0.06 0.05 0.08 0.08 -0.02 0.03 0.01 -0.01 0.01 93.20 94.48 90.06 
30.23 0.07 0.06 0.07 0.07 -0.03 -0.01 0.01 -0.01 0.00 93.43 94.48 90.05 
30.33 0.06 0.06 0.08 0.06 -0.01 -0.01 0.02 -0.01 0.00 94.02 93.80 90.07 
30.43 0.07 0.07 0.07 0.07 -0.04 -0.03 0.01 -0.01 0.00 93.71 94.05 90.09 
30.53 0.06 0.06 0.08 0.07 0.01 -0.02 0.01 -0.00 0.00 94.03 93.89 90.08 
30.64 0.06 0.06 0.08 0.08 -0.00 -0.01 0.01 -0.00 0.00 93.48 94.09 90.05 
30.74 0.06 0.06 0.07 0.08 0.00 0.01 0.01 -0.01 0.00 93.47 94.49 90.04 
30.84 0.07 0.06 0.07 0.08 -0.01 0.02 0.02 -0.02 0.01 93.64 94.61 90.06 
30.94 0.07 0.06 0.07 0.08 -0.03 0.01 0.01 -0.02 0.00 93.48 94.42 90.06 
31.04 0.07 0.07 0.07 0.07 -0.01 -0.01 0.01 -0.02 0.01 93.68 94.02 90.07 
31.14 0.07 0.06 0.08 0.07 -0.04 -0.02 0.01 -0.01 0.01 93.65 94.08 90.07 
31.25 0.06 0.06 0.08 0.07 0.01 -0.01 0.02 0.00 0.00 93.70 93.74 90.04 
31.35 0.07 0.06 0.07 0.08 -0.01 0.02 0.02 0.00 0.01 93.37 94.38 90.04 
31.45 0.07 0.07 0.07 0.07 -0.02 -0.02 0.01 -0.02 0.00 93.68 94.73 90.05 
31.56 0.07 0.07 0.06 0.07 -0.03 -0.03 0.01 -0.01 0.00 93.61 94.68 90.05 
31.66 0.07 0.07 0.06 0.07 -0.07 -0.09 0.01 -0.01 0.00 93.80 94.20 90.04 
31.76 0.06 0.06 0.09 0.08 0.01 0.01 0.02 0.00 0.00 93.52 93.65 90.08 
31.87 0.06 0.06 0.08 0.08 -0.01 -0.01 0.01 -0.01 0.00 93.83 94.17 90.05 
31.97 0.06 0.06 0.08 0.08 0.00 -0.00 0.02 -0.02 0.00 93.60 94.57 90.05 
32.07 0.06 0.07 0.07 0.07 0.01 -0.03 0.02 -0.01 0.00 93.80 94.55 90.05 
32.17 0.06 0.06 0.06 0.07 -0.00 0.00 0.00 -0.02 0.00 93.59 93.98 90.04 
32.27 0.06 0.06 0.07 0.07 -0.00 0.00 0.01 -0.01 0.00 93.49 94.05 90.04 
32.38 0.06 0.06 0.08 0.08 0.01 0.02 0.02 -0.01 0.00 93.70 94.31 90.05 
32.48 0.07 0.07 0.08 0.07 -0.03 -0.00 0.01 -0.01 0.00 93.81 94.20 90.04 
32.58 0.06 0.07 0.07 0.08 -0.01 -0.01 0.02 -0.02 0.00 93.78 94.52 90.05 
32.69 0.06 0.06 0.08 0.08 0.02 0.01 0.01 -0.00 0.00 93.31 94.38 90.08 
32.79 0.06 0.06 0.08 0.07 0.00 0.01 0.02 -0.00 0.00 93.65 93.56 90.06 
32.90 0.07 0.07 0.07 0.08 0.00 0.00 0.01 -0.01 0.00 93.63 94.63 90.05 
33.00 0.06 0.07 0.06 0.07 -0.01 -0.02 0.01 -0.02 0.01 93.79 94.31 90.05 
33.10 0.07 0.07 0.06 0.06 -0.02 -0.01 0.01 -0.02 0.00 93.78 93.68 90.06 
33.21 0.06 0.06 0.08 0.08 -0.01 -0.00 0.02 0.00 0.01 93.73 94.20 90.06 
33.31 0.05 0.06 0.07 0.07 0.04 0.02 0.01 -0.00 0.00 93.35 94.18 90.06 
33.41 0.06 0.06 0.09 0.08 -0.01 -0.01 0.01 -0.00 0.00 93.57 94.49 90.04 
33.51 0.06 0.06 0.07 0.07 0.02 0.01 0.01 -0.01 0.00 93.70 94.32 90.06 
33.62 0.07 0.07 0.06 0.07 -0.05 -0.04 0.01 -0.02 0.00 93.75 94.45 90.05 
33.72 0.07 0.07 0.07 0.07 -0.01 -0.02 0.01 -0.00 0.00 93.79 93.91 90.05 
33.82 0.06 0.06 0.09 0.08 0.01 0.01 0.01 -0.00 0.00 93.63 93.92 90.03 
33.93 0.07 0.06 0.08 0.08 -0.07 -0.03 0.01 -0.01 0.00 93.74 94.31 90.06 
34.03 0.06 0.06 0.08 0.08 0.04 0.05 0.02 -0.00 0.00 93.44 94.68 90.02 
34.13 0.06 0.07 0.06 0.07 0.00 -0.01 0.02 -0.02 0.01 93.47 94.48 90.06 
34.24 0.07 0.07 0.07 0.07 -0.04 -0.03 0.02 -0.01 0.01 93.60 94.20 90.06 
34.34 0.07 0.06 0.08 0.07 -0.02 -0.05 0.01 -0.00 0.01 93.68 93.54 90.06 
34.44 0.06 0.06 0.08 0.08 0.01 0.00 0.01 -0.00 0.00 93.45 94.54 90.05 
34.54 0.06 0.06 0.07 0.07 -0.00 0.03 0.02 -0.01 0.00 93.36 94.15 90.07 
34.65 0.07 0.06 0.08 0.08 -0.01 0.01 0.01 -0.01 0.00 93.71 94.40 90.05 
34.75 0.06 0.06 0.07 0.07 -0.00 -0.00 0.01 -0.02 0.00 93.51 94.20 90.05 
34.85 0.06 0.06 0.06 0.06 -0.02 -0.03 0.01 -0.02 0.01 93.72 93.71 90.07 
34.96 0.06 0.06 0.09 0.08 0.01 0.01 0.01 0.00 0.00 93.85 93.71 90.04 
35.06 0.06 0.06 0.07 0.07 -0.03 -0.04 0.02 -0.01 0.00 93.63 94.41 90.05 
35.16 0.06 0.07 0.07 0.07 0.02 -0.01 0.01 -0.01 0.01 93.73 93.99 90.05 
35.27 0.07 0.07 0.07 0.06 -0.07 -0.05 0.01 -0.01 0.01 93.60 93.91 90.05 
35.37 0.07 0.06 0.07 0.07 0.01 0.02 0.02 -0.02 0.00 93.70 93.82 90.05 
35.47 0.07 0.07 0.07 0.07 -0.03 -0.04 0.01 -0.01 0.00 93.87 93.91 90.05 
35.57 0.05 0.06 0.09 0.09 0.06 0.01 0.01 0.00 0.00 93.45 94.92 90.05 
35.67 0.06 0.06 0.08 0.08 0.01 0.02 0.01 -0.02 0.00 93.61 94.32 90.05 
35.78 0.06 0.06 0.07 0.07 -0.03 -0.03 0.02 -0.01 0.00 93.76 94.45 90.06 
35.88 0.07 0.06 0.08 0.07 -0.00 0.01 0.02 -0.02 0.00 93.61 93.90 90.05 
35.98 0.06 0.06 0.08 0.08 0.02 0.02 0.02 0.00 0.00 93.40 94.13 90.04 
36.09 0.05 0.06 0.09 0.08 0.07 0.03 0.01 -0.01 0.01 93.63 93.76 90.07 
36.19 0.07 0.06 0.08 0.08 0.00 0.01 0.01 -0.01 0.01 93.65 94.21 90.05 
36.29 0.06 0.06 0.06 0.07 -0.02 -0.00 0.01 -0.01 0.00 93.46 94.03 90.06 
36.40 0.07 0.06 0.08 0.07 0.01 0.02 0.01 -0.01 0.01 93.60 93.68 90.07 
36.50 0.07 0.07 0.08 0.07 -0.04 -0.04 0.01 -0.00 0.00 93.44 93.87 90.06 
36.61 0.06 0.06 0.08 0.08 -0.00 -0.00 0.01 -0.01 0.00 93.59 94.38 90.04 
36.71 0.06 0.06 0.07 0.07 -0.01 -0.02 0.01 -0.00 0.00 93.57 94.23 90.05 
36.81 0.06 0.06 0.07 0.08 0.01 0.01 0.02 -0.02 0.00 93.57 94.67 90.09 
36.91 0.07 0.07 0.07 0.06 -0.03 -0.02 0.02 -0.02 0.01 93.83 94.26 90.09 
37.01 0.07 0.07 0.07 0.07 -0.04 -0.04 0.02 -0.01 0.00 93.91 93.86 90.04 
37.12 0.06 0.06 0.08 0.09 0.05 0.02 0.01 -0.00 0.00 93.77 94.60 90.06 
37.22 0.07 0.06 0.08 0.08 -0.00 0.01 0.01 -0.01 0.00 93.43 94.39 90.03 
37.33 0.07 0.06 0.08 0.08 -0.04 -0.02 0.01 -0.01 0.00 93.70 94.32 90.06 
37.43 0.07 0.06 0.07 0.07 -0.01 0.00 0.02 -0.01 0.01 93.60 94.16 90.06 
37.53 0.06 0.06 0.07 0.07 0.02 0.02 0.01 -0.00 0.00 93.62 94.04 90.05 
37.64 0.06 0.06 0.07 0.08 -0.02 0.00 0.01 -0.00 0.00 93.68 94.38 90.04 
37.74 0.06 0.06 0.07 0.08 0.04 0.04 0.01 -0.01 0.01 93.34 94.35 90.08 
37.84 0.07 0.06 0.06 0.07 -0.04 -0.01 0.01 -0.02 0.00 93.69 94.13 90.04 
37.94 0.07 0.06 0.07 0.07 -0.01 -0.00 0.01 -0.01 0.01 93.57 93.91 90.04 
38.04 0.05 0.06 0.08 0.07 0.05 0.04 0.01 -0.01 0.00 93.53 93.79 90.06 
38.14 0.07 0.07 0.08 0.07 0.00 0.01 0.01 -0.01 0.01 93.79 93.96 90.07 
38.25 0.06 0.06 0.07 0.08 0.03 -0.00 0.01 -0.01 0.00 93.72 94.24 90.04 
38.35 0.06 0.06 0.07 0.07 0.02 0.00 0.01 -0.01 0.01 93.69 94.22 90.06 
38.45 0.06 0.06 0.07 0.08 0.01 0.01 0.01 -0.01 0.00 93.56 94.39 90.03 
38.55 0.07 0.07 0.07 0.07 0.00 -0.04 0.01 -0.02 0.01 93.62 93.96 90.07 
38.66 0.07 0.07 0.08 0.07 0.03 0.03 0.01 -0.00 0.00 93.82 93.81 90.05 
38.76 0.04 0.05 0.07 0.07 0.14 0.06 0.02 -0.02 0.00 93.51 94.69 90.04 
38.86 0.06 0.04 0.07 0.09 -0.03 0.07 0.02 -0.00 0.01 92.48 95.08 90.07 
38.96 0.06 0.06 0.07 0.07 0.01 0.03 0.01 -0.01 0.01 93.15 94.53 90.07 
39.07 0.12 0.03 0.04 0.06 -0.20 0.14 0.01 -0.03 0.01 94.70 93.60 90.04 
39.17 0.06 0.06 0.07 0.07 0.03 0.01 0.02 -0.02 0.01 93.52 93.86 90.06 
39.27 0.06 0.06 0.08 0.07 0.02 0.02 0.02 -0.00 0.00 93.29 93.90 90.03 
39.37 0.06 0.06 0.08 0.08 0.02 0.02 0.01 -0.00 0.00 93.53 94.49 90.02 
39.48 0.06 0.06 0.06 0.07 -0.00 0.00 0.02 -0.01 0.00 93.30 94.45 90.05 
39.58 0.07 0.07 0.07 0.08 -0.01 -0.05 0.01 -0.02 0.00 93.90 94.37 90.06 
39.68 0.08 0.07 0.07 0.07 -0.06 -0.04 0.02 -0.01 0.01 93.99 94.11 90.07 
39.79 0.07 0.06 0.08 0.08 -0.05 -0.01 0.02 -0.00 0.00 93.33 94.17 90.09 
39.89 0.06 0.06 0.08 0.08 0.06 0.03 0.01 -0.00 0.01 93.57 94.48 90.07 
39.99 0.06 0.07 0.06 0.07 0.02 0.03 0.01 -0.01 0.00 93.78 94.44 90.02 
40.10 0.07 0.07 0.07 0.07 -0.02 -0.02 0.02 -0.01 0.00 93.83 94.30 90.05 
40.20 0.06 0.06 0.07 0.08 0.00 -0.01 0.02 -0.00 0.00 93.58 94.22 90.07 
40.31 0.06 0.06 0.07 0.07 0.00 -0.01 0.01 -0.01 0.01 93.71 94.27 90.06 
40.41 0.06 0.06 0.09 0.08 0.03 0.01 0.02 -0.01 0.00 93.44 94.40 90.05 
40.51 0.06 0.06 0.07 0.07 0.01 0.01 0.01 -0.01 0.01 93.39 94.26 90.05 
40.61 0.05 0.06 0.06 0.07 0.06 0.04 0.02 -0.01 0.00 93.50 94.14 90.04 
40.71 0.06 0.06 0.07 0.07 -0.02 -0.03 0.02 -0.02 0.00 93.61 94.13 90.05 
40.82 0.06 0.06 0.07 0.07 -0.01 -0.01 0.02 -0.00 0.00 93.85 93.98 90.06 
40.92 0.06 0.07 0.08 0.08 0.02 -0.00 0.01 -0.01 0.00 93.70 94.26 90.04 
41.02 0.06 0.06 0.07 0.08 -0.01 -0.00 0.01 -0.01 0.00 93.64 94.33 90.05 
41.13 0.06 0.06 0.07 0.07 0.01 0.01 0.01 -0.01 0.01 93.39 94.27 90.08 
41.23 0.06 0.07 0.07 0.07 0.00 -0.02 0.02 -0.02 0.01 93.53 94.17 90.06 
41.34 0.07 0.06 0.08 0.08 0.01 0.02 0.01 -0.00 0.00 93.39 94.08 90.07 
41.44 0.07 0.06 0.08 0.08 -0.01 -0.00 0.02 0.00 0.00 93.63 94.69 90.05 
41.54 0.06 0.06 0.07 0.08 0.00 0.01 0.01 -0.01 0.01 93.43 94.67 90.05 
41.64 0.06 0.06 0.06 0.07 0.01 0.03 0.01 -0.02 0.01 93.46 94.11 90.06 
41.75 0.07 0.07 0.07 0.07 -0.01 -0.01 0.02 -0.01 0.00 93.83 94.22 90.06 
41.85 0.06 0.06 0.08 0.08 0.00 -0.00 0.01 -0.00 0.00 93.44 94.08 90.06 
41.95 0.07 0.07 0.08 0.08 -0.05 -0.03 0.01 -0.01 0.00 93.61 94.00 90.03 
42.06 0.06 0.06 0.08 0.08 0.01 0.03 0.02 -0.01 0.01 93.39 94.71 90.07 
42.16 0.06 0.06 0.06 0.07 -0.04 -0.03 0.01 -0.01 0.00 93.57 94.09 90.04 
42.26 0.07 0.06 0.07 0.07 -0.02 -0.00 0.02 -0.01 0.01 93.36 94.66 90.06 
42.36 0.06 0.06 0.07 0.08 -0.07 -0.05 0.02 -0.01 0.00 93.69 94.21 90.05 
42.46 0.09 0.10 0.05 0.01 -0.13 -0.15 0.03 -0.03 0.01 95.73 90.85 90.12 
42.57 0.05 0.05 0.08 0.07 0.08 0.07 0.01 -0.00 0.00 93.01 94.05 90.01 
42.67 0.05 0.05 0.08 0.08 0.06 0.06 0.01 -0.01 0.01 93.49 94.71 90.04 
42.78 0.06 0.07 0.07 0.07 -0.00 -0.02 0.01 -0.01 0.00 93.90 93.68 90.04 
42.88 0.07 0.06 0.07 0.07 -0.04 -0.03 0.01 -0.01 0.01 93.59 94.27 90.06 
42.98 0.06 0.06 0.07 0.07 0.04 0.03 0.01 -0.00 0.01 93.43 94.30 90.06 
43.08 0.07 0.07 0.07 0.07 -0.05 -0.01 0.02 -0.00 0.00 93.40 93.97 90.06 
43.18 0.07 0.06 0.08 0.08 -0.03 0.01 0.01 -0.01 0.00 93.45 94.55 90.05 
43.28 0.06 0.06 0.07 0.07 0.02 0.02 0.02 -0.02 0.01 93.38 94.11 90.07 
