0:0:0 1.40 0 0.00000000 0.00000000 0.00 0.00 0.00 7.55 3.18 -17.76 0.02 -0.01 0.00 -0.63 0.67 10.24
 0:0:0 1.54 0 0.00000000 0.00000000 0.00 0.00 0.00 7.55 3.18 -17.76 0.02 -0.01 0.01 -0.63 0.67 10.16
 23:59:51 1.65 0 0.00000000 0.00000000 0.00 0.00 0.00 7.45 3.18 -17.65 0.02 -0.01 0.00 -0.55 0.71 10.28
 23:59:51 1.75 0 0.00000000 0.00000000 0.00 0.00 0.00 7.45 3.09 -17.76 0.01 -0.01 0.01 -0.63 0.71 10.28
 23:59:51 1.85 0 0.00000000 0.00000000 0.00 0.00 0.00 7.55 3.09 -17.65 0.01 -0.01 0.01 -0.59 0.63 10.20
 23:59:51 1.95 0 0.00000000 0.00000000 0.00 0.00 0.00 7.64 3.27 -17.76 0.02 -0.01 0.00 -0.55 0.78 10.32
 23:59:51 2.05 0 0.00000000 0.00000000 0.00 0.00 0.00 7.55 3.18 -17.65 0.02 -0.01 0.00 -0.63 0.71 10.28
 23:59:51 2.15 0 0.00000000 0.00000000 0.00 0.00 0.00 7.64 3.36 -17.65 0.02 -0.01 0.01 -0.67 0.63 10.24
 23:59:51 2.25 0 0.00000000 0.00000000 0.00 0.00 0.00 7.64 3.09 -17.65 0.02 -0.01 0.00 -0.55 0.67 10.20
 23:59:51 2.35 0 0.00000000 0.00000000 0.00 0.00 0.00 7.55 3.27 -17.76 0.01 -0.01 0.00 -0.63 0.75 10.20
 23:59:52 2.45 0 0.00000000 0.00000000 0.00 0.00 0.00 7.55 3.18 -17.96 0.02 -0.01 0.01 -0.67 0.67 10.28
 23:59:52 2.55 0 0.00000000 0.00000000 0.00 0.00 0.00 7.64 3.27 -18.06 0.02 -0.01 0.01 -0.59 0.75 10.20
 23:59:52 2.65 0 0.00000000 0.00000000 0.00 0.00 0.00 7.64 3.27 -17.65 0.01 -0.01 0.01 -0.63 0.71 10.20
 23:59:52 2.75 0 0.00000000 0.00000000 0.00 0.00 0.00 7.45 3.18 -17.76 0.02 -0.01 0.00 -0.63 0.75 10.24
 23:59:52 2.85 0 0.00000000 0.00000000 0.00 0.00 0.00 7.55 3.36 -17.86 0.01 -0.00 0.00 -0.59 0.71 10.36
 23:59:52 2.95 0 0.00000000 0.00000000 0.00 0.00 0.00 7.64 3.18 -17.86 0.02 -0.01 0.00 -0.63 0.71 10.20
 23:59:52 3.05 0 0.00000000 0.00000000 0.00 0.00 0.00 7.45 3.00 -17.76 0.02 -0.01 0.00 -0.67 0.55 10.20
 23:59:52 3.15 0 0.00000000 0.00000000 0.00 0.00 0.00 7.64 3.27 -17.86 0.01 -0.01 0.00 -0.59 0.75 10.20
 23:59:52 3.26 0 0.00000000 0.00000000 0.00 0.00 0.00 7.55 3.18 -17.55 0.01 -0.01 0.01 -0.67 0.67 10.16
 23:59:53 3.36 0 0.00000000 0.00000000 0.00 0.00 0.00 7.55 3.00 -17.45 0.01 -0.01 0.00 -0.63 0.63 10.20
 23:59:53 3.46 0 0.00000000 0.00000000 0.00 0.00 0.00 7.55 3.00 -17.76 0.01 -0.00 0.00 -0.67 0.71 10.24
 23:59:53 3.56 0 0.00000000 0.00000000 0.00 0.00 0.00 7.55 3.27 -17.65 0.02 -0.01 0.01 -0.71 0.71 10.28
 23:59:53 3.66 0 0.00000000 0.00000000 0.00 0.00 0.00 7.64 3.09 -17.65 0.02 -0.01 0.00 -0.59 0.75 10.28
 23:59:53 3.76 0 0.00000000 0.00000000 0.00 0.00 0.00 7.64 3.27 -17.96 0.02 -0.01 0.00 -0.59 0.75 10.28
 23:59:53 3.86 0 0.00000000 0.00000000 0.00 0.00 0.00 7.55 3.09 -17.45 0.01 -0.01 0.00 -0.67 0.63 10.36
 23:59:53 3.96 0 0.00000000 0.00000000 0.00 0.00 0.00 7.64 3.55 -17.45 0.01 -0.02 0.00 -0.59 0.63 10.20
 23:59:53 4.06 0 0.00000000 0.00000000 0.00 0.00 0.00 7.55 3.18 -17.76 0.02 -0.01 0.01 -0.55 0.71 10.28
 23:59:53 4.16 0 0.00000000 0.00000000 0.00 0.00 0.00 7.45 3.18 -17.65 0.02 -0.01 0.00 -0.59 0.59 10.36
 23:59:53 4.26 0 0.00000000 0.00000000 0.00 0.00 0.00 7.55 3.18 -17.55 0.02 -0.01 0.00 -0.59 0.71 10.20
 23:59:54 4.36 0 0.00000000 0.00000000 0.00 0.00 0.00 7.55 3.18 -17.86 0.01 -0.01 0.00 -0.63 0.78 10.24
 23:59:54 4.46 0 0.00000000 0.00000000 0.00 0.00 0.00 7.64 3.18 -17.65 0.02 -0.01 0.00 -0.59 0.67 10.20
 23:59:54 4.56 0 0.00000000 0.00000000 0.00 0.00 0.00 7.73 3.09 -17.65 0.02 -0.01 0.01 -0.67 0.75 10.32
 23:59:54 4.66 0 0.00000000 0.00000000 0.00 0.00 0.00 7.55 3.36 -17.76 0.01 -0.01 0.00 -0.59 0.71 10.24
 23:59:54 4.76 0 0.00000000 0.00000000 0.00 0.00 0.00 7.45 3.00 -17.86 0.02 -0.01 0.00 -0.55 0.75 10.12
 23:59:54 4.87 0 0.00000000 0.00000000 0.00 0.00 0.00 7.64 3.09 -17.76 0.01 -0.01 0.00 -0.63 0.71 10.32
 23:59:54 4.97 0 0.00000000 0.00000000 0.00 0.00 0.00 7.55 3.00 -17.76 0.01 -0.01 0.00 -0.63 0.67 10.28
 23:59:54 5.07 0 0.00000000 0.00000000 0.00 0.00 0.00 7.27 3.27 -17.76 0.01 -0.01 0.00 -0.59 0.71 10.28
 23:59:54 5.17 0 0.00000000 0.00000000 0.00 0.00 0.00 7.73 3.09 -17.86 0.02 -0.01 0.00 -0.59 0.71 10.24
 23:59:54 5.27 0 0.00000000 0.00000000 0.00 0.00 0.00 7.55 3.36 -17.45 0.02 -0.01 0.00 -0.59 0.71 10.24
 23:59:55 5.37 0 0.00000000 0.00000000 0.00 0.00 0.00 7.45 3.09 -17.65 0.02 -0.01 0.00 -0.55 0.78 10.16
 23:59:55 5.47 0 0.00000000 0.00000000 0.00 0.00 0.00 7.55 3.36 -17.65 0.02 -0.01 0.00 -0.59 0.75 10.20
 23:59:55 5.57 0 0.00000000 0.00000000 0.00 0.00 0.00 7.73 3.09 -17.65 0.01 -0.01 0.01 -0.63 0.71 10.32
 23:59:55 5.67 0 0.00000000 0.00000000 0.00 0.00 0.00 7.82 3.36 -17.76 0.01 -0.01 0.01 -0.63 0.67 10.24
 23:59:55 5.77 0 0.00000000 0.00000000 0.00 0.00 0.00 7.45 2.91 -17.65 0.01 -0.01 0.01 -0.63 0.63 10.12
 23:59:55 5.88 0 0.00000000 0.00000000 0.00 0.00 0.00 7.64 3.18 -17.65 0.02 -0.00 0.00 -0.59 0.78 10.16
 23:59:55 5.98 0 0.00000000 0.00000000 0.00 0.00 0.00 7.64 3.09 -17.76 0.02 -0.01 0.00 -0.59 0.71 10.16
 23:59:55 6.08 0 0.00000000 0.00000000 0.00 0.00 0.00 7.45 3.27 -17.55 0.02 -0.01 0.00 -0.63 0.71 10.32
 23:59:55 6.18 0 0.00000000 0.00000000 0.00 0.00 0.00 7.55 3.09 -17.76 0.02 -0.00 0.00 -0.59 0.71 10.24
 23:59:55 6.28 0 0.00000000 0.00000000 0.00 0.00 0.00 7.45 3.36 -17.65 0.01 -0.01 0.00 -0.63 0.71 10.32
 23:59:56 6.38 0 0.00000000 0.00000000 0.00 0.00 0.00 7.64 3.09 -17.96 0.01 -0.01 0.01 -0.55 0.71 10.20
 23:59:56 6.48 0 0.00000000 0.00000000 0.00 0.00 0.00 7.45 3.00 -17.65 0.01 -0.01 0.01 -0.59 0.71 10.24
 23:59:56 6.58 0 0.00000000 0.00000000 0.00 0.00 0.00 7.27 3.18 -17.76 0.02 -0.01 0.01 -0.63 0.75 10.28
 23:59:56 6.68 0 0.00000000 0.00000000 0.00 0.00 0.00 7.55 3.18 -17.65 0.02 -0.01 0.01 -0.63 0.67 10.20
 23:59:56 6.78 0 0.00000000 0.00000000 0.00 0.00 0.00 7.73 3.09 -17.86 0.01 -0.01 0.00 -0.59 0.75 10.20
 23:59:56 6.88 0 0.00000000 0.00000000 0.00 0.00 0.00 7.64 3.18 -17.76 0.02 -0.01 0.00 -0.59 0.78 10.20
 23:59:56 6.98 0 0.00000000 0.00000000 0.00 0.00 0.00 7.55 3.27 -17.76 0.01 -0.01 0.00 -0.67 0.63 10.20
 23:59:56 7.09 0 0.00000000 0.00000000 0.00 0.00 0.00 7.55 3.18 -17.65 0.01 -0.01 0.01 -0.63 0.71 10.28
 23:59:56 7.19 0 0.00000000 0.00000000 0.00 0.00 0.00 7.73 3.18 -17.76 0.01 -0.01 0.01 -0.63 0.75 10.24
 23:59:56 7.29 0 0.00000000 0.00000000 0.00 0.00 0.00 7.45 3.18 -17.76 0.02 -0.01 0.00 -0.63 0.75 10.16
 23:59:57 7.39 0 0.00000000 0.00000000 0.00 0.00 0.00 7.73 3.00 -17.45 0.01 -0.01 0.00 -0.67 0.75 10.28
 23:59:57 7.49 0 0.00000000 0.00000000 0.00 0.00 0.00 7.82 3.36 -17.65 0.02 -0.01 0.00 -0.63 0.78 10.24
 23:59:57 7.59 0 0.00000000 0.00000000 0.00 0.00 0.00 7.82 3.27 -17.76 0.01 -0.01 0.00 -0.67 0.67 10.24
 23:59:57 7.69 0 0.00000000 0.00000000 0.00 0.00 0.00 7.64 3.00 -17.96 0.01 -0.01 0.00 -0.63 0.63 10.28
 23:59:57 7.79 0 0.00000000 0.00000000 0.00 0.00 0.00 7.45 3.27 -17.55 0.01 -0.01 0.00 -0.67 0.75 10.24
 23:59:57 7.89 0 0.00000000 0.00000000 0.00 0.00 0.00 7.73 3.18 -17.65 0.02 -0.01 0.00 -0.63 0.71 10.16
 23:59:57 7.99 0 0.00000000 0.00000000 0.00 0.00 0.00 7.73 3.09 -17.65 0.01 -0.01 0.00 -0.67 0.67 10.28
 23:59:57 8.09 0 0.00000000 0.00000000 0.00 0.00 0.00 7.55 3.18 -17.76 0.02 -0.01 0.01 -0.63 0.75 10.24
 23:59:57 8.19 0 0.00000000 0.00000000 0.00 0.00 0.00 7.45 3.18 -17.86 0.01 -0.01 0.00 -0.67 0.71 10.24
 23:59:57 8.30 0 0.00000000 0.00000000 0.00 0.00 0.00 7.64 3.18 -17.45 0.02 -0.01 0.00 -0.55 0.67 10.32
 23:59:58 8.40 0 0.00000000 0.00000000 0.00 0.00 0.00 7.73 3.18 -17.86 0.02 -0.01 0.00 -0.63 0.71 10.28
 23:59:58 8.50 0 0.00000000 0.00000000 0.00 0.00 0.00 7.27 3.36 -17.65 0.01 -0.01 0.00 -0.59 0.71 10.28
 23:59:58 8.60 0 0.00000000 0.00000000 0.00 0.00 0.00 7.91 3.27 -17.86 0.02 -0.01 0.01 -0.71 0.75 10.32
 23:59:58 8.70 0 0.00000000 0.00000000 0.00 0.00 0.00 7.82 3.36 -17.65 0.02 -0.01 0.01 -0.63 0.67 10.28
 23:59:58 8.80 0 0.00000000 0.00000000 0.00 0.00 0.00 7.45 3.09 -17.76 0.01 -0.01 0.01 -0.63 0.67 10.28
 23:59:58 8.90 0 0.00000000 0.00000000 0.00 0.00 0.00 7.36 3.27 -17.86 0.01 -0.01 0.00 -0.59 0.67 10.16
 23:59:58 9.00 0 0.00000000 0.00000000 0.00 0.00 0.00 7.73 3.27 -17.86 0.01 -0.01 0.00 -0.67 0.71 10.28
 23:59:58 9.10 0 0.00000000 0.00000000 0.00 0.00 0.00 7.36 3.27 -17.86 0.01 -0.01 0.01 -0.63 0.71 10.24
 23:59:58 9.21 0 0.00000000 0.00000000 0.00 0.00 0.00 7.55 3.55 -17.76 0.02 -0.01 0.00 -0.59 0.71 10.32
 23:59:58 9.31 0 0.00000000 0.00000000 0.00 0.00 0.00 7.55 3.18 -17.86 0.01 -0.01 0.00 -0.59 0.71 10.24
 23:59:59 9.41 0 0.00000000 0.00000000 0.00 0.00 0.00 0.00 0.00 0.00 0.02 -0.01 0.00 -0.59 0.75 10.28
 23:59:59 9.51 0 0.00000000 0.00000000 0.00 0.00 0.00 7.64 3.18 -17.86 0.01 -0.01 0.00 -0.59 0.82 10.36
 