0 0 0 2.93 0.00000000 0.00000000 0.00 0.00 0.00 0.06 0.07 -0.01 0.01 -0.02 0.00 93.65 94.42 90.03 
0 0 0 3.10 0.00000000 0.00000000 0.00 0.00 0.00 0.06 0.08 0.08 0.01 -0.00 0.00 93.27 94.24 90.02 
0 0 0 3.20 0.00000000 0.00000000 0.00 0.00 0.00 0.06 0.09 0.20 0.01 -0.01 0.00 94.02 95.02 90.05 
0 0 0 3.30 0.00000000 0.00000000 0.00 0.00 0.00 0.06 0.07 0.04 0.01 -0.01 0.00 93.30 94.17 90.03 
0 0 0 3.40 0.00000000 0.00000000 0.00 0.00 0.00 0.05 0.08 0.08 0.01 -0.01 0.00 93.80 94.60 90.04 
0 0 0 3.51 0.00000000 0.00000000 0.00 0.00 0.00 0.07 0.09 0.16 0.01 -0.01 0.00 93.70 95.62 90.05 
0 0 0 3.61 0.00000000 0.00000000 0.00 0.00 0.00 0.07 0.07 0.01 0.02 -0.01 0.00 93.51 94.29 90.03 
0 0 0 3.71 0.00000000 0.00000000 0.00 0.00 0.00 0.06 0.07 0.01 0.01 -0.01 0.00 93.68 94.07 90.03 
0 0 0 3.81 0.00000000 0.00000000 0.00 0.00 0.00 0.07 0.07 -0.06 0.01 -0.00 0.00 93.58 93.91 90.01 
0 0 0 3.91 0.00000000 0.00000000 0.00 0.00 0.00 0.04 0.08 0.09 0.01 -0.00 0.00 92.95 94.22 90.04 
0 0 0 4.01 0.00000000 0.00000000 0.00 0.00 0.00 0.08 0.08 0.10 0.02 -0.01 0.00 94.30 94.86 90.05 
0 0 0 4.11 0.00000000 0.00000000 0.00 0.00 0.00 0.05 0.07 0.04 0.02 -0.01 0.00 92.98 93.99 90.04 
0 0 0 4.21 0.00000000 0.00000000 0.00 0.00 0.00 0.08 0.09 0.13 0.02 -0.00 0.00 94.80 95.04 90.03 
0 0 0 4.31 0.00000000 0.00000000 0.00 0.00 0.00 0.05 0.06 -0.00 0.02 -0.00 0.00 92.93 93.32 90.05 
0 0 0 4.41 0.00000000 0.00000000 0.00 0.00 0.00 0.07 0.08 0.04 0.01 -0.01 0.00 93.98 94.24 90.03 
0 0 0 4.51 0.00000000 0.00000000 0.00 0.00 0.00 0.15 0.11 0.12 0.01 -0.00 0.00 95.56 94.18 90.05 
0 0 0 4.62 0.00000000 0.00000000 0.00 0.00 0.00 0.06 0.08 0.09 0.02 -0.02 0.00 94.07 94.94 90.05 
0 0 0 4.72 0.00000000 0.00000000 0.00 0.00 0.00 0.07 0.09 0.10 0.01 -0.02 0.01 93.60 94.77 90.07 
0 0 0 4.82 0.00000000 0.00000000 0.00 0.00 0.00 0.05 0.06 -0.03 0.01 -0.01 0.00 93.17 93.73 90.03 
0 0 0 4.92 0.00000000 0.00000000 0.00 0.00 0.00 0.07 0.08 0.07 0.02 -0.01 0.00 94.11 94.40 90.03 
0 0 0 5.02 0.00000000 0.00000000 0.00 0.00 0.00 0.03 0.06 0.05 0.02 -0.01 0.00 92.68 93.79 90.04 
0 0 0 5.12 0.00000000 0.00000000 0.00 0.00 0.00 0.07 0.07 -0.02 0.01 -0.00 0.00 93.74 94.43 90.04 
0 0 0 5.22 0.00000000 0.00000000 0.00 0.00 0.00 0.06 0.09 0.10 0.01 -0.00 0.01 93.68 94.59 90.06 
0 0 0 5.32 0.00000000 0.00000000 0.00 0.00 0.00 0.06 0.07 0.01 0.02 -0.01 0.00 93.28 94.47 90.03 
0 0 0 5.42 0.00000000 0.00000000 0.00 0.00 0.00 0.07 0.08 0.06 0.01 -0.01 0.00 94.04 94.60 90.05 
0 0 0 5.52 0.00000000 0.00000000 0.00 0.00 0.00 0.06 0.07 0.01 0.01 -0.02 0.00 93.16 93.94 90.05 
0 0 0 5.63 0.00000000 0.00000000 0.00 0.00 0.00 0.07 0.07 -0.02 0.01 -0.02 0.00 93.59 94.32 90.04 
0 0 0 5.73 0.00000000 0.00000000 0.00 0.00 0.00 0.05 0.07 -0.01 0.01 0.00 0.00 93.48 93.95 90.03 
0 0 0 5.83 0.00000000 0.00000000 0.00 0.00 0.00 0.06 0.07 0.03 0.01 -0.00 0.00 93.85 93.85 90.04 
0 0 0 5.93 0.00000000 0.00000000 0.00 0.00 0.00 0.06 0.09 0.14 0.01 0.00 0.00 93.47 94.70 90.03 
0 0 0 6.03 0.00000000 0.00000000 0.00 0.00 0.00 0.06 0.07 0.01 0.01 -0.01 0.00 93.34 94.22 90.02 
0 0 0 6.13 0.00000000 0.00000000 0.00 0.00 0.00 0.07 0.08 0.06 0.01 -0.01 0.00 93.89 94.67 90.04 
0 0 0 6.23 0.00000000 0.00000000 0.00 0.00 0.00 0.06 0.08 0.06 0.01 -0.01 0.01 93.37 94.50 90.05 
0 0 0 6.33 0.00000000 0.00000000 0.00 0.00 0.00 0.06 0.08 0.09 0.01 -0.01 0.00 93.81 94.52 90.05 
0 0 0 6.43 0.00000000 0.00000000 0.00 0.00 0.00 0.07 0.07 -0.03 0.01 -0.02 0.01 93.68 94.15 90.07 
0 0 0 6.53 0.00000000 0.00000000 0.00 0.00 0.00 0.07 0.06 -0.02 0.01 -0.01 0.01 93.73 93.37 90.06 
0 0 0 6.63 0.00000000 0.00000000 0.00 0.00 0.00 0.06 0.08 0.05 0.01 -0.00 0.00 93.56 94.44 90.05 
0 0 0 6.73 0.00000000 0.00000000 0.00 0.00 0.00 0.06 0.07 0.05 0.01 -0.01 0.00 93.58 94.45 90.05 
0 0 0 6.84 0.00000000 0.00000000 0.00 0.00 0.00 0.06 0.07 -0.04 0.01 -0.02 0.00 93.29 94.47 90.05 
0 0 0 6.94 0.00000000 0.00000000 0.00 0.00 0.00 0.07 0.08 0.00 0.01 -0.01 0.00 93.82 94.38 90.04 
0 0 0 7.04 0.00000000 0.00000000 0.00 0.00 0.00 0.06 0.06 -0.06 0.01 -0.01 0.00 93.28 93.84 90.05 
0 0 0 7.14 0.00000000 0.00000000 0.00 0.00 0.00 0.06 0.07 0.00 0.01 -0.01 0.00 93.52 94.35 90.04 
0 0 0 7.24 0.00000000 0.00000000 0.00 0.00 0.00 0.06 0.08 0.03 0.01 -0.00 0.01 93.30 94.39 90.05 
0 0 0 7.34 0.00000000 0.00000000 0.00 0.00 0.00 0.06 0.08 0.10 0.02 -0.02 0.00 93.56 94.54 90.05 
0 0 0 7.44 0.00000000 0.00000000 0.00 0.00 0.00 0.06 0.07 0.01 0.02 -0.02 0.01 93.63 94.33 90.08 
0 0 0 7.54 0.00000000 0.00000000 0.00 0.00 0.00 0.06 0.07 -0.01 0.01 -0.01 0.00 93.91 94.16 90.04 
0 0 0 7.64 0.00000000 0.00000000 0.00 0.00 0.00 0.05 0.06 0.01 0.02 -0.04 -0.49 90.38 92.59 84.13 
0 0 0 7.74 0.00000000 0.00000000 0.00 0.00 0.00 0.07 0.13 0.22 0.02 -0.05 -0.83 92.92 94.79 80.06 
0 0 0 7.84 0.00000000 0.00000000 0.00 0.00 0.00 0.09 0.09 -0.15 0.03 -0.05 -0.66 93.05 93.84 82.02 
0 0 0 7.95 0.00000000 0.00000000 0.00 0.00 0.00 0.07 0.05 -0.56 0.02 0.02 0.00 93.96 92.28 90.01 
0 0 0 8.05 0.00000000 0.00000000 0.00 0.00 0.00 0.06 0.08 -0.41 0.01 0.01 0.00 94.69 94.87 90.04 
0 0 0 8.15 0.00000000 0.00000000 0.00 0.00 0.00 0.04 0.04 -0.45 0.04 -0.06 -0.09 91.04 95.62 89.18 
0 0 0 8.25 0.00000000 0.00000000 0.00 0.00 0.00 0.68 -0.03 -2.38 -0.13 -0.13 -0.57 86.77 96.68 83.64 
0 0 0 8.35 0.00000000 0.00000000 0.00 0.00 0.00 0.21 0.16 -2.20 -0.33 -0.35 -0.74 94.74 99.21 81.12 
0 0 0 8.45 0.00000000 0.00000000 0.00 0.00 0.00 0.20 -0.01 -1.70 -0.07 -0.06 -0.42 102.38 89.46 84.94 
0 0 0 8.55 0.00000000 0.00000000 0.00 0.00 0.00 -0.01 0.03 -0.76 0.31 -0.03 -0.05 88.71 93.49 89.41 
0 0 0 8.65 0.00000000 0.00000000 0.00 0.00 0.00 0.04 0.18 -0.18 0.10 0.07 -0.19 100.03 98.13 87.74 
0 0 0 8.75 0.00000000 0.00000000 0.00 0.00 0.00 0.00 0.06 -0.65 -0.27 -0.01 -0.25 87.17 92.06 86.94 
0 0 0 8.85 0.00000000 0.00000000 0.00 0.00 0.00 0.06 0.12 -0.99 -0.31 -0.28 -0.14 92.64 97.07 88.35 
0 0 0 8.95 0.00000000 0.00000000 0.00 0.00 0.00 0.02 -0.13 -1.20 -0.49 -0.58 -0.13 90.60 82.82 88.47 
0 0 0 9.06 0.00000000 0.00000000 0.00 0.00 0.00 -0.10 -0.09 -0.80 -0.61 -1.05 -0.16 84.89 83.63 88.13 
0 0 0 9.16 0.00000000 0.00000000 0.00 0.00 0.00 -0.16 -0.22 -0.94 -0.70 -1.01 -0.24 81.05 78.52 87.12 
0 0 0 9.26 0.00000000 0.00000000 0.00 0.00 0.00 -0.20 -0.31 -0.94 -0.21 -0.98 -0.24 77.82 72.75 87.14 
0 0 0 9.36 0.00000000 0.00000000 0.00 0.00 0.00 -0.18 -0.39 -1.13 0.26 -1.10 -0.26 79.97 66.84 86.93 
0 0 0 9.46 0.00000000 0.00000000 0.00 0.00 0.00 -0.20 -0.67 -1.22 0.13 -0.52 -0.09 81.62 57.32 88.64 
0 0 0 9.56 0.00000000 0.00000000 0.00 0.00 0.00 -0.16 -0.54 -0.94 -0.15 -0.06 -0.08 80.89 56.27 89.01 
0 0 0 9.66 0.00000000 0.00000000 0.00 0.00 0.00 -0.14 -0.56 -1.22 0.24 -0.27 -0.04 81.65 58.66 89.47 
0 0 0 9.76 0.00000000 0.00000000 0.00 0.00 0.00 -0.12 -0.63 -1.07 0.14 -0.31 -0.00 82.68 53.54 90.00 
0 0 0 9.86 0.00000000 0.00000000 0.00 0.00 0.00 -0.15 -0.65 -0.77 -0.00 -0.24 0.02 81.88 53.19 90.23 
0 0 0 9.97 0.00000000 0.00000000 0.00 0.00 0.00 -0.16 -0.64 -0.58 0.11 -0.18 -0.04 80.44 52.85 89.57 
0 0 0 10.07 0.00000000 0.00000000 0.00 0.00 0.00 -0.14 -0.70 -0.77 0.13 -0.10 -0.03 83.27 50.71 89.70 
0 0 0 10.17 0.00000000 0.00000000 0.00 0.00 0.00 -0.13 -0.71 -0.80 0.05 0.19 0.02 83.56 50.22 90.22 
0 0 0 10.27 0.00000000 0.00000000 0.00 0.00 0.00 -0.12 -0.59 -0.63 0.37 1.37 0.04 83.06 56.91 90.48 
0 0 0 10.37 0.00000000 0.00000000 0.00 0.00 0.00 -0.02 -0.32 -0.79 0.63 2.28 0.08 88.12 72.23 90.92 
0 0 0 10.47 0.00000000 0.00000000 0.00 0.00 0.00 0.05 -0.16 -1.01 0.60 1.67 0.03 92.40 80.95 90.34 
0 0 0 10.57 0.00000000 0.00000000 0.00 0.00 0.00 0.09 0.00 -0.92 0.43 1.24 -0.13 93.92 90.81 88.50 
0 0 0 10.68 0.00000000 0.00000000 0.00 0.00 0.00 0.11 0.08 -0.90 0.24 1.04 -0.36 96.38 93.67 85.66 
0 0 0 10.78 0.00000000 0.00000000 0.00 0.00 0.00 0.06 0.24 -0.64 0.14 0.94 -0.45 94.94 102.58 84.55 
0 0 0 10.88 0.00000000 0.00000000 0.00 0.00 0.00 0.09 0.34 -0.80 -0.02 0.93 -0.41 93.10 109.10 85.11 
0 0 0 10.98 0.00000000 0.00000000 0.00 0.00 0.00 0.10 0.46 -1.02 0.01 0.58 -0.29 95.04 116.05 86.53 
0 0 0 11.08 0.00000000 0.00000000 0.00 0.00 0.00 0.08 0.45 -1.02 -0.10 0.20 -0.11 94.97 115.97 88.70 
0 0 0 11.18 0.00000000 0.00000000 0.00 0.00 0.00 0.08 0.51 -1.08 -0.01 0.06 -0.01 93.82 118.05 89.85 
0 0 0 11.28 0.00000000 0.00000000 0.00 0.00 0.00 0.10 0.48 -1.18 0.06 0.16 0.09 95.05 117.88 91.12 
0 0 0 11.38 0.00000000 0.00000000 0.00 0.00 0.00 0.09 0.46 -1.08 0.14 0.13 0.25 95.81 116.80 92.97 
0 0 0 11.48 0.00000000 0.00000000 0.00 0.00 0.00 0.10 0.46 -1.02 0.06 0.04 0.05 94.73 115.66 90.65 
0 0 0 11.58 0.00000000 0.00000000 0.00 0.00 0.00 0.09 0.46 -1.01 -0.04 -0.10 -0.07 95.72 116.02 89.16 
0 0 0 11.68 0.00000000 0.00000000 0.00 0.00 0.00 0.13 0.47 -1.18 -0.03 -0.29 -0.10 97.25 117.09 88.83 
0 0 0 11.78 0.00000000 0.00000000 0.00 0.00 0.00 0.13 0.46 -1.18 -0.06 -0.15 0.01 97.22 116.40 90.14 
0 0 0 11.88 0.00000000 0.00000000 0.00 0.00 0.00 0.11 0.40 -1.18 -0.13 -0.42 0.02 95.76 112.11 90.40 
0 0 0 11.98 0.00000000 0.00000000 0.00 0.00 0.00 0.09 0.30 -1.17 -0.16 -1.47 0.06 95.18 107.22 90.67 
0 0 0 12.09 0.00000000 0.00000000 0.00 0.00 0.00 0.07 0.17 -1.21 -0.28 -0.51 0.07 93.38 99.73 90.87 
0 0 0 12.19 0.00000000 0.00000000 0.00 0.00 0.00 0.00 0.05 -1.04 -0.13 -1.06 0.04 88.38 92.03 90.44 
0 0 0 12.29 0.00000000 0.00000000 0.00 0.00 0.00 -0.01 0.01 -0.99 -0.02 -0.86 -0.13 89.55 88.60 88.49 
0 0 0 12.39 0.00000000 0.00000000 0.00 0.00 0.00 0.02 -0.11 -1.01 0.05 -1.36 -0.12 90.76 83.20 88.56 
0 0 0 12.49 0.00000000 0.00000000 0.00 0.00 0.00 0.05 -0.27 -1.24 -0.07 -1.26 -0.02 90.32 74.18 89.74 
0 0 0 12.59 0.00000000 0.00000000 0.00 0.00 0.00 0.06 -0.53 -1.34 -0.07 -1.34 0.10 90.02 59.25 91.05 
0 0 0 12.69 0.00000000 0.00000000 0.00 0.00 0.00 -0.01 -0.50 -0.82 0.01 -0.86 0.11 88.76 62.02 91.35 
0 0 0 12.80 0.00000000 0.00000000 0.00 0.00 0.00 -0.12 -0.62 -0.27 -0.07 -0.86 0.13 86.27 53.73 91.56 
0 0 0 12.90 0.00000000 0.00000000 0.00 0.00 0.00 -0.07 -0.65 -0.59 -0.10 -0.71 0.21 85.95 52.02 92.55 
0 0 0 13.00 0.00000000 0.00000000 0.00 0.00 0.00 -0.11 -0.84 -0.69 -0.13 -1.00 0.21 83.85 41.87 92.55 
0 0 0 13.10 0.00000000 0.00000000 0.00 0.00 0.00 -0.15 -0.95 -0.77 -0.12 -0.63 0.14 81.66 35.39 91.69 
0 0 0 13.20 0.00000000 0.00000000 0.00 0.00 0.00 -0.24 -0.95 -0.26 -0.12 -0.78 0.06 78.40 36.02 90.74 
0 0 0 13.30 0.00000000 0.00000000 0.00 0.00 0.00 -0.25 -1.07 -0.67 -0.09 -0.40 0.09 76.16 30.26 91.02 
0 0 0 13.40 0.00000000 0.00000000 0.00 0.00 0.00 -0.32 -1.08 -0.55 0.04 -0.02 0.05 71.87 30.55 90.58 
0 0 0 13.50 0.00000000 0.00000000 0.00 0.00 0.00 -0.25 -1.05 -0.70 0.29 0.57 0.02 75.01 31.86 90.26 
0 0 0 13.60 0.00000000 0.00000000 0.00 0.00 0.00 -0.17 -1.04 -0.93 0.40 1.28 0.08 79.72 28.30 90.92 
0 0 0 13.70 0.00000000 0.00000000 0.00 0.00 0.00 -0.11 -0.88 -0.91 0.18 1.31 0.09 85.18 36.39 91.12 
0 0 0 13.80 0.00000000 0.00000000 0.00 0.00 0.00 -0.17 -0.69 -0.33 0.01 1.08 0.06 80.63 51.41 90.77 
0 0 0 13.90 0.00000000 0.00000000 0.00 0.00 0.00 -0.16 -0.60 -0.71 -0.10 1.46 -0.05 82.41 58.78 89.66 
0 0 0 14.00 0.00000000 0.00000000 0.00 0.00 0.00 -0.15 -0.30 -0.69 -0.11 1.74 -0.17 81.43 71.74 88.34 
0 0 0 14.10 0.00000000 0.00000000 0.00 0.00 0.00 -0.11 -0.09 -0.77 0.04 1.38 -0.27 83.62 84.72 86.79 
0 0 0 14.20 0.00000000 0.00000000 0.00 0.00 0.00 -0.09 0.08 -1.09 0.04 0.61 -0.34 85.53 93.85 85.93 
0 0 0 14.31 0.00000000 0.00000000 0.00 0.00 0.00 -0.10 0.03 -1.20 0.03 0.27 -0.21 85.04 91.52 87.51 
0 0 0 14.41 0.00000000 0.00000000 0.00 0.00 0.00 -0.06 0.05 -1.13 0.85 0.23 -0.07 86.15 92.83 89.16 
0 0 0 14.51 0.00000000 0.00000000 0.00 0.00 0.00 0.05 0.10 -1.33 1.59 0.56 0.21 92.54 95.66 92.48 
0 0 0 14.61 0.00000000 0.00000000 0.00 0.00 0.00 0.25 0.18 -0.88 1.63 0.79 0.44 103.69 100.37 95.25 
0 0 0 14.71 0.00000000 0.00000000 0.00 0.00 0.00 0.40 0.14 -1.06 0.93 0.23 0.30 112.59 98.86 93.55 
0 0 0 14.81 0.00000000 0.00000000 0.00 0.00 0.00 0.43 0.09 -0.74 0.54 -0.12 -0.06 113.78 94.62 89.29 
0 0 0 14.91 0.00000000 0.00000000 0.00 0.00 0.00 0.48 0.14 -0.69 0.67 -0.16 -0.23 116.85 98.11 87.19 
0 0 0 15.01 0.00000000 0.00000000 0.00 0.00 0.00 0.65 0.30 -0.71 0.66 0.43 -0.17 125.45 106.10 87.96 
0 0 0 15.11 0.00000000 0.00000000 0.00 0.00 0.00 0.72 0.27 -0.97 -0.17 -0.18 -0.03 128.42 106.50 89.69 
0 0 0 15.21 0.00000000 0.00000000 0.00 0.00 0.00 0.50 0.22 -0.48 -0.54 -0.27 -0.01 118.51 103.01 89.83 
0 0 0 15.31 0.00000000 0.00000000 0.00 0.00 0.00 0.48 0.16 -0.74 -0.72 -0.22 -0.01 117.18 99.93 89.84 
0 0 0 15.41 0.00000000 0.00000000 0.00 0.00 0.00 0.37 0.14 -0.68 -0.94 -0.69 -0.22 109.50 99.32 87.78 
0 0 0 15.51 0.00000000 0.00000000 0.00 0.00 0.00 0.24 0.14 -0.73 -1.04 -0.29 -0.23 104.34 98.49 87.24 
0 0 0 15.61 0.00000000 0.00000000 0.00 0.00 0.00 0.10 0.09 -0.65 -1.15 -0.64 -0.26 97.08 95.79 86.91 
0 0 0 15.72 0.00000000 0.00000000 0.00 0.00 0.00 0.00 -0.01 -0.91 -1.09 -0.68 -0.24 90.68 89.95 87.15 
0 0 0 15.82 0.00000000 0.00000000 0.00 0.00 0.00 -0.09 -0.00 -0.83 -1.46 -0.07 -0.31 84.56 88.88 86.31 
0 0 0 15.92 0.00000000 0.00000000 0.00 0.00 0.00 -0.18 0.03 -1.46 -1.65 0.46 -0.21 80.30 90.55 87.48 
0 0 0 16.02 0.00000000 0.00000000 0.00 0.00 0.00 -0.44 0.06 -1.11 -1.24 0.19 -0.23 65.82 93.09 87.22 
0 0 0 16.12 0.00000000 0.00000000 0.00 0.00 0.00 -0.44 0.00 -1.46 -1.11 -0.22 -0.24 62.91 89.95 87.12 
0 0 0 16.22 0.00000000 0.00000000 0.00 0.00 0.00 -0.58 -0.03 -1.44 -1.06 -0.36 -0.24 56.06 88.44 87.14 
0 0 0 16.32 0.00000000 0.00000000 0.00 0.00 0.00 -0.69 0.06 -1.12 -1.05 -0.03 0.04 49.94 94.09 90.51 
0 0 0 16.42 0.00000000 0.00000000 0.00 0.00 0.00 -0.94 -0.00 -0.36 -0.54 -0.21 0.23 47.94 89.23 92.71 
0 0 0 16.52 0.00000000 0.00000000 0.00 0.00 0.00 -0.90 0.09 0.01 -0.43 0.22 0.16 51.93 94.69 91.92 
0 0 0 16.62 0.00000000 0.00000000 0.00 0.00 0.00 -0.89 -0.04 -1.08 -0.37 -0.19 -0.02 40.47 88.88 89.77 
0 0 0 16.72 0.00000000 0.00000000 0.00 0.00 0.00 -0.85 -0.01 -1.37 0.04 -0.20 -0.04 42.25 90.26 89.51 
0 0 0 16.83 0.00000000 0.00000000 0.00 0.00 0.00 -0.88 -0.07 -1.13 0.38 -0.02 0.13 37.22 89.06 91.42 
0 0 0 16.93 0.00000000 0.00000000 0.00 0.00 0.00 -0.91 -0.02 -0.58 0.57 0.08 0.27 36.87 87.00 93.21 
0 0 0 17.03 0.00000000 0.00000000 0.00 0.00 0.00 -0.71 0.01 -1.91 0.68 0.25 0.30 48.56 90.40 93.56 
0 0 0 17.13 0.00000000 0.00000000 0.00 0.00 0.00 -0.66 0.01 -1.32 1.06 0.20 0.14 51.58 91.56 91.64 
0 0 0 17.23 0.00000000 0.00000000 0.00 0.00 0.00 -0.50 0.04 -1.76 1.54 0.27 0.02 60.74 91.76 90.29 
0 0 0 17.33 0.00000000 0.00000000 0.00 0.00 0.00 -0.33 0.15 -1.80 1.72 0.57 0.23 70.05 98.97 92.80 
0 0 0 17.43 0.00000000 0.00000000 0.00 0.00 0.00 -0.28 0.10 -1.24 1.68 -0.79 0.46 73.63 99.25 95.81 
0 0 0 17.53 0.00000000 0.00000000 0.00 0.00 0.00 -0.03 0.06 -1.38 1.16 0.31 0.26 85.20 94.11 93.08 
0 0 0 17.63 0.00000000 0.00000000 0.00 0.00 0.00 0.02 0.16 -1.23 0.60 0.89 0.33 90.79 99.58 93.93 
0 0 0 17.73 0.00000000 0.00000000 0.00 0.00 0.00 0.02 0.06 -0.96 0.15 0.07 0.14 90.79 93.26 91.71 
0 0 0 17.83 0.00000000 0.00000000 0.00 0.00 0.00 0.05 0.04 -0.97 0.10 -0.48 -0.14 91.70 92.98 88.36 
0 0 0 17.93 0.00000000 0.00000000 0.00 0.00 0.00 0.04 0.06 -0.93 -0.24 -1.17 -0.24 91.54 94.46 87.09 
0 0 0 18.03 0.00000000 0.00000000 0.00 0.00 0.00 0.04 -0.05 -1.12 -0.14 -1.55 -0.22 91.44 87.48 87.33 
0 0 0 18.13 0.00000000 0.00000000 0.00 0.00 0.00 0.02 -0.18 -0.95 0.22 -2.00 -0.17 91.40 81.40 87.93 
0 0 0 18.23 0.00000000 0.00000000 0.00 0.00 0.00 0.07 -0.38 -0.68 0.22 -1.98 -0.15 94.58 69.27 88.21 
0 0 0 18.34 0.00000000 0.00000000 0.00 0.00 0.00 0.10 -0.58 -1.06 0.01 -1.87 0.19 96.65 57.60 92.26 
0 0 0 18.44 0.00000000 0.00000000 0.00 0.00 0.00 0.05 -0.76 -0.35 -0.07 -1.40 0.43 92.11 44.51 95.14 
0 0 0 18.54 0.00000000 0.00000000 0.00 0.00 0.00 -0.02 -0.92 -0.46 -0.02 -0.88 0.36 89.35 39.82 94.38 
0 0 0 18.64 0.00000000 0.00000000 0.00 0.00 0.00 -0.06 -1.06 -0.54 0.07 -0.62 0.26 88.61 28.93 93.11 
0 0 0 18.74 0.00000000 0.00000000 0.00 0.00 0.00 -0.18 -1.28 -0.75 0.06 -0.54 0.17 80.75 20.93 91.99 
0 0 0 18.84 0.00000000 0.00000000 0.00 0.00 0.00 -0.20 -1.28 -0.72 0.10 0.19 0.03 77.65 16.75 90.32 
0 0 0 18.94 0.00000000 0.00000000 0.00 0.00 0.00 -0.11 -1.09 -0.70 0.15 0.90 -0.04 83.61 27.32 89.48 
0 0 0 19.04 0.00000000 0.00000000 0.00 0.00 0.00 -0.07 -0.87 0.09 0.10 1.33 -0.23 86.04 40.14 87.30 
0 0 0 19.14 0.00000000 0.00000000 0.00 0.00 0.00 0.03 -0.65 -0.31 0.17 2.16 -0.22 91.22 53.38 87.34 
0 0 0 19.24 0.00000000 0.00000000 0.00 0.00 0.00 0.08 -0.45 -0.42 0.13 1.71 -0.25 93.27 66.03 87.00 
0 0 0 19.35 0.00000000 0.00000000 0.00 0.00 0.00 0.11 -0.22 -1.39 -0.10 3.05 -0.29 97.85 70.82 86.48 
0 0 0 19.45 0.00000000 0.00000000 0.00 0.00 0.00 0.02 0.11 -0.96 -0.12 2.98 -0.42 91.19 92.85 84.99 
0 0 0 19.55 0.00000000 0.00000000 0.00 0.00 0.00 0.02 0.29 -1.08 -0.03 1.52 -0.45 94.45 104.27 84.70 
0 0 0 19.65 0.00000000 0.00000000 0.00 0.00 0.00 0.10 0.52 -1.48 -0.10 1.34 0.16 95.82 119.03 91.96 
0 0 0 19.76 0.00000000 0.00000000 0.00 0.00 0.00 -0.02 0.62 -0.98 0.28 0.93 0.55 88.36 121.76 96.69 
0 0 0 19.86 0.00000000 0.00000000 0.00 0.00 0.00 0.10 0.63 -1.03 0.44 0.30 0.25 92.19 125.42 93.62 
0 0 0 19.96 0.00000000 0.00000000 0.00 0.00 0.00 0.12 0.67 -1.04 -0.15 -0.34 -0.22 96.70 128.27 87.42 
0 0 0 20.07 0.00000000 0.00000000 0.00 0.00 0.00 0.07 0.70 -1.01 -0.17 -0.06 -0.32 94.04 128.99 85.94 
0 0 0 20.17 0.00000000 0.00000000 0.00 0.00 0.00 0.10 0.67 -1.24 0.08 -0.25 -0.04 94.66 128.25 89.06 
0 0 0 20.27 0.00000000 0.00000000 0.00 0.00 0.00 0.14 0.59 -1.31 0.10 -0.27 -0.03 98.82 122.92 89.66 
0 0 0 20.37 0.00000000 0.00000000 0.00 0.00 0.00 0.10 0.57 -1.20 0.17 -0.54 0.05 95.83 122.15 90.30 
0 0 0 20.47 0.00000000 0.00000000 0.00 0.00 0.00 0.12 0.57 -1.23 0.03 -0.33 0.05 96.40 122.41 90.55 
0 0 0 20.57 0.00000000 0.00000000 0.00 0.00 0.00 0.11 0.46 -1.21 -0.16 -1.07 0.20 95.36 117.29 92.44 
0 0 0 20.68 0.00000000 0.00000000 0.00 0.00 0.00 0.05 0.35 -1.08 -0.27 -1.03 0.12 93.53 110.97 91.49 
0 0 0 20.78 0.00000000 0.00000000 0.00 0.00 0.00 0.03 0.25 -1.14 -0.42 -1.33 -0.08 91.93 105.42 89.09 
0 0 0 20.88 0.00000000 0.00000000 0.00 0.00 0.00 -0.01 0.05 -1.18 -0.33 -1.46 -0.14 89.73 93.25 88.28 
0 0 0 20.98 0.00000000 0.00000000 0.00 0.00 0.00 0.00 -0.04 -1.29 -0.12 -0.41 -0.14 89.85 87.33 88.36 
0 0 0 21.08 0.00000000 0.00000000 0.00 0.00 0.00 -0.02 -0.10 -1.17 0.17 0.06 0.14 89.07 84.25 91.64 
0 0 0 21.18 0.00000000 0.00000000 0.00 0.00 0.00 -0.04 -0.06 -1.00 0.24 0.47 0.14 89.03 87.08 91.71 
0 0 0 21.28 0.00000000 0.00000000 0.00 0.00 0.00 -0.03 -0.04 -1.02 0.03 0.39 -0.09 88.42 87.24 88.96 
0 0 0 21.38 0.00000000 0.00000000 0.00 0.00 0.00 -0.03 0.03 -1.05 -0.20 -0.35 -0.39 87.12 92.29 85.34 
0 0 0 21.48 0.00000000 0.00000000 0.00 0.00 0.00 -0.01 0.13 -1.52 -0.33 0.03 -0.33 89.83 97.01 86.03 
0 0 0 21.59 0.00000000 0.00000000 0.00 0.00 0.00 -0.06 0.17 -1.68 -0.22 -0.02 -0.08 86.64 99.61 88.58 
0 0 0 21.69 0.00000000 0.00000000 0.00 0.00 0.00 -0.09 -0.10 -1.33 0.56 0.14 0.14 85.00 96.79 91.04 
0 0 0 21.79 0.00000000 0.00000000 0.00 0.00 0.00 -0.02 0.24 -1.97 0.18 -0.15 0.46 89.34 97.84 94.95 
0 0 0 21.89 0.00000000 0.00000000 0.00 0.00 0.00 0.08 -0.08 -1.56 0.29 0.00 0.30 97.66 84.42 93.63 
0 0 0 22.00 0.00000000 0.00000000 0.00 0.00 0.00 0.05 0.08 -1.42 0.46 0.05 0.24 83.72 97.31 92.82 
0 0 0 22.10 0.00000000 0.00000000 0.00 0.00 0.00 0.07 0.12 -1.33 0.28 0.18 0.23 62.37 89.17 92.72 
0 0 0 22.20 0.00000000 0.00000000 0.00 0.00 0.00 0.20 0.05 -1.73 -0.05 -0.02 0.05 98.83 92.28 90.57 
0 0 0 22.30 0.00000000 0.00000000 0.00 0.00 0.00 -0.02 0.08 -0.83 0.01 -0.07 -0.02 90.22 94.28 89.81 
0 0 0 22.40 0.00000000 0.00000000 0.00 0.00 0.00 0.07 0.07 -1.24 0.02 -0.02 -0.09 93.10 93.79 88.90 
0 0 0 22.50 0.00000000 0.00000000 0.00 0.00 0.00 0.07 0.07 -1.22 0.01 0.01 -0.01 94.00 94.74 89.92 
0 0 0 22.60 0.00000000 0.00000000 0.00 0.00 0.00 0.05 0.07 -1.16 0.02 -0.02 0.00 93.26 94.03 90.05 
0 0 0 22.70 0.00000000 0.00000000 0.00 0.00 0.00 0.07 0.07 -1.24 0.01 -0.01 0.00 93.69 93.77 90.04 
0 0 0 22.80 0.00000000 0.00000000 0.00 0.00 0.00 0.07 0.07 -1.26 0.01 -0.01 0.01 93.84 94.05 90.06 
0 0 0 22.90 0.00000000 0.00000000 0.00 0.00 0.00 0.06 0.08 -1.22 0.01 -0.01 0.00 93.39 94.61 90.03 
0 0 0 23.01 0.00000000 0.00000000 0.00 0.00 0.00 0.06 0.07 -1.22 0.01 -0.01 0.00 93.28 93.80 90.05 
0 0 0 23.11 0.00000000 0.00000000 0.00 0.00 0.00 0.06 0.08 -1.23 0.01 -0.01 0.00 93.80 94.10 90.03 
0 0 0 23.21 0.00000000 0.00000000 0.00 0.00 0.00 0.06 0.06 -1.17 0.01 -0.02 0.00 93.74 94.30 90.05 
0 0 0 23.32 0.00000000 0.00000000 0.00 0.00 0.00 0.06 0.08 -1.21 0.01 0.00 0.00 93.63 93.84 90.05 
0 0 0 23.42 0.00000000 0.00000000 0.00 0.00 0.00 0.06 0.07 -1.25 0.01 -0.00 0.00 93.55 94.06 90.05 
0 0 0 23.52 0.00000000 0.00000000 0.00 0.00 0.00 0.07 0.07 -1.29 0.01 -0.02 0.00 94.16 94.15 90.04 
0 0 0 23.62 0.00000000 0.00000000 0.00 0.00 0.00 0.05 0.07 -1.14 0.00 -0.01 0.00 93.58 93.54 90.03 
0 0 0 23.72 0.00000000 0.00000000 0.00 0.00 0.00 0.04 0.07 -1.16 0.01 -0.04 0.00 94.26 94.37 90.05 
0 0 0 23.82 0.00000000 0.00000000 0.00 0.00 0.00 0.04 0.02 -1.17 -0.01 -0.10 -0.01 98.42 94.73 89.93 
0 0 0 23.92 0.00000000 0.00000000 0.00 0.00 0.00 0.08 0.08 -1.34 -0.01 -0.05 0.07 94.18 95.83 90.85 
0 0 0 24.03 0.00000000 0.00000000 0.00 0.00 0.00 0.00 -0.00 -1.02 -0.01 -0.02 0.15 94.85 94.59 91.67 
0 0 0 24.13 0.00000000 0.00000000 0.00 0.00 0.00 0.25 0.10 -2.05 0.02 -0.01 0.10 98.56 95.16 91.15 
0 0 0 24.23 0.00000000 0.00000000 0.00 0.00 0.00 0.08 0.00 -1.30 0.01 0.01 0.22 96.47 91.93 92.61 
0 0 0 24.33 0.00000000 0.00000000 0.00 0.00 0.00 0.11 0.05 -1.41 0.01 0.00 0.06 95.73 91.98 90.76 
0 0 0 24.43 0.00000000 0.00000000 0.00 0.00 0.00 0.18 0.02 -1.65 0.01 -0.02 0.01 97.15 92.00 90.07 
0 0 0 24.53 0.00000000 0.00000000 0.00 0.00 0.00 0.13 0.05 -1.47 0.01 -0.01 0.02 97.72 93.22 90.28 
0 0 0 24.63 0.00000000 0.00000000 0.00 0.00 0.00 0.13 0.03 -1.45 0.01 -0.00 0.13 97.09 93.88 91.53 
0 0 0 24.73 0.00000000 0.00000000 0.00 0.00 0.00 0.12 0.05 -1.42 0.01 -0.01 0.06 96.26 92.26 90.76 
