3.24 0.09 0.07 0.07 0.06 0.03 0.04 0.01 -0.02 0.00 95.26 93.11 90.04 
3.41 0.06 0.07 0.08 0.07 -0.01 0.03 0.02 -0.02 0.00 93.86 93.78 90.06 
3.51 0.08 0.06 0.08 0.07 0.01 0.01 0.02 -0.01 0.00 93.63 94.11 90.03 
3.61 0.07 0.06 0.07 0.07 0.02 0.03 0.01 -0.00 0.00 93.69 94.13 90.02 
3.71 0.07 0.07 0.08 0.07 -0.02 -0.02 0.01 -0.01 0.00 93.81 94.18 90.03 
3.81 0.07 0.06 0.07 0.07 -0.03 -0.03 0.02 -0.01 0.00 93.71 94.16 90.01 
3.91 0.08 0.06 0.08 0.07 -0.01 -0.01 0.02 -0.02 0.00 93.69 94.30 90.03 
4.01 0.06 0.06 0.07 0.07 -0.02 -0.02 0.01 -0.01 0.00 93.59 94.16 90.03 
4.12 0.06 0.07 0.08 0.07 0.14 0.14 0.01 -0.00 0.00 93.77 94.27 90.05 
4.22 0.07 0.06 0.07 0.07 -0.44 -0.07 0.01 -0.01 0.00 93.60 94.11 90.05 
4.32 0.07 0.06 0.07 0.07 -0.01 -0.01 0.01 0.00 0.00 93.68 94.12 90.02 
4.42 0.06 0.06 0.06 0.07 -0.04 0.14 0.01 -0.02 0.00 93.57 94.21 90.02 
4.53 0.07 0.06 0.06 0.07 -0.02 -0.02 0.02 -0.01 0.00 93.57 94.27 90.04 
4.63 0.06 0.07 0.09 0.07 -0.04 -0.05 0.01 -0.01 0.00 93.98 93.99 90.02 
4.74 0.08 0.06 0.09 0.07 -0.02 -0.01 0.01 -0.01 0.00 93.14 94.14 90.03 
4.84 0.06 0.06 0.06 0.07 -0.06 -0.05 0.01 -0.02 0.00 93.53 94.10 90.06 
4.94 0.02 0.06 0.06 0.08 -0.04 -0.05 0.02 -0.02 0.00 94.06 94.79 90.04 
5.04 0.06 0.07 0.00 0.06 -0.08 -0.07 0.01 -0.01 0.00 93.84 93.61 90.03 
5.15 0.05 0.06 0.07 0.07 0.00 -0.00 0.01 -0.01 0.00 93.43 93.88 90.05 
5.25 0.07 0.07 0.08 0.07 -0.03 -0.03 0.01 0.00 0.00 93.67 94.05 90.03 
5.36 0.07 0.07 0.06 0.07 -0.06 -0.05 0.01 -0.02 0.00 93.92 94.23 90.03 
5.46 0.07 0.06 0.07 0.07 -0.03 -0.03 0.02 -0.02 0.00 93.68 94.26 90.03 
5.56 0.06 0.06 0.08 0.08 -0.01 -0.01 0.01 -0.01 0.01 93.59 94.30 90.07 
5.66 0.07 0.06 0.06 0.07 -0.02 0.00 0.02 -0.02 0.00 93.67 94.26 90.04 
5.76 0.05 0.06 0.06 0.07 0.16 0.17 0.01 -0.01 0.01 93.55 94.12 90.07 
5.86 0.12 0.07 0.10 0.09 -0.06 -0.03 0.01 0.01 0.00 93.66 94.79 90.01 
5.97 0.06 0.07 0.07 0.08 -0.01 -0.01 0.01 -0.03 0.00 93.80 94.41 90.01 
6.07 0.06 0.06 0.06 0.07 -0.04 -0.04 0.01 -0.02 0.00 93.69 94.18 90.06 
6.17 0.07 0.06 0.07 0.07 -0.03 -0.05 0.01 0.00 0.00 93.67 94.15 90.04 
6.27 0.07 0.06 0.07 0.07 0.15 0.15 0.01 -0.01 0.00 93.63 94.03 90.04 
6.38 0.13 0.08 0.07 0.07 -0.11 -0.07 0.01 -0.01 0.00 94.02 94.02 90.03 
6.48 0.08 0.08 0.08 0.08 -0.11 -0.11 0.02 -0.01 0.00 94.47 94.38 90.01 
6.58 0.07 0.07 0.07 0.07 0.09 0.10 0.01 -0.01 0.00 93.83 94.30 90.02 
6.68 0.06 0.06 0.06 0.07 -0.02 -0.05 0.01 -0.02 0.00 93.66 94.15 90.04 
6.79 0.03 0.06 0.08 0.07 -0.03 -0.05 0.01 -0.00 0.00 93.91 93.95 90.04 
6.89 0.05 0.08 0.08 0.08 -0.09 -0.10 0.01 -0.01 0.01 94.50 94.57 90.06 
6.99 0.06 0.07 0.08 0.08 -0.02 -0.03 0.01 -0.01 0.00 93.84 94.34 90.04 
7.10 0.05 0.06 0.08 0.08 0.10 0.09 0.02 -0.00 0.00 93.69 94.26 90.05 
7.20 0.05 0.06 0.07 0.07 -0.01 -0.02 0.01 -0.01 0.00 93.57 94.07 90.01 
7.30 0.07 0.06 0.06 0.07 -0.03 -0.02 0.01 -0.02 0.00 93.59 94.20 90.05 
7.40 0.07 0.06 0.08 0.07 -0.03 0.12 0.02 0.01 0.00 93.58 94.14 90.02 
7.50 0.06 0.06 0.09 0.08 -0.01 -0.01 0.01 -0.00 0.00 93.58 94.45 90.03 
7.61 0.06 0.06 0.07 0.07 0.16 -0.00 0.01 -0.02 0.00 93.56 94.27 90.04 
7.71 0.06 0.06 0.08 0.08 -0.02 -0.03 0.01 -0.01 0.00 93.64 94.31 90.04 
7.81 0.06 0.06 0.07 0.07 -0.05 -0.05 0.01 -0.04 0.01 93.69 94.06 90.06 
7.92 0.08 0.07 0.08 0.07 -0.06 -0.05 0.01 -0.03 0.00 93.66 94.12 90.04 
8.02 0.03 0.06 0.10 0.07 -0.01 -0.04 0.01 0.01 0.00 93.65 93.94 90.03 
8.12 0.04 0.05 0.09 0.07 0.03 0.02 0.02 -0.02 0.01 92.94 93.67 90.02 
8.23 0.03 0.06 0.07 0.07 -0.01 -0.03 0.02 -0.02 0.00 93.69 94.33 90.07 
8.33 0.07 0.07 0.08 0.07 -0.03 -0.03 0.01 -0.01 0.00 93.80 94.10 90.05 
8.43 0.05 0.06 0.08 0.07 0.06 0.05 0.01 -0.00 0.00 93.60 94.05 90.05 
8.53 0.08 0.07 0.08 0.07 -0.03 -0.02 0.01 0.00 0.00 93.88 94.14 90.04 
8.64 0.07 0.07 0.07 0.07 -0.07 -0.02 0.02 -0.02 0.00 93.86 94.37 90.01 
8.74 0.07 0.07 0.06 0.07 0.07 0.08 0.02 -0.02 0.00 93.70 94.35 90.03 
8.85 0.06 0.06 0.08 0.08 -0.05 -0.05 0.01 -0.01 0.00 93.72 94.37 90.04 
8.95 0.06 0.06 0.08 0.08 -0.00 -0.01 0.00 -0.01 0.00 93.62 94.28 90.06 
9.05 0.06 0.06 0.07 0.07 -0.01 -0.01 0.01 -0.02 0.00 93.34 94.00 90.04 
9.15 0.07 0.06 0.07 0.07 -0.04 -0.03 0.01 -0.01 0.00 93.61 94.03 90.07 
9.26 0.06 0.06 0.08 0.07 0.14 0.14 0.01 -0.01 0.00 93.73 94.21 90.00 
9.36 0.06 0.06 0.06 0.07 0.00 0.00 0.01 -0.02 0.00 93.60 94.35 90.07 
9.46 0.06 0.06 0.07 0.07 -0.04 -0.04 0.01 -0.01 0.00 93.70 94.19 90.08 
9.56 0.06 0.06 0.08 0.07 -0.00 -0.01 0.02 0.00 0.00 93.73 94.02 90.03 
9.67 0.07 0.07 0.08 0.07 -0.03 -0.05 0.02 -0.01 0.01 93.75 94.10 90.05 
9.77 0.06 0.07 0.08 0.07 0.13 0.12 0.01 -0.01 0.00 93.99 94.18 90.03 
9.88 0.06 0.07 0.06 0.07 -0.04 -0.05 0.02 -0.03 0.01 93.99 93.84 90.05 
9.98 -0.05 0.01 0.03 0.08 0.21 0.20 -0.17 -0.19 -0.05 90.58 94.47 89.34 
10.08 0.14 0.14 0.00 0.06 -0.50 -0.50 -0.07 -0.20 -0.16 97.97 93.99 88.01 
10.19 0.79 0.27 -0.97 -0.18 -0.81 -0.69 -0.13 0.01 -0.19 100.32 87.53 87.65 
10.29 0.00 0.10 0.03 -0.03 -0.44 -0.50 -0.23 -0.75 -0.21 96.92 87.59 87.73 
10.39 -0.00 0.05 0.00 -0.03 -0.47 -0.48 -0.44 -0.66 -0.19 92.69 88.36 87.73 
10.49 0.01 -0.01 -0.09 -0.05 -0.20 -0.17 -0.02 -0.83 0.01 89.26 87.68 89.89 
10.59 -0.05 -0.04 -0.25 -0.14 0.20 0.32 0.14 -0.85 0.05 87.51 82.18 90.55 
10.69 -0.07 -0.05 -0.22 -0.21 0.22 0.21 -0.07 -0.60 -0.04 87.09 77.69 89.53 
10.80 -0.04 -0.06 -0.36 -0.27 0.45 0.55 0.22 -0.72 -0.02 86.51 75.43 89.68 
10.90 0.08 0.00 -0.41 -0.36 0.28 -0.03 0.15 -0.70 -0.02 89.53 69.88 89.83 
11.00 -0.04 -0.00 -0.52 -0.45 0.15 0.16 0.01 -0.41 0.05 90.39 65.10 90.51 
11.11 -0.03 -0.02 -0.46 -0.48 0.32 0.29 -0.01 -0.37 0.04 88.97 62.52 90.62 
11.21 0.07 -0.01 -0.60 -0.52 0.27 0.41 0.12 -0.39 0.03 88.42 61.11 90.39 
11.31 -0.07 -0.03 -0.57 -0.56 0.35 0.32 -0.05 -0.07 0.06 89.01 57.73 90.68 
11.42 -0.04 -0.03 -0.56 -0.56 0.29 0.29 0.03 -0.04 0.04 88.11 57.81 90.45 
11.52 -0.03 -0.02 -0.62 -0.58 0.36 0.39 0.07 -0.09 0.03 88.67 57.39 90.38 
11.62 -0.09 -0.03 -0.47 -0.57 0.42 -0.31 -0.08 0.04 0.01 89.17 56.39 90.20 
11.73 -0.04 -0.03 -0.56 -0.56 0.44 0.43 0.07 0.04 -0.01 88.33 57.68 90.07 
11.83 0.08 0.01 -0.69 -0.62 -0.01 0.08 0.03 0.55 0.10 89.59 55.09 90.76 
11.93 -0.04 -0.02 -0.32 -0.46 0.26 0.14 -0.13 2.44 0.33 89.11 61.97 94.07 
12.03 -0.01 -0.04 -0.02 -0.22 -0.01 -0.04 0.06 2.09 0.21 87.82 77.42 92.46 
12.14 -0.01 -0.06 -0.06 -0.09 0.10 0.16 0.22 0.81 0.15 85.94 84.20 91.94 
12.24 0.00 -0.03 0.13 0.02 0.23 0.20 0.36 0.94 0.10 87.66 90.41 91.02 
12.34 0.04 0.02 0.19 0.13 0.09 0.09 0.13 0.63 0.20 90.89 96.81 92.28 
12.45 0.25 0.06 0.24 0.23 0.08 0.22 -0.30 0.25 0.06 91.80 102.89 90.85 
12.55 -0.08 0.05 0.19 0.25 -0.18 -0.31 -0.38 0.12 -0.08 94.29 104.74 89.23 
12.65 -0.02 -0.02 0.28 0.24 -0.07 0.01 -0.14 0.06 -0.10 88.58 103.40 88.71 
12.76 -0.04 -0.04 0.25 0.26 -0.02 -0.01 -0.01 0.22 0.07 87.66 104.82 90.79 
12.86 -0.05 -0.05 0.26 0.26 -0.02 -0.02 0.08 0.05 0.09 87.08 104.81 91.13 
12.96 -0.04 -0.04 0.27 0.26 -0.03 -0.02 0.05 -0.18 0.03 87.44 104.94 90.34 
13.06 -0.05 -0.04 0.24 0.26 0.16 0.16 0.08 -1.07 0.03 87.56 104.84 90.34 
13.17 -0.09 -0.05 0.16 0.20 0.54 0.32 0.14 -0.93 0.07 87.37 101.94 90.80 
13.27 -0.08 -0.06 0.04 0.11 0.51 0.56 -0.02 -1.23 -0.01 86.59 96.69 89.96 
13.38 -0.06 -0.05 -0.09 -0.00 0.86 0.98 -0.08 -1.19 -0.07 87.34 90.73 89.22 
13.48 -0.03 -0.04 -0.24 -0.10 0.60 0.80 -0.13 -1.22 -0.11 87.65 84.00 88.70 
13.58 0.02 -0.03 -0.36 -0.24 1.06 1.40 -0.15 -1.07 -0.10 87.69 77.56 88.82 
13.69 -0.07 -0.07 -0.43 -0.37 0.44 0.52 -0.16 -1.02 -0.12 85.80 69.71 88.58 
13.79 -0.07 -0.07 -0.52 -0.47 0.72 0.81 -0.17 -0.49 0.03 85.93 63.42 90.29 
13.89 -0.19 -0.12 -0.66 -0.57 0.76 0.86 0.08 -0.39 0.04 83.60 58.02 90.52 
14.00 -0.18 -0.12 -0.63 -0.68 0.26 0.18 0.13 -0.37 0.00 83.68 50.40 90.06 
14.10 -0.06 -0.12 -0.62 -0.62 1.19 1.19 0.01 -0.27 0.01 82.24 54.43 90.15 
14.20 -0.15 -0.10 -0.68 -0.72 0.47 0.39 -0.04 -0.18 0.00 84.06 48.94 90.00 
14.31 -0.15 -0.13 -0.85 -0.71 0.57 0.72 -0.01 -0.40 -0.03 83.03 50.55 89.58 
14.41 -0.15 -0.15 -0.66 -0.68 1.14 1.11 0.04 0.11 -0.00 81.70 50.93 89.96 
14.51 -0.08 -0.13 -0.71 -0.71 0.69 0.71 0.09 0.39 0.03 81.73 49.19 90.41 
14.62 -0.11 -0.15 -0.70 -0.76 0.27 0.25 -0.00 1.09 0.04 81.35 45.51 90.46 
14.72 -0.14 -0.14 -0.49 -0.69 0.32 0.21 0.04 1.94 0.09 82.21 48.16 91.08 
14.82 -0.05 -0.11 -0.42 -0.57 0.15 0.13 0.04 1.68 -0.05 83.06 55.84 89.72 
14.93 -0.06 -0.10 -0.28 -0.42 -0.04 0.10 0.23 1.60 -0.12 83.95 64.15 88.65 
15.03 0.08 -0.02 0.04 -0.15 0.08 0.08 0.44 2.08 0.03 87.77 79.74 90.21 
15.13 0.00 0.03 0.11 0.06 0.01 -0.03 0.38 0.88 0.12 92.13 92.56 91.41 
15.24 0.11 0.05 0.18 0.12 0.12 0.13 0.11 0.48 -0.03 92.16 96.20 89.82 
15.34 -0.01 0.05 0.19 0.19 0.05 0.02 0.07 0.45 -0.08 93.42 101.15 89.03 
15.44 0.05 0.05 0.27 0.23 0.13 0.11 0.02 0.13 -0.09 92.59 102.87 88.94 
15.55 0.02 0.02 0.33 0.27 0.18 0.16 -0.05 -0.12 -0.06 91.28 104.58 89.32 
15.65 0.07 0.05 0.25 0.27 0.07 0.09 -0.03 -0.19 -0.03 92.59 105.49 89.66 
15.78 0.06 0.05 0.26 0.27 0.13 0.08 0.13 -0.02 0.04 92.86 105.25 90.48 
15.92 0.04 0.05 0.24 0.26 0.37 0.16 0.08 -0.63 0.00 92.78 104.99 90.03 
16.05 0.05 0.05 0.10 0.24 0.96 0.46 0.16 -0.95 -0.09 92.78 103.63 88.91 
16.18 0.12 0.06 -0.04 0.20 1.60 1.06 0.32 -1.18 -0.07 93.40 101.23 89.14 
16.28 0.13 0.08 -0.09 0.12 1.77 1.71 0.16 -1.10 0.11 94.06 98.93 91.08 
16.39 0.14 0.10 -0.22 -0.13 0.89 0.97 -0.07 -0.75 0.24 95.10 83.44 92.77 
16.49 0.22 0.13 -0.38 -0.28 0.69 0.42 -0.08 -0.60 0.22 97.63 73.77 92.60 
16.59 0.23 0.13 -0.44 -0.38 0.22 0.31 0.10 -0.69 0.01 96.20 68.98 90.39 
16.69 0.18 0.14 -0.48 -0.43 0.63 0.70 0.08 -0.71 -0.03 97.93 66.10 89.74 
16.80 0.08 0.15 -0.41 -0.44 1.36 0.93 -0.02 -0.77 -0.02 99.11 64.32 89.63 
16.90 0.17 0.14 -0.58 -0.52 0.98 1.06 0.02 -0.43 0.05 97.62 60.89 90.53 
17.00 0.16 0.15 -0.57 -0.60 0.64 0.61 0.12 0.23 0.05 98.52 55.40 90.57 
17.11 0.19 0.17 -0.54 -0.62 0.25 0.22 0.09 1.23 0.01 99.17 53.40 90.14 
17.21 0.09 0.15 -0.32 -0.48 0.15 0.06 -0.17 1.68 -0.06 98.55 62.23 89.26 
17.31 0.14 0.12 -0.11 -0.31 0.42 0.32 -0.15 1.90 -0.11 96.65 70.28 88.78 
17.41 0.07 0.10 0.06 -0.07 0.28 0.19 -0.04 1.44 -0.02 96.24 84.39 89.50 
17.51 0.09 0.10 0.17 0.08 0.19 0.35 0.39 1.05 0.03 95.87 93.86 90.37 
17.62 0.04 0.09 0.18 0.15 0.47 0.43 0.34 0.40 0.11 95.91 98.17 91.44 
17.72 0.18 0.17 0.21 0.18 0.14 0.13 0.06 0.55 -0.04 99.98 99.73 89.75 
17.82 0.15 0.16 0.31 0.24 0.23 0.20 0.02 0.62 -0.13 99.49 103.11 88.20 
17.92 0.20 0.17 0.26 0.27 0.17 0.18 0.21 -0.28 0.05 99.88 105.39 90.58 
18.02 0.18 0.19 0.33 0.30 0.30 0.29 0.07 0.04 0.01 100.93 107.01 90.08 
18.12 0.24 0.23 0.34 0.32 0.07 0.07 0.01 -0.09 -0.03 103.42 108.22 89.62 
18.23 0.21 0.21 0.27 0.30 0.31 0.31 0.06 -0.47 -0.05 102.29 107.72 89.41 
18.33 0.17 0.19 0.23 0.26 0.33 0.34 -0.03 -0.44 -0.06 101.16 105.26 89.40 
18.43 0.22 0.20 0.21 0.24 0.34 0.36 -0.05 -0.14 -0.00 101.42 104.13 89.74 
18.54 0.20 0.21 0.20 0.22 0.24 0.24 0.22 0.05 0.10 102.06 102.57 91.17 
18.64 0.14 0.22 0.15 0.19 0.23 0.21 0.13 -0.00 0.06 102.58 100.98 90.72 
18.74 0.15 0.20 0.20 0.20 0.40 0.37 -0.15 -0.69 -0.10 102.10 101.28 88.83 
18.84 0.31 0.22 0.11 0.14 0.36 0.43 -0.20 -0.97 -0.13 101.62 98.39 88.35 
18.95 0.14 0.20 -0.00 0.06 0.50 0.27 -0.26 -0.88 -0.11 101.77 94.09 88.71 
19.05 0.17 0.16 -0.11 -0.02 0.45 0.53 -0.20 -0.75 -0.10 99.00 90.02 88.79 
19.15 0.12 0.15 -0.12 -0.09 0.29 0.29 -0.26 -0.32 -0.08 98.85 85.06 88.97 
19.25 0.06 0.11 -0.18 -0.13 0.28 0.27 -0.10 -0.33 0.02 96.43 82.58 90.19 
19.35 0.09 0.09 -0.12 -0.15 0.43 0.42 -0.15 -0.34 -0.06 95.06 81.62 89.30 
19.46 0.08 0.09 -0.21 -0.16 0.51 0.55 0.04 -0.92 0.03 95.45 81.48 90.21 
19.56 0.06 0.09 -0.32 -0.25 0.99 1.12 0.15 -1.31 0.12 95.68 76.60 91.37 
19.66 0.08 0.10 -0.48 -0.37 1.37 1.50 0.21 -1.34 0.13 96.11 69.90 91.56 
19.76 0.02 0.09 -0.55 -0.53 1.00 1.01 -0.02 -0.75 0.05 95.52 59.76 90.61 
19.86 0.11 0.10 -0.61 -0.59 0.90 0.92 0.09 -0.59 0.05 95.39 56.22 90.59 
19.97 0.20 0.13 -0.67 -0.68 0.66 0.68 -0.02 -0.36 0.04 97.02 50.64 90.32 
20.07 0.17 0.15 -0.70 -0.71 0.82 0.82 0.03 -0.22 0.05 98.33 49.57 90.60 
20.17 0.13 0.13 -0.67 -0.74 0.69 0.62 0.00 0.02 0.01 97.49 46.91 90.13 
20.28 0.13 0.14 -0.74 -0.73 0.79 0.80 0.08 -0.13 0.02 98.11 48.31 90.25 
20.38 0.10 0.14 -0.77 -0.77 0.58 0.56 0.02 -0.05 0.03 98.36 45.58 90.36 
20.48 0.10 0.12 -0.70 -0.74 0.80 0.75 -0.04 0.00 0.03 97.36 46.92 90.39 
20.59 0.19 0.13 -0.77 -0.75 0.89 0.95 0.02 -0.13 0.01 97.01 47.52 90.09 
20.69 0.24 0.16 -0.77 -0.78 0.58 0.59 0.03 -0.01 0.03 98.29 45.50 90.25 
20.79 0.17 0.18 -0.97 -0.86 0.12 0.17 -0.01 0.59 0.00 100.06 40.90 90.05 
20.89 0.09 0.13 -0.71 -0.85 -0.14 0.01 -0.16 2.04 -0.15 97.88 39.80 88.30 
21.00 0.16 0.09 -0.13 -0.44 0.58 0.40 0.10 2.30 -0.17 94.76 61.82 87.67 
21.10 0.05 0.10 -0.13 -0.20 0.28 0.22 0.27 1.43 -0.09 96.47 77.67 88.86 
21.21 0.10 0.14 -0.01 -0.07 0.33 0.27 0.15 1.20 -0.11 98.08 85.30 88.77 
21.31 0.18 0.16 0.16 0.06 0.16 0.14 0.14 1.25 -0.03 98.63 92.61 89.56 
21.41 0.17 0.15 0.22 0.18 0.17 0.17 0.11 0.84 -0.01 98.38 100.04 89.94 
21.51 0.22 0.18 0.29 0.26 0.08 0.09 0.05 0.39 -0.06 100.51 104.67 89.32 
21.61 0.19 0.17 0.34 0.31 0.24 0.24 -0.09 0.48 -0.07 99.63 107.71 89.05 
21.72 0.14 0.16 0.37 0.36 0.10 0.09 -0.11 0.29 -0.05 99.16 110.33 89.32 
21.82 0.14 0.15 0.40 0.39 0.07 0.06 -0.05 -0.01 -0.02 98.66 112.35 89.70 
21.93 0.11 0.13 0.34 0.37 0.17 0.08 -0.04 -0.68 -0.05 97.64 111.63 89.42 
22.03 0.12 0.12 0.30 0.33 0.14 0.15 -0.09 -1.47 -0.15 97.13 108.82 88.15 
22.13 0.12 0.13 0.14 0.23 0.13 0.18 -0.35 -1.03 -0.17 97.85 104.17 87.87 
22.23 0.06 0.08 0.05 0.13 0.27 0.32 -0.32 -1.12 -0.15 94.60 97.70 88.19 
22.33 -0.10 0.03 -0.20 -0.01 0.26 0.29 -0.28 -1.19 -0.13 93.22 91.23 88.38 
22.43 -0.05 0.02 -0.19 -0.13 0.11 0.08 -0.15 -0.97 -0.09 91.84 83.16 88.77 
22.53 0.01 0.02 -0.29 -0.22 0.05 0.09 -0.16 -0.79 -0.08 91.05 77.87 89.04 
22.64 0.08 0.03 -0.42 -0.33 -0.24 -0.15 0.00 -0.51 -0.07 91.25 71.66 89.16 
22.74 0.00 -0.00 -0.39 -0.35 -0.03 -0.01 0.05 -0.44 -0.05 89.82 70.30 89.23 
22.84 0.03 0.00 -0.42 -0.37 0.33 0.40 0.12 -0.64 -0.02 89.98 69.06 89.73 
22.94 0.04 0.01 -0.58 -0.49 -0.01 0.05 0.06 -0.28 0.03 90.67 62.16 90.40 
23.04 -0.01 0.00 -0.47 -0.55 -0.10 -0.12 0.09 1.14 0.06 90.24 57.85 90.81 
23.15 -0.00 0.00 -0.20 -0.36 0.11 0.03 0.19 1.56 0.08 90.24 67.65 90.95 
23.25 0.07 0.00 -0.14 -0.20 0.14 0.15 0.51 1.15 0.15 89.35 77.78 91.80 
23.35 0.08 0.07 -0.06 -0.07 0.04 0.06 0.38 1.55 0.24 94.02 85.63 92.83 
23.45 0.09 0.10 0.11 0.07 0.15 0.13 0.31 1.06 0.26 95.79 93.81 93.13 
23.55 0.28 0.14 0.23 0.16 0.18 0.20 0.19 0.57 0.17 98.04 99.32 92.03 
23.65 0.16 0.13 0.25 0.22 0.21 0.22 0.13 0.43 0.13 97.33 102.44 91.60 
23.75 0.16 0.14 0.25 0.25 0.25 0.25 0.04 0.32 0.01 97.72 104.02 90.23 
23.86 0.16 0.17 0.32 0.28 0.17 0.16 -0.01 -0.01 -0.01 99.63 106.15 89.84 
23.96 0.20 0.16 0.30 0.28 0.14 0.15 -0.03 -0.11 -0.03 99.09 106.00 89.60 
24.07 0.13 0.14 0.26 0.26 0.18 0.13 -0.13 -0.65 -0.19 98.22 104.91 88.04 
24.17 0.10 0.12 0.16 0.22 0.16 0.17 -0.29 -0.88 -0.29 97.08 103.13 86.73 
24.27 0.04 0.08 0.08 0.15 0.26 0.28 -0.26 -0.96 -0.27 94.79 99.55 86.70 
24.37 0.12 0.10 0.05 0.09 0.02 0.06 -0.27 -1.11 -0.29 95.89 95.38 86.58 
24.47 0.05 0.08 -0.04 -0.00 0.21 0.20 0.02 -1.45 -0.07 95.11 90.25 89.10 
24.58 0.04 0.06 -0.33 -0.18 0.09 0.16 0.18 -1.37 0.06 93.58 81.20 90.91 
24.68 0.09 0.09 -0.46 -0.35 0.25 0.37 -0.04 -0.98 0.00 94.96 71.13 89.98 
24.78 0.07 0.06 -0.48 -0.45 0.42 0.46 -0.04 -0.53 0.03 93.08 64.62 90.33 
24.89 0.10 0.07 -0.55 -0.52 0.18 0.24 0.04 -0.57 0.02 93.61 60.65 90.32 
24.99 0.03 0.06 -0.53 -0.56 0.46 0.40 0.11 -0.39 0.05 93.87 57.62 90.56 
25.09 0.03 0.08 -0.82 -0.71 -0.07 -0.07 0.03 0.42 0.02 94.54 49.35 90.26 
25.19 0.05 0.09 -0.46 -0.61 -0.09 -0.15 -0.05 1.27 0.01 95.49 53.81 90.28 
25.30 0.04 0.05 -0.29 -0.40 0.09 0.30 0.19 1.35 0.01 93.26 65.68 90.10 
25.40 0.14 0.07 -0.18 -0.28 0.06 0.07 0.26 1.54 0.00 93.35 72.69 90.07 
25.50 0.10 0.11 0.03 -0.09 0.03 -0.01 0.17 1.64 0.10 96.19 83.49 91.10 
25.61 0.13 0.12 0.14 0.06 0.12 0.10 -0.02 1.27 0.12 96.71 92.80 91.44 
25.71 0.21 0.16 0.21 0.19 0.05 0.08 0.07 0.46 0.19 98.36 100.65 92.08 
25.81 0.14 0.16 0.25 0.22 -0.06 -0.08 0.15 0.55 0.17 98.97 102.77 92.07 
25.91 0.10 0.14 0.28 0.26 0.14 0.12 0.15 0.28 0.07 98.49 104.69 90.86 
26.01 0.06 0.14 0.27 0.29 0.10 0.15 -0.02 0.45 0.07 99.02 107.05 90.80 
26.12 0.10 0.15 0.34 0.33 0.13 0.11 -0.01 0.28 0.02 99.32 109.04 90.31 
26.22 0.19 0.17 0.38 0.37 0.10 0.11 0.04 0.01 0.01 99.25 111.03 90.10 
26.32 0.22 0.19 0.42 0.40 0.05 0.06 -0.01 0.05 0.03 100.85 112.49 90.31 
26.43 0.18 0.18 0.39 0.39 0.10 0.10 -0.04 -0.06 -0.02 100.63 112.39 89.83 
26.53 0.17 0.17 0.38 0.39 0.10 0.11 -0.02 -0.05 -0.01 100.01 112.22 89.84 
26.63 0.19 0.17 0.39 0.38 0.06 0.06 0.00 0.09 0.01 99.74 111.58 90.12 
26.73 0.16 0.16 0.40 0.38 0.10 0.10 0.02 -0.14 -0.00 98.92 111.77 90.01 
26.83 0.15 0.15 0.35 0.37 0.09 0.10 -0.04 -0.23 -0.04 98.38 110.94 89.46 
26.93 0.13 0.12 0.28 0.32 0.13 0.14 -0.13 -0.80 -0.22 97.05 108.77 87.60 
27.03 0.12 0.11 0.23 0.27 0.24 0.26 -0.16 -1.33 -0.25 96.38 106.10 86.79 
27.14 0.03 0.06 0.07 0.16 0.46 0.52 -0.12 -1.48 -0.16 93.89 100.38 87.86 
27.24 0.04 0.07 -0.02 0.03 -0.44 0.14 -0.04 -1.49 -0.04 94.00 91.88 89.48 
27.34 0.05 0.07 -0.23 -0.13 0.50 0.62 0.02 -1.19 0.00 93.93 83.32 89.99 
27.45 0.03 0.08 -0.37 -0.28 0.59 0.67 0.07 -0.95 0.04 95.26 75.03 90.45 
27.55 0.10 0.11 -0.48 -0.43 -0.07 -0.06 0.09 -0.60 0.02 96.55 65.52 90.35 
27.65 0.12 0.09 -0.53 -0.49 0.16 0.20 0.06 -0.15 0.03 95.02 62.26 90.35 
27.75 0.12 0.11 -0.48 -0.49 0.12 0.12 0.00 0.15 0.01 96.21 61.78 90.23 
27.86 0.11 0.10 -0.50 -0.48 0.15 0.17 0.06 0.33 0.01 95.56 62.70 90.12 
27.96 0.13 0.12 -0.43 -0.45 -0.06 0.05 0.04 0.90 0.02 96.89 64.08 90.23 
28.06 0.09 0.10 -0.20 -0.31 0.17 0.12 0.04 1.28 0.02 95.57 71.35 90.18 
28.16 0.05 0.07 -0.01 -0.15 0.19 0.13 0.11 1.32 0.01 94.14 80.19 90.19 
28.26 0.09 0.10 0.06 -0.02 0.20 0.16 0.12 1.22 0.10 96.00 88.10 91.13 
28.37 0.12 0.13 0.16 0.09 -0.02 -0.05 0.09 0.99 0.12 97.32 94.21 91.38 
28.47 0.10 0.12 0.22 0.17 0.07 0.04 0.09 0.69 0.08 96.92 99.49 91.01 
28.57 0.06 0.09 0.26 0.21 0.10 0.07 -0.03 0.58 0.04 95.53 101.27 90.56 
28.67 0.18 0.11 0.32 0.27 0.09 0.17 -0.05 0.15 0.00 96.43 105.55 90.02 
28.77 0.07 0.11 0.34 0.31 0.10 0.07 -0.05 0.03 -0.01 96.83 107.31 89.88 
28.87 0.14 0.13 0.30 0.32 0.01 0.02 -0.10 -0.23 -0.06 97.30 108.78 89.48 
28.98 0.12 0.10 0.29 0.29 0.08 0.09 -0.04 -0.79 -0.10 95.79 106.68 88.77 
29.08 0.13 0.11 0.19 0.24 0.10 0.14 -0.04 -0.67 -0.07 96.19 103.94 88.99 
29.18 0.02 0.07 0.13 0.16 0.11 0.12 -0.21 -0.21 -0.08 94.86 99.84 89.17 
29.29 0.09 0.09 0.17 0.16 -0.15 -0.16 -0.11 0.38 -0.01 95.41 98.83 89.79 
29.39 0.03 0.06 0.16 0.16 -0.01 -0.04 0.11 -0.54 0.02 93.72 99.42 90.21 
29.49 0.12 0.08 0.11 0.12 -0.06 -0.03 0.11 -0.37 -0.01 94.47 96.95 89.97 
29.59 0.06 0.10 0.06 0.09 -0.08 -0.10 -0.17 -0.03 -0.04 95.95 95.69 89.58 
29.70 0.00 0.06 0.05 0.08 -0.03 -0.06 -0.06 -0.11 -0.03 94.25 94.58 89.59 
29.80 0.07 0.08 0.06 0.06 -0.08 -0.09 0.00 -0.15 0.02 94.64 93.30 90.23 
29.90 0.05 0.07 0.04 0.05 -0.05 -0.02 -0.06 -0.08 0.01 94.09 92.76 90.25 
30.00 0.05 0.05 0.03 0.04 -0.03 -0.02 0.04 -0.07 0.02 92.83 92.55 90.23 
30.10 0.07 0.06 0.04 0.04 -0.03 -0.02 -0.01 -0.00 -0.00 93.43 92.36 89.99 
30.20 0.04 0.06 0.05 0.05 0.04 0.03 0.01 -0.10 0.02 93.58 92.66 90.16 
30.31 0.02 0.04 0.03 0.03 0.05 0.03 0.00 -0.11 0.02 92.75 91.64 90.23 
30.41 0.00 0.03 -0.01 0.01 0.11 0.10 -0.03 0.03 -0.01 92.28 90.96 89.86 
30.51 0.09 0.06 0.02 0.02 -0.17 -0.15 0.02 -0.04 0.00 93.30 91.10 89.97 
30.61 0.04 0.06 0.01 0.02 -0.02 -0.14 -0.02 -0.06 0.01 93.49 90.94 90.06 
30.72 0.04 0.05 0.00 0.02 0.00 0.00 0.02 -0.04 0.03 92.68 91.00 90.26 
30.82 0.03 0.04 0.01 0.01 -0.03 -0.04 0.03 -0.00 0.01 92.34 90.66 90.09 
30.92 0.04 0.04 0.02 0.01 0.10 0.10 0.02 0.02 0.01 92.03 90.62 90.16 
31.02 0.04 0.04 0.01 0.02 -0.02 -0.02 0.05 0.02 0.04 92.13 91.03 90.43 
31.12 0.04 0.05 -0.01 0.01 0.01 0.01 0.07 -0.00 0.03 92.91 91.06 90.34 
31.23 0.06 0.05 -0.09 -0.02 -0.01 0.02 0.07 -0.24 0.09 93.06 89.67 90.96 
31.33 0.12 0.09 0.05 -0.01 -0.14 -0.14 -0.07 0.22 0.03 95.13 88.70 90.52 
31.43 0.03 0.06 -0.03 -0.00 -0.05 -0.06 -0.20 0.20 0.02 93.60 90.01 90.36 
31.53 0.08 0.05 0.15 0.06 -0.09 -0.09 -0.02 -0.01 -0.06 92.96 93.40 89.33 
31.63 0.04 0.05 0.11 0.07 -0.11 -0.13 -0.07 -0.04 -0.01 93.17 93.40 89.67 
31.74 0.01 0.02 0.03 0.03 -0.04 -0.04 -0.20 0.23 0.06 90.96 91.94 90.77 
31.84 -0.03 -0.00 0.03 0.03 -0.07 -0.08 -0.06 0.22 0.03 89.75 91.49 90.36 
31.94 -0.09 0.13 0.13 -0.10 -0.60 -0.67 0.24 0.07 0.06 99.53 81.90 90.76 
32.04 0.06 0.14 0.02 0.01 -0.58 -0.71 0.27 -0.03 0.05 98.77 90.59 90.89 
32.15 1.29 0.28 -0.27 -0.02 -1.03 -0.52 0.43 0.33 -0.07 96.04 91.31 89.48 
32.25 0.38 0.54 0.33 -0.20 -1.17 -1.13 0.02 0.16 -0.11 122.47 73.36 88.34 
32.35 0.62 0.29 0.04 0.02 -1.01 -0.85 -0.02 -0.12 0.01 103.65 90.71 90.02 
32.46 0.02 0.11 0.04 0.06 -0.29 -0.35 0.02 -0.04 0.00 97.03 93.60 90.03 
32.56 0.16 0.17 0.19 0.03 -0.65 -0.59 0.01 0.06 -0.00 99.68 90.43 90.05 
32.66 0.05 0.09 0.07 0.07 -0.17 -0.20 0.00 0.01 0.00 95.33 94.12 90.01 
32.77 0.06 0.08 0.08 0.08 -0.23 -0.25 0.01 0.00 0.00 95.03 94.66 90.06 
32.87 0.01 0.06 0.04 0.08 -0.13 -0.15 0.00 0.01 0.00 93.95 94.92 90.02 
32.97 0.07 0.07 0.09 0.07 -0.18 -0.18 0.00 0.01 0.00 93.95 94.12 90.03 
33.08 0.07 0.07 0.08 0.08 -0.16 -0.14 0.01 0.01 0.00 93.82 94.37 90.03 
33.18 0.07 0.06 0.08 0.07 -0.17 -0.17 0.01 0.00 0.00 93.65 94.22 90.03 
33.29 0.06 0.06 0.08 0.08 -0.16 -0.17 0.02 -0.03 0.01 93.62 94.30 90.03 
33.39 0.07 0.07 0.08 0.07 -0.15 -0.15 0.03 0.00 0.00 93.75 94.06 90.04 
33.50 0.07 0.06 0.07 0.07 -0.15 -0.15 0.01 -0.01 0.00 93.60 94.24 90.04 
33.60 0.07 0.06 0.08 0.08 -0.15 -0.12 0.01 -0.02 0.00 93.68 94.31 90.07 
33.70 0.06 0.06 0.07 0.07 -0.11 -0.12 0.01 -0.01 0.00 93.59 94.18 90.02 
33.80 0.07 0.07 0.07 0.07 -0.14 -0.14 0.02 -0.01 0.00 93.77 94.14 90.05 
33.91 0.07 0.07 0.06 0.07 -0.17 -0.17 0.01 -0.01 0.00 93.78 94.26 90.03 
34.01 0.06 0.07 0.07 0.07 -0.14 -0.14 0.02 -0.02 0.00 93.73 94.10 90.03 
34.11 0.06 0.06 0.07 0.07 -0.13 -0.12 -0.01 -0.03 0.00 93.68 94.17 90.03 
34.21 0.07 0.06 0.06 0.07 -0.11 -0.11 0.01 0.02 0.00 93.47 93.88 90.02 
34.31 0.05 0.05 0.05 0.07 -0.06 -0.06 0.01 -0.01 0.00 93.03 94.07 90.04 
34.42 0.07 0.06 0.08 0.08 -0.09 -0.09 0.01 -0.01 0.00 93.53 94.31 90.05 
34.52 0.03 0.05 0.09 0.07 -0.06 -0.08 0.01 -0.01 0.00 93.21 94.11 90.05 
34.63 0.06 0.06 0.08 0.07 -0.13 -0.13 0.01 -0.00 0.00 93.52 94.18 90.03 
34.73 0.06 0.07 0.03 0.07 -0.12 -0.12 0.01 -0.02 0.00 93.86 94.25 90.03 
34.84 0.04 0.06 0.07 0.07 -0.04 -0.05 0.01 -0.02 0.00 93.41 94.20 90.04 
34.94 0.06 0.07 0.07 0.11 -0.11 -0.10 0.01 -0.01 0.00 94.26 96.02 90.01 
35.04 0.12 0.08 0.09 0.08 -0.18 -0.15 0.02 -0.01 0.01 94.15 94.55 90.04 
35.14 0.05 0.07 0.07 0.07 -0.14 -0.15 0.02 -0.01 0.00 94.25 94.09 90.03 
35.24 0.07 0.07 0.07 0.07 -0.15 -0.15 0.01 -0.00 0.00 94.01 94.05 90.05 
35.34 0.07 0.07 0.07 0.06 -0.20 -0.14 0.01 -0.01 0.00 93.86 93.68 90.03 
35.45 0.05 0.06 0.05 0.07 -0.13 -0.14 0.01 -0.02 0.00 93.86 94.26 90.05 
35.55 0.09 0.07 0.11 0.08 -0.15 -0.14 0.01 -0.01 0.00 93.84 94.51 90.04 
35.65 0.06 0.07 0.08 0.08 -0.13 -0.14 0.01 -0.00 0.00 93.87 94.31 90.01 
35.76 0.10 0.05 0.09 0.09 -0.06 -0.03 0.01 -0.01 0.00 93.00 95.29 90.04 
35.86 0.07 0.06 0.08 0.08 -0.12 -0.12 0.01 -0.01 0.00 93.41 94.49 90.03 
35.96 0.06 0.06 0.06 0.07 -0.11 -0.10 0.02 -0.01 0.00 93.44 94.18 90.04 
36.06 0.06 0.06 0.08 0.07 -0.14 -0.15 0.01 -0.02 0.01 93.62 94.15 90.07 
36.16 0.06 0.06 0.06 0.07 -0.13 -0.13 0.01 -0.03 0.00 93.51 93.92 90.05 
36.26 0.04 0.07 0.07 0.07 -0.12 -0.16 0.01 0.00 0.00 93.90 93.89 90.02 
36.37 0.05 0.07 0.04 0.07 -0.13 -0.13 0.02 -0.02 0.00 94.00 94.21 90.02 
36.47 0.08 0.05 0.09 0.08 -0.01 0.00 0.01 -0.02 0.01 92.42 94.57 90.05 
36.57 0.07 0.06 0.08 0.08 -0.08 -0.07 0.02 -0.01 0.00 93.51 94.42 90.05 
36.67 0.04 0.07 0.06 0.07 -0.12 -0.14 0.01 -0.01 0.00 93.96 94.18 90.04 
36.77 0.12 0.07 0.10 0.07 -0.14 -0.12 0.01 -0.02 0.00 94.27 94.26 90.05 
36.87 0.09 0.07 0.07 0.07 -0.15 -0.14 0.00 -0.01 0.00 94.13 94.09 90.05 
36.98 0.07 0.07 0.07 0.07 -0.11 -0.11 0.00 -0.01 0.00 93.72 94.06 90.02 
37.08 0.06 0.06 0.06 0.07 -0.11 -0.11 0.01 -0.02 0.00 93.70 94.23 90.04 
37.19 0.07 0.06 0.08 0.07 -0.10 -0.10 0.02 -0.01 0.00 93.67 94.14 90.04 
37.29 0.06 0.06 0.07 0.07 -0.10 -0.10 0.01 -0.01 0.00 93.69 94.11 90.04 
37.39 0.06 0.07 0.07 0.07 -0.12 -0.12 0.01 -0.02 0.00 93.84 94.21 90.06 
37.49 0.07 0.06 0.07 0.07 -0.12 -0.14 0.01 -0.02 0.00 93.70 94.09 90.05 
37.59 0.12 0.08 0.07 0.07 -0.14 -0.11 0.01 -0.00 0.00 94.32 94.02 90.03 
37.69 0.06 0.07 0.06 0.07 -0.14 -0.14 0.01 -0.03 0.00 94.04 94.27 90.05 
37.79 0.06 0.07 0.07 0.07 -0.10 -0.11 0.01 -0.03 0.01 93.77 94.05 90.07 
37.90 0.07 0.07 0.07 0.07 -0.14 -0.13 0.01 -0.00 0.00 93.70 93.99 90.01 
38.00 0.06 0.06 0.07 0.07 -0.09 -0.09 0.01 -0.01 0.00 93.68 94.14 90.00 
38.11 0.06 0.06 0.07 0.07 -0.10 -0.10 0.01 -0.01 0.00 93.59 94.22 90.04 
38.21 0.10 0.07 0.07 0.07 -0.12 -0.10 0.01 -0.02 0.00 93.66 94.25 90.04 
38.31 0.07 0.07 0.07 0.07 -0.13 -0.14 0.02 -0.01 0.00 94.12 94.02 90.03 
38.42 0.07 0.07 0.08 0.08 -0.10 -0.10 0.01 -0.00 0.00 93.95 94.32 90.03 
38.52 0.07 0.07 0.07 0.07 -0.09 -0.09 0.01 -0.01 0.00 93.75 94.24 90.02 
38.62 0.07 0.06 0.07 0.07 -0.13 -0.13 0.01 -0.01 0.00 93.68 94.02 90.03 
38.73 0.06 0.06 0.07 0.07 -0.09 -0.09 0.02 -0.01 0.00 93.68 93.96 90.02 
38.86 0.06 0.06 0.08 0.07 -0.23 -0.11 0.01 -0.00 0.00 93.61 94.06 90.03 
38.99 0.06 0.06 0.08 0.07 -0.11 -0.21 0.01 0.00 0.00 93.60 94.11 90.01 
39.12 0.06 0.06 0.08 0.07 -0.12 -0.11 0.01 -0.01 0.00 93.59 94.15 90.05 
39.25 0.06 0.06 0.07 0.07 -0.10 -0.11 0.01 -0.01 0.00 93.57 94.15 90.04 
39.36 0.06 0.06 0.07 0.07 -0.10 -0.10 0.01 -0.01 0.00 93.59 94.15 90.05 
39.46 0.07 0.06 0.08 0.07 -0.12 -0.12 0.01 -0.00 0.00 93.67 94.12 90.02 
39.56 0.06 0.06 0.08 0.07 -0.09 -0.13 0.01 -0.00 0.00 93.62 94.14 90.02 
39.66 0.07 0.07 0.07 0.08 -0.10 -0.10 0.01 -0.01 0.00 93.75 94.34 90.05 
39.77 0.07 0.07 0.07 0.07 -0.13 -0.13 0.02 -0.02 0.00 93.75 94.12 90.03 
39.87 0.06 0.06 0.07 0.07 -0.12 -0.12 0.01 -0.01 0.00 93.64 94.02 90.05 
39.98 0.05 0.06 0.07 0.07 -0.13 -0.14 0.01 -0.01 0.01 93.72 94.18 90.04 
40.08 0.06 0.06 0.07 0.07 -0.10 -0.10 0.01 -0.01 0.00 93.59 94.03 90.03 
40.18 0.06 0.06 0.08 0.07 -0.11 -0.11 0.01 -0.02 0.00 93.62 94.01 90.05 
40.28 0.07 0.07 0.07 0.07 -0.13 -0.12 0.01 -0.02 0.01 93.76 94.10 90.07 
40.39 0.06 0.06 0.07 0.07 -0.12 -0.13 0.02 -0.02 0.00 93.69 94.21 90.02 
40.49 0.07 0.06 0.09 0.07 -0.13 -0.13 0.01 0.00 0.00 93.69 94.18 90.04 
40.59 0.06 0.06 0.07 0.07 -0.12 -0.11 0.01 -0.02 0.00 93.66 94.17 90.05 
40.70 0.07 0.06 0.07 0.07 -0.14 -0.14 0.01 -0.01 0.00 93.70 94.10 90.05 
40.80 0.06 0.06 0.07 0.07 -0.12 -0.12 0.01 -0.02 0.00 93.69 94.17 90.05 
40.90 0.07 0.06 0.08 0.07 -0.11 -0.11 0.02 -0.01 0.00 93.64 94.11 90.05 
41.01 0.07 0.06 0.07 0.07 -0.13 -0.12 0.01 -0.00 0.00 93.64 94.09 90.04 
41.11 0.06 0.06 0.08 0.07 -0.11 -0.12 0.00 -0.00 0.00 93.57 94.23 90.03 
41.21 0.06 0.06 0.07 0.07 -0.12 -0.12 0.01 -0.02 0.00 93.56 94.19 90.03 
41.32 0.06 0.06 0.07 0.07 -0.13 -0.13 0.01 -0.01 0.00 93.62 94.16 90.02 
41.42 0.06 0.06 0.06 0.07 -0.12 -0.12 0.01 -0.01 0.00 93.74 94.26 90.05 
41.52 0.05 0.06 0.07 0.07 -0.11 -0.12 0.02 -0.01 0.00 93.66 94.10 90.04 
41.63 0.07 0.06 0.08 0.07 -0.13 -0.13 0.01 0.00 0.00 93.59 94.14 90.02 
41.73 0.06 0.06 0.08 0.07 -0.13 -0.13 0.01 -0.01 0.00 93.60 94.18 90.06 
41.83 0.06 0.06 0.07 0.07 -0.14 -0.14 0.01 -0.02 0.00 93.62 94.18 90.05 
41.94 0.06 0.06 0.07 0.07 -0.09 -0.09 0.01 0.00 0.00 93.45 94.10 90.02 
42.04 0.05 0.06 0.05 0.06 -0.14 -0.14 0.01 0.00 0.00 93.53 93.79 90.03 
42.14 0.11 0.07 0.08 0.07 -0.21 -0.18 0.01 -0.01 0.00 93.56 93.84 90.03 
42.24 0.07 0.06 0.07 0.07 -0.12 -0.12 0.01 -0.02 0.01 93.68 94.12 90.00 
42.35 0.07 0.07 0.07 0.07 -0.11 -0.10 0.02 -0.02 0.01 93.74 94.26 90.05 
42.45 0.06 0.06 0.07 0.07 -0.10 -0.10 0.01 -0.02 0.00 93.61 94.03 90.05 
42.55 0.06 0.06 0.07 0.07 -0.11 -0.10 0.01 -0.01 0.01 93.65 94.12 90.06 
42.65 0.07 0.06 0.07 0.07 -0.09 -0.09 0.01 -0.01 0.00 93.66 94.26 90.05 
42.76 0.06 0.06 0.07 0.07 -0.10 -0.10 0.02 -0.02 0.00 93.69 94.30 90.04 
42.86 0.06 0.06 0.07 0.07 -0.08 -0.08 0.02 -0.01 0.00 93.66 94.28 90.05 
42.96 0.06 0.06 0.07 0.07 -0.09 -0.09 0.01 -0.02 0.01 93.62 94.24 90.05 
43.07 0.07 0.06 0.08 0.07 -0.11 -0.11 0.01 -0.02 0.01 93.62 94.17 90.04 
43.17 0.06 0.06 0.07 0.07 -0.09 -0.09 0.01 0.00 0.00 93.65 94.16 90.03 
43.27 0.06 0.06 0.07 0.07 -0.11 -0.11 0.01 -0.02 0.01 93.66 94.21 90.02 
43.38 0.06 0.06 0.06 0.07 -0.07 -0.07 0.01 -0.02 0.00 93.68 94.24 90.05 
43.48 0.06 0.06 0.07 0.07 -0.10 -0.10 0.01 -0.02 0.01 93.63 94.13 90.06 
43.58 0.07 0.06 0.07 0.07 -0.11 -0.11 0.01 -0.01 0.01 93.60 94.03 90.04 
43.68 0.05 0.06 0.06 0.07 -0.09 -0.09 0.01 -0.01 0.00 93.38 93.85 90.05 
43.79 0.07 0.06 0.08 0.07 -0.11 -0.11 0.00 0.00 0.00 93.62 93.94 90.03 
43.89 0.07 0.07 0.07 0.07 -0.12 -0.12 0.02 0.00 0.00 93.72 94.15 90.04 
43.99 0.06 0.07 0.07 0.07 -0.13 -0.14 0.02 -0.02 0.00 93.85 94.01 90.05 
44.09 0.07 0.07 0.07 0.07 -0.14 -0.11 0.01 -0.01 0.00 93.71 94.14 90.03 
44.20 0.07 0.07 0.07 0.07 -0.11 -0.11 0.01 -0.00 0.00 93.74 94.15 90.04 
44.30 0.07 0.07 0.07 0.07 -0.14 -0.13 0.01 -0.01 0.00 93.80 94.17 90.03 
44.40 0.07 0.07 0.07 0.07 -0.12 -0.12 0.02 -0.02 0.00 93.83 94.23 90.03 
44.51 0.06 0.06 0.06 0.07 -0.11 -0.11 0.02 -0.02 0.00 93.66 94.16 90.03 
44.61 0.07 0.07 0.08 0.07 -0.13 -0.13 0.02 -0.02 0.00 93.84 94.13 90.01 
44.72 0.07 0.06 0.08 0.07 -0.12 -0.12 0.01 0.00 0.00 93.70 94.08 90.05 
44.82 0.07 0.06 0.07 0.07 -0.09 -0.09 0.01 -0.01 0.00 93.68 94.19 90.03 
44.92 0.10 0.06 0.07 0.06 -0.11 -0.08 0.01 -0.02 0.00 92.76 93.36 90.01 
45.03 0.07 0.06 0.06 0.07 -0.14 -0.13 0.01 -0.01 0.00 93.33 93.79 90.05 
45.13 0.06 0.06 0.07 0.07 -0.08 -0.08 0.01 -0.01 0.00 93.52 94.06 90.05 
45.23 0.05 0.06 0.08 0.07 -0.08 -0.09 0.01 0.00 0.00 93.57 94.23 90.04 
45.33 0.07 0.06 0.08 0.07 -0.12 -0.10 0.01 0.00 0.00 93.65 94.25 90.01 
45.44 0.07 0.06 0.06 0.07 -0.09 -0.09 0.01 -0.02 0.00 93.62 94.19 90.04 
45.54 0.06 0.06 0.07 0.07 -0.12 -0.12 0.02 -0.01 0.00 93.67 94.08 90.04 
45.64 0.07 0.07 0.08 0.07 -0.24 -0.24 0.01 -0.01 0.00 93.83 94.13 90.05 
45.75 0.06 0.06 0.08 0.07 -0.10 -0.10 0.01 -0.01 0.00 93.65 94.16 90.04 
45.85 0.07 0.06 0.08 0.07 -0.22 -0.12 0.01 -0.00 0.00 93.54 93.87 90.04 
45.96 0.07 0.06 0.06 0.07 -0.11 -0.10 0.02 -0.01 0.00 93.65 94.13 90.02 
46.06 0.06 0.06 0.06 0.07 -0.12 -0.12 0.02 -0.02 0.00 93.63 93.99 90.04 
46.16 0.06 0.06 0.07 0.07 -0.07 -0.07 0.01 -0.00 0.00 93.49 94.07 90.05 
46.26 0.07 0.06 0.07 0.07 -0.09 -0.09 0.01 -0.00 0.01 93.62 93.99 90.08 
46.36 0.10 0.07 0.08 0.07 -0.13 -0.11 0.02 -0.01 0.00 93.41 94.08 90.05 
46.47 0.05 0.06 0.05 0.07 -0.10 -0.11 0.01 -0.01 0.00 93.76 94.20 90.02 
46.57 0.08 0.07 0.07 0.07 -0.15 -0.14 0.02 -0.02 0.00 93.79 94.04 90.02 
46.68 0.11 0.06 0.11 0.08 -0.16 -0.13 0.01 -0.01 0.01 92.77 94.04 90.08 
46.78 0.06 0.06 0.08 0.07 -0.10 -0.10 0.01 0.00 0.00 93.30 94.24 90.03 
46.88 0.06 0.06 0.08 0.07 -0.11 -0.11 0.02 -0.01 0.00 93.52 94.26 90.02 
46.98 0.06 0.07 0.07 0.07 -0.11 -0.11 0.01 -0.02 0.01 93.78 94.24 90.05 
47.09 0.06 0.06 0.06 0.07 -0.08 -0.08 0.01 -0.02 0.00 93.64 94.17 90.05 
47.19 0.07 0.06 0.08 0.07 -0.12 -0.12 0.02 -0.01 0.00 93.71 94.20 90.04 
47.29 0.07 0.07 0.08 0.07 -0.10 -0.10 0.01 -0.01 0.00 93.76 94.18 90.03 
47.40 0.06 0.06 0.07 0.07 -0.13 -0.13 0.01 -0.00 0.00 93.67 94.12 90.05 
47.50 0.06 0.06 0.08 0.07 -0.10 -0.10 0.01 -0.01 0.00 93.68 94.22 90.03 
47.60 0.06 0.07 0.06 0.07 -0.12 -0.13 0.01 -0.02 0.00 93.73 94.29 90.03 
47.70 0.06 0.06 0.07 0.07 -0.12 -0.12 0.01 -0.01 0.00 93.72 94.16 90.04 
47.81 0.07 0.07 0.08 0.07 -0.12 -0.12 0.01 -0.01 0.00 93.75 94.08 90.03 
47.91 0.07 0.06 0.07 0.07 -0.11 -0.11 0.01 -0.01 0.00 93.60 94.12 90.07 
48.01 0.03 0.05 0.08 0.07 -0.04 -0.06 0.01 -0.00 0.00 93.05 94.30 90.03 
48.11 0.11 0.05 0.09 0.07 -0.07 -0.00 0.01 -0.01 0.00 92.34 94.00 90.05 
48.21 0.01 0.05 0.09 0.08 -0.03 -0.06 0.02 -0.01 0.00 92.82 94.63 90.02 
48.32 0.06 0.06 0.07 0.07 -0.12 -0.12 0.01 -0.01 0.00 93.29 94.31 90.04 
48.42 0.06 0.06 0.07 0.07 -0.11 -0.11 0.01 -0.01 0.00 93.50 94.04 90.02 
48.52 0.09 0.07 0.07 0.07 -0.15 -0.14 0.02 -0.01 0.00 93.63 94.00 90.03 
48.63 0.10 0.07 0.10 0.08 -0.11 -0.10 0.01 -0.01 0.00 93.99 94.03 90.05 
48.73 0.06 0.06 0.07 0.07 -0.10 -0.10 0.02 -0.02 0.01 93.72 94.28 90.06 
48.84 0.06 0.06 0.07 0.08 -0.11 -0.11 0.02 -0.01 0.00 93.71 94.37 90.06 
48.94 0.07 0.07 0.08 0.07 -0.11 -0.11 0.01 0.00 0.00 93.75 94.11 90.05 
49.04 0.06 0.06 0.07 0.07 -0.11 -0.11 0.01 -0.01 0.00 93.67 94.18 90.05 
49.14 0.06 0.06 0.08 0.07 -0.11 -0.11 0.01 -0.01 0.00 93.58 94.16 90.03 
49.25 0.06 0.06 0.08 0.07 -0.13 -0.13 0.01 -0.00 0.00 93.71 94.09 90.03 
49.35 0.07 0.06 0.07 0.07 -0.11 -0.11 0.01 -0.02 0.01 93.67 94.18 90.07 
49.45 0.07 0.06 0.07 0.07 -0.12 -0.12 0.01 -0.01 0.00 93.72 94.15 90.05 
49.56 0.06 0.06 0.07 0.07 -0.11 -0.11 0.02 -0.00 0.00 93.69 94.13 90.04 
49.66 0.07 0.06 0.06 0.07 -0.12 -0.12 0.02 -0.00 0.00 93.61 94.23 90.03 
49.76 0.06 0.06 0.06 0.07 -0.12 -0.12 0.01 -0.02 0.01 93.63 94.22 90.03 
49.86 0.07 0.06 0.07 0.07 -0.16 -0.11 0.01 -0.01 0.00 93.38 94.09 90.05 
49.97 0.06 0.06 0.07 0.07 -0.16 -0.16 0.01 -0.00 0.00 93.67 94.05 90.05 
50.07 0.06 0.06 0.07 0.07 -0.14 -0.14 0.01 -0.00 0.00 93.73 94.21 90.06 
50.18 0.07 0.07 0.06 0.07 -0.16 -0.16 0.01 -0.02 0.00 93.74 94.19 90.03 
50.28 0.07 0.06 0.07 0.07 -0.17 -0.17 0.01 -0.01 0.00 93.69 94.20 90.03 
50.38 0.05 0.07 0.05 0.07 -0.16 -0.17 0.01 -0.01 0.00 93.86 94.27 90.03 
50.49 0.06 0.06 0.08 0.07 -0.16 -0.17 0.01 -0.00 -0.00 93.66 94.11 90.03 
50.59 0.07 0.06 0.07 0.07 -0.15 -0.15 0.01 -0.01 0.00 93.72 94.27 90.03 
50.70 0.06 0.06 0.06 0.07 -0.17 -0.17 0.01 -0.01 0.01 93.71 94.22 90.03 
50.80 0.06 0.06 0.07 0.07 -0.13 -0.13 0.02 -0.01 0.00 93.69 94.12 90.04 
50.90 0.06 0.06 0.06 0.07 -0.15 -0.15 0.01 -0.01 0.00 93.57 94.00 90.03 
51.00 0.08 0.06 0.09 0.07 -0.23 -0.22 0.01 -0.00 0.00 93.61 93.68 90.05 
51.11 0.07 0.06 0.08 0.07 -0.09 -0.10 0.01 -0.01 0.00 93.47 93.92 90.03 
51.21 0.06 0.06 0.07 0.08 -0.16 -0.17 0.01 -0.01 0.00 93.67 94.37 90.05 
51.31 0.07 0.06 0.07 0.07 -0.11 -0.11 0.01 -0.01 0.00 93.66 94.32 90.05 
51.41 0.07 0.06 0.07 0.07 -0.13 -0.12 0.01 -0.01 0.00 93.62 94.09 90.03 
51.52 0.06 0.06 0.07 0.07 -0.09 -0.09 0.02 -0.01 0.00 93.62 94.11 90.04 
51.62 0.07 0.06 0.08 0.07 -0.11 -0.11 0.01 -0.00 0.00 93.71 94.18 90.03 
51.72 0.06 0.06 0.07 0.07 -0.14 -0.14 0.01 -0.01 0.00 93.73 94.16 90.03 
51.82 0.06 0.06 0.07 0.07 -0.11 -0.11 0.01 -0.01 0.00 93.60 94.13 90.03 
51.93 0.06 0.06 0.08 0.08 -0.10 -0.10 0.01 -0.02 0.00 93.58 94.28 90.05 
52.03 0.06 0.06 0.08 0.07 -0.08 -0.09 0.01 -0.01 0.00 93.59 94.10 90.08 
52.13 0.07 0.06 0.08 0.07 -0.11 -0.12 0.01 -0.01 0.00 93.70 94.12 90.04 
52.23 0.06 0.06 0.08 0.07 -0.10 -0.10 0.01 -0.01 0.00 93.59 94.14 90.04 
52.34 0.06 0.06 0.06 0.07 -0.15 -0.15 0.01 -0.02 0.00 93.62 94.22 90.03 
52.44 0.06 0.06 0.07 0.07 -0.11 -0.11 0.01 -0.02 0.00 93.62 94.15 90.04 
52.54 0.07 0.06 0.07 0.07 -0.12 -0.12 0.01 -0.01 0.01 93.72 94.12 90.08 
52.64 0.06 0.06 0.07 0.07 -0.14 -0.14 0.01 -0.00 0.01 93.60 94.18 90.06 
52.75 0.07 0.06 0.07 0.07 -0.11 -0.10 0.01 -0.00 0.00 93.58 94.21 90.01 
52.85 0.06 0.06 0.07 0.07 -0.10 -0.11 0.01 -0.01 0.00 93.63 94.24 90.03 
52.95 0.06 0.07 0.06 0.08 -0.11 -0.11 0.01 -0.01 0.00 93.74 94.30 90.04 
53.05 0.07 0.07 0.07 0.07 -0.13 -0.12 0.01 -0.02 0.00 93.78 94.15 90.05 
53.16 0.07 0.07 0.11 0.07 -0.11 -0.11 0.01 0.01 0.00 93.86 93.94 90.06 
53.26 0.04 0.06 0.06 0.08 -0.12 -0.13 0.01 -0.00 0.00 93.63 94.30 90.01 
53.36 0.06 0.06 0.07 0.07 -0.10 -0.11 0.01 -0.00 0.00 93.71 94.20 90.06 
53.46 0.07 0.06 0.08 0.07 -0.13 -0.13 0.01 -0.01 0.00 93.70 94.16 90.03 
53.56 0.01 0.06 0.07 0.07 -0.12 -0.16 0.02 -0.01 0.00 94.13 94.14 90.03 
53.67 0.12 0.07 0.06 0.07 -0.12 -0.08 0.01 -0.01 0.00 93.30 94.04 90.03 
53.77 0.13 0.08 0.09 0.07 -0.23 -0.19 0.01 0.00 0.00 93.84 94.12 89.99 
53.88 0.07 0.07 0.07 0.08 -0.15 -0.15 0.02 -0.01 0.00 93.82 94.41 90.05 
53.98 0.07 0.07 0.08 0.08 -0.15 -0.16 0.01 -0.02 0.01 93.74 94.31 90.06 
54.08 0.06 0.06 0.07 0.07 -0.19 -0.14 0.02 -0.02 0.01 93.61 94.22 90.04 
54.18 0.06 0.06 0.06 0.07 -0.17 -0.17 0.02 -0.02 0.01 93.59 94.10 90.05 
54.28 0.06 0.06 0.06 0.07 -0.17 -0.17 0.02 -0.01 0.00 93.66 93.99 90.03 
54.39 0.06 0.06 0.07 0.07 -0.12 -0.13 0.01 0.00 0.00 93.62 94.10 90.05 
54.49 0.12 0.08 0.10 0.07 -0.12 -0.10 0.01 -0.01 0.00 93.93 93.98 90.01 
54.60 0.12 0.08 0.05 0.07 -0.24 -0.21 0.01 -0.02 0.00 94.23 94.07 90.05 
54.70 0.14 0.09 0.09 0.08 -0.23 -0.20 0.01 -0.01 0.00 94.96 94.33 90.03 
54.80 0.05 0.07 0.09 0.07 -0.17 -0.18 0.01 -0.01 0.00 93.95 93.89 90.02 
54.91 0.09 0.07 0.07 0.08 -0.17 -0.16 0.01 -0.01 0.01 93.78 94.35 90.04 
55.01 0.06 0.07 0.07 0.07 -0.13 -0.14 0.02 -0.02 0.00 93.81 94.28 90.03 
55.11 0.06 0.06 0.07 0.07 -0.14 -0.12 0.01 -0.02 0.00 93.64 94.16 90.04 
55.22 0.06 0.06 0.07 0.07 -0.09 -0.09 0.01 -0.01 0.00 93.61 94.15 90.05 
55.32 0.07 0.06 0.07 0.07 -0.13 -0.13 0.01 -0.01 0.00 93.53 94.15 90.05 
55.42 0.07 0.07 0.07 0.07 -0.12 -0.11 0.01 -0.01 0.00 93.67 94.17 90.03 
55.53 0.07 0.07 0.07 0.07 -0.15 -0.14 0.01 -0.02 0.00 93.71 94.13 90.05 
55.63 0.06 0.07 0.08 0.07 -0.44 -0.18 0.01 -0.02 0.01 93.75 94.12 90.05 
55.74 0.06 0.07 0.09 0.07 -0.17 -0.18 0.02 -0.02 0.00 94.06 94.06 90.05 
55.84 0.06 0.06 0.07 0.07 -0.12 -0.12 0.00 -0.00 0.00 93.66 94.22 90.04 
55.94 0.07 0.06 0.08 0.07 -0.13 -0.13 0.01 -0.00 0.00 93.65 94.10 90.04 
56.04 0.07 0.06 0.07 0.07 -0.10 -0.10 0.01 -0.02 0.00 93.60 94.14 90.03 
56.14 0.06 0.06 0.07 0.07 -0.13 -0.13 0.02 -0.02 0.01 93.64 94.10 90.06 
56.25 0.09 0.07 0.08 0.07 -0.17 -0.15 0.02 -0.02 0.00 94.17 94.09 90.03 
56.35 0.06 0.06 0.09 0.07 -0.22 -0.18 0.01 0.00 0.00 93.61 93.95 90.05 
56.45 0.07 0.07 0.07 0.07 -0.18 -0.18 0.01 0.00 0.00 93.88 94.10 90.03 
56.55 0.07 0.06 0.07 0.07 -0.15 -0.15 0.02 -0.01 0.00 93.69 94.22 90.02 
56.66 0.06 0.06 0.07 0.07 -0.14 -0.14 0.02 -0.02 0.00 93.63 94.15 90.02 
56.76 0.07 0.07 0.06 0.07 -0.14 -0.14 0.02 -0.01 0.00 93.75 94.11 90.04 
56.86 0.07 0.07 0.07 0.07 -0.12 -0.12 0.01 -0.01 0.00 93.76 94.10 90.05 
56.96 0.06 0.06 0.07 0.07 -0.14 -0.14 0.02 -0.00 0.00 93.74 94.09 90.06 
57.06 0.06 0.07 0.07 0.07 -0.14 -0.15 0.01 -0.00 0.00 93.85 94.10 90.02 
57.17 0.06 0.06 0.07 0.07 -0.11 -0.11 0.01 -0.01 0.00 93.63 94.16 90.03 
57.27 0.06 0.06 0.09 0.07 -0.11 -0.12 0.01 -0.01 0.00 93.57 94.26 90.06 
57.37 0.07 0.07 0.07 0.07 -0.11 -0.11 0.02 -0.01 0.00 93.74 94.18 90.04 
57.47 0.06 0.06 0.07 0.07 -0.18 -0.18 0.02 -0.01 0.00 93.68 94.15 90.04 
57.57 0.06 0.06 0.08 0.07 -0.10 -0.11 0.00 -0.00 0.00 93.57 94.19 90.03 
57.68 0.06 0.06 0.07 0.07 -0.12 -0.12 0.01 -0.01 0.01 93.60 94.20 90.07 
57.78 0.06 0.06 0.08 0.07 -0.15 -0.16 0.01 -0.00 0.00 93.61 94.24 90.05 
57.88 0.07 0.06 0.07 0.07 -0.15 -0.15 0.01 -0.02 0.00 93.63 94.23 90.02 
57.98 0.06 0.06 0.06 0.07 -0.13 -0.13 0.01 -0.02 0.00 93.66 94.16 90.05 
58.08 0.06 0.06 0.06 0.07 -0.12 -0.12 0.02 -0.02 0.00 93.51 94.21 90.02 
58.18 0.07 0.06 0.08 0.07 -0.14 -0.14 0.01 -0.01 0.00 93.53 94.09 90.05 
58.28 0.07 0.07 0.07 0.07 -0.13 -0.12 0.01 -0.01 0.00 93.72 94.19 90.04 
58.39 0.07 0.07 0.07 0.07 -0.12 -0.12 0.01 -0.01 0.00 93.69 94.23 90.03 
58.49 0.06 0.06 0.07 0.07 -0.12 -0.12 0.02 -0.02 0.00 93.68 94.23 90.03 
58.59 0.05 0.06 0.02 0.06 -0.11 -0.10 0.01 -0.02 0.00 93.29 93.68 90.06 
58.70 0.07 0.06 0.09 0.07 -0.10 -0.10 0.01 -0.00 0.00 93.08 93.86 90.05 
58.80 0.06 0.07 0.08 0.07 -0.13 -0.13 0.01 -0.01 0.00 93.84 94.13 90.03 
58.90 0.07 0.07 0.07 0.07 -0.21 -0.21 0.02 -0.01 0.00 93.83 94.25 90.03 
59.00 0.06 0.06 0.07 0.07 -0.22 -0.17 0.01 -0.01 0.00 93.68 94.12 90.04 
59.11 0.06 0.06 0.06 0.07 -0.19 -0.19 0.01 -0.02 0.00 93.68 94.10 90.05 
59.21 0.12 0.08 0.07 0.06 -0.24 -0.22 0.01 0.01 0.00 94.37 93.58 90.02 
59.31 0.03 0.07 0.05 0.07 -0.14 -0.16 0.02 -0.01 0.01 94.16 93.92 90.03 
59.42 0.07 0.09 0.11 0.08 -0.22 -0.24 0.01 -0.01 0.00 95.33 93.90 90.06 
59.52 0.07 0.07 0.06 0.07 -0.17 -0.16 0.01 -0.02 0.00 94.21 94.24 90.05 
59.63 0.10 0.07 0.09 0.08 -0.16 -0.14 0.02 -0.01 -0.00 93.73 94.37 90.01 
59.73 0.07 0.07 0.09 0.08 -0.16 -0.15 0.02 -0.01 -0.00 94.08 94.48 89.99 
59.83 -0.04 0.06 0.05 0.07 -0.08 -0.15 0.01 -0.03 0.00 93.36 94.14 90.04 
59.93 0.03 0.05 0.06 0.07 -0.09 -0.10 0.01 -0.01 0.00 93.35 94.16 90.03 
60.03 0.09 0.06 0.05 0.07 -0.18 -0.16 0.01 0.00 0.00 93.34 93.91 90.02 
60.14 0.07 0.06 0.08 0.08 -0.13 -0.12 0.01 -0.01 0.00 93.35 94.47 90.07 
60.24 0.06 0.06 0.08 0.07 -0.11 -0.13 0.02 -0.01 0.00 93.42 94.15 90.02 
60.34 0.06 0.06 0.06 0.07 -0.13 -0.14 0.01 -0.01 0.00 93.68 94.23 90.04 
60.44 0.07 0.07 0.07 0.07 -0.16 -0.13 0.01 0.00 0.00 93.75 94.14 90.03 
60.54 0.07 0.06 0.09 0.07 -0.20 -0.20 0.01 0.01 0.00 93.48 94.09 90.02 
60.65 0.06 0.06 0.07 0.07 -0.16 -0.16 0.02 -0.02 0.00 93.55 94.34 90.03 
60.75 0.13 0.07 0.11 0.08 -0.21 -0.18 0.01 -0.02 0.01 94.02 94.45 90.07 
60.85 0.04 0.06 0.08 0.07 -0.18 -0.19 0.01 -0.01 0.00 93.73 94.10 90.05 
60.96 0.12 0.06 0.10 0.08 -0.15 -0.14 0.01 -0.01 0.00 93.03 94.24 90.03 
61.06 0.06 0.06 0.07 0.07 -0.14 -0.14 0.01 -0.01 0.01 93.63 94.24 90.00 
