0 0 0 0 0 0 1.71 0 0.00000000 0.00000000 0.00 0.00 0.00 0.00 0.00 0.00 
0 0 0 0 0 0 1.93 0 0.00000000 0.00000000 0.00 0.00 0.00 0.00 0.00 0.00 
0 0 0 0 0 0 2.06 0 0.00000000 0.00000000 0.00 0.00 0.00 26.45 -54.57 0.00 
0 0 0 0 0 0 2.14 0 0.00000000 0.00000000 0.00 0.00 0.00 26.45 -54.57 0.00 
0 0 0 0 0 0 2.16 0 0.00000000 0.00000000 0.00 0.00 0.00 26.45 -54.57 0.00 
0 0 0 0 0 0 2.19 0 0.00000000 0.00000000 0.00 0.00 0.00 26.45 -54.57 0.00 
0 0 0 0 0 0 2.21 0 0.00000000 0.00000000 0.00 0.00 0.00 26.45 -54.57 0.00 
0 0 0 0 0 0 2.24 0 0.00000000 0.00000000 0.00 0.00 0.00 26.45 -54.57 0.00 
0 0 0 0 0 0 2.26 0 0.00000000 0.00000000 0.00 0.00 0.00 26.45 -54.57 0.00 
0 0 0 0 0 0 2.28 0 0.00000000 0.00000000 0.00 0.00 0.00 26.45 -54.57 0.00 
0 0 0 0 0 0 2.31 0 0.00000000 0.00000000 0.00 0.00 0.00 26.45 -54.57 0.00 
0 0 0 0 0 0 2.33 0 0.00000000 0.00000000 0.00 0.00 0.00 26.45 -54.57 0.00 
0 0 0 0 0 0 2.35 0 0.00000000 0.00000000 0.00 0.00 0.00 26.45 -54.57 0.00 
0 0 0 0 0 0 2.37 0 0.00000000 0.00000000 0.00 0.00 0.00 26.45 -54.57 0.00 
0 0 0 0 0 0 2.40 0 0.00000000 0.00000000 0.00 0.00 0.00 26.45 -54.57 0.00 
0 0 0 0 0 0 2.42 0 0.00000000 0.00000000 0.00 0.00 0.00 26.45 -54.57 0.00 
0 0 0 0 0 0 2.45 0 0.00000000 0.00000000 0.00 0.00 0.00 26.45 -54.57 0.00 
0 0 0 0 0 0 2.47 0 0.00000000 0.00000000 0.00 0.00 0.00 26.45 -54.57 0.00 
0 0 0 0 0 0 2.49 0 0.00000000 0.00000000 0.00 0.00 0.00 26.45 -54.57 0.00 
0 0 0 0 0 0 2.51 0 0.00000000 0.00000000 0.00 0.00 0.00 26.45 -54.57 0.00 
0 0 0 0 0 0 2.54 0 0.00000000 0.00000000 0.00 0.00 0.00 26.45 -54.57 0.00 
0 0 0 0 0 0 2.56 0 0.00000000 0.00000000 0.00 0.00 0.00 26.45 -54.57 0.00 
0 0 0 0 0 0 2.59 0 0.00000000 0.00000000 0.00 0.00 0.00 26.45 -54.57 0.00 
0 0 0 0 0 0 2.61 0 0.00000000 0.00000000 0.00 0.00 0.00 26.45 -54.57 0.00 
0 0 0 0 0 0 2.63 0 0.00000000 0.00000000 0.00 0.00 0.00 26.45 -54.57 0.00 
0 0 0 0 0 0 2.65 0 0.00000000 0.00000000 0.00 0.00 0.00 26.45 -54.57 0.00 
0 0 0 0 0 0 2.68 0 0.00000000 0.00000000 0.00 0.00 0.00 26.45 -54.57 0.00 
0 0 0 0 0 0 2.70 0 0.00000000 0.00000000 0.00 0.00 0.00 26.45 -54.57 0.00 
0 0 0 0 0 0 2.73 0 0.00000000 0.00000000 0.00 0.00 0.00 26.45 -54.57 0.00 
0 0 0 0 0 0 2.75 0 0.00000000 0.00000000 0.00 0.00 0.00 26.45 -54.57 0.00 
0 0 0 0 0 0 2.77 0 0.00000000 0.00000000 0.00 0.00 0.00 26.45 -54.57 0.00 
0 0 0 0 0 0 2.80 0 0.00000000 0.00000000 0.00 0.00 0.00 26.45 -54.57 0.00 
0 0 0 0 0 0 2.82 0 0.00000000 0.00000000 0.00 0.00 0.00 26.45 -54.57 0.00 
0 0 0 0 0 0 2.84 0 0.00000000 0.00000000 0.00 0.00 0.00 26.45 -54.57 0.00 
0 0 0 0 0 0 2.86 0 0.00000000 0.00000000 0.00 0.00 0.00 26.45 -54.57 0.00 
0 0 0 0 0 0 2.89 0 0.00000000 0.00000000 0.00 0.00 0.00 26.45 -54.57 0.00 
0 0 0 0 0 0 2.91 0 0.00000000 0.00000000 0.00 0.00 0.00 26.45 -54.57 0.00 
0 0 0 0 0 0 2.94 0 0.00000000 0.00000000 0.00 0.00 0.00 26.45 -54.57 0.00 
0 0 0 0 0 0 2.96 0 0.00000000 0.00000000 0.00 0.00 0.00 26.45 -54.57 0.00 
0 0 0 0 0 0 2.98 0 0.00000000 0.00000000 0.00 0.00 0.00 26.45 -54.57 0.00 
0 0 0 0 0 0 3.01 0 0.00000000 0.00000000 0.00 0.00 0.00 21.31 49.89 0.00 
0 0 0 0 0 0 3.03 0 0.00000000 0.00000000 0.00 0.00 0.00 21.31 49.89 0.00 
0 0 0 0 0 0 3.06 0 0.00000000 0.00000000 0.00 0.00 0.00 21.31 49.89 0.00 
0 0 0 0 0 0 3.08 0 0.00000000 0.00000000 0.00 0.00 0.00 21.31 49.89 0.00 
0 0 0 0 0 0 3.10 0 0.00000000 0.00000000 0.00 0.00 0.00 21.31 49.89 0.00 
0 0 0 0 0 0 3.13 0 0.00000000 0.00000000 0.00 0.00 0.00 21.31 49.89 0.00 
0 0 0 0 0 0 3.15 0 0.00000000 0.00000000 0.00 0.00 0.00 21.31 49.89 0.00 
0 0 0 0 0 0 3.17 0 0.00000000 0.00000000 0.00 0.00 0.00 21.31 49.89 0.00 
0 0 0 0 0 0 3.20 0 0.00000000 0.00000000 0.00 0.00 0.00 21.31 49.89 0.00 
0 0 0 0 0 0 3.23 0 0.00000000 0.00000000 0.00 0.00 0.00 21.31 49.89 0.00 
0 0 0 0 0 0 3.27 0 0.00000000 0.00000000 0.00 0.00 0.00 21.31 49.89 0.00 
0 0 0 0 0 0 3.29 0 0.00000000 0.00000000 0.00 0.00 0.00 21.31 49.89 0.00 
0 0 0 0 0 0 3.32 0 0.00000000 0.00000000 0.00 0.00 0.00 21.31 49.89 0.00 
0 0 0 0 0 0 3.34 0 0.00000000 0.00000000 0.00 0.00 0.00 21.31 49.89 0.00 
0 0 0 0 0 0 3.36 0 0.00000000 0.00000000 0.00 0.00 0.00 21.31 49.89 0.00 
0 0 0 0 0 0 3.40 0 0.00000000 0.00000000 0.00 0.00 0.00 21.31 49.89 0.00 
0 0 0 0 0 0 3.42 0 0.00000000 0.00000000 0.00 0.00 0.00 21.31 49.89 0.00 
0 0 0 0 0 0 3.44 0 0.00000000 0.00000000 0.00 0.00 0.00 21.31 49.89 0.00 
0 0 0 0 0 0 3.47 0 0.00000000 0.00000000 0.00 0.00 0.00 21.31 49.89 0.00 
0 0 0 0 0 0 3.49 0 0.00000000 0.00000000 0.00 0.00 0.00 21.31 49.89 0.00 
0 0 0 0 0 0 3.51 0 0.00000000 0.00000000 0.00 0.00 0.00 21.31 49.89 0.00 
0 0 0 0 0 0 3.53 0 0.00000000 0.00000000 0.00 0.00 0.00 21.31 49.89 0.00 
0 0 0 0 0 0 3.56 0 0.00000000 0.00000000 0.00 0.00 0.00 21.31 49.89 0.00 
0 0 0 0 0 0 3.58 0 0.00000000 0.00000000 0.00 0.00 0.00 21.31 49.89 0.00 
0 0 0 0 0 0 3.61 0 0.00000000 0.00000000 0.00 0.00 0.00 21.31 49.89 0.00 
0 0 0 0 0 0 3.63 0 0.00000000 0.00000000 0.00 0.00 0.00 21.31 49.89 0.00 
0 0 0 0 0 0 3.65 0 0.00000000 0.00000000 0.00 0.00 0.00 21.31 49.89 0.00 
0 0 0 0 0 0 3.68 0 0.00000000 0.00000000 0.00 0.00 0.00 21.31 49.89 0.00 
0 0 0 0 0 0 3.70 0 0.00000000 0.00000000 0.00 0.00 0.00 21.31 49.89 0.00 
0 0 0 0 0 0 3.72 0 0.00000000 0.00000000 0.00 0.00 0.00 21.31 49.89 0.00 
0 0 0 0 0 0 3.75 0 0.00000000 0.00000000 0.00 0.00 0.00 21.31 49.89 0.00 
0 0 0 0 0 0 3.77 0 0.00000000 0.00000000 0.00 0.00 0.00 21.31 49.89 0.00 
0 0 0 0 0 0 3.79 0 0.00000000 0.00000000 0.00 0.00 0.00 21.31 49.89 0.00 
0 0 0 0 0 0 3.82 0 0.00000000 0.00000000 0.00 0.00 0.00 21.31 49.89 0.00 
0 0 0 0 0 0 3.84 0 0.00000000 0.00000000 0.00 0.00 0.00 21.31 49.89 0.00 
0 0 0 0 0 0 3.86 0 0.00000000 0.00000000 0.00 0.00 0.00 21.31 49.89 0.00 
0 0 0 0 0 0 3.89 0 0.00000000 0.00000000 0.00 0.00 0.00 21.31 49.89 0.00 
0 0 0 0 0 0 3.91 0 0.00000000 0.00000000 0.00 0.00 0.00 21.31 49.89 0.00 
0 0 0 0 0 0 3.93 0 0.00000000 0.00000000 0.00 0.00 0.00 21.31 49.89 0.00 
0 0 0 0 0 0 3.96 0 0.00000000 0.00000000 0.00 0.00 0.00 21.31 49.89 0.00 
0 0 0 0 0 0 3.98 0 0.00000000 0.00000000 0.00 0.00 0.00 21.31 49.89 0.00 
0 0 0 0 0 0 4.01 0 0.00000000 0.00000000 0.00 0.00 0.00 21.04 55.39 0.00 
0 0 0 0 0 0 4.03 0 0.00000000 0.00000000 0.00 0.00 0.00 21.04 55.39 0.00 
0 0 0 0 0 0 4.06 0 0.00000000 0.00000000 0.00 0.00 0.00 21.04 55.39 0.00 
0 0 0 0 0 0 4.08 0 0.00000000 0.00000000 0.00 0.00 0.00 21.04 55.39 0.00 
0 0 0 0 0 0 4.10 0 0.00000000 0.00000000 0.00 0.00 0.00 21.04 55.39 0.00 
0 0 0 0 0 0 4.12 0 0.00000000 0.00000000 0.00 0.00 0.00 21.04 55.39 0.00 
0 0 0 0 0 0 4.15 0 0.00000000 0.00000000 0.00 0.00 0.00 21.04 55.39 0.00 
0 0 0 0 0 0 4.17 0 0.00000000 0.00000000 0.00 0.00 0.00 21.04 55.39 0.00 
0 0 0 0 0 0 4.19 0 0.00000000 0.00000000 0.00 0.00 0.00 21.04 55.39 0.00 
0 0 0 0 0 0 4.22 0 0.00000000 0.00000000 0.00 0.00 0.00 21.04 55.39 0.00 
0 0 0 0 0 0 4.24 0 0.00000000 0.00000000 0.00 0.00 0.00 21.04 55.39 0.00 
0 0 0 0 0 0 4.26 0 0.00000000 0.00000000 0.00 0.00 0.00 21.04 55.39 0.00 
0 0 0 0 0 0 4.29 0 0.00000000 0.00000000 0.00 0.00 0.00 21.04 55.39 0.00 
0 0 0 0 0 0 4.31 0 0.00000000 0.00000000 0.00 0.00 0.00 21.04 55.39 0.00 
0 0 0 0 0 0 4.33 0 0.00000000 0.00000000 0.00 0.00 0.00 21.04 55.39 0.00 
0 0 0 0 0 0 4.36 0 0.00000000 0.00000000 0.00 0.00 0.00 21.04 55.39 0.00 
0 0 0 0 0 0 4.38 0 0.00000000 0.00000000 0.00 0.00 0.00 21.04 55.39 0.00 
0 0 0 0 0 0 4.41 0 0.00000000 0.00000000 0.00 0.00 0.00 21.04 55.39 0.00 
0 0 0 0 0 0 4.43 0 0.00000000 0.00000000 0.00 0.00 0.00 21.04 55.39 0.00 
0 0 0 0 0 0 4.45 0 0.00000000 0.00000000 0.00 0.00 0.00 21.04 55.39 0.00 
0 0 0 0 0 0 4.47 0 0.00000000 0.00000000 0.00 0.00 0.00 21.04 55.39 0.00 
0 0 0 0 0 0 4.50 0 0.00000000 0.00000000 0.00 0.00 0.00 21.04 55.39 0.00 
0 0 0 0 0 0 4.52 0 0.00000000 0.00000000 0.00 0.00 0.00 21.04 55.39 0.00 
0 0 0 0 0 0 4.55 0 0.00000000 0.00000000 0.00 0.00 0.00 21.04 55.39 0.00 
0 0 0 0 0 0 4.57 0 0.00000000 0.00000000 0.00 0.00 0.00 21.04 55.39 0.00 
0 0 0 0 0 0 4.59 0 0.00000000 0.00000000 0.00 0.00 0.00 21.04 55.39 0.00 
0 0 0 0 0 0 4.61 0 0.00000000 0.00000000 0.00 0.00 0.00 21.04 55.39 0.00 
0 0 0 0 0 0 4.65 0 0.00000000 0.00000000 0.00 0.00 0.00 21.04 55.39 0.00 
0 0 0 0 0 0 4.68 0 0.00000000 0.00000000 0.00 0.00 0.00 21.04 55.39 0.00 
0 0 0 0 0 0 4.70 0 0.00000000 0.00000000 0.00 0.00 0.00 21.04 55.39 0.00 
0 0 0 0 0 0 4.74 0 0.00000000 0.00000000 0.00 0.00 0.00 21.04 55.39 0.00 
0 0 0 0 0 0 4.76 0 0.00000000 0.00000000 0.00 0.00 0.00 21.04 55.39 0.00 
0 0 0 0 0 0 4.78 0 0.00000000 0.00000000 0.00 0.00 0.00 21.04 55.39 0.00 
0 0 0 0 0 0 4.81 0 0.00000000 0.00000000 0.00 0.00 0.00 21.04 55.39 0.00 
0 0 0 0 0 0 4.83 0 0.00000000 0.00000000 0.00 0.00 0.00 21.04 55.39 0.00 
0 0 0 0 0 0 4.85 0 0.00000000 0.00000000 0.00 0.00 0.00 21.04 55.39 0.00 
0 0 0 0 0 0 4.88 0 0.00000000 0.00000000 0.00 0.00 0.00 21.04 55.39 0.00 
0 0 0 0 0 0 4.90 0 0.00000000 0.00000000 0.00 0.00 0.00 21.04 55.39 0.00 
0 0 0 0 0 0 4.92 0 0.00000000 0.00000000 0.00 0.00 0.00 21.04 55.39 0.00 
0 0 0 0 0 0 4.95 0 0.00000000 0.00000000 0.00 0.00 0.00 21.04 55.39 0.00 
0 0 0 0 0 0 4.97 0 0.00000000 0.00000000 0.00 0.00 0.00 21.04 55.39 0.00 
0 0 0 0 0 0 4.99 0 0.00000000 0.00000000 0.00 0.00 0.00 21.04 55.39 0.00 
0 0 0 0 0 0 5.02 0 0.00000000 0.00000000 0.00 0.00 0.00 26.21 51.89 0.00 
0 0 0 0 0 0 5.04 0 0.00000000 0.00000000 0.00 0.00 0.00 26.21 51.89 0.00 
0 0 0 0 0 0 5.07 0 0.00000000 0.00000000 0.00 0.00 0.00 26.21 51.89 0.00 
0 0 0 0 0 0 5.09 0 0.00000000 0.00000000 0.00 0.00 0.00 26.21 51.89 0.00 
0 0 0 0 0 0 5.11 0 0.00000000 0.00000000 0.00 0.00 0.00 26.21 51.89 0.00 
0 0 0 0 0 0 5.14 0 0.00000000 0.00000000 0.00 0.00 0.00 26.21 51.89 0.00 
0 0 0 0 0 0 5.16 0 0.00000000 0.00000000 0.00 0.00 0.00 26.21 51.89 0.00 
0 0 0 0 0 0 5.18 0 0.00000000 0.00000000 0.00 0.00 0.00 26.21 51.89 0.00 
0 0 0 0 0 0 5.21 0 0.00000000 0.00000000 0.00 0.00 0.00 26.21 51.89 0.00 
0 0 0 0 0 0 5.23 0 0.00000000 0.00000000 0.00 0.00 0.00 26.21 51.89 0.00 
0 0 0 0 0 0 5.25 0 0.00000000 0.00000000 0.00 0.00 0.00 26.21 51.89 0.00 
0 0 0 0 0 0 5.27 0 0.00000000 0.00000000 0.00 0.00 0.00 26.21 51.89 0.00 
0 0 0 0 0 0 5.30 0 0.00000000 0.00000000 0.00 0.00 0.00 26.21 51.89 0.00 
0 0 0 0 0 0 5.32 0 0.00000000 0.00000000 0.00 0.00 0.00 26.21 51.89 0.00 
0 0 0 0 0 0 5.34 0 0.00000000 0.00000000 0.00 0.00 0.00 26.21 51.89 0.00 
0 0 0 0 0 0 5.37 0 0.00000000 0.00000000 0.00 0.00 0.00 26.21 51.89 0.00 
0 0 0 0 0 0 5.39 0 0.00000000 0.00000000 0.00 0.00 0.00 26.21 51.89 0.00 
0 0 0 0 0 0 5.41 0 0.00000000 0.00000000 0.00 0.00 0.00 26.21 51.89 0.00 
0 0 0 0 0 0 5.44 0 0.00000000 0.00000000 0.00 0.00 0.00 26.21 51.89 0.00 
0 0 0 0 0 0 5.46 0 0.00000000 0.00000000 0.00 0.00 0.00 26.21 51.89 0.00 
0 0 0 0 0 0 5.48 0 0.00000000 0.00000000 0.00 0.00 0.00 26.21 51.89 0.00 
0 0 0 0 0 0 5.51 0 0.00000000 0.00000000 0.00 0.00 0.00 26.21 51.89 0.00 
0 0 0 0 0 0 5.53 0 0.00000000 0.00000000 0.00 0.00 0.00 26.21 51.89 0.00 
0 0 0 0 0 0 5.55 0 0.00000000 0.00000000 0.00 0.00 0.00 26.21 51.89 0.00 
0 0 0 0 0 0 5.58 0 0.00000000 0.00000000 0.00 0.00 0.00 26.21 51.89 0.00 
0 0 0 0 0 0 5.60 0 0.00000000 0.00000000 0.00 0.00 0.00 26.21 51.89 0.00 
0 0 0 0 0 0 5.62 0 0.00000000 0.00000000 0.00 0.00 0.00 26.21 51.89 0.00 
0 0 0 0 0 0 5.65 0 0.00000000 0.00000000 0.00 0.00 0.00 26.21 51.89 0.00 
0 0 0 0 0 0 5.67 0 0.00000000 0.00000000 0.00 0.00 0.00 26.21 51.89 0.00 
0 0 0 0 0 0 5.69 0 0.00000000 0.00000000 0.00 0.00 0.00 26.21 51.89 0.00 
0 0 0 0 0 0 5.72 0 0.00000000 0.00000000 0.00 0.00 0.00 26.21 51.89 0.00 
0 0 0 0 0 0 5.74 0 0.00000000 0.00000000 0.00 0.00 0.00 26.21 51.89 0.00 
0 0 0 0 0 0 5.76 0 0.00000000 0.00000000 0.00 0.00 0.00 26.21 51.89 0.00 
0 0 0 0 0 0 5.78 0 0.00000000 0.00000000 0.00 0.00 0.00 26.21 51.89 0.00 
0 0 0 0 0 0 5.81 0 0.00000000 0.00000000 0.00 0.00 0.00 26.21 51.89 0.00 
0 0 0 0 0 0 5.83 0 0.00000000 0.00000000 0.00 0.00 0.00 26.21 51.89 0.00 
0 0 0 0 0 0 5.86 0 0.00000000 0.00000000 0.00 0.00 0.00 26.21 51.89 0.00 
0 0 0 0 0 0 5.88 0 0.00000000 0.00000000 0.00 0.00 0.00 26.21 51.89 0.00 
0 0 0 0 0 0 5.90 0 0.00000000 0.00000000 0.00 0.00 0.00 26.21 51.89 0.00 
0 0 0 0 0 0 5.93 0 0.00000000 0.00000000 0.00 0.00 0.00 26.21 51.89 0.00 
0 0 0 0 0 0 5.95 0 0.00000000 0.00000000 0.00 0.00 0.00 26.21 51.89 0.00 
0 0 0 0 0 0 5.97 0 0.00000000 0.00000000 0.00 0.00 0.00 26.21 51.89 0.00 
0 0 0 0 0 0 5.99 0 0.00000000 0.00000000 0.00 0.00 0.00 26.21 51.89 0.00 
0 0 0 0 0 0 6.03 0 0.00000000 0.00000000 0.00 0.00 0.00 24.87 52.35 0.00 
0 0 0 0 0 0 6.08 0 0.00000000 0.00000000 0.00 0.00 0.00 24.87 52.35 0.00 
0 0 0 0 0 0 6.10 0 0.00000000 0.00000000 0.00 0.00 0.00 24.87 52.35 0.00 
0 0 0 0 0 0 6.12 0 0.00000000 0.00000000 0.00 0.00 0.00 24.87 52.35 0.00 
