0 0 0 2.79 0.00000000 0.00000000 0.00 0.00 0.00 0.06 0.07 0.03 0.00 -0.02 0.01 30.00 30.00 30.00 
0 0 0 2.97 0.00000000 0.00000000 0.00 0.00 0.00 -0.03 0.03 0.06 -0.05 -0.03 0.01 30.00 30.00 30.00 
0 0 0 3.07 0.00000000 0.00000000 0.00 0.00 0.00 0.66 0.05 -2.25 0.10 0.01 0.02 30.00 30.00 30.00 
0 0 0 3.17 0.00000000 0.00000000 0.00 0.00 0.00 -0.06 0.15 0.57 0.02 -0.01 0.00 30.00 30.00 30.00 
0 0 0 3.27 0.00000000 0.00000000 0.00 0.00 0.00 0.01 0.08 0.18 -0.07 -0.03 0.01 30.00 30.00 30.00 
0 0 0 3.37 0.00000000 0.00000000 0.00 0.00 0.00 0.07 0.08 0.01 0.01 -0.01 0.01 30.00 30.00 30.00 
0 0 0 3.48 0.00000000 0.00000000 0.00 0.00 0.00 0.07 0.08 -0.01 0.03 0.00 0.00 30.00 30.00 30.00 
0 0 0 3.58 0.00000000 0.00000000 0.00 0.00 0.00 0.07 0.06 -0.06 0.01 -0.02 0.01 30.00 30.00 30.00 
0 0 0 3.68 0.00000000 0.00000000 0.00 0.00 0.00 0.07 0.07 -0.05 0.02 -0.01 0.01 30.00 30.00 30.00 
0 0 0 3.78 0.00000000 0.00000000 0.00 0.00 0.00 0.05 0.08 0.03 0.01 -0.01 0.01 30.00 30.00 30.00 
0 0 0 3.88 0.00000000 0.00000000 0.00 0.00 0.00 0.05 0.08 0.07 0.01 -0.01 0.00 30.00 30.00 30.00 
0 0 0 3.98 0.00000000 0.00000000 0.00 0.00 0.00 0.05 0.08 0.07 0.02 0.00 0.00 30.00 30.00 30.00 
0 0 0 4.08 0.00000000 0.00000000 0.00 0.00 0.00 0.06 0.08 -0.01 0.02 -0.00 0.00 30.00 30.00 30.00 
0 0 0 4.18 0.00000000 0.00000000 0.00 0.00 0.00 0.06 0.08 0.04 0.03 -0.01 0.01 30.00 30.00 30.00 
0 0 0 4.28 0.00000000 0.00000000 0.00 0.00 0.00 0.06 0.08 0.04 0.02 -0.01 0.01 30.00 30.00 30.00 
0 0 0 4.38 0.00000000 0.00000000 0.00 0.00 0.00 0.05 0.08 0.03 0.01 -0.02 0.01 30.00 30.00 30.00 
0 0 0 4.49 0.00000000 0.00000000 0.00 0.00 0.00 0.05 0.08 0.09 0.01 -0.01 0.01 30.00 30.00 30.00 
0 0 0 4.59 0.00000000 0.00000000 0.00 0.00 0.00 0.07 0.09 0.05 0.01 -0.00 0.00 30.00 30.00 30.00 
0 0 0 4.69 0.00000000 0.00000000 0.00 0.00 0.00 0.06 0.08 0.06 0.01 -0.01 0.00 30.00 30.00 30.00 
0 0 0 4.79 0.00000000 0.00000000 0.00 0.00 0.00 0.06 0.06 -0.06 0.01 -0.01 0.01 30.00 30.00 30.00 
0 0 0 4.89 0.00000000 0.00000000 0.00 0.00 0.00 0.06 0.07 -0.02 0.01 -0.02 0.00 30.00 30.00 30.00 
0 0 0 4.99 0.00000000 0.00000000 0.00 0.00 0.00 0.06 0.07 0.00 0.00 -0.02 0.01 30.00 30.00 30.00 
0 0 0 5.09 0.00000000 0.00000000 0.00 0.00 0.00 0.05 0.08 0.04 0.01 -0.01 0.00 30.00 30.00 30.00 
0 0 0 5.19 0.00000000 0.00000000 0.00 0.00 0.00 0.06 0.08 0.06 0.02 -0.00 0.00 30.00 30.00 30.00 
0 0 0 5.29 0.00000000 0.00000000 0.00 0.00 0.00 0.07 0.09 0.03 0.03 -0.00 0.01 30.00 30.00 30.00 
0 0 0 5.39 0.00000000 0.00000000 0.00 0.00 0.00 0.07 0.08 0.00 0.03 -0.00 0.00 30.00 30.00 30.00 
0 0 0 5.49 0.00000000 0.00000000 0.00 0.00 0.00 0.06 0.08 0.05 0.00 -0.02 0.01 30.00 30.00 30.00 
0 0 0 5.59 0.00000000 0.00000000 0.00 0.00 0.00 0.07 0.08 0.05 0.02 -0.02 0.01 30.00 30.00 30.00 
0 0 0 5.70 0.00000000 0.00000000 0.00 0.00 0.00 0.08 0.07 -0.12 0.01 -0.01 0.01 30.00 30.00 30.00 
0 0 0 5.80 0.00000000 0.00000000 0.00 0.00 0.00 0.05 0.07 0.02 0.00 -0.02 0.00 30.00 30.00 30.00 
0 0 0 5.90 0.00000000 0.00000000 0.00 0.00 0.00 0.06 0.07 -0.01 0.01 -0.01 0.00 30.00 30.00 30.00 
0 0 0 6.00 0.00000000 0.00000000 0.00 0.00 0.00 0.08 0.08 -0.05 0.01 -0.01 0.01 30.00 30.00 30.00 
0 0 0 6.10 0.00000000 0.00000000 0.00 0.00 0.00 0.06 0.07 0.06 0.02 -0.01 0.01 30.00 30.00 30.00 
0 0 0 6.20 0.00000000 0.00000000 0.00 0.00 0.00 0.07 0.07 -0.02 0.02 -0.01 0.01 30.00 30.00 30.00 
0 0 0 6.30 0.00000000 0.00000000 0.00 0.00 0.00 0.07 0.08 -0.05 0.02 0.00 0.01 30.00 30.00 30.00 
0 0 0 6.40 0.00000000 0.00000000 0.00 0.00 0.00 0.06 0.09 0.05 0.01 -0.01 0.01 30.00 30.00 30.00 
0 0 0 6.50 0.00000000 0.00000000 0.00 0.00 0.00 0.06 0.07 0.02 0.00 -0.02 0.01 30.00 30.00 30.00 
0 0 0 6.60 0.00000000 0.00000000 0.00 0.00 0.00 0.06 0.08 -0.00 0.01 -0.01 0.01 30.00 30.00 30.00 
0 0 0 6.70 0.00000000 0.00000000 0.00 0.00 0.00 0.06 0.07 -0.06 0.02 -0.01 0.01 30.00 30.00 30.00 
0 0 0 6.80 0.00000000 0.00000000 0.00 0.00 0.00 0.07 0.08 0.03 0.02 -0.00 0.01 30.00 30.00 30.00 
0 0 0 6.91 0.00000000 0.00000000 0.00 0.00 0.00 0.06 0.08 0.05 0.03 -0.00 0.01 30.00 30.00 30.00 
0 0 0 7.01 0.00000000 0.00000000 0.00 0.00 0.00 0.07 0.08 0.01 0.03 -0.00 0.00 30.00 30.00 30.00 
0 0 0 7.11 0.00000000 0.00000000 0.00 0.00 0.00 0.06 0.08 0.05 0.01 -0.02 0.00 30.00 30.00 30.00 
0 0 0 7.21 0.00000000 0.00000000 0.00 0.00 0.00 0.05 0.08 0.08 0.01 -0.01 0.01 30.00 30.00 30.00 
0 0 0 7.31 0.00000000 0.00000000 0.00 0.00 0.00 0.07 0.09 0.04 0.02 -0.01 0.01 30.00 30.00 30.00 
0 0 0 7.41 0.00000000 0.00000000 0.00 0.00 0.00 0.06 0.08 -0.00 0.02 -0.00 0.00 30.00 30.00 30.00 
0 0 0 7.51 0.00000000 0.00000000 0.00 0.00 0.00 0.07 0.08 -0.05 0.01 -0.01 0.01 30.00 30.00 30.00 
0 0 0 7.61 0.00000000 0.00000000 0.00 0.00 0.00 0.05 0.08 0.04 0.01 -0.01 0.01 30.00 30.00 30.00 
0 0 0 7.71 0.00000000 0.00000000 0.00 0.00 0.00 0.06 0.08 0.04 0.02 -0.01 0.00 30.00 30.00 30.00 
0 0 0 7.81 0.00000000 0.00000000 0.00 0.00 0.00 0.05 0.08 0.12 -0.00 -0.01 0.00 30.00 30.00 30.00 
0 0 0 7.91 0.00000000 0.00000000 0.00 0.00 0.00 0.04 0.09 0.14 0.01 -0.02 0.00 30.00 30.00 30.00 
0 0 0 8.02 0.00000000 0.00000000 0.00 0.00 0.00 0.06 0.08 0.06 0.02 0.00 0.00 30.00 30.00 30.00 
0 0 0 8.12 0.00000000 0.00000000 0.00 0.00 0.00 0.06 0.07 -0.02 0.01 -0.01 0.01 30.00 30.00 30.00 
0 0 0 8.22 0.00000000 0.00000000 0.00 0.00 0.00 0.06 0.06 -0.02 0.00 -0.02 0.00 30.00 30.00 30.00 
0 0 0 8.32 0.00000000 0.00000000 0.00 0.00 0.00 0.06 0.07 -0.01 0.02 -0.01 0.00 30.00 30.00 30.00 
