3.68 -0.03 0.04 -0.06 0.01 0.01 0.01 0.07 -0.15 -0.03 91.55 86.87 89.52 
3.88 0.06 0.04 0.07 0.02 0.01 0.01 -0.04 -0.02 0.01 91.05 87.73 90.09 
3.98 0.03 0.04 0.01 0.02 0.01 0.01 -0.08 0.18 -0.03 91.24 87.63 89.70 
4.08 0.00 0.01 0.02 0.02 0.01 0.01 -0.19 0.10 -0.12 91.47 89.07 88.86 
4.18 -0.02 -0.01 0.01 0.02 0.00 0.00 -0.08 0.02 -0.06 91.21 90.65 89.26 
4.28 0.04 0.01 0.06 0.04 -0.02 -0.02 0.07 -0.06 -0.01 91.79 89.86 89.88 
4.39 0.04 0.03 0.02 0.03 -0.02 -0.02 0.06 0.01 0.02 92.05 88.53 90.04 
4.49 0.04 0.03 0.05 0.05 -0.02 -0.02 -0.08 -0.12 0.09 92.80 88.17 91.15 
4.59 0.06 0.04 0.03 0.05 -0.01 -0.01 0.20 -0.06 0.14 92.90 87.82 91.71 
4.70 0.11 0.09 -0.05 0.01 -0.04 -0.04 0.21 -0.24 0.33 91.25 85.08 93.68 
4.80 0.09 0.10 0.04 0.03 0.03 0.03 -0.03 0.02 0.42 91.68 84.09 95.21 
4.91 0.10 0.10 0.04 0.02 0.09 0.07 -0.15 0.37 0.39 91.16 84.58 94.76 
5.01 0.14 0.13 0.10 0.06 0.12 0.12 -0.03 0.07 0.42 92.97 82.95 94.90 
5.12 0.09 0.13 0.04 0.06 0.17 0.16 -0.14 0.03 0.58 93.31 82.08 96.97 
5.22 0.10 0.09 -0.12 -0.01 0.21 0.22 0.05 -0.04 0.50 89.26 84.96 95.98 
5.32 -0.08 0.01 0.02 0.03 0.33 0.33 0.26 -0.13 0.24 91.53 89.21 92.92 
5.43 0.06 -0.01 0.03 0.01 0.41 0.40 0.18 -0.54 0.13 90.60 90.99 91.73 
5.53 0.00 -0.04 0.00 -0.01 0.41 0.41 0.21 0.49 -0.03 89.00 92.74 89.78 
5.64 0.00 0.00 0.11 0.05 0.43 0.43 0.27 0.27 -0.01 92.27 89.67 89.91 
5.74 -0.00 0.02 0.01 0.07 0.42 0.42 -0.08 0.46 0.04 94.42 88.93 90.80 
5.84 -0.08 -0.02 0.00 0.03 0.38 0.38 -0.27 -0.36 -0.28 91.90 90.39 86.55 
5.95 -0.12 -0.07 0.02 0.02 0.32 0.34 -0.28 -0.24 -0.44 90.92 93.78 85.23 
6.05 -0.19 -0.15 0.09 0.04 0.31 0.31 -0.16 -0.02 -0.74 92.12 98.65 81.17 
6.15 -0.19 -0.17 0.03 0.03 0.20 0.20 -0.19 -0.05 -0.46 92.10 99.27 84.43 
6.26 -0.07 -0.12 0.09 0.02 0.16 0.16 -0.05 0.18 -0.70 90.28 97.23 81.70 
6.36 -0.03 -0.07 0.13 0.08 0.03 0.03 -0.20 -0.37 -0.63 94.38 94.17 82.44 
6.46 -0.01 -0.05 -0.07 -0.00 -0.05 -0.03 -0.70 -3.11 -0.89 90.55 93.07 79.80 
6.57 0.17 -0.03 -0.28 -0.23 -0.16 -0.11 -0.97 -2.70 -0.52 77.39 93.49 82.60 
6.67 -0.40 -0.20 -0.60 -0.53 -0.01 -0.05 -0.19 -1.58 -0.03 60.35 99.32 89.14 
6.77 -0.24 -0.25 -0.83 -0.70 0.02 0.04 0.11 -1.16 0.11 49.84 104.12 91.28 
6.87 -0.17 -0.29 -0.76 -0.85 0.08 0.10 0.21 -0.59 0.26 41.38 106.75 93.16 
6.98 -0.42 -0.35 -1.07 -0.93 0.14 0.14 0.43 -0.36 0.30 38.04 109.26 93.79 
7.08 -0.56 -0.45 -1.00 -1.00 0.30 0.29 0.43 0.04 0.26 32.94 114.91 93.09 
7.18 -0.62 -0.50 -1.06 -1.02 0.38 0.36 0.30 0.13 0.22 32.14 117.65 92.90 
7.29 -0.42 -0.49 -0.97 -1.03 0.38 0.39 0.32 0.16 0.00 30.37 118.94 90.33 
7.39 -0.46 -0.46 -0.99 -0.99 0.40 0.40 0.55 0.62 -0.06 33.37 116.47 89.44 
7.49 -0.33 -0.37 -0.83 -0.90 0.36 0.36 0.84 2.28 0.26 38.43 111.22 93.09 
7.59 0.35 0.11 -1.40 -0.94 -0.22 -0.15 1.28 2.99 0.10 35.86 83.88 91.25 
7.70 0.19 0.09 0.27 -0.33 0.08 0.11 1.53 3.90 0.17 65.12 86.03 92.01 
7.80 0.22 0.19 0.27 0.07 0.20 0.18 0.90 2.81 0.14 91.67 79.51 91.59 
7.91 0.11 0.21 0.42 0.30 0.23 0.22 0.02 1.35 0.01 107.44 78.17 90.13 
8.01 0.20 0.20 0.43 0.44 0.28 0.28 -0.61 0.78 -0.14 115.37 78.47 88.75 
8.11 0.11 0.13 0.60 0.54 0.33 0.33 -0.61 0.28 -0.16 120.06 82.28 88.13 
8.21 0.10 0.09 0.58 0.53 0.25 0.25 -0.20 0.10 -0.16 120.57 84.83 88.04 
8.32 0.16 0.09 0.62 0.57 0.25 0.25 0.06 -0.03 -0.01 121.93 85.84 89.78 
8.42 0.07 0.11 0.59 0.59 0.27 0.27 0.15 0.11 0.07 123.53 83.33 90.85 
8.52 0.15 0.11 0.62 0.60 0.29 0.29 0.16 -0.06 0.08 124.27 84.13 90.94 
8.63 0.07 0.07 0.51 0.56 0.27 0.27 -0.10 -0.39 0.07 122.30 85.90 91.00 
8.73 0.19 0.13 0.62 0.57 0.35 0.33 -1.00 -0.95 -0.08 122.46 83.41 89.21 
8.83 -0.10 -0.01 0.39 0.48 0.28 0.29 -1.80 -1.13 -0.19 118.34 89.50 87.74 
8.93 -0.32 -0.21 0.25 0.35 0.33 0.32 -2.23 -0.90 -0.23 110.00 101.82 87.29 
9.04 -0.59 -0.44 0.23 0.26 0.36 0.36 -2.28 -0.87 -0.13 105.17 113.54 88.42 
9.14 -0.87 -0.67 0.07 0.17 0.45 0.45 -2.05 -0.74 -0.03 101.05 126.59 89.43 
9.24 -0.78 -0.82 0.09 0.10 0.48 0.48 -1.55 -0.58 -0.03 95.82 137.66 89.73 
9.35 -0.92 -0.88 0.07 0.07 0.51 0.51 -0.76 -0.29 -0.06 94.04 139.89 89.47 
9.45 -0.94 -0.93 0.12 0.08 0.58 0.57 0.19 0.19 0.05 94.22 143.27 90.26 
9.56 -1.00 -0.98 0.12 0.10 0.61 0.61 0.57 0.15 0.28 95.73 145.99 93.03 
9.66 -0.97 -0.96 0.08 0.11 0.56 0.56 0.51 0.20 0.37 96.62 145.14 94.52 
9.76 -0.90 -0.94 0.09 0.11 0.56 0.57 0.33 -0.04 0.22 96.79 144.43 92.79 
9.86 -0.79 -0.85 0.15 0.13 0.57 0.57 1.08 0.21 0.10 97.44 139.10 91.10 
9.97 -0.60 -0.72 0.20 0.18 0.53 0.57 1.76 0.32 0.32 100.42 132.66 94.22 
10.07 -0.51 -0.63 0.23 0.21 0.57 0.57 2.12 0.11 0.35 101.52 127.20 94.10 
10.17 -0.33 -0.49 0.26 0.22 0.55 0.55 2.22 0.57 0.33 102.22 119.80 93.87 
10.28 -0.12 -0.27 0.28 0.27 0.58 0.58 2.05 0.22 0.38 105.21 106.82 94.62 
10.38 0.14 -0.06 0.33 0.30 0.57 0.57 1.79 0.27 0.35 107.26 93.17 94.17 
10.48 0.29 0.17 0.35 0.34 0.63 0.62 1.33 0.08 0.28 109.68 81.51 93.43 
10.58 0.39 0.31 0.34 0.33 0.67 0.67 0.87 0.08 0.15 108.83 72.76 92.00 
10.69 0.54 0.42 0.34 0.33 0.69 0.69 0.49 0.03 0.04 109.05 66.84 90.51 
10.79 0.49 0.50 0.37 0.36 0.70 0.70 0.00 -0.30 -0.06 110.38 61.54 89.37 
10.89 0.52 0.53 0.39 0.38 0.72 0.72 -0.62 -0.17 -0.03 111.65 59.47 89.67 
10.99 0.38 0.47 0.33 0.34 0.70 0.70 -1.59 -0.42 -0.12 109.86 62.41 88.62 
11.10 0.12 0.29 0.34 0.33 0.68 0.69 -2.26 -0.57 -0.15 109.07 73.51 88.17 
11.20 -0.24 -0.02 0.13 0.23 0.64 0.64 -2.41 -0.31 -0.19 104.27 89.06 87.87 
11.30 -0.40 -0.25 0.07 0.13 0.60 0.61 -2.02 -0.81 -0.33 98.22 102.53 86.17 
11.40 -0.47 -0.39 0.04 0.08 0.63 0.63 -1.64 -1.02 -0.35 94.95 111.83 85.53 
11.51 -0.52 -0.51 -0.00 0.02 0.65 0.65 -0.83 -0.20 -0.13 91.44 119.14 88.20 
11.61 -0.54 -0.58 0.03 -0.01 0.66 0.66 0.09 0.06 -0.01 88.98 123.61 89.73 
11.71 -0.64 -0.59 -0.02 0.00 0.66 0.65 0.99 0.07 0.19 90.31 122.93 92.01 
11.81 -0.47 -0.53 0.13 0.07 0.73 0.73 1.26 0.20 0.54 94.05 120.54 96.43 
11.92 -0.27 -0.40 0.27 0.20 0.93 0.85 1.08 -0.30 1.11 101.73 113.08 103.29 
12.02 -0.39 -0.36 0.26 0.24 1.04 1.04 1.19 -0.25 2.09 103.57 110.04 113.98 
12.12 -0.02 -0.25 0.18 0.13 1.23 1.21 1.20 0.45 1.79 97.24 106.61 112.66 
12.23 -0.04 -0.15 -0.12 -0.07 1.25 1.25 0.78 -0.07 0.77 86.63 99.93 99.26 
12.33 -0.08 -0.08 -0.11 -0.19 1.26 1.25 0.03 -0.13 -0.88 78.29 94.65 81.39 
12.43 0.01 -0.05 0.17 -0.02 1.13 1.25 -0.53 -0.34 -2.01 88.84 92.74 65.90 
12.53 -0.13 -0.13 0.35 0.13 1.08 1.06 -0.60 0.02 -1.98 95.55 97.71 64.91 
12.64 0.05 -0.10 0.33 0.22 0.94 0.92 -0.31 0.30 -0.63 101.58 96.95 80.58 
12.74 -0.14 -0.10 0.31 0.24 0.95 0.94 0.09 0.26 0.67 103.31 95.57 96.43 
12.84 -0.10 -0.09 0.30 0.22 1.03 1.02 0.29 0.03 1.60 101.84 95.13 108.06 
12.94 -0.10 -0.11 0.27 0.19 1.29 1.15 0.11 0.34 1.87 100.26 96.49 112.34 
13.05 -0.09 -0.13 0.13 0.19 1.43 1.43 -0.18 0.33 1.99 101.73 97.76 114.61 
13.15 -0.08 -0.15 -0.15 0.02 1.46 1.47 -0.37 -0.18 1.29 91.35 98.86 105.52 
13.25 -0.37 -0.22 -0.12 -0.12 1.59 1.60 -0.38 -0.17 -0.45 83.25 101.15 88.48 
13.35 -0.26 -0.28 -0.02 -0.06 1.55 1.54 -0.65 -0.19 -1.34 86.26 106.33 74.69 
13.46 -0.41 -0.36 0.01 -0.04 1.45 1.45 -0.72 0.46 -1.72 87.37 109.96 69.82 
13.56 -0.32 -0.38 -0.09 -0.04 1.23 1.24 -0.49 -0.13 -2.01 87.97 112.34 66.82 
13.66 -0.41 -0.41 -0.22 -0.08 1.05 1.10 -0.74 -1.57 -2.14 86.95 113.31 64.54 
13.76 -0.41 -0.41 -0.16 -0.15 0.97 0.97 -1.00 -1.33 -1.57 81.35 113.33 69.79 
13.86 -0.76 -0.48 -0.69 -0.37 0.86 0.91 -0.94 -1.82 -0.99 68.93 117.25 78.16 
13.97 -0.44 -0.50 -0.54 -0.50 0.75 0.76 -0.96 -1.17 -0.48 61.78 118.97 83.79 
14.07 -0.55 -0.56 -0.81 -0.66 0.70 0.73 -0.41 -0.50 -0.18 54.00 122.26 87.78 
14.17 -0.75 -0.61 -0.86 -0.72 0.61 0.62 0.22 0.14 -0.07 50.29 123.29 89.17 
14.28 -0.51 -0.57 -0.68 -0.72 0.53 0.54 0.28 0.38 0.09 48.53 123.20 90.95 
14.38 -0.64 -0.59 -0.75 -0.77 0.48 0.47 0.33 0.93 0.05 45.94 123.57 90.66 
14.48 -0.38 -0.47 -0.45 -0.62 0.40 0.40 1.38 2.99 0.35 53.08 117.59 93.75 
14.58 -0.21 -0.32 -0.06 -0.32 0.33 0.32 2.08 3.48 0.43 71.68 108.61 95.13 
14.69 0.08 -0.10 0.16 -0.06 0.29 0.29 1.58 1.97 0.10 84.13 97.81 91.70 
14.79 0.18 0.06 0.22 0.09 0.24 0.24 0.43 0.27 -0.21 93.46 87.58 87.78 
14.89 0.19 0.13 0.23 0.22 0.31 0.28 -0.25 -0.35 -0.17 102.83 83.23 87.76 
15.00 0.01 0.07 0.20 0.19 0.27 0.26 -0.13 -0.00 -0.06 101.13 85.68 89.31 
15.10 -0.04 0.04 0.13 0.19 0.26 0.26 0.05 -0.05 -0.07 101.16 86.69 89.09 
15.21 0.04 0.05 0.13 0.18 0.26 0.26 -0.02 -0.07 -0.06 100.60 87.28 89.32 
15.31 0.04 0.04 0.18 0.17 0.24 0.24 -0.04 0.04 -0.07 99.85 87.57 89.20 
15.41 0.06 0.05 0.20 0.20 0.27 0.24 -0.00 -0.08 -0.12 101.48 87.07 88.41 
15.51 0.09 0.06 0.20 0.22 0.24 0.24 0.00 -0.02 0.04 102.87 87.13 90.23 
15.62 0.00 0.04 0.18 0.20 0.24 0.24 -0.00 -0.05 0.12 101.83 87.50 91.35 
15.72 0.00 0.01 0.22 0.20 0.26 0.26 -0.14 0.03 0.09 101.37 89.08 90.87 
15.82 0.04 0.03 0.25 0.21 0.26 0.26 -0.22 0.02 0.16 101.96 88.06 91.63 
15.93 0.04 0.05 0.16 0.19 0.25 0.25 -0.18 -0.14 0.13 101.02 86.79 91.55 
16.03 0.00 0.02 0.19 0.19 0.28 0.28 -0.04 -0.05 0.21 100.72 89.14 92.48 
16.13 -0.00 -0.00 0.22 0.20 0.32 0.32 0.05 0.24 0.29 101.41 90.05 93.38 
16.24 -0.01 -0.01 0.17 0.19 0.34 0.35 0.07 0.12 0.33 100.96 90.32 94.04 
16.34 0.03 0.01 0.22 0.20 0.41 0.40 0.00 0.01 0.34 101.09 89.83 94.12 
16.44 0.02 0.01 0.21 0.20 0.41 0.41 -0.10 -0.01 0.26 101.30 89.61 93.14 
16.54 0.04 0.01 0.23 0.21 0.48 0.48 -0.12 0.10 0.16 101.95 90.02 92.24 
16.64 0.02 0.01 0.25 0.22 0.49 0.49 -0.04 0.13 0.08 102.57 89.52 90.93 
16.74 0.00 0.01 0.23 0.22 0.50 0.50 -0.13 0.05 0.11 102.78 89.51 91.35 
16.84 0.01 -0.01 0.20 0.24 0.53 0.54 -0.27 -0.18 0.05 103.95 90.73 90.54 
16.94 -0.08 -0.05 0.19 0.22 0.52 0.53 -0.20 -0.17 0.12 102.99 92.73 91.36 
17.04 -0.04 -0.07 0.16 0.19 0.53 0.54 -0.05 -0.16 0.16 101.13 94.07 91.86 
17.15 -0.05 -0.07 0.24 0.21 0.56 0.56 -0.04 -0.18 0.23 102.07 93.98 92.52 
17.25 -0.02 -0.02 0.21 0.23 0.64 0.64 -0.17 -0.31 0.40 103.30 91.24 94.39 
17.35 -0.14 -0.07 0.17 0.22 0.82 0.72 -0.23 -0.29 0.84 103.40 93.19 99.68 
17.45 -0.18 -0.12 0.07 0.16 0.83 0.84 -0.06 -0.19 0.88 100.56 96.00 100.76 
17.55 -0.16 -0.15 0.10 0.08 0.96 0.96 0.05 0.02 0.74 94.58 98.32 99.16 
17.65 -0.11 -0.14 0.15 0.11 1.06 1.05 -0.00 -0.10 0.62 95.62 98.16 97.41 
17.76 -0.06 -0.10 0.16 0.12 1.23 1.22 -0.05 0.14 0.71 96.42 96.23 98.62 
17.86 -0.18 -0.11 0.18 0.14 1.37 1.37 -0.02 -0.19 0.82 97.60 95.70 99.75 
17.96 -0.17 -0.14 0.16 0.13 1.53 1.53 0.11 -0.24 0.81 97.48 97.38 99.64 
18.07 -0.14 -0.13 0.16 0.13 1.68 1.62 0.18 -0.09 0.78 97.03 97.52 99.30 
18.17 -0.19 -0.14 0.05 0.09 1.66 1.67 0.14 -0.16 0.78 95.66 97.71 99.46 
18.27 -0.11 -0.13 0.09 0.05 1.80 1.79 0.13 0.11 0.60 92.68 97.52 97.28 
18.37 -0.11 -0.10 0.06 0.05 1.88 1.88 0.15 -0.02 0.57 93.02 95.81 96.84 
18.48 -0.05 -0.06 0.12 0.07 1.96 1.96 0.88 -0.01 0.51 93.47 93.72 96.05 
18.58 0.06 0.01 0.13 0.10 1.94 2.01 1.88 0.32 0.72 95.70 89.93 98.62 
18.68 0.33 0.19 0.09 0.11 2.02 2.00 1.87 0.39 0.73 96.38 80.47 98.81 
18.78 0.54 0.37 0.07 0.10 2.03 2.06 1.46 0.19 0.58 95.72 68.55 96.91 
18.88 0.61 0.55 0.09 0.05 2.09 2.09 1.04 0.44 0.20 93.11 58.55 92.41 
18.99 0.79 0.69 0.11 0.10 2.16 2.15 0.35 -0.07 0.04 95.41 51.54 90.66 
19.09 0.71 0.75 0.17 0.13 2.18 2.19 -0.13 0.03 -0.07 96.85 46.59 89.09 
19.19 0.64 0.70 0.13 0.14 2.14 2.15 -0.27 0.10 -0.06 98.18 49.27 89.15 
19.29 0.64 0.66 0.16 0.15 2.15 2.15 -0.15 0.15 -0.02 98.60 52.25 89.62 
19.39 0.68 0.67 0.13 0.14 2.19 2.19 -0.37 0.25 0.03 98.32 51.82 90.32 
19.50 0.65 0.67 0.06 0.11 2.30 2.30 -1.55 -0.08 -0.06 96.99 51.25 89.74 
19.60 0.25 0.47 0.04 0.11 2.26 2.29 -2.48 -0.55 -0.08 96.43 63.28 88.98 
19.70 -0.03 0.15 -0.03 0.09 2.34 2.37 -2.62 -0.45 0.07 96.18 79.59 90.87 
19.80 -0.22 -0.07 0.01 0.06 2.33 2.35 -2.02 -0.20 0.14 93.64 94.16 91.67 
19.90 -0.35 -0.24 0.02 0.05 2.41 2.42 -1.37 0.24 0.14 92.93 102.92 91.77 
20.00 -0.47 -0.38 0.05 0.06 2.41 2.38 -1.06 0.43 0.06 93.89 110.68 90.85 
20.11 -0.51 -0.47 0.06 0.07 2.38 2.39 -1.10 0.06 -0.07 94.10 116.23 89.42 
20.21 -0.66 -0.57 0.06 0.09 2.39 2.41 -1.05 -0.01 -0.13 95.20 121.54 88.33 
20.31 -0.70 -0.65 0.08 0.09 2.33 2.34 -1.08 -0.06 -0.05 95.37 127.28 89.36 
20.41 -0.65 -0.71 0.06 0.06 2.39 2.38 -0.82 -0.08 -0.06 93.44 131.13 89.39 
20.51 -0.80 -0.77 0.07 0.07 2.34 2.35 -0.35 -0.03 -0.00 93.74 133.91 89.88 
20.61 -0.84 -0.81 0.10 0.08 2.34 2.35 0.16 0.06 0.10 94.70 136.38 90.91 
20.72 -0.83 -0.83 0.07 0.08 2.32 2.32 0.36 0.04 0.17 94.78 137.25 92.02 
20.82 -0.73 -0.78 0.06 0.07 2.35 2.34 0.97 0.23 0.14 94.44 134.95 91.68 
20.92 -0.57 -0.65 0.13 0.10 2.33 2.32 2.04 0.19 0.21 95.11 128.02 92.34 
21.03 -0.45 -0.55 0.27 0.18 2.29 2.27 2.95 0.84 0.51 98.65 123.26 95.04 
21.13 -0.15 -0.33 0.26 0.24 2.08 2.05 3.04 0.63 0.72 103.67 111.02 98.54 
21.23 0.22 -0.02 0.44 0.31 2.27 2.23 2.72 0.90 0.71 106.53 93.69 98.55 
21.34 0.52 0.30 0.29 0.34 2.22 2.19 1.77 -0.43 0.49 110.20 75.34 96.41 
21.44 0.88 0.59 0.27 0.30 2.30 2.26 0.74 -0.20 0.05 107.40 59.23 90.99 
21.54 0.70 0.70 0.30 0.28 2.37 2.37 -0.16 -0.08 -0.22 106.03 50.14 87.56 
21.64 0.64 0.67 0.36 0.32 2.35 2.36 -0.74 -0.14 -0.28 108.47 51.86 86.64 
21.74 0.48 0.58 0.26 0.31 2.34 2.35 -1.24 -0.87 -0.32 108.02 56.88 86.15 
21.84 0.20 0.40 0.16 0.24 2.33 2.36 -1.77 -1.49 -0.52 104.51 65.05 83.79 
21.95 0.13 0.20 0.07 0.11 2.40 2.28 -1.88 -1.18 -0.50 96.62 77.88 83.82 
22.05 -0.08 -0.01 -0.19 -0.07 2.26 2.28 -1.61 -2.42 -0.58 87.48 89.79 83.23 
22.15 -0.25 -0.20 -0.28 -0.26 2.29 2.30 -1.37 -1.63 -0.55 75.24 100.78 83.07 
22.25 -0.43 -0.30 -0.55 -0.37 2.23 2.25 -0.83 -1.16 -0.24 70.52 105.87 86.86 
22.35 -0.43 -0.35 -0.74 -0.48 2.25 2.27 -0.40 -1.03 -0.18 62.60 109.84 87.82 
22.45 -0.43 -0.42 -0.78 -0.60 2.19 2.21 -0.09 -0.21 -0.02 57.41 114.12 89.73 
22.56 -0.37 -0.42 -0.50 -0.59 2.20 2.19 0.07 0.20 -0.03 55.43 114.48 89.75 
22.66 -0.38 -0.42 -0.57 -0.60 2.18 2.17 0.14 0.39 -0.06 55.75 113.88 89.25 
22.76 -0.40 -0.40 -0.54 -0.57 2.16 2.16 0.23 0.32 -0.06 57.12 112.72 89.26 
22.86 -0.39 -0.36 -0.55 -0.54 2.15 2.15 0.31 0.31 -0.01 59.34 110.38 89.94 
22.96 -0.32 -0.35 -0.55 -0.54 2.09 2.09 0.39 0.83 -0.09 58.79 109.88 88.91 
23.06 -0.38 -0.32 -0.37 -0.48 1.95 1.94 0.77 1.68 -0.29 62.46 108.31 86.48 
23.17 -0.21 -0.22 -0.14 -0.22 1.99 1.99 1.12 1.58 -0.27 76.84 102.98 86.91 
23.27 0.15 -0.11 -0.06 -0.03 1.75 1.73 1.00 1.68 -0.24 88.85 99.10 87.17 
23.37 0.18 0.05 0.10 0.10 1.70 1.79 0.44 0.55 -0.54 95.56 88.42 83.77 
23.48 0.06 0.09 0.32 0.24 1.75 1.74 -0.16 0.61 -0.69 102.91 84.38 81.56 
23.58 -0.05 -0.03 0.28 0.27 1.57 1.57 -0.70 0.69 -0.52 105.65 91.34 83.85 
23.68 -0.24 -0.17 0.31 0.29 1.44 1.44 -0.68 0.68 -0.64 106.09 99.03 82.50 
23.78 -0.14 -0.19 0.28 0.27 1.30 1.29 -0.62 0.07 -0.92 105.75 100.91 79.00 
23.89 -0.17 -0.20 0.34 0.31 1.26 1.26 -0.12 -0.21 -0.99 107.54 101.83 77.94 
23.99 -0.24 -0.23 0.35 0.32 1.11 1.11 0.25 0.36 -1.11 108.22 102.80 76.83 
24.09 -0.24 -0.23 0.39 0.38 0.95 1.02 0.28 0.06 -1.03 111.43 103.33 77.13 
24.20 -0.18 -0.21 0.36 0.37 0.84 0.84 0.16 0.02 -0.71 111.24 102.61 81.12 
24.30 -0.03 -0.14 0.40 0.37 0.69 0.69 0.01 0.23 -0.41 110.57 99.24 84.68 
24.40 -0.08 -0.11 0.37 0.37 0.68 0.68 -0.02 -0.11 0.01 111.09 96.84 89.72 
24.51 -0.13 -0.15 0.32 0.33 0.66 0.66 -0.06 0.08 0.24 109.30 98.61 92.62 
24.61 -0.15 -0.17 0.39 0.35 0.73 0.67 -0.04 -0.24 0.43 109.66 99.96 94.89 
24.71 -0.24 -0.21 0.37 0.37 0.81 0.81 0.09 -0.28 0.64 111.22 101.47 97.31 
24.81 -0.18 -0.21 0.37 0.35 0.92 0.92 0.20 -0.24 0.77 109.97 102.31 99.09 
24.92 -0.08 -0.17 0.33 0.33 0.99 0.98 0.24 0.27 0.86 108.75 100.79 100.31 
25.02 -0.10 -0.14 0.28 0.28 1.10 1.09 0.27 -0.07 0.80 106.07 98.42 99.81 
25.12 -0.13 -0.12 0.21 0.25 1.27 1.19 0.36 -0.70 0.78 104.85 96.97 99.31 
25.22 -0.03 -0.09 0.21 0.21 1.39 1.38 0.59 -1.08 0.60 102.26 95.20 97.22 
25.33 -0.03 -0.05 0.18 0.19 1.53 1.53 0.71 -1.19 0.53 101.29 93.28 96.31 
25.43 0.05 0.02 0.06 0.11 1.63 1.63 0.66 -1.09 0.46 96.75 89.07 95.52 
25.53 0.09 0.06 -0.11 -0.05 1.67 1.68 0.49 -0.31 0.50 88.06 86.94 95.95 
25.64 0.11 0.09 -0.20 -0.17 1.69 1.68 0.22 -0.07 0.47 80.37 85.18 95.68 
25.74 0.16 0.12 -0.34 -0.26 1.76 1.77 -0.05 0.04 0.24 76.05 83.58 93.20 
25.84 0.07 0.11 -0.23 -0.24 1.74 1.74 -0.18 0.44 -0.03 75.94 83.43 89.97 
25.94 0.01 0.11 -0.10 -0.16 1.76 1.76 -0.33 0.58 -0.15 81.01 83.80 88.23 
26.04 0.08 0.09 -0.04 -0.10 1.74 1.74 -0.34 0.63 -0.25 83.78 84.59 87.14 
26.15 0.15 0.13 0.01 -0.04 1.76 1.75 -0.26 0.52 -0.15 87.41 82.88 88.17 
26.25 0.07 0.07 0.06 0.02 1.72 1.72 -0.11 0.31 -0.15 90.63 86.15 88.20 
26.35 0.04 0.06 0.07 0.07 1.74 1.74 0.12 0.18 -0.08 93.93 86.26 88.82 
26.46 0.03 0.06 0.09 0.10 1.70 1.70 0.21 0.10 0.07 95.83 85.98 90.69 
26.56 0.07 0.07 0.11 0.11 1.70 1.70 0.15 0.07 0.13 96.00 86.27 91.49 
26.66 0.08 0.08 0.09 0.09 1.71 1.71 0.06 -0.13 0.08 95.46 85.79 91.12 
26.76 0.09 0.09 0.10 0.10 1.72 1.72 -0.03 -0.07 0.05 95.48 85.09 90.63 
26.87 0.10 0.09 0.10 0.09 1.74 1.74 -0.07 -0.02 0.03 95.19 84.69 90.39 
26.97 0.08 0.08 0.10 0.09 1.73 1.73 -0.05 0.01 0.03 94.96 85.54 90.40 
27.07 0.09 0.09 0.10 0.11 1.71 1.75 0.11 -0.06 0.02 96.30 84.77 90.26 
27.18 0.11 0.09 0.10 0.10 1.76 1.76 0.10 0.00 0.05 96.01 84.72 90.63 
27.28 0.15 0.10 0.07 0.08 1.78 1.77 0.00 0.01 0.04 94.79 84.43 90.50 
27.38 0.09 0.09 0.08 0.08 1.76 1.76 -0.08 -0.04 0.01 94.76 84.64 90.14 
27.48 0.07 0.08 0.09 0.08 1.76 1.76 -0.03 -0.02 -0.03 94.61 85.18 89.70 
27.58 0.09 0.09 0.10 0.09 1.74 1.76 0.05 -0.00 -0.00 95.27 85.18 89.92 
27.69 0.09 0.09 0.08 0.09 1.78 1.78 0.06 -0.01 0.07 95.25 84.57 90.92 
27.79 0.12 0.10 0.08 0.09 1.77 1.77 0.02 -0.02 0.04 95.21 84.54 90.56 
27.89 0.09 0.11 0.13 0.12 1.80 1.80 -0.02 0.06 0.12 96.54 83.38 91.25 
28.00 0.10 0.12 0.12 0.11 1.85 1.85 -0.05 -0.13 0.28 96.50 82.99 93.31 
28.10 0.18 0.12 0.08 0.06 1.88 1.87 -0.04 -0.13 0.34 93.48 83.73 94.32 
28.21 0.10 0.10 0.01 0.03 1.87 1.87 0.11 -0.05 0.32 92.20 84.28 93.99 
28.31 0.09 0.09 0.10 0.05 1.94 1.94 0.14 0.25 0.27 92.48 84.65 93.26 
28.41 0.08 0.08 0.05 0.07 1.99 1.99 0.03 0.16 0.36 94.11 85.29 94.24 
28.51 0.05 0.08 -0.01 0.03 2.03 2.03 -0.08 -0.05 0.35 92.36 85.37 94.24 
28.61 0.09 0.06 0.02 0.00 2.01 2.00 -0.06 0.52 0.26 89.92 86.65 93.21 
28.72 0.09 0.07 0.12 0.06 2.04 2.03 0.02 -0.09 0.27 93.49 85.91 93.18 
28.82 0.09 0.10 0.09 0.06 2.18 2.15 0.00 -0.42 0.31 93.24 84.28 93.67 
28.92 0.08 0.11 -0.02 -0.00 2.20 2.20 -0.10 0.09 0.24 90.01 83.34 92.93 
29.02 0.07 0.07 0.09 0.03 2.21 2.20 -0.01 0.44 0.15 91.87 85.95 91.78 
29.12 0.08 0.10 0.14 0.12 2.29 2.29 0.21 -0.19 0.26 96.44 83.82 92.73 
29.23 0.30 0.13 -0.01 0.09 2.28 2.26 0.20 -0.15 0.43 96.31 84.28 95.37 
29.33 0.27 0.18 0.00 0.06 2.38 2.37 -0.08 -0.10 0.33 93.84 80.46 94.29 
29.43 0.16 0.18 0.04 0.04 2.43 2.44 -0.43 0.04 0.21 92.36 79.42 92.71 
29.53 0.09 0.13 0.05 0.04 2.45 2.45 -0.47 0.04 0.27 92.21 82.30 93.24 
29.64 0.07 0.07 -0.02 0.01 2.48 2.48 -0.24 -0.15 0.40 90.73 86.32 94.55 
29.74 0.00 0.02 0.09 0.05 2.53 2.54 -0.07 -0.12 0.54 92.40 88.37 96.08 
29.84 -0.15 -0.06 -0.03 0.01 2.47 2.48 0.08 -0.08 0.67 91.30 92.63 98.17 
29.95 0.01 -0.08 -0.07 -0.03 -3.70 1.63 -0.02 0.17 0.59 88.88 95.61 97.44 
30.05 -0.02 -0.07 -0.04 -0.02 -3.65 -3.66 -0.18 -0.02 0.53 88.93 93.99 96.36 
30.15 -0.17 -0.12 -0.08 -0.07 -3.59 -3.59 -0.35 -0.06 0.36 86.44 96.29 94.69 
30.25 -0.19 -0.15 -0.01 -0.04 -3.55 -3.58 -0.44 0.14 0.12 87.85 98.33 91.42 
30.35 -0.14 -0.14 0.04 -0.00 -3.61 -3.61 -0.12 -0.05 0.04 89.51 98.29 90.47 
30.45 -0.17 -0.15 0.06 0.04 -3.52 -3.51 0.38 -0.12 0.19 92.10 98.53 91.50 
30.56 -0.22 -0.15 0.07 0.08 -3.54 -3.53 0.78 -0.58 0.27 94.53 97.87 93.25 
30.66 -0.06 -0.12 -0.01 0.00 -3.59 -3.59 0.75 -0.17 -0.06 90.27 97.25 90.07 
30.76 0.00 -0.07 0.07 0.03 -3.65 -3.62 0.42 -0.20 -0.54 91.57 94.51 84.06 
30.86 0.09 0.01 0.02 0.04 -3.65 -3.66 0.05 0.17 -1.07 92.31 90.53 77.59 
30.96 0.11 0.07 0.09 0.06 -3.71 -3.65 -0.09 0.09 -1.35 93.57 85.99 73.81 
31.07 0.08 0.07 0.18 0.15 2.53 2.52 0.03 0.03 -1.30 98.09 86.27 74.25 
31.17 -0.02 0.02 0.09 0.11 2.31 2.31 0.06 -0.26 -1.31 96.72 88.62 74.37 
31.27 0.04 0.04 0.11 0.11 2.25 2.25 -0.07 -0.15 -1.25 96.32 87.86 74.97 
31.37 0.06 0.04 0.13 0.11 2.09 2.09 -0.09 0.10 -0.93 96.34 88.00 78.16 
31.48 0.08 0.06 0.12 0.10 2.00 2.06 0.06 -0.17 -0.77 95.62 87.01 80.11 
31.58 0.17 0.09 0.09 0.10 2.00 1.99 -0.01 -0.27 -0.68 95.91 85.31 82.09 
31.68 -0.11 -0.00 -0.05 0.06 1.67 1.69 -0.05 -0.36 -0.74 94.19 89.12 81.39 
31.78 0.05 0.03 0.03 0.03 1.65 1.65 0.10 -0.08 -0.93 92.03 88.40 78.77 
31.89 0.27 0.20 0.10 0.09 1.69 1.68 -0.16 -0.10 -0.62 95.03 79.47 82.37 
31.99 0.26 0.26 0.03 0.05 1.51 1.61 -0.33 0.39 -0.44 93.14 75.10 84.61 
32.10 0.14 0.19 0.02 0.07 1.38 1.40 -0.26 0.17 -0.44 94.47 78.42 84.83 
32.20 0.17 0.17 0.16 0.12 1.33 1.31 -0.04 0.24 -0.35 96.44 80.24 85.51 
32.31 0.13 0.14 0.19 0.16 1.32 1.31 0.22 -0.26 -0.09 98.75 81.67 88.78 
32.41 0.12 0.14 0.08 0.12 1.28 1.29 0.10 -0.22 -0.14 97.55 81.75 88.40 
32.51 0.12 0.11 0.12 0.09 1.15 1.18 0.08 0.24 -0.26 94.61 83.81 87.13 
32.62 0.09 0.09 0.07 0.09 1.10 1.11 0.07 0.00 -0.10 95.50 84.54 88.56 
32.72 0.07 0.06 0.04 0.06 1.01 1.01 0.10 0.18 -0.06 93.48 86.43 89.47 
32.82 0.09 0.06 0.03 0.06 0.97 0.98 0.04 0.08 -0.14 93.92 86.81 88.27 
32.93 0.03 0.04 0.05 0.06 0.92 0.92 -0.17 -0.04 -0.13 93.43 87.33 88.44 
33.03 0.02 0.03 0.12 0.08 0.92 0.93 -0.23 0.04 -0.01 94.04 88.41 89.51 
33.13 0.08 0.05 0.15 0.11 0.98 0.97 -0.16 -0.11 0.44 96.17 87.03 95.22 
33.26 0.01 0.05 0.20 0.12 1.23 1.02 0.03 0.27 1.45 96.94 87.41 107.40 
33.39 0.05 0.05 -0.03 0.10 1.42 1.26 0.13 -0.58 0.51 95.60 87.39 96.17 
33.53 0.03 0.04 0.10 0.10 1.54 1.43 -0.41 -0.13 -0.01 95.60 87.50 89.88 
33.66 -0.02 0.03 0.08 0.10 1.62 1.55 -0.45 -0.19 -0.04 95.48 88.00 89.57 
33.76 -0.07 0.01 0.11 0.10 1.64 1.65 -0.07 0.02 -0.05 95.52 88.85 89.08 
33.86 -0.08 -0.03 0.04 0.09 1.59 1.61 0.13 -0.04 0.02 95.81 91.37 90.25 
33.96 -0.03 -0.04 0.00 0.06 1.53 1.53 0.24 -0.05 -0.11 93.25 92.46 88.71 
34.07 0.02 -0.01 0.03 0.05 1.47 1.50 0.28 -0.16 -0.32 93.08 90.74 86.43 
34.17 0.06 0.02 0.07 0.07 1.45 1.45 0.23 0.07 -0.47 93.83 89.27 84.64 
34.27 0.08 0.05 0.16 0.11 1.39 1.37 0.09 0.17 -0.66 95.61 87.17 82.33 
34.38 0.02 0.02 0.17 0.15 1.35 1.35 -0.01 -0.05 -0.50 98.16 88.99 83.58 
34.48 -0.01 -0.01 0.12 0.14 1.27 1.27 -0.06 0.04 -0.06 98.39 90.31 89.08 
34.59 -0.00 0.00 0.10 0.12 1.22 1.23 0.08 0.09 0.08 96.90 89.63 90.92 
34.69 0.04 0.02 0.13 0.12 1.21 1.21 0.14 -0.08 0.07 96.72 88.96 90.82 
34.79 0.06 0.03 0.12 0.10 1.20 1.19 0.12 0.09 -0.02 95.24 88.51 89.98 
34.89 0.06 0.04 0.07 0.09 1.16 1.17 0.02 0.07 0.02 95.21 87.83 90.35 
34.99 -0.01 0.03 0.03 0.07 1.13 1.14 0.04 0.09 -0.13 94.15 88.14 89.02 
35.10 0.10 0.07 0.17 0.11 1.19 1.17 0.10 0.02 -0.46 95.44 86.21 84.57 
35.20 -0.03 0.06 0.14 0.11 1.07 1.07 -0.03 -0.24 -0.60 96.02 85.41 82.78 
35.31 0.02 0.04 0.05 0.09 0.90 -0.35 -0.02 -0.04 -0.60 95.34 87.38 82.80 
35.41 0.00 0.02 0.05 0.07 0.80 0.80 0.12 -0.23 -0.66 93.98 88.62 82.22 
35.51 0.05 0.02 0.01 0.03 0.64 0.65 0.13 -0.35 -0.78 91.65 88.82 80.67 
35.61 0.00 -0.00 0.02 0.03 0.59 0.60 0.01 -0.19 -0.93 91.89 90.31 78.75 
35.72 0.00 -0.01 0.08 0.05 0.41 0.41 -0.03 -0.23 -1.01 92.70 90.93 78.19 
35.82 0.00 -0.01 0.08 0.05 0.20 0.28 -0.21 0.22 -1.13 92.92 90.62 76.46 
35.92 0.00 -0.01 0.13 0.11 0.12 0.12 -0.33 -0.23 -1.03 96.24 90.79 77.52 
36.03 -0.00 -0.03 0.12 0.10 -0.08 -0.08 -0.15 -0.08 -0.89 95.50 91.75 79.26 
36.13 0.03 -0.00 0.17 0.13 -0.16 -0.16 0.18 0.06 -0.62 97.00 90.32 82.09 
36.23 0.13 0.06 0.13 0.16 -0.28 -0.26 0.20 0.14 -0.11 98.90 86.65 88.70 
36.34 0.09 0.09 0.10 0.12 -0.28 -0.20 0.11 0.12 0.08 97.34 85.10 90.89 
36.44 -0.00 0.04 0.06 0.09 -0.22 -0.23 0.00 0.14 0.23 95.76 87.21 92.72 
36.54 -0.02 0.01 0.07 0.08 -0.12 -0.12 0.10 0.05 0.30 94.36 88.99 93.54 
36.65 0.04 0.05 0.13 0.09 -0.11 -0.11 0.06 0.09 0.52 95.11 87.08 95.95 
36.75 0.06 0.04 -0.05 0.05 -0.07 -0.06 0.06 0.08 0.57 92.91 87.78 96.80 
36.85 0.03 0.03 0.01 0.03 0.03 0.00 -0.00 0.06 0.41 91.75 88.57 95.13 
36.95 0.03 0.02 0.05 0.06 0.05 0.06 -0.06 -0.02 0.31 93.17 88.92 93.74 
37.06 0.01 0.01 0.02 0.05 0.07 0.08 -0.12 0.03 0.34 93.30 89.08 94.36 
37.16 -0.01 -0.01 0.02 0.04 0.13 0.13 -0.09 0.02 0.08 92.27 90.58 91.36 
37.26 0.00 0.00 0.04 0.03 0.13 0.13 -0.10 0.12 -0.04 91.99 89.96 89.52 
37.36 -0.02 -0.00 0.08 0.06 0.15 0.14 -0.10 0.05 -0.12 93.27 90.11 88.56 
37.47 -0.01 -0.01 0.11 0.09 0.11 0.11 -0.08 -0.06 -0.12 95.04 90.68 88.55 
37.57 0.00 -0.01 0.13 0.11 0.12 0.12 -0.04 -0.02 -0.03 96.05 90.79 89.58 
37.67 -0.03 -0.02 0.11 0.11 0.14 0.13 0.06 0.03 0.10 96.02 91.31 91.20 
37.77 -0.05 -0.04 0.05 0.08 0.12 0.12 0.05 0.07 0.09 95.13 92.29 91.15 
37.88 -0.05 -0.04 0.04 0.06 0.14 0.14 -0.03 0.06 -0.01 93.60 91.92 90.11 
37.98 -0.03 -0.04 0.05 0.06 0.10 0.10 0.02 0.05 -0.11 93.37 92.34 88.74 
38.08 0.00 -0.02 0.11 0.08 0.10 0.10 0.22 0.17 -0.12 94.40 91.57 88.49 
38.18 -0.03 -0.02 0.07 0.11 0.12 0.13 0.08 0.07 -0.01 96.51 90.88 89.87 
38.29 0.03 0.00 0.13 0.12 0.10 0.10 -0.03 -0.14 -0.05 96.99 90.03 89.37 
38.39 0.00 0.01 0.10 0.11 0.10 0.10 -0.02 -0.14 -0.07 96.70 89.15 89.11 
38.49 0.04 0.03 0.10 0.11 0.09 0.10 0.08 0.01 -0.01 96.67 88.14 89.78 
38.60 0.02 0.02 0.08 0.11 0.07 0.07 0.08 -0.00 0.08 96.61 88.49 90.93 
38.70 0.01 0.02 0.09 0.10 0.08 0.08 -0.01 -0.08 0.08 95.85 88.89 91.01 
38.80 0.01 0.01 0.10 0.07 0.09 0.07 -0.02 0.05 0.01 93.94 89.33 90.14 
38.91 0.08 0.01 0.07 0.08 0.10 0.11 -0.05 -0.14 0.04 95.02 90.29 90.44 
39.01 -0.07 -0.02 0.03 0.06 0.05 0.04 -0.06 0.01 0.04 93.68 90.55 90.43 
39.11 -0.03 -0.01 0.12 0.09 0.12 0.11 0.01 -0.06 -0.06 94.98 90.84 89.31 
39.21 -0.10 -0.02 0.03 0.08 0.08 0.08 0.02 -0.05 0.01 94.78 91.09 90.11 
39.31 -0.03 -0.02 0.06 0.07 0.13 0.11 0.04 0.11 0.01 94.01 90.74 90.19 
39.42 -0.01 -0.02 0.07 0.08 0.11 0.11 -0.03 0.04 -0.03 94.75 91.15 89.63 
39.52 -0.01 -0.01 0.09 0.08 0.08 0.11 -0.06 -0.13 -0.15 94.83 90.37 88.16 
39.62 -0.03 -0.01 0.09 0.10 0.09 0.09 -0.08 -0.01 -0.04 95.84 90.21 89.33 
39.72 0.01 -0.02 0.11 0.10 0.07 0.07 0.01 -0.12 0.06 95.58 90.87 90.70 
39.82 0.02 -0.01 0.11 0.07 0.08 0.08 0.08 0.06 0.19 94.00 90.49 92.27 
39.93 -0.03 -0.04 0.05 0.05 0.11 0.11 0.04 0.11 0.09 93.07 92.26 91.37 
40.03 -0.03 -0.02 0.09 0.10 0.11 0.13 0.06 -0.00 0.01 96.08 91.24 90.25 
40.13 0.02 0.02 0.11 0.11 0.12 0.12 0.08 -0.02 0.09 96.36 88.83 90.67 
40.24 0.05 0.08 0.35 0.25 0.29 0.27 -0.04 -0.36 1.59 103.14 85.39 105.76 
40.34 0.04 -0.01 -0.02 0.14 0.43 0.46 0.24 -0.06 1.74 99.82 90.84 113.43 
40.45 0.07 0.01 -0.25 -0.12 0.46 0.48 -0.06 -0.40 -0.35 84.42 89.93 87.82 
40.55 -0.14 -0.08 -0.12 -0.14 0.31 0.43 -0.41 0.05 -1.67 81.74 94.51 70.00 
40.65 -0.01 -0.05 0.30 0.06 0.33 0.29 -0.35 -0.35 -1.22 90.68 93.12 72.59 
40.76 0.00 0.05 0.12 0.19 0.37 0.38 -0.02 0.72 1.46 101.46 86.94 105.83 
40.86 -0.08 -0.08 -0.11 0.03 0.37 0.39 0.67 0.17 1.05 93.38 94.72 105.07 
40.97 -0.09 0.02 -0.50 -0.16 0.29 0.32 0.03 -0.52 -1.00 80.69 88.89 78.02 
41.07 0.07 0.04 0.17 -0.03 0.18 0.26 -0.37 0.22 -0.48 88.49 87.63 84.29 
41.18 -0.11 0.06 0.24 0.25 0.47 0.45 -0.27 0.85 1.60 104.20 84.63 109.04 
41.28 -0.06 0.01 -0.03 0.02 0.44 0.44 0.38 -0.85 -0.56 91.39 89.62 83.29 
41.38 -0.07 -0.06 0.00 -0.00 0.43 0.43 -0.12 -0.69 -1.53 89.73 93.22 71.20 
41.48 0.06 -0.02 0.15 0.05 0.23 0.22 -0.21 0.22 -0.60 91.75 91.67 80.96 
41.59 0.00 -0.01 0.12 0.09 0.18 0.15 -0.31 0.32 0.72 95.15 90.82 96.88 
41.69 -0.06 -0.08 0.14 0.13 0.38 0.38 -0.29 1.06 1.83 97.68 94.49 111.92 
41.79 -0.11 -0.10 -0.01 0.05 0.52 0.53 0.72 -1.70 -0.55 93.70 95.42 86.39 
41.89 0.15 0.05 -0.22 -0.13 0.23 0.26 -0.05 -0.19 -1.06 83.27 88.44 75.88 
41.99 -0.10 0.01 0.07 0.02 0.33 0.31 -0.27 0.26 0.05 90.87 89.70 90.61 
42.10 -0.07 -0.07 -0.05 0.03 0.28 0.33 0.03 -0.02 0.17 92.18 94.12 92.56 
42.20 -0.02 -0.04 0.08 0.04 0.32 0.31 0.09 0.10 0.05 92.31 92.01 90.60 
42.30 -0.05 -0.04 0.11 0.09 0.39 0.42 0.02 0.01 0.45 95.09 92.31 95.08 
42.40 0.00 -0.04 0.09 0.07 0.44 0.44 0.15 0.03 0.48 93.77 92.65 95.92 
42.51 -0.02 -0.02 0.13 0.08 0.53 0.52 0.17 0.15 0.54 94.16 91.09 96.49 
42.61 0.00 -0.01 0.11 0.07 0.59 0.58 0.11 -0.01 0.44 93.54 90.97 95.25 
42.71 0.02 0.01 0.17 0.11 0.71 0.70 -0.00 0.06 0.52 96.28 89.38 96.26 
42.82 0.08 0.03 0.18 0.13 0.87 0.79 -0.05 -0.09 0.77 97.29 88.91 98.84 
42.92 -0.02 0.01 0.15 0.13 1.03 1.02 0.07 0.09 1.04 97.30 89.41 102.04 
43.02 0.12 0.01 0.17 0.10 1.19 1.18 0.22 0.16 0.94 95.14 90.43 101.89 
43.13 0.03 -0.01 0.05 0.04 1.23 1.23 0.28 0.36 0.50 92.22 90.70 96.96 
43.23 -0.02 0.01 -0.06 -0.02 1.18 1.19 0.09 0.12 -0.39 89.09 89.35 86.55 
43.34 -0.01 -0.00 -0.00 -0.05 1.01 1.06 -0.18 -0.28 -1.41 86.40 89.93 74.27 
43.44 -0.08 -0.04 0.06 0.01 0.91 0.90 -0.44 -0.01 -1.75 90.39 92.10 68.98 
43.54 -0.14 -0.10 0.14 0.08 0.62 0.61 -0.36 -0.01 -1.85 94.09 95.54 67.79 
43.64 -0.00 -0.09 0.15 0.11 0.48 0.49 0.14 0.12 -1.68 96.24 96.25 69.71 
43.74 -0.01 -0.05 0.21 0.15 0.16 0.15 0.40 0.32 -1.37 98.74 92.90 73.52 
43.85 0.07 0.01 0.24 0.20 -0.06 0.01 0.50 0.33 -0.83 101.02 89.86 79.39 
43.95 0.11 0.07 0.21 0.20 -0.12 -0.11 0.35 0.02 -0.39 101.67 86.26 85.33 
44.05 0.14 0.14 0.22 0.21 -0.22 -0.21 0.12 -0.07 -0.03 102.03 82.16 89.00 
44.15 0.08 0.12 0.22 0.21 -0.20 -0.21 -0.06 0.02 0.54 102.20 82.46 95.86 
44.26 0.07 0.08 0.10 0.15 -0.05 -0.05 0.03 -0.14 0.84 99.26 85.07 99.85 
44.36 0.03 0.06 0.15 0.15 0.05 0.05 0.03 -0.02 0.97 98.47 85.96 101.18 
44.47 0.01 0.05 0.06 0.10 0.22 0.22 -0.01 0.00 0.87 96.36 86.38 100.56 
44.57 0.01 0.07 0.14 0.12 0.32 0.28 -0.16 0.05 0.81 96.51 85.46 99.62 
44.68 0.01 0.04 0.07 0.09 0.38 0.38 -0.27 -0.06 0.33 95.05 87.23 94.81 
44.78 -0.06 -0.01 0.05 0.04 0.39 0.39 -0.32 -0.08 -0.16 92.43 90.15 88.53 
44.88 -0.06 -0.03 0.10 0.08 0.40 0.40 -0.23 -0.06 -0.37 94.30 91.91 85.56 
44.98 -0.02 -0.02 0.14 0.13 0.44 0.44 -0.10 0.03 -0.33 97.23 91.42 86.03 
45.09 -0.02 -0.03 0.08 0.12 0.25 0.31 0.05 0.10 -0.34 97.12 92.15 86.11 
45.19 -0.07 -0.05 0.08 0.10 0.21 0.21 0.12 0.17 -0.47 95.45 92.90 84.39 
45.29 0.00 -0.05 0.10 0.09 0.09 0.10 0.19 -0.06 -0.80 95.01 93.64 80.78 
45.39 -0.04 -0.03 0.10 0.10 0.04 0.04 0.08 -0.03 -0.82 95.88 91.67 80.04 
45.49 -0.03 -0.03 0.10 0.11 -0.09 -0.09 -0.01 -0.25 -0.73 96.44 91.57 81.27 
45.59 -0.04 -0.02 0.12 0.11 -0.15 -0.15 0.05 -0.19 -0.58 96.15 91.04 83.08 
45.70 0.04 0.03 0.20 0.16 -0.26 -0.26 0.03 0.08 -0.08 98.62 88.33 88.35 
45.80 0.06 0.04 0.18 0.19 -0.17 -0.16 -0.00 0.31 0.43 100.80 87.96 94.41 
45.90 -0.04 0.03 0.24 0.20 -0.18 -0.19 -0.01 -0.04 0.86 100.84 87.53 99.59 
46.01 0.18 0.05 0.19 0.18 -0.00 0.01 -0.08 -0.21 1.19 100.30 87.36 104.28 
46.11 -0.14 -0.04 0.17 0.12 0.15 0.13 -0.12 0.02 1.22 96.23 91.42 104.44 
46.21 -0.12 -0.04 0.11 0.10 0.35 0.34 -0.09 0.03 1.04 95.65 92.25 102.46 
46.31 -0.16 -0.07 0.01 0.06 0.47 0.43 0.12 -0.01 0.50 94.03 93.47 96.69 
46.42 0.01 -0.06 0.06 0.06 0.46 0.46 0.05 -0.14 0.02 93.50 94.45 90.91 
46.52 -0.03 -0.04 0.02 0.04 0.47 0.45 -0.04 -0.72 -0.30 92.46 92.56 86.36 
46.62 -0.03 -0.04 -0.14 -0.04 0.45 0.47 -0.26 -1.93 -0.67 88.42 92.57 81.89 
46.72 -0.05 -0.07 -0.25 -0.17 0.50 0.52 -0.63 -2.18 -0.65 81.30 94.11 82.00 
46.83 -0.08 -0.07 -0.74 -0.37 0.40 0.41 -0.83 -1.81 -0.32 72.55 94.02 85.91 
46.93 -0.09 -0.09 -0.54 -0.54 0.19 0.19 -0.79 -1.24 -0.20 59.34 94.95 87.65 
47.03 -0.27 -0.17 -0.60 -0.59 0.29 0.25 -0.59 -1.03 0.01 56.05 99.94 90.17 
47.13 -0.41 -0.31 -0.78 -0.75 0.30 0.29 -0.33 -0.56 0.16 47.23 106.80 91.82 
47.24 -0.34 -0.40 -0.99 -0.90 0.22 0.25 0.20 1.26 0.25 39.48 113.52 92.84 
47.34 -0.16 -0.32 -0.39 -0.64 0.32 0.31 0.50 2.46 0.35 51.11 110.15 94.35 
47.45 -0.28 -0.30 -0.32 -0.50 0.30 0.28 0.53 2.56 0.25 59.87 107.54 93.11 
47.55 -0.13 -0.19 0.02 -0.24 0.07 0.06 0.57 2.77 0.06 73.43 101.83 90.84 
47.65 -0.17 -0.13 0.07 0.01 0.09 0.08 0.75 1.80 0.07 90.40 97.35 90.80 
47.76 0.13 0.02 0.44 0.27 0.14 0.13 0.95 2.01 0.27 103.46 89.69 92.70 
47.86 0.15 0.12 0.46 0.42 0.14 0.14 0.94 1.92 0.42 113.87 83.67 94.93 
47.97 0.12 0.18 0.55 0.55 0.19 0.19 0.66 1.12 0.20 121.61 79.33 93.00 
48.07 0.25 0.21 0.67 0.63 0.18 0.18 0.30 0.17 -0.13 125.43 78.17 88.68 
48.17 0.22 0.25 0.71 0.67 0.21 0.21 -0.22 -0.97 -0.23 128.23 75.94 87.28 
48.27 0.20 0.23 0.55 0.60 0.16 0.17 -0.46 -1.04 -0.27 124.91 76.19 86.93 
48.37 0.03 0.13 0.38 0.49 0.12 0.13 -0.53 -1.81 -0.36 118.06 82.27 85.67 
48.48 0.22 0.09 0.36 0.39 0.06 0.08 -0.65 -1.79 -0.41 112.38 85.96 84.83 
48.58 -0.05 0.01 0.20 0.23 0.01 0.01 -0.77 -1.25 -0.28 103.17 88.64 86.47 
48.69 -0.23 -0.10 -0.08 0.03 -0.01 -0.02 -0.71 -1.60 -0.25 92.93 94.15 87.03 
48.79 -0.15 -0.13 -0.38 -0.17 -0.08 -0.06 -0.50 -1.39 -0.23 82.64 97.51 87.12 
48.90 -0.32 -0.24 -0.42 -0.32 -0.03 -0.04 -0.28 -0.80 -0.22 72.47 103.05 87.36 
49.00 -0.19 -0.25 -0.33 -0.33 -0.02 -0.00 -0.16 -0.60 -0.13 70.92 104.68 88.13 
49.10 -0.31 -0.27 -0.46 -0.43 -0.02 -0.04 -0.01 0.37 0.10 65.39 105.54 91.17 
49.21 -0.23 -0.24 -0.22 -0.35 -0.06 -0.07 0.37 1.95 0.41 68.88 103.95 94.61 
49.31 -0.28 -0.21 0.09 -0.11 0.00 -0.03 0.56 2.16 0.66 81.85 101.13 97.55 
49.41 -0.09 -0.16 0.11 0.07 0.06 0.06 0.65 1.12 0.91 93.46 99.84 100.77 
49.52 -0.12 -0.13 0.22 0.16 0.10 0.09 0.63 1.04 0.96 98.69 97.33 101.47 
49.62 0.04 -0.02 0.26 0.26 0.22 0.12 0.46 0.94 0.89 104.61 92.04 100.89 
49.72 -0.02 -0.00 0.29 0.32 0.29 0.29 0.35 0.32 0.61 108.64 90.06 97.80 
49.83 0.12 0.04 0.43 0.35 0.43 0.43 0.33 -0.45 0.30 109.46 88.42 93.91 
49.93 0.15 0.10 0.37 0.36 0.50 0.50 0.12 -0.81 0.14 110.32 84.67 91.70 
50.03 0.16 0.13 0.28 0.31 0.52 0.53 -0.04 -0.39 0.20 108.02 82.67 92.37 
50.14 0.16 0.15 0.25 0.27 0.59 0.55 -0.54 -1.05 0.18 105.58 81.63 92.13 
50.24 -0.02 0.07 0.06 0.16 0.65 0.66 -1.08 -1.47 0.21 99.30 85.81 92.48 
50.34 -0.16 -0.05 -0.05 0.02 0.73 0.74 -1.28 -1.39 0.41 91.74 91.59 94.61 
50.45 -0.15 -0.16 -0.20 -0.14 0.75 0.77 -1.34 -0.70 0.49 82.41 99.40 95.83 
50.55 -0.41 -0.30 -0.30 -0.20 0.84 0.86 -1.24 -0.57 0.49 78.42 107.14 95.90 
50.65 -0.52 -0.45 -0.21 -0.24 1.00 0.92 -0.88 -0.54 0.57 76.31 114.91 96.61 
50.76 -0.55 -0.52 -0.23 -0.22 1.12 1.12 -0.09 0.22 0.62 77.33 119.84 97.44 
50.86 -0.64 -0.53 -0.19 -0.18 1.17 1.20 0.90 0.39 0.61 79.54 120.30 97.37 
50.96 -0.43 -0.48 -0.10 -0.12 1.23 1.22 1.51 0.19 0.52 82.71 117.84 96.27 
51.07 -0.36 -0.40 -0.09 -0.09 1.25 1.25 1.74 0.39 0.51 84.64 113.11 95.99 
51.17 -0.18 -0.26 0.01 -0.05 1.26 1.25 1.68 0.63 0.53 87.11 104.95 96.40 
51.27 -0.00 -0.08 0.08 0.02 1.36 1.35 1.58 0.33 0.51 90.87 95.15 96.05 
51.38 0.15 0.07 0.05 0.03 1.38 1.37 1.29 0.36 0.44 91.72 87.15 95.32 
51.48 0.27 0.22 0.02 0.05 1.44 1.45 0.70 0.12 0.33 93.33 77.63 94.22 
51.58 0.41 0.34 0.10 0.09 1.54 1.53 0.19 -0.05 0.10 95.12 70.48 91.21 
51.69 0.44 0.42 0.17 0.16 1.65 1.65 -0.37 -0.35 0.06 98.91 66.03 90.54 
51.79 0.24 0.33 0.17 0.18 1.70 1.72 -0.54 0.06 0.34 100.50 69.81 93.57 
51.89 0.19 0.22 0.08 0.12 1.68 1.68 -0.56 -0.22 0.40 97.09 77.16 95.01 
51.99 -0.06 0.12 0.01 0.04 1.61 1.63 -0.40 0.28 0.17 92.03 83.15 92.03 
52.10 0.15 0.09 0.11 0.08 1.68 1.67 -0.42 -0.08 0.04 94.02 85.26 90.48 
52.20 -0.02 0.04 0.04 0.05 1.67 1.68 -0.40 -0.16 0.05 93.05 87.15 90.75 
52.31 0.03 0.03 0.07 0.02 1.69 1.68 -0.16 0.06 -0.12 90.52 88.44 88.89 
52.41 -0.05 -0.00 0.01 0.04 1.67 1.69 -0.05 -0.11 -0.16 92.33 90.10 88.08 
52.51 -0.09 -0.03 0.03 0.05 1.66 1.67 -0.09 0.38 0.06 92.89 91.42 90.83 
52.61 0.01 -0.01 0.10 0.09 1.74 1.74 -0.05 0.10 -0.06 95.41 90.91 89.35 
52.71 -0.02 -0.01 0.09 0.11 1.74 1.75 0.05 -0.09 0.00 96.54 90.62 90.05 
52.82 0.04 0.01 0.12 0.10 1.73 1.72 0.09 -0.05 0.03 95.60 90.04 90.43 
52.92 0.05 0.04 0.06 0.08 1.77 1.76 -0.02 -0.13 -0.03 94.70 88.01 89.87 
53.03 0.02 0.04 0.17 0.09 1.79 1.79 -0.16 0.20 -0.00 94.54 87.66 89.92 
53.13 -0.03 0.01 0.17 0.12 1.76 1.76 -0.20 0.26 -0.06 96.14 89.17 89.13 
53.24 -0.04 -0.00 0.16 0.15 1.77 1.78 0.07 -0.10 0.03 98.43 89.88 89.87 
53.34 -0.02 -0.02 0.11 0.13 1.78 1.78 0.18 -0.11 0.15 97.59 90.98 91.74 
53.44 -0.00 -0.02 0.12 0.13 1.77 1.76 0.09 -0.28 -0.08 97.20 91.26 88.98 
53.54 0.05 0.01 0.08 0.08 1.79 1.78 0.09 -0.36 -0.05 94.83 90.00 89.45 
53.64 0.03 0.04 -0.02 0.03 1.77 1.78 -0.01 -0.33 -0.04 91.88 87.71 89.52 
53.75 0.12 0.04 -0.07 -0.03 1.73 1.72 -0.14 0.04 -0.01 88.92 88.25 89.71 
53.85 -0.01 0.00 -0.00 -0.02 1.77 1.77 -0.05 0.23 0.11 88.94 89.78 91.35 
53.95 -0.03 -0.01 0.03 0.01 1.78 1.78 0.25 0.01 0.16 90.30 90.39 91.95 
54.05 0.07 0.03 0.06 0.02 1.80 1.79 0.18 -0.01 0.10 90.98 88.97 91.21 
54.15 0.07 0.05 -0.01 0.01 1.82 1.80 0.10 -0.08 0.14 90.38 87.38 91.68 
54.26 0.05 0.05 0.05 0.03 1.83 1.83 -0.09 0.12 0.12 91.28 87.20 91.38 
54.36 0.03 0.04 -0.01 0.02 1.86 1.84 -0.04 -0.02 0.10 91.05 87.89 91.22 
54.46 0.02 0.03 0.01 0.02 1.87 1.88 0.14 -0.13 0.15 91.32 88.12 91.98 
54.56 0.05 0.06 0.01 0.04 1.91 1.92 0.39 -0.37 0.35 92.72 86.72 93.58 
54.67 -0.02 0.08 0.02 -0.02 2.04 1.97 -1.27 -0.05 0.20 88.68 84.15 93.03 
54.77 -0.10 -0.03 0.02 -0.03 1.91 1.92 -1.36 0.62 0.11 87.77 90.72 91.11 
54.87 -0.18 -0.13 0.10 0.04 2.18 2.10 -0.69 0.16 0.21 92.53 97.20 92.48 
54.98 -0.23 -0.18 -0.01 0.04 2.20 2.22 0.05 -0.30 0.14 92.95 99.54 91.64 
55.08 -0.23 -0.22 0.03 0.03 2.09 2.09 0.00 0.24 -0.02 91.68 102.54 89.71 
55.18 -0.18 -0.20 0.10 0.09 2.19 2.19 0.30 0.40 0.18 95.23 101.65 91.78 
55.29 -0.13 -0.16 0.12 0.12 2.19 2.18 0.91 -0.15 0.49 97.18 99.65 95.22 
55.39 -0.16 -0.15 0.13 0.11 2.04 2.04 1.49 -0.71 0.70 96.24 98.18 98.27 
55.50 -0.08 -0.11 -0.16 -0.03 2.00 2.01 0.95 -0.55 0.39 89.79 96.29 95.30 
55.60 -0.02 -0.05 -0.08 -0.07 1.98 1.98 0.09 -0.17 0.08 86.00 93.21 91.18 
55.70 -0.03 -0.02 -0.03 -0.05 2.02 2.02 -0.16 0.08 0.05 86.97 91.13 90.58 
55.80 -0.02 -0.02 -0.05 -0.06 2.04 2.03 -0.05 0.19 -0.04 86.36 90.97 89.71 
55.91 -0.03 -0.00 0.00 -0.03 2.05 2.05 0.09 0.26 -0.17 88.05 89.88 87.97 
56.01 0.04 0.03 -0.05 -0.02 2.03 2.03 0.09 -0.16 -0.21 88.94 88.43 87.47 
56.11 0.06 0.04 -0.04 -0.04 2.01 2.00 -0.03 0.11 -0.36 87.48 87.79 85.73 
56.21 0.03 0.03 0.01 0.00 1.99 1.99 -0.16 0.29 -0.41 90.12 88.41 85.26 
56.31 0.02 0.04 0.07 0.07 2.00 2.00 -0.14 -0.30 -0.38 93.96 87.70 85.34 
56.45 0.02 0.03 0.07 0.07 1.96 1.99 -0.14 0.10 -0.50 94.00 88.06 83.95 
56.58 0.11 0.05 0.09 0.07 1.90 1.95 0.03 0.25 -0.38 94.20 87.37 85.42 
56.71 0.12 0.06 0.15 0.08 1.84 1.89 -0.07 -0.03 -0.37 94.84 86.76 85.57 
56.84 0.11 0.06 0.11 0.09 1.80 1.83 -0.17 0.19 -0.17 95.07 86.32 87.91 
56.95 0.11 0.08 0.17 0.11 1.79 1.78 -0.10 -0.08 -0.06 95.98 85.94 89.23 
57.05 0.05 0.07 0.10 0.13 1.82 1.82 -0.03 0.17 0.11 97.73 86.04 91.29 
57.15 0.03 0.04 0.14 0.13 1.76 1.76 0.02 0.17 -0.00 97.42 87.55 89.95 
57.26 0.03 0.07 0.25 0.18 1.83 1.83 -0.01 0.04 -0.08 99.88 85.64 88.91 
57.36 0.04 0.05 0.15 0.18 1.81 1.82 0.10 -0.48 0.19 100.57 87.11 91.70 
57.46 0.00 0.03 0.12 0.14 1.79 1.81 0.11 0.22 0.25 97.90 88.00 93.04 
57.57 0.06 0.04 0.12 0.12 1.82 1.82 0.21 -0.00 0.11 97.04 87.73 91.44 
57.67 0.08 0.06 0.09 0.12 1.83 1.83 0.05 -0.02 0.17 97.29 86.65 92.01 
57.77 0.02 0.04 0.16 0.14 1.83 1.83 -0.10 -0.07 0.17 98.01 87.56 92.06 
57.87 0.04 0.04 0.06 0.09 1.86 1.86 -0.09 -0.15 0.12 95.18 87.60 91.41 
57.98 0.01 -0.00 0.14 0.11 1.83 1.83 -0.04 0.24 0.08 95.68 90.15 90.86 
58.09 -0.01 0.00 0.06 0.09 1.84 1.85 -0.03 -0.28 0.04 95.51 89.80 90.66 
58.19 0.01 0.00 0.11 0.08 1.83 1.83 0.03 -0.04 -0.09 94.46 89.90 88.90 
58.29 0.03 0.02 0.12 0.10 1.85 1.85 0.03 -0.08 -0.08 95.84 89.13 88.99 
58.39 0.04 0.03 0.10 0.09 1.85 1.85 0.02 -0.01 -0.12 95.26 88.06 88.63 
58.50 0.06 0.05 0.08 0.10 1.84 1.85 0.06 0.03 -0.07 95.74 87.27 89.15 
58.60 0.02 0.05 0.09 0.11 1.81 1.82 0.05 -0.04 -0.05 96.13 87.18 89.46 
58.70 0.08 0.05 0.11 0.10 1.82 1.82 0.07 0.06 -0.01 95.86 87.03 89.82 
58.80 0.06 0.05 0.10 0.11 1.80 1.80 0.03 -0.04 0.02 96.28 86.99 90.22 
58.91 0.04 0.05 0.13 0.11 1.79 1.78 -0.01 -0.00 -0.01 95.94 87.38 89.89 
59.01 0.03 0.04 0.12 0.11 1.80 1.79 -0.00 -0.03 -0.00 96.05 87.71 90.01 
59.11 -0.04 0.01 0.07 0.10 1.76 1.77 0.02 -0.01 0.00 95.73 89.19 89.92 
59.22 -0.06 -0.04 0.02 0.04 1.69 1.69 0.05 -0.14 0.02 92.12 92.21 90.32 
59.32 0.08 0.00 0.04 0.03 1.72 1.70 0.17 -0.28 -0.21 91.66 89.87 87.45 
59.42 0.03 0.06 0.08 0.08 1.77 1.77 0.18 -0.40 -0.38 94.65 86.34 85.38 
59.53 0.11 0.09 0.13 0.12 1.80 1.80 0.08 -0.09 -0.22 96.64 84.73 87.05 
59.63 0.11 0.11 0.06 0.08 1.76 1.76 0.00 -0.01 -0.07 95.04 83.91 89.14 
59.73 0.11 0.10 0.08 0.07 1.70 1.70 -0.04 0.29 -0.01 94.18 84.41 89.88 
59.84 0.04 0.08 0.07 0.07 1.68 1.68 -0.12 0.08 -0.03 94.08 84.95 89.71 
59.94 0.08 0.06 0.06 0.06 1.67 1.67 -0.13 -0.05 -0.11 93.13 87.01 88.77 
60.04 0.02 0.03 0.08 0.07 1.65 1.65 -0.07 0.03 -0.12 93.88 88.07 88.57 
60.15 0.02 0.02 0.06 0.06 1.63 1.63 0.03 0.17 -0.06 93.65 88.86 89.26 
60.25 0.04 0.03 0.07 0.07 -0.57 1.27 0.13 0.24 -0.08 93.78 88.28 88.99 
60.35 0.04 0.04 0.12 0.09 1.57 1.56 0.17 -0.02 -0.12 95.06 87.68 88.54 
60.45 0.08 0.07 0.09 0.09 1.57 1.57 0.09 -0.04 -0.13 95.28 85.92 88.41 
60.55 0.07 0.08 0.12 0.10 1.57 1.57 0.00 0.06 -0.13 95.84 85.25 88.44 
60.66 0.06 0.08 0.13 0.11 1.58 1.58 -0.01 -0.10 -0.07 96.16 85.00 89.06 
60.76 0.12 0.10 0.10 0.10 1.58 1.58 0.04 -0.04 -0.01 95.84 84.27 89.88 
60.86 0.13 0.10 0.14 0.12 1.59 1.59 0.11 -0.08 0.09 96.76 84.62 90.81 
60.96 0.08 0.10 0.15 0.12 1.62 1.61 0.10 0.03 0.21 96.91 84.13 92.51 
61.07 0.11 0.15 0.15 0.14 1.71 1.71 0.03 -0.12 0.31 97.70 80.95 93.55 
61.17 0.11 0.14 0.14 0.14 1.75 1.75 0.04 0.10 0.47 97.88 81.44 95.52 
61.27 0.06 0.10 0.13 0.13 1.75 1.75 0.08 0.04 0.61 97.72 84.39 97.37 
61.37 0.04 0.05 0.03 0.06 1.73 1.74 0.05 0.17 0.55 93.88 87.03 97.00 
61.48 0.07 0.05 -0.01 -0.00 1.79 1.73 -0.03 0.11 0.25 90.09 87.52 93.51 
61.58 0.10 0.05 0.06 0.04 1.80 1.80 -0.01 -0.28 0.14 92.05 86.99 91.70 
61.69 0.16 0.11 0.12 0.06 1.94 1.93 -0.04 -0.14 0.11 92.88 84.44 91.28 
61.79 0.08 0.10 0.09 0.08 1.97 1.98 -0.07 -0.13 0.25 94.48 83.83 92.91 
61.89 0.03 0.04 0.05 0.04 1.93 1.93 0.09 -0.10 0.14 91.92 87.40 91.64 
62.00 0.10 0.08 0.05 0.05 2.00 1.99 0.11 0.07 0.23 92.81 85.38 92.78 
62.10 0.10 0.10 0.07 0.04 2.02 2.02 0.05 0.14 0.12 92.13 84.18 91.63 
62.21 0.15 0.10 0.09 0.05 2.03 2.02 -0.03 0.21 0.13 92.46 84.69 91.43 
62.31 0.16 0.12 0.05 0.06 2.10 2.09 -0.09 -0.09 0.22 93.59 83.02 92.68 
62.41 0.14 0.14 -0.00 0.02 2.12 2.12 -0.21 0.22 0.33 91.31 81.66 94.08 
62.52 0.09 0.12 0.17 0.09 2.23 2.19 -0.23 0.18 0.36 94.14 82.54 93.92 
62.62 0.01 0.06 0.12 0.10 2.21 2.22 -0.27 -0.18 0.56 95.67 85.76 96.64 
62.72 -0.02 0.03 0.04 0.07 2.29 2.30 -0.23 0.00 0.58 94.13 88.13 96.95 
62.82 0.05 0.01 0.12 0.10 2.33 2.32 -0.16 0.18 0.75 95.74 89.50 98.82 
62.93 -0.01 0.02 0.11 0.09 2.51 2.52 -0.06 -0.18 0.58 94.72 88.57 97.31 
63.03 -0.06 -0.01 0.17 0.14 2.44 2.45 0.04 -0.09 0.51 98.14 90.58 96.14 
63.13 -0.03 -0.04 0.05 0.11 2.43 2.43 0.11 -0.29 0.45 96.97 92.35 95.91 
63.23 -0.05 -0.05 0.05 0.05 2.48 2.47 -0.22 0.24 -0.05 93.10 93.07 89.40 
63.34 -0.11 -0.08 0.05 0.05 2.45 2.46 -0.24 0.05 -0.23 93.21 94.32 87.41 
63.44 -0.17 -0.14 0.08 0.06 2.38 2.39 0.23 -0.11 -0.07 92.95 97.84 88.67 
63.54 -0.16 -0.16 -0.01 0.01 2.33 2.33 0.37 -0.16 -0.10 90.85 99.26 88.83 
63.64 -0.07 -0.14 0.02 0.01 2.28 2.27 0.10 0.10 -0.28 90.44 98.81 86.66 
63.74 -0.07 -0.11 -0.03 0.01 2.27 2.27 -0.13 0.04 -0.27 90.44 96.45 86.75 
63.85 -0.08 -0.09 -0.02 -0.01 2.29 2.29 -0.24 -0.07 -0.27 89.79 95.19 86.74 
63.95 -0.04 -0.07 0.00 0.00 2.34 2.34 -0.17 -0.12 -0.19 90.05 94.13 87.76 
64.05 -0.11 -0.09 0.00 -0.01 2.30 2.31 0.02 -0.13 -0.13 89.23 94.86 88.32 
64.15 -0.07 -0.09 0.02 -0.00 2.31 2.30 0.14 -0.10 -0.03 89.63 95.00 89.50 
64.26 -0.13 -0.08 0.02 0.00 2.30 2.31 0.10 0.03 -0.07 90.11 94.72 89.18 
64.36 0.02 -0.04 0.05 0.03 2.34 2.33 0.09 0.05 -0.13 91.72 92.65 88.47 
64.46 -0.00 -0.02 0.04 0.05 2.35 2.34 0.06 -0.06 -0.17 92.81 91.07 88.01 
64.56 0.01 0.01 0.06 0.05 2.35 2.35 0.07 0.16 -0.22 92.62 89.66 87.38 
64.66 0.02 0.03 0.04 0.06 2.35 2.35 0.13 -0.10 -0.15 93.61 88.46 88.18 
64.77 0.09 0.05 0.02 0.03 2.35 2.34 0.16 0.01 -0.21 91.74 87.47 87.51 
64.87 0.08 0.06 0.05 0.04 2.28 2.28 0.07 -0.02 -0.15 92.52 86.99 88.16 
64.98 0.03 0.03 0.04 0.05 2.25 2.27 0.04 -0.09 -0.11 92.87 88.20 88.80 
65.08 0.02 0.02 -0.00 0.03 2.23 2.23 0.04 -0.01 -0.15 91.81 88.95 88.39 
65.18 0.01 0.02 0.02 0.05 2.20 2.21 0.06 0.05 -0.11 92.80 88.95 88.62 
65.29 0.00 0.01 0.07 0.06 2.19 2.20 0.10 0.03 -0.07 93.38 89.57 89.07 
65.39 0.00 -0.01 0.04 0.05 2.13 2.13 0.12 0.06 -0.06 93.09 90.18 89.56 
65.49 0.01 -0.00 0.05 0.04 2.12 2.13 0.06 0.03 -0.08 92.43 90.13 89.21 
65.60 -0.07 -0.03 -0.02 -0.01 2.04 2.05 0.09 0.20 -0.14 89.69 91.41 88.62 
65.70 0.00 -0.01 0.08 0.04 2.07 2.06 0.13 -0.01 -0.18 92.19 90.50 87.52 
65.80 0.06 0.05 0.01 0.04 2.10 2.10 0.16 -0.17 -0.22 92.34 87.28 87.50 
65.91 0.05 0.08 0.01 -0.01 2.08 2.09 0.22 0.24 -0.48 89.26 85.22 84.33 
66.01 0.17 0.13 0.06 0.04 2.00 2.02 0.39 -0.31 -0.22 92.38 83.18 86.80 
66.11 0.14 0.12 -0.07 -0.02 1.92 1.92 0.28 -0.37 -0.28 89.23 83.11 86.64 
66.22 0.10 0.09 -0.12 -0.06 1.79 1.80 -0.16 -0.33 -0.47 87.05 84.95 84.79 
66.32 0.08 0.08 -0.01 -0.02 1.84 1.84 -0.44 -0.04 -0.66 88.73 85.23 82.63 
66.42 0.05 0.07 0.08 0.03 1.76 1.75 -0.30 0.29 -0.66 91.21 85.98 82.03 
66.53 -0.02 0.03 0.15 0.13 1.75 1.79 -0.04 -0.13 -0.28 97.10 87.63 86.23 
66.63 0.04 0.04 0.13 0.14 1.75 1.76 0.07 -0.30 -0.10 97.98 87.48 88.86 
66.73 0.02 0.05 0.06 0.09 1.79 1.80 0.05 -0.31 0.04 95.46 86.64 90.31 
66.83 0.05 0.06 0.13 0.08 1.81 1.81 -0.03 0.21 0.13 93.86 86.17 91.27 
66.94 0.10 0.07 0.13 0.08 1.77 1.75 0.13 -0.01 0.26 94.37 86.22 92.86 
67.04 0.08 0.07 0.06 0.06 -0.57 1.43 0.15 0.26 0.37 93.53 86.12 94.26 
67.14 0.34 0.15 0.09 0.13 2.00 1.96 0.10 -0.14 0.47 97.89 83.09 95.88 
67.25 0.13 0.14 0.08 0.12 2.07 2.08 -0.05 -0.14 0.36 97.06 81.87 94.52 
67.35 0.13 0.13 0.09 0.09 2.09 2.09 -0.14 0.08 0.20 95.35 82.39 92.56 
67.45 0.10 0.11 0.14 0.12 2.13 2.13 -0.05 0.05 0.20 96.57 83.68 92.22 
67.56 0.08 0.08 0.12 0.12 2.06 2.05 0.05 -0.04 0.21 96.54 85.71 92.58 
67.66 0.04 0.05 0.14 0.11 2.04 2.03 -0.03 0.17 0.09 95.71 87.28 91.17 
67.76 0.03 0.04 0.13 0.11 2.03 2.06 -0.05 0.16 -0.03 95.93 87.78 89.67 
67.86 0.06 0.05 0.10 0.10 2.03 2.03 -0.06 0.23 -0.04 95.55 87.47 89.48 
67.97 0.04 0.05 0.12 0.11 2.03 2.03 0.02 -0.04 -0.05 95.89 87.20 89.27 
68.07 0.04 0.05 0.09 0.09 2.02 2.02 0.07 -0.08 0.10 95.41 87.34 91.14 
68.17 0.06 0.03 0.10 0.09 1.99 1.98 0.01 0.05 0.10 95.13 88.58 91.12 
68.28 0.03 0.03 0.10 0.10 2.04 2.02 -0.02 0.01 0.08 95.46 88.58 90.81 
68.38 0.02 0.02 0.10 0.10 2.05 2.05 -0.01 -0.07 0.04 95.63 88.56 90.52 
68.48 0.03 0.03 0.08 0.09 2.01 2.01 0.03 0.04 -0.00 95.10 88.26 89.88 
68.58 0.04 0.04 0.08 0.09 2.05 2.05 0.05 -0.08 0.03 95.37 87.84 90.37 
68.69 0.05 0.04 0.07 0.09 2.04 2.04 0.02 -0.06 0.02 95.29 87.84 90.28 
68.79 0.03 0.04 0.07 0.09 2.04 2.05 -0.01 -0.03 0.02 94.96 87.95 90.27 
68.89 0.05 0.04 0.08 0.09 2.19 2.19 0.00 -0.01 0.00 95.27 87.67 89.91 
69.00 0.04 0.04 0.10 0.09 2.04 2.04 0.05 -0.00 -0.01 95.34 87.57 89.88 
69.10 0.03 0.04 0.10 0.10 2.03 2.03 0.04 -0.06 0.01 95.75 87.53 90.09 
69.21 0.04 0.04 0.09 0.09 2.04 2.04 -0.00 -0.00 -0.01 95.17 87.76 89.97 
69.31 0.05 0.05 0.09 0.10 2.09 2.06 -0.02 -0.10 0.01 95.58 87.32 90.13 
69.41 0.05 0.05 0.12 0.10 2.06 2.06 -0.03 -0.00 0.03 95.50 87.39 90.31 
69.51 0.04 0.04 0.08 0.09 2.07 2.07 0.01 -0.00 0.07 95.25 87.59 90.80 
69.62 0.03 0.03 0.07 0.08 2.02 2.02 0.04 -0.03 0.04 94.58 88.03 90.49 
69.72 0.03 0.03 0.06 0.07 2.06 2.06 0.06 -0.08 0.01 94.37 87.99 90.11 
69.82 0.02 0.03 0.07 0.08 2.07 2.07 0.02 -0.11 0.02 94.46 88.00 90.25 
69.93 0.04 0.03 0.07 0.07 2.04 2.04 -0.04 0.01 0.01 94.05 88.06 90.05 
70.03 0.05 0.05 0.05 0.07 2.10 2.10 -0.01 0.03 -0.02 93.98 87.26 89.76 
70.14 0.06 0.05 0.03 0.07 2.10 2.10 0.03 -0.08 0.06 94.64 87.53 90.75 
70.24 0.06 0.04 0.06 0.06 2.06 2.06 -0.00 0.14 -0.01 93.22 88.13 89.98 
70.34 0.00 0.03 0.07 0.08 2.07 2.08 0.02 -0.02 0.01 94.79 88.04 90.17 
70.45 0.02 0.04 0.09 0.09 2.12 2.12 0.03 -0.04 0.03 95.38 87.54 90.36 
70.55 0.04 0.04 0.05 0.07 2.12 2.10 -0.05 -0.00 0.05 94.44 87.81 90.73 
70.66 0.03 0.04 0.10 0.10 2.12 2.12 -0.03 -0.06 0.03 95.50 87.82 90.21 
70.76 0.03 0.02 0.10 0.08 2.09 2.08 0.08 0.07 0.03 94.11 88.68 90.36 
70.86 0.02 0.03 0.08 0.09 2.11 2.11 0.08 -0.09 0.10 95.51 88.37 91.01 
70.97 0.01 0.03 0.07 0.07 2.09 2.09 -0.02 0.02 0.03 94.31 88.31 90.41 
71.07 0.05 0.04 0.07 0.08 2.11 2.12 -0.03 -0.06 -0.00 94.48 87.92 89.97 
71.17 0.04 0.05 0.11 0.09 2.14 2.14 0.01 -0.08 0.07 95.28 87.25 90.62 
71.27 0.06 0.05 0.09 0.09 2.18 2.17 0.03 -0.10 0.18 94.93 87.25 92.10 
71.38 0.05 0.05 0.05 0.07 2.17 2.17 0.03 -0.02 0.19 94.42 87.31 92.39 
71.48 0.05 0.05 0.07 0.08 2.19 2.19 0.07 -0.03 0.22 94.49 87.12 92.69 
71.58 0.04 0.04 0.05 0.06 2.17 2.19 0.05 -0.08 0.24 93.81 87.62 92.97 
71.69 -0.03 0.01 0.01 0.03 2.15 2.16 -0.04 -0.08 0.14 91.84 88.91 91.86 
71.79 0.01 0.03 0.05 0.03 2.22 2.22 -0.10 0.03 0.05 91.91 88.24 90.58 
71.90 0.04 0.04 0.07 0.06 2.24 2.24 0.06 0.00 0.07 93.26 87.69 90.66 
72.00 0.06 0.05 0.07 0.07 2.27 2.27 0.23 -0.04 0.06 93.89 86.93 90.84 
72.10 0.07 0.06 0.07 0.06 2.24 2.26 0.25 -0.08 -0.08 93.17 86.62 89.29 
72.21 0.10 0.09 0.06 0.07 2.24 2.24 0.15 -0.15 -0.09 93.90 84.95 88.89 
72.31 0.14 0.12 0.03 0.05 2.25 2.25 0.05 -0.29 -0.15 93.15 83.24 88.47 
72.41 0.11 0.14 0.03 0.05 2.28 2.28 -0.06 -0.43 -0.32 92.90 81.92 86.46 
72.52 0.13 0.13 0.09 0.05 2.23 2.23 0.21 0.08 -0.36 92.09 82.22 85.36 
72.62 0.19 0.17 0.02 0.02 2.17 2.20 0.50 -0.13 -0.19 90.96 80.66 87.12 
72.72 0.10 0.11 -0.08 -0.05 1.98 1.99 0.30 -0.08 -0.26 87.25 83.85 87.12 
72.83 0.14 0.15 -0.04 -0.08 1.91 1.91 0.00 0.27 -0.32 84.95 81.62 86.31 
72.93 0.14 0.14 -0.13 -0.08 1.90 1.90 -0.20 -0.30 -0.29 86.15 82.02 86.55 
73.04 0.13 0.15 -0.10 -0.08 1.88 1.89 -0.55 -0.06 -0.42 85.46 81.33 85.21 
73.14 0.06 0.09 -0.01 -0.04 1.88 1.88 -0.74 0.13 -0.41 87.68 84.37 85.10 
73.24 -0.03 0.03 -0.06 -0.02 1.83 1.85 -0.41 -0.05 -0.28 89.01 86.90 86.35 
73.35 0.11 0.04 0.02 0.02 1.85 1.83 -0.04 -0.05 -0.22 90.95 88.49 87.24 
73.45 0.10 0.04 -0.05 0.02 1.88 1.88 0.10 -0.23 -0.13 92.06 88.33 88.39 
73.55 -0.02 0.03 -0.02 0.00 1.81 1.83 -0.05 0.02 -0.20 90.40 87.54 87.59 
73.66 0.02 0.02 0.03 0.04 1.83 1.82 -0.14 0.09 -0.03 92.27 88.90 89.53 
73.76 -0.04 -0.02 0.01 0.03 1.68 1.69 -0.17 -0.12 0.03 92.09 90.96 90.30 
73.86 -0.01 0.00 -0.07 -0.02 1.75 1.76 -0.11 -0.18 0.09 89.23 89.85 91.04 
73.96 -0.02 -0.02 -0.04 -0.05 1.69 1.68 -0.02 -0.03 0.09 86.90 91.16 91.04 
74.07 -0.03 -0.02 -0.07 -0.06 1.73 1.73 0.00 -0.51 0.03 86.84 90.88 90.43 
74.17 0.00 -0.01 -0.15 -0.12 1.78 1.70 -0.09 -0.73 -0.01 83.74 90.65 89.87 
74.28 0.00 0.00 -0.11 -0.13 1.77 1.76 -0.11 0.12 0.04 82.16 90.01 90.54 
74.38 -0.01 -0.03 0.00 -0.06 1.80 1.79 0.09 0.10 -0.09 86.18 92.03 89.37 
74.48 -0.04 -0.06 -0.12 -0.07 1.75 1.75 0.20 -0.10 0.10 86.65 93.69 90.94 
74.59 -0.05 -0.07 -0.14 -0.09 1.68 1.69 0.20 0.12 0.06 85.11 94.36 90.94 
74.69 -0.03 -0.06 -0.03 -0.07 1.75 1.73 0.03 0.11 -0.03 85.93 93.22 89.66 
74.79 0.00 -0.03 -0.04 -0.05 1.78 1.77 -0.07 -0.01 0.02 87.19 91.99 90.14 
74.89 -0.02 -0.03 -0.06 -0.05 1.81 1.81 0.07 -0.07 0.07 87.41 91.62 90.86 
75.00 -0.00 -0.02 -0.04 -0.04 1.82 1.81 0.17 0.05 0.10 87.40 91.03 91.25 
75.10 -0.01 -0.01 -0.02 -0.03 1.82 1.82 0.29 -0.05 0.15 88.25 90.83 91.81 
75.20 0.01 -0.00 -0.06 -0.06 1.82 1.82 0.42 0.12 0.10 86.62 90.20 91.24 
75.31 0.08 0.06 -0.01 -0.03 1.85 1.84 0.58 0.11 0.15 88.20 86.73 91.69 
75.41 0.16 0.10 -0.05 -0.04 1.80 1.82 0.41 -0.06 0.08 87.96 84.07 91.00 
75.51 0.15 0.14 -0.03 -0.05 1.81 1.81 0.09 0.15 -0.06 87.18 81.79 89.40 
75.62 0.14 0.16 -0.00 -0.02 1.82 1.82 -0.18 0.11 -0.06 88.77 80.86 89.15 
75.72 0.12 0.14 -0.01 -0.01 1.83 1.84 -0.18 -0.07 -0.03 89.36 81.73 89.57 
75.82 0.11 0.11 -0.03 -0.02 1.80 1.80 -0.04 -0.07 -0.02 88.78 83.43 89.84 
75.93 0.14 0.13 -0.00 -0.02 1.83 1.83 0.04 -0.08 -0.02 88.44 83.00 89.74 
76.03 0.10 0.13 -0.04 -0.05 1.82 1.83 -0.27 0.15 -0.02 86.68 82.01 89.70 
76.13 0.06 0.08 -0.06 -0.06 1.77 1.77 -0.59 0.46 -0.09 86.45 85.42 88.88 
76.23 -0.01 0.05 0.14 0.05 1.85 1.85 -0.44 0.36 -0.01 92.00 86.78 89.53 
76.34 -0.08 0.02 0.12 0.09 1.92 1.93 -0.02 -0.18 0.29 94.77 87.98 92.90 
76.44 -0.03 0.03 0.03 0.06 2.04 1.96 0.34 -0.30 0.42 93.94 87.84 95.10 
76.54 0.02 0.00 -0.01 -0.00 1.95 1.94 0.27 -0.06 0.19 90.07 90.07 92.40 
76.65 -0.01 0.03 -0.04 -0.02 1.87 1.88 0.05 -0.05 0.06 89.13 87.77 90.92 
76.75 -0.03 0.01 -0.19 -0.07 1.92 1.95 -0.24 0.03 0.08 86.93 89.25 90.80 
76.85 0.02 -0.02 -0.01 -0.06 1.83 1.81 -0.25 0.47 0.17 86.52 91.13 92.10 
76.95 -0.12 -0.06 -0.06 -0.02 1.88 1.89 -0.15 -0.23 0.47 89.33 92.90 95.38 
77.06 -0.10 -0.09 0.01 -0.02 1.97 1.97 -0.08 -0.02 0.53 88.67 94.86 96.05 
77.16 0.01 -0.03 0.01 0.01 2.18 2.10 -0.05 -0.43 0.47 90.78 92.33 95.70 
77.26 0.03 0.01 0.02 0.02 2.26 2.26 -0.08 -0.29 0.27 91.19 89.50 93.63 
77.37 0.06 0.05 0.08 0.05 2.37 2.36 -0.08 -0.02 0.23 92.48 87.32 92.73 
77.47 0.04 0.05 0.03 0.08 2.42 2.42 0.02 -0.21 0.33 94.85 87.24 94.13 
77.57 -0.04 -0.00 0.01 0.04 2.36 2.37 0.20 0.05 0.17 92.41 90.06 92.00 
77.67 -0.01 -0.03 0.06 0.06 2.33 2.33 0.26 -0.10 0.14 93.57 92.00 91.76 
77.77 -0.07 -0.01 0.04 0.06 2.33 2.34 0.17 -0.22 0.16 93.71 90.27 91.89 
77.88 -0.00 0.01 -0.01 -0.00 2.31 2.31 -0.02 0.03 -0.01 89.97 89.03 90.09 
77.98 0.04 0.02 0.04 0.02 2.34 2.33 -0.12 0.10 -0.02 90.76 89.25 89.80 
78.08 -0.02 -0.01 0.02 0.02 2.36 2.36 -0.04 0.03 0.01 91.39 90.35 90.14 
78.19 -0.02 -0.02 0.01 0.02 2.33 2.33 0.02 -0.01 0.04 91.27 91.03 90.48 
78.29 -0.02 -0.02 -0.01 0.01 2.31 2.31 0.07 -0.03 0.02 90.42 91.08 90.29 
78.39 -0.02 -0.02 0.00 0.01 2.31 2.34 0.09 -0.11 0.06 90.41 91.08 90.73 
78.49 0.00 -0.01 0.02 0.01 2.31 2.31 0.08 -0.05 0.10 90.70 90.75 91.21 
78.60 0.00 -0.00 0.00 0.00 2.34 2.34 0.02 -0.13 0.01 90.25 90.18 90.27 
78.70 0.02 0.01 -0.00 -0.00 2.33 2.33 -0.04 0.01 -0.08 89.76 89.47 89.03 
78.80 0.01 0.00 -0.03 -0.00 2.35 2.35 -0.06 -0.10 0.04 90.16 89.98 90.38 
78.91 0.02 0.00 0.02 -0.00 2.35 2.37 0.01 0.08 0.02 89.47 90.11 90.21 
79.01 -0.02 -0.01 0.01 -0.00 2.35 2.35 0.03 0.08 0.01 89.71 90.37 90.18 
79.11 -0.02 -0.01 -0.01 -0.00 2.32 2.32 0.07 0.06 0.03 89.98 90.67 90.41 
79.21 0.01 -0.00 0.00 0.01 2.34 2.34 0.07 0.00 0.01 90.55 90.11 90.20 
79.32 -0.04 -0.01 0.00 0.00 2.34 2.35 -0.01 0.07 -0.03 90.02 89.98 89.70 
79.42 -0.03 0.00 0.01 0.01 2.30 2.34 -0.02 0.00 -0.05 90.37 89.50 89.45 
79.52 0.00 0.00 0.01 0.01 2.33 2.33 -0.00 -0.01 -0.07 90.80 89.92 89.19 
79.63 -0.01 -0.00 -0.01 0.00 2.31 2.32 0.02 -0.04 -0.06 90.34 90.20 89.45 
79.73 -0.01 0.00 0.00 0.00 2.33 2.33 0.03 -0.09 -0.03 90.11 89.68 89.50 
79.86 0.03 0.01 0.03 0.01 2.32 2.32 0.09 0.01 0.03 90.34 89.56 90.32 
79.99 0.00 0.01 0.00 0.01 2.30 2.32 0.11 -0.14 0.09 90.29 89.60 91.07 
80.12 0.01 0.01 -0.04 -0.00 2.30 2.30 -0.02 0.04 -0.05 89.92 89.59 89.38 
80.26 0.01 0.01 0.05 0.01 2.29 2.30 0.06 -0.08 -0.04 90.36 89.56 89.46 
80.36 0.02 0.01 -0.03 -0.00 2.29 2.29 0.10 -0.12 -0.01 90.21 89.42 89.83 
80.46 0.05 0.03 -0.02 -0.02 2.31 2.32 0.03 0.06 0.00 89.09 88.38 90.07 
80.56 0.01 0.03 -0.01 -0.01 2.30 2.30 -0.01 0.00 0.03 89.26 88.17 90.34 
80.66 0.05 0.04 -0.03 -0.02 2.32 2.31 -0.01 0.09 0.04 89.06 87.89 90.53 
80.77 0.04 0.03 -0.02 -0.01 2.35 2.35 0.02 -0.20 0.09 89.79 88.32 91.14 
80.87 0.01 0.01 -0.04 -0.03 2.28 2.28 -0.05 -0.06 0.00 88.34 89.45 90.14 
80.98 0.01 0.00 -0.00 -0.04 2.31 2.29 -0.05 0.09 -0.11 87.48 90.11 88.75 
81.08 0.01 0.01 0.01 0.00 2.33 2.33 0.04 0.04 -0.05 90.10 89.30 89.40 
81.18 0.03 0.02 -0.03 -0.02 2.30 2.30 0.05 -0.07 -0.08 89.13 89.04 89.15 
81.29 0.04 0.02 -0.01 -0.03 2.29 2.28 0.01 0.06 -0.13 88.28 88.95 88.47 
81.39 0.02 0.03 -0.04 -0.01 2.28 2.29 0.00 -0.08 -0.01 89.73 88.48 89.68 
81.50 0.03 0.03 -0.02 -0.01 2.29 2.29 0.00 -0.03 0.03 89.42 88.02 90.32 
81.60 0.03 0.03 -0.02 -0.02 2.30 2.30 -0.03 0.02 0.00 89.11 88.45 89.98 
81.70 0.02 0.02 -0.04 -0.02 2.30 2.30 -0.05 0.05 0.02 88.97 88.65 90.45 
81.81 0.01 0.01 -0.01 -0.01 2.30 2.30 0.01 0.13 -0.00 89.28 89.31 90.01 
81.91 0.03 0.02 0.00 -0.00 2.26 2.26 0.16 0.03 0.03 89.88 88.89 90.16 
82.01 0.02 0.02 -0.04 -0.01 2.27 2.28 0.22 -0.08 0.08 89.47 88.63 90.98 
82.11 0.04 0.04 0.02 0.01 2.28 2.28 0.13 0.03 0.04 90.14 87.95 90.52 
82.21 0.07 0.05 0.03 0.02 2.30 2.29 0.13 -0.01 0.06 90.96 87.04 90.67 
82.32 0.04 0.04 -0.03 -0.01 2.29 2.29 0.13 0.15 0.03 89.39 87.78 90.64 
82.42 0.06 0.06 0.06 0.01 2.27 2.26 0.11 0.05 -0.07 90.42 86.61 89.08 
82.52 0.07 0.06 0.03 0.02 2.24 2.23 0.08 0.10 0.03 91.08 86.42 90.28 
82.62 0.06 0.08 0.09 0.04 2.28 2.28 0.04 0.04 -0.09 91.94 85.02 88.72 
82.72 0.11 0.10 0.01 0.03 2.31 2.31 -0.05 -0.05 -0.08 91.96 84.49 89.04 
82.83 0.06 0.07 0.00 0.00 2.24 2.24 -0.10 0.19 -0.16 90.27 86.11 88.17 
82.93 0.09 0.10 0.10 0.07 2.30 2.30 0.07 -0.09 -0.08 93.77 84.13 88.87 
83.03 0.05 0.09 -0.00 0.04 2.25 2.26 0.18 -0.19 0.01 92.84 84.25 90.11 
83.14 0.15 0.13 0.02 0.03 2.28 2.28 0.07 0.09 0.06 92.08 82.68 90.88 
83.24 0.08 0.10 0.02 0.02 2.24 2.24 -0.06 0.04 -0.04 91.45 83.84 89.50 
83.34 0.09 0.11 0.10 0.06 2.26 2.27 -0.08 0.07 0.08 93.05 83.52 90.32 
83.44 0.06 0.08 0.02 0.05 2.25 2.24 0.00 -0.11 0.02 92.60 85.15 90.24 
83.55 0.07 0.10 0.04 0.03 2.24 2.24 -0.00 0.04 -0.01 91.77 84.04 89.86 
83.65 0.09 0.09 0.07 0.04 2.26 2.25 0.04 0.02 0.00 92.16 84.77 90.04 
83.75 0.10 0.10 0.05 0.05 2.27 2.26 0.03 -0.03 0.04 93.00 84.59 90.45 
83.86 0.08 0.08 0.01 0.03 2.24 2.24 -0.01 0.01 -0.02 91.48 85.37 89.72 
83.96 0.09 0.09 0.07 0.05 2.23 2.23 -0.02 0.01 -0.02 92.72 85.15 89.70 
84.06 0.08 0.09 0.05 0.05 2.24 2.24 -0.02 -0.07 -0.00 93.01 84.90 89.57 
84.17 0.08 0.08 0.05 0.04 2.24 2.24 -0.01 0.04 0.02 92.46 85.64 90.23 
84.27 0.08 0.08 0.04 0.04 2.23 2.23 0.04 -0.05 -0.03 92.37 85.57 89.62 
84.37 0.07 0.08 0.03 0.04 2.24 2.24 0.01 0.02 0.01 92.16 85.68 90.04 
84.48 0.07 0.06 0.03 0.04 2.17 2.21 0.12 -0.09 -0.05 92.45 86.33 89.33 
84.58 0.07 0.07 0.02 0.03 2.19 2.19 0.16 0.07 -0.07 92.11 85.87 89.21 
84.69 0.10 0.10 0.05 0.04 2.19 2.19 0.18 -0.07 -0.15 92.36 84.37 88.08 
84.79 0.15 0.13 0.04 0.05 2.19 2.19 0.21 -0.00 -0.06 92.96 82.91 89.20 
84.89 0.17 0.15 0.03 0.04 2.18 2.17 0.21 -0.15 -0.02 92.15 81.44 89.56 
84.99 0.14 0.16 0.00 0.01 2.15 2.16 0.11 -0.04 -0.03 90.78 81.09 89.62 
85.09 0.16 0.17 -0.01 0.00 2.14 2.14 -0.08 -0.04 -0.04 90.33 80.16 89.56 
85.20 0.16 0.16 0.01 0.01 2.16 2.16 -0.17 0.02 -0.03 90.57 80.64 89.66 
85.30 0.13 0.14 0.04 0.02 2.16 2.16 -0.03 0.01 0.02 91.22 81.54 90.19 
85.40 0.08 0.12 -0.02 0.01 2.13 2.14 0.06 -0.05 0.04 90.82 82.62 90.60 
85.51 0.15 0.14 0.02 0.02 2.14 2.14 -0.00 -0.03 -0.03 91.07 81.96 89.68 
85.61 0.16 0.15 0.02 0.02 2.14 2.14 0.07 -0.09 0.05 91.03 81.31 90.43 
85.71 0.14 0.14 0.00 0.01 2.13 2.13 -0.02 -0.01 0.01 90.39 81.98 90.14 
85.81 0.12 0.13 -0.00 0.01 2.12 2.12 -0.00 0.11 -0.02 90.54 82.41 89.79 
85.92 0.12 0.13 0.04 0.02 2.12 2.12 0.06 0.14 -0.12 90.70 82.49 88.54 
86.02 0.05 0.13 0.02 0.04 2.11 2.13 0.10 -0.17 -0.08 92.77 81.83 88.99 
86.12 0.17 0.15 0.08 0.05 2.09 2.09 0.11 -0.01 -0.05 92.27 81.68 89.44 
86.23 0.17 0.17 0.04 0.04 2.11 2.13 0.04 0.17 -0.04 92.22 80.22 89.50 
86.33 0.18 0.17 0.06 0.05 2.10 2.10 0.05 0.38 -0.11 92.78 80.46 88.72 
86.43 0.19 0.17 0.15 0.10 2.06 2.05 0.24 0.42 -0.09 95.58 80.48 88.89 
86.54 0.21 0.20 0.18 0.13 1.98 1.97 0.45 1.27 -0.06 96.89 78.50 89.27 
86.64 0.33 0.24 0.35 0.24 1.95 1.91 0.34 1.21 -0.29 102.35 77.18 86.76 
86.74 0.06 0.23 0.41 0.41 1.84 2.00 -0.10 1.91 -0.41 113.78 75.03 84.94 
86.85 0.30 0.24 0.60 0.55 1.89 1.87 -0.14 1.07 -0.26 121.07 76.82 86.47 
86.95 0.31 0.29 0.71 0.67 1.95 1.94 0.05 0.74 -0.10 128.12 73.25 88.77 
87.05 0.24 0.26 0.72 0.70 1.86 1.86 0.15 0.09 -0.04 130.11 75.19 89.33 
87.15 0.25 0.24 0.70 0.70 1.85 1.85 -0.00 -1.04 0.03 130.30 76.10 90.40 
87.26 0.17 0.21 0.45 0.58 2.00 1.85 -0.20 -2.78 -0.01 124.47 77.26 90.23 
87.36 0.21 0.24 0.28 0.45 2.18 2.20 -0.83 -2.35 -0.03 117.20 75.63 89.16 
87.47 0.11 0.15 0.20 0.24 2.24 2.25 -0.44 -2.17 0.20 103.92 81.25 92.29 
87.57 -0.08 0.03 -0.37 -0.11 2.06 2.11 -0.27 -1.65 0.06 86.35 86.82 91.06 
87.67 0.12 0.09 -0.35 -0.30 2.16 2.16 -0.09 -0.80 -0.01 73.30 85.21 89.84 
87.78 0.00 0.01 -0.44 -0.37 2.04 2.05 0.10 -0.51 0.07 69.51 89.59 90.59 
87.88 0.02 0.02 -0.42 -0.43 1.96 1.96 0.12 0.13 0.06 65.26 88.99 90.80 
87.98 -0.04 -0.01 -0.33 -0.42 1.96 1.95 0.22 0.97 -0.01 65.12 90.46 89.78 
88.09 0.04 0.01 -0.24 -0.30 2.03 2.02 0.40 1.35 -0.16 72.09 89.55 88.25 
88.19 0.03 0.05 0.03 -0.11 1.98 1.97 0.32 0.71 -0.25 82.15 87.06 87.13 
88.30 0.10 0.08 0.04 -0.05 1.90 1.92 -0.14 0.67 -0.36 86.44 85.42 85.74 
88.40 0.20 0.10 0.02 -0.01 1.95 1.93 -0.14 0.53 -0.40 88.90 85.60 85.26 
88.50 0.03 0.07 0.17 0.09 1.84 1.84 -0.02 0.52 -0.40 94.23 85.69 85.15 
88.61 0.06 0.08 0.20 0.15 1.77 1.76 0.17 0.14 -0.38 98.59 85.50 85.42 
88.71 0.13 0.11 0.25 0.21 1.76 1.75 0.34 0.17 -0.35 101.52 84.03 85.68 
88.81 0.20 0.16 0.30 0.27 1.82 1.81 0.13 -0.15 -0.32 105.29 81.21 86.12 
88.91 0.13 0.16 0.28 0.29 1.80 1.81 -0.10 -0.28 -0.23 106.82 80.58 86.93 
89.02 0.19 0.18 0.20 0.24 1.89 1.90 0.08 -0.14 -0.03 104.44 79.75 89.40 
89.12 0.09 0.13 0.11 0.19 1.67 1.69 0.30 -0.15 0.11 101.43 82.40 91.30 
89.22 0.13 0.14 0.11 0.12 1.54 1.54 0.24 0.31 -0.00 97.16 82.18 89.91 
89.33 0.12 0.12 0.07 0.12 1.53 1.54 -0.01 -0.33 0.02 97.56 82.84 90.41 
89.43 0.12 0.11 0.08 0.10 1.53 1.53 -0.10 -0.13 0.01 95.74 83.79 90.27 
89.54 0.17 0.14 0.14 0.10 1.63 1.59 -0.10 0.01 0.13 95.60 82.03 91.35 
89.64 0.16 0.19 0.17 0.15 1.71 1.72 -0.18 -0.11 0.34 98.41 78.88 94.11 
89.75 0.27 0.24 0.27 0.21 1.95 1.94 -0.27 0.12 0.58 101.59 76.27 96.66 
89.85 0.15 0.23 0.13 0.22 2.08 2.06 -0.18 0.04 0.87 103.21 75.38 99.52 
89.95 0.14 0.16 0.18 0.15 2.01 2.01 -0.04 0.37 0.70 98.83 81.04 98.41 
90.05 0.21 0.13 0.11 0.13 2.07 2.01 -0.08 -0.26 0.67 97.47 82.27 97.99 
90.16 0.10 0.07 -0.06 0.04 2.00 2.01 -0.08 -0.34 0.78 93.47 86.34 99.32 
90.26 0.13 0.09 -0.02 0.06 2.17 2.17 0.16 -0.39 0.61 94.10 85.33 97.55 
90.36 0.09 0.08 -0.05 -0.01 2.12 2.12 0.09 0.07 0.50 89.69 85.21 96.31 
90.47 0.06 0.01 -0.06 -0.03 2.06 2.05 -0.18 0.47 0.35 88.34 89.98 94.66 
90.57 -0.09 -0.06 0.10 0.02 2.04 2.06 -0.12 0.17 0.18 90.64 92.79 92.34 
90.67 -0.01 -0.07 0.19 0.10 2.13 2.11 0.04 -0.45 0.14 94.56 94.29 91.28 
90.77 -0.03 -0.08 -0.07 -0.02 2.06 2.06 0.39 -0.62 -0.01 89.43 95.21 90.15 
90.87 -0.08 -0.05 -0.08 -0.05 2.08 2.08 0.09 0.13 -0.05 87.22 92.33 89.76 
90.98 0.01 -0.03 -0.05 -0.04 2.02 2.02 -0.23 0.51 -0.23 87.69 92.39 87.23 
91.08 0.02 -0.03 -0.08 -0.06 2.00 1.99 -0.51 -0.76 -0.50 86.45 92.29 84.71 
91.18 0.01 -0.01 -0.15 -0.10 2.06 2.06 -0.37 -0.45 -0.70 84.78 90.65 81.59 
91.29 -0.10 -0.03 0.06 -0.04 2.00 2.02 0.50 -0.07 -0.62 86.54 91.02 82.04 
91.39 0.21 0.08 0.09 0.07 2.04 2.02 0.78 0.01 -0.24 93.91 86.94 86.90 
91.50 0.20 0.20 0.11 0.10 2.04 2.04 0.54 0.08 -0.43 95.68 78.68 84.87 
91.60 0.29 0.24 0.16 0.13 1.93 1.98 0.61 0.36 -0.41 96.84 76.81 85.10 
91.70 0.33 0.29 0.12 0.14 1.92 1.92 0.68 -0.01 -0.26 98.06 74.01 86.72 
91.80 0.44 0.38 0.13 0.14 1.86 -0.21 0.81 0.30 -0.20 98.05 68.60 87.52 
91.91 0.50 0.47 0.17 0.15 1.86 1.86 0.55 0.36 -0.13 98.03 63.34 88.51 
92.01 0.60 0.52 0.16 0.16 1.84 1.83 0.06 -0.06 -0.14 99.03 60.86 88.36 
92.11 0.48 0.52 0.11 0.15 1.83 1.84 -0.71 -0.19 -0.17 98.70 59.78 87.97 
92.21 0.33 0.42 0.06 0.10 1.78 1.80 -1.52 -0.09 -0.38 95.79 65.76 85.39 
92.32 -0.02 0.18 0.09 0.09 1.75 1.68 -1.77 -0.08 -0.60 95.36 77.55 82.94 
92.42 -0.06 0.01 0.19 0.13 1.69 1.70 -1.48 0.28 -0.70 97.02 88.56 81.52 
92.52 -0.14 -0.11 0.26 0.20 1.78 1.78 -1.18 0.16 -0.48 101.11 95.81 83.75 
92.63 -0.31 -0.21 0.19 0.21 1.71 1.74 -1.16 -0.01 -0.22 102.33 100.99 87.03 
92.73 -0.39 -0.31 0.13 0.16 1.75 1.77 -0.88 0.30 -0.11 99.48 106.92 88.58 
92.84 -0.59 -0.42 0.19 0.19 1.63 1.65 -0.78 0.24 -0.04 100.62 112.41 89.50 
92.94 -0.62 -0.51 0.21 0.19 1.57 1.59 -0.85 0.25 -0.14 100.62 119.13 88.27 
93.04 -0.57 -0.57 0.19 0.20 1.61 1.61 -0.70 -0.01 -0.28 101.27 122.37 86.67 
93.15 -0.60 -0.61 0.24 0.21 1.68 1.67 -0.23 0.03 -0.16 101.64 124.73 87.84 
93.25 -0.64 -0.64 0.17 0.21 1.65 1.66 0.32 0.04 0.15 102.30 126.71 91.29 
93.35 -0.53 -0.59 0.18 0.18 1.52 1.56 1.19 -0.06 0.19 100.17 124.57 92.27 
93.46 -0.48 -0.53 0.23 0.19 1.49 1.47 2.12 -0.12 0.32 100.35 121.07 93.66 
93.56 -0.26 -0.37 0.26 0.21 1.36 1.34 2.52 0.21 0.51 101.83 112.41 95.91 
93.66 0.00 -0.18 0.32 0.27 1.45 1.42 2.43 0.37 0.60 105.63 100.14 97.17 
93.76 0.28 0.07 0.36 0.31 1.41 1.39 2.05 0.16 0.60 106.92 88.02 97.33 
93.87 0.68 0.37 0.24 0.29 1.51 1.48 1.33 0.00 0.38 107.06 71.65 94.94 
93.97 0.61 0.56 0.24 0.26 1.56 1.56 0.23 0.01 -0.01 104.76 58.22 90.34 
94.07 0.59 0.65 0.28 0.27 1.68 1.69 -0.75 -0.42 -0.29 105.14 52.30 86.73 
94.18 0.41 0.52 0.26 0.27 1.56 1.57 -1.62 -0.72 -0.29 105.26 59.21 86.43 
94.28 0.14 0.30 0.15 0.21 1.65 1.69 -1.94 -0.71 -0.20 102.32 71.16 87.55 
94.38 -0.12 0.08 0.13 0.15 1.57 1.61 -1.96 -0.57 -0.10 98.67 85.53 88.80 
94.48 -0.20 -0.14 0.04 0.09 1.59 1.61 -1.75 -0.36 -0.09 95.43 97.18 88.96 
94.59 -0.33 -0.29 0.05 0.03 1.72 1.58 -1.45 -0.22 -0.18 91.71 106.40 87.93 
94.69 -0.50 -0.41 0.01 0.02 1.65 1.66 -0.99 -0.49 -0.19 91.04 112.81 87.62 
94.79 -0.57 -0.51 -0.09 -0.02 1.75 1.77 -0.62 -0.43 -0.18 89.31 118.30 87.90 
94.90 -0.51 -0.53 -0.07 -0.02 1.78 1.79 0.05 -1.03 -0.13 89.21 120.85 88.26 
95.00 -0.63 -0.57 -0.11 -0.08 1.82 1.84 0.49 -0.55 0.02 85.33 122.58 90.23 
95.10 -0.64 -0.59 -0.20 -0.16 1.73 1.74 0.31 0.21 0.40 80.92 123.12 94.75 
95.21 -0.62 -0.60 -0.20 -0.19 1.74 1.75 0.07 0.03 0.34 79.53 123.87 94.25 
95.31 -0.60 -0.60 -0.19 -0.19 1.72 1.72 -0.25 0.13 0.34 79.34 124.64 94.02 
95.41 -0.53 -0.57 -0.20 -0.18 1.77 1.77 -0.43 -0.25 0.19 80.14 123.34 92.54 
95.52 -0.60 -0.60 -0.19 -0.19 1.81 1.81 -0.23 -0.12 -0.10 78.85 124.68 89.17 
95.62 -0.57 -0.60 -0.18 -0.19 1.85 1.82 0.34 -0.35 -0.34 78.95 124.57 86.21 
95.72 -0.57 -0.59 -0.24 -0.22 1.82 1.82 0.64 -0.12 -0.27 77.58 124.06 86.71 
95.82 -0.39 -0.47 -0.22 -0.20 1.81 1.80 1.05 0.10 -0.23 79.07 117.90 87.14 
95.93 -0.35 -0.41 -0.19 -0.19 1.81 1.80 1.32 0.21 -0.05 78.84 114.02 89.35 
96.03 -0.17 -0.27 -0.14 -0.18 1.75 1.73 1.46 0.44 0.13 79.58 106.83 91.31 
96.14 -0.04 -0.16 -0.11 -0.13 1.72 1.75 1.30 0.29 0.24 82.32 100.24 92.84 
96.24 0.03 -0.05 -0.17 -0.15 1.70 1.69 0.98 0.42 0.16 81.44 93.82 92.07 
96.34 0.10 0.05 -0.09 -0.11 1.68 1.68 0.78 0.36 -0.01 83.53 87.81 90.03 
96.44 0.16 0.11 0.01 -0.06 1.68 1.66 0.75 0.61 -0.19 85.93 83.89 87.76 
96.55 0.33 0.21 0.05 0.02 1.65 1.64 0.59 0.39 -0.15 90.68 78.93 88.29 
96.65 0.37 0.31 0.17 0.09 1.75 1.74 0.13 0.29 -0.15 94.23 72.76 88.12 
96.75 0.39 0.37 0.12 0.15 1.79 1.79 -0.43 -0.25 -0.11 98.60 68.78 88.80 
96.86 0.24 0.30 0.00 0.10 1.73 1.71 -0.64 -0.16 -0.01 96.67 72.05 89.71 
96.96 0.28 0.25 0.07 0.07 1.73 1.73 -0.58 0.52 0.13 94.05 75.73 91.68 
97.06 0.08 0.19 0.06 0.10 1.75 1.77 -0.40 0.02 0.13 96.37 78.27 91.41 
97.17 0.14 0.17 0.13 0.13 1.83 1.84 -0.15 -0.30 0.30 97.62 80.26 93.60 
97.27 0.16 0.18 0.14 0.16 1.98 1.98 -0.04 -0.15 0.60 99.39 79.29 96.73 
97.37 0.19 0.16 0.03 0.09 2.02 1.98 0.11 0.21 0.74 95.48 80.94 98.83 
97.48 0.14 0.19 0.17 0.10 2.07 2.08 0.19 0.07 0.76 94.99 78.88 99.04 
97.58 0.16 0.15 0.11 0.11 2.14 2.14 0.23 -0.34 0.73 96.57 81.65 98.93 
97.69 0.07 0.10 0.08 0.08 2.12 2.12 -0.06 0.39 0.74 94.58 84.06 98.89 
97.79 0.05 0.05 0.03 0.05 2.13 2.14 -0.18 0.04 0.69 93.00 86.92 98.40 
97.89 -0.03 -0.00 -0.00 0.01 2.10 2.11 -0.25 0.30 0.62 90.62 90.07 97.40 
97.99 -0.04 -0.04 0.05 0.03 2.17 2.17 -0.33 0.39 0.56 91.63 92.15 96.61 
98.10 -0.04 -0.05 -0.04 0.01 2.26 2.26 -0.32 0.20 0.60 90.75 92.99 97.40 
98.20 -0.07 -0.04 0.08 0.03 2.32 2.32 -0.07 -0.13 0.41 91.47 92.17 95.13 
98.30 -0.07 -0.04 0.12 0.08 2.41 2.41 0.14 -0.78 0.24 94.49 92.19 93.20 
98.41 -0.02 -0.02 0.15 0.12 2.44 2.45 0.13 -0.21 0.03 96.88 91.43 90.39 
98.51 0.04 -0.01 0.13 0.16 2.46 2.45 0.07 -0.23 -0.04 99.19 91.38 89.43 
98.61 0.15 0.05 0.21 0.17 2.52 2.50 -0.09 -0.06 0.02 99.77 86.94 90.21 
98.71 0.08 0.06 0.15 0.15 2.54 2.53 -0.10 0.13 0.05 98.77 86.91 90.69 
98.82 0.09 0.06 0.16 0.15 2.56 2.56 0.01 -0.02 0.02 98.39 86.51 90.01 
98.92 0.08 0.05 0.09 0.11 2.56 2.53 -0.02 0.21 0.04 96.26 87.42 90.56 
99.02 0.00 0.03 0.14 0.12 2.49 2.50 0.14 0.14 0.10 96.77 88.29 90.95 
99.13 0.01 0.01 0.05 0.07 2.37 2.37 0.35 -0.50 0.09 94.06 89.52 91.22 
99.23 -0.06 -0.03 -0.05 -0.03 2.27 2.28 0.25 0.16 -0.17 88.52 91.32 88.40 
99.33 0.05 0.04 -0.02 -0.01 2.32 2.32 0.10 0.30 -0.19 89.49 87.94 87.74 
99.44 0.14 0.09 -0.05 -0.01 2.40 2.39 0.04 -0.37 -0.07 89.83 85.45 88.97 
99.54 0.09 0.11 -0.16 -0.07 2.38 2.39 -0.16 -0.26 -0.02 86.80 83.40 89.66 
99.64 0.25 0.19 -0.07 -0.09 -3.60 -3.68 -0.39 0.16 0.00 84.50 79.77 89.61 
99.75 0.17 0.16 -0.17 -0.10 -3.54 -3.55 -0.34 -0.10 0.07 84.75 80.82 90.97 
99.85 0.13 0.15 -0.01 -0.06 -3.50 -3.49 0.11 0.20 0.47 85.88 81.21 95.10 
99.95 0.14 0.10 0.04 -0.01 -3.63 -3.64 0.67 -0.11 0.57 88.90 84.58 96.84 
100.05 0.23 0.14 0.09 0.05 2.54 2.52 0.54 0.16 0.62 92.80 81.97 97.38 
100.16 0.03 0.08 -0.12 0.00 2.44 2.45 -0.03 0.40 0.59 91.34 85.28 97.77 
100.26 0.10 0.11 -0.13 -0.04 -3.68 -3.68 -0.45 -0.08 0.16 88.34 83.31 92.39 
100.36 -0.07 0.07 -0.01 -0.06 2.50 2.55 -0.25 0.31 -0.01 86.06 84.93 89.96 
100.46 0.12 0.07 0.06 0.01 2.54 2.52 -0.05 -0.51 -0.29 90.31 86.74 85.77 
100.57 -0.06 -0.02 -0.06 0.00 2.35 2.36 -0.47 -0.22 -0.34 90.60 90.85 85.94 
100.67 -0.02 -0.03 0.03 0.01 2.42 2.39 -0.42 0.39 -0.02 90.49 92.02 89.24 
100.77 -0.08 -0.04 -0.08 -0.01 2.47 2.48 -0.16 -0.34 0.56 89.46 92.06 96.71 
100.87 -0.11 -0.07 -0.13 -0.07 2.51 2.48 -0.02 -0.25 0.54 86.53 93.41 96.91 
100.98 -0.06 -0.04 0.09 -0.00 -3.70 -3.69 0.07 0.15 0.25 89.03 92.01 92.97 
101.08 0.04 -0.01 0.11 0.11 -3.63 -3.63 0.42 -0.27 0.54 96.10 90.37 96.49 
101.18 0.07 0.05 0.05 0.13 -3.61 -3.62 0.37 -0.43 0.97 98.63 87.39 101.53 
101.28 0.42 0.11 -0.18 -0.07 -3.43 -3.47 -0.14 0.05 0.58 86.86 87.12 97.79 
101.38 0.04 0.03 0.07 -0.04 -3.43 -3.44 -0.33 0.54 0.28 86.59 88.71 93.42 
101.49 0.01 0.02 0.07 0.06 -3.41 -3.41 -0.12 -0.41 0.40 93.38 88.92 94.76 
101.59 -0.03 -0.01 0.14 0.13 -3.35 -0.99 -0.03 -0.34 0.52 97.11 90.30 95.88 
101.69 -0.07 -0.06 0.22 0.17 -3.35 -3.34 0.22 0.00 1.06 99.19 93.23 102.36 
101.80 -0.11 -0.08 0.03 0.14 -3.27 -3.27 0.35 -0.54 1.03 99.26 94.45 102.57 
101.90 -0.09 -0.08 0.09 0.09 -3.22 -3.22 -0.02 -0.02 0.79 95.06 94.70 99.85 
102.00 0.01 -0.04 0.19 0.17 -3.13 -3.13 -0.06 -0.11 0.90 99.46 92.74 100.88 
102.11 -0.02 -0.03 0.07 0.05 -3.02 -3.06 -0.04 0.75 0.59 92.36 92.05 96.99 
102.21 0.10 0.04 -0.09 0.05 -2.98 -2.98 -0.11 -0.04 0.47 94.45 88.42 96.51 
102.31 0.05 0.07 0.12 0.08 -2.95 -2.95 -0.25 0.29 -0.06 93.87 86.03 89.54 
102.41 0.09 0.05 0.21 0.12 -2.95 -2.95 -0.07 0.49 -0.13 96.07 87.83 88.45 
102.52 0.05 0.04 0.13 0.14 -2.96 -2.96 0.43 0.08 -0.10 97.86 87.72 88.85 
102.62 -0.08 -0.01 0.25 0.19 -3.03 -3.00 0.69 0.03 -0.35 100.23 89.52 85.79 
102.72 0.03 0.00 0.12 0.22 -3.07 -3.07 0.38 0.01 -0.26 103.30 89.95 87.28 
102.82 0.03 0.01 0.19 0.05 -3.09 -3.09 0.07 0.65 -0.92 91.64 89.32 79.21 
102.96 0.11 0.03 0.10 0.06 -3.15 -3.10 0.31 -0.12 -0.60 93.36 88.40 82.81 
103.09 0.03 0.03 0.11 0.07 -3.25 -3.16 0.42 -0.42 -0.71 93.81 88.40 81.44 
103.22 -0.13 0.00 0.10 0.07 -3.39 -3.27 0.61 -0.40 -0.87 94.11 89.74 79.52 
103.35 -0.06 -0.01 0.06 0.07 -3.54 -3.41 0.56 -0.23 -1.00 93.98 90.33 77.99 
103.46 -0.05 -0.01 0.12 0.09 -3.62 -3.61 0.18 -0.48 -1.27 94.55 90.15 75.09 
103.56 0.10 0.03 0.16 0.12 2.51 2.51 -0.13 -0.07 -1.30 96.58 88.85 74.37 
103.66 0.16 0.13 0.15 0.09 2.37 2.36 -0.20 -0.07 -1.50 94.83 83.05 71.72 
103.77 0.21 0.16 0.08 0.09 2.28 2.28 -0.11 0.18 -1.20 95.24 80.84 75.64 
103.87 0.15 0.16 0.12 0.12 2.06 2.06 -0.25 0.16 -0.91 96.90 80.57 78.71 
103.97 0.11 0.15 0.14 0.17 2.01 2.02 -0.24 -0.20 -0.41 100.02 80.96 84.61 
104.07 0.17 0.16 0.18 0.15 1.97 1.97 -0.31 0.21 -0.18 98.45 80.89 87.62 
104.18 0.16 0.19 0.16 0.16 2.21 2.16 -0.41 -0.18 -0.16 99.16 78.83 88.04 
104.28 0.22 0.20 0.10 0.11 2.47 2.47 -0.58 -0.07 -0.35 96.60 78.42 85.82 
104.38 0.17 0.18 0.09 0.12 -3.54 -3.54 -0.46 -0.20 -0.35 96.59 79.89 85.79 
104.48 0.05 0.11 -0.02 0.04 -3.61 -3.59 -0.23 -0.01 -0.47 93.10 83.37 84.88 
104.59 0.04 0.06 0.07 0.05 2.43 2.43 0.29 -0.42 -0.23 92.43 86.60 86.61 
104.69 0.03 0.04 0.03 0.02 1.87 2.11 0.68 -0.28 -0.03 91.38 87.92 89.57 
104.79 -0.05 0.04 -0.05 -0.01 1.69 1.70 0.78 0.28 -0.16 89.81 86.47 88.44 
104.90 0.30 0.15 0.08 -0.01 1.36 1.34 0.14 0.56 -0.27 88.66 82.93 87.00 
105.00 0.26 0.24 0.02 0.04 1.33 1.33 -0.16 -0.23 -0.21 92.66 76.25 87.01 
105.10 0.24 0.27 0.13 0.10 1.27 1.26 -0.43 0.02 0.28 95.94 74.57 93.38 
105.21 0.07 0.17 0.28 0.19 1.34 1.33 -0.43 0.01 0.50 99.70 79.50 95.56 
105.31 0.02 0.09 0.25 0.24 1.37 1.37 -0.38 0.24 0.63 103.59 83.89 97.35 
105.41 0.04 0.06 0.12 0.20 1.36 1.38 -0.38 -0.67 0.84 102.56 86.35 99.56 
105.52 -0.02 -0.01 0.13 0.16 1.52 1.53 -0.17 -0.39 0.92 99.48 90.47 101.04 
105.62 -0.08 -0.05 0.14 0.11 1.56 1.56 0.05 0.19 0.54 96.20 92.49 97.14 
105.72 -0.10 -0.06 -0.12 0.03 1.47 1.50 0.13 0.03 0.10 93.24 92.95 91.96 
105.82 -0.05 -0.07 0.04 0.09 1.48 1.48 0.15 -0.18 -0.16 94.91 93.77 88.11 
105.93 0.02 0.01 0.08 0.11 1.57 1.55 0.03 -0.45 0.09 96.39 89.40 90.56 
106.03 -0.07 0.01 0.02 0.06 1.57 1.59 0.15 -0.16 0.40 93.57 88.85 94.47 
106.13 -0.05 -0.02 0.04 0.05 1.63 1.63 0.33 -0.05 0.30 92.66 90.49 94.15 
106.24 0.04 0.02 0.10 0.07 1.73 1.72 0.25 0.51 0.28 94.03 88.95 93.59 
106.34 0.19 0.11 0.23 0.14 1.85 1.83 -0.05 0.39 0.11 97.07 84.77 91.58 
106.45 0.07 0.08 0.13 0.13 1.98 1.85 -0.12 -0.03 0.50 97.76 85.16 95.99 
106.55 0.05 0.06 0.09 0.10 2.00 2.00 -0.07 0.02 0.24 95.57 86.77 92.94 
106.65 -0.08 -0.02 0.01 0.09 1.99 2.01 -0.05 0.03 -0.10 96.12 90.25 89.38 
106.75 -0.01 -0.04 0.07 0.11 1.99 1.99 -0.03 -0.11 -0.27 96.59 92.65 86.49 
106.86 0.03 -0.01 0.14 0.13 2.06 2.05 -0.13 -0.33 0.10 97.17 90.91 90.92 
106.96 -0.00 -0.03 -0.03 0.05 2.16 2.10 -0.02 -0.35 0.40 93.41 91.64 94.53 
107.06 0.04 0.02 0.03 0.00 2.25 2.24 0.35 0.10 0.38 89.87 89.09 94.61 
107.17 0.11 0.06 0.13 0.03 2.35 2.34 0.60 0.32 0.19 90.89 87.05 92.48 
107.27 0.09 0.11 0.09 0.04 2.40 2.40 0.68 0.99 -0.12 92.28 83.79 88.58 
107.37 0.15 0.18 0.28 0.16 2.49 2.49 0.56 0.41 -0.35 98.00 79.38 86.26 
107.47 0.28 0.20 0.19 0.19 2.46 2.45 -0.06 -0.60 -0.17 101.05 79.27 87.70 
107.58 0.03 0.09 0.08 0.11 2.41 2.43 -0.43 -0.40 -0.28 96.58 84.44 86.77 
107.68 -0.10 -0.01 0.15 0.05 2.41 2.38 -0.32 0.60 -0.61 91.81 89.83 83.03 
107.78 0.12 0.02 0.18 0.11 2.55 2.53 -0.18 0.31 -0.29 95.24 89.70 86.05 
107.89 0.04 -0.02 0.01 0.06 -3.70 1.62 0.03 0.14 -0.06 94.12 91.66 89.27 
107.99 -0.03 -0.04 0.13 0.07 -3.67 -3.67 0.49 -0.12 -0.35 93.58 92.23 86.06 
108.09 0.08 0.02 -0.05 -0.01 2.56 2.54 0.83 0.65 -0.45 89.74 89.77 84.42 
108.19 -0.00 0.02 0.25 0.14 2.46 2.46 0.46 -0.25 -0.49 97.02 88.39 84.48 
108.29 0.23 0.07 0.18 0.19 2.41 2.37 -0.27 -0.71 -0.42 101.18 87.62 84.66 
108.39 0.10 0.10 -0.04 0.11 2.55 2.55 -0.61 -1.04 -0.42 98.07 83.95 85.28 
108.50 -0.00 0.08 0.07 0.07 2.54 2.56 -0.09 0.09 -0.77 93.84 84.60 81.42 
108.60 0.09 0.05 0.12 0.12 2.42 2.41 0.00 0.31 -0.89 96.57 87.65 79.34 
108.70 0.08 0.06 0.13 0.16 2.36 2.36 -0.21 0.05 -0.87 99.17 86.29 79.56 
108.80 0.16 0.13 0.10 0.18 2.40 2.40 -0.42 -0.55 -0.12 101.28 82.85 88.57 
108.91 0.02 0.07 -0.08 0.04 2.36 2.34 -0.19 -0.43 0.07 93.51 85.31 90.87 
109.01 -0.13 0.04 -0.01 0.03 2.31 2.34 0.10 -0.12 0.14 91.79 85.99 91.50 
109.11 0.04 0.01 0.07 0.04 2.31 2.30 0.21 -0.12 0.20 91.75 89.88 92.27 
109.22 -0.02 0.00 0.14 0.07 2.33 2.33 -0.12 0.39 -0.00 93.52 89.50 90.27 
109.32 0.00 0.04 0.11 0.10 2.42 2.42 -0.25 -0.33 0.27 95.90 87.66 93.19 
109.42 0.01 0.00 -0.08 -0.01 2.43 2.43 -0.07 -0.04 0.32 89.32 89.92 93.87 
109.53 -0.15 -0.04 0.11 0.04 2.50 2.52 0.32 0.21 -0.20 91.61 91.26 88.09 
109.63 -0.11 -0.07 -0.04 -0.00 2.46 2.47 0.31 0.76 -0.24 90.16 93.39 87.57 
109.73 0.11 -0.01 0.02 0.02 2.51 2.50 0.10 0.02 -0.47 91.08 91.86 84.67 
109.83 0.03 0.02 0.00 0.01 2.51 2.51 -0.10 -0.92 -0.39 90.63 88.61 85.07 
109.94 0.02 0.04 -0.07 -0.04 2.52 2.52 -0.03 -0.14 -0.25 88.02 87.16 86.66 
110.04 0.03 0.01 0.10 0.04 2.53 2.53 0.24 0.45 -0.00 91.82 89.67 89.99 
110.14 0.09 0.01 0.21 0.11 -3.71 1.60 0.11 1.02 -0.21 96.31 89.67 87.53 
110.25 0.15 0.06 0.28 0.19 -3.63 -3.65 -0.06 0.17 -0.31 99.92 87.17 86.28 
110.35 0.14 0.09 0.16 0.19 -3.56 -3.57 -0.16 -0.88 -0.11 101.23 85.20 88.39 
110.45 0.09 0.13 0.21 0.15 -3.47 -3.46 0.09 0.68 -0.08 97.99 82.19 88.92 
110.56 0.07 0.11 0.19 0.21 -3.42 -3.42 0.45 -0.03 0.10 101.95 83.57 90.78 
110.66 0.16 0.08 0.27 0.24 -3.45 -3.41 0.42 -0.11 0.02 103.17 86.13 89.91 
110.76 0.01 0.06 0.15 0.18 -3.43 -3.42 0.41 0.01 0.06 100.34 86.00 90.22 
110.86 0.16 0.07 0.07 0.10 -3.30 -3.32 0.35 0.01 0.27 95.92 86.21 93.28 
110.97 0.24 0.17 0.16 0.14 -3.15 -3.16 0.29 -0.09 0.24 98.08 80.69 92.86 
111.07 0.35 0.28 0.03 0.12 -2.99 -3.00 0.43 -0.36 -0.01 97.89 74.66 90.34 
111.17 0.35 0.29 0.37 0.26 -2.86 -2.90 0.23 0.23 -0.28 103.80 73.95 86.60 
111.28 0.49 0.40 0.23 0.28 -2.66 -2.67 -0.36 -0.99 -0.21 106.84 68.17 87.26 
111.38 0.33 0.37 0.07 0.14 -2.53 -2.53 -0.96 -0.62 -0.13 98.51 68.39 88.81 
111.48 0.13 0.22 0.07 0.11 -2.52 -2.52 -0.63 0.28 -0.33 96.25 77.21 86.05 
111.58 0.02 0.08 0.16 0.12 -2.46 -2.45 -0.12 0.02 -0.37 96.60 84.91 85.34 
111.69 -0.09 0.02 0.08 0.08 -2.45 -2.44 -0.15 0.41 -0.07 94.67 88.05 89.49 
111.79 0.00 0.03 -0.02 0.06 -2.44 -2.45 0.04 -0.37 0.15 94.48 87.78 91.79 
111.89 -0.02 0.04 0.00 0.06 -2.52 -2.52 0.19 -0.22 0.28 93.96 87.15 93.30 
112.00 0.07 0.05 0.07 0.03 -2.55 -2.54 0.39 0.15 0.13 91.24 87.09 91.92 
112.10 0.06 0.09 0.08 0.04 -2.74 -2.72 0.36 0.73 0.13 91.78 84.91 91.45 
112.20 0.23 0.13 0.23 0.13 -2.84 -2.83 0.14 0.51 -0.04 97.42 82.31 89.49 
112.30 0.22 0.18 0.17 0.12 -2.99 -2.99 -0.20 -0.32 -0.05 96.63 79.98 89.44 
112.41 0.13 0.15 0.07 0.08 -3.17 -3.10 -0.21 -0.11 -0.16 94.84 81.18 88.83 
112.51 0.07 0.10 0.02 0.09 -3.31 -3.31 -0.15 0.22 -0.27 95.90 83.72 87.15 
112.62 0.08 0.05 0.14 0.13 -3.51 -3.52 -0.06 -0.45 -0.52 97.59 87.62 83.57 
112.72 0.23 0.09 0.26 0.19 -3.51 -3.54 -0.24 -0.52 -0.25 100.21 86.38 86.20 
112.83 -0.10 0.00 -0.10 0.03 -3.68 -3.65 -0.12 -0.26 -0.09 92.99 88.79 89.03 
112.93 0.01 0.02 0.06 0.02 2.57 -2.71 0.25 -0.22 -0.38 91.14 88.64 85.48 
113.03 0.15 0.07 0.04 0.05 -3.70 1.63 0.38 -0.05 -0.26 93.12 86.67 86.75 
113.13 0.08 0.08 0.23 0.16 2.52 2.52 0.28 0.25 -0.34 98.41 85.72 85.95 
113.23 0.08 0.10 0.31 0.24 2.54 2.54 0.01 -0.90 0.02 103.00 84.03 89.41 
113.34 0.06 0.11 0.11 0.15 -3.62 -3.61 -0.13 -0.30 -0.10 98.64 83.22 89.34 
113.44 0.09 0.12 0.16 0.13 -3.54 -3.60 -0.15 0.25 -0.44 97.19 82.87 84.96 
113.54 0.06 0.10 0.00 0.09 -3.45 -3.44 -0.14 0.10 -0.38 95.97 83.68 85.28 
113.64 0.01 0.03 0.12 0.12 -3.55 -3.64 -0.12 0.26 -0.12 96.78 87.81 88.14 
113.75 0.28 0.05 -0.04 0.04 -2.46 -2.82 -0.14 -0.20 0.21 92.88 89.24 92.68 
113.85 0.00 0.06 -0.04 -0.02 -1.39 -1.43 -0.11 0.17 -0.12 89.04 86.13 88.50 
113.96 -0.01 0.04 0.04 0.03 -1.18 -1.32 0.10 0.19 0.00 91.47 87.22 90.10 
114.06 0.05 0.06 0.13 0.09 -1.29 -1.27 0.10 -0.17 0.08 95.31 86.64 90.95 
114.16 0.02 0.02 0.16 0.20 0.01 -1.13 -0.18 -0.53 0.25 101.22 88.82 92.86 
114.26 0.00 0.06 0.16 0.21 -1.11 -1.38 -0.19 -1.15 -0.03 101.90 86.77 89.61 
114.36 0.07 0.06 -0.04 0.10 -0.82 -0.90 -0.11 -0.15 0.09 95.45 86.53 91.02 
114.47 -0.04 0.02 0.07 0.09 0.13 0.06 0.03 0.39 -0.29 95.15 88.31 86.64 
114.57 -0.04 -0.00 0.14 0.07 -0.14 -0.18 -0.15 0.83 -0.48 93.23 89.79 84.82 
114.67 0.01 -0.02 0.15 0.08 0.02 0.00 -0.18 -0.07 -0.37 93.96 91.62 85.32 
114.78 0.02 0.00 0.12 0.11 0.19 0.19 0.08 -0.53 0.23 96.12 89.99 92.29 
114.88 -0.12 -0.05 0.02 0.05 0.49 0.48 0.38 0.31 0.52 92.96 92.20 96.20 
114.98 -0.01 -0.02 0.01 0.04 0.48 0.49 0.25 -0.01 0.27 92.35 91.58 93.82 
115.09 -0.03 -0.01 0.11 0.06 0.54 0.52 -0.04 0.21 0.20 93.22 90.29 92.40 
115.19 -0.07 -0.01 0.08 0.08 0.59 0.59 -0.35 -0.63 -0.10 94.70 90.04 88.97 
115.29 -0.09 -0.04 0.13 0.07 0.66 0.63 -0.36 0.01 -0.11 93.70 91.61 88.38 
115.39 -0.09 -0.08 0.02 0.03 0.58 0.59 0.11 -0.12 -0.37 92.20 94.35 85.96 
115.50 -0.12 -0.10 0.02 0.04 0.57 0.58 0.26 0.19 -0.34 92.22 95.68 85.65 
115.60 -0.20 -0.13 0.14 0.05 0.44 0.41 0.25 0.33 -0.88 91.70 97.02 79.65 
115.70 -0.00 -0.04 0.28 0.13 0.44 0.41 0.11 -0.10 -0.80 97.16 92.34 80.42 
115.80 0.03 0.01 0.17 0.12 0.40 0.39 -0.03 -0.19 -0.25 96.17 89.32 86.76 
115.91 -0.06 0.00 0.18 0.10 0.35 0.35 0.08 0.32 -0.40 94.84 89.38 85.13 
116.01 0.00 -0.02 0.10 0.09 0.35 0.35 0.18 -0.26 -0.16 95.36 91.15 87.57 
116.12 -0.08 -0.03 0.25 0.12 0.41 0.37 -0.07 0.59 -0.37 95.80 91.10 85.84 
116.22 0.12 0.02 0.35 0.24 0.59 0.56 -0.29 -0.55 -0.05 102.52 89.76 88.71 
116.32 -0.16 -0.04 -0.04 0.11 0.63 0.67 -0.23 -0.60 0.08 98.07 91.21 91.47 
116.43 -0.19 -0.10 0.16 0.06 0.66 0.62 -0.03 0.16 -0.37 93.62 95.95 85.61 
116.53 -0.12 -0.11 -0.17 -0.01 0.48 0.53 0.09 0.05 -0.30 91.33 96.31 86.86 
116.63 -0.10 -0.12 0.15 0.08 0.47 0.45 0.07 0.57 -0.59 93.92 97.35 83.23 
116.74 -0.01 -0.06 -0.09 0.02 0.32 0.36 0.08 -0.56 -0.04 92.56 93.90 89.05 
116.84 -0.14 -0.04 -0.14 -0.08 0.26 0.25 0.10 -0.06 0.00 85.94 91.16 90.23 
116.94 -0.14 -0.09 -0.10 -0.08 0.43 0.37 0.22 -0.63 -0.15 85.37 94.70 88.20 
117.05 -0.08 -0.08 -0.12 -0.12 0.47 0.47 0.06 -0.48 -0.19 83.26 94.88 87.84 
117.15 -0.07 -0.09 -0.04 -0.06 0.57 0.57 -0.25 0.63 -0.18 86.41 94.98 87.80 
117.25 -0.09 -0.10 -0.09 -0.04 0.56 0.57 -0.39 -0.41 -0.38 88.12 95.78 85.64 
117.36 -0.13 -0.11 -0.17 -0.11 0.39 0.40 -0.19 0.13 -0.60 84.32 95.89 83.17 
117.46 -0.11 -0.13 -0.01 -0.09 0.26 0.34 0.14 0.80 -0.63 83.73 97.74 82.49 
117.56 -0.05 -0.09 -0.06 -0.06 0.17 0.18 0.53 0.02 -0.40 86.37 95.51 85.19 
117.67 -0.11 -0.07 -0.01 -0.12 0.04 0.02 0.52 1.68 -0.46 81.88 93.51 84.93 
117.77 0.05 0.01 0.07 -0.00 -0.09 -0.09 0.49 0.17 -0.46 89.03 89.67 84.47 
117.87 0.11 0.09 0.13 0.05 -0.21 -0.21 0.33 -0.74 -0.48 92.60 84.61 84.30 
117.98 0.29 0.21 0.11 0.03 -0.43 -0.40 0.07 0.20 -0.40 90.87 79.07 85.01 
118.08 0.12 0.15 0.14 0.10 -0.32 -0.33 0.08 -0.02 -0.21 95.15 81.41 87.32 
118.18 0.09 0.16 0.31 0.16 -0.28 -0.33 0.00 -0.31 -0.25 97.77 80.12 86.81 
118.28 0.19 0.17 0.26 0.18 -0.30 -0.31 -0.15 0.36 -0.24 100.53 80.25 87.15 
118.38 0.10 0.14 0.10 0.18 0.05 0.06 -0.14 -1.32 0.31 101.11 81.88 93.45 
118.49 -0.07 0.12 0.06 0.09 0.14 0.05 0.04 0.16 0.29 95.28 81.34 93.49 
118.59 0.02 0.09 -0.10 0.02 0.23 0.25 0.12 0.45 0.12 91.20 85.10 91.48 
118.69 0.06 0.04 0.03 0.05 0.40 0.40 0.25 0.38 -0.08 92.78 88.08 88.90 
118.80 0.16 0.09 0.08 0.06 0.41 0.42 0.01 0.43 0.09 93.52 85.69 90.77 
118.90 0.10 0.10 0.04 0.08 0.52 0.54 -0.24 -0.87 0.21 95.06 84.16 92.51 
119.01 0.10 0.11 0.02 0.03 0.62 0.62 -0.17 -0.24 0.06 91.76 83.68 90.67 
119.11 0.08 0.07 0.07 0.07 0.83 0.83 -0.09 0.15 0.16 93.75 86.08 91.85 
119.21 0.08 0.05 0.16 0.14 0.97 0.99 0.00 0.13 0.07 97.56 87.36 90.73 
119.31 0.09 0.06 0.11 0.14 1.09 1.09 -0.08 -1.01 0.28 98.30 87.06 92.97 
119.42 -0.02 0.03 -0.01 0.04 1.11 1.12 -0.06 -0.05 0.27 92.92 88.02 93.57 
119.52 -0.02 0.02 0.02 0.02 1.09 1.09 0.08 0.28 -0.12 91.35 88.30 88.92 
119.62 0.11 0.05 0.00 -0.02 0.96 0.95 0.10 0.48 -0.50 88.94 87.97 84.95 
119.73 0.10 0.05 0.11 0.05 0.86 0.90 0.10 -0.41 -0.50 92.26 87.92 83.46 
119.83 0.06 0.03 -0.05 0.00 0.80 0.81 0.03 -0.18 -0.03 90.72 88.51 89.13 
119.93 -0.00 0.02 -0.12 -0.08 0.72 0.72 0.10 0.16 0.18 85.85 88.37 91.97 
120.03 0.10 0.06 -0.03 -0.07 0.69 0.69 0.14 -0.04 0.15 86.01 86.61 91.79 
120.14 0.06 0.04 -0.04 -0.04 0.73 0.73 0.20 -0.13 -0.13 87.72 88.25 88.84 
120.24 0.04 0.04 0.07 0.03 0.72 0.71 0.18 -0.03 -0.25 91.42 87.57 86.72 
120.34 0.11 0.06 0.08 0.09 0.65 0.66 0.04 -0.23 -0.09 95.29 86.86 88.83 
120.45 0.00 0.05 0.03 0.06 0.57 0.60 -0.05 0.05 -0.08 93.59 86.76 89.15 
120.55 0.08 0.07 -0.15 -0.02 0.47 0.48 -0.07 -0.12 -0.27 89.89 86.13 87.20 
120.65 0.06 0.07 -0.01 0.01 0.41 0.41 -0.15 0.11 -0.54 90.86 85.85 83.59 
120.75 0.04 0.07 0.10 0.04 0.28 0.28 -0.27 -0.20 -0.71 92.33 86.11 81.48 
120.85 0.04 0.05 -0.11 -0.03 0.15 0.15 -0.45 -0.47 -0.34 88.97 86.73 85.55 
120.96 -0.06 -0.00 -0.08 -0.06 0.09 0.12 -0.23 -0.36 -0.03 86.76 89.71 89.11 
121.06 -0.11 -0.08 -0.06 -0.06 0.12 0.12 0.09 -0.57 0.29 86.24 94.26 93.15 
121.16 -0.09 -0.09 -0.07 -0.10 0.18 0.18 0.13 0.23 0.33 84.05 95.43 93.96 
121.27 0.09 -0.04 0.04 -0.00 0.19 0.20 0.08 -0.04 0.31 89.25 93.40 93.34 
121.37 -0.02 -0.02 -0.01 -0.02 0.22 0.22 -0.19 -0.19 0.33 88.43 91.01 94.05 
121.47 -0.07 -0.06 -0.00 -0.01 0.29 0.27 0.00 0.15 0.27 89.10 93.13 93.35 
121.58 -0.05 -0.07 0.00 -0.03 0.30 0.30 0.22 0.20 -0.02 88.02 94.47 90.00 
121.68 0.08 -0.02 -0.19 -0.11 0.24 0.25 0.22 0.19 -0.01 84.75 91.85 89.90 
121.79 0.03 0.01 -0.06 -0.06 0.21 0.22 0.17 0.48 0.15 86.85 89.78 91.77 
121.89 0.02 0.01 0.06 0.01 0.24 0.24 0.33 0.19 -0.07 89.94 89.25 89.64 
121.99 0.16 0.09 -0.20 -0.09 0.18 0.19 0.33 -0.31 -0.48 86.01 85.89 84.19 
122.10 0.15 0.13 -0.10 -0.09 0.09 0.09 0.22 -0.53 -0.75 85.01 82.70 81.03 
122.20 0.04 0.09 -0.02 -0.05 0.03 0.03 -0.13 -0.30 -0.78 86.76 84.58 80.43 
122.30 0.13 0.11 -0.22 -0.09 0.01 0.02 -0.41 -0.84 -0.69 85.99 83.99 81.90 
122.41 0.01 0.03 -0.27 -0.14 -0.13 -0.12 -0.40 -0.47 -1.01 83.19 88.09 78.32 
122.51 -0.04 -0.02 -0.23 -0.16 -0.17 -0.15 -0.25 -0.25 -1.22 81.31 91.18 75.47 
122.62 -0.04 -0.05 -0.16 -0.19 -0.20 -0.20 -0.19 0.17 -1.27 79.16 92.94 74.73 
122.72 0.12 0.05 -0.16 -0.15 -0.39 -0.38 -0.14 -0.09 -1.41 81.43 87.83 73.20 
122.82 0.11 0.11 0.11 -0.06 -0.57 -0.57 -0.20 0.01 -1.31 86.76 83.46 74.29 
122.93 0.21 0.16 0.02 0.01 -0.78 -0.77 -0.22 -0.11 -1.09 90.60 81.57 76.77 
123.03 0.27 0.21 -0.01 0.00 -0.98 -0.90 -0.19 0.13 -1.11 90.27 78.86 76.84 
123.14 0.20 0.19 0.02 0.03 -1.03 -1.03 -0.05 0.24 -1.18 91.49 79.25 75.84 
123.24 0.15 0.18 0.05 0.04 -1.12 -1.12 -0.02 0.12 -1.16 92.18 79.64 76.07 
123.34 0.22 0.18 -0.05 0.04 -1.20 -1.20 -0.01 0.03 -0.97 93.31 80.23 78.06 
123.45 0.11 0.17 -0.03 0.01 -1.26 -1.27 -0.12 -0.04 -0.82 90.68 79.90 80.11 
123.55 0.13 0.15 -0.00 0.00 -1.29 -1.29 -0.17 -0.19 -0.83 90.14 81.19 80.08 
123.65 0.26 0.17 -0.05 -0.03 -1.41 -1.40 -0.17 -0.11 -0.73 88.54 81.38 81.22 
123.75 0.05 0.10 0.04 -0.01 -1.50 -1.50 -0.18 -0.15 -0.75 89.00 83.69 81.09 
123.86 0.07 0.07 0.12 0.06 -1.61 -1.60 -0.09 -0.09 -0.76 93.03 86.30 80.79 
123.96 -0.07 -0.02 0.02 0.06 -1.68 -1.69 -0.02 0.04 -0.72 94.01 90.88 81.54 
124.06 -0.03 -0.04 0.00 0.01 -1.62 -1.62 0.09 0.31 -0.77 90.53 92.68 80.71 
124.16 -0.02 -0.02 -0.01 -0.00 -1.66 -1.66 0.08 0.04 -0.67 89.85 91.26 81.91 
124.26 0.02 -0.01 -0.01 -0.02 -1.70 -1.67 0.04 0.03 -0.58 88.93 91.10 82.88 
124.37 0.05 0.03 0.03 -0.00 -1.77 -1.76 -0.03 -0.09 -0.33 89.59 88.70 85.59 
124.47 0.04 0.07 0.10 0.03 -1.93 -1.92 -0.04 0.02 -0.13 91.27 85.78 88.37 
124.57 0.05 0.06 0.11 0.12 -2.04 -2.04 0.04 -0.29 0.01 97.28 86.42 90.05 
124.68 0.19 0.14 0.06 0.09 -2.08 -2.08 0.01 -0.06 -0.20 95.52 82.20 87.95 
124.78 0.20 0.14 0.00 0.03 -2.08 -2.06 0.02 -0.16 -0.34 92.33 82.82 85.92 
124.88 0.02 0.08 -0.04 -0.04 -2.04 -2.04 0.20 0.15 -0.46 87.80 84.75 84.54 
124.98 0.08 0.09 0.06 -0.00 -2.10 -2.08 0.37 0.35 -0.39 89.04 84.78 85.25 
125.09 0.14 0.15 0.11 0.06 -2.18 -2.17 0.17 0.36 -0.46 92.79 81.22 84.67 
125.19 0.01 0.09 0.14 0.18 -2.36 -2.36 -0.09 -0.65 -0.49 100.84 83.84 83.94 
125.30 0.02 0.03 0.07 0.12 -2.44 -2.41 -0.12 -0.27 -0.50 97.15 87.90 83.81 
125.40 -0.10 0.02 0.02 0.06 -2.42 -2.42 0.07 -0.08 -0.40 93.80 87.58 84.90 
125.51 0.08 0.08 0.01 0.04 -2.44 -2.44 0.18 0.10 -0.06 92.42 85.73 88.95 
125.61 0.18 0.13 0.06 0.03 -2.42 -2.42 0.25 0.12 0.09 91.69 83.35 90.88 
125.74 0.22 0.14 0.26 0.07 -2.49 -2.43 0.24 0.60 0.38 93.97 82.02 94.55 
125.87 0.30 0.16 0.19 0.09 -2.44 -2.48 -0.40 -0.13 0.48 95.01 80.64 95.79 
126.01 0.19 0.17 0.11 0.09 -2.38 -2.43 -0.30 0.06 0.44 95.18 80.42 95.23 
126.14 0.11 0.16 -0.05 0.07 -2.32 -2.37 -0.05 0.10 0.46 94.00 80.95 95.46 
126.24 0.14 0.16 0.02 0.05 -2.25 -2.25 -0.15 -0.07 0.19 93.40 80.86 92.77 
126.34 0.06 0.12 0.37 0.23 -2.42 -2.38 -0.03 -0.77 0.00 102.04 82.66 89.29 
126.45 0.18 0.11 0.06 0.15 -2.40 -2.41 -0.08 -0.15 0.42 99.47 84.23 94.83 
126.55 0.09 0.07 -0.02 0.09 -2.29 -2.31 0.13 0.05 0.61 96.31 85.98 97.28 
126.65 0.03 0.06 0.06 0.01 -2.22 -2.21 0.16 0.24 0.59 90.01 86.28 97.07 
126.76 0.17 0.13 0.04 0.03 -2.18 -2.18 -0.09 -0.17 0.74 91.60 83.29 98.86 
126.86 0.22 0.17 0.08 0.02 -2.15 -2.14 -0.06 0.29 0.75 90.79 80.86 99.39 
126.96 0.22 0.18 0.13 0.12 -2.20 -2.20 0.06 -0.29 0.96 96.70 80.28 101.34 
127.07 0.04 0.16 -0.01 0.07 -2.11 -2.12 -0.08 -0.00 0.95 94.73 79.49 101.80 
127.17 0.14 0.14 0.01 0.01 -2.04 -2.04 -0.05 0.01 0.70 90.80 81.86 98.35 
127.27 0.09 0.13 -0.05 -0.05 -1.95 -1.95 -0.05 -0.08 0.45 87.23 81.88 95.64 
127.38 0.12 0.09 -0.02 -0.06 -1.92 -1.92 0.11 0.22 0.13 86.47 85.45 92.01 
127.48 0.10 0.09 0.16 0.11 -2.08 -2.07 0.19 -0.22 0.14 95.96 85.17 91.43 
127.58 0.07 0.10 0.03 0.07 -2.07 -2.07 0.07 -0.11 0.38 94.17 84.04 94.28 
127.69 -0.01 0.08 -0.05 0.00 -1.98 -1.99 0.11 0.24 0.52 90.76 84.76 95.97 
127.79 0.15 0.12 0.06 0.02 -1.90 -1.90 0.09 0.66 0.63 91.08 83.12 97.56 
127.89 0.11 0.14 0.02 0.03 -1.87 -1.87 0.14 0.14 0.72 91.97 81.43 98.55 
127.99 0.28 0.19 0.37 0.16 -1.94 -1.91 0.31 0.52 0.69 97.32 79.97 98.22 
128.09 0.24 0.26 0.12 0.15 -1.88 -1.88 -0.21 -0.17 0.51 98.60 75.00 96.07 
128.20 0.11 0.16 0.00 0.08 -1.82 -1.83 -0.43 -0.14 0.19 95.22 80.04 92.68 
128.30 0.14 0.13 0.00 0.01 -1.78 -1.78 -0.44 -0.01 0.06 90.47 82.83 90.68 
128.40 0.01 0.07 -0.04 -0.01 -1.75 -1.76 -0.35 -0.34 0.11 89.22 86.26 91.36 
128.50 0.03 0.03 0.25 0.06 -1.84 -1.81 0.14 0.78 -0.40 93.64 88.33 85.20 
128.60 0.00 0.02 0.08 0.09 -1.87 -1.87 0.18 -0.41 -0.24 95.01 88.77 87.07 
128.70 0.11 0.09 0.13 0.09 -1.95 -1.94 0.45 0.11 -0.10 95.05 85.01 88.77 
128.80 0.06 0.07 -0.00 0.04 -1.89 -1.90 0.17 0.07 0.16 92.33 86.26 91.87 
128.90 0.18 0.07 0.04 0.00 -1.85 -1.84 -0.09 -0.13 0.24 90.17 85.71 92.92 
129.01 0.17 0.10 0.06 0.00 -1.89 -1.88 -0.04 -0.07 0.25 89.64 84.91 92.99 
129.11 0.03 0.14 0.08 0.09 -1.96 -1.97 -0.06 -0.02 0.37 95.36 81.84 94.44 
129.21 0.07 0.12 0.02 0.06 -1.94 -1.94 -0.23 -0.27 0.08 93.21 83.08 90.96 
129.31 0.19 0.13 -0.05 -0.05 -1.87 -1.86 -0.18 -0.03 -0.03 87.25 82.36 89.67 
129.41 -0.13 0.02 -0.01 -0.08 -1.84 -1.84 -0.08 -0.06 -0.09 85.67 88.72 88.87 
129.51 -0.12 -0.00 0.06 -0.06 -1.87 -1.85 -0.16 0.52 -0.30 85.34 89.00 87.42 
129.62 0.01 -0.02 0.25 0.13 -2.16 -2.13 0.20 -0.41 -0.02 97.29 91.12 89.70 
129.72 0.19 0.06 -0.11 0.01 -2.01 -2.04 0.12 0.06 0.22 90.46 86.45 92.69 
129.82 0.04 0.00 -0.10 -0.06 -1.92 -1.92 0.30 0.17 0.18 87.19 90.25 91.98 
129.92 0.19 0.07 -0.01 -0.01 -1.99 -1.99 -0.03 -0.11 0.32 89.19 85.94 93.82 
130.02 0.07 0.09 0.04 0.01 -2.02 -2.02 -0.28 -0.07 0.43 90.55 85.03 95.21 
130.12 -0.00 0.07 0.03 0.05 -2.13 -2.14 -0.39 -0.03 0.53 93.10 85.95 96.32 
130.22 0.12 0.08 0.10 0.08 -2.13 -2.13 -0.11 -0.11 0.40 94.71 85.68 94.84 
130.32 -0.14 -0.01 -0.06 -0.00 -2.02 -2.04 0.11 0.03 0.43 89.93 90.47 95.11 
130.43 -0.10 -0.05 0.00 -0.04 -1.95 -1.94 0.28 -0.08 0.17 87.76 92.83 92.09 
130.53 -0.04 -0.03 -0.04 -0.04 -1.94 -1.94 0.24 -0.03 -0.22 87.76 91.66 87.41 
130.63 0.04 -0.02 0.11 0.06 -2.09 -2.08 0.20 0.07 -0.48 92.81 91.97 84.17 
130.73 0.11 0.05 0.13 0.13 -2.17 -2.18 0.24 -0.21 -0.39 97.34 87.01 85.27 
130.83 0.05 0.05 0.04 0.06 -2.06 -2.07 0.11 -0.35 -0.10 93.34 87.11 88.77 
130.93 0.05 0.04 -0.01 0.00 -1.94 -1.94 -0.19 -0.11 0.03 90.29 87.64 90.28 
131.03 0.12 0.07 -0.13 -0.03 -1.85 -1.87 -0.17 -0.50 0.21 88.26 86.17 92.57 
131.13 0.08 0.09 0.07 0.03 -1.90 -1.89 0.09 -0.06 0.09 91.58 84.78 91.05 
131.24 0.17 0.17 0.09 0.07 -1.86 -1.85 -0.01 -0.13 0.27 94.00 80.42 93.22 
131.34 0.03 0.07 -0.12 -0.03 -1.46 -1.58 -0.12 -0.03 0.27 88.03 86.24 93.19 
131.44 0.07 0.03 -0.08 -0.10 -1.28 -1.27 0.07 0.04 -0.00 84.35 88.03 89.99 
131.54 -0.12 0.03 -0.12 -0.12 -1.12 -1.15 -0.11 0.14 -0.17 83.25 86.68 88.44 
131.64 -0.19 -0.05 0.38 0.10 -1.13 -1.12 -0.00 -0.13 -0.15 95.65 92.89 88.24 
131.74 1.56 0.30 0.10 -0.22 -1.20 -0.95 0.74 1.93 -0.90 77.38 72.88 79.18 
131.85 0.01 0.12 0.04 -0.10 -0.93 -0.95 -0.42 -1.37 0.51 84.54 83.00 96.13 
131.95 -0.06 -0.04 -0.05 -0.21 -0.66 -0.66 -0.30 0.16 -0.16 77.83 92.48 88.09 
132.05 0.06 -0.00 -0.25 -0.18 -0.74 -0.71 -0.17 -0.03 -0.13 79.96 90.27 88.45 
132.15 0.09 0.05 0.04 -0.02 -0.95 -0.92 -0.05 -0.06 -0.10 88.84 87.25 88.82 
132.25 -0.01 0.05 -0.01 0.02 -1.12 -1.16 -0.04 0.08 -0.01 91.27 86.25 89.62 
132.35 -0.05 -0.03 -0.04 -0.01 -0.73 -0.74 0.02 0.20 -0.09 89.25 91.94 88.93 
132.46 -0.00 -0.02 -0.23 -0.11 -0.69 -0.69 0.06 -0.06 -0.28 84.69 91.30 87.05 
132.56 0.01 0.02 0.00 -0.06 -0.80 -0.79 0.25 0.58 -0.72 86.29 89.00 81.36 
132.66 -0.01 0.03 0.12 0.04 -0.81 -0.82 0.40 0.33 -1.05 92.45 88.40 77.35 
132.76 0.03 0.04 0.14 0.09 -0.65 -0.78 0.34 0.46 -1.26 95.34 87.86 74.91 
132.86 0.10 0.08 0.13 0.12 -0.96 -0.94 0.15 -0.09 -0.97 96.95 85.15 78.40 
132.96 0.07 0.09 0.11 0.11 -0.81 -0.90 -0.16 0.10 -0.52 96.35 85.08 83.81 
133.06 0.00 0.06 0.08 0.13 -0.08 -0.25 -0.06 -0.07 0.02 97.86 86.09 90.05 
133.16 0.17 0.10 0.32 0.23 -3.60 -3.68 -0.24 -0.32 0.16 103.10 84.03 91.93 
133.26 0.05 0.07 0.19 0.18 2.50 2.52 -0.52 -0.09 -0.02 100.38 85.95 89.71 
133.37 -0.04 0.02 -0.02 0.10 -3.64 -3.57 -0.19 -0.53 -0.14 95.51 88.70 88.30 
133.47 0.07 0.03 0.04 0.04 -2.96 -3.10 0.17 -0.12 -0.17 92.55 88.37 88.15 
