3.50 0.04 0.05 0.03 0.02 0.03 0.02 0.06 0.07 0.00 90.88 87.05 90.00 
3.79 0.05 0.05 0.08 0.03 0.01 0.02 0.00 -0.02 -0.00 91.58 87.18 89.96 
3.89 0.05 0.06 0.07 0.06 0.00 -0.01 0.02 -0.00 0.00 93.37 86.56 90.02 
3.99 0.07 0.07 0.05 0.07 -0.04 -0.04 0.01 -0.01 0.00 93.79 86.02 90.04 
4.09 0.06 0.07 0.08 0.07 -0.00 -0.03 0.01 0.01 0.00 93.72 86.21 90.07 
4.20 0.05 0.06 0.09 0.07 0.07 0.05 0.01 0.01 -0.03 93.56 86.57 89.89 
4.30 0.06 0.06 0.04 0.06 -0.02 0.00 -0.00 0.03 0.00 93.27 86.73 90.01 
4.40 0.05 0.06 0.07 0.07 -0.02 -0.03 0.01 -0.02 0.00 93.87 86.49 90.03 
4.50 0.06 0.06 0.07 0.07 -0.02 -0.02 0.01 -0.02 0.00 94.05 86.47 90.06 
4.61 0.07 0.07 0.07 0.07 -0.05 -0.05 0.01 -0.01 0.00 94.17 86.24 90.03 
4.71 0.06 0.06 0.08 0.07 -0.00 -0.01 0.01 -0.01 0.01 94.21 86.38 90.07 
4.81 0.07 0.06 0.06 0.07 -0.00 -0.00 0.01 -0.02 -0.00 94.17 86.60 89.99 
4.91 0.10 0.06 0.06 0.06 -0.03 0.01 -0.00 -0.03 0.01 93.72 86.64 90.11 
5.01 0.14 0.05 0.09 0.06 0.07 0.12 0.04 -0.04 -0.09 93.01 88.19 88.41 
5.12 0.12 0.07 0.04 0.05 -0.01 0.04 0.01 -0.06 -0.05 93.27 86.66 89.58 
5.22 0.04 0.07 0.08 0.06 -0.06 -0.08 -0.00 -0.01 -0.12 93.16 86.24 88.55 
5.32 0.02 0.05 0.11 0.10 0.10 0.07 0.01 -0.01 -0.06 95.46 86.94 89.11 
5.42 0.06 0.06 0.07 0.08 -0.05 -0.04 0.00 -0.04 -0.00 94.79 86.37 89.98 
5.53 0.10 0.07 -0.03 0.07 -0.09 -0.08 -0.04 -0.18 -0.00 94.83 86.21 90.03 
5.63 0.07 0.07 0.06 0.07 -0.11 -0.11 0.01 -0.02 -0.04 93.95 86.12 89.45 
5.74 0.07 0.06 0.08 0.07 -0.04 -0.04 0.04 0.01 0.01 94.09 86.88 90.09 
5.84 0.07 0.06 0.11 0.08 -0.07 -0.07 0.02 0.05 0.01 94.32 86.65 90.06 
5.94 0.04 0.06 0.05 0.06 -0.10 -0.12 0.02 0.02 0.04 93.45 86.34 90.48 
6.04 0.04 0.06 -0.02 0.05 -0.14 -0.08 0.05 0.04 -0.02 93.32 86.57 89.97 
6.14 0.09 0.07 0.11 0.08 -0.08 -0.08 -0.01 -0.01 -0.07 94.47 85.80 89.21 
6.25 0.06 0.07 0.06 0.08 -0.08 -0.08 0.02 -0.02 -0.02 94.42 86.08 89.72 
6.35 0.07 0.06 0.07 0.08 -0.08 -0.08 0.00 -0.01 0.00 94.44 86.61 90.01 
6.45 0.08 0.06 0.08 0.07 -0.07 -0.06 -0.00 0.01 -0.00 94.28 86.38 89.97 
6.56 0.10 0.07 0.06 0.07 -0.15 -0.11 0.03 -0.02 -0.00 94.11 86.12 89.98 
6.66 0.04 0.06 0.06 0.05 -0.14 -0.15 -0.01 -0.02 -0.13 92.61 86.76 88.44 
6.76 0.09 0.06 0.11 0.07 -0.19 -0.17 0.01 -0.01 -0.07 93.82 86.60 88.98 
6.86 0.06 0.06 0.10 0.08 -0.14 -0.14 0.01 -0.01 0.01 94.42 86.40 90.06 
6.97 0.09 0.06 0.08 0.07 -0.21 -0.19 -0.06 0.01 0.01 94.01 86.30 90.17 
7.07 0.10 -0.00 0.03 0.08 0.10 0.18 0.03 0.03 0.00 94.87 91.19 90.05 
7.17 0.03 0.03 0.02 0.07 -0.05 -0.04 0.01 -0.02 0.00 94.00 88.15 90.04 
7.27 0.07 0.04 0.08 0.06 -0.07 -0.04 0.01 -0.01 0.00 93.52 87.87 90.04 
7.37 0.05 0.05 0.08 0.07 -0.10 -0.11 0.00 -0.01 0.00 94.29 87.01 90.03 
7.48 0.07 0.06 0.07 0.07 -0.13 -0.13 0.01 -0.01 0.00 94.26 86.70 90.00 
7.58 0.06 0.06 0.07 0.07 -0.13 -0.13 0.01 -0.01 0.00 94.25 86.55 90.06 
7.68 0.07 0.06 0.08 0.07 -0.12 -0.12 0.02 -0.01 0.00 94.22 86.50 90.02 
7.78 0.06 0.06 0.07 0.07 -0.16 -0.16 0.01 -0.02 0.01 94.08 86.30 90.07 
7.89 0.06 0.06 0.07 0.07 -0.15 -0.15 0.01 -0.01 0.00 94.21 86.36 90.04 
7.99 0.07 0.06 0.08 0.07 -0.15 -0.15 0.01 -0.01 0.00 94.15 86.46 90.04 
8.09 0.06 0.06 0.08 0.07 -0.12 -0.12 0.01 -0.00 0.00 94.29 86.45 90.01 
8.20 0.06 0.06 0.07 0.07 -0.13 -0.13 0.01 -0.01 0.00 94.32 86.69 90.02 
8.30 0.06 0.06 0.07 0.07 -0.15 -0.15 0.01 -0.02 0.00 94.27 86.55 90.04 
8.40 0.07 0.07 0.07 0.07 -0.17 -0.16 0.01 -0.01 0.00 94.24 86.28 90.01 
8.51 0.06 0.06 0.08 0.07 -0.08 -0.12 0.01 -0.01 0.00 94.18 86.45 90.02 
8.61 0.07 0.06 0.07 0.08 -0.13 -0.12 0.01 0.00 0.00 94.46 86.54 90.04 
8.72 0.06 0.06 0.06 0.08 -0.14 -0.14 0.02 -0.02 0.01 94.43 86.34 90.06 
8.82 0.07 0.07 0.08 0.07 -0.13 -0.13 0.02 -0.02 0.00 94.23 86.26 90.06 
8.92 0.06 0.06 0.07 0.07 -0.14 -0.14 0.01 -0.01 0.00 94.10 86.38 90.06 
9.02 0.07 0.06 0.08 0.07 -0.13 -0.14 0.01 -0.01 0.00 94.17 86.32 90.04 
9.13 0.05 0.06 0.07 0.07 -0.13 -0.14 0.02 -0.00 0.00 93.90 86.41 90.03 
9.23 0.04 0.05 0.06 0.07 -0.13 -0.13 0.03 -0.02 0.00 94.10 87.05 90.06 
9.33 0.06 0.06 0.07 0.07 -0.16 -0.15 0.01 -0.01 0.00 94.22 86.58 90.04 
9.44 0.05 0.06 0.06 0.06 -0.12 -0.12 0.01 -0.01 -0.05 93.65 86.73 89.52 
9.59 0.07 0.06 0.07 0.06 -0.14 -0.13 0.01 -0.00 0.00 93.68 86.68 90.02 
9.69 0.07 0.06 0.07 0.07 -0.18 -0.18 0.01 -0.01 0.00 94.12 86.51 90.01 
9.79 0.06 0.06 0.06 0.07 -0.18 -0.18 0.01 -0.01 0.00 93.99 86.47 90.03 
9.90 0.06 0.06 0.07 0.07 -0.17 -0.17 0.02 -0.02 0.00 94.19 86.46 90.03 
10.00 0.05 0.06 0.06 0.07 -0.13 -0.14 0.01 -0.01 0.00 94.24 86.35 90.04 
10.10 0.06 0.06 0.08 0.07 -0.17 -0.17 0.01 0.00 0.00 94.09 86.35 90.05 
10.21 0.05 0.06 0.07 0.07 -0.17 -0.17 0.02 -0.02 0.00 94.10 86.29 90.02 
10.31 0.08 0.06 0.05 0.07 -0.13 -0.12 0.01 -0.02 -0.01 93.99 86.78 89.99 
10.44 0.07 0.06 0.10 0.07 -0.17 -0.14 0.01 -0.01 -0.06 94.10 86.52 89.25 
10.57 0.06 0.06 0.07 0.07 -0.18 -0.17 0.01 -0.01 0.00 94.11 86.51 90.04 
10.71 0.06 0.06 0.07 0.07 -0.17 -0.18 0.00 -0.01 0.00 94.10 86.53 90.05 
10.84 0.06 0.06 0.08 0.07 -0.17 -0.17 0.01 -0.02 0.00 94.14 86.53 90.05 
10.94 0.06 0.06 0.08 0.07 -0.16 -0.17 0.00 0.00 0.00 94.08 86.49 90.04 
11.04 0.04 0.06 0.07 0.07 -0.21 -0.23 0.00 -0.00 0.00 94.07 86.14 90.03 
11.15 0.06 0.08 0.10 0.08 -0.26 -0.28 0.02 0.01 0.00 94.44 85.16 90.03 
11.25 0.08 0.07 0.07 0.07 -0.18 -0.16 0.03 0.01 0.00 94.21 86.22 90.03 
11.35 -0.41 -0.01 0.03 0.07 0.14 -0.12 0.01 -0.04 -0.00 94.16 86.43 90.00 
11.46 0.09 0.04 0.07 0.07 -0.10 -0.07 0.00 0.00 -0.00 93.82 88.27 90.02 
11.56 0.03 0.06 0.07 0.07 -0.11 -0.12 0.02 0.01 0.00 94.03 86.59 90.05 
11.66 0.07 0.06 0.08 0.07 -0.18 -0.17 0.01 -0.01 0.00 94.09 86.53 90.05 
11.77 0.07 0.06 0.07 0.07 -0.15 -0.15 0.00 -0.01 0.00 94.09 86.40 90.03 
11.87 0.06 0.06 0.06 0.07 -0.16 -0.16 0.01 -0.02 0.00 94.12 86.31 90.02 
11.97 0.06 0.06 0.07 0.07 -0.14 -0.14 0.02 -0.01 0.00 94.03 86.44 90.01 
12.08 0.04 0.06 0.08 0.07 -0.16 -0.17 0.03 -0.01 0.01 94.16 86.25 90.06 
12.18 -0.39 0.00 0.08 0.07 0.15 -0.12 -0.14 0.10 0.06 94.18 85.92 91.21 
12.28 -0.03 -0.01 0.06 0.09 0.23 0.24 -0.84 -0.16 -0.06 95.57 90.50 89.07 
12.39 -0.06 -0.02 0.07 0.09 -0.22 -0.25 -0.95 0.04 -0.05 95.29 90.90 89.58 
12.49 -0.15 -0.09 0.03 0.06 -0.58 -0.64 -0.76 -0.03 -0.01 93.84 94.59 89.91 
12.59 -0.25 -0.17 0.07 0.07 -0.65 -0.51 -0.62 -0.03 -0.00 93.96 99.93 89.97 
12.69 -0.29 -0.24 0.06 0.07 -0.60 -0.65 -0.47 -0.01 -0.02 94.38 103.33 89.76 
12.80 -0.40 -0.31 0.08 0.08 -0.46 -0.55 -0.32 -0.00 -0.02 94.24 107.09 89.82 
12.90 -0.38 -0.34 0.07 0.08 -0.31 -0.36 -0.14 0.00 -0.02 94.39 108.89 89.80 
13.01 -0.34 -0.35 0.06 0.07 -0.40 -0.38 -0.04 -0.01 -0.01 94.01 110.11 89.90 
13.11 -0.34 -0.35 0.08 0.07 -0.43 -0.45 -0.04 -0.00 -0.00 93.88 109.99 90.02 
13.21 -0.37 -0.35 0.07 0.07 -0.42 -0.44 -0.05 -0.01 0.01 94.05 110.00 90.12 
13.31 -0.36 -0.36 0.07 0.07 -0.41 -0.42 -0.05 -0.01 0.02 93.93 110.44 90.21 
13.41 -0.37 -0.36 0.07 0.07 -0.41 -0.41 -0.08 -0.01 0.00 94.00 110.73 90.02 
13.52 -0.35 -0.37 0.07 0.07 -0.44 -0.41 -0.06 -0.01 -0.00 93.90 111.33 89.96 
13.62 -0.38 -0.38 0.07 0.07 -0.38 -0.38 -0.09 0.00 -0.03 93.91 111.84 89.71 
13.72 -0.47 -0.40 0.08 0.07 -0.40 -0.47 -0.12 0.00 -0.01 94.23 112.47 89.88 
13.83 -0.44 -0.40 0.06 0.07 -0.44 -0.46 -0.05 -0.01 0.02 94.16 112.59 90.20 
13.93 -0.45 -0.41 0.07 0.08 -0.38 -0.43 0.08 -0.01 0.03 94.40 113.10 90.32 
14.03 -0.36 -0.41 0.07 0.07 -0.16 -0.12 0.44 0.14 -0.04 94.07 113.29 89.51 
14.14 -0.31 -0.33 0.06 0.05 -0.44 -0.42 0.71 0.58 0.06 93.00 109.40 90.72 
14.24 -0.31 -0.29 0.16 0.14 -0.21 -0.23 0.58 0.10 0.02 97.77 106.33 90.12 
14.34 -0.18 -0.22 0.21 0.17 -0.43 -0.39 0.55 0.31 -0.05 99.35 103.30 89.37 
14.44 -0.12 -0.15 0.27 0.22 -0.68 -0.64 0.68 0.15 0.14 102.74 98.56 91.72 
14.55 -0.06 -0.10 0.22 0.22 -0.16 -0.12 0.75 -0.02 0.16 102.98 96.23 91.93 
14.65 -0.03 -0.06 0.25 0.17 -0.15 -0.15 0.95 0.31 0.07 99.48 93.15 90.81 
14.75 0.10 0.08 0.27 0.25 0.17 0.17 1.37 -0.10 0.48 104.35 85.37 95.38 
14.85 0.28 0.22 0.16 0.21 0.06 0.11 1.22 -0.20 0.43 102.37 77.71 95.61 
14.96 0.39 0.35 0.15 0.18 0.46 0.49 0.62 -0.03 0.21 100.47 70.14 92.79 
15.06 0.33 0.41 0.16 0.17 0.48 0.44 0.20 -0.10 0.10 99.55 65.75 91.22 
15.16 0.47 0.43 0.12 0.14 0.50 0.52 0.18 -0.17 0.03 98.48 65.56 90.55 
15.26 0.47 0.45 0.13 0.14 0.55 0.56 0.09 0.00 0.01 97.91 64.39 90.18 
15.37 0.41 0.43 0.14 0.14 0.61 0.61 0.15 -0.07 0.05 98.09 65.46 90.55 
15.48 0.49 0.44 0.12 0.14 0.67 0.62 0.19 -0.15 0.05 97.85 65.05 90.65 
15.58 0.50 0.47 0.11 0.12 0.67 0.68 0.08 -0.07 0.06 97.06 63.19 90.78 
15.69 0.45 0.49 0.10 0.11 0.61 0.60 -0.05 0.04 0.01 96.16 61.54 90.14 
15.79 0.46 0.48 0.13 0.11 0.60 0.58 -0.04 0.13 -0.01 96.32 62.44 89.88 
15.90 0.48 0.46 0.13 0.13 0.59 0.65 -0.03 -0.13 -0.00 97.25 63.57 90.01 
16.00 0.47 0.46 0.12 0.12 0.56 0.56 -0.14 -0.04 -0.02 96.65 63.43 89.87 
16.10 0.44 0.46 0.12 0.12 0.52 0.52 -0.20 0.04 -0.02 96.65 63.78 89.75 
16.20 0.41 0.43 0.14 0.12 0.58 0.56 -0.09 -0.04 0.01 97.04 65.25 90.14 
16.30 0.49 0.46 0.13 0.12 0.44 0.45 -0.13 -0.05 0.01 96.95 64.19 90.00 
16.40 0.41 0.44 0.12 0.12 0.48 0.46 -0.35 0.02 0.02 96.74 64.85 90.17 
16.51 0.36 0.39 0.10 0.12 0.46 0.45 -0.54 -0.18 0.09 97.03 67.05 91.00 
16.61 0.23 0.31 0.10 0.09 0.46 0.51 -0.95 -0.10 0.07 95.36 71.13 90.84 
16.71 0.10 0.21 0.09 0.08 0.45 0.38 -1.51 0.21 -0.07 94.74 77.06 89.34 
16.82 0.01 0.08 0.15 0.11 -0.09 -0.17 -1.50 0.36 -0.07 96.02 84.90 89.20 
16.92 -0.15 -0.06 0.13 0.13 0.04 -0.06 -1.10 -0.14 0.03 97.11 92.26 90.20 
17.03 -0.30 -0.19 0.17 0.13 0.01 -0.16 -0.91 0.08 -0.01 97.29 99.76 89.83 
17.13 -0.35 -0.29 0.12 0.14 -0.05 0.22 -0.92 0.14 -0.14 98.59 106.19 88.23 
17.23 -0.39 -0.37 0.17 0.15 -0.30 -0.34 -0.61 0.21 -0.12 98.68 110.78 88.37 
17.33 -0.46 -0.44 0.19 0.17 -0.35 -0.08 -0.40 0.31 -0.09 99.92 115.40 88.93 
17.43 -0.49 -0.47 0.21 0.20 0.08 0.05 -0.24 0.26 -0.05 101.54 116.90 89.34 
17.54 -0.49 -0.49 0.23 0.23 -0.39 -0.39 -0.19 0.20 -0.05 102.83 118.21 89.38 
17.64 -0.50 -0.49 0.24 0.24 -0.56 -0.57 -0.14 0.09 -0.06 103.99 118.14 89.32 
17.74 -0.54 -0.52 0.24 0.24 -0.48 -0.50 -0.10 0.09 -0.08 103.59 119.83 89.02 
17.84 -0.55 -0.55 0.24 0.24 -0.38 -0.36 -0.06 -0.03 -0.09 103.59 121.34 89.04 
17.94 -0.53 -0.54 0.25 0.24 -0.42 -0.40 0.14 -0.02 -0.05 103.79 121.29 89.37 
18.04 -0.59 -0.56 0.25 0.25 -0.01 -0.04 0.08 -0.07 -0.04 104.43 122.12 89.62 
18.15 -0.54 -0.55 0.26 0.25 -0.23 -0.22 -0.06 0.09 -0.04 104.41 121.73 89.39 
18.25 -0.55 -0.56 0.25 0.25 -0.30 -0.30 -0.05 0.05 -0.01 104.27 121.84 89.91 
18.35 -0.56 -0.55 0.24 0.25 -0.37 -0.38 0.02 0.03 0.02 104.28 121.51 90.27 
18.45 -0.55 -0.55 0.26 0.25 -0.37 -0.37 0.05 -0.05 0.01 104.16 121.72 90.19 
18.56 -0.56 -0.57 0.26 0.25 -0.24 -0.23 0.01 -0.00 -0.01 104.16 122.63 89.92 
18.66 -0.58 -0.57 0.26 0.25 -0.25 -0.26 0.01 0.06 0.01 104.45 122.54 90.10 
18.76 -0.57 -0.56 0.25 0.25 -0.37 -0.37 -0.01 0.00 -0.01 104.62 121.98 89.94 
18.86 -0.54 -0.55 0.25 0.25 -0.40 -0.38 0.00 0.01 -0.01 104.50 121.87 89.89 
18.96 -0.55 -0.55 0.26 0.26 -0.44 -0.45 0.05 0.07 0.01 104.72 121.61 90.14 
19.07 -0.56 -0.54 0.26 0.26 -0.45 -0.46 0.10 -0.09 0.03 104.89 121.03 90.34 
19.17 -0.58 -0.56 0.24 0.25 -0.21 -0.22 0.04 -0.01 0.03 104.48 122.13 90.45 
19.27 -0.53 -0.55 0.26 0.25 -0.32 -0.31 0.01 0.11 -0.01 104.23 121.38 89.88 
19.37 -0.52 -0.53 0.27 0.26 -0.42 -0.40 0.18 -0.00 0.02 104.95 120.59 90.12 
19.48 -0.49 -0.52 0.27 0.27 -0.28 -0.25 0.41 -0.00 0.10 105.74 120.06 91.03 
19.58 -0.40 -0.47 0.32 0.28 -0.18 -0.11 0.77 -0.11 0.14 106.17 117.01 91.65 
19.68 -0.33 -0.40 0.25 0.27 -0.07 0.01 1.32 -0.25 0.22 105.34 113.88 92.47 
19.78 -0.21 -0.31 0.30 0.27 -0.09 0.00 1.74 -0.23 0.33 104.87 108.52 93.78 
19.88 -0.05 -0.16 0.23 0.25 0.54 0.59 1.86 -0.23 0.44 104.17 100.27 95.30 
19.99 0.10 0.03 0.16 0.21 0.32 0.39 1.40 -0.06 0.38 102.78 89.25 94.81 
20.09 0.30 0.17 0.20 0.20 0.61 0.65 0.99 -0.02 0.23 101.56 81.86 93.06 
20.19 0.32 0.29 0.21 0.20 0.64 0.64 0.59 0.03 0.07 101.50 73.68 91.05 
20.29 0.33 0.32 0.19 0.19 0.67 0.67 0.54 -0.34 0.05 100.94 71.46 90.76 
20.39 0.45 0.39 0.11 0.16 0.77 0.80 0.55 -0.34 0.05 99.13 67.69 90.57 
20.50 0.48 0.47 0.11 0.13 0.67 0.66 0.17 -0.08 -0.02 97.80 63.33 89.80 
20.60 0.46 0.48 0.15 0.13 0.66 0.64 0.03 -0.02 -0.02 97.55 62.20 89.69 
20.70 0.51 0.49 0.11 0.12 0.60 0.62 -0.00 -0.10 0.00 97.06 61.84 90.03 
20.81 0.45 0.48 0.12 0.12 0.62 0.60 -0.08 0.05 -0.01 96.62 62.15 89.81 
20.91 0.47 0.48 0.12 0.13 0.62 0.62 -0.02 0.01 0.00 97.31 62.45 89.97 
21.01 0.48 0.48 0.12 0.12 0.59 0.59 -0.03 -0.03 0.00 97.05 62.53 90.08 
21.11 0.53 0.50 0.09 0.10 0.50 0.52 -0.33 0.04 -0.10 95.69 61.93 88.96 
21.22 0.41 0.46 0.16 0.13 0.33 0.27 -0.99 -0.12 -0.18 96.98 63.31 87.89 
21.32 0.24 0.33 0.13 0.13 0.35 0.30 -1.35 -0.01 -0.25 97.33 70.46 87.05 
21.42 0.09 0.17 0.16 0.13 0.05 -0.03 -1.42 -0.12 -0.32 97.34 79.65 86.24 
21.52 -0.03 0.03 0.12 0.12 0.19 0.14 -1.35 -0.38 -0.33 97.18 87.45 86.00 
21.63 -0.14 -0.09 0.06 0.09 -0.37 -0.42 -1.26 -0.03 -0.36 95.21 94.89 85.79 
21.73 -0.23 -0.17 0.09 0.09 -0.38 -0.44 -0.94 -0.25 -0.37 95.19 99.92 85.50 
21.83 -0.28 -0.24 0.05 0.08 -1.11 -1.19 -0.38 -1.29 -0.25 95.03 103.26 86.58 
21.93 -0.30 -0.31 -0.09 -0.03 -2.78 -3.02 0.21 -1.62 -0.17 88.68 107.66 87.78 
22.03 -0.38 -0.35 -0.32 -0.23 0.29 0.39 0.41 -1.03 -0.19 78.07 109.56 87.65 
22.14 -0.36 -0.31 -0.43 -0.32 0.51 0.67 0.25 -0.77 -0.18 73.01 107.36 87.53 
22.24 -0.27 -0.29 -0.37 -0.38 0.28 0.28 0.12 -0.85 -0.08 67.78 106.50 88.84 
22.34 -0.35 -0.28 -0.52 -0.48 0.54 0.53 0.27 -0.75 -0.05 62.85 105.56 89.38 
22.44 -0.41 -0.31 -0.74 -0.64 0.36 0.22 0.50 0.24 -0.05 53.56 107.99 89.37 
22.54 -0.23 -0.22 -0.63 -0.66 -0.10 -0.11 0.56 1.53 -0.05 51.71 102.41 89.33 
22.65 -0.12 -0.15 -0.24 -0.45 -0.01 -0.03 0.45 2.40 -0.05 62.20 99.09 89.27 
22.75 0.02 -0.06 0.16 -0.11 -0.13 -0.12 0.39 2.03 0.03 81.26 94.43 90.25 
22.85 0.02 0.01 0.11 0.08 -0.29 -0.28 0.45 1.29 0.10 94.04 89.70 91.18 
22.96 0.04 0.03 0.36 0.24 -0.34 -0.33 0.72 1.92 0.28 102.48 88.52 92.87 
23.06 0.07 0.04 0.43 0.37 0.11 0.11 0.52 1.35 0.35 110.39 87.78 94.30 
23.16 0.20 0.13 0.54 0.49 -0.00 0.01 0.08 0.97 0.03 117.57 83.02 90.83 
23.26 0.06 0.11 0.60 0.55 0.00 -0.02 -0.11 0.57 -0.25 120.76 83.50 87.04 
23.36 0.20 0.14 0.72 0.68 -0.05 -0.04 -0.11 0.03 -0.08 128.23 82.48 88.94 
23.47 0.09 0.12 0.61 0.66 -0.06 -0.06 -0.20 -0.90 -0.05 128.04 83.08 89.38 
23.57 0.00 0.07 0.48 0.55 0.02 0.00 -0.57 -1.39 -0.24 122.44 85.04 87.29 
23.68 0.02 0.02 0.40 0.45 -0.28 -0.09 -0.73 -1.07 -0.36 116.06 88.87 85.84 
23.78 -0.06 -0.05 0.34 0.35 -0.27 -0.27 -0.67 -0.34 -0.41 109.85 92.97 85.26 
23.88 -0.09 -0.11 0.32 0.32 -0.68 -0.35 -0.90 -0.14 -0.39 108.38 96.42 85.31 
23.98 -0.29 -0.22 0.28 0.29 -0.60 -0.65 -1.00 -0.17 -0.35 106.84 102.14 85.84 
24.08 -0.36 -0.32 0.29 0.30 -0.89 -0.92 -0.86 -0.31 -0.27 107.24 108.20 86.60 
24.18 -0.41 -0.40 0.26 0.25 -0.79 -0.80 -0.53 -0.00 -0.18 104.24 112.67 87.64 
24.29 -0.55 -0.49 0.23 0.24 -0.61 -0.67 -0.31 0.25 -0.09 104.04 117.15 88.97 
24.39 -0.48 -0.48 0.26 0.26 -0.86 -0.83 -0.05 -0.10 -0.04 104.61 117.19 89.38 
24.49 -0.43 -0.46 0.26 0.26 -0.88 -0.85 0.49 0.03 0.14 104.69 116.42 91.73 
24.59 -0.39 -0.42 0.26 0.26 -0.50 -0.48 1.11 -0.05 0.43 104.91 114.60 94.85 
24.69 -0.35 -0.38 0.29 0.28 0.04 0.06 1.47 0.22 0.59 105.71 112.14 96.93 
24.80 -0.19 -0.28 0.33 0.29 0.16 0.19 1.30 0.57 0.42 106.37 107.10 95.22 
24.90 0.07 -0.10 0.41 0.35 -0.15 -0.07 1.04 0.40 0.28 109.51 97.72 93.54 
25.00 0.07 0.02 0.45 0.43 0.11 0.13 0.52 0.24 0.17 114.65 89.32 92.17 
25.11 0.10 0.08 0.42 0.45 0.01 0.03 0.30 -0.02 0.12 115.85 85.64 91.63 
25.21 0.11 0.09 0.48 0.44 0.06 0.06 0.22 0.24 0.06 115.10 84.86 90.73 
25.31 0.21 0.14 0.47 0.45 -0.04 -0.01 0.17 0.12 0.05 115.81 82.01 90.62 
25.41 0.15 0.17 0.48 0.46 -0.08 -0.10 -0.31 -0.16 -0.10 116.31 80.10 89.19 
25.51 0.04 0.11 0.43 0.44 -0.23 -0.27 -0.97 -0.17 -0.33 115.38 82.94 86.31 
25.62 -0.11 -0.00 0.47 0.44 -0.57 -0.29 -1.28 -0.16 -0.40 114.88 89.01 85.20 
25.72 -0.22 -0.12 0.40 0.42 -0.52 -0.58 -1.12 -0.25 -0.37 114.10 97.16 85.51 
25.82 -0.29 -0.24 0.37 0.39 -0.76 -0.50 -0.88 -0.37 -0.31 112.25 103.01 86.21 
25.92 -0.36 -0.31 0.31 0.36 -0.71 -0.76 -0.65 -0.35 -0.25 110.35 107.83 86.99 
26.02 -0.42 -0.40 0.33 0.37 -0.95 -1.02 -0.51 -0.24 -0.20 111.31 112.57 87.14 
26.12 -0.45 -0.43 0.25 0.31 -0.75 -0.80 -0.38 -0.03 -0.17 108.40 114.76 87.87 
26.23 -0.53 -0.50 0.29 0.29 -0.72 -0.75 -0.34 -0.04 -0.15 106.70 118.06 88.17 
26.33 -0.50 -0.51 0.25 0.27 -0.81 -0.82 -0.29 -0.09 -0.14 105.50 119.25 88.38 
26.43 -0.60 -0.56 0.22 0.25 -0.68 -0.72 -0.27 0.00 -0.15 104.52 121.63 88.29 
26.53 -0.64 -0.60 0.23 0.24 -0.72 -0.63 -0.32 -0.01 -0.16 104.04 123.63 88.07 
26.63 -0.63 -0.62 0.21 0.24 -0.69 -0.71 -0.33 -0.05 -0.15 103.89 125.16 88.18 
26.73 -0.63 -0.62 0.20 0.23 -0.95 -0.97 -0.08 -0.07 -0.06 103.51 125.28 89.23 
26.84 -0.68 -0.64 0.21 0.22 -0.79 -0.83 -0.01 -0.11 0.05 102.59 126.24 90.67 
26.94 -0.67 -0.67 0.21 0.21 -0.58 -0.58 -0.03 0.01 -0.01 101.78 128.40 90.06 
27.04 -0.66 -0.68 0.22 0.20 -0.40 -0.50 0.02 -0.10 -0.01 101.37 128.91 89.84 
27.15 -0.70 -0.69 0.17 0.19 -0.47 -0.49 -0.02 0.05 -0.01 100.93 129.21 89.88 
27.25 -0.65 -0.69 0.23 0.19 -0.57 -0.53 -0.10 -0.01 -0.09 100.49 129.96 88.92 
27.35 -0.62 -0.66 0.24 0.21 -0.83 -0.78 0.00 -0.08 -0.06 102.28 127.80 89.32 
27.45 -0.67 -0.65 0.20 0.19 -0.75 -0.76 0.16 -0.09 0.04 100.94 127.36 90.36 
27.56 -0.71 -0.68 0.18 0.18 -0.46 -0.48 0.09 -0.08 0.05 100.07 128.99 90.68 
27.66 -0.65 -0.66 0.19 0.18 -0.51 -0.49 0.06 0.04 0.04 100.00 128.19 90.42 
27.76 -0.62 -0.64 0.21 0.19 -0.62 -0.64 0.23 -0.09 0.07 100.73 127.19 90.75 
27.87 -0.58 -0.63 0.23 0.21 -0.59 -0.53 0.61 -0.33 0.19 101.90 126.53 91.99 
27.97 -0.45 -0.53 0.17 0.18 -0.36 -0.24 1.39 -0.83 0.57 100.47 120.43 96.83 
28.07 -0.35 -0.48 0.12 0.10 0.13 0.20 1.71 -0.04 0.40 95.46 118.70 95.01 
28.17 -0.18 -0.33 0.12 0.09 0.15 0.21 0.92 0.60 0.10 94.91 110.15 91.51 
28.27 -0.09 -0.18 0.21 0.16 -0.07 -0.07 0.22 -0.01 -0.06 98.65 100.94 89.29 
28.38 -0.04 -0.08 0.18 0.18 -0.51 -0.47 0.10 -0.34 0.02 100.64 94.98 90.03 
28.48 -0.15 -0.10 -0.03 0.18 -0.03 -0.03 0.07 -0.43 0.12 102.48 95.45 91.33 
28.58 -0.16 -0.12 0.11 0.16 -0.21 -0.24 0.09 -0.14 0.12 99.17 96.72 91.50 
28.68 -0.15 -0.15 0.04 0.10 -0.12 -0.11 -0.30 0.03 -0.26 96.64 98.57 87.57 
28.78 -0.14 -0.14 0.10 0.17 -0.32 -0.31 -0.99 -0.96 -0.18 100.30 98.33 87.65 
28.89 -0.20 -0.15 0.06 0.13 -1.86 -1.96 -0.50 -1.73 0.18 98.06 98.00 91.33 
28.99 -0.59 -0.35 -0.16 -0.14 -0.09 -0.20 -0.67 -0.35 0.01 82.03 107.93 90.59 
29.09 -0.48 -0.39 -0.14 -0.11 -0.20 -0.34 -0.43 -0.17 -0.01 83.73 111.62 89.58 
29.19 -0.48 -0.44 -0.12 -0.12 -0.20 -0.15 -0.19 0.12 0.02 83.03 115.49 90.23 
29.29 -0.49 -0.47 -0.09 -0.12 -0.10 -0.14 -0.15 0.18 0.07 83.25 116.76 90.84 
29.40 -0.51 -0.51 -0.09 -0.12 0.05 0.03 0.09 0.09 0.01 83.01 119.07 90.19 
29.50 -0.38 -0.49 -0.07 -0.10 0.06 0.15 0.64 -0.02 0.08 83.82 118.97 90.73 
29.60 -0.28 -0.42 -0.00 -0.11 0.15 0.20 1.05 0.70 0.09 82.40 115.31 91.06 
29.70 -0.22 -0.30 0.04 -0.04 0.04 -0.04 0.83 0.70 0.12 86.83 107.94 91.37 
29.81 -0.15 -0.20 0.16 0.06 -0.47 -0.39 0.52 0.58 0.08 92.49 102.17 90.79 
29.91 -0.12 -0.15 0.14 0.11 -0.14 -0.13 0.35 0.16 0.12 95.70 98.75 91.68 
30.01 -0.10 0.15 -0.02 -0.08 -0.96 -1.01 0.37 0.03 0.08 85.03 78.84 90.91 
30.12 -0.13 -0.07 0.04 0.03 -0.31 -0.34 0.33 0.13 0.05 91.45 93.10 90.62 
30.22 0.02 -0.05 0.19 0.13 -0.23 -0.18 0.22 -0.21 0.09 96.93 93.93 91.02 
30.32 -0.08 -0.06 0.14 0.13 0.01 -0.00 0.09 -0.31 0.10 97.19 93.45 91.17 
30.42 -0.03 -0.05 0.08 0.09 0.07 -0.01 0.04 -0.15 0.09 95.01 93.31 91.11 
30.53 -0.01 -0.02 0.06 0.05 -0.16 -0.16 0.14 -0.01 0.15 92.48 91.08 91.73 
30.63 -0.10 -0.02 0.06 0.05 -0.03 -0.09 0.35 -0.01 0.08 92.79 90.08 91.16 
30.74 0.01 -0.03 0.04 0.05 0.13 0.15 0.20 0.00 0.03 93.02 92.08 90.37 
30.84 0.03 -0.05 0.03 0.06 0.36 0.41 0.27 0.26 0.06 93.61 93.80 90.78 
30.94 0.03 0.03 0.11 0.08 0.15 0.05 0.13 -0.03 0.07 94.30 88.21 90.87 
31.04 0.09 0.06 0.10 0.07 0.03 0.04 0.04 0.07 0.07 93.93 86.85 90.80 
31.15 0.18 0.09 0.10 0.09 0.13 0.19 0.06 -0.03 0.04 94.79 85.73 90.44 
31.25 0.06 0.07 0.09 0.07 0.00 -0.01 -0.02 -0.02 0.05 94.17 86.02 90.49 
31.35 -0.15 -0.02 0.11 0.08 0.40 0.31 -0.01 0.01 0.04 94.59 89.82 90.35 
31.45 0.04 0.02 0.08 0.08 0.21 0.23 0.01 -0.00 0.00 94.71 88.88 90.04 
31.56 0.05 0.05 0.07 0.08 0.03 0.04 0.02 -0.03 0.01 94.34 87.26 90.04 
31.66 0.06 0.06 0.07 0.07 0.03 0.03 0.02 -0.03 0.00 94.32 86.74 90.02 
31.76 0.06 0.06 0.07 0.07 0.02 0.02 0.00 -0.02 0.00 94.15 86.57 90.06 
31.87 0.07 0.06 0.08 0.07 -0.02 -0.01 0.01 0.01 0.00 94.03 86.52 90.02 
31.97 0.06 0.06 0.08 0.07 -0.01 -0.02 0.01 -0.00 0.00 94.16 86.39 90.05 
32.07 0.06 0.06 0.07 0.07 -0.02 -0.02 0.02 -0.01 0.01 94.20 86.45 90.03 
32.17 0.07 0.06 0.07 0.07 -0.01 -0.01 0.01 -0.01 0.00 94.16 86.50 90.04 
32.28 0.03 0.06 0.05 0.07 0.01 -0.00 0.01 -0.02 0.00 94.22 86.43 90.05 
32.38 0.06 0.06 0.07 0.07 -0.00 -0.00 0.02 -0.02 0.01 94.08 86.56 90.07 
32.48 0.07 0.06 0.07 0.07 -0.03 -0.02 0.01 0.00 0.00 94.05 86.51 90.03 
32.59 0.07 0.06 0.08 0.07 0.01 0.01 0.01 -0.01 0.00 94.14 86.42 90.00 
32.69 0.06 0.06 0.06 0.07 -0.01 -0.00 0.01 -0.02 0.01 94.22 86.43 90.04 
32.79 0.07 0.06 0.08 0.08 -0.03 -0.02 0.02 -0.01 0.00 94.31 86.39 90.02 
32.90 0.08 0.05 0.05 0.07 0.02 0.04 0.01 -0.01 0.00 94.46 87.27 90.02 
33.03 0.08 0.06 0.07 0.07 0.04 0.02 0.01 -0.07 0.01 94.24 86.73 90.08 
33.16 0.06 0.06 0.09 0.08 0.03 0.04 0.01 -0.01 0.00 94.41 86.67 90.04 
33.29 0.07 0.06 0.08 0.08 0.02 0.03 0.03 -0.00 0.01 94.41 86.58 90.06 
33.42 0.07 0.06 0.07 0.08 0.02 0.02 0.01 -0.01 0.01 94.37 86.53 90.12 
33.53 0.06 0.06 0.07 0.07 0.03 0.03 0.01 -0.03 0.00 94.21 86.55 90.05 
33.63 0.07 0.06 0.06 0.07 -0.03 -0.02 0.01 -0.02 0.00 94.17 86.60 90.06 
33.73 0.06 0.06 0.03 0.06 0.02 -0.03 0.01 -0.01 0.00 93.58 86.59 90.05 
33.83 0.05 0.05 0.06 0.06 0.03 0.02 0.01 -0.02 0.00 93.66 86.89 90.05 
33.94 0.06 0.06 0.07 0.06 0.00 0.00 0.01 -0.01 0.00 93.63 86.61 90.06 
34.04 0.04 0.06 0.07 0.06 0.02 0.00 0.01 -0.01 0.00 93.61 86.49 90.02 
34.14 0.06 0.06 0.06 0.06 0.01 0.01 0.01 -0.01 0.00 93.72 86.56 90.05 
34.25 0.07 0.06 0.06 0.07 0.04 0.05 0.02 -0.01 0.01 93.78 86.73 90.06 
34.35 0.04 0.06 -0.00 0.05 0.00 0.01 0.04 0.01 0.00 92.73 86.72 90.00 
34.45 0.06 0.06 0.06 0.06 -0.01 -0.01 0.00 -0.02 0.01 93.31 86.52 90.06 
34.55 0.06 0.06 0.08 0.06 0.06 0.05 0.04 0.01 0.01 93.57 86.66 90.03 
34.65 0.07 0.07 0.13 0.09 0.01 -0.01 0.07 0.18 0.13 94.40 86.13 91.61 
34.76 0.04 0.04 0.07 0.07 0.17 0.18 0.00 -0.02 0.00 94.33 87.52 90.06 
34.86 0.06 0.06 0.07 0.07 0.15 0.16 0.01 -0.01 0.00 94.13 86.81 90.03 
34.96 0.06 0.06 0.07 0.07 0.08 0.08 0.02 -0.00 0.00 94.13 86.61 90.04 
35.07 0.09 0.06 0.10 0.08 0.09 0.10 0.02 -0.02 0.00 94.14 86.90 90.04 
35.17 0.06 0.05 0.08 0.07 0.10 0.11 0.01 -0.01 0.00 94.26 86.95 90.04 
35.27 -0.01 0.02 0.06 0.07 0.29 0.27 -0.02 -0.06 -0.24 93.87 88.76 87.32 
35.38 0.18 0.05 0.08 0.09 0.07 0.18 -0.01 -0.07 -0.19 94.96 88.71 87.64 
35.48 0.04 0.05 0.16 0.07 -0.04 -0.06 -0.12 -0.03 -0.23 93.39 86.92 87.54 
35.58 0.06 0.08 -0.10 0.05 -0.27 -0.27 -0.23 -0.00 -0.28 92.96 85.32 86.66 
35.69 0.07 0.06 0.07 0.05 -0.43 -0.42 -0.23 -0.08 -0.20 92.92 86.75 87.42 
35.79 -0.01 0.01 0.02 0.05 -0.19 -0.20 -0.35 -0.02 -0.12 92.97 89.41 88.39 
35.89 -0.06 -0.06 0.04 0.04 -0.19 -0.19 -0.57 0.02 -0.09 92.55 93.35 88.95 
35.99 -0.15 -0.09 0.04 0.05 -0.55 -0.38 -0.81 0.01 -0.12 92.83 94.45 88.45 
36.10 -0.10 -0.14 -0.02 0.04 -0.60 -0.57 -0.85 0.03 -0.09 92.93 98.72 88.96 
36.20 -0.20 -0.23 0.10 0.04 -0.70 -0.66 -0.82 0.03 -0.12 91.75 103.73 88.45 
36.31 -0.42 -0.33 0.07 0.06 -0.45 -0.54 -0.63 0.05 -0.17 93.58 107.74 88.30 
36.41 -0.38 -0.39 0.07 0.07 -0.67 -0.66 -0.43 0.02 -0.17 93.73 112.43 87.99 
36.51 -0.44 -0.45 0.09 0.06 -0.53 -0.47 -0.12 0.03 -0.03 93.31 115.70 89.60 
36.61 -0.46 -0.47 0.05 0.06 -0.42 -0.41 -0.09 0.01 -0.06 93.52 117.09 89.29 
36.71 -0.48 -0.47 0.08 0.06 -0.54 -0.55 -0.10 -0.11 -0.02 93.36 116.72 89.67 
36.82 -0.52 -0.50 0.06 0.05 -0.33 -0.35 -0.07 0.05 -0.03 92.97 118.33 89.68 
36.92 -0.52 -0.50 0.08 0.06 -0.46 -0.48 0.17 0.03 -0.03 93.48 118.39 89.50 
37.03 -0.47 -0.49 0.06 0.05 -0.14 -0.30 0.64 0.04 0.12 93.07 118.46 91.44 
37.13 -0.28 -0.41 0.08 0.07 -0.25 -0.13 0.99 -0.09 0.13 94.05 113.71 91.54 
37.23 -0.23 -0.33 0.12 0.08 0.12 0.17 1.16 0.10 -0.08 94.36 110.15 89.19 
37.33 -0.09 -0.21 0.00 0.04 -0.22 -0.12 1.02 -0.21 -0.08 92.10 101.99 89.02 
37.44 -0.03 -0.09 0.06 0.03 -0.16 -0.12 0.90 0.23 -0.02 91.72 95.57 89.62 
37.54 0.05 -0.01 0.11 0.05 -0.27 -0.23 0.98 0.22 0.08 92.36 90.99 90.84 
37.64 0.12 0.07 0.04 0.07 -0.01 0.03 0.92 -0.14 0.24 94.02 85.85 92.86 
37.75 0.21 0.17 0.04 0.06 0.32 -0.02 0.80 -0.31 0.23 93.80 80.79 92.88 
37.85 0.24 0.21 -0.03 0.00 0.26 0.28 0.65 -0.12 0.10 90.10 77.69 91.20 
37.95 0.45 0.33 -0.06 -0.03 0.16 0.23 0.50 -0.10 0.02 88.24 72.62 90.48 
38.05 0.38 0.37 -0.00 -0.02 0.14 0.14 0.22 -0.05 0.01 88.77 68.80 90.07 
38.15 0.28 0.36 0.01 -0.01 0.39 0.35 0.08 -0.16 -0.01 89.64 69.15 89.91 
38.25 0.40 0.38 -0.05 -0.03 0.26 0.28 0.16 -0.15 -0.01 88.26 68.71 89.82 
38.36 0.41 0.40 -0.02 -0.03 0.24 0.24 0.02 -0.14 0.01 88.22 67.42 89.97 
38.46 0.36 0.38 -0.03 -0.03 0.31 0.24 0.00 -0.11 0.03 88.19 67.80 90.25 
38.56 0.35 0.38 -0.06 -0.04 0.29 0.28 0.02 -0.09 0.00 87.59 68.25 90.04 
38.67 0.42 0.40 -0.07 -0.06 0.21 0.23 -0.05 -0.06 0.02 86.95 67.31 90.25 
38.77 0.43 0.41 -0.08 -0.06 0.11 0.13 -0.43 -0.17 0.02 86.35 66.67 90.18 
38.87 0.29 0.36 -0.08 -0.08 -0.08 -0.13 -0.85 -0.01 0.02 85.15 69.24 90.25 
38.97 0.06 0.26 -0.03 -0.11 0.05 -0.10 -1.38 0.43 0.04 82.89 72.98 90.74 
39.07 0.02 0.12 -0.08 -0.11 -0.27 -0.35 -1.73 0.54 0.04 83.32 82.11 90.74 
39.18 -0.11 -0.04 -0.09 -0.08 -0.67 -0.74 -1.45 -0.18 -0.10 85.51 91.41 89.22 
39.28 -0.26 -0.15 -0.12 -0.10 -0.32 -0.44 -0.62 -0.37 -0.16 84.55 97.60 88.06 
39.38 -0.25 -0.22 -0.11 -0.14 -0.38 -0.41 0.05 -0.06 -0.07 82.23 102.59 89.12 
39.49 -0.23 -0.23 -0.18 -0.15 -0.31 -0.31 0.08 0.06 0.20 81.75 103.14 92.18 
39.59 -0.25 -0.25 -0.20 -0.18 -0.16 -0.16 -0.20 -0.18 0.04 79.60 104.27 90.42 
39.69 -0.25 -0.27 -0.17 -0.18 -0.30 -0.10 -0.50 -0.03 -0.09 79.38 105.78 88.76 
39.79 -0.34 -0.33 -0.20 -0.18 -0.10 -0.11 -0.48 0.08 -0.03 80.11 108.45 89.74 
39.90 -0.39 -0.36 -0.13 -0.18 -0.36 -0.39 -0.59 0.30 -0.06 79.53 110.24 89.30 
40.00 -0.43 -0.07 -0.23 -0.44 -1.05 -1.11 -0.47 0.35 -0.09 64.55 93.95 88.87 
40.10 -0.25 -0.30 -0.05 -0.25 -0.81 -0.75 -0.26 0.13 -0.03 75.43 107.38 89.68 
40.20 -0.47 -0.44 -0.17 -0.19 -0.59 -0.48 -0.07 -0.03 0.01 79.18 115.07 90.21 
40.31 -0.48 -0.47 -0.16 -0.16 -0.14 -0.15 0.04 0.03 0.01 80.90 116.85 90.10 
40.41 -0.46 -0.47 -0.17 -0.14 -0.37 -0.36 0.12 0.06 0.02 82.21 117.18 90.23 
40.51 -0.38 -0.43 -0.13 -0.13 -0.53 -0.48 0.58 0.23 0.19 82.49 114.79 92.29 
40.62 -0.31 -0.34 -0.08 -0.09 -0.38 -0.35 1.29 0.35 0.41 85.01 110.04 94.93 
40.72 -0.23 -0.32 0.04 -0.04 0.28 0.12 1.35 0.46 0.28 86.98 109.39 93.43 
40.82 -0.11 -0.21 0.03 -0.04 0.14 0.17 1.14 0.42 0.16 87.82 102.03 91.92 
40.93 0.19 -0.03 0.11 0.05 0.04 0.15 0.67 -0.04 0.12 92.25 94.15 91.56 
41.03 0.01 0.08 -0.01 0.04 -0.38 -0.44 0.36 -0.01 0.09 92.75 84.52 90.99 
41.13 0.08 0.07 0.06 0.06 -0.14 -0.13 -0.02 -0.04 0.09 93.43 86.10 91.05 
41.24 0.12 0.08 0.00 0.04 -0.22 -0.19 0.06 0.04 0.13 92.80 85.69 91.95 
41.34 0.09 0.08 0.06 0.05 -0.22 -0.22 0.01 -0.01 -0.06 92.82 85.43 89.17 
41.44 -0.03 0.02 0.08 0.09 0.05 0.02 0.01 -0.01 -0.06 94.98 88.93 89.27 
41.54 0.05 0.04 0.04 0.09 -0.02 0.00 0.02 -0.01 0.00 94.96 87.91 90.05 
41.64 0.09 0.05 0.10 0.08 -0.06 -0.05 0.01 0.00 0.00 94.47 86.92 90.03 
41.75 0.05 0.06 0.05 0.08 -0.12 -0.12 0.01 -0.03 0.01 94.57 86.39 90.04 
41.85 0.06 0.06 0.07 0.07 -0.16 -0.16 0.01 -0.01 0.00 94.17 86.40 90.03 
41.95 0.07 0.06 0.08 0.07 -0.17 -0.15 0.01 -0.00 0.00 94.07 86.37 90.03 
42.06 0.07 0.06 0.07 0.07 -0.14 -0.14 0.01 -0.00 0.00 94.23 86.38 90.03 
42.16 0.06 0.06 0.07 0.07 -0.15 -0.16 0.02 -0.01 0.00 94.23 86.35 90.02 
42.26 0.05 0.06 0.08 0.07 -0.14 -0.15 0.01 -0.02 0.00 94.20 86.57 90.04 
42.37 0.07 0.06 0.07 0.07 -0.15 -0.15 0.01 -0.01 0.00 94.15 86.41 90.06 
42.47 0.08 0.06 0.08 0.07 -0.15 -0.14 0.01 -0.00 0.00 94.12 86.42 90.02 
42.58 0.06 0.06 0.07 0.07 -0.16 -0.17 0.02 -0.02 0.00 94.22 86.34 90.05 
42.68 0.05 0.06 0.08 0.08 -0.13 -0.14 0.00 -0.04 0.01 94.31 86.56 90.07 
42.78 0.07 0.05 0.05 0.06 -0.07 -0.06 -0.01 -0.05 -0.04 93.75 87.12 89.62 
42.88 0.06 0.05 0.06 0.07 -0.09 -0.08 0.01 -0.02 0.00 94.15 87.28 90.04 
42.99 0.06 0.06 0.07 0.07 -0.15 -0.15 0.01 -0.01 0.00 94.13 86.57 90.05 
43.09 0.06 0.06 0.02 0.06 -0.16 -0.15 0.02 -0.01 0.00 93.94 86.57 90.02 
43.20 0.05 0.06 0.08 0.06 -0.11 -0.14 0.01 -0.01 0.01 93.52 86.71 90.11 
43.30 0.04 0.04 0.08 0.07 -0.06 -0.06 0.02 -0.01 0.04 94.10 87.42 90.28 
43.40 0.07 0.07 0.09 0.06 -0.23 -0.23 0.01 -0.01 0.03 93.19 85.88 90.25 
43.51 0.12 0.11 0.09 0.12 -0.53 -0.53 0.03 0.00 0.07 97.31 83.57 90.71 
43.61 0.14 0.10 0.11 0.08 -0.35 -0.32 0.01 -0.01 0.04 94.81 84.18 90.49 
