4.01 0.06 0.05 0.06 0.06 -0.04 -0.04 0.01 -0.01 0.01 93.48 87.11 90.14 
4.20 0.07 0.05 0.08 0.06 0.02 -0.03 0.02 -0.01 0.00 93.62 86.91 90.06 
4.31 0.06 0.06 0.07 0.07 0.01 0.00 0.02 -0.01 0.00 93.75 86.78 90.07 
4.41 0.07 0.06 0.08 0.07 0.04 0.03 0.01 -0.01 0.01 93.91 86.46 90.06 
4.51 0.07 0.06 0.08 0.07 0.03 0.02 0.01 -0.02 0.01 94.16 86.30 90.08 
4.61 0.06 0.06 0.06 0.06 -0.02 -0.02 0.02 -0.01 0.00 93.56 86.61 90.07 
4.72 0.06 0.06 0.07 0.07 0.02 -0.00 0.02 -0.02 0.01 93.78 86.66 90.04 
4.82 0.06 0.06 0.07 0.07 0.02 0.02 0.02 -0.00 0.00 93.78 86.51 90.05 
4.92 0.06 0.06 0.07 0.07 0.05 0.04 0.02 -0.01 0.00 93.91 86.51 90.05 
5.02 0.06 0.06 0.07 0.07 0.02 0.02 0.02 -0.01 0.01 93.83 86.55 90.07 
5.13 0.06 0.06 0.07 0.07 0.04 0.03 0.01 -0.00 0.00 93.86 86.38 90.05 
5.23 0.07 0.06 0.09 0.07 0.02 0.02 0.01 -0.01 0.00 93.88 86.38 90.05 
5.34 0.09 0.06 0.05 0.07 0.03 0.04 0.01 -0.01 0.01 94.01 86.51 90.03 
5.44 0.07 0.06 0.07 0.07 0.01 0.01 0.02 -0.01 0.01 93.89 86.35 90.08 
5.55 0.06 0.06 0.07 0.07 0.01 0.00 0.02 -0.02 0.01 93.83 86.34 90.04 
5.65 0.09 0.08 0.07 0.08 0.09 0.09 0.01 -0.03 0.00 94.61 85.70 90.06 
5.75 0.07 0.07 0.07 0.07 0.04 0.04 0.02 -0.01 0.00 94.16 86.17 90.07 
5.86 0.06 0.06 0.07 0.07 -0.00 -0.00 0.02 -0.01 0.00 93.99 86.38 90.05 
5.96 0.06 0.06 0.07 0.07 0.03 0.03 0.01 -0.02 0.01 93.94 86.43 90.05 
6.06 0.06 0.07 0.08 0.07 0.06 0.05 0.02 0.00 0.00 93.93 85.88 90.05 
6.17 0.06 0.05 0.05 0.07 0.04 0.05 0.02 -0.03 0.01 94.39 87.23 90.05 
6.27 0.05 0.06 0.07 0.07 0.03 0.05 0.02 -0.01 0.01 93.96 86.69 90.06 
6.37 0.06 0.06 0.07 0.07 0.03 0.03 0.02 -0.01 0.01 93.91 86.57 90.06 
6.48 0.06 0.06 0.07 0.07 0.01 0.01 0.02 -0.01 0.01 93.84 86.64 90.05 
6.58 0.05 0.06 0.07 0.07 -0.02 -0.02 0.01 0.00 0.00 93.71 86.41 90.03 
6.68 0.06 0.06 0.08 0.07 0.00 -0.00 0.01 0.01 0.00 93.86 86.32 90.02 
6.78 0.06 0.06 0.07 0.07 0.04 0.05 0.02 -0.01 0.01 94.09 86.48 90.08 
6.89 0.05 0.06 0.08 0.07 0.01 0.01 0.01 -0.01 0.00 93.82 86.50 90.05 
6.99 0.05 0.06 0.06 0.07 0.02 0.03 0.02 -0.02 0.01 94.02 86.55 90.07 
7.09 0.08 0.05 0.06 0.07 0.04 0.04 0.02 -0.03 0.00 93.97 87.29 90.03 
7.20 0.04 0.03 0.10 0.08 0.03 0.02 0.01 -0.00 0.02 94.39 88.20 90.24 
7.30 0.05 0.04 0.09 0.08 0.07 0.06 0.01 -0.03 0.01 94.51 87.49 90.16 
7.40 0.06 0.07 0.00 0.06 -0.01 0.04 0.02 -0.09 0.02 94.38 86.15 90.24 
7.50 -0.04 0.05 0.00 0.07 -0.00 0.05 0.02 0.02 -0.00 94.50 86.21 90.06 
7.61 0.06 0.06 0.07 0.07 -0.02 -0.03 0.01 -0.00 -0.00 93.70 86.63 90.01 
7.71 -0.05 0.00 0.14 0.09 0.07 0.04 0.02 -0.01 0.06 94.45 89.37 90.37 
7.82 0.13 0.09 0.01 0.04 -0.14 -0.11 0.02 0.04 0.07 92.41 84.91 91.24 
7.92 0.06 0.06 0.08 0.05 -0.02 -0.04 0.02 0.01 0.00 92.81 86.44 90.01 
8.02 0.04 0.05 0.05 0.05 -0.00 0.02 0.02 -0.00 0.01 93.15 87.04 90.09 
8.12 0.02 0.05 0.13 0.08 0.11 0.08 0.02 -0.06 -0.00 94.31 86.93 89.95 
8.22 0.05 0.06 0.07 0.07 0.09 0.09 0.01 -0.00 -0.00 94.26 86.32 89.92 
8.32 0.07 0.05 0.07 0.07 0.08 0.08 0.01 -0.01 0.01 93.95 87.06 90.05 
8.43 0.04 0.05 0.06 0.07 0.07 0.08 0.02 -0.02 0.01 94.20 86.89 90.11 
8.53 0.06 0.06 0.05 0.07 0.11 0.12 0.02 -0.03 -0.00 94.53 86.46 90.03 
8.63 0.07 0.06 0.08 0.07 0.08 0.07 0.02 -0.02 0.00 94.10 86.63 90.05 
8.73 0.03 0.05 0.06 0.06 0.04 0.03 0.02 -0.01 -0.01 93.23 86.98 89.95 
8.84 0.06 0.06 0.07 0.06 0.04 0.03 0.02 -0.01 0.01 93.38 86.70 90.08 
8.94 0.07 0.08 0.05 0.07 0.11 0.13 0.02 -0.01 0.00 94.32 85.38 90.05 
9.04 0.06 0.07 0.07 0.08 0.14 0.15 0.01 -0.02 0.00 94.61 85.93 90.03 
9.15 0.04 0.06 0.13 0.08 0.13 0.11 0.02 0.02 0.00 94.19 86.51 90.00 
9.25 0.11 0.10 0.16 0.11 0.35 0.26 0.01 -0.02 0.02 95.87 84.70 90.15 
9.35 0.03 0.03 0.08 0.03 -0.09 -0.12 0.01 0.02 0.04 91.94 88.00 90.46 
9.45 0.09 0.06 0.06 0.06 0.04 0.04 0.02 0.00 0.00 93.34 87.08 90.04 
9.56 0.06 0.06 0.07 0.07 0.10 0.10 0.01 -0.01 0.01 93.84 86.62 90.07 
9.66 0.03 0.05 0.08 0.06 0.05 0.04 0.02 -0.03 -0.01 93.40 86.67 90.02 
9.76 0.05 0.06 0.06 0.07 -1.62 -0.20 0.01 -0.02 0.01 93.83 86.70 90.05 
9.86 0.07 0.06 0.05 0.07 0.06 0.07 0.01 -0.01 0.00 94.03 86.46 90.01 
9.97 0.07 0.06 0.10 0.05 -0.01 -0.05 0.01 0.04 0.01 92.23 86.35 90.07 
10.07 0.08 0.06 0.06 0.05 -0.00 -0.01 0.01 -0.02 0.01 93.06 86.62 90.08 
10.18 0.08 0.06 0.06 0.06 0.06 0.07 0.01 -0.02 0.00 93.75 86.74 90.07 
10.28 0.05 0.06 0.05 0.06 0.03 0.04 0.02 -0.02 -0.01 93.64 86.17 89.97 
10.38 0.10 0.07 0.06 0.06 0.06 0.06 0.02 0.01 -0.03 93.74 86.37 89.65 
10.49 0.06 0.07 0.11 0.09 0.19 -1.35 0.01 -0.03 -0.02 94.78 86.00 89.71 
10.59 0.10 0.21 0.19 0.14 0.87 0.95 0.02 0.01 0.00 97.30 76.93 90.00 
10.69 0.07 0.09 0.06 0.08 0.15 0.17 0.02 -0.02 0.00 94.81 84.70 90.04 
10.79 0.05 0.07 0.08 0.07 0.09 0.09 0.01 0.00 0.01 94.18 85.80 90.06 
10.89 0.07 0.07 0.07 0.07 0.06 0.06 0.01 -0.01 0.01 93.96 86.24 90.08 
11.00 0.07 0.06 0.07 0.07 0.05 0.08 0.02 -0.02 0.00 93.82 86.41 90.07 
11.10 0.07 0.06 0.06 0.07 0.05 0.06 0.01 -0.01 0.01 93.97 86.46 90.06 
11.20 0.06 0.06 0.06 0.07 0.07 0.07 0.01 -0.01 0.00 94.12 86.41 90.04 
11.31 0.06 0.06 0.07 0.07 0.06 0.06 0.03 -0.02 0.01 93.95 86.53 90.06 
11.41 0.06 0.06 0.08 0.07 0.06 0.06 0.01 -0.01 0.00 94.02 86.41 90.05 
11.52 0.06 0.06 0.08 0.07 0.09 0.06 0.01 -0.01 0.00 94.00 86.59 90.05 
11.62 0.06 0.06 0.07 0.07 0.06 0.06 0.02 -0.01 0.01 93.82 86.47 90.06 
11.72 0.06 0.06 0.07 0.07 0.06 0.06 0.01 -0.01 0.01 93.82 86.40 90.08 
11.82 0.06 0.06 0.08 0.07 0.06 0.05 0.02 -0.01 0.01 93.89 86.40 90.06 
11.93 0.07 0.06 0.07 0.07 0.09 0.09 0.02 -0.02 0.01 93.96 86.70 90.04 
12.03 0.06 0.06 0.07 0.07 0.06 0.06 0.01 -0.00 0.01 94.09 86.53 90.08 
12.13 0.07 0.06 0.06 0.07 0.06 0.06 0.02 -0.01 0.01 94.01 86.58 90.07 
12.24 0.05 0.06 0.06 0.07 0.06 -1.37 0.02 -0.01 0.00 93.79 86.28 90.06 
12.34 0.09 0.06 0.10 0.08 0.11 0.09 0.01 -0.02 0.01 94.33 86.35 90.10 
12.44 0.05 0.06 0.07 0.07 0.08 0.08 0.01 0.00 0.01 93.95 86.53 90.07 
12.54 0.07 0.06 0.07 0.07 0.08 0.08 0.02 -0.01 0.01 93.96 86.53 90.06 
12.65 0.07 0.06 0.07 0.07 0.11 0.11 0.01 -0.01 0.01 94.14 86.32 90.05 
12.75 0.05 0.06 0.08 0.07 0.09 0.09 0.02 -0.02 0.00 93.94 86.61 90.04 
12.85 0.07 0.06 0.06 0.07 0.08 0.08 0.02 -0.01 0.00 94.02 86.44 90.07 
12.96 0.06 0.06 0.07 0.07 0.09 0.09 0.01 -0.02 0.00 93.93 86.39 90.04 
13.06 0.06 0.06 0.06 0.07 0.08 0.09 0.01 -0.01 0.00 93.85 86.30 90.06 
13.16 0.06 0.06 0.07 0.07 0.06 0.06 0.01 -0.01 0.00 93.83 86.38 90.05 
13.27 0.05 0.06 0.07 0.07 0.05 0.06 0.01 -0.01 0.00 93.82 86.46 90.04 
13.37 0.07 0.06 0.06 0.07 0.07 0.07 0.02 -0.01 0.00 93.81 86.32 90.04 
13.47 0.06 0.06 0.06 0.07 0.10 0.10 0.02 -0.01 0.00 93.96 86.34 90.05 
13.58 0.06 0.06 0.07 0.07 0.07 0.07 0.02 -0.01 0.00 93.88 86.44 90.06 
13.68 0.07 0.07 0.07 0.07 0.10 0.10 0.02 -0.01 0.00 93.87 86.26 90.03 
13.78 0.08 0.07 0.08 0.07 0.11 0.09 0.02 -0.01 0.01 94.05 86.41 90.06 
13.88 0.06 0.06 0.06 0.07 0.10 0.10 0.01 -0.01 0.00 93.80 86.50 90.04 
13.99 0.07 0.06 0.06 0.06 0.07 0.07 0.02 -0.01 0.00 93.73 86.43 90.07 
14.09 0.07 0.06 0.07 0.07 0.08 0.08 0.01 -0.02 0.01 93.87 86.41 90.06 
14.19 0.07 0.06 0.06 0.07 0.07 0.07 0.02 -0.02 0.00 93.89 86.40 90.05 
14.29 0.06 0.06 0.08 0.07 0.10 0.09 0.02 -0.01 0.01 94.19 86.34 90.07 
14.40 0.06 0.06 0.07 0.07 0.10 0.10 0.02 -0.01 0.00 93.96 86.41 90.07 
14.50 0.05 0.06 0.07 0.07 0.08 0.09 0.02 -0.01 0.01 93.88 86.46 90.06 
14.60 0.06 0.06 0.08 0.07 0.07 0.06 0.02 -0.01 0.00 93.91 86.45 90.05 
14.70 0.07 0.06 0.08 0.07 0.07 0.07 0.02 -0.01 0.00 93.78 86.32 90.03 
14.81 0.06 0.06 0.07 0.07 0.08 0.08 0.01 -0.01 0.01 93.85 86.45 90.05 
14.91 0.06 0.06 0.06 0.06 0.06 0.06 0.01 -0.01 0.01 93.70 86.43 90.05 
15.02 0.06 0.06 0.07 0.07 0.09 0.07 0.01 -0.01 0.00 93.83 86.36 90.07 
15.12 0.06 0.06 0.07 0.07 0.09 0.09 0.01 -0.01 0.00 93.75 86.51 90.05 
15.22 0.05 0.05 0.05 0.07 0.10 0.11 0.02 -0.01 0.02 94.23 87.07 90.22 
15.32 0.05 0.06 0.07 0.07 0.09 0.09 0.02 -0.02 0.01 94.00 86.75 90.06 
15.43 0.06 0.06 0.06 0.07 0.09 0.09 0.01 -0.01 0.00 93.96 86.65 90.06 
15.53 0.06 0.06 0.08 0.07 0.08 0.09 0.02 -0.01 0.00 93.93 86.68 90.05 
15.63 0.07 0.06 0.07 0.07 0.10 0.10 0.01 -0.01 0.01 93.97 86.50 90.08 
15.74 0.10 0.07 0.07 0.07 0.09 0.08 0.02 -0.01 0.00 93.79 86.49 90.05 
15.84 0.06 0.07 0.06 0.06 0.07 0.07 0.02 -0.01 0.00 93.66 86.22 90.05 
15.94 0.07 0.06 0.09 0.08 0.15 0.14 0.02 -0.01 0.02 94.59 86.40 90.18 
16.04 0.05 0.06 0.08 0.07 0.12 0.11 0.01 0.00 0.01 93.86 86.27 90.14 
16.15 0.06 0.07 0.04 0.07 0.07 0.09 0.01 -0.01 0.03 93.99 86.05 90.33 
16.25 0.06 0.06 0.07 0.06 0.06 0.04 0.01 -0.00 0.00 93.39 86.24 90.06 
16.35 0.06 0.06 0.06 0.06 0.07 0.07 0.01 -0.01 0.00 93.54 86.37 90.06 
16.45 0.07 0.06 0.05 0.06 0.08 0.09 0.03 -0.02 0.00 93.83 86.50 90.02 
16.56 0.07 0.06 0.07 0.07 0.08 0.08 0.02 -0.02 0.00 93.88 86.51 90.04 
16.66 0.06 0.06 0.07 0.07 0.10 0.09 0.02 -0.00 0.00 93.95 86.43 90.03 
16.76 0.06 0.06 0.08 0.07 0.10 0.08 0.02 0.00 0.00 93.88 86.34 90.05 
16.86 0.06 0.06 0.06 0.07 0.09 0.09 0.02 -0.01 0.01 93.90 86.57 90.08 
16.97 0.06 0.06 0.09 0.07 0.14 0.13 0.01 0.01 0.00 93.89 86.40 90.03 
17.07 0.06 0.06 0.08 0.07 0.09 0.08 0.01 -0.00 0.01 93.58 86.53 90.05 
17.17 0.05 0.06 0.07 0.06 0.07 0.07 0.01 -0.00 0.00 93.58 86.44 90.03 
17.28 0.08 0.07 0.05 0.06 0.10 0.10 0.01 0.00 0.00 93.59 86.29 90.03 
17.38 0.05 0.06 0.05 0.06 0.08 0.09 0.01 -0.01 0.01 93.71 86.49 90.08 
17.49 0.06 0.06 0.06 0.07 0.09 0.10 0.02 -0.01 0.00 93.87 86.42 90.05 
17.59 0.08 0.07 0.07 0.07 0.14 0.14 0.04 -0.01 0.01 94.08 86.27 90.09 
17.69 0.06 0.06 0.06 0.07 0.11 0.11 0.03 -0.01 0.01 93.97 86.38 90.03 
17.79 0.07 0.07 0.06 0.07 0.12 0.13 0.00 -0.01 0.01 94.15 86.20 90.07 
17.90 0.05 0.06 0.09 0.07 0.13 0.12 0.00 0.03 0.00 94.00 86.68 90.01 
18.00 0.06 0.06 0.05 0.06 0.10 0.11 0.02 -0.01 0.00 93.74 86.65 90.02 
18.10 0.07 0.07 0.06 0.07 0.12 0.12 0.02 -0.01 0.01 93.78 86.20 90.06 
18.20 0.07 0.06 0.05 0.07 0.10 0.11 0.01 -0.02 0.01 93.93 86.39 90.06 
18.30 0.06 0.06 0.07 0.07 0.13 0.14 0.02 -0.02 0.01 94.03 86.58 90.07 
18.40 0.07 0.07 0.07 0.07 0.14 0.14 0.01 -0.01 0.01 94.26 86.32 90.10 
18.50 0.06 0.06 0.09 0.07 0.13 0.12 0.02 -0.01 0.01 94.08 86.53 90.05 
18.61 0.06 0.06 0.09 0.07 0.12 0.11 0.02 -0.00 0.01 94.08 86.43 90.07 
18.71 0.07 0.06 0.07 0.07 0.11 0.07 0.02 -0.01 0.00 93.71 86.28 90.06 
18.81 0.07 0.06 0.06 0.06 0.08 0.09 0.02 -0.01 0.01 93.70 86.43 90.08 
18.92 0.07 0.06 0.06 0.07 0.08 0.08 0.02 -0.01 0.00 93.74 86.36 90.06 
19.02 0.07 0.06 0.06 0.07 0.08 0.08 0.02 -0.02 0.01 93.82 86.41 90.06 
19.12 0.05 0.06 0.06 0.07 0.11 0.12 0.02 -0.01 0.00 94.07 86.52 90.05 
19.22 0.06 0.06 0.07 0.07 0.13 0.13 0.01 -0.01 0.01 94.09 86.41 90.05 
19.32 0.07 0.06 0.08 0.07 0.12 0.11 0.02 -0.01 0.01 93.98 86.52 90.05 
19.43 0.06 0.06 0.08 0.07 0.11 0.11 0.01 -0.01 0.00 94.05 86.45 90.05 
19.53 0.06 0.06 0.08 0.07 0.12 0.12 0.02 -0.01 0.00 93.90 86.41 90.05 
19.63 0.06 0.06 0.07 0.06 0.09 0.09 0.01 -0.01 0.00 93.68 86.48 90.07 
19.73 0.06 0.06 0.06 0.07 0.10 0.11 0.01 -0.02 0.01 93.76 86.36 90.07 
19.83 0.07 0.06 0.07 0.07 0.11 0.10 0.01 -0.01 0.00 93.91 86.40 90.05 
19.94 0.06 0.06 0.06 0.07 0.11 0.11 0.01 -0.02 0.00 93.96 86.41 90.07 
20.04 0.07 0.06 0.07 0.07 0.13 0.13 0.01 -0.02 0.01 94.17 86.52 90.06 
20.14 0.05 0.06 0.07 0.07 0.13 0.13 0.01 -0.01 0.01 94.16 86.51 90.07 
20.24 0.06 0.06 0.07 0.07 0.12 0.12 0.02 -0.01 0.00 94.05 86.60 90.04 
20.34 0.06 0.06 0.08 0.07 0.11 0.10 0.01 -0.01 0.00 93.84 86.75 90.07 
20.45 0.06 0.06 0.07 0.07 0.12 0.12 0.02 -0.01 0.00 93.90 86.67 90.04 
20.55 0.09 0.07 0.04 0.05 0.05 0.06 0.02 -0.01 0.01 93.35 86.09 90.05 
20.65 0.05 0.06 0.07 0.06 0.09 0.09 0.02 -0.01 0.00 93.60 86.12 90.06 
20.76 0.06 0.07 0.06 0.07 0.09 0.09 0.01 -0.01 0.01 93.80 86.20 90.07 
20.86 0.07 0.06 0.07 0.07 0.13 0.13 0.02 -0.01 0.01 93.83 86.30 90.05 
20.96 0.07 0.06 0.06 0.07 0.11 0.12 0.02 -0.01 0.00 93.89 86.40 90.04 
21.06 0.05 0.06 0.06 0.06 0.11 0.11 0.02 -0.01 0.00 93.44 86.44 90.08 
21.16 0.05 0.06 0.05 0.06 0.07 0.08 0.02 -0.01 0.00 93.53 86.65 90.02 
21.26 0.08 0.06 0.05 0.06 0.09 0.09 0.02 -0.02 0.00 93.60 86.60 90.05 
21.36 0.06 0.06 0.03 0.06 0.11 0.11 0.02 -0.01 0.00 93.90 86.25 90.05 
21.47 0.06 0.06 0.06 0.07 0.14 0.14 0.02 -0.01 0.01 93.95 86.39 90.06 
21.57 0.09 0.07 0.07 0.07 0.13 0.13 0.01 -0.02 0.00 94.12 86.44 90.04 
21.67 0.05 0.06 0.06 0.07 0.12 0.13 0.01 -0.02 0.01 93.97 86.31 90.08 
21.78 0.06 0.06 0.06 0.07 0.11 0.12 0.01 -0.00 0.00 93.80 86.50 90.05 
21.88 0.07 0.06 0.07 0.07 0.10 0.09 0.01 -0.01 0.00 93.81 86.36 90.05 
21.99 0.07 0.06 0.07 0.07 0.10 0.09 0.01 -0.01 0.01 93.79 86.36 90.04 
22.09 0.06 0.06 0.06 0.07 0.12 0.13 0.02 -0.01 0.00 93.85 86.41 90.08 
22.19 0.06 0.06 0.07 0.07 0.10 0.09 0.01 -0.01 0.01 93.85 86.38 90.08 
22.29 0.06 0.06 0.07 0.07 0.10 0.10 0.02 -0.01 0.01 93.84 86.32 90.05 
22.39 0.06 0.06 0.07 0.07 0.11 0.11 0.02 -0.01 0.00 93.90 86.45 90.05 
22.49 0.07 0.07 0.07 0.07 0.15 0.15 0.02 -0.02 0.00 94.05 86.28 90.03 
22.59 0.09 0.07 0.08 0.08 0.13 0.15 0.02 -0.01 0.01 94.30 86.40 90.09 
22.70 0.06 0.06 0.08 0.07 0.13 0.13 0.02 -0.01 0.00 94.00 86.34 90.03 
22.80 0.07 0.06 0.07 0.07 0.10 0.10 0.02 -0.01 0.01 93.84 86.36 90.03 
22.90 0.06 0.06 0.08 0.07 0.12 0.11 0.02 -0.00 0.00 93.92 86.42 90.04 
23.01 0.06 0.06 0.07 0.07 0.13 0.13 0.02 -0.01 0.01 93.84 86.55 90.07 
23.11 0.07 0.06 0.07 0.07 0.13 0.12 0.01 -0.00 0.00 93.89 86.37 90.07 
23.21 0.07 0.06 0.08 0.07 0.11 0.11 0.01 -0.01 0.00 93.82 86.50 90.05 
23.32 0.06 0.06 0.08 0.07 0.10 0.09 0.01 -0.01 0.00 93.87 86.77 90.03 
23.42 0.07 0.06 0.07 0.07 0.15 0.15 0.01 -0.01 0.00 94.05 86.45 90.06 
23.52 0.06 0.06 0.07 0.07 0.09 0.09 0.01 -0.01 0.01 93.93 86.49 90.05 
23.62 0.07 0.06 0.07 0.07 0.10 0.10 0.02 -0.01 0.01 93.85 86.42 90.05 
23.73 0.07 0.06 0.06 0.07 0.10 0.11 0.01 -0.02 0.00 93.84 86.53 90.05 
23.83 0.06 0.06 0.07 0.07 0.11 0.10 0.01 -0.01 0.01 93.74 86.47 90.06 
23.93 0.07 0.06 0.07 0.07 0.13 0.13 0.02 -0.01 0.01 93.94 86.38 90.05 
24.03 0.07 0.06 0.07 0.07 0.08 0.08 0.02 -0.01 0.00 93.82 86.29 90.05 
24.14 0.06 0.06 0.08 0.07 0.11 0.10 0.02 -0.01 0.00 93.87 86.46 90.07 
24.24 0.07 0.06 0.06 0.07 0.11 0.11 0.02 -0.02 0.01 93.89 86.36 90.06 
24.34 0.06 0.06 0.07 0.07 0.11 0.11 0.02 -0.02 0.00 93.81 86.38 90.06 
24.44 0.06 0.06 0.06 0.07 0.10 0.10 0.02 -0.01 0.00 93.82 86.37 90.06 
24.54 0.06 0.06 0.08 0.07 0.13 0.11 0.02 -0.01 0.01 93.81 86.29 90.05 
24.64 0.07 0.07 0.07 0.07 0.13 0.14 0.01 -0.00 0.00 93.96 86.29 90.07 
24.75 0.07 0.07 0.06 0.07 0.09 0.10 0.01 -0.01 0.01 93.90 86.26 90.06 
24.85 0.06 0.06 0.07 0.07 0.10 0.10 0.01 -0.01 0.00 93.95 86.42 90.04 
24.95 0.06 0.06 0.07 0.07 0.10 0.11 0.01 -0.01 0.01 93.90 86.39 90.08 
25.06 0.08 0.07 0.06 0.07 0.10 0.11 0.01 -0.02 0.00 93.95 86.35 90.08 
25.16 0.07 0.07 0.12 0.08 0.15 0.12 0.01 -0.04 0.01 94.07 85.92 90.10 
25.26 0.06 0.07 0.07 0.07 0.13 0.13 0.01 -0.01 0.00 94.10 86.18 90.05 
25.36 0.07 0.07 0.04 0.06 0.07 0.08 0.01 0.01 0.02 93.57 86.12 90.37 
25.47 0.07 0.07 0.06 0.06 0.10 0.10 0.01 -0.02 0.01 93.74 86.24 90.10 
25.57 0.04 0.06 0.06 0.06 0.09 0.09 0.02 -0.01 0.01 93.67 86.36 90.09 
25.67 0.17 0.08 0.02 0.06 0.10 0.12 0.01 0.00 -0.00 93.72 85.51 89.99 
25.78 0.05 0.07 0.08 0.07 0.10 0.09 0.02 0.01 0.00 93.65 86.03 90.04 
25.88 0.09 0.07 0.11 0.07 0.14 0.12 0.01 0.03 -0.01 93.68 86.33 89.91 
25.98 0.06 0.06 0.07 0.07 0.12 0.11 0.02 -0.01 -0.00 93.97 86.56 89.97 
26.09 0.06 0.07 0.07 0.07 0.12 0.12 0.01 -0.01 -0.00 93.98 86.10 90.04 
26.19 0.07 0.06 0.07 0.06 0.10 0.10 0.01 -0.00 0.01 93.46 86.58 90.08 
26.29 0.08 0.07 0.07 0.06 0.08 0.06 0.01 -0.02 0.01 93.24 86.07 90.05 
26.40 0.07 0.06 0.05 0.06 0.11 0.11 0.02 -0.00 0.00 93.53 86.37 89.98 
26.50 0.06 0.06 0.06 0.06 0.10 0.07 0.02 -0.02 0.00 93.55 86.56 90.01 
26.60 0.07 0.07 0.08 0.07 0.12 0.11 0.02 -0.00 0.00 93.91 86.07 90.04 
26.70 0.06 0.06 0.07 0.07 0.15 0.15 0.01 -0.02 0.01 94.03 86.25 90.03 
26.81 0.05 0.05 0.07 0.06 0.07 0.09 0.01 -0.02 -0.00 93.59 87.28 89.98 
26.91 0.01 0.05 0.05 0.07 0.13 0.14 0.01 -0.02 0.00 94.12 86.68 90.04 
27.01 0.07 0.06 0.03 0.06 0.07 0.09 0.02 -0.02 0.00 93.59 86.68 89.99 
27.11 0.06 0.06 0.07 0.07 0.12 0.11 0.02 -0.01 0.00 93.88 86.52 90.06 
27.22 0.06 0.06 0.07 0.07 0.14 0.14 0.01 -0.02 0.01 94.04 86.50 90.08 
27.32 0.06 0.06 0.04 0.06 0.11 0.11 0.02 -0.04 0.00 93.84 86.47 90.08 
27.42 0.05 0.06 0.06 0.07 0.13 0.13 0.01 -0.01 0.01 93.94 86.54 90.07 
27.53 0.06 0.06 0.04 0.07 0.12 0.14 0.01 -0.07 0.01 94.00 86.52 90.07 
27.63 0.06 0.06 0.06 0.07 0.11 0.11 0.02 -0.02 0.00 93.89 86.45 90.07 
27.73 0.06 0.06 0.08 0.07 0.13 0.12 0.02 -0.01 0.00 93.79 86.44 90.02 
27.84 0.06 0.06 0.06 0.07 0.10 0.10 0.01 -0.02 0.00 93.87 86.43 90.07 
27.94 0.07 0.07 0.07 0.07 0.13 0.12 0.01 -0.02 0.01 93.75 86.35 90.08 
28.04 0.07 0.06 0.07 0.06 0.09 0.10 0.01 -0.01 0.01 93.71 86.44 90.10 
28.14 0.06 0.06 0.06 0.06 0.08 0.08 0.01 -0.00 0.00 93.70 86.60 90.06 
28.25 0.06 0.06 0.06 0.07 0.11 0.11 0.02 -0.01 0.01 93.89 86.64 90.03 
28.35 0.07 0.06 0.08 0.07 0.13 0.12 0.01 -0.01 0.00 93.86 86.57 90.06 
28.45 0.06 0.06 0.08 0.07 0.10 0.10 0.02 -0.01 0.00 93.83 86.42 90.06 
28.56 0.05 0.06 0.07 0.07 0.13 0.12 0.02 -0.02 0.01 94.00 86.34 90.06 
28.66 0.06 0.06 0.08 0.07 0.15 0.15 0.01 -0.01 0.01 94.24 86.56 90.11 
28.81 0.07 0.06 0.07 0.07 0.13 0.15 0.02 -0.02 0.01 94.23 86.48 90.08 
28.95 0.07 0.06 0.09 0.08 0.11 0.13 0.02 -0.01 0.01 94.35 86.38 90.08 
29.08 0.03 0.06 0.07 0.07 0.15 0.12 0.02 -0.01 0.01 94.29 86.63 90.10 
29.22 0.09 0.06 0.10 0.08 0.15 0.15 0.01 -0.01 -0.00 94.53 86.35 89.96 
29.32 0.07 0.07 0.06 0.08 0.18 0.16 0.01 -0.01 0.01 94.34 86.27 90.08 
29.42 0.07 0.06 0.07 0.07 0.15 0.14 0.02 -0.02 0.01 94.04 86.35 90.10 
29.53 0.07 0.06 0.08 0.07 0.13 0.13 0.02 0.00 0.01 94.01 86.39 90.07 
29.63 0.06 0.07 0.07 0.07 0.13 0.13 0.01 -0.01 0.01 93.99 86.20 90.05 
29.74 0.07 0.06 0.06 0.06 0.09 0.10 0.02 -0.01 0.01 93.70 86.33 90.05 
29.84 0.08 0.06 0.06 0.06 0.10 0.10 0.01 -0.01 0.00 93.77 86.52 90.05 
29.94 0.06 0.06 0.06 0.07 0.12 0.12 0.01 -0.01 0.01 94.00 86.37 90.05 
30.04 0.06 0.06 0.08 0.07 0.11 0.11 0.02 -0.03 0.01 94.17 86.60 90.07 
30.14 0.06 0.06 0.08 0.07 0.11 0.10 0.01 -0.00 0.00 93.92 86.53 90.03 
30.24 0.07 0.06 0.04 0.06 0.09 0.12 0.02 0.01 0.00 93.82 86.38 90.02 
30.34 0.07 0.06 0.07 0.07 0.12 0.12 0.02 -0.02 0.01 93.99 86.40 90.07 
30.44 0.06 0.06 0.06 0.07 0.10 0.14 0.01 -0.01 0.01 94.10 86.43 90.05 
30.55 0.07 0.07 0.07 0.07 0.12 0.12 0.02 -0.01 0.01 93.95 86.32 90.07 
30.65 0.06 0.06 0.08 0.07 0.14 0.13 0.01 -0.01 0.00 93.79 86.24 90.01 
30.76 0.06 0.06 0.06 0.06 0.07 0.07 0.02 -0.01 0.01 93.50 86.33 90.12 
30.86 0.08 0.06 0.09 0.07 0.10 0.09 0.01 -0.01 0.01 93.96 86.83 90.05 
30.96 0.05 0.06 0.05 0.06 0.08 0.09 0.02 -0.02 0.00 93.74 86.53 90.05 
31.06 0.07 0.06 0.09 0.07 0.11 0.09 0.02 -0.03 0.00 93.96 86.48 90.05 
31.16 0.06 0.06 0.07 0.07 0.09 0.09 0.01 -0.01 0.00 93.81 86.58 90.06 
31.26 0.06 0.06 0.06 0.07 0.10 0.11 0.02 -0.00 0.01 93.96 86.61 90.03 
31.37 0.05 0.06 0.07 0.07 0.09 0.09 0.02 -0.01 0.00 93.84 86.41 90.05 
31.47 0.06 0.06 0.07 0.07 0.11 0.11 0.02 -0.01 0.01 93.88 86.49 90.08 
31.57 0.06 0.06 0.07 0.07 0.12 0.12 0.02 -0.02 0.01 93.88 86.49 90.08 
31.68 0.07 0.06 0.07 0.07 0.12 0.12 0.02 -0.01 0.00 94.11 86.62 90.05 
31.78 0.06 0.06 0.07 0.07 0.14 0.14 0.01 -0.03 0.01 94.15 86.49 90.07 
31.88 0.06 0.06 0.11 0.08 0.18 0.16 0.01 -0.01 0.01 94.08 86.48 90.10 
31.98 0.07 0.06 0.14 0.09 0.20 0.17 0.02 -0.01 0.04 94.79 86.84 90.35 
32.09 0.08 0.09 0.05 0.08 0.24 0.27 0.03 0.01 0.14 94.74 84.56 91.74 
32.19 0.09 0.06 0.08 0.06 0.15 0.10 0.02 -0.00 0.06 93.24 86.70 90.69 
32.29 0.07 0.06 0.08 0.06 0.17 0.15 0.01 -0.01 0.03 93.40 86.48 90.30 
32.40 0.05 0.06 0.07 0.06 0.16 0.15 0.01 -0.01 0.00 93.36 86.69 90.06 
32.50 0.06 0.06 0.06 0.06 0.15 0.15 0.02 -0.01 -0.00 93.64 86.70 89.98 
32.60 0.06 0.06 0.07 0.07 0.21 0.20 0.02 -0.02 0.01 93.80 86.51 90.06 
32.71 0.06 0.06 0.08 0.07 0.18 0.18 0.02 -0.01 0.01 93.70 86.60 90.08 
32.81 0.06 0.06 0.01 0.06 0.16 0.19 0.02 -0.01 0.00 93.26 86.45 90.06 
32.91 0.06 0.06 0.06 0.06 0.16 0.16 0.02 -0.01 0.00 93.49 86.53 90.05 
33.02 0.06 0.06 0.07 0.07 0.16 0.16 0.01 -0.02 0.00 93.81 86.42 90.03 
33.12 0.07 0.06 0.07 0.07 0.19 0.19 0.02 -0.01 0.00 93.78 86.32 90.01 
33.22 0.07 0.07 0.07 0.07 0.20 0.20 0.01 -0.03 0.01 93.92 86.24 90.10 
33.32 0.06 0.06 0.07 0.07 0.20 0.19 0.01 -0.01 0.01 94.05 86.38 90.13 
33.43 0.06 0.06 0.07 0.07 0.20 0.20 0.02 -0.01 0.01 93.80 86.56 90.06 
33.53 0.06 0.06 0.07 0.07 0.21 0.21 0.01 -0.01 0.01 93.85 86.45 90.07 
33.63 0.06 0.05 -0.00 0.06 0.13 0.17 0.02 -0.01 0.05 93.83 87.13 90.67 
33.74 0.06 0.06 0.06 0.06 0.20 0.20 0.02 -0.03 0.01 93.72 86.70 90.07 
33.84 0.07 0.10 0.05 0.07 0.25 0.27 0.01 -0.02 0.03 94.00 84.40 90.31 
33.94 0.07 0.08 0.07 0.07 0.21 0.21 0.01 -0.01 0.00 93.70 85.30 90.08 
34.04 0.06 0.07 0.05 0.06 0.17 0.18 0.01 -0.01 0.01 93.55 86.17 90.08 
34.14 0.06 0.06 0.06 0.06 0.19 0.19 0.01 -0.02 0.00 93.75 86.23 90.06 
34.25 0.07 0.07 0.08 0.07 0.19 0.18 0.02 -0.01 0.00 93.86 86.31 90.05 
34.35 0.07 0.06 0.07 0.07 0.20 0.21 0.02 -0.02 0.00 94.01 86.39 90.05 
34.46 0.06 0.06 0.08 0.07 0.21 0.19 0.01 -0.01 0.00 93.86 86.37 90.06 
34.56 0.06 0.06 0.06 0.07 0.22 0.22 0.02 -0.01 0.01 94.03 86.35 90.09 
34.66 0.06 0.06 0.07 0.07 0.18 0.18 0.02 -0.02 0.01 93.83 86.46 90.05 
34.76 0.07 0.06 0.07 0.07 0.20 0.20 0.01 -0.03 0.01 93.98 86.37 90.08 
34.87 0.06 0.06 0.06 0.07 0.20 0.20 0.01 -0.02 0.00 94.02 86.40 90.02 
34.97 0.05 0.06 0.08 0.07 0.21 0.20 0.02 -0.01 0.01 94.00 86.51 90.09 
35.07 0.22 0.11 -0.03 0.07 0.25 0.29 0.02 -0.04 -0.00 94.98 85.05 90.23 
35.18 0.11 0.09 0.01 0.04 0.08 0.09 -0.03 -0.04 0.01 92.24 85.06 90.19 
35.28 0.04 0.08 0.06 0.07 0.21 0.23 -0.06 -0.05 -0.00 93.99 85.20 90.04 
35.38 0.06 0.07 0.06 0.06 0.21 0.21 0.02 -0.00 -0.00 93.42 86.27 89.97 
35.48 0.06 0.06 0.05 0.06 0.16 0.17 0.02 -0.01 0.01 93.24 86.46 90.07 
35.59 0.05 0.06 0.05 0.06 0.19 0.20 0.02 -0.01 0.00 93.68 86.51 90.06 
35.69 0.07 0.06 0.07 0.07 0.23 0.21 0.03 -0.01 0.00 93.76 86.33 90.04 
35.79 0.07 0.07 0.06 0.07 0.22 0.22 0.03 -0.01 0.01 93.86 86.05 90.06 
35.90 0.00 0.06 0.05 0.06 0.18 0.20 0.03 -0.01 0.01 93.88 85.94 90.06 
36.00 0.09 0.07 0.00 0.06 0.17 0.20 -0.01 -0.01 0.00 93.71 86.28 90.07 
36.10 0.07 0.06 0.05 0.06 0.15 0.15 0.02 -0.01 0.00 93.45 86.50 90.05 
36.20 0.08 0.07 0.05 0.06 0.19 0.19 0.02 -0.01 0.00 93.72 86.01 90.06 
36.30 0.08 0.07 0.06 0.06 0.18 0.18 -0.01 0.00 0.00 93.65 85.76 90.02 
36.41 0.08 0.07 0.07 0.06 0.20 0.19 -0.03 -0.02 0.01 93.58 85.86 90.05 
36.51 0.07 0.07 0.07 0.06 0.20 0.20 0.01 -0.02 0.01 93.62 86.31 90.01 
36.61 0.08 0.07 0.07 0.07 0.22 0.22 0.03 0.00 0.01 93.86 86.28 90.03 
36.71 0.07 0.05 0.07 0.06 0.20 0.19 0.04 0.01 0.00 93.62 86.86 90.04 
36.82 0.05 0.05 0.04 0.06 0.19 0.20 0.01 -0.02 0.01 93.64 86.84 90.05 
36.92 0.05 0.05 0.06 0.06 0.18 0.18 0.03 -0.00 0.00 93.60 87.12 90.02 
37.02 0.07 0.06 0.08 0.06 0.19 0.18 -0.01 -0.03 0.00 93.54 86.80 90.06 
37.12 0.06 0.06 0.08 0.07 0.20 0.19 -0.00 -0.02 0.00 93.93 86.54 90.05 
37.22 0.05 0.06 0.06 0.07 0.21 0.21 0.00 -0.01 0.00 93.78 86.46 90.03 
37.33 0.11 0.07 0.08 0.07 0.23 0.21 0.07 -0.01 0.01 93.74 86.64 90.05 
37.43 0.00 0.06 0.03 0.07 0.23 0.27 0.00 -0.00 0.02 93.90 86.52 90.25 
37.53 0.04 0.05 0.04 0.06 0.17 0.19 -0.02 -0.07 0.01 93.89 86.95 90.10 
37.63 0.09 0.05 0.08 0.07 0.20 0.19 0.04 0.01 0.02 94.15 87.15 90.24 
37.74 -0.09 -0.02 0.11 0.09 0.21 0.21 0.01 -0.02 -0.08 94.91 90.19 89.09 
37.84 -0.00 -0.03 0.08 0.08 0.15 0.17 0.02 0.03 -0.20 94.76 91.58 87.58 
37.94 -0.01 -0.02 0.10 0.09 0.11 0.11 0.08 -0.10 -0.25 94.89 91.50 87.39 
38.04 -0.20 0.10 0.15 0.12 0.38 0.47 0.07 0.01 -0.23 96.30 81.44 86.80 
38.14 0.02 0.07 0.06 0.11 0.31 0.36 0.15 -0.12 -0.05 96.19 85.82 89.43 
38.25 -0.09 0.12 0.15 -0.03 -0.27 -0.51 -0.28 -0.23 0.03 86.31 80.84 90.18 
38.35 0.23 0.12 0.11 0.08 0.32 0.30 0.21 0.22 0.10 94.53 83.06 91.22 
38.45 0.61 0.13 -0.13 0.06 0.20 0.23 -0.01 -0.07 0.22 93.58 82.81 92.60 
38.55 -0.06 0.06 0.04 0.00 -0.09 -0.11 -0.04 0.02 0.02 89.91 85.54 90.31 
38.66 0.01 0.05 0.00 0.06 0.13 0.18 -0.10 0.05 -0.13 93.90 86.46 88.56 
38.76 0.03 0.02 0.12 0.12 0.19 0.18 -0.20 0.09 -0.15 96.61 88.76 88.04 
38.86 -0.02 0.00 0.07 0.10 0.15 0.17 -0.48 -0.15 -0.09 95.57 89.94 88.91 
38.96 -0.13 -0.05 0.02 0.09 0.23 0.29 -0.70 -0.11 -0.19 95.63 92.23 87.65 
39.06 -0.18 -0.11 0.03 0.07 0.27 0.19 -0.77 -0.07 -0.12 94.20 96.57 88.55 
39.17 -0.22 -0.19 0.09 0.07 0.29 0.28 -0.67 -0.08 -0.13 93.77 100.26 88.34 
39.27 -0.30 -0.26 0.07 0.06 0.26 0.26 -0.84 0.12 -0.20 93.29 104.46 87.70 
39.37 -0.35 -0.31 0.09 0.08 0.36 0.36 -0.71 0.16 -0.19 94.68 107.56 87.68 
39.48 -0.39 -0.37 0.06 0.09 0.52 0.56 -0.41 -0.16 -0.05 95.16 110.93 89.21 
39.58 -0.52 -0.45 0.06 0.06 0.22 0.25 -0.53 0.21 -0.10 93.21 114.90 88.94 
39.69 -0.44 -0.48 0.11 0.11 0.46 0.44 -0.36 0.00 -0.09 96.11 117.80 88.95 
39.79 -0.57 -0.52 0.08 0.10 0.53 0.58 -0.26 -0.09 -0.05 95.65 119.11 89.26 
39.89 -0.61 -0.58 0.03 0.08 0.32 0.37 -0.28 0.05 -0.03 94.78 122.77 89.62 
40.00 -0.57 -0.59 0.07 0.05 0.23 0.20 -0.24 0.03 -0.10 92.82 123.96 88.87 
40.10 -0.63 -0.61 0.06 0.08 0.45 0.44 -0.20 -0.09 -0.06 94.47 124.61 89.25 
40.20 -0.66 -0.64 0.02 0.05 0.22 0.25 -0.24 -0.09 -0.08 92.88 126.72 89.01 
40.31 -0.67 -0.67 0.03 0.04 0.28 0.29 -0.27 0.06 -0.13 92.44 128.71 88.52 
40.41 -0.66 -0.66 0.03 0.04 0.35 0.36 0.06 -0.19 -0.11 92.24 127.84 88.68 
40.51 -0.57 -0.62 -0.02 0.01 0.58 0.56 0.56 -0.27 -0.05 90.43 125.75 89.41 
40.62 -0.54 -0.56 0.00 0.01 0.51 0.74 1.52 -0.37 -0.01 90.64 122.18 89.89 
40.72 -0.41 -0.48 -0.12 -0.03 0.46 0.49 1.94 -0.56 -0.02 88.98 117.93 90.10 
40.83 -0.20 -0.35 -0.12 -0.12 0.27 0.25 2.05 -0.21 -0.22 83.43 111.75 87.63 
40.93 -0.02 -0.18 -0.08 -0.12 0.37 0.33 1.88 -0.28 -0.24 82.98 100.43 87.10 
41.03 0.16 0.01 -0.16 -0.15 0.40 0.38 1.64 -0.31 -0.19 81.81 91.25 87.69 
41.13 0.28 0.17 -0.16 -0.16 0.40 0.42 1.31 -0.09 -0.11 80.67 80.26 88.71 
41.23 0.51 0.36 -0.20 -0.17 0.49 0.48 0.95 -0.14 0.01 80.11 69.28 90.12 
41.33 0.54 0.45 -0.22 -0.21 0.40 0.43 0.36 -0.08 0.02 78.01 64.45 90.22 
41.44 0.68 0.54 -0.32 -0.26 0.40 0.41 -0.13 0.11 0.01 75.73 60.54 90.10 
41.54 0.48 0.54 -0.24 -0.27 0.32 0.31 -1.34 0.12 -0.15 74.33 58.33 88.25 
41.64 -0.01 0.27 -0.24 -0.17 0.36 0.43 -2.57 0.65 -0.14 80.02 74.57 88.27 
41.75 -0.11 0.03 -0.01 -0.12 0.21 0.13 -2.66 0.98 -0.65 81.80 86.59 82.17 
41.85 -0.22 -0.17 0.14 0.05 0.03 -0.36 -1.89 1.08 -0.39 91.66 99.27 84.68 
41.95 -0.33 -0.28 0.17 0.13 0.35 0.27 -0.96 0.51 -0.03 97.54 106.19 89.59 
42.05 -0.41 -0.37 0.11 0.13 -0.44 -0.40 -0.35 -0.01 0.01 97.89 110.47 90.13 
42.16 -0.45 -0.45 0.14 0.13 -0.19 -0.20 -0.35 0.13 -0.13 97.47 115.42 88.70 
42.26 -0.47 -0.48 0.17 0.14 -0.40 -0.44 -0.40 0.39 -0.13 98.04 117.44 88.41 
42.37 -0.56 -0.52 0.17 0.17 -0.81 -0.47 -0.18 0.28 0.00 99.68 119.32 89.78 
42.47 -0.52 -0.55 0.22 0.20 -0.46 -0.46 -0.04 0.21 0.08 101.58 121.57 91.00 
42.57 -0.57 -0.56 0.24 0.23 -0.48 -0.49 -0.03 0.00 -0.01 103.03 122.23 89.83 
42.68 -0.63 -0.60 0.20 0.21 -0.39 -0.39 -0.18 0.08 -0.08 102.31 124.36 89.15 
42.78 -0.66 -0.64 0.20 0.21 -0.50 -0.50 -0.36 0.30 -0.15 101.92 126.88 88.16 
42.88 -0.69 -0.69 0.20 0.21 -0.60 -0.53 -0.57 0.18 -0.33 102.32 129.27 86.29 
42.98 -0.79 -0.76 0.17 0.22 -0.37 -0.33 -0.73 0.07 -0.51 103.31 133.24 83.92 
43.09 -0.77 -0.82 0.25 0.27 0.15 0.16 -0.59 0.18 -0.40 105.85 137.24 84.85 
43.19 -0.79 -0.79 0.22 0.23 -0.46 -0.42 -0.27 0.04 -0.17 103.58 135.47 87.87 
43.29 -0.88 -0.84 0.19 0.21 -0.57 -0.57 -0.08 -0.00 -0.06 101.99 138.02 89.31 
43.40 -0.86 -0.86 0.17 0.19 -0.65 -0.57 -0.05 -0.03 -0.06 101.02 139.37 89.26 
43.50 -0.85 -0.86 0.18 0.18 -0.65 -0.64 0.03 -0.04 -0.00 100.31 139.67 89.89 
43.60 -0.94 -0.89 0.17 0.16 -0.70 -0.77 0.05 -0.05 0.01 99.30 140.91 90.06 
43.70 -0.84 -0.88 0.17 0.16 -0.68 -0.67 -0.00 0.04 -0.05 99.11 140.28 89.42 
43.81 -0.71 -0.81 0.15 0.15 -1.32 -1.18 0.41 -0.21 -0.02 98.54 137.07 89.76 
43.91 -0.62 -0.70 0.18 0.17 -2.52 -2.36 1.30 -1.03 0.16 99.59 130.62 91.69 
44.01 -0.73 -0.67 0.11 0.13 0.26 0.31 2.11 -1.30 0.21 97.31 128.45 92.55 
44.12 -0.46 -0.60 0.12 0.05 0.12 0.04 1.80 -0.10 0.21 92.43 125.74 92.27 
44.22 -0.30 -0.38 0.00 0.03 0.15 0.16 1.81 -0.42 0.22 91.65 112.91 92.37 
44.32 -0.27 -0.25 0.01 -0.02 0.03 0.02 1.21 -0.13 0.18 88.90 104.14 92.30 
44.43 -0.07 -0.12 -0.02 -0.04 0.06 0.04 0.65 -0.14 0.08 87.49 97.55 91.00 
44.53 -0.01 -0.03 -0.09 -0.06 0.06 0.08 0.80 -0.09 0.11 86.72 92.16 91.30 
44.63 0.07 0.02 -0.07 -0.09 -0.11 -0.04 0.15 0.32 0.00 84.84 89.04 90.02 
44.73 0.05 0.05 -0.07 -0.07 -0.03 -0.03 -0.35 0.07 -0.27 86.12 87.41 87.00 
44.84 0.07 0.04 -0.02 -0.01 0.05 0.06 0.00 -0.02 -0.08 89.48 87.83 88.94 
44.94 0.09 0.07 0.00 0.00 0.16 0.16 0.35 0.05 -0.02 90.13 86.07 89.74 
45.04 0.16 0.10 0.01 -0.01 0.05 0.04 1.05 -0.25 -0.03 89.19 84.81 89.59 
45.15 0.23 0.18 -0.02 -0.01 0.12 0.14 1.02 -0.06 0.06 89.55 80.29 90.80 
45.25 0.33 0.26 -0.06 -0.01 0.34 0.35 0.67 -1.69 0.15 89.45 75.11 91.81 
45.35 0.27 0.35 -0.43 -0.21 0.56 0.32 -0.43 -1.88 0.18 80.42 68.95 92.33 
45.45 0.23 0.34 -0.38 -0.35 0.53 0.58 -0.92 -1.54 0.21 70.16 70.53 92.50 
45.55 0.13 0.22 -0.56 -0.49 0.70 0.75 -0.66 -1.38 0.28 62.81 76.52 93.51 
45.66 0.18 0.18 -0.72 -0.62 0.59 0.64 -0.32 -1.54 0.24 55.53 79.98 92.92 
45.76 -0.04 0.17 -0.94 -0.86 0.55 0.64 -0.13 -1.03 0.19 41.26 77.94 92.36 
45.86 0.05 0.10 -1.15 -1.01 0.33 0.24 0.08 -0.60 0.14 33.78 83.63 91.76 
45.97 0.40 0.20 -1.18 -1.12 -0.32 -0.23 0.07 0.34 0.02 26.49 80.69 90.28 
46.07 0.14 0.15 -1.08 -1.08 -0.33 -0.33 0.20 0.78 -0.05 28.17 81.68 89.36 
46.17 -0.04 0.11 -0.73 -0.89 0.38 0.28 0.27 1.04 -0.10 37.63 82.23 88.73 
46.28 0.15 0.17 -0.78 -0.86 -0.19 -0.26 0.14 1.65 -0.15 39.95 80.18 88.35 
46.38 0.06 0.18 -0.58 -0.72 -0.15 -0.29 -0.12 2.88 -0.42 48.67 79.58 85.00 
46.48 0.89 0.33 0.09 -0.27 0.61 -0.37 -0.41 2.48 -0.53 71.18 76.66 83.15 
46.59 0.19 0.16 0.16 -0.03 -0.38 -0.53 -0.15 0.90 -0.15 86.24 81.08 88.02 
46.69 0.14 0.14 0.17 0.08 -0.13 -0.24 -0.19 0.80 -0.00 93.51 81.74 89.65 
46.79 0.00 0.11 0.07 0.14 -0.49 -0.48 -0.21 0.86 -0.10 97.86 83.58 88.79 
46.90 0.06 0.06 0.28 0.20 -0.73 -0.48 -0.11 0.76 -0.32 100.87 86.48 86.16 
47.00 0.12 0.06 0.32 0.27 -0.60 -0.61 -0.03 0.54 -0.10 105.72 86.64 88.86 
47.11 0.01 0.06 0.35 0.32 -0.62 -0.65 0.22 0.63 0.06 108.27 86.37 90.75 
47.21 0.04 0.04 0.51 0.41 -0.50 -0.56 -0.15 1.11 0.13 112.66 87.97 91.38 
47.31 0.15 0.04 0.58 0.50 -0.80 -0.80 -0.11 0.77 0.32 117.96 88.63 93.55 
47.41 0.10 0.03 0.66 0.56 -0.71 -0.74 0.04 1.06 0.44 122.35 88.11 95.23 
47.52 0.21 0.15 0.79 0.70 -0.79 -0.82 -0.09 0.83 0.41 130.36 81.29 94.92 
47.62 0.17 0.22 0.87 0.82 -0.77 -0.67 -0.33 0.68 -0.06 136.79 77.36 89.25 
47.72 -0.01 0.12 0.67 0.77 -0.94 -0.93 -0.23 -0.14 -0.68 134.96 81.55 82.46 
47.82 -0.18 -0.01 0.85 0.81 -0.93 -1.00 -0.14 -0.99 -0.87 136.23 88.75 79.46 
47.92 0.01 0.01 0.80 0.79 -1.03 -1.03 -0.20 -1.73 -0.76 135.47 89.59 80.93 
48.03 -0.17 -0.13 0.43 0.55 -0.65 -0.49 -0.33 -1.87 -0.69 123.02 97.06 82.00 
48.13 -0.12 -0.12 0.34 0.45 1.30 0.07 0.05 -2.23 -0.40 116.94 97.14 85.02 
48.23 -0.20 -0.18 0.13 0.18 0.19 0.31 0.00 -1.44 -0.27 100.33 100.05 86.81 
48.34 -0.24 -0.17 -0.04 0.02 0.54 0.66 0.15 -1.37 0.05 91.59 98.97 90.72 
48.44 -0.09 -0.19 -0.23 -0.10 0.43 0.50 0.62 -2.11 -0.07 85.72 101.59 89.40 
48.54 -0.19 -0.16 -0.51 -0.36 0.36 0.46 0.83 -1.20 0.33 70.83 98.72 93.53 
48.65 -0.03 -0.04 -0.69 -0.57 0.14 -0.11 0.88 -0.59 0.42 58.82 92.08 94.77 
48.75 -0.04 -0.03 -0.52 -0.56 0.25 0.23 0.65 -0.48 0.26 57.79 91.66 93.23 
48.85 -0.02 -0.02 -0.66 -0.62 0.38 0.27 0.54 -0.32 0.13 54.64 91.28 91.54 
48.96 0.24 0.04 -0.98 -0.83 -0.53 -0.39 0.32 1.26 0.07 42.65 87.67 90.80 
49.06 0.01 0.02 -0.19 -0.53 -0.34 -0.51 -0.30 2.84 -0.05 56.22 88.62 89.39 
49.16 0.17 0.10 0.10 -0.19 0.56 0.24 0.16 1.63 0.02 76.16 84.60 89.93 
49.27 0.31 0.08 0.40 0.07 0.35 0.08 0.33 1.90 0.44 90.60 87.96 94.79 
49.37 -0.01 0.06 0.27 0.21 0.05 0.28 0.27 1.08 0.74 102.31 86.80 98.93 
49.47 -0.10 0.08 0.48 0.40 0.41 0.42 -0.17 0.63 1.11 111.98 83.48 102.47 
49.57 0.10 0.12 0.46 0.47 0.46 0.47 -0.25 1.61 1.28 116.91 82.71 105.48 
49.67 0.15 0.14 0.67 0.53 0.50 0.44 -0.29 0.69 0.87 120.26 82.04 100.43 
49.78 0.08 0.18 0.52 0.54 0.60 0.65 -0.51 0.24 0.47 120.98 78.67 95.89 
49.88 0.15 0.16 0.56 0.54 0.63 0.66 -0.20 0.66 0.38 120.58 80.42 94.28 
49.98 0.20 0.20 0.64 0.59 0.82 0.80 -0.50 0.10 0.35 123.91 78.78 94.18 
50.09 0.03 0.14 0.56 0.59 0.74 0.81 -0.56 0.61 -0.04 124.15 81.21 89.76 
50.19 0.00 0.02 0.73 0.71 0.64 0.64 -0.53 1.25 -0.09 130.76 88.62 89.48 
50.29 0.04 0.02 1.01 0.84 0.80 0.71 -0.39 0.82 -0.19 136.23 89.40 88.07 
50.39 0.06 0.02 0.92 0.90 0.93 0.90 -0.09 0.09 -0.18 141.50 88.73 87.82 
50.50 -0.01 0.00 0.96 0.88 0.97 0.94 0.05 -1.51 0.06 139.35 89.66 90.46 
50.60 -0.01 -0.01 0.68 0.78 1.06 1.08 0.17 -1.88 0.24 135.78 90.34 92.51 
50.71 0.04 0.01 0.52 0.65 0.87 0.90 0.21 -2.14 0.38 128.39 89.79 94.56 
50.81 -0.09 -0.04 0.16 0.38 0.99 1.04 0.20 -1.52 0.21 113.65 91.68 92.94 
50.91 0.05 0.03 0.11 0.24 1.16 1.13 0.02 -1.48 -0.02 105.34 88.35 90.16 
51.02 0.07 0.02 0.01 0.07 1.10 1.09 -0.02 -1.68 -0.14 94.74 89.52 88.46 
51.12 0.11 0.06 -0.23 -0.09 1.23 1.19 0.11 -0.77 -0.09 86.61 87.34 88.91 
51.22 0.04 0.05 -0.66 -0.28 1.08 1.14 -0.03 -0.01 -0.08 77.79 87.09 89.12 
51.33 0.08 0.04 -0.05 -0.18 1.09 1.05 -0.11 0.62 -0.16 78.53 87.90 87.97 
51.43 -0.01 0.03 0.16 0.03 1.15 1.21 -0.05 0.72 0.46 90.26 87.93 93.92 
51.54 0.08 0.06 -0.02 0.00 1.33 1.33 0.14 -0.12 1.40 90.49 86.84 106.33 
51.64 0.00 0.01 -0.59 -0.39 0.79 0.84 0.29 -0.19 -0.25 67.88 89.70 86.96 
51.74 0.27 0.18 0.45 -0.16 1.32 1.16 0.00 0.10 -3.11 74.90 80.84 53.10 
51.84 -0.27 -0.04 0.30 0.17 0.91 0.94 -0.45 -0.39 0.34 98.72 89.95 89.83 
51.97 0.05 -0.03 -0.29 0.10 1.02 0.92 0.13 0.45 -0.56 96.01 91.49 83.27 
52.11 -0.07 -0.03 0.21 0.12 0.94 1.01 -0.27 -0.24 -0.18 96.88 91.88 87.87 
52.24 0.02 -0.02 0.08 0.11 1.00 0.95 0.16 0.07 0.77 96.54 91.40 99.23 
52.38 0.01 -0.02 -0.44 0.03 1.03 1.01 0.07 -0.25 0.34 91.80 91.12 94.05 
52.49 0.13 0.00 -0.03 0.02 1.06 1.04 0.02 -0.01 -1.08 91.30 89.81 77.08 
52.59 0.03 0.02 0.02 -0.01 0.96 0.95 -0.37 -0.78 -1.33 89.39 88.96 73.91 
52.69 -0.10 -0.01 -0.06 -0.05 0.95 0.98 -0.86 -1.33 -1.08 87.10 90.83 77.09 
52.80 -0.19 -0.07 -0.24 -0.18 1.13 0.93 -0.94 -1.59 -0.75 80.01 93.13 80.81 
52.90 -0.15 -0.12 -0.47 -0.33 1.00 1.04 -0.84 -1.48 -0.80 72.70 96.70 80.67 
53.00 0.01 -0.13 -0.77 -0.60 0.83 0.85 -1.00 -0.74 -0.74 57.56 98.90 81.15 
53.11 -0.22 -0.21 -0.69 -0.62 0.63 0.67 -0.93 -0.65 -0.73 55.32 101.85 81.23 
53.21 -0.41 -0.29 -0.72 -0.68 0.61 0.67 -0.92 -0.69 -0.50 51.74 105.23 83.74 
53.31 -0.36 -0.32 -0.81 -0.72 1.10 0.91 -0.84 -1.00 -0.38 48.55 108.19 85.43 
53.42 -0.42 -0.38 -0.99 -0.80 0.92 1.01 -0.49 -0.94 -0.22 45.96 111.19 87.13 
53.52 -0.47 -0.47 -1.06 -0.96 0.43 0.54 -0.26 -0.35 0.04 35.97 116.99 89.74 
53.62 -0.80 -0.63 -1.10 -1.06 -0.16 -0.16 0.11 -0.00 0.12 29.30 125.81 91.42 
53.73 -0.59 -0.59 -1.01 -1.01 -0.02 -0.01 0.21 0.22 0.16 32.02 123.67 92.05 
53.83 -0.46 -0.56 -0.97 -0.97 0.05 0.13 -0.01 0.05 0.21 34.24 122.82 92.47 
53.93 -0.58 -0.56 -0.91 -0.95 0.28 0.23 0.00 -0.00 0.08 35.33 121.60 91.18 
54.03 -0.53 -0.58 -0.86 -0.93 0.31 0.25 0.04 0.09 0.14 36.51 123.36 91.66 
54.14 -0.61 -0.60 -0.98 -0.94 0.25 0.29 0.03 -0.04 0.02 36.56 124.09 90.28 
54.24 -0.65 -0.63 -0.96 -0.97 0.04 0.04 -0.00 -0.00 0.03 34.53 125.93 90.34 
54.34 -0.51 -0.61 -0.91 -0.97 0.08 0.03 0.04 0.06 0.01 34.06 126.16 90.05 
54.44 -0.62 -0.63 -0.92 -0.94 0.17 0.14 0.10 0.09 -0.00 36.01 125.90 89.95 
54.55 -0.55 -0.59 -0.92 -0.93 0.20 0.22 0.15 0.13 -0.00 36.52 124.30 89.98 
54.65 -0.58 -0.58 -0.94 -0.93 0.17 0.18 0.16 0.11 0.08 36.79 122.94 90.80 
54.75 -0.59 -0.57 -1.04 -0.95 -0.15 -0.06 0.09 0.06 0.05 35.30 122.52 90.59 
54.86 -0.53 -0.57 -0.91 -0.93 0.07 0.06 -0.03 -0.04 -0.01 36.68 122.86 89.87 
54.96 -0.60 -0.56 -0.89 -0.90 0.32 0.32 0.02 0.00 0.02 38.66 122.08 90.25 
55.06 -0.53 -0.57 -0.90 -0.91 0.26 0.25 0.03 0.10 0.03 37.75 122.78 90.33 
55.16 -0.56 -0.56 -0.93 -0.91 0.20 0.21 0.01 0.00 -0.00 37.79 122.31 89.91 
55.27 -0.56 -0.56 -0.89 -0.90 0.26 0.25 0.05 0.03 0.03 38.19 121.81 90.27 
55.37 -0.58 -0.57 -0.90 -0.91 0.19 0.19 0.03 0.01 0.03 37.74 122.63 90.37 
55.47 -0.56 -0.57 -0.90 -0.91 0.18 0.17 0.02 0.00 -0.04 37.72 122.78 89.73 
55.58 -0.54 -0.57 -0.92 -0.91 0.18 0.19 0.30 0.32 -0.00 38.13 122.71 89.83 
55.68 -0.46 -0.52 -0.85 -0.89 -0.04 -0.07 0.65 1.18 0.08 38.67 120.53 90.83 
55.79 -0.29 -0.40 -0.91 -0.77 -0.17 -0.07 0.84 1.23 0.13 47.24 114.31 91.63 
55.89 -0.21 -0.30 -0.67 -0.62 0.11 0.15 0.91 1.07 0.06 54.48 106.93 90.74 
55.99 -0.09 -0.18 -0.40 -0.52 0.21 0.11 0.58 0.22 -0.11 58.97 101.14 88.82 
56.09 -0.05 -0.10 -0.48 -0.54 -0.02 -0.06 0.13 0.03 -0.22 59.19 95.81 87.41 
56.19 0.00 -0.04 -0.56 -0.52 0.26 0.29 -0.21 -0.34 -0.21 60.03 92.15 87.46 
56.29 -0.11 -0.08 -0.55 -0.52 0.42 0.34 -0.33 -0.34 -0.11 60.68 93.98 88.62 
56.40 -0.15 -0.13 -0.57 -0.52 0.39 0.43 -0.17 -0.38 -0.04 60.44 97.05 89.32 
56.50 -0.17 -0.14 -0.59 -0.57 0.30 0.32 -0.07 -0.36 -0.06 57.86 97.62 89.27 
56.61 -0.15 -0.17 -0.66 -0.62 0.16 0.19 -0.44 -0.81 -0.33 54.96 100.25 86.61 
56.71 -0.25 -0.20 -0.77 -0.74 -0.02 0.00 -0.71 -0.73 -0.48 47.52 101.73 84.22 
56.81 -0.18 -0.21 -0.75 -0.73 0.29 0.31 -0.32 -0.56 -0.19 48.28 102.34 87.39 
56.91 -0.17 -0.20 -0.99 -0.86 -0.22 -0.06 0.19 0.46 0.20 41.88 101.45 91.97 
57.01 -0.24 -0.21 -0.84 -0.83 -0.52 -0.22 0.48 1.18 0.47 42.52 101.77 95.62 
57.12 -0.12 -0.15 -0.30 -0.61 0.23 -0.22 0.58 2.01 0.96 52.09 98.67 100.91 
57.22 0.02 -0.08 -0.25 -0.32 0.38 0.24 0.63 2.30 1.45 70.77 95.62 107.27 
57.32 0.11 -0.06 -0.15 -0.16 0.52 0.41 0.87 1.98 1.31 81.05 93.62 105.75 
57.43 -0.12 -0.05 0.25 0.06 0.15 0.03 0.55 0.92 0.99 91.42 92.23 102.28 
57.53 0.01 -0.03 0.11 0.09 -0.04 0.01 0.22 -0.05 0.38 95.28 91.87 94.60 
57.63 0.10 0.06 0.07 0.09 0.13 0.13 -0.05 -0.61 -0.22 95.12 87.20 88.00 
57.74 0.00 0.03 0.15 0.10 0.33 0.30 0.10 0.57 -0.40 95.41 88.27 84.57 
57.84 0.07 0.05 0.12 0.09 -0.01 -0.04 0.32 0.70 -0.26 94.67 87.59 86.71 
57.94 0.04 0.06 0.18 0.15 -0.18 -0.20 0.25 0.17 -0.03 98.82 86.66 89.66 
58.04 -0.03 0.04 0.16 0.22 -0.10 -0.01 -0.14 -0.55 -0.04 103.17 87.30 89.53 
58.15 -0.09 -0.02 0.18 0.17 -0.13 -0.14 -0.17 -0.13 -0.25 99.71 90.47 87.17 
58.25 0.03 0.03 0.30 0.23 0.10 0.05 -0.17 -0.01 -0.11 102.52 88.09 87.80 
58.36 0.15 0.06 0.09 0.11 -0.68 -0.62 -0.03 0.37 0.10 96.63 87.64 91.55 
58.46 -0.06 0.04 0.37 0.22 -0.41 -0.58 0.01 0.51 0.17 102.39 87.53 92.00 
58.56 -0.03 -0.05 0.15 0.17 -0.55 -0.51 -0.41 -0.05 0.34 99.66 93.28 94.02 
58.66 -0.04 -0.01 0.11 0.17 -0.36 -0.31 0.20 0.19 0.46 100.45 90.48 95.22 
58.77 0.38 0.09 0.00 0.25 0.12 0.26 0.08 -0.31 0.26 106.94 88.12 93.28 
58.87 0.04 -0.03 0.18 0.18 -0.27 -0.26 0.09 -0.06 0.08 100.46 91.75 90.96 
58.97 -0.02 -0.07 0.19 0.19 -0.17 -0.17 0.10 -0.01 0.00 100.87 94.70 90.09 
59.08 0.03 -0.01 0.16 0.17 -0.25 -0.23 0.15 -0.06 0.00 99.79 90.71 89.97 
59.18 0.00 -0.02 0.21 0.18 -0.12 -0.14 0.29 0.06 -0.01 100.03 90.90 89.93 
59.28 0.05 0.05 0.13 0.15 -0.25 -0.24 0.08 -0.14 -0.15 98.90 87.00 88.59 
59.39 0.08 0.07 0.13 0.14 -0.27 -0.26 0.17 -0.12 -0.29 98.13 86.15 86.50 
59.49 0.10 0.06 0.12 0.14 -0.29 -0.27 0.07 -0.01 -0.09 97.94 86.43 88.87 
59.59 0.08 0.08 0.08 0.13 -0.30 -0.26 0.03 -0.07 -0.00 97.34 85.70 89.95 
59.69 0.29 0.17 0.16 0.14 -0.41 -0.37 0.05 -0.03 -0.00 98.17 81.75 89.85 
59.79 3.06 0.58 -2.82 -0.29 -2.31 -0.57 -0.14 -0.72 -0.06 99.04 81.58 89.30 
59.90 -0.02 0.02 0.05 -0.06 -0.71 -0.77 -0.40 0.01 0.01 85.07 88.38 90.22 
60.00 -0.05 -0.07 0.13 -0.03 -0.52 -0.53 -0.01 -0.01 0.01 88.46 94.01 90.09 
60.10 0.16 0.01 0.04 0.03 -0.44 -0.41 0.17 0.09 -0.01 91.90 90.79 90.03 
60.21 0.09 0.04 0.06 0.05 -0.38 -0.37 0.04 0.00 -0.01 92.79 88.14 89.92 
60.31 0.07 0.05 0.09 0.04 -0.48 -0.51 0.05 0.02 -0.00 92.10 87.16 89.96 
60.41 0.09 0.05 0.09 0.06 -0.29 -0.30 0.06 0.01 0.01 92.91 87.87 90.02 
60.52 0.00 0.05 0.04 0.06 -0.39 -0.38 -0.06 -0.06 0.01 93.75 86.69 90.00 
60.62 0.09 0.06 0.06 0.06 -0.45 -0.44 0.00 -0.02 0.00 93.19 87.12 90.05 
60.72 0.11 0.06 0.09 0.07 -0.32 -0.33 -0.01 -0.02 0.00 93.59 86.83 90.05 
60.83 0.06 0.06 0.06 0.07 -0.35 -0.34 -0.01 -0.02 0.00 93.79 86.87 90.06 
60.93 0.05 0.06 0.08 0.07 -0.30 -0.30 0.01 -0.01 0.00 94.16 86.46 90.05 
61.03 0.03 0.04 0.01 0.06 -0.38 -0.35 0.01 -0.01 0.00 93.35 87.43 90.05 
61.14 0.10 0.06 0.09 0.06 -0.37 -0.38 -0.00 -0.03 0.00 93.12 87.29 90.04 
61.24 0.04 0.05 0.04 0.05 -0.35 -0.35 0.04 0.01 0.00 93.23 86.90 90.07 
61.35 0.04 0.05 0.06 0.06 -0.34 -0.33 0.03 -0.00 0.00 93.64 87.13 90.05 
61.45 0.05 0.07 0.06 0.08 -0.30 -0.29 -0.01 -0.03 0.00 94.53 86.00 90.08 
61.56 0.05 0.06 0.06 0.07 -0.35 -0.35 0.02 -0.00 0.01 93.79 86.27 90.05 
61.66 0.02 0.06 0.04 0.06 -0.37 -0.36 0.02 -0.01 0.00 93.67 86.27 90.09 
61.76 0.05 0.05 0.07 0.06 -0.37 -0.37 0.05 0.01 0.00 93.66 86.95 90.04 
61.87 0.07 0.06 0.05 0.06 -0.39 -0.36 0.03 -0.00 0.00 93.79 86.78 90.03 
61.97 0.04 0.06 0.06 0.07 -0.38 -0.38 -0.02 -0.03 0.00 93.92 86.34 90.06 
62.07 0.06 0.06 0.08 0.07 -0.35 -0.36 0.03 -0.00 0.01 93.89 86.67 90.06 
62.18 0.06 0.08 0.09 0.06 -0.44 -0.46 -0.03 -0.03 0.01 93.25 85.51 90.06 
62.28 0.07 0.06 0.07 0.06 -0.41 -0.41 0.02 -0.00 0.01 93.62 86.50 90.01 
62.38 0.05 0.06 0.04 0.06 -0.45 -0.39 0.01 -0.01 0.01 93.56 86.20 90.09 
62.49 0.09 0.06 0.08 0.06 -0.39 -0.39 0.03 -0.00 0.01 93.61 86.93 90.08 
62.59 0.06 0.05 0.05 0.07 -0.31 -0.30 0.01 -0.02 0.01 94.08 87.43 90.08 
62.70 0.03 0.05 0.05 0.07 -0.36 -0.35 0.02 -0.03 0.08 94.15 86.79 90.67 
62.80 0.02 0.05 0.11 0.07 -0.36 -0.39 0.00 -0.01 0.00 93.69 86.64 90.06 
62.90 0.07 0.07 0.07 0.07 -0.32 -0.32 0.01 0.01 0.00 94.10 85.75 90.02 
63.00 0.06 0.07 0.10 0.07 -0.37 -0.39 0.04 0.03 0.00 93.53 86.07 90.05 
63.11 0.06 0.06 0.07 0.07 -0.32 -0.32 0.00 -0.02 0.01 94.04 86.44 90.06 
63.21 0.06 0.07 0.08 0.07 -0.36 -0.36 0.01 -0.02 0.01 93.97 86.13 90.06 
63.31 0.03 0.07 0.10 0.08 -0.36 -0.38 -0.03 -0.06 0.01 94.13 85.54 90.05 
63.42 0.13 0.07 0.03 0.07 -0.34 -0.30 0.01 -0.04 0.01 94.31 86.50 90.06 
63.52 0.08 0.07 0.05 0.07 -0.34 -0.32 0.05 0.01 0.00 94.07 85.79 90.04 
63.62 0.08 0.07 0.08 0.07 -0.34 -0.34 0.05 0.04 0.00 93.95 86.11 90.04 
63.73 0.05 0.06 0.05 0.07 -0.34 -0.33 0.01 -0.03 0.01 94.28 86.73 90.04 
63.83 0.07 0.07 0.03 0.07 -0.41 -0.38 0.00 -0.03 0.01 93.82 86.20 90.07 
63.93 0.07 0.06 0.08 0.07 -0.38 -0.39 0.02 0.01 0.00 93.94 86.43 90.04 
64.03 0.07 0.07 0.06 0.07 -0.40 -0.40 -0.01 -0.04 0.01 94.05 86.01 90.07 
64.14 0.65 0.16 0.08 0.08 -0.59 -0.38 0.02 -0.02 0.00 94.34 86.10 90.06 
64.24 0.08 0.04 0.10 0.17 0.11 0.15 0.01 -0.05 0.01 100.12 88.17 90.03 
64.34 0.07 0.06 0.09 0.10 -0.22 -0.21 0.02 0.01 0.00 95.95 86.88 90.08 
64.45 0.08 0.06 0.08 0.08 -0.31 -0.30 0.00 -0.01 0.00 94.74 86.68 90.04 
64.55 0.06 0.07 0.08 0.08 -0.35 -0.35 0.02 -0.00 0.01 94.39 86.23 90.06 
64.65 0.07 0.07 0.06 0.07 -0.38 -0.37 0.01 -0.02 0.01 94.20 86.20 90.06 
64.75 0.06 0.06 0.07 0.07 -0.33 -0.33 0.02 -0.01 0.00 94.22 86.32 90.07 
64.86 0.07 0.07 0.08 0.08 -0.33 -0.34 0.02 -0.01 0.00 94.35 86.24 90.07 
64.96 0.06 0.06 0.07 0.07 -0.32 -0.33 0.01 -0.01 0.00 94.16 86.30 90.06 
65.06 0.09 0.07 0.04 0.07 -0.39 -0.37 0.01 -0.01 0.00 94.13 86.31 90.05 
65.17 0.06 0.07 0.04 0.07 -0.36 -0.34 0.02 0.00 0.00 94.24 85.82 90.01 
65.27 0.04 0.07 0.08 0.07 -0.33 -0.34 0.01 -0.01 0.00 94.17 85.98 90.08 
65.37 0.06 0.07 0.08 0.07 -0.32 -0.35 0.01 -0.01 0.01 94.19 86.20 90.06 
65.47 0.08 0.07 0.08 0.08 -0.34 -0.34 0.01 -0.01 0.01 94.33 86.06 90.05 
65.57 0.08 0.07 0.03 0.07 -0.33 -0.30 0.03 -0.01 0.03 94.14 86.37 90.47 
65.68 0.06 0.06 0.07 0.07 -0.34 -0.34 0.02 0.00 0.01 94.04 86.27 90.12 
65.78 0.05 0.06 0.08 0.07 -0.35 -0.35 0.01 -0.01 0.00 93.98 86.37 90.06 
65.88 0.08 0.07 0.10 0.08 -0.29 -0.30 0.01 -0.01 0.01 94.31 86.40 90.05 
65.99 0.06 0.07 0.07 0.07 -0.33 -0.33 0.02 -0.02 0.00 94.19 86.14 90.08 
66.09 0.06 0.06 0.07 0.07 -0.30 -0.35 0.02 -0.01 0.00 94.18 86.32 90.05 
66.19 0.09 0.07 0.06 0.07 -0.35 -0.33 0.01 -0.00 0.00 94.11 86.22 90.02 
66.30 0.07 0.07 0.09 0.07 -0.35 -0.36 0.02 -0.00 0.01 94.12 86.11 90.05 
66.40 0.06 0.07 0.07 0.07 -0.34 -0.33 0.01 -0.01 0.00 94.25 86.10 90.05 
66.50 0.06 0.06 0.06 0.07 -0.35 -0.34 0.01 -0.01 0.01 94.08 86.38 90.05 
66.61 0.08 0.06 0.06 0.08 -0.34 -0.32 -0.00 -0.05 0.01 94.54 86.43 90.01 
66.71 0.07 0.06 0.08 0.07 -0.34 -0.34 0.01 -0.01 0.01 94.17 86.44 90.06 
66.82 0.07 0.06 0.07 0.07 -0.32 -0.32 0.02 -0.00 0.00 94.21 86.30 90.03 
66.92 0.07 0.07 0.07 0.07 -1.62 -0.52 0.01 -0.01 0.00 94.31 86.28 90.07 
67.02 0.07 0.06 0.08 0.07 -0.32 -0.32 0.01 -0.01 0.01 94.23 86.38 90.08 
67.12 0.07 0.06 0.07 0.07 -0.31 -1.42 0.01 -0.01 0.00 94.25 86.31 90.05 
67.23 0.06 0.06 0.08 0.07 -0.31 -0.31 0.02 -0.01 0.00 94.24 86.34 90.07 
67.33 0.07 0.06 0.08 0.07 -0.32 -0.32 0.01 -0.02 0.01 94.27 86.31 90.04 
67.44 0.06 0.07 0.06 0.06 -0.40 -0.40 -0.02 -0.06 0.01 93.54 86.13 90.06 
67.54 0.06 0.06 0.08 0.07 -0.36 -0.37 0.02 -0.01 0.00 94.03 86.31 90.03 
67.64 0.06 0.07 0.08 0.08 -0.33 -0.34 0.01 -0.01 0.01 94.29 86.12 90.07 
67.74 0.06 0.06 0.07 0.07 -0.34 -0.34 0.01 -0.01 0.00 94.13 86.40 90.05 
67.85 0.06 0.06 0.07 0.07 -0.31 -0.31 0.02 -0.01 0.00 94.12 86.28 90.03 
67.95 0.07 0.06 0.07 0.07 -0.33 -0.33 0.01 -0.01 0.00 94.20 86.29 90.03 
68.05 0.06 0.06 0.08 0.07 -0.33 -0.33 0.02 -0.01 0.01 94.12 86.33 90.08 
68.16 0.07 0.07 0.06 0.07 -0.33 -0.36 0.01 -0.01 0.01 94.21 86.01 90.03 
68.26 0.07 0.07 0.07 0.07 -0.35 -0.35 0.01 -0.01 0.00 94.15 86.27 90.01 
68.36 0.06 0.06 0.07 0.07 -0.33 -0.33 0.02 -0.01 0.01 94.12 86.36 90.10 
68.46 0.07 0.06 0.08 0.07 -0.35 -0.35 0.01 -0.01 0.00 94.27 86.39 90.05 
68.57 0.07 0.06 0.07 0.07 -0.31 -0.31 0.01 -0.02 0.00 94.23 86.39 90.06 
68.67 0.07 0.07 0.08 0.08 -0.32 -0.34 0.01 -0.02 0.00 94.31 86.20 90.05 
68.77 0.09 0.07 0.08 0.08 -0.33 -0.33 0.02 -0.01 0.00 94.29 86.43 90.05 
68.88 0.06 0.06 0.07 0.07 -0.33 -0.33 0.01 -0.01 0.00 94.15 86.38 90.07 
68.98 0.06 0.06 0.07 0.07 -0.33 -0.33 0.02 -0.01 0.01 94.18 86.37 90.06 
69.08 0.07 0.07 0.08 0.08 -0.31 -0.31 0.01 -0.03 0.00 94.34 86.30 90.05 
69.19 0.07 0.06 0.08 0.07 -1.62 -0.52 0.03 0.04 0.00 94.18 86.40 90.01 
69.29 0.07 0.06 0.07 0.07 -0.35 -0.35 0.01 -0.02 0.00 94.30 86.35 90.05 
69.39 0.06 0.06 0.08 0.07 -0.30 -1.42 0.02 -0.01 0.00 94.24 86.36 90.04 
69.50 0.05 0.06 0.06 0.07 -0.35 -0.35 0.01 -0.02 0.00 94.06 86.34 90.03 
69.60 0.07 0.07 0.08 0.07 -0.32 -0.32 0.01 -0.02 0.00 94.23 86.17 90.01 
69.70 0.07 0.06 0.08 0.07 -0.35 -0.35 0.02 0.01 0.00 94.10 86.32 90.05 
69.81 0.07 0.07 0.08 0.07 -0.33 -0.33 0.02 -0.02 0.00 94.19 86.18 90.06 
69.91 0.06 0.06 0.08 0.07 -0.32 -0.32 0.01 -0.02 0.01 94.07 86.27 90.04 
70.01 0.06 0.06 0.07 0.07 -0.33 -0.33 0.01 -0.02 0.00 93.99 86.41 90.04 
70.12 0.06 0.07 0.07 0.07 -0.33 -0.34 0.02 0.00 0.00 93.83 86.07 90.04 
70.22 0.06 0.06 0.07 0.07 -0.32 -0.32 0.01 -0.01 0.00 93.91 86.20 90.05 
70.32 0.02 0.06 0.07 0.07 -0.34 -0.35 0.02 -0.02 0.00 94.07 85.97 90.04 
70.42 0.06 0.06 0.07 0.07 -0.34 -0.34 0.01 -0.01 0.01 94.01 86.30 90.07 
70.53 0.07 0.06 0.07 0.07 -0.34 -0.34 0.01 -0.01 0.00 94.09 86.35 90.05 
70.63 0.06 0.06 0.07 0.07 -0.32 -0.32 0.01 -0.01 0.01 94.04 86.29 90.06 
70.73 0.06 0.06 0.05 0.07 -0.32 -0.31 0.02 0.01 0.00 94.14 86.42 90.03 
70.84 0.06 0.06 0.07 0.07 -0.35 -0.34 0.02 -0.01 0.00 94.13 86.41 90.04 
70.94 0.07 0.07 0.07 0.07 -0.42 -0.38 0.01 -0.01 0.01 94.13 86.23 90.06 
71.04 0.07 0.07 0.08 0.07 -0.37 -0.37 0.01 -0.01 0.01 94.15 86.23 90.05 
71.15 0.07 0.06 0.07 0.07 -0.33 -0.33 0.02 -0.01 0.00 94.21 86.29 90.04 
71.25 0.07 0.06 0.07 0.07 -0.34 -0.34 0.01 -0.01 0.00 94.25 86.29 90.03 
71.35 0.06 0.06 0.07 0.07 -0.35 -0.35 0.01 -0.01 0.00 94.12 86.37 90.11 
71.46 0.06 0.06 0.08 0.08 -0.33 -0.33 0.02 -0.01 0.02 94.41 86.46 90.20 
71.56 0.06 0.06 0.07 0.07 -0.32 -0.32 0.02 -0.00 0.01 94.21 86.34 90.31 
71.66 0.06 0.06 0.08 0.07 -0.32 -0.32 0.02 -0.01 0.00 94.10 86.40 90.05 
71.77 0.06 0.07 0.07 0.07 -0.32 -0.31 0.00 -0.03 0.00 94.27 86.10 90.03 
71.87 0.07 0.07 0.08 0.07 -0.33 -0.34 0.00 -0.03 0.01 94.04 86.17 90.07 
71.97 0.06 0.06 0.06 0.07 -0.36 -0.35 0.03 0.01 0.00 93.98 86.38 90.02 
72.08 0.07 0.07 0.08 0.07 -0.35 -0.36 0.01 -0.01 0.00 94.02 86.18 90.07 
72.18 0.07 0.07 0.08 0.07 -0.36 -0.36 0.01 -0.01 0.01 94.13 86.20 90.05 
72.29 0.07 0.07 0.07 0.07 -0.37 -0.36 0.02 0.00 0.00 94.05 86.31 90.04 
72.39 0.07 0.07 0.08 0.07 -0.36 -0.37 0.01 -0.01 0.00 93.78 86.11 90.05 
72.49 0.07 0.07 0.08 0.07 -0.33 -0.34 0.02 -0.00 0.01 94.05 86.27 90.04 
72.59 0.07 0.07 0.07 0.08 -0.32 -0.31 0.02 -0.02 0.01 94.34 86.27 90.09 
72.70 0.07 0.06 0.07 0.07 -0.31 -0.31 0.01 -0.01 0.00 94.25 86.37 90.05 
72.80 0.06 0.06 0.08 0.07 -0.32 -0.32 0.02 -0.01 0.00 94.12 86.35 90.05 
72.90 0.06 0.06 0.05 0.07 -0.36 -0.35 0.02 -0.02 -0.01 93.87 86.48 90.00 
73.01 0.07 0.07 0.07 0.07 -0.33 -0.33 0.02 -0.00 0.00 94.20 86.21 90.02 
73.11 0.07 0.07 0.08 0.08 -0.29 -0.29 0.02 -0.00 0.03 94.48 86.07 90.26 
73.21 0.06 0.06 0.06 0.07 -0.34 -0.33 0.02 -0.01 0.02 94.09 86.46 90.27 
73.31 0.07 0.06 0.07 0.07 -0.30 -0.30 0.01 -0.01 0.02 94.04 86.37 90.30 
73.41 0.07 0.06 0.07 0.07 -0.32 -0.32 0.02 -0.00 0.04 94.20 86.42 90.43 
73.52 0.07 0.06 0.08 0.07 -0.30 -0.30 0.02 -0.01 0.01 94.17 86.41 90.08 
73.62 0.07 0.06 0.07 0.07 -0.30 -0.30 0.01 -0.02 0.01 94.08 86.28 90.06 
73.72 0.06 0.06 0.07 0.07 -0.32 -0.32 0.01 -0.01 0.02 94.00 86.35 90.33 
73.83 0.07 0.06 0.08 0.07 -0.30 -0.31 0.02 -0.00 0.00 94.01 86.35 90.06 
73.93 0.07 0.06 0.08 0.07 -0.30 -0.31 0.01 0.00 0.02 94.13 86.34 90.18 
74.04 0.06 0.06 0.07 0.07 -0.29 -0.29 0.01 -0.00 0.03 94.20 86.30 90.37 
74.14 0.07 0.07 0.06 0.07 -0.32 -0.31 0.01 -0.02 0.03 94.15 86.32 90.57 
74.25 0.07 0.07 0.10 0.08 -0.27 -0.25 0.03 -0.01 0.04 94.64 86.06 90.25 
74.35 0.08 0.07 0.08 0.07 -0.27 -0.27 -0.01 -0.05 -0.01 94.23 86.39 89.85 
74.45 0.09 0.07 0.04 0.08 -0.25 -0.22 0.01 -0.01 0.02 95.24 86.19 90.33 
74.56 -0.08 0.09 0.00 0.08 -0.24 -0.18 -0.01 0.00 0.20 95.72 83.37 92.40 
74.66 0.07 0.05 0.07 0.07 -0.25 -0.25 0.01 0.00 0.00 94.03 87.47 90.08 
74.76 0.06 0.06 0.07 0.07 -0.26 -0.26 0.01 -0.01 0.00 94.17 86.73 90.05 
74.89 0.06 0.06 0.07 0.07 -0.27 -0.27 0.01 -0.01 0.00 94.12 86.68 90.04 
75.02 0.07 0.06 0.07 0.07 -0.29 -0.28 0.01 -0.02 0.00 94.14 86.58 90.06 
75.16 0.06 0.06 0.05 0.07 -0.28 -0.29 0.01 -0.01 0.11 93.97 86.54 91.36 
75.30 0.07 0.06 0.10 0.07 -0.23 -0.28 0.01 -0.01 0.03 94.26 86.49 90.39 
75.40 0.07 0.06 0.07 0.07 -0.24 -0.23 0.01 -0.01 0.00 94.25 86.46 90.05 
75.51 0.07 0.07 0.07 0.07 -0.23 -0.23 0.01 -0.01 0.01 94.11 86.23 90.04 
75.61 0.06 0.07 0.07 0.07 -0.23 -0.24 0.02 -0.01 0.00 94.14 86.27 90.05 
75.71 0.06 0.06 0.07 0.07 -0.23 -0.23 0.01 -0.01 0.00 94.10 86.24 90.05 
75.81 0.07 0.07 0.07 0.08 -0.21 -0.21 0.01 -0.02 0.01 94.46 86.03 90.04 
75.91 0.06 0.06 0.07 0.07 -0.23 -0.23 0.02 -0.02 0.01 94.26 86.25 90.04 
76.01 0.05 0.06 0.05 0.07 -0.26 -0.25 0.01 -0.01 0.01 94.18 86.33 90.06 
76.12 0.07 0.07 0.06 0.07 -0.21 -0.20 0.02 -0.00 0.00 94.39 86.20 90.03 
76.22 0.07 0.06 0.08 0.07 -0.23 -0.23 0.02 -0.01 0.00 94.08 86.35 90.04 
76.32 0.06 0.06 0.06 0.07 -0.26 -0.25 -0.00 -0.06 0.01 94.21 86.44 90.08 
76.43 0.06 0.06 0.07 0.07 -0.23 -0.23 0.02 -0.01 0.00 94.27 86.51 90.03 
76.53 0.05 0.07 0.08 0.08 -0.23 -0.23 0.01 -0.01 0.02 94.29 86.07 90.21 
76.63 0.05 0.06 0.07 0.07 -0.22 -0.22 0.01 -0.01 0.03 94.15 86.37 90.39 
76.73 0.07 0.06 0.08 0.07 -0.23 -0.23 0.02 -0.02 0.01 94.00 86.96 90.19 
76.84 0.07 0.06 0.07 0.08 -0.23 -0.21 0.02 -0.02 0.00 94.47 86.37 90.06 
76.94 0.07 0.07 0.07 0.07 -0.24 -0.24 0.02 -0.01 0.00 94.17 86.31 90.06 
77.04 0.06 0.06 0.08 0.07 -0.24 -0.24 0.02 -0.01 0.01 94.24 86.40 90.06 
77.15 0.06 0.06 0.07 0.07 -0.28 -0.27 0.01 -0.01 0.00 94.09 86.36 90.04 
77.25 0.02 0.06 0.08 0.07 -0.25 -0.26 0.02 0.00 -0.08 93.70 86.33 89.22 
77.35 0.07 0.06 0.08 0.07 -0.27 -0.28 0.01 -0.01 0.00 93.92 86.49 90.04 
77.46 0.05 0.06 0.10 0.07 -0.27 -0.30 0.02 -0.01 0.00 93.63 86.30 90.05 
77.56 0.06 0.06 0.07 0.07 -0.24 -0.24 0.02 -0.01 0.00 94.09 86.50 90.04 
77.66 0.06 0.06 0.07 0.07 -0.25 -0.24 0.02 -0.02 0.00 94.22 86.27 90.02 
77.77 0.07 0.07 0.07 0.07 -0.25 -0.25 0.02 -0.01 -0.00 94.26 86.23 89.94 
77.87 0.07 0.07 0.07 0.07 -0.30 -0.30 0.01 -0.02 -0.02 94.05 86.24 89.72 
77.97 0.07 0.06 0.07 0.07 -0.28 -0.28 0.02 -0.00 -0.00 93.75 86.31 89.91 
78.07 0.06 0.06 0.06 0.07 -0.30 -0.26 0.01 -0.02 -0.02 93.88 86.35 89.79 
78.18 0.06 0.06 0.07 0.07 -0.30 -0.31 0.02 -0.02 -0.05 93.72 86.34 89.39 
78.28 0.07 0.08 0.07 0.07 -0.26 -0.26 0.02 -0.01 -0.04 94.06 85.48 89.58 
78.38 0.07 0.07 0.09 0.08 -0.30 -0.30 0.02 0.00 0.00 94.28 86.16 90.07 
78.48 0.06 0.06 0.08 0.07 -0.28 -0.28 0.01 -0.01 0.00 94.25 86.32 90.05 
78.59 0.06 0.07 0.07 0.07 -0.30 -0.30 0.01 -0.02 0.00 94.25 86.20 90.07 
78.69 0.07 0.06 0.08 0.07 -0.30 -0.30 0.01 -0.01 0.00 94.24 86.33 90.05 
78.79 0.07 0.07 0.07 0.07 -0.30 -0.29 0.02 -0.01 0.00 94.19 86.26 90.03 
78.90 0.06 0.07 0.03 0.07 -0.33 -0.30 0.02 -0.01 0.01 94.31 86.15 90.08 
79.00 0.07 0.07 0.08 0.07 -0.31 -0.31 0.02 -0.00 0.00 94.06 86.28 90.06 
79.10 0.07 0.07 0.08 0.07 -0.31 -0.32 0.01 -0.01 0.00 94.13 86.18 90.05 
79.20 0.07 0.07 0.08 0.07 -0.31 -0.32 0.02 -0.01 0.01 94.25 85.83 90.16 
79.30 0.06 0.07 0.07 0.07 -0.35 -0.31 0.01 -0.00 0.00 94.07 86.13 90.06 
79.41 0.05 0.07 0.09 0.08 -0.32 -0.33 0.02 -0.00 0.01 94.19 86.11 90.10 
79.51 0.04 0.06 0.08 0.08 -0.27 -0.26 0.01 -0.02 0.05 94.89 86.41 90.57 
79.61 0.07 0.06 0.08 0.08 -0.30 -0.30 0.01 -0.01 0.01 94.37 86.43 90.08 
79.72 0.04 0.06 0.09 0.08 -0.28 -0.29 0.01 -0.01 0.00 94.19 86.19 90.04 
79.82 0.07 0.07 0.08 0.08 -0.23 -0.24 0.02 -0.01 0.01 94.43 86.25 90.07 
79.92 0.06 0.06 0.07 0.07 -0.27 -0.27 0.01 -0.02 0.01 94.24 86.30 90.03 
80.03 0.07 0.06 0.08 0.07 -0.29 -0.30 0.01 -0.01 0.00 94.04 86.43 90.08 
80.13 0.07 0.07 0.08 0.07 -0.25 -0.25 0.02 -0.01 0.00 94.15 86.24 90.05 
80.23 0.07 0.07 0.08 0.07 -0.24 -0.25 0.02 -0.00 0.00 94.24 86.30 90.05 
80.34 0.05 0.06 0.07 0.07 -0.28 -0.27 0.02 -0.01 0.00 94.08 86.36 90.03 
80.44 0.07 0.07 0.07 0.08 -0.25 -0.24 0.02 0.00 0.00 94.38 86.24 90.07 
80.54 0.07 0.07 0.07 0.07 -0.27 -0.27 0.01 -0.01 0.00 94.15 86.24 90.06 
80.65 0.07 0.07 0.08 0.07 -0.28 -0.28 0.02 -0.01 0.01 94.16 86.12 90.06 
80.75 0.06 0.06 0.07 0.07 -0.23 -0.22 0.01 -0.02 0.00 94.18 86.34 90.06 
80.85 0.08 0.06 0.06 0.07 -0.27 -0.26 0.01 -0.01 0.01 94.11 86.46 90.05 
80.96 0.05 0.06 0.05 0.07 -0.30 -0.29 0.02 -0.01 0.00 94.05 86.45 90.04 
81.06 0.06 0.07 0.07 0.07 -0.29 -0.29 0.02 -0.02 0.01 94.19 86.10 90.05 
81.16 0.07 0.06 0.08 0.07 -0.28 -0.28 0.01 -0.01 0.00 94.24 86.30 90.05 
81.27 0.07 0.06 0.08 0.07 -0.29 -0.29 0.01 -0.01 0.00 94.14 86.45 90.05 
81.37 0.07 0.07 0.07 0.07 -0.27 -0.27 0.02 -0.01 0.00 94.18 86.25 90.02 
81.47 0.08 0.06 0.10 0.07 -0.28 -0.30 0.01 0.03 0.00 93.89 86.96 90.06 
81.57 0.06 0.06 0.07 0.07 -0.29 -0.26 0.02 -0.01 0.01 94.25 86.40 90.06 
81.68 0.06 0.07 0.07 0.07 -0.28 -0.28 0.01 -0.02 0.01 94.19 85.99 90.09 
81.78 0.07 0.07 0.07 0.07 -0.27 -0.27 0.02 -0.01 0.00 94.08 86.09 90.09 
81.88 0.07 0.07 0.07 0.07 -0.26 -0.26 0.01 -0.01 0.01 94.19 86.26 90.08 
81.98 0.09 0.07 0.06 0.07 -0.30 -0.29 0.02 -0.02 0.01 94.11 86.00 90.06 
82.09 0.08 0.06 0.08 0.08 -0.25 -0.25 0.01 -0.00 0.00 94.46 86.92 90.03 
82.19 0.06 0.06 0.08 0.08 -0.24 -0.24 0.01 -0.00 0.00 94.31 86.56 90.05 
82.29 0.05 0.06 0.08 0.07 -0.26 -0.26 0.01 -0.02 0.01 94.11 86.22 90.05 
82.39 0.06 0.06 0.08 0.08 -0.27 -0.27 0.02 -0.00 0.00 94.32 86.33 90.05 
82.50 0.06 0.06 0.07 0.07 -0.25 -0.24 0.01 -0.00 0.01 94.32 86.40 90.09 
82.60 0.07 0.06 0.08 0.07 -0.24 -0.24 0.02 -0.01 0.00 94.24 86.38 90.05 
82.70 0.07 0.07 0.08 0.08 -0.29 -0.29 0.01 -0.01 0.00 94.36 86.22 90.05 
82.80 0.08 0.06 0.07 0.08 -0.26 -0.27 0.01 -0.02 0.01 94.34 86.43 90.06 
82.91 0.05 0.06 0.06 0.07 -0.28 -0.27 0.00 -0.05 0.01 94.17 86.28 90.08 
83.01 0.07 0.07 0.07 0.07 -0.27 -0.26 0.02 -0.02 0.00 94.28 86.21 90.05 
83.11 0.05 0.06 0.05 0.06 -0.34 -0.33 0.01 -0.02 0.00 93.83 86.31 90.01 
83.22 0.07 0.06 0.07 0.07 -0.29 -0.29 0.02 -0.01 0.00 94.03 86.33 90.05 
83.32 0.07 0.06 0.08 0.07 -0.33 -0.30 0.02 -0.01 0.00 94.07 86.36 90.04 
83.43 0.06 0.07 0.07 0.07 -0.31 -0.31 0.02 -0.01 0.01 94.15 86.13 90.05 
83.53 0.06 0.06 0.06 0.07 -0.33 -0.33 0.01 -0.01 0.00 94.19 86.25 90.04 
83.63 0.07 0.07 0.07 0.07 -0.31 -0.31 0.02 -0.01 0.01 94.21 86.27 90.07 
83.73 0.06 0.06 0.07 0.07 -0.32 -0.32 0.02 -0.01 0.00 94.09 86.33 90.02 
83.83 0.06 0.06 0.08 0.08 -0.31 -0.32 0.01 -0.01 0.01 94.40 86.31 90.06 
83.94 0.07 0.06 0.07 0.07 -0.33 -0.33 0.01 -0.01 0.01 94.17 86.33 90.07 
84.04 0.01 0.05 0.06 0.07 -0.35 -0.34 0.01 -0.01 0.01 93.91 86.38 90.05 
84.14 0.07 0.06 0.07 0.07 -0.33 -0.32 0.01 -0.01 0.00 93.97 86.47 90.04 
84.25 0.10 0.07 0.06 0.07 -0.36 -0.35 0.01 -0.01 0.00 94.03 86.48 90.03 
84.35 0.04 0.06 0.08 0.08 -0.30 -0.30 0.02 -0.00 0.00 94.32 86.80 90.02 
84.45 0.03 0.07 0.13 0.09 -0.23 -0.26 0.01 -0.02 0.27 94.72 85.90 90.84 
84.55 0.11 0.06 0.11 0.07 -0.24 -0.23 0.01 -0.02 0.01 93.87 86.91 90.64 
84.66 -0.12 -0.02 0.13 0.10 -0.10 -0.12 0.04 0.01 0.04 95.13 89.91 90.21 
84.76 -0.18 -0.00 0.15 0.13 0.08 0.08 0.02 -0.01 0.10 97.52 88.52 91.15 
84.87 -0.21 -0.10 -0.02 0.06 -0.13 -0.10 0.02 -0.02 0.10 94.51 94.58 91.39 
84.97 0.45 0.07 -0.10 0.01 -0.33 -0.22 0.01 -0.02 0.15 91.33 89.56 91.96 
85.07 0.08 0.19 -0.01 -0.01 -0.62 -0.78 0.02 0.01 0.12 89.28 79.15 91.41 
85.18 0.06 0.09 0.10 0.04 -0.12 -0.17 0.06 0.24 -0.01 91.53 84.49 89.86 
85.28 0.02 0.08 0.10 0.07 0.04 0.02 -0.17 0.12 0.01 93.56 84.92 90.50 
85.38 0.04 0.09 0.13 0.09 0.13 0.11 -0.43 0.37 -0.12 94.99 84.49 88.76 
85.49 -0.01 0.02 0.19 0.13 -0.01 -0.06 -0.71 0.28 -0.14 96.54 88.39 88.28 
85.59 -0.15 -0.07 0.11 0.17 0.29 0.19 -1.01 -0.32 -0.19 100.17 93.08 87.77 
85.69 -0.20 -0.15 0.09 0.14 0.26 0.33 -0.99 -0.27 -0.18 98.66 97.81 87.62 
85.80 -0.28 -0.25 0.09 0.10 0.31 0.33 -0.77 -0.12 -0.17 95.82 104.26 87.97 
85.90 -0.41 -0.36 0.09 0.07 0.15 0.15 -0.69 -0.13 -0.24 94.03 110.24 87.10 
86.00 -0.48 -0.43 0.03 0.04 0.06 0.08 -0.63 -0.21 -0.28 92.76 113.88 86.73 
86.11 -0.51 -0.48 0.00 0.03 0.38 0.25 -0.53 -0.15 -0.15 91.94 117.32 88.08 
86.21 -0.58 -0.53 -0.02 0.00 0.33 0.37 -0.49 -0.19 -0.14 90.24 119.79 88.41 
86.32 -0.63 -0.60 -0.07 -0.03 0.36 0.41 -0.49 -0.23 -0.13 88.40 124.12 88.48 
86.42 -0.64 -0.63 -0.01 -0.03 0.45 0.43 -0.40 0.07 -0.16 88.12 126.00 88.04 
86.52 -0.59 -0.61 -0.04 -0.02 0.84 0.83 0.07 -0.03 -0.06 89.00 125.21 89.08 
86.63 -0.60 -0.57 -0.01 -0.03 0.78 1.07 0.95 -0.05 0.09 88.20 122.70 90.87 
86.73 -0.49 -0.54 -0.04 -0.05 0.53 0.50 1.32 -0.14 0.17 87.15 121.32 92.31 
86.83 -0.39 -0.45 -0.02 -0.05 0.47 0.44 1.57 -0.29 0.10 87.07 116.71 91.32 
86.94 -0.32 -0.35 -0.12 -0.08 0.49 0.50 1.66 -0.52 0.02 86.02 110.37 90.41 
87.04 -0.21 -0.26 -0.13 -0.09 0.52 0.52 1.30 -0.13 0.08 85.51 105.59 90.88 
87.14 0.03 -0.09 -0.21 -0.17 0.48 0.48 1.11 0.06 0.04 80.26 94.90 90.45 
87.25 0.06 0.02 -0.11 -0.16 0.51 0.48 1.01 0.10 -0.08 80.56 89.24 89.03 
87.35 0.23 0.15 -0.16 -0.14 0.50 0.49 0.87 -0.04 -0.04 81.87 82.31 89.62 
87.45 0.29 0.23 -0.17 -0.15 0.51 0.51 0.86 -0.05 -0.09 81.45 77.42 88.91 
87.55 0.40 0.33 -0.16 -0.15 0.48 0.47 0.81 -0.29 -0.12 81.61 72.02 88.51 
87.66 0.58 0.45 -0.22 -0.19 0.42 0.46 0.84 -0.20 -0.17 79.18 65.73 87.98 
87.76 0.56 0.54 -0.21 -0.20 0.45 0.45 0.72 -0.09 -0.15 78.52 59.47 88.19 
87.86 0.73 0.65 -0.20 -0.20 0.42 0.47 0.45 0.06 -0.09 78.56 52.61 88.90 
87.96 0.59 0.65 -0.15 -0.15 0.51 0.52 0.17 -0.41 0.05 81.09 51.77 90.38 
88.06 0.55 0.67 -0.17 -0.19 0.47 0.48 0.28 -0.10 0.07 79.32 51.82 90.81 
88.16 0.75 0.69 -0.28 -0.23 0.44 0.44 0.22 -0.22 0.02 77.61 51.17 90.24 
88.27 0.94 0.71 -0.16 -0.24 0.36 0.31 -0.00 -0.07 -0.15 75.09 51.94 88.59 
88.37 0.51 0.68 -0.23 -0.27 0.15 0.27 -0.61 0.49 -0.54 74.07 49.60 83.84 
88.47 0.66 0.62 -0.03 -0.13 0.34 0.31 -0.11 0.33 -0.43 81.60 54.64 84.51 
88.58 0.68 0.64 -0.16 -0.11 0.22 0.27 0.37 -0.11 -0.33 83.42 53.26 85.98 
88.68 0.68 0.69 -0.07 -0.08 0.21 0.20 0.18 0.23 -0.42 85.04 50.09 84.80 
88.78 0.80 0.70 0.06 -0.00 0.23 0.20 -0.04 -0.17 -0.45 89.14 51.08 84.73 
88.89 0.85 0.74 -0.02 0.02 0.21 0.21 0.06 -0.19 -0.30 91.23 48.88 86.40 
88.99 0.70 0.76 0.09 0.07 0.30 0.30 -0.08 0.43 -0.10 93.73 46.06 88.61 
89.09 0.58 0.72 0.16 0.08 0.15 0.19 -0.12 0.47 -0.13 93.54 47.19 88.33 
89.19 0.78 0.74 -0.04 0.05 0.03 0.07 -0.10 0.39 -0.08 93.80 48.18 88.90 
89.29 1.21 0.80 0.15 0.08 0.02 -0.03 -0.60 0.32 -0.14 94.86 44.08 88.33 
89.40 0.76 0.71 0.25 0.14 0.03 -0.03 -0.68 1.21 -0.42 97.08 49.62 85.13 
89.50 0.48 0.58 0.33 0.24 -0.22 -0.28 -0.60 0.28 -0.39 102.59 55.59 85.00 
89.60 0.63 0.60 0.54 0.41 0.36 0.31 -0.34 0.53 0.06 111.92 55.89 89.87 
89.71 0.68 0.56 0.36 0.37 0.25 0.22 -0.11 -0.26 0.42 111.04 59.41 94.74 
89.81 0.63 0.59 0.34 0.35 0.67 0.66 0.00 -0.10 0.54 110.32 57.07 96.16 
89.91 0.51 0.53 0.33 0.32 0.61 0.62 0.16 0.07 0.76 108.59 59.40 99.07 
90.01 0.66 0.57 0.25 0.28 0.83 0.81 -0.02 -0.33 0.58 106.26 57.49 97.01 
90.12 0.56 0.58 0.25 0.27 0.83 0.84 -0.12 0.16 0.65 105.33 56.52 97.48 
90.22 0.49 0.53 0.23 0.24 1.00 1.01 -0.20 0.23 0.79 104.01 59.52 99.39 
90.32 0.23 0.41 0.23 0.23 0.93 0.91 -0.26 0.19 0.74 102.95 64.73 98.76 
90.43 0.38 0.41 0.15 0.18 0.96 0.97 -0.82 0.41 0.52 100.34 66.28 96.54 
90.53 0.23 0.31 0.00 0.06 1.02 1.05 -1.23 -0.63 0.16 94.23 71.26 92.22 
90.63 0.12 0.21 0.08 0.05 1.02 1.04 -1.62 -0.29 -0.05 92.94 77.19 89.42 
90.74 -0.06 0.05 -0.03 0.02 1.11 1.15 -1.67 0.02 -0.12 91.11 86.92 88.59 
90.84 -0.19 -0.10 0.05 0.06 1.15 1.05 -1.28 -0.09 -0.01 93.35 95.14 89.75 
90.94 -0.27 -0.24 -0.01 0.02 1.02 1.03 -1.05 -0.39 -0.03 91.74 103.53 89.87 
91.05 -0.49 -0.38 -0.03 -0.01 0.99 1.03 -0.95 -0.40 -0.10 89.72 110.54 88.97 
91.15 -0.50 -0.46 -0.06 -0.04 0.94 0.96 -0.82 -0.26 -0.15 88.11 115.78 88.04 
91.25 -0.50 -0.52 -0.03 -0.04 1.01 1.00 -0.55 -0.11 -0.11 87.46 120.00 88.65 
91.36 -0.52 -0.50 -0.08 -0.06 1.10 1.09 0.00 -0.11 -0.02 86.68 118.67 89.64 
91.46 -0.52 -0.50 -0.05 -0.06 1.09 1.10 0.52 0.16 0.10 86.62 118.16 91.11 
91.56 -0.40 -0.41 -0.00 -0.02 1.11 1.10 1.36 0.25 0.33 88.75 113.64 93.73 
91.66 -0.32 -0.37 0.01 0.00 1.03 1.01 1.62 0.19 0.54 90.09 111.60 95.77 
91.77 -0.16 -0.24 0.00 0.01 0.99 0.97 1.56 0.21 0.55 90.46 104.78 96.58 
91.87 0.07 -0.09 0.03 0.02 1.06 1.08 1.50 0.07 0.49 91.17 96.41 95.86 
91.97 0.16 0.06 0.05 0.03 1.17 1.15 1.60 0.09 0.49 91.87 87.74 95.85 
92.07 0.30 0.18 0.00 0.02 1.13 1.20 1.42 -0.02 0.44 90.91 79.64 95.23 
92.18 0.35 0.36 0.02 -0.00 1.29 1.29 1.15 -0.00 0.37 89.46 69.42 94.37 
92.28 0.56 0.50 0.01 0.00 1.32 1.30 0.83 0.11 0.33 90.15 62.03 93.99 
92.39 0.59 0.61 -0.08 -0.05 1.40 1.41 0.56 0.17 0.20 87.18 55.09 92.47 
92.49 0.80 0.66 -0.06 -0.05 1.39 1.36 0.28 0.19 0.14 87.23 53.74 91.68 
92.59 0.69 0.69 -0.06 -0.04 1.43 1.45 -0.17 0.33 0.06 87.68 50.54 91.01 
92.69 0.70 0.66 -0.04 -0.02 1.44 1.44 -0.54 -0.19 -0.05 89.13 52.42 89.59 
92.80 0.45 0.57 0.01 -0.00 1.44 1.46 -0.82 -0.70 -0.05 89.88 55.91 89.21 
92.90 0.40 0.50 -0.05 -0.02 1.42 1.44 -0.82 -1.24 0.10 88.89 61.11 91.20 
93.00 0.51 0.47 -0.23 -0.16 1.44 1.43 -0.84 -1.63 0.05 81.49 63.11 90.51 
93.10 0.52 0.41 -0.43 -0.25 1.45 1.41 -0.77 -2.00 0.13 77.40 67.41 91.37 
93.21 0.33 0.34 -0.55 -0.45 1.39 1.39 -0.47 -1.77 0.18 65.39 70.50 92.11 
93.31 0.29 0.32 -0.81 -0.70 1.35 1.35 -0.41 -1.35 0.26 51.11 71.42 92.94 
93.41 0.53 0.31 -1.00 -0.83 1.34 1.34 -0.26 -1.06 0.27 44.27 74.65 93.45 
93.52 1.68 0.57 -1.42 -1.04 1.31 1.33 -0.08 -0.63 0.16 34.12 68.79 92.19 
93.62 0.55 0.40 -1.16 -1.05 1.32 1.32 0.10 -0.36 0.13 29.62 67.18 91.50 
93.72 0.28 0.30 -1.04 -1.06 1.30 1.30 0.14 -0.04 0.04 28.78 72.86 90.52 
93.83 0.31 0.31 -1.13 -1.10 1.31 1.31 0.09 -0.08 0.02 27.39 72.34 90.22 
93.93 0.17 0.26 -1.02 -1.09 1.33 1.32 0.12 0.47 0.05 26.81 74.47 90.42 
94.03 0.16 0.27 -0.95 -1.07 1.38 1.37 0.14 1.00 0.07 27.31 73.30 90.78 
94.14 0.36 0.23 -0.77 -0.92 1.43 1.42 0.24 1.26 0.00 35.67 77.77 89.91 
94.24 0.41 0.26 -0.81 -0.79 1.40 1.39 0.34 1.31 -0.03 44.79 76.84 89.57 
94.34 0.23 0.23 -0.55 -0.62 1.47 1.46 0.25 1.23 0.01 54.35 76.64 90.12 
94.44 0.23 0.19 -0.41 -0.46 1.43 1.42 0.31 1.07 0.18 62.78 79.44 91.98 
94.55 0.11 0.21 -0.22 -0.33 1.49 1.50 0.26 1.57 0.42 70.08 77.05 94.73 
94.65 0.46 0.31 0.12 -0.07 -4.69 -4.71 0.22 1.83 0.88 84.00 73.61 99.80 
94.75 0.37 0.28 0.15 0.08 -4.59 -4.60 0.08 1.34 1.53 94.03 75.03 108.30 
94.86 0.21 0.22 0.15 0.11 -4.47 -4.56 0.03 0.91 1.65 96.11 77.48 109.50 
94.96 0.19 0.22 0.11 0.09 -4.36 -4.35 -0.51 0.87 1.41 94.99 77.17 106.94 
95.06 -0.02 0.09 0.05 0.03 -4.19 -4.16 -0.88 1.29 0.86 91.59 84.84 100.36 
95.16 0.02 0.01 0.27 0.15 -4.22 -4.21 -0.75 1.47 0.28 97.28 89.23 93.55 
95.27 0.03 -0.03 0.58 0.40 -4.17 -4.16 -0.49 1.43 0.04 110.99 92.44 90.44 
95.37 -0.12 -0.00 0.52 0.52 -1.62 -3.70 -0.03 1.24 0.16 119.77 89.15 91.49 
95.47 -0.15 0.01 0.64 0.67 -4.07 -4.04 -0.21 0.27 0.25 128.36 87.74 92.47 
95.58 -0.10 -0.07 0.64 0.65 -4.08 -4.08 -0.12 0.20 0.46 127.61 93.37 95.26 
95.68 -0.01 -0.03 0.72 0.69 -4.04 -4.04 0.05 0.83 0.34 129.15 91.69 94.43 
95.78 -0.09 -0.02 0.70 0.72 -4.01 -4.00 -0.04 -0.78 0.17 131.01 91.25 92.09 
95.88 -0.01 -0.02 0.56 0.66 -4.03 -4.04 -0.10 -1.92 -0.09 128.55 91.14 89.12 
95.98 -0.06 -0.02 0.38 0.54 -4.13 -4.13 -0.05 -2.92 0.02 122.71 90.78 90.14 
96.09 0.03 0.06 0.10 0.37 -4.13 -4.07 -0.08 -2.65 0.26 113.77 86.37 93.23 
96.19 -0.07 -0.01 -0.24 0.06 -4.11 -4.12 0.20 -1.80 0.40 96.28 89.92 94.93 
96.30 -0.06 -0.05 -0.22 -0.13 -4.13 -4.14 0.05 -1.64 0.25 83.30 92.92 93.31 
96.40 0.83 0.15 -1.16 -0.48 -3.94 -4.02 -0.33 -2.16 0.17 62.67 81.40 92.08 
96.50 -0.18 0.19 -0.58 -0.79 -3.95 -3.94 -0.53 -1.75 0.19 42.85 75.05 92.19 
96.60 -0.10 -0.06 -1.16 -0.93 -3.81 -3.84 -0.03 0.21 0.18 38.95 92.76 92.45 
96.70 -0.24 -0.16 -0.75 -0.78 -3.89 -3.89 0.04 0.86 0.12 44.94 98.13 91.36 
96.81 -0.27 -0.20 -0.73 -0.69 -3.87 -3.87 -0.09 0.81 0.09 50.61 101.04 91.33 
96.91 -0.25 -0.23 -0.62 -0.64 -3.88 -3.88 -0.27 0.80 -0.15 53.11 102.98 88.42 
97.01 -0.16 -0.21 -0.42 -0.53 -3.91 -3.89 0.04 1.96 -0.31 58.26 102.53 86.38 
97.11 -0.12 -0.18 -0.23 -0.35 -4.00 -3.99 0.21 1.96 -0.30 68.66 100.63 86.59 
97.22 -0.08 -0.13 -0.01 -0.13 -4.10 -4.09 0.15 1.03 -0.51 81.42 97.77 84.06 
97.32 -0.11 -0.11 -0.04 -0.08 -4.11 -4.09 0.07 0.18 -0.78 85.01 96.18 80.96 
97.43 -0.12 -0.11 -0.03 -0.05 -4.20 -4.20 0.13 0.11 -1.13 86.65 96.44 76.60 
97.53 -0.05 -0.09 -0.16 -0.09 -4.30 -4.31 0.02 -0.10 -1.46 85.77 95.52 72.94 
97.63 -0.23 -0.10 0.07 -0.04 -4.40 -4.38 -0.08 0.62 -1.51 86.84 94.23 71.63 
97.74 -0.11 -0.12 0.18 0.10 -4.65 -4.65 -0.05 -0.12 -1.35 94.73 96.94 74.05 
97.87 -0.14 -0.12 0.11 0.10 -4.75 -4.67 -0.37 -0.10 -1.22 95.70 97.06 75.39 
98.00 -0.15 -0.13 0.18 0.11 1.44 -3.82 -0.19 -0.33 -0.41 96.40 97.29 85.12 
98.13 -0.26 -0.15 0.17 0.12 1.48 1.45 0.43 -0.07 2.01 96.86 98.40 114.17 
98.28 0.12 -0.11 -0.28 0.06 -4.56 0.58 0.61 -0.86 1.34 93.45 96.12 106.04 
98.38 -0.30 -0.14 -0.39 -0.01 -4.52 -4.55 -0.03 -0.77 -0.90 89.60 97.77 79.24 
98.48 -0.04 -0.14 -0.19 -0.18 -4.58 -4.57 -0.58 -0.19 -1.18 79.52 98.94 75.58 
98.58 0.66 0.10 1.09 0.47 -4.53 -4.58 -0.11 0.30 0.92 117.10 84.01 101.07 
98.69 0.40 0.14 -1.15 -0.22 -4.18 -4.27 0.32 -0.25 0.85 86.64 84.83 104.68 
98.79 -0.43 -0.18 0.21 -0.28 -4.48 -4.39 -0.18 0.48 -1.19 68.95 98.06 75.25 
98.89 -0.03 -0.08 0.03 0.14 -4.54 -4.55 0.03 0.03 0.67 99.35 95.11 96.62 
99.00 -0.29 -0.14 -0.43 -0.25 -4.42 -4.41 -0.06 -0.51 -0.58 77.18 96.80 85.11 
99.10 -0.20 -0.16 0.45 0.18 -4.64 -4.63 -0.04 0.25 0.39 97.61 98.95 91.85 
99.21 -0.17 -0.05 -0.28 -0.19 -4.38 -4.37 0.35 0.19 0.22 80.20 91.38 95.30 
99.31 -0.12 -0.15 0.35 -0.00 -4.57 -4.56 -0.00 -0.10 -0.48 89.73 98.75 84.18 
99.41 0.09 -0.08 -0.69 -0.10 -4.52 -4.57 0.39 -0.52 0.88 89.94 96.65 101.09 
99.52 0.00 -0.07 0.14 -0.22 -4.43 -4.41 -0.34 0.06 -0.92 73.57 94.77 79.79 
99.62 -0.02 -0.14 0.01 0.07 -4.58 -4.60 0.41 0.15 0.75 94.55 99.30 97.83 
99.72 0.30 0.08 -0.92 -0.53 -4.03 -4.13 -0.20 0.33 -0.41 63.57 87.44 88.21 
99.83 -0.17 0.01 0.38 0.16 -4.49 -4.47 0.22 0.11 0.36 96.91 87.78 90.89 
99.93 -0.10 -0.31 -0.73 -0.61 -4.55 -4.66 0.11 0.23 0.16 55.93 110.23 95.41 
100.03 -0.10 -0.08 0.52 0.07 -4.54 -4.53 -0.04 0.10 -0.10 93.78 94.44 88.82 
100.13 -0.01 0.24 -0.81 -0.55 -3.92 -3.95 0.12 0.06 0.40 61.08 73.96 97.47 
100.24 0.21 0.29 0.68 0.20 -4.34 -4.27 0.04 -0.48 -0.11 96.57 72.89 86.37 
100.34 0.07 -0.10 -0.85 -0.66 -4.09 -4.18 -0.17 0.62 -0.62 54.26 97.27 85.38 
100.45 -0.22 -0.02 0.23 0.10 -4.56 -4.54 0.01 -0.15 0.23 94.11 89.38 89.40 
100.55 0.12 0.21 -0.97 -0.60 -3.88 -3.95 -0.15 -0.23 -0.16 59.56 77.22 91.67 
100.65 -0.12 0.07 0.34 0.11 -4.46 -4.43 0.14 0.16 0.26 96.42 85.74 93.11 
100.75 -0.09 -0.16 -0.94 -0.68 -4.09 -4.22 0.09 0.07 -0.06 53.87 99.82 93.16 
100.86 -0.11 0.05 0.63 0.16 -4.47 -4.44 0.02 0.59 -0.35 94.12 85.80 81.82 
100.96 -0.24 0.01 -0.82 -0.46 -4.18 -4.20 0.04 -0.80 0.36 67.06 86.97 97.28 
101.06 -0.09 -0.02 0.39 -0.06 -4.48 -4.45 -0.01 0.24 -0.11 82.08 90.64 86.45 
101.17 0.08 -0.08 -0.54 -0.29 -4.43 -4.48 -0.22 -0.14 -0.24 75.76 96.44 89.60 
101.27 -0.03 -0.01 0.30 -0.02 -4.51 -4.47 -0.21 -0.17 -0.33 85.53 90.02 84.14 
101.37 -0.04 -0.15 -0.40 -0.10 -4.59 -4.61 0.30 -0.28 0.68 84.43 98.41 98.11 
101.47 -0.06 -0.00 0.31 -0.09 -4.46 -4.43 -0.18 0.16 -0.52 80.81 89.42 82.15 
101.58 -0.00 -0.07 -0.06 0.09 -4.58 -4.59 0.10 -0.25 0.53 96.69 94.53 95.77 
101.68 0.32 -0.03 -0.79 -0.23 -4.41 -4.49 0.10 0.37 0.03 82.72 95.16 91.26 
101.78 -0.11 -0.09 -0.07 -0.11 -4.51 -4.51 -0.11 -0.22 -0.28 83.38 94.75 86.66 
101.89 -0.18 -0.13 0.01 -0.07 -4.61 -4.60 -0.07 0.25 -0.40 85.30 96.85 85.19 
101.99 -0.22 -0.18 0.06 -0.08 1.51 -3.77 -0.00 0.55 -0.64 85.43 100.15 82.26 
102.09 -0.12 -0.14 -0.07 -0.06 1.47 1.47 -0.16 0.13 -0.82 86.83 97.84 80.15 
102.19 -0.06 -0.09 -0.02 -0.04 1.45 1.48 -0.20 -0.17 -0.82 87.85 95.23 80.14 
102.29 -0.18 -0.13 -0.23 -0.10 1.38 1.40 -0.82 -0.41 -0.53 85.96 97.10 83.29 
102.39 -0.22 -0.18 -0.02 -0.07 1.41 1.41 -1.72 -0.59 -0.31 85.28 100.00 85.80 
102.50 -0.30 -0.26 -0.20 -0.14 -4.59 -4.72 -1.45 -0.92 -0.00 82.89 104.14 89.84 
102.60 -0.52 -0.41 -0.22 -0.23 -4.65 -4.62 -0.62 -1.66 -0.11 77.05 112.05 89.03 
102.70 -0.58 -0.50 -0.47 -0.38 -4.61 -4.68 -0.06 -1.79 -0.34 69.18 117.88 86.17 
102.80 -0.86 -0.63 -0.76 -0.58 -4.71 -4.68 0.42 -1.07 -0.44 58.59 124.12 84.88 
102.91 -0.51 -0.68 -0.70 -0.76 -4.73 0.58 0.61 -0.39 -0.42 46.10 130.91 84.90 
103.01 -0.67 -0.68 -0.81 -0.72 1.50 1.50 0.53 0.92 -0.37 49.71 129.43 85.33 
103.12 -0.50 -0.62 -0.65 -0.72 1.22 1.19 0.55 1.84 -0.51 47.77 126.99 84.36 
103.22 -0.28 -0.44 -0.49 -0.64 0.74 1.05 0.79 2.29 -0.64 51.63 116.84 82.14 
103.32 -0.14 -0.17 -0.08 -0.28 1.16 1.13 0.85 1.43 -0.39 71.62 100.13 84.86 
103.43 0.03 -0.08 0.04 -0.13 0.71 0.65 0.82 1.37 -0.22 82.57 94.38 87.39 
103.53 0.15 0.04 0.16 -0.00 1.07 1.00 0.65 1.03 -0.03 88.16 88.96 89.13 
103.63 0.08 0.07 0.15 0.09 0.85 0.83 0.34 0.35 0.18 94.24 86.31 91.82 
103.73 0.24 0.10 -0.01 0.05 0.90 0.88 -0.10 -0.40 0.11 93.73 85.51 91.59 
103.84 0.20 0.12 0.14 0.06 1.02 0.97 -0.20 0.44 -0.30 92.74 83.76 86.70 
103.94 0.17 0.13 0.20 0.16 1.01 0.98 0.08 0.76 -0.39 98.80 82.71 85.34 
104.04 -0.04 0.07 0.32 0.32 0.86 0.89 0.01 0.45 -0.33 108.22 84.98 86.07 
104.15 0.14 0.10 0.34 0.32 0.91 0.89 -0.06 -0.07 -0.08 107.97 84.90 89.15 
104.26 0.23 0.11 0.24 0.28 0.95 0.90 0.12 -0.32 0.33 106.28 84.79 93.88 
104.36 0.05 0.21 0.16 0.15 1.15 1.24 -0.55 0.77 0.17 98.75 76.58 92.67 
104.46 0.13 0.11 0.09 0.10 0.80 0.79 0.05 -0.07 0.05 95.52 83.69 90.57 
104.57 0.07 0.05 0.14 0.14 0.76 0.75 0.17 -0.14 -0.05 97.82 87.51 89.31 
104.67 -0.01 0.03 0.19 0.21 0.75 0.77 0.10 -0.28 0.13 102.34 87.91 91.59 
104.77 0.20 0.02 0.13 0.13 0.67 0.60 -0.13 -0.12 -0.06 97.80 90.64 89.55 
104.87 0.04 0.08 0.13 0.14 0.80 0.81 -0.11 -0.16 -0.03 97.93 85.58 89.62 
104.97 -0.33 -0.03 -0.28 0.05 0.55 0.72 0.16 -0.35 -0.02 96.03 88.58 89.43 
105.08 0.53 0.14 -0.07 0.06 1.04 0.90 0.06 -0.18 -0.01 94.97 85.90 89.88 
105.18 0.03 0.04 0.09 0.06 0.66 0.66 0.01 -0.01 -0.01 93.12 87.51 89.84 
105.29 0.04 0.06 0.08 0.08 0.73 0.75 0.00 -0.05 0.01 94.56 86.55 90.04 
105.39 0.50 0.44 0.07 -0.19 -2.97 -2.71 0.32 -0.38 0.17 76.36 65.06 91.37 
105.49 0.05 0.26 0.34 -0.00 1.38 -3.75 0.01 -0.15 0.01 86.29 72.68 90.51 
105.60 0.02 0.07 0.02 0.02 0.69 0.71 0.01 -0.01 -0.03 91.25 85.35 89.54 
105.70 0.08 0.06 0.10 0.05 0.72 0.70 0.01 -0.01 0.00 92.71 86.62 90.03 
105.80 0.09 0.07 0.08 0.06 0.75 0.77 0.01 -0.01 0.01 93.11 86.13 90.05 
105.91 0.07 0.06 0.06 0.06 0.75 0.75 0.02 -0.01 0.00 93.62 86.38 90.06 
106.01 0.06 0.06 0.05 0.06 0.73 0.73 0.02 -0.01 0.00 93.66 86.48 90.05 
106.11 0.07 0.06 0.07 0.07 0.75 0.75 0.02 -0.01 -0.01 93.77 86.59 90.00 
106.22 0.06 0.06 0.08 0.07 0.77 0.77 0.01 -0.01 0.01 93.77 86.46 90.05 
106.32 0.07 0.06 0.06 0.07 0.75 0.75 0.02 -0.01 0.00 93.84 86.32 90.05 
106.42 0.06 0.06 0.07 0.07 0.76 0.76 0.02 -0.01 0.00 93.68 86.49 90.05 
106.52 0.06 0.06 0.07 0.07 0.77 0.74 0.02 -0.01 0.00 93.74 86.46 90.03 
106.63 0.06 0.07 0.08 0.07 0.79 0.79 0.01 -0.01 0.00 93.84 86.25 90.06 
106.73 0.06 0.06 0.06 0.07 0.75 0.75 0.01 -0.01 0.00 93.81 86.39 90.08 
106.83 0.07 0.07 0.03 0.06 0.73 0.73 0.02 -0.01 0.01 93.66 86.34 90.07 
106.94 0.06 0.07 0.06 0.06 0.73 0.73 0.02 -0.01 0.00 93.42 86.17 90.05 
107.04 0.07 0.06 0.07 0.07 0.74 0.72 0.02 -0.01 0.00 93.76 86.41 90.04 
107.14 0.06 0.06 0.06 0.07 0.73 0.73 0.02 -0.01 0.01 93.77 86.42 90.06 
107.25 0.07 0.06 0.06 0.06 0.73 0.73 0.01 -0.01 0.01 93.64 86.41 90.04 
107.35 0.07 0.06 0.07 0.06 0.72 0.71 0.02 -0.01 0.00 93.68 86.46 90.04 
107.46 0.06 0.06 0.07 0.07 0.73 0.73 0.01 -0.01 0.00 93.79 86.39 90.06 
107.56 0.06 0.06 0.06 0.07 0.74 0.74 0.02 -0.01 0.00 93.80 86.40 90.03 
107.66 0.06 0.06 0.07 0.07 0.73 0.73 0.01 -0.01 0.00 93.99 86.41 90.06 
107.76 0.07 0.06 0.06 0.07 0.72 0.72 0.01 -0.01 0.00 93.84 86.49 90.05 
107.87 0.05 0.06 0.07 0.07 0.75 0.75 0.01 -0.01 0.00 94.02 86.27 90.03 
107.97 0.07 0.07 0.08 0.07 0.79 0.78 0.01 -0.01 0.01 93.83 85.94 90.31 
108.08 0.05 0.06 0.08 0.07 0.76 0.77 0.01 -0.01 0.00 93.92 86.19 90.04 
108.18 0.07 0.06 0.07 0.07 0.76 0.76 0.01 -0.01 0.00 93.85 86.45 90.02 
108.28 0.07 0.06 0.07 0.07 0.76 0.76 0.01 -0.01 0.01 93.88 86.44 90.05 
108.38 0.07 0.06 0.07 0.06 0.77 0.77 0.02 -0.01 0.00 93.63 86.43 90.04 
108.49 0.08 0.06 0.07 0.06 0.75 0.75 0.02 -0.01 -0.01 93.59 86.52 89.86 
108.59 0.09 0.07 0.08 0.07 0.77 0.76 0.02 -0.01 -0.01 93.70 86.43 89.82 
108.69 0.05 0.06 0.07 0.07 0.76 0.76 0.02 -0.01 0.01 93.92 86.47 90.10 
108.80 0.06 0.06 0.07 0.07 0.77 0.77 0.02 -0.01 0.01 94.20 86.30 90.00 
108.90 0.08 0.07 0.10 0.07 0.78 0.77 0.01 -0.01 0.01 93.94 86.33 90.07 
109.00 0.07 0.06 0.06 0.07 0.76 0.76 0.02 -0.01 0.01 94.10 86.34 90.14 
109.11 0.06 0.06 0.06 0.07 0.75 0.75 0.02 -0.01 0.01 93.99 86.37 90.05 
109.21 0.06 0.06 0.07 0.07 0.75 0.75 0.01 -0.01 0.00 93.90 86.46 90.03 
109.31 0.06 0.06 0.06 0.07 0.77 0.77 0.02 -0.01 0.00 93.82 86.40 90.02 
109.41 0.05 0.06 0.08 0.07 0.76 0.76 0.02 -0.00 0.01 93.74 86.37 90.04 
109.52 0.06 0.06 0.08 0.07 0.76 0.75 0.01 -0.01 0.00 93.88 86.48 90.19 
109.62 0.07 0.06 0.06 0.07 0.76 0.76 0.01 -0.01 -0.00 93.88 86.40 89.97 
109.72 0.06 0.06 0.07 0.07 0.75 0.75 0.01 -0.01 -0.01 93.82 86.61 89.94 
109.83 0.06 0.06 0.05 0.06 0.76 0.75 0.01 -0.01 -0.00 93.67 86.33 89.85 
109.93 0.07 0.06 0.06 0.06 0.75 0.75 0.01 -0.01 0.01 93.55 86.44 90.08 
110.03 0.07 0.06 0.07 0.07 0.76 0.76 0.01 -0.01 0.02 93.93 86.34 90.22 
110.13 0.05 0.06 0.07 0.07 0.77 0.77 0.02 -0.01 0.02 93.83 86.56 90.26 
110.23 0.06 0.06 0.06 0.07 0.77 0.77 0.01 -0.01 0.00 93.86 86.39 90.11 
110.34 0.06 0.06 0.07 0.07 0.75 0.75 0.01 -0.01 -0.00 93.73 86.77 90.03 
110.44 0.07 0.06 0.07 0.07 0.75 0.75 0.01 -0.01 0.01 93.89 86.55 90.03 
110.55 0.07 0.06 0.06 0.07 0.77 0.76 0.02 -0.01 0.01 93.81 86.50 90.06 
110.65 0.06 0.06 0.06 0.06 0.76 0.76 0.01 -0.01 0.01 93.72 86.40 90.06 
110.75 0.08 0.07 0.06 0.06 0.76 0.76 0.01 -0.01 0.01 93.58 86.25 90.10 
110.85 0.06 0.06 0.07 0.06 0.75 0.75 0.02 -0.01 0.01 93.68 86.45 90.07 
110.95 0.06 0.06 0.07 0.07 0.76 0.76 0.02 -0.01 0.00 93.90 86.56 90.03 
111.06 0.07 0.06 0.07 0.07 0.76 0.73 0.02 -0.01 0.01 93.75 86.67 90.09 
111.16 0.07 0.06 0.03 0.07 0.76 0.77 0.02 -0.00 0.02 94.23 86.43 90.18 
111.27 0.07 0.06 0.07 0.07 0.77 0.77 0.01 -0.02 0.00 93.92 86.66 90.01 
111.37 0.06 0.06 0.06 0.07 0.75 0.75 0.01 -0.02 0.00 93.84 86.31 90.04 
111.47 0.48 0.13 -0.02 0.05 0.89 0.78 0.01 -0.00 0.01 93.78 86.32 90.09 
111.58 -0.06 0.42 -0.15 -0.09 -3.65 -3.61 -0.00 -0.33 -0.03 85.67 61.41 85.96 
111.68 0.17 0.03 -0.06 0.26 0.92 0.94 0.03 0.01 0.24 108.07 89.89 93.24 
111.78 0.06 0.05 0.06 0.07 0.72 0.72 0.01 0.00 -0.00 94.02 87.06 89.84 
111.89 0.06 0.06 0.08 0.07 0.75 0.74 0.03 -0.00 0.01 93.68 86.79 90.10 
111.99 0.09 0.06 0.10 0.07 0.77 0.75 0.02 0.01 0.01 93.78 86.50 90.10 
112.09 0.07 0.07 0.06 0.07 0.75 0.75 0.01 -0.02 0.00 93.75 86.21 90.05 
112.19 0.06 0.06 0.06 0.06 0.76 0.76 0.01 -0.01 0.00 93.61 86.30 90.06 
112.30 0.02 0.05 0.10 0.07 0.72 0.72 0.02 -0.01 0.00 93.57 86.86 90.03 
112.40 0.07 0.06 0.06 0.07 0.75 0.74 0.01 -0.00 0.00 93.84 86.71 90.05 
112.50 0.06 0.06 0.07 0.07 0.74 0.74 0.01 -0.01 0.00 93.95 86.58 90.07 
112.61 0.06 0.06 0.07 0.07 0.75 0.75 0.02 -0.01 0.01 93.90 86.40 90.08 
112.71 0.06 0.06 0.06 0.07 0.74 0.74 0.01 -0.01 0.01 93.84 86.53 90.08 
112.81 0.05 0.06 0.10 0.07 0.73 0.72 0.01 -0.01 -0.01 93.79 86.83 89.84 
112.91 0.04 0.06 0.06 0.06 0.71 0.71 0.02 -0.02 0.01 93.28 86.28 90.10 
113.02 0.06 0.06 0.07 0.07 0.75 0.75 0.01 -0.02 0.00 93.69 86.47 90.11 
113.12 -0.05 0.03 0.01 0.05 0.67 0.71 0.07 0.03 -0.02 93.40 87.23 90.10 
113.22 0.06 0.07 0.07 0.06 0.79 0.79 0.01 -0.01 -0.02 93.64 86.04 89.65 
113.33 -0.01 0.03 0.03 0.07 0.72 0.74 0.02 -0.01 0.01 94.14 87.66 89.98 
113.43 0.10 0.05 0.03 0.06 0.73 0.72 0.03 -0.01 -0.04 93.66 87.47 89.57 
113.53 0.05 0.06 0.05 0.06 0.74 0.75 0.01 -0.02 -0.04 93.44 86.60 89.52 
113.63 0.08 0.07 0.06 0.04 0.70 0.69 0.02 -0.02 -0.12 92.04 86.44 88.83 
113.74 0.05 0.06 0.08 0.06 0.71 0.70 0.02 -0.01 -0.01 93.00 86.42 89.88 
113.84 0.03 0.05 0.06 0.07 0.70 0.73 0.02 -0.02 -0.07 94.06 87.11 89.05 
113.94 0.04 0.06 0.05 0.06 0.71 0.72 0.03 -0.02 -0.09 93.51 86.55 88.89 
114.05 0.05 0.06 0.06 0.06 0.70 0.70 0.02 -0.02 -0.02 93.59 86.65 89.68 
