3.41 0.08 0.07 0.07 0.05 -0.10 -0.09 0.01 -0.04 0.01 93.61 92.63 90.03 
3.60 0.05 0.06 0.07 0.05 -0.05 -0.09 0.01 -0.01 0.00 93.69 93.00 90.02 
3.70 0.06 0.06 0.08 0.06 0.05 0.05 0.01 -0.00 0.00 93.33 93.53 90.05 
3.80 0.06 0.06 0.07 0.07 -0.02 -0.02 0.01 0.00 0.00 93.55 93.92 90.01 
3.90 0.06 0.07 0.06 0.08 -0.00 -0.00 0.02 -0.01 0.00 94.00 94.33 90.03 
4.00 0.06 0.06 0.07 0.08 0.06 0.06 0.00 -0.02 0.00 93.42 94.37 90.06 
4.11 0.07 0.06 0.08 0.07 0.04 0.03 0.02 -0.01 0.00 93.35 94.23 90.05 
4.21 0.05 0.06 0.07 0.07 0.01 0.00 0.01 -0.02 0.00 93.56 94.21 90.05 
4.31 0.07 0.06 0.07 0.07 0.01 0.04 0.01 -0.01 0.00 93.52 94.12 90.05 
4.42 0.07 0.06 0.08 0.07 -0.02 -0.02 0.02 -0.02 0.00 93.63 94.11 90.06 
4.52 0.06 0.07 0.06 0.07 0.01 0.01 -0.01 0.01 0.00 93.75 94.08 90.01 
4.63 0.09 0.09 0.05 0.05 -0.19 -0.23 -0.21 0.00 0.00 95.14 93.23 89.83 
4.73 -0.01 0.03 0.08 0.04 -0.17 -0.22 -0.40 -0.07 0.02 92.18 91.74 90.21 
4.83 -0.02 -0.01 0.07 0.05 -0.22 -0.24 -0.47 0.03 0.03 89.38 93.13 90.37 
4.93 -0.07 -0.05 0.07 0.06 -0.17 -0.20 -0.44 -0.00 0.00 87.62 93.33 90.17 
5.03 -0.13 -0.09 0.07 0.07 -0.29 -0.34 -0.47 -0.01 -0.01 84.81 93.89 89.86 
5.14 -0.17 -0.14 0.05 0.06 -0.08 -0.11 -0.46 -0.00 -0.03 82.20 93.67 89.63 
5.24 -0.23 -0.19 0.11 0.08 -0.04 -0.11 -0.44 -0.00 -0.02 79.44 93.97 89.67 
5.34 -0.24 -0.23 0.06 0.07 -0.34 -0.17 -0.38 0.01 -0.02 76.76 93.85 89.71 
5.45 -0.30 -0.27 0.08 0.07 -0.23 -0.27 -0.29 0.02 -0.02 74.84 93.73 89.86 
5.55 -0.31 -0.30 0.07 0.07 -0.26 -0.28 -0.18 0.00 0.01 72.77 93.93 90.16 
5.65 -0.35 -0.33 0.07 0.07 -0.14 -0.17 -0.11 -0.01 0.02 71.56 93.94 90.24 
5.75 -0.35 -0.34 0.07 0.07 -0.17 -0.19 -0.04 -0.01 0.02 70.66 93.92 90.19 
5.85 -0.34 -0.34 0.07 0.07 -0.12 -0.12 0.04 -0.02 0.01 70.56 93.99 90.16 
5.96 -0.34 -0.34 0.10 0.07 -0.18 -0.20 0.02 -0.01 0.01 70.74 93.92 90.12 
6.06 -0.34 -0.34 0.07 0.07 -0.16 -0.16 0.00 -0.01 0.01 70.68 94.10 90.18 
6.16 -0.35 -0.34 0.07 0.07 -0.15 -0.16 -0.03 -0.02 0.01 70.64 93.97 90.13 
6.26 -0.35 -0.34 0.07 0.07 -0.14 -0.15 -0.03 -0.02 0.02 70.38 93.91 90.21 
6.36 -0.35 -0.34 0.07 0.07 -0.15 -0.15 -0.03 -0.02 0.01 70.27 94.17 90.18 
6.47 -0.35 -0.35 0.07 0.07 -0.19 -0.18 -0.03 -0.01 0.00 70.01 94.22 90.05 
6.57 -0.36 -0.35 0.07 0.07 -0.12 -0.17 -0.02 -0.01 0.00 70.09 94.21 90.04 
6.68 -0.36 -0.35 0.07 0.07 -0.21 -0.22 -0.01 -0.01 0.01 69.89 94.03 90.09 
6.78 -0.35 -0.35 0.07 0.07 -0.18 -0.18 -0.00 -0.01 0.00 69.69 94.08 90.02 
6.89 -0.35 -0.36 0.07 0.07 -0.19 -0.18 0.01 -0.01 -0.00 69.62 94.17 89.99 
6.99 -0.35 -0.35 0.07 0.07 -0.18 -0.17 0.03 -0.01 -0.00 69.62 94.06 89.98 
7.09 -0.36 -0.35 0.07 0.07 -0.19 -0.20 0.02 -0.00 -0.00 69.72 94.06 89.99 
7.20 -0.37 -0.36 0.07 0.07 -0.13 -0.14 0.00 -0.00 -0.01 69.67 94.00 89.93 
7.30 -0.37 -0.36 0.07 0.07 -0.11 -0.50 0.04 -0.01 -0.00 69.55 94.07 89.94 
7.40 -0.30 -0.36 0.10 0.06 -0.13 -0.08 0.17 0.00 -0.04 68.79 93.01 89.59 
7.50 -0.33 -0.35 0.07 0.06 -0.04 -0.03 0.34 0.02 -0.08 69.81 93.47 88.99 
7.60 -0.26 -0.31 0.06 0.06 -0.12 -0.06 0.64 0.01 -0.12 72.08 93.68 88.61 
7.71 -0.23 -0.24 0.04 0.07 -0.08 -0.05 0.74 0.01 -0.13 76.08 94.07 88.36 
7.81 -0.15 -0.17 0.04 0.06 -0.00 -0.17 0.59 -0.02 -0.05 80.01 93.29 89.42 
7.91 -0.06 -0.11 0.08 0.06 -0.18 -0.14 0.45 -0.01 -0.03 83.51 93.57 89.66 
8.02 -0.04 -0.07 0.06 0.06 -0.08 -0.04 0.39 -0.01 -0.07 85.64 93.74 89.15 
8.12 -0.03 -0.04 0.05 0.07 -0.13 -0.12 0.33 0.17 -0.05 87.65 94.00 89.23 
8.22 0.03 0.00 0.11 0.09 -0.17 -0.16 0.06 0.01 -0.03 90.03 95.18 89.58 
8.33 -0.03 0.00 0.05 0.08 -0.26 -0.24 -0.07 -0.07 -0.04 90.35 94.63 89.13 
8.43 0.00 -0.02 0.06 0.08 -0.11 -0.08 0.05 -0.02 -0.03 88.66 94.89 89.63 
8.53 -0.20 -0.02 0.05 0.08 -0.07 -0.50 0.10 -0.42 -0.02 89.04 94.82 89.70 
8.64 0.25 0.02 0.09 0.10 -0.16 0.06 0.21 0.05 -0.06 89.07 95.50 89.15 
8.74 0.10 0.02 0.03 0.06 -0.22 -0.15 0.20 0.09 -0.06 90.60 93.65 89.27 
8.84 0.05 0.04 0.07 0.07 -0.19 -0.22 0.14 0.00 -0.04 92.21 93.84 89.50 
8.94 0.01 0.04 0.07 0.08 -0.13 -0.15 0.07 -0.04 -0.03 92.92 94.53 89.57 
9.05 0.06 0.07 0.04 0.07 -0.27 -0.26 0.02 -0.06 -0.00 93.85 94.25 89.89 
9.15 0.04 0.06 0.06 0.07 -0.24 -0.26 0.02 -0.02 -0.02 93.94 94.24 89.85 
9.25 0.11 0.07 0.13 0.08 -0.20 -0.18 0.02 0.06 -0.06 93.25 94.23 89.24 
9.35 0.05 0.06 0.07 0.07 -0.20 -0.21 0.00 -0.03 -0.01 93.62 94.33 89.70 
9.46 0.07 0.06 0.08 0.07 -0.21 -0.21 0.02 -0.02 0.00 93.58 94.21 90.06 
9.56 0.13 0.08 0.13 0.09 -0.29 -0.25 0.01 -0.02 0.00 94.72 94.90 90.05 
9.66 0.06 0.07 0.08 0.08 -0.21 -0.22 0.01 -0.00 0.00 94.09 94.31 90.03 
9.77 0.08 0.07 0.07 0.07 -0.25 -0.24 0.02 -0.01 0.00 93.87 94.28 90.02 
9.87 0.05 0.07 0.09 0.07 -0.24 -0.25 0.00 -0.01 -0.06 93.97 93.94 89.23 
9.98 0.07 0.07 0.06 0.06 -0.33 -0.33 -0.10 0.13 -0.07 94.19 93.66 89.22 
10.08 0.08 0.05 0.14 0.11 -0.28 -0.26 0.08 -0.51 -0.01 92.88 96.23 89.49 
10.18 0.10 0.07 0.09 0.09 -0.14 -0.11 0.81 0.16 0.13 93.90 94.86 91.39 
10.29 0.17 0.13 0.11 0.10 0.29 0.30 1.01 0.12 0.26 97.29 95.45 93.08 
10.39 0.34 0.26 0.04 0.08 0.12 0.19 0.58 -0.12 0.27 104.28 95.05 93.30 
10.49 0.28 0.31 0.01 0.06 0.30 0.31 0.26 -0.01 0.21 108.14 93.63 92.80 
10.60 0.32 0.31 0.04 0.03 0.34 -0.43 0.20 0.07 -0.06 107.78 91.80 89.55 
10.70 0.34 0.30 0.02 0.04 0.39 0.41 0.36 -0.15 -0.12 107.36 92.37 88.52 
10.80 0.36 0.33 0.11 0.08 0.48 0.47 0.40 -0.34 -0.12 108.86 94.22 88.45 
10.91 0.44 0.41 0.13 0.10 0.56 0.55 0.36 0.37 0.01 113.18 95.68 89.86 
11.01 0.40 0.45 0.16 0.11 0.46 0.42 0.13 0.10 0.09 116.08 95.76 90.96 
11.11 0.44 0.44 0.10 0.10 0.48 0.46 0.16 -0.09 0.06 115.16 95.50 90.76 
11.22 0.50 0.48 0.12 0.11 0.50 0.50 0.14 0.10 0.05 117.13 95.99 90.59 
11.32 0.43 0.47 0.05 0.07 0.41 0.40 -0.05 0.05 0.05 117.49 94.27 90.73 
11.42 0.44 0.47 0.13 0.09 0.43 0.40 -0.12 0.02 -0.02 117.21 95.15 89.81 
11.52 0.43 0.43 0.13 0.11 0.50 0.49 -0.17 0.02 -0.13 114.40 95.85 88.39 
11.63 0.43 0.41 0.10 0.11 0.44 0.47 -0.15 -0.11 -0.11 113.23 96.55 88.85 
11.73 0.40 0.41 0.11 0.10 0.34 0.34 -0.08 -0.07 -0.16 113.24 95.91 88.05 
11.84 0.45 0.44 0.11 0.10 0.14 0.15 -0.03 -0.06 -0.17 115.23 95.75 88.01 
11.94 0.43 0.44 0.15 0.13 0.18 0.16 -0.01 -0.08 -0.15 115.40 97.39 88.13 
12.04 0.42 0.42 0.13 0.14 0.15 0.15 -0.02 0.08 -0.09 114.35 97.89 88.90 
12.14 0.41 0.41 0.14 0.14 0.15 0.14 -0.00 0.08 -0.05 113.56 97.88 89.40 
12.25 0.41 0.39 0.12 0.14 0.20 0.21 0.09 -0.21 0.08 112.47 98.08 90.83 
12.35 0.43 0.40 0.10 0.12 0.23 0.25 0.25 -0.19 0.01 112.78 97.32 90.21 
12.46 0.50 0.45 0.12 0.13 0.24 0.27 0.26 -0.30 0.05 115.36 97.66 90.65 
12.56 0.45 0.46 0.08 0.10 0.28 0.29 0.09 0.05 0.14 116.42 95.63 91.57 
12.66 0.48 0.47 0.07 0.08 0.24 0.25 0.03 0.09 0.07 116.65 94.61 90.95 
12.77 0.50 0.46 0.08 0.08 0.28 0.29 0.05 -0.10 -0.03 116.12 94.88 89.66 
12.87 0.51 0.48 0.10 0.11 0.21 0.30 -0.26 0.20 -0.08 117.65 96.27 88.98 
12.97 0.41 0.44 0.05 0.08 0.11 0.11 -1.03 -0.26 -0.15 115.48 94.80 88.31 
13.08 0.28 0.33 0.06 0.08 -0.12 -0.15 -1.25 -0.23 -0.17 109.09 94.65 88.02 
13.18 0.14 0.19 0.12 0.09 -0.43 -0.03 -1.28 -0.22 -0.22 101.12 95.00 87.30 
13.28 0.00 0.08 0.08 0.08 -0.35 -0.44 -1.37 -0.04 -0.18 94.76 94.85 87.81 
13.38 -0.19 -0.07 0.09 0.10 -0.87 -0.21 -1.36 -0.22 -0.05 86.86 95.91 89.22 
13.49 -0.28 -0.20 0.05 0.07 -0.47 -0.58 -1.19 -0.10 -0.03 79.57 93.97 89.69 
13.59 -0.36 -0.30 0.04 0.05 -0.98 -1.06 -0.90 -0.13 0.01 72.59 92.85 90.14 
13.69 -0.42 -0.38 0.04 0.06 -0.72 -0.78 -0.66 -0.09 0.08 68.34 93.55 90.97 
13.80 -0.50 -0.44 0.03 0.06 -0.91 -1.03 -0.27 -0.18 0.12 65.45 93.42 91.30 
13.90 -0.52 -0.49 0.03 0.03 -0.44 -0.53 0.00 0.04 0.14 62.11 91.60 91.67 
14.00 -0.59 -0.53 0.00 0.01 -0.14 -0.21 -0.01 -0.06 0.06 60.14 90.38 90.87 
14.10 -0.53 -0.53 0.01 0.01 -0.15 -0.16 -0.09 -0.05 0.02 59.84 90.45 90.19 
14.21 -0.54 -0.53 0.01 0.01 -0.19 -0.20 -0.13 0.03 0.04 59.72 90.69 90.41 
14.31 -0.52 -0.52 0.00 0.01 -0.51 -0.52 -0.15 -0.11 0.01 60.17 90.73 90.15 
14.41 -0.53 -0.55 0.03 0.02 -0.31 -0.29 0.03 0.04 0.03 58.59 90.71 90.33 
14.52 -0.55 -0.54 0.02 0.02 -0.29 -0.31 0.10 0.02 0.03 59.19 91.12 90.35 
14.62 -0.53 -0.54 0.04 0.03 -0.21 -0.20 0.04 0.10 0.04 59.02 91.44 90.52 
14.72 -0.52 -0.53 0.02 0.02 -0.31 -0.30 0.00 0.03 0.00 59.49 91.29 90.11 
14.82 -0.53 -0.52 0.03 0.03 -0.44 -0.47 0.03 -0.10 0.01 60.54 92.06 90.06 
14.93 -0.54 -0.52 0.04 0.04 -0.40 -0.43 0.03 -0.04 0.03 60.16 92.37 90.41 
15.03 -0.53 -0.53 0.03 0.03 -0.36 -0.36 0.03 0.03 0.02 59.57 91.88 90.30 
15.13 -0.55 -0.55 0.01 0.02 -0.12 -0.24 0.11 0.06 0.02 58.63 91.25 90.23 
15.23 -0.53 -0.53 0.04 0.04 -0.18 -0.18 0.20 0.02 0.03 59.51 92.22 90.25 
15.34 -0.59 -0.53 -0.01 0.05 -0.04 -0.07 0.31 0.21 0.09 60.33 93.56 90.95 
15.44 -0.42 -0.48 0.14 0.07 -0.34 -0.30 0.36 0.10 -0.02 62.16 93.09 89.87 
15.55 -0.93 -0.83 -0.38 -0.25 0.19 0.19 0.72 -0.15 -0.05 43.66 76.97 89.28 
15.65 -0.36 -0.44 0.14 0.08 0.13 0.01 0.80 0.20 0.00 64.14 93.86 89.94 
15.75 -0.24 -0.35 0.02 0.09 -0.03 0.07 0.66 -0.44 0.05 69.00 95.54 90.51 
15.85 -0.20 -0.26 0.05 0.08 -0.01 0.04 0.78 -0.15 0.05 75.02 94.49 90.61 
15.96 -0.13 -0.19 0.05 0.08 -0.17 -0.10 0.61 -0.19 0.04 78.55 95.02 90.54 
16.06 0.07 -0.10 0.15 0.03 -0.29 -0.20 0.54 0.08 -0.00 82.58 90.24 90.12 
16.16 -0.02 -0.06 0.07 0.05 -0.13 -0.23 0.49 -0.02 0.03 86.43 92.78 90.37 
16.26 0.07 0.04 0.06 0.05 -0.46 -0.44 0.34 -0.08 0.05 91.74 92.67 90.56 
16.36 0.12 0.07 0.05 0.07 -0.49 -0.50 0.20 -0.01 0.11 93.75 94.50 91.14 
16.47 0.10 0.09 0.17 0.15 -0.14 -0.14 0.30 0.26 0.09 95.04 98.12 91.11 
16.57 0.10 0.12 0.10 0.11 -0.42 -0.45 -0.01 0.06 0.15 96.96 96.24 91.81 
16.68 0.04 0.08 0.05 0.09 -0.16 -0.18 -0.01 0.01 0.08 94.90 95.28 91.36 
16.78 0.08 0.04 0.00 0.07 -0.03 0.02 -0.00 -0.02 0.00 92.22 94.42 90.01 
16.88 0.05 0.06 0.07 0.07 -0.09 -0.11 0.02 -0.02 0.00 93.23 94.17 90.00 
16.98 0.12 0.06 0.05 0.07 -0.13 -0.08 0.02 -0.01 0.00 92.88 94.20 90.04 
17.09 0.07 0.06 0.08 0.07 -0.10 -0.10 0.00 -0.00 0.00 93.66 94.11 90.02 
17.19 0.06 0.06 0.08 0.07 -0.09 -0.10 0.01 -0.00 0.00 93.61 94.18 89.99 
17.29 0.07 0.06 0.08 0.07 -0.12 -0.12 0.01 -0.03 0.00 93.62 94.13 90.05 
17.40 0.07 0.06 0.07 0.07 -0.12 -0.12 0.01 -0.00 0.00 93.63 94.11 90.03 
17.50 0.07 0.06 0.07 0.07 -0.10 -0.10 0.01 -0.00 0.00 93.57 94.10 90.03 
17.60 0.06 0.06 0.08 0.07 -0.13 -0.13 0.01 -0.01 0.00 93.55 94.15 90.02 
17.70 0.07 0.06 0.07 0.07 -0.14 -0.13 0.01 -0.01 0.00 93.62 94.10 90.04 
17.81 0.07 0.07 0.05 0.07 -0.13 -0.13 0.02 -0.01 0.00 94.15 94.15 90.03 
17.91 0.08 0.07 0.09 0.07 -0.21 -0.21 0.02 -0.01 0.00 93.90 94.01 90.06 
18.01 0.04 0.07 0.08 0.07 -0.17 -0.20 0.01 -0.01 0.00 94.23 94.08 90.06 
18.11 0.01 0.06 0.09 0.07 -0.07 -0.13 0.01 -0.01 0.00 93.90 94.05 90.01 
18.22 0.07 0.06 0.07 0.07 -0.09 -0.09 0.01 -0.01 0.00 93.57 94.33 90.04 
18.32 0.06 0.06 0.07 0.07 -0.10 -0.09 0.01 -0.02 0.00 93.46 94.32 90.05 
18.43 0.06 0.06 0.08 0.07 -0.08 -0.09 0.01 -0.01 0.00 93.54 94.20 90.04 
18.53 0.06 0.06 0.08 0.07 -0.13 -0.14 0.00 -0.01 0.00 93.45 93.96 90.03 
18.63 0.04 0.07 0.07 0.07 -0.16 -0.16 0.01 -0.01 0.00 94.43 94.34 90.04 
18.74 0.06 0.07 0.07 0.07 -0.09 -0.09 0.01 -0.01 0.00 93.78 94.09 90.04 
18.84 0.06 0.07 0.07 0.07 -0.12 -0.12 0.01 -0.02 0.00 93.78 94.22 90.02 
18.94 0.06 0.07 0.08 0.07 -0.12 -0.12 0.02 -0.01 0.00 93.80 94.15 90.04 
19.04 0.06 0.06 0.08 0.07 -0.10 -0.10 0.01 -0.01 0.00 93.70 94.16 90.04 
19.14 0.07 0.06 0.08 0.07 -0.09 -0.09 0.01 -0.01 0.01 93.65 94.15 90.03 
19.24 0.05 0.06 0.07 0.07 -0.04 -0.04 0.01 -0.01 0.00 93.35 94.08 90.04 
19.34 0.06 0.06 0.07 0.07 -0.12 -0.12 0.01 -0.01 0.01 93.57 94.08 90.06 
19.44 0.06 0.06 0.07 0.07 -0.07 -0.07 0.01 -0.02 0.00 93.65 94.22 90.05 
19.55 0.06 0.07 0.08 0.07 -0.10 -0.11 0.02 -0.02 0.00 93.83 94.13 90.04 
19.65 0.06 0.06 0.08 0.07 -0.09 -0.10 0.01 -0.01 0.00 93.67 94.06 90.03 
19.75 0.07 0.06 0.08 0.07 -0.08 -0.08 0.01 -0.01 0.00 93.58 94.07 90.04 
19.86 0.07 0.06 0.08 0.07 -0.09 -0.10 0.01 -0.01 0.00 93.53 94.07 90.03 
19.96 0.06 0.06 0.07 0.07 -0.11 -0.11 0.01 -0.01 0.00 93.68 94.14 90.03 
20.07 0.06 0.06 0.07 0.07 -0.11 -0.12 0.01 -0.01 0.00 93.62 94.07 90.05 
20.17 0.05 0.06 0.06 0.07 -0.11 -0.11 0.02 -0.01 0.00 93.67 93.89 90.04 
20.27 0.06 0.06 0.07 0.07 -0.15 -0.15 0.01 -0.02 0.00 93.51 93.91 90.05 
20.37 0.05 0.07 0.10 0.08 -0.13 -0.15 0.01 0.00 0.00 94.13 94.18 90.06 
20.47 0.07 0.07 0.07 0.08 -0.09 -0.09 0.01 -0.01 0.00 93.76 94.32 90.05 
20.57 0.07 0.07 0.07 0.07 -0.11 -0.12 0.01 -0.02 0.00 93.72 94.21 90.03 
20.67 0.10 0.06 0.08 0.07 -0.09 -0.06 0.01 -0.02 0.01 92.79 93.91 90.04 
20.78 0.06 0.06 0.07 0.07 -0.08 -0.08 0.01 -0.02 0.00 93.38 93.62 90.04 
20.88 0.00 0.06 0.10 0.07 -0.05 -0.09 0.01 -0.00 0.00 93.75 94.00 90.04 
20.99 0.07 0.07 0.07 0.07 -0.11 -0.11 0.01 -0.01 0.00 93.80 94.16 90.04 
21.09 0.11 0.06 0.08 0.07 -0.07 -0.04 0.02 -0.02 0.00 93.14 94.23 90.01 
21.19 0.08 0.07 0.07 0.07 -0.19 -0.18 0.01 -0.02 0.00 93.99 93.96 90.04 
21.29 0.05 0.07 0.05 0.06 -0.20 -0.16 0.01 -0.01 0.00 94.04 93.89 90.04 
21.40 0.06 0.07 0.08 0.07 -0.11 -0.13 0.01 -0.01 0.00 94.09 93.95 90.04 
21.50 0.08 0.07 0.05 0.07 -0.20 -0.18 0.01 -0.00 0.00 93.85 93.99 90.05 
21.63 0.07 0.07 0.07 0.07 -0.13 -0.19 0.01 -0.01 0.00 93.96 93.85 90.03 
21.76 0.06 0.07 0.07 0.07 -0.14 -0.13 0.01 -0.00 0.00 93.91 93.91 90.04 
21.89 0.07 0.07 0.07 0.07 -0.15 -0.14 0.01 -0.01 0.00 93.88 93.92 90.04 
22.05 0.07 0.07 0.08 0.07 -0.15 -0.15 0.01 -0.00 0.00 93.90 93.99 90.01 
22.15 0.07 0.07 0.07 0.07 -0.16 -0.16 0.01 -0.01 0.01 93.84 94.02 90.06 
22.25 0.07 0.06 0.07 0.07 -0.12 -0.12 0.01 -0.00 0.00 93.66 94.00 90.05 
22.35 0.07 0.06 0.07 0.07 -0.11 -0.11 0.01 -0.02 0.01 93.63 94.09 90.06 
22.45 0.08 0.07 0.07 0.08 -0.12 0.03 0.02 -0.02 0.01 93.66 94.34 90.04 
22.56 0.06 0.06 0.07 0.07 -0.13 -0.13 0.01 -0.00 0.00 93.71 94.21 90.07 
22.66 0.08 0.07 0.07 0.07 -0.12 -0.11 0.01 -0.01 0.00 93.69 94.12 90.04 
22.76 0.07 0.07 0.08 0.07 -0.11 -0.11 0.01 -0.01 0.00 93.71 94.15 90.05 
22.87 0.07 0.06 0.06 0.07 -0.14 -0.14 0.01 -0.01 0.00 93.66 94.19 90.04 
22.97 0.07 0.06 0.06 0.07 -0.13 -0.13 0.01 -0.01 0.00 93.71 94.03 90.05 
23.07 0.06 0.06 0.07 0.07 -0.13 -0.13 0.01 -0.02 0.00 93.72 94.04 90.02 
23.17 0.07 0.07 0.07 0.07 -0.15 -0.14 0.01 -0.00 -0.00 93.81 94.08 90.03 
23.27 0.05 0.06 0.09 0.07 -0.13 -0.15 0.01 -0.01 0.00 93.82 93.88 90.05 
23.38 0.03 0.06 0.10 0.07 -0.09 -0.13 0.02 -0.00 0.00 93.80 93.92 90.01 
23.48 0.07 0.06 0.06 0.07 -0.08 -0.07 0.01 -0.01 0.00 93.53 93.98 90.03 
23.58 0.05 0.06 0.08 0.07 -0.12 -0.13 0.02 -0.01 0.00 93.81 94.07 90.06 
23.69 0.06 0.06 0.08 0.07 -0.11 -0.08 0.01 -0.01 0.00 93.73 94.13 90.05 
23.79 0.06 0.06 0.04 0.07 -0.14 -0.13 0.01 -0.00 0.00 93.63 94.18 90.03 
23.90 0.09 0.06 0.07 0.07 -0.14 -0.12 0.02 -0.01 0.00 93.06 93.68 90.03 
24.00 0.06 0.06 0.07 0.07 -0.08 -0.08 0.01 -0.02 0.00 93.59 93.96 90.03 
24.10 0.03 0.06 0.04 0.07 -0.15 -0.17 0.01 -0.01 0.00 93.83 94.30 90.05 
24.20 0.07 0.06 0.07 0.07 -0.10 -0.08 0.01 -0.00 0.00 93.26 94.08 90.04 
24.31 0.10 0.07 0.09 0.08 -0.14 -0.12 0.01 0.00 0.00 93.83 94.30 90.05 
24.41 0.13 0.08 0.09 0.08 -0.18 -0.09 0.01 -0.00 0.00 94.40 94.55 90.05 
24.51 0.03 0.07 0.06 0.08 -0.13 -0.15 0.01 -0.01 0.01 94.50 94.62 90.06 
24.61 0.07 0.07 0.12 0.08 -0.11 -0.13 0.02 -0.03 0.00 94.18 94.03 90.03 
24.72 0.07 0.07 0.07 0.07 -0.11 -0.11 0.02 -0.02 0.00 93.70 94.18 90.05 
24.82 0.06 0.06 0.07 0.07 -0.09 -0.09 0.01 -0.00 0.00 93.67 94.16 90.02 
24.92 0.04 0.06 0.16 0.08 -0.05 -0.10 0.02 -0.01 0.01 93.56 94.09 90.07 
25.02 0.06 0.06 0.07 0.08 -0.13 -0.13 0.01 -0.00 0.00 93.63 94.38 90.03 
25.13 0.06 0.06 0.08 0.07 -0.11 -0.11 0.02 -0.02 0.00 93.72 94.28 90.06 
25.23 0.06 0.06 0.07 0.07 -0.12 -0.11 0.02 -0.03 0.00 93.60 94.26 90.06 
25.33 0.05 0.06 0.07 0.07 -0.10 -0.11 0.01 -0.02 0.00 93.59 94.24 90.04 
25.43 0.06 0.06 0.08 0.07 -0.13 -0.14 0.01 -0.00 0.00 93.60 94.15 90.03 
25.53 0.21 0.10 -0.02 0.10 -0.18 0.01 -0.01 0.08 0.72 94.59 96.89 99.81 
25.64 0.03 0.06 0.07 0.02 0.08 -0.06 0.02 0.02 0.05 93.48 90.71 91.05 
25.74 0.05 0.06 0.05 0.06 0.05 0.04 0.01 -0.01 0.00 93.63 93.38 90.04 
25.84 0.08 0.06 -0.03 0.03 -0.06 -0.02 0.02 -0.04 -0.24 93.43 92.55 88.61 
25.94 0.06 0.07 0.07 0.03 -0.09 -0.11 0.05 -0.10 -1.03 93.89 91.81 77.68 
26.04 0.01 0.03 0.04 0.06 -0.09 -0.09 0.02 -0.05 -0.77 91.64 93.88 79.71 
26.14 0.08 0.06 0.15 0.13 -0.25 -0.25 0.03 -0.05 -0.20 93.48 97.08 87.04 
26.25 0.06 0.07 0.01 0.08 -0.40 -0.39 0.01 -0.02 -0.05 93.82 94.97 89.83 
26.35 0.11 0.08 0.06 0.03 -0.54 -0.51 0.02 -0.06 -0.75 94.53 91.64 82.06 
26.46 0.05 0.05 0.01 0.06 -0.45 -0.44 0.02 -0.05 -0.78 92.75 94.18 80.22 
26.56 0.11 0.06 0.19 0.12 -0.66 -0.62 0.02 -0.02 -0.30 92.88 96.04 85.75 
26.66 0.10 0.06 0.08 0.10 -0.74 -0.72 0.02 -0.01 0.01 93.49 96.02 90.06 
26.76 0.09 0.09 0.13 0.12 -0.85 -0.84 0.01 0.00 0.31 95.04 96.89 93.77 
26.87 0.12 0.11 0.06 0.14 -0.84 -0.93 -0.02 0.07 1.14 96.12 98.51 103.14 
26.97 -0.06 0.01 -0.07 -0.04 -0.34 -0.37 0.01 -0.02 0.06 91.53 87.76 90.72 
27.07 0.11 0.04 0.04 0.04 -0.54 -0.50 0.02 -0.07 -1.02 91.64 92.33 77.34 
27.18 0.11 0.09 0.22 0.15 -0.86 -0.83 0.03 -0.02 -0.07 94.84 97.66 87.89 
27.28 0.03 0.07 0.08 0.09 -0.64 -0.67 0.01 -0.01 0.00 94.35 95.55 90.02 
27.38 0.06 0.07 0.17 0.10 -0.69 -0.69 0.01 -0.00 0.09 94.14 95.62 91.05 
27.48 -0.00 0.06 0.06 0.10 -0.57 -0.63 -0.02 0.09 1.35 94.35 96.42 105.69 
27.58 -0.08 0.02 -0.12 -0.02 -0.27 -0.36 -0.01 0.01 0.24 92.10 90.17 94.63 
27.69 0.03 0.05 0.10 0.01 -0.35 -0.37 0.04 -0.07 -0.91 92.90 89.77 79.70 
27.79 0.13 0.06 0.20 0.10 -0.52 -0.48 0.01 -0.03 -0.34 92.97 94.61 84.49 
27.89 0.08 0.08 0.05 0.11 -0.65 -0.65 0.01 -0.00 0.30 94.58 96.62 93.25 
28.00 0.06 0.07 0.03 0.07 -0.56 -0.57 0.01 -0.00 0.14 93.94 94.47 92.03 
28.10 0.04 0.06 0.07 0.10 -0.48 -0.31 0.02 -0.03 0.16 93.43 95.56 91.89 
28.20 0.10 0.07 0.07 0.09 -0.54 -0.51 -0.01 0.05 0.57 93.79 95.03 96.88 
28.30 0.02 0.03 -0.04 0.04 -0.31 -0.29 0.01 0.02 0.27 91.98 92.50 93.28 
28.40 0.08 0.07 0.07 0.06 -0.37 -0.37 0.01 -0.01 0.00 93.90 93.39 90.05 
28.50 0.08 0.06 0.06 0.07 -0.37 -0.35 0.01 -0.02 0.00 93.25 94.08 90.04 
28.61 0.01 0.07 0.12 0.08 -0.42 -0.47 0.01 -0.00 0.00 94.75 94.00 90.04 
28.71 0.11 0.06 0.09 0.07 -0.37 -0.34 0.01 -0.00 0.00 93.04 93.98 90.03 
28.82 0.10 0.08 0.02 0.07 -0.47 -0.44 0.01 -0.01 0.00 94.27 94.25 90.04 
28.92 0.06 0.07 0.06 0.07 -0.43 -0.43 0.01 -0.01 0.00 94.10 94.21 90.03 
29.02 0.03 0.07 0.05 0.06 -0.38 -0.41 0.01 -0.02 0.00 94.18 93.71 90.03 
29.12 0.09 0.07 0.11 0.08 -0.44 -0.43 0.01 -0.01 0.00 93.62 93.98 90.03 
29.23 0.07 0.07 0.08 0.08 -0.44 -0.43 0.01 -0.01 0.00 93.71 94.30 90.04 
29.33 0.06 0.06 0.07 0.07 -0.38 -0.35 0.02 -0.01 0.00 93.77 94.27 90.07 
29.43 0.07 0.06 0.08 0.07 -0.38 -0.38 0.01 -0.00 0.00 93.58 94.12 90.05 
29.54 0.06 0.06 0.06 0.07 -0.37 -0.38 0.01 -0.02 0.00 93.69 94.19 90.03 
29.64 0.05 0.06 0.06 0.07 -0.34 -0.35 0.02 -0.01 0.00 93.59 94.17 90.02 
29.74 0.07 0.06 0.07 0.07 -0.32 -0.31 0.01 -0.02 0.00 93.50 93.87 90.05 
29.84 0.06 0.06 0.07 0.07 -0.44 -0.43 0.01 -0.01 0.00 93.54 94.01 90.02 
29.94 0.08 0.07 0.08 0.07 -0.41 -0.40 0.02 -0.00 0.00 93.68 94.02 90.03 
30.05 0.06 0.07 0.08 0.07 -0.41 -0.55 0.01 -0.01 0.01 93.83 94.12 90.03 
30.15 0.06 0.06 0.08 0.07 -0.43 -0.43 0.02 -0.02 0.01 93.72 94.16 90.02 
30.25 0.07 0.07 0.08 0.07 -0.44 -0.44 0.01 -0.02 0.00 93.74 94.14 90.05 
30.35 0.06 0.06 0.07 0.07 -0.43 -0.43 0.02 -0.01 0.00 93.34 94.12 90.04 
30.45 0.07 0.06 0.08 0.07 -0.43 -0.43 0.02 -0.01 0.00 93.66 94.12 90.03 
30.56 0.06 0.06 0.07 0.07 -0.45 -0.45 0.01 -0.02 0.00 93.68 94.21 90.03 
30.66 0.06 0.06 0.07 0.07 -0.43 -0.43 0.01 -0.01 0.00 93.69 94.09 90.05 
30.76 0.06 0.06 0.06 0.07 -0.43 -0.43 0.01 -0.02 0.00 93.75 94.17 90.03 
30.86 0.06 0.06 0.07 0.07 -0.42 -0.42 0.01 -0.01 0.00 93.72 94.05 90.03 
30.97 0.03 0.06 0.09 0.07 -0.40 -0.42 0.01 -0.01 0.00 93.93 93.99 90.02 
31.07 0.14 0.08 0.11 0.09 -0.25 -0.21 0.01 -0.01 0.00 94.07 94.85 90.05 
31.17 0.06 0.07 0.08 0.08 -0.38 -0.38 0.01 -0.01 0.00 93.78 94.39 90.05 
31.28 0.10 0.06 0.07 0.07 -0.38 -0.38 0.01 -0.01 0.00 93.26 94.31 90.05 
31.38 0.05 0.06 0.07 0.07 -0.38 -0.39 0.02 -0.02 0.00 93.76 94.01 90.04 
31.49 0.06 0.06 0.08 0.07 -0.38 -0.38 0.00 -0.00 0.00 93.57 94.02 90.03 
31.59 0.06 0.06 0.08 0.07 -0.39 -0.40 0.01 0.00 0.00 93.67 94.14 90.05 
31.69 0.06 0.06 0.08 0.07 -0.38 -0.39 0.01 -0.01 0.00 93.70 94.15 90.03 
31.79 0.07 0.06 0.07 0.07 -0.36 -0.37 0.01 -0.02 0.00 93.63 94.23 90.02 
31.89 0.06 0.06 0.07 0.07 -0.39 -0.39 0.01 -0.01 0.00 93.68 94.21 90.06 
32.00 0.07 0.06 0.07 0.08 -0.38 -0.38 0.01 -0.01 0.00 93.65 94.32 90.02 
32.10 0.07 0.06 0.07 0.07 -0.38 -0.37 0.01 -0.01 0.00 93.65 94.10 90.03 
32.20 0.07 0.07 0.08 0.07 -0.38 -0.38 0.01 -0.01 0.00 93.76 94.16 90.03 
32.31 0.06 0.06 0.07 0.07 -0.57 -0.41 0.02 -0.01 0.00 93.69 94.17 90.03 
32.41 0.06 0.06 0.07 0.07 -0.41 -0.41 0.02 -0.01 0.00 93.65 94.15 90.05 
32.51 0.07 0.07 0.07 0.07 -0.42 -0.42 0.01 -0.01 0.00 93.76 94.07 90.03 
32.62 0.06 0.06 0.07 0.07 -0.35 -0.35 0.01 -0.01 0.00 93.72 94.10 90.03 
32.72 0.06 0.06 0.08 0.07 -0.38 -0.38 0.01 -0.02 0.00 93.64 94.12 90.05 
32.82 0.06 0.06 0.07 0.07 -0.41 -0.41 0.01 -0.01 0.00 93.60 94.14 90.03 
32.93 0.07 0.06 0.06 0.07 -0.40 -0.39 0.01 -0.01 0.00 93.59 94.07 90.04 
33.03 0.04 0.06 0.08 0.07 -0.42 -0.43 0.01 -0.00 0.00 93.67 94.13 90.01 
33.13 0.06 0.06 0.08 0.07 -0.33 -0.34 0.01 -0.00 0.00 93.64 94.16 90.04 
33.24 0.06 0.06 0.07 0.07 -0.37 -0.37 0.01 -0.01 0.00 93.65 94.11 90.03 
33.34 0.07 0.06 0.07 0.07 -0.37 -0.36 0.01 -0.01 0.01 93.54 94.17 90.03 
33.45 0.06 0.06 0.07 0.07 -0.36 -0.36 0.01 -0.01 0.00 93.61 94.16 90.05 
33.55 0.06 0.06 0.07 0.07 -0.38 -0.54 0.01 -0.00 0.00 93.66 94.17 90.03 
33.65 0.07 0.07 0.08 0.07 -0.37 -0.36 0.01 -0.00 0.01 93.77 94.09 90.04 
33.75 0.06 0.07 0.07 0.07 -0.39 -0.39 0.01 -0.01 0.01 93.80 94.17 90.06 
33.86 0.06 0.06 0.07 0.07 -0.40 -0.40 0.01 -0.02 0.00 93.63 94.20 90.04 
33.96 0.06 0.07 0.08 0.07 -0.44 -0.44 0.01 -0.01 0.01 93.80 94.10 90.07 
34.06 0.06 0.07 0.08 0.07 -0.39 -0.38 0.01 -0.01 0.00 93.73 94.16 90.02 
34.16 0.06 0.06 0.07 0.07 -0.38 -0.39 0.01 -0.01 0.00 93.70 94.06 90.04 
34.27 0.06 0.06 0.07 0.07 -0.38 -0.38 0.01 -0.01 0.01 93.66 94.10 90.04 
34.37 0.07 0.06 0.06 0.07 -0.36 -0.35 0.01 -0.01 0.00 93.52 94.40 90.03 
34.48 0.06 0.06 0.06 0.07 -0.39 -0.39 0.01 -0.01 0.00 93.60 94.14 90.04 
34.58 0.07 0.06 0.08 0.07 -0.39 -0.39 0.01 -0.00 0.00 93.70 94.10 90.01 
34.68 0.09 0.07 0.08 0.07 -0.47 -0.45 0.01 -0.02 0.00 93.85 93.95 90.04 
34.78 0.12 0.08 0.03 0.07 -0.44 -0.41 0.01 -0.01 0.00 94.54 93.90 90.05 
34.89 0.10 0.07 0.10 0.07 -0.34 -0.32 0.02 -0.01 0.00 93.38 93.86 90.04 
34.99 -0.01 0.06 0.05 0.07 -0.35 -0.40 0.02 -0.01 0.00 93.88 94.25 90.03 
35.10 0.07 0.06 0.08 0.07 -0.39 -0.38 0.01 -0.01 0.01 93.58 93.82 90.03 
35.20 0.12 0.07 0.07 0.07 -0.43 -0.39 0.01 -0.01 0.00 94.14 93.94 90.03 
35.30 0.05 0.07 0.05 0.07 -0.41 -0.42 0.01 -0.00 0.00 94.03 94.08 90.03 
35.40 -0.02 0.06 0.10 0.08 -0.34 -0.39 0.01 -0.01 0.00 93.90 94.34 90.05 
35.51 0.06 0.07 0.07 0.07 -0.41 -0.41 0.01 -0.01 0.00 93.87 94.27 90.04 
35.61 0.05 0.06 0.07 0.07 -0.37 -0.38 0.00 -0.01 0.00 93.64 94.14 90.01 
35.71 0.06 0.06 0.09 0.07 -0.39 -0.39 0.01 -0.00 0.00 93.57 94.28 90.05 
35.81 0.07 0.06 0.08 0.07 -0.39 -0.38 0.01 -0.01 0.00 93.58 94.18 90.02 
35.92 -0.02 0.05 0.05 0.07 -0.35 -0.40 0.01 -0.02 0.00 93.74 94.15 90.05 
36.02 0.04 0.07 0.05 0.07 -0.37 -0.39 0.02 -0.03 0.00 93.75 94.19 90.05 
36.12 0.08 0.07 0.02 0.06 -0.45 -0.44 0.02 -0.01 0.00 93.91 93.83 90.03 
36.23 0.07 0.07 0.08 0.07 -0.39 -0.39 0.01 -0.00 0.00 93.83 93.98 90.04 
36.33 0.08 0.06 0.08 0.07 -0.38 -0.38 0.01 -0.00 0.00 93.48 93.90 90.03 
36.43 0.08 0.06 0.07 0.07 -0.39 -0.38 0.01 -0.02 0.00 93.51 94.17 90.03 
36.54 0.06 0.06 0.07 0.08 -0.36 -0.36 0.01 -0.02 0.00 93.67 94.36 90.07 
36.64 0.06 0.07 0.08 0.07 -0.38 -0.39 0.01 -0.01 0.00 93.95 94.28 90.04 
36.74 0.07 0.07 0.06 0.07 -0.40 -0.39 0.01 -0.01 0.00 93.73 94.01 90.04 
36.84 0.04 0.06 0.09 0.08 -0.38 -0.39 0.01 -0.02 0.00 93.62 94.27 90.04 
36.95 0.06 0.06 0.07 0.07 -0.36 -0.36 0.01 -0.01 0.00 93.52 94.18 90.03 
37.05 0.06 0.06 0.07 0.07 -0.36 -0.36 0.01 -0.01 0.00 93.63 94.09 90.04 
37.16 0.04 0.06 0.11 0.08 -0.33 -0.35 0.01 -0.00 0.00 93.55 94.16 90.01 
37.26 0.07 0.06 0.07 0.07 -0.38 -0.37 0.01 -0.01 0.00 93.21 94.30 90.04 
37.36 0.05 0.06 0.06 0.07 -0.40 -0.40 0.01 -0.03 0.00 93.86 94.24 90.05 
37.46 0.08 0.06 0.10 0.07 -0.35 -0.34 0.01 -0.01 0.00 93.54 94.05 90.01 
37.57 0.09 0.08 0.09 0.07 -0.43 -0.52 0.01 -0.01 0.00 94.49 94.08 90.03 
37.67 0.06 0.07 0.07 0.07 -0.44 -0.44 0.01 -0.02 0.00 94.32 94.12 90.05 
37.78 0.07 0.07 0.08 0.07 -0.39 -0.39 0.01 -0.00 0.00 93.83 93.92 90.04 
37.88 0.07 0.07 0.07 0.07 -0.40 -0.39 0.01 -0.02 0.01 93.70 94.21 90.04 
37.98 0.08 0.07 0.08 0.07 -0.40 -0.39 0.01 -0.02 0.00 93.64 94.27 90.04 
38.09 0.06 0.07 0.06 0.07 -0.47 -0.45 0.01 -0.02 0.00 94.07 94.11 90.04 
38.19 0.05 0.07 0.07 0.07 -0.42 -0.43 0.01 -0.01 0.00 93.97 94.13 90.07 
38.29 0.06 0.06 0.08 0.07 -0.41 -0.41 0.01 0.00 0.00 93.72 93.92 90.04 
38.40 0.07 0.07 0.07 0.07 -0.39 -0.39 0.01 -0.01 0.00 93.75 94.13 90.02 
38.50 0.07 0.06 0.07 0.07 -0.38 -0.37 0.02 -0.02 0.00 93.49 94.21 90.05 
38.60 0.06 0.06 0.06 0.07 -0.37 -0.38 0.01 -0.02 0.01 93.45 94.09 90.09 
38.71 0.05 0.07 0.08 0.07 -0.39 -0.40 0.01 0.00 0.00 93.94 93.99 90.04 
38.81 0.06 0.07 0.08 0.07 -0.39 -0.39 0.01 -0.00 0.00 93.81 93.85 90.06 
38.91 0.08 0.07 0.07 0.07 -0.39 -0.38 0.02 -0.01 0.00 93.82 94.00 90.01 
39.02 0.07 0.06 0.07 0.07 -0.41 -0.40 0.01 -0.01 0.00 93.58 94.30 90.04 
39.12 0.06 0.06 0.07 0.07 -0.36 -0.36 0.02 -0.01 0.00 93.47 93.94 90.03 
39.22 0.06 0.06 0.08 0.07 -0.36 -0.37 0.01 -0.01 0.00 93.71 94.16 90.04 
39.32 0.06 0.06 0.08 0.07 -0.40 -0.41 0.01 -0.00 0.00 93.67 93.88 90.03 
39.43 0.08 0.07 0.08 0.07 -0.38 -0.37 0.01 -0.01 0.00 93.76 94.12 90.02 
39.53 0.06 0.07 0.07 0.08 -0.40 -0.41 0.01 -0.01 0.00 94.07 94.67 90.06 
39.63 0.06 0.06 0.07 0.07 -0.37 -0.37 0.02 -0.01 0.00 93.58 93.98 90.05 
39.73 0.06 0.06 0.07 0.08 -0.36 -0.35 0.01 -0.01 0.00 93.39 94.52 90.04 
39.84 0.07 0.06 0.08 0.07 -0.38 -0.39 0.01 -0.01 0.00 93.64 93.96 90.04 
39.94 0.06 0.07 0.08 0.07 -0.40 -0.40 0.01 -0.01 0.00 93.76 94.07 90.04 
40.04 0.08 0.07 0.07 0.07 -0.38 -0.37 0.02 -0.01 0.00 93.84 94.30 90.04 
40.15 0.07 0.06 0.08 0.07 -0.38 -0.38 0.01 -0.01 0.00 93.70 94.10 90.01 
40.25 0.06 0.06 0.07 0.07 -0.36 -0.36 0.01 -0.01 0.00 93.74 94.16 90.03 
40.35 0.07 0.06 0.07 0.07 -0.40 -0.40 0.01 -0.01 0.00 93.62 94.00 90.04 
40.45 0.06 0.06 0.07 0.07 -0.36 -0.36 0.01 -0.01 0.00 93.67 94.01 90.03 
40.55 0.07 0.07 0.08 0.07 -0.40 -0.39 0.01 -0.01 0.00 93.82 94.20 90.02 
40.66 0.06 0.06 0.06 0.07 -0.40 -0.40 0.01 -0.01 0.01 93.68 94.02 90.06 
40.76 0.06 0.06 0.07 0.07 -0.39 -0.39 0.01 -0.02 0.00 93.60 94.18 90.05 
40.86 0.06 0.06 0.08 0.07 -0.36 -0.37 0.01 0.00 0.00 93.60 94.01 90.04 
40.97 0.06 0.06 0.08 0.07 -0.39 -0.40 0.01 -0.01 0.00 93.64 94.05 90.04 
41.07 0.06 0.06 0.08 0.07 -0.39 -0.37 0.01 -0.00 0.00 93.56 94.17 90.04 
41.17 0.06 0.06 0.07 0.07 -0.41 -0.41 0.01 -0.00 0.00 93.57 93.97 90.05 
41.27 0.06 0.06 0.07 0.07 -0.40 -0.40 0.02 -0.01 0.00 93.70 94.00 90.04 
41.38 0.07 0.06 0.07 0.07 -0.38 -0.38 0.01 -0.01 0.00 93.62 94.02 90.03 
41.48 0.07 0.06 0.07 0.07 -0.42 -0.41 0.01 -0.00 0.00 93.62 93.94 90.04 
41.59 0.07 0.07 0.06 0.08 -0.44 -0.46 0.01 -0.01 0.00 94.26 94.53 90.02 
41.69 0.05 0.06 0.10 0.08 -0.40 -0.42 0.01 -0.01 0.00 93.66 94.42 90.03 
41.79 0.10 0.06 0.10 0.07 -0.36 -0.35 0.01 -0.01 0.00 93.33 93.85 90.03 
