0:0:0 1.39 0 0.00000000 0.00000000 0.00 0.00 0.00 7.82 3.82 -17.96 0.01 -0.01 0.01 -0.67 0.78 10.20
 0:0:0 1.53 0 0.00000000 0.00000000 0.00 0.00 0.00 7.82 3.82 -17.96 0.02 -0.01 0.00 -0.63 0.75 10.36
 23:59:51 1.63 0 0.00000000 0.00000000 0.00 0.00 0.00 7.73 3.64 -17.86 0.01 -0.01 0.00 -0.67 0.78 10.20
 23:59:51 1.73 0 0.00000000 0.00000000 0.00 0.00 0.00 8.09 3.82 -18.27 0.02 -0.01 0.00 -0.59 0.71 10.20
 23:59:51 1.83 0 0.00000000 0.00000000 0.00 0.00 0.00 7.91 3.91 -18.27 0.01 -0.01 0.00 -0.71 0.75 10.24
 23:59:51 1.93 0 0.00000000 0.00000000 0.00 0.00 0.00 7.73 3.55 -18.16 0.02 -0.01 0.00 -0.63 0.71 10.20
 23:59:51 2.03 0 0.00000000 0.00000000 0.00 0.00 0.00 7.82 3.45 -17.96 0.02 -0.01 0.00 -0.63 0.71 10.16
 23:59:51 2.13 0 0.00000000 0.00000000 0.00 0.00 0.00 8.00 3.82 -18.27 0.01 -0.01 0.00 -0.63 0.75 10.20
 23:59:51 2.24 0 0.00000000 0.00000000 0.00 0.00 0.00 7.91 3.64 -17.86 0.02 -0.01 0.01 -0.67 0.71 10.24
 23:59:51 2.34 0 0.00000000 0.00000000 0.00 0.00 0.00 8.09 3.64 -17.96 0.01 -0.01 0.00 -0.55 0.75 10.32
 23:59:52 2.44 0 0.00000000 0.00000000 0.00 0.00 0.00 7.91 3.91 -18.16 0.01 -0.01 0.00 -0.63 0.75 10.20
 23:59:52 2.54 0 0.00000000 0.00000000 0.00 0.00 0.00 7.91 3.55 -18.16 0.02 -0.01 0.01 -0.63 0.75 10.20
 23:59:52 2.64 0 0.00000000 0.00000000 0.00 0.00 0.00 7.73 3.64 -17.96 0.01 -0.01 0.00 -0.59 0.75 10.24
 23:59:52 2.74 0 0.00000000 0.00000000 0.00 0.00 0.00 7.91 3.55 -17.76 0.02 -0.01 0.00 -0.63 0.78 10.20
 23:59:52 2.84 0 0.00000000 0.00000000 0.00 0.00 0.00 7.73 3.64 -18.06 0.01 -0.01 0.00 -0.63 0.78 10.20
 23:59:52 2.94 0 0.00000000 0.00000000 0.00 0.00 0.00 8.00 3.64 -18.27 0.02 -0.01 0.01 -0.59 0.71 10.16
 23:59:52 3.04 0 0.00000000 0.00000000 0.00 0.00 0.00 7.73 3.64 -17.76 0.01 -0.01 0.00 -0.63 0.67 10.24
 23:59:52 3.14 0 0.00000000 0.00000000 0.00 0.00 0.00 8.00 3.73 -18.27 0.01 -0.02 0.00 -0.63 0.71 10.32
 23:59:52 3.24 0 0.00000000 0.00000000 0.00 0.00 0.00 7.64 3.91 -18.27 0.02 -0.01 0.00 -0.67 0.71 10.24
 23:59:52 3.34 0 0.00000000 0.00000000 0.00 0.00 0.00 7.82 3.64 -18.06 0.02 -0.01 0.01 -0.59 0.71 10.16
 23:59:53 3.44 0 0.00000000 0.00000000 0.00 0.00 0.00 7.73 3.64 -18.06 0.01 -0.01 0.01 -0.63 0.71 10.20
 23:59:53 3.54 0 0.00000000 0.00000000 0.00 0.00 0.00 8.00 3.73 -17.96 0.02 -0.01 0.01 -0.59 0.71 10.24
 23:59:53 3.64 0 0.00000000 0.00000000 0.00 0.00 0.00 7.91 3.64 -18.06 0.02 -0.01 0.01 -0.55 0.75 10.16
 23:59:53 3.74 0 0.00000000 0.00000000 0.00 0.00 0.00 7.91 3.64 -18.27 0.01 -0.01 0.01 -0.59 0.75 10.20
 23:59:53 3.84 0 0.00000000 0.00000000 0.00 0.00 0.00 7.55 3.64 -18.06 0.02 -0.01 0.00 -0.59 0.71 10.16
 23:59:53 3.95 0 0.00000000 0.00000000 0.00 0.00 0.00 8.09 3.82 -18.16 0.01 -0.01 0.00 -0.67 0.71 10.20
 23:59:53 4.05 0 0.00000000 0.00000000 0.00 0.00 0.00 7.91 3.73 -18.06 0.01 -0.01 0.00 -0.71 0.71 10.24
 23:59:53 4.15 0 0.00000000 0.00000000 0.00 0.00 0.00 7.82 3.55 -17.76 0.01 -0.01 0.00 -0.67 0.67 10.28
 23:59:53 4.25 0 0.00000000 0.00000000 0.00 0.00 0.00 7.73 3.82 -18.16 0.01 -0.01 0.01 -0.63 0.67 10.20
 23:59:53 4.35 0 0.00000000 0.00000000 0.00 0.00 0.00 7.82 3.55 -17.96 0.02 -0.01 0.01 -0.63 0.75 10.24
 23:59:54 4.45 0 0.00000000 0.00000000 0.00 0.00 0.00 7.64 3.55 -17.65 0.01 -0.01 0.00 -0.63 0.75 10.16
 23:59:54 4.55 0 0.00000000 0.00000000 0.00 0.00 0.00 7.91 3.64 -17.96 0.02 -0.01 0.00 -0.63 0.71 10.32
 23:59:54 4.65 0 0.00000000 0.00000000 0.00 0.00 0.00 7.91 3.55 -17.86 0.01 -0.01 0.01 -0.63 0.75 10.28
 23:59:54 4.75 0 0.00000000 0.00000000 0.00 0.00 0.00 7.73 3.82 -17.96 0.01 -0.01 0.00 -0.59 0.71 10.24
 23:59:54 4.85 0 0.00000000 0.00000000 0.00 0.00 0.00 7.82 3.82 -17.96 0.01 -0.01 0.00 -0.59 0.71 10.51
 23:59:54 4.95 0 0.00000000 0.00000000 0.00 0.00 0.00 7.82 3.64 -18.06 0.02 -0.01 0.00 -0.67 0.75 10.24
 23:59:54 5.05 0 0.00000000 0.00000000 0.00 0.00 0.00 7.82 3.55 -18.06 0.01 -0.01 0.00 -0.63 0.71 10.28
 23:59:54 5.16 0 0.00000000 0.00000000 0.00 0.00 0.00 7.91 3.64 -17.96 0.01 -0.01 0.01 -0.63 0.75 10.20
 23:59:54 5.26 0 0.00000000 0.00000000 0.00 0.00 0.00 7.82 3.91 -17.96 0.01 -0.01 0.00 -0.67 0.75 10.24
 23:59:54 5.36 0 0.00000000 0.00000000 0.00 0.00 0.00 8.00 3.64 -18.06 0.01 -0.01 0.01 -0.63 0.75 10.32
 23:59:55 5.46 0 0.00000000 0.00000000 0.00 0.00 0.00 7.73 3.55 -17.76 0.01 -0.01 0.00 -0.59 0.75 10.20
 23:59:55 5.56 0 0.00000000 0.00000000 0.00 0.00 0.00 7.73 3.73 -18.06 0.01 -0.01 0.01 -0.63 0.71 10.12
 23:59:55 5.66 0 0.00000000 0.00000000 0.00 0.00 0.00 7.64 3.64 -18.16 0.01 -0.01 0.00 -0.63 0.67 10.20
 23:59:55 5.76 0 0.00000000 0.00000000 0.00 0.00 0.00 7.91 3.82 -17.86 0.01 -0.01 0.00 -0.59 0.67 10.16
 23:59:55 5.86 0 0.00000000 0.00000000 0.00 0.00 0.00 7.73 3.73 -17.96 0.01 -0.01 0.01 -0.67 0.67 10.24
 23:59:55 5.96 0 0.00000000 0.00000000 0.00 0.00 0.00 7.91 3.64 -18.27 0.01 -0.01 0.01 -0.63 0.71 10.24
 23:59:55 6.06 0 0.00000000 0.00000000 0.00 0.00 0.00 8.00 3.64 -18.06 0.01 -0.01 0.00 -0.67 0.71 10.20
 23:59:55 6.16 0 0.00000000 0.00000000 0.00 0.00 0.00 7.64 3.45 -17.86 0.01 -0.01 0.00 -0.59 0.75 10.24
 23:59:55 6.26 0 0.00000000 0.00000000 0.00 0.00 0.00 7.91 3.82 -17.96 0.02 -0.01 0.00 -0.59 0.71 10.20
 23:59:55 6.37 0 0.00000000 0.00000000 0.00 0.00 0.00 7.82 3.73 -17.96 0.02 -0.00 0.00 -0.63 0.71 10.24
 23:59:56 6.47 0 0.00000000 0.00000000 0.00 0.00 0.00 8.00 3.82 -17.86 0.01 -0.01 0.00 -0.63 0.75 10.32
 23:59:56 6.57 0 0.00000000 0.00000000 0.00 0.00 0.00 8.09 3.64 -18.16 0.02 -0.01 0.01 -0.59 0.75 10.20
 23:59:56 6.67 0 0.00000000 0.00000000 0.00 0.00 0.00 8.00 3.55 -17.96 0.01 -0.01 0.01 -0.67 0.75 10.24
 23:59:56 6.77 0 0.00000000 0.00000000 0.00 0.00 0.00 7.91 3.73 -18.27 0.02 -0.01 0.00 -0.63 0.75 10.20
 23:59:56 6.87 0 0.00000000 0.00000000 0.00 0.00 0.00 8.09 3.45 -18.06 0.01 -0.01 0.00 -0.63 0.63 10.28
 23:59:56 6.97 0 0.00000000 0.00000000 0.00 0.00 0.00 7.91 3.64 -17.96 0.01 -0.01 0.00 -0.63 0.75 10.28
 23:59:56 7.07 0 0.00000000 0.00000000 0.00 0.00 0.00 7.91 4.00 -17.76 0.01 -0.01 0.01 -0.63 0.71 10.20
 23:59:56 7.17 0 0.00000000 0.00000000 0.00 0.00 0.00 7.91 3.64 -17.86 0.01 -0.01 0.00 -0.63 0.67 10.24
 23:59:56 7.27 0 0.00000000 0.00000000 0.00 0.00 0.00 8.00 3.82 -17.65 0.02 -0.01 0.00 -0.63 0.67 10.16
 23:59:57 7.38 0 0.00000000 0.00000000 0.00 0.00 0.00 7.73 3.82 -17.96 0.02 -0.01 0.00 -0.59 0.71 10.20
 23:59:57 7.48 0 0.00000000 0.00000000 0.00 0.00 0.00 7.82 3.64 -17.86 0.02 -0.01 0.00 -0.59 0.75 10.24
 23:59:57 7.58 0 0.00000000 0.00000000 0.00 0.00 0.00 0.00 0.00 0.00 0.01 -0.01 0.00 -0.59 0.71 10.36
 23:59:57 7.68 0 0.00000000 0.00000000 0.00 0.00 0.00 7.82 3.73 -17.96 0.01 -0.01 0.00 -0.55 0.67 10.28
 23:59:57 7.78 0 0.00000000 0.00000000 0.00 0.00 0.00 7.64 3.45 -17.65 0.01 -0.01 0.00 -0.63 0.78 10.16
 23:59:57 7.88 0 0.00000000 0.00000000 0.00 0.00 0.00 7.73 3.45 -18.06 0.02 -0.01 0.00 -0.63 0.67 10.20
 23:59:57 7.98 0 0.00000000 0.00000000 0.00 0.00 0.00 7.82 3.64 -18.06 0.01 -0.01 0.00 -0.63 0.78 10.16
 23:59:57 8.08 0 0.00000000 0.00000000 0.00 0.00 0.00 7.82 3.91 -18.16 0.02 -0.01 0.00 -0.63 0.78 10.28
 23:59:57 8.18 0 0.00000000 0.00000000 0.00 0.00 0.00 7.64 3.73 -17.96 0.01 -0.01 0.00 -0.59 0.71 10.32
 23:59:57 8.28 0 0.00000000 0.00000000 0.00 0.00 0.00 7.82 3.55 -18.06 0.01 -0.01 0.00 -0.63 0.59 10.28
 23:59:58 8.38 0 0.00000000 0.00000000 0.00 0.00 0.00 7.64 3.64 -18.16 0.01 -0.01 0.00 -0.71 0.75 10.28
 23:59:58 8.48 0 0.00000000 0.00000000 0.00 0.00 0.00 7.82 3.55 -17.86 0.02 -0.01 0.00 -0.59 0.67 10.28
 23:59:58 8.59 0 0.00000000 0.00000000 0.00 0.00 0.00 7.73 3.73 -18.27 0.01 -0.01 0.01 -0.55 0.71 10.24
 23:59:58 8.69 0 0.00000000 0.00000000 0.00 0.00 0.00 7.91 3.64 -18.06 0.02 -0.01 0.01 -0.67 0.67 10.28
 23:59:58 8.79 0 0.00000000 0.00000000 0.00 0.00 0.00 7.82 3.64 -17.86 0.01 -0.01 0.00 -0.63 0.75 10.32
 23:59:58 8.89 0 0.00000000 0.00000000 0.00 0.00 0.00 7.73 3.45 -17.76 0.02 -0.01 0.00 -0.63 0.75 10.20
 23:59:58 8.99 0 0.00000000 0.00000000 0.00 0.00 0.00 8.00 3.73 -17.96 0.02 -0.01 0.00 -0.59 0.71 10.32
 23:59:58 9.09 0 0.00000000 0.00000000 0.00 0.00 0.00 8.00 3.73 -17.86 0.01 -0.01 0.00 -0.59 0.75 10.28
 23:59:58 9.19 0 0.00000000 0.00000000 0.00 0.00 0.00 7.91 3.73 -17.76 0.01 -0.01 0.00 -0.59 0.75 10.20
 23:59:58 9.29 0 0.00000000 0.00000000 0.00 0.00 0.00 7.73 3.64 -17.96 0.01 -0.01 0.01 -0.63 0.71 10.28
 23:59:59 9.39 0 0.00000000 0.00000000 0.00 0.00 0.00 7.82 3.36 -17.86 0.02 -0.00 0.00 -0.67 0.63 10.16
 23:59:59 9.50 0 0.00000000 0.00000000 0.00 0.00 0.00 7.82 3.82 -18.06 0.01 -0.01 0.01 -0.63 0.71 10.20
 23:59:59 9.60 0 0.00000000 0.00000000 0.00 0.00 0.00 7.91 3.73 -17.86 0.02 -0.01 0.01 -0.63 0.71 10.20
 23:59:59 9.70 0 0.00000000 0.00000000 0.00 0.00 0.00 7.64 3.73 -17.86 0.01 -0.01 0.01 -0.63 0.67 10.20
 23:59:59 9.80 0 0.00000000 0.00000000 0.00 0.00 0.00 7.82 3.82 -17.76 0.02 -0.01 0.00 -0.67 0.78 10.20
 23:59:59 9.90 0 0.00000000 0.00000000 0.00 0.00 0.00 7.82 3.73 -17.96 0.01 -0.01 0.00 -0.67 0.67 10.28
 23:59:59 10.00 0 0.00000000 0.00000000 0.00 0.00 0.00 7.73 3.55 -18.06 0.01 -0.01 0.00 -0.55 0.75 10.20
 23:59:59 10.10 0 0.00000000 0.00000000 0.00 0.00 0.00 7.73 3.73 -18.06 0.01 -0.01 0.00 -0.59 0.67 10.24
 23:59:59 10.20 0 0.00000000 0.00000000 0.00 0.00 0.00 7.64 3.55 -17.96 0.02 -0.01 0.00 -0.59 0.71 10.28
 23:59:59 10.30 0 0.00000000 0.00000000 0.00 0.00 0.00 7.73 3.55 -18.16 0.01 -0.01 0.01 -0.63 0.67 10.12
 0:0:0 10.40 0 0.00000000 0.00000000 0.00 0.00 0.00 7.64 3.45 -17.86 0.02 -0.01 0.00 -0.67 0.86 10.08
 0:0:0 10.51 0 0.00000000 0.00000000 0.00 0.00 0.00 7.73 3.64 -17.86 0.02 -0.01 0.00 -0.59 0.71 10.20
 0:0:0 10.61 0 0.00000000 0.00000000 0.00 0.00 0.00 8.00 3.55 -17.76 0.01 -0.01 0.00 -0.67 0.67 10.28
 0:0:0 10.71 0 0.00000000 0.00000000 0.00 0.00 0.00 7.73 3.82 -18.16 0.01 -0.01 0.00 -0.67 0.67 10.20
 0:0:0 10.81 0 0.00000000 0.00000000 0.00 0.00 0.00 7.82 3.73 -17.96 0.01 -0.01 0.00 -0.67 0.75 10.16
 0:0:0 10.91 0 0.00000000 0.00000000 0.00 0.00 0.00 7.73 3.91 -18.16 0.01 -0.01 0.00 -0.63 0.67 10.28
 0:0:0 11.01 0 0.00000000 0.00000000 0.00 0.00 0.00 7.82 3.73 -17.86 0.01 -0.01 0.01 -0.59 0.67 10.24
 0:0:0 11.11 0 0.00000000 0.00000000 0.00 0.00 0.00 7.91 3.73 -17.96 0.01 -0.01 0.00 -0.59 0.75 10.12
 0:0:0 11.21 0 0.00000000 0.00000000 0.00 0.00 0.00 8.00 3.55 -17.76 0.02 -0.01 0.00 -0.59 0.75 10.24
 0:0:0 11.31 0 0.00000000 0.00000000 0.00 0.00 0.00 7.91 3.55 -18.06 0.01 -0.01 0.00 -0.59 0.71 10.16
 0:0:1 11.41 0 0.00000000 0.00000000 0.00 0.00 0.00 7.82 3.45 -17.96 0.01 -0.01 0.01 -0.63 0.78 10.24
 0:0:1 11.52 0 0.00000000 0.00000000 0.00 0.00 0.00 7.82 3.36 -17.96 0.01 -0.01 0.00 -0.63 0.67 10.16
 0:0:1 11.62 0 0.00000000 0.00000000 0.00 0.00 0.00 7.73 3.73 -17.86 0.02 -0.01 0.00 -0.59 0.67 10.28
 0:0:1 11.72 0 0.00000000 0.00000000 0.00 0.00 0.00 7.73 3.55 -17.76 0.02 -0.01 0.00 -0.67 0.78 10.28
 0:0:1 11.82 0 0.00000000 0.00000000 0.00 0.00 0.00 8.00 3.64 -17.86 0.01 -0.01 0.00 -0.51 0.63 10.24
 0:0:1 11.92 0 0.00000000 0.00000000 0.00 0.00 0.00 7.73 3.73 -18.06 0.01 -0.01 0.00 -0.63 0.67 10.24
 0:0:1 12.02 0 0.00000000 0.00000000 0.00 0.00 0.00 7.91 3.55 -17.86 0.01 -0.01 0.01 -0.67 0.71 10.20
 0:0:1 12.12 0 0.00000000 0.00000000 0.00 0.00 0.00 7.82 3.91 -17.86 0.01 -0.01 0.00 -0.55 0.71 10.28
 0:0:1 12.22 0 0.00000000 0.00000000 0.00 0.00 0.00 7.82 3.36 -17.96 0.02 -0.01 0.00 -0.63 0.75 10.16
 0:0:1 12.32 0 0.00000000 0.00000000 0.00 0.00 0.00 7.82 3.64 -18.06 0.01 -0.01 0.00 -0.55 0.67 10.24
 0:0:2 12.43 0 0.00000000 0.00000000 0.00 0.00 0.00 7.45 3.64 -17.86 0.01 -0.01 0.00 -0.59 0.71 10.24
 0:0:2 12.53 0 0.00000000 0.00000000 0.00 0.00 0.00 7.64 3.64 -18.37 0.02 -0.01 0.00 -0.63 0.67 10.24
 0:0:2 12.63 0 0.00000000 0.00000000 0.00 0.00 0.00 7.82 3.45 -18.06 0.01 -0.01 0.01 -0.67 0.71 10.28
 0:0:2 12.73 0 0.00000000 0.00000000 0.00 0.00 0.00 7.82 3.82 -17.65 0.01 -0.01 0.00 -0.63 0.75 10.24
 0:0:2 12.83 0 0.00000000 0.00000000 0.00 0.00 0.00 7.64 3.73 -17.96 0.01 -0.01 0.00 -0.71 0.71 10.20
 0:0:2 12.93 0 0.00000000 0.00000000 0.00 0.00 0.00 7.82 3.73 -17.86 0.01 -0.01 0.00 -0.63 0.75 10.20
 0:0:2 13.03 0 0.00000000 0.00000000 0.00 0.00 0.00 7.91 3.73 -17.86 0.01 -0.01 0.01 -0.59 0.75 10.24
 0:0:2 13.13 0 0.00000000 0.00000000 0.00 0.00 0.00 7.91 3.64 -17.86 0.02 -0.01 0.01 -0.59 0.78 10.08
 0:0:2 13.23 0 0.00000000 0.00000000 0.00 0.00 0.00 8.00 3.64 -17.86 0.02 -0.01 0.00 -0.59 0.71 10.28
 0:0:2 13.33 0 0.00000000 0.00000000 0.00 0.00 0.00 7.91 3.55 -17.96 0.01 -0.01 0.00 -0.63 0.71 10.24
 0:0:3 13.44 0 0.00000000 0.00000000 0.00 0.00 0.00 7.64 3.45 -17.65 0.01 -0.01 0.01 -0.63 0.75 10.32
 0:0:3 13.54 0 0.00000000 0.00000000 0.00 0.00 0.00 7.64 3.91 -17.96 0.01 -0.01 0.00 -0.63 0.71 10.32
 0:0:3 13.64 0 0.00000000 0.00000000 0.00 0.00 0.00 8.00 3.82 -17.86 0.01 -0.01 0.01 -0.71 0.71 10.24
 0:0:3 13.74 0 0.00000000 0.00000000 0.00 0.00 0.00 7.91 3.55 -18.16 0.02 -0.01 0.00 -0.59 0.78 10.20
 0:0:3 13.84 0 0.00000000 0.00000000 0.00 0.00 0.00 7.91 3.45 -17.96 0.01 -0.01 0.01 -0.63 0.71 10.20
 0:0:3 13.94 0 0.00000000 0.00000000 0.00 0.00 0.00 7.82 3.82 -17.76 0.01 -0.01 0.01 -0.63 0.71 10.20
 0:0:3 14.08 0 0.00000000 0.00000000 0.00 0.00 0.00 7.82 3.45 -17.65 0.01 -0.01 0.01 -0.63 0.71 10.28
 0:0:3 14.21 0 0.00000000 0.00000000 0.00 0.00 0.00 7.55 3.73 -17.86 0.02 -0.01 0.01 -0.59 0.71 10.28
 0:0:3 14.36 0 0.00000000 0.00000000 0.00 0.00 0.00 7.73 3.55 -18.27 0.01 -0.01 0.00 -0.63 0.71 10.24
 0:0:3 14.50 0 0.00000000 0.00000000 0.00 0.00 0.00 7.82 3.64 -18.06 0.02 -0.01 0.00 -0.71 0.67 10.24
 0:0:3 14.61 0 0.00000000 0.00000000 0.00 0.00 0.00 7.45 3.64 -18.16 0.00 -0.01 0.01 -0.63 0.71 10.24
 0:0:4 14.72 0 0.00000000 0.00000000 0.00 0.00 0.00 7.91 3.73 -17.96 0.01 -0.01 0.00 -0.59 0.67 10.24
 0:0:4 14.82 0 0.00000000 0.00000000 0.00 0.00 0.00 7.91 3.55 -17.96 0.02 -0.01 0.00 -0.59 0.71 10.24
 0:0:4 14.92 0 0.00000000 0.00000000 0.00 0.00 0.00 7.91 3.73 -17.76 0.02 -0.01 0.00 -0.55 0.75 10.32
 0:0:4 15.02 0 0.00000000 0.00000000 0.00 0.00 0.00 7.91 3.45 -17.96 0.02 -0.01 0.00 -0.63 0.67 10.28
 0:0:4 15.12 0 0.00000000 0.00000000 0.00 0.00 0.00 7.73 3.55 -18.06 0.01 -0.01 0.00 -0.67 0.71 10.08
 0:0:4 15.22 0 0.00000000 0.00000000 0.00 0.00 0.00 7.91 3.91 -18.16 0.02 -0.01 0.00 -0.63 0.67 10.20
 0:0:4 15.32 0 0.00000000 0.00000000 0.00 0.00 0.00 8.00 3.82 -17.96 0.02 -0.01 0.00 -0.59 0.67 10.20
 0:0:5 15.42 0 0.00000000 0.00000000 0.00 0.00 0.00 8.00 3.82 -17.86 0.02 -0.01 0.01 -0.63 0.78 10.24
 0:0:5 15.52 0 0.00000000 0.00000000 0.00 0.00 0.00 7.82 3.82 -18.06 0.01 -0.01 0.01 -0.67 0.71 10.36
 0:0:5 15.63 0 0.00000000 0.00000000 0.00 0.00 0.00 8.09 3.73 -17.96 0.01 -0.01 0.00 -0.67 0.71 10.24
 0:0:5 15.73 0 0.00000000 0.00000000 0.00 0.00 0.00 8.09 3.73 -17.96 0.02 -0.01 0.01 -0.63 0.67 10.28
 0:0:5 15.83 0 0.00000000 0.00000000 0.00 0.00 0.00 7.27 3.55 -18.06 0.02 -0.01 0.01 -0.59 0.75 10.16
 0:0:5 15.93 0 0.00000000 0.00000000 0.00 0.00 0.00 7.91 3.36 -17.86 0.01 -0.02 0.00 -0.67 0.71 10.16
 0:0:5 16.03 0 0.00000000 0.00000000 0.00 0.00 0.00 7.91 3.64 -17.65 0.01 -0.01 0.00 -0.59 0.63 10.24
 0:0:5 16.13 0 0.00000000 0.00000000 0.00 0.00 0.00 7.82 3.64 -17.86 0.02 -0.01 0.01 -0.55 0.71 10.16
 0:0:5 16.23 0 0.00000000 0.00000000 0.00 0.00 0.00 7.82 3.45 -17.96 0.01 -0.01 0.01 -0.63 0.75 10.20
 0:0:5 16.33 0 0.00000000 0.00000000 0.00 0.00 0.00 7.73 3.73 -18.16 0.01 -0.01 0.00 -0.59 0.71 10.16
 0:0:6 16.43 0 0.00000000 0.00000000 0.00 0.00 0.00 7.91 3.64 -18.06 0.01 -0.01 0.00 -0.63 0.67 10.32
 0:0:6 16.53 0 0.00000000 0.00000000 0.00 0.00 0.00 7.82 3.91 -18.06 0.02 -0.01 0.00 -0.59 0.71 10.24
 0:0:6 16.63 0 0.00000000 0.00000000 0.00 0.00 0.00 7.82 3.73 -17.86 0.02 -0.01 0.00 -0.63 0.71 10.24
 0:0:6 16.74 0 0.00000000 0.00000000 0.00 0.00 0.00 8.00 3.82 -17.76 0.01 -0.01 0.01 -0.63 0.67 10.16
 0:0:6 16.84 0 0.00000000 0.00000000 0.00 0.00 0.00 7.91 3.55 -17.96 0.02 -0.01 0.00 -0.59 0.71 10.32
 0:0:6 16.94 0 0.00000000 0.00000000 0.00 0.00 0.00 7.82 3.82 -17.96 0.01 -0.01 0.00 -0.63 0.78 10.20
 0:0:6 17.04 0 0.00000000 0.00000000 0.00 0.00 0.00 7.91 3.73 -18.06 0.01 -0.01 0.00 -0.71 0.71 10.20
 0:0:6 17.14 0 0.00000000 0.00000000 0.00 0.00 0.00 7.64 3.64 -17.96 0.02 -0.01 0.00 -0.59 0.71 10.28
 0:0:6 17.24 0 0.00000000 0.00000000 0.00 0.00 0.00 7.64 3.91 -18.06 -0.00 -0.02 0.01 -0.67 0.90 10.55
 0:0:6 17.34 0 0.00000000 0.00000000 0.00 0.00 0.00 7.82 3.45 -17.96 0.00 -0.01 0.00 -0.63 0.67 10.16
 0:0:7 17.44 0 0.00000000 0.00000000 0.00 0.00 0.00 7.82 3.36 -17.55 0.04 -0.01 0.01 -0.51 0.71 10.36
 