0 0 0 2.46 0.00000000 0.00000000 0.00 0.00 0.00 0.05 0.08 0.21 0.01 -0.00 0.00 91.19 91.26 90.04 
0 0 0 2.62 0.00000000 0.00000000 0.00 0.00 0.00 0.06 0.07 0.06 0.01 -0.01 0.01 90.98 91.17 90.05 
0 0 0 2.72 0.00000000 0.00000000 0.00 0.00 0.00 0.07 0.07 0.02 0.01 -0.01 0.00 91.11 91.24 90.03 
0 0 0 2.82 0.00000000 0.00000000 0.00 0.00 0.00 0.05 0.07 0.05 0.01 -0.01 0.00 90.92 91.24 90.05 
0 0 0 2.92 0.00000000 0.00000000 0.00 0.00 0.00 0.06 0.07 0.03 0.01 -0.01 0.01 91.04 91.16 90.05 
0 0 0 3.03 0.00000000 0.00000000 0.00 0.00 0.00 0.06 0.09 0.03 0.01 -0.00 0.00 91.06 91.45 90.04 
0 0 0 3.13 0.00000000 0.00000000 0.00 0.00 0.00 0.06 0.07 0.02 0.01 -0.01 0.00 91.03 91.16 90.03 
0 0 0 3.23 0.00000000 0.00000000 0.00 0.00 0.00 0.09 0.09 -0.10 0.03 -0.03 0.01 91.55 91.60 90.15 
0 0 0 3.33 0.00000000 0.00000000 0.00 0.00 0.00 0.05 -0.00 0.07 -0.30 -0.31 -0.01 90.86 89.93 89.87 
0 0 0 3.43 0.00000000 0.00000000 0.00 0.00 0.00 0.06 -0.07 -0.05 -0.31 -0.46 -0.15 91.04 88.77 88.54 
0 0 0 3.53 0.00000000 0.00000000 0.00 0.00 0.00 0.00 -0.03 -0.02 -0.30 -1.03 -0.10 90.00 89.54 89.04 
0 0 0 3.63 0.00000000 0.00000000 0.00 0.00 0.00 -0.03 -0.13 0.30 0.36 -1.58 0.01 89.47 87.73 90.12 
0 0 0 3.74 0.00000000 0.00000000 0.00 0.00 0.00 -0.01 -0.30 0.45 0.43 -1.83 -0.01 89.76 84.91 89.91 
0 0 0 3.84 0.00000000 0.00000000 0.00 0.00 0.00 0.03 -0.40 1.35 0.48 -0.92 0.09 90.44 83.26 90.91 
0 0 0 3.94 0.00000000 0.00000000 0.00 0.00 0.00 0.14 -0.60 0.10 0.60 -0.91 0.19 92.39 79.79 91.88 
0 0 0 4.04 0.00000000 0.00000000 0.00 0.00 0.00 0.26 -0.78 -0.10 0.47 -1.05 0.26 94.47 76.78 92.56 
0 0 0 4.14 0.00000000 0.00000000 0.00 0.00 0.00 0.48 -0.92 -0.52 0.27 -0.63 0.23 93.07 76.17 92.34 
0 0 0 4.24 0.00000000 0.00000000 0.00 0.00 0.00 0.14 -0.71 1.65 0.09 -0.07 0.14 92.44 77.86 91.38 
0 0 0 4.34 0.00000000 0.00000000 0.00 0.00 0.00 0.11 -0.68 2.05 -0.11 0.04 0.01 91.81 78.48 90.10 
0 0 0 4.44 0.00000000 0.00000000 0.00 0.00 0.00 0.08 -0.54 2.52 -0.29 0.11 -0.11 91.40 80.81 88.87 
0 0 0 4.54 0.00000000 0.00000000 0.00 0.00 0.00 -0.02 -0.55 2.32 -0.35 0.12 -0.19 89.72 80.60 88.08 
0 0 0 4.64 0.00000000 0.00000000 0.00 0.00 0.00 0.13 -0.80 1.25 -0.25 -0.11 -0.16 92.20 76.45 88.36 
0 0 0 4.74 0.00000000 0.00000000 0.00 0.00 0.00 0.14 -0.56 2.62 0.01 0.29 -0.16 92.39 80.52 88.35 
0 0 0 4.84 0.00000000 0.00000000 0.00 0.00 0.00 0.21 -0.77 1.00 0.35 0.15 -0.09 93.55 76.83 89.11 
0 0 0 4.95 0.00000000 0.00000000 0.00 0.00 0.00 0.35 -0.82 -0.06 -0.05 -0.03 -0.00 95.98 76.03 89.95 
0 0 0 5.05 0.00000000 0.00000000 0.00 0.00 0.00 0.13 -0.87 0.80 -0.26 -0.31 -0.09 92.17 75.17 89.11 
0 0 0 5.15 0.00000000 0.00000000 0.00 0.00 0.00 0.20 -0.75 1.26 0.09 0.10 -0.06 92.99 77.57 88.97 
0 0 0 5.25 0.00000000 0.00000000 0.00 0.00 0.00 0.29 -0.88 0.21 0.49 0.62 0.07 94.61 74.85 90.66 
0 0 0 5.35 0.00000000 0.00000000 0.00 0.00 0.00 0.25 -0.79 0.54 0.45 1.18 0.15 94.28 76.57 91.46 
0 0 0 5.45 0.00000000 0.00000000 0.00 0.00 0.00 0.33 -0.57 0.38 0.17 1.51 0.17 95.62 80.28 91.72 
0 0 0 5.55 0.00000000 0.00000000 0.00 0.00 0.00 0.28 -0.42 0.64 0.04 1.98 0.21 94.84 82.80 92.12 
0 0 0 5.66 0.00000000 0.00000000 0.00 0.00 0.00 0.15 -0.05 1.49 -0.10 1.93 0.23 93.12 88.48 92.23 
0 0 0 5.76 0.00000000 0.00000000 0.00 0.00 0.00 0.29 0.09 1.56 -0.14 1.91 0.05 95.01 91.52 90.55 
0 0 0 5.86 0.00000000 0.00000000 0.00 0.00 0.00 0.23 0.20 0.61 -0.22 0.93 0.01 93.87 93.35 90.07 
0 0 0 5.96 0.00000000 0.00000000 0.00 0.00 0.00 0.13 0.28 0.95 -0.28 0.51 0.04 92.21 94.80 90.35 
0 0 0 6.06 0.00000000 0.00000000 0.00 0.00 0.00 0.01 0.49 1.34 -0.01 0.67 -0.06 90.24 98.25 89.40 
0 0 0 6.17 0.00000000 0.00000000 0.00 0.00 0.00 0.17 0.42 0.58 0.05 0.28 0.27 91.82 97.38 92.35 
0 0 0 6.27 0.00000000 0.00000000 0.00 0.00 0.00 0.11 0.39 0.68 0.04 -0.12 0.21 91.36 96.01 92.46 
0 0 0 6.37 0.00000000 0.00000000 0.00 0.00 0.00 0.11 0.34 0.67 -0.05 -0.73 0.11 91.83 95.70 91.07 
0 0 0 6.47 0.00000000 0.00000000 0.00 0.00 0.00 0.12 0.22 0.54 -0.12 -1.46 0.11 91.99 93.73 91.11 
0 0 0 6.57 0.00000000 0.00000000 0.00 0.00 0.00 0.09 0.11 1.03 -0.12 -2.09 0.13 91.47 91.84 91.34 
0 0 0 6.67 0.00000000 0.00000000 0.00 0.00 0.00 0.15 -0.11 0.59 0.22 -2.22 0.19 92.55 88.15 91.87 
0 0 0 6.77 0.00000000 0.00000000 0.00 0.00 0.00 0.15 -0.46 0.72 0.45 -1.52 0.23 91.74 83.47 92.23 
0 0 0 6.87 0.00000000 0.00000000 0.00 0.00 0.00 0.30 -0.55 0.22 0.16 -0.88 0.12 95.06 80.57 91.16 
0 0 0 6.97 0.00000000 0.00000000 0.00 0.00 0.00 0.16 -0.54 1.54 0.02 -0.54 0.17 92.64 80.76 91.70 
0 0 0 7.08 0.00000000 0.00000000 0.00 0.00 0.00 0.20 -0.64 1.34 -0.02 -0.04 0.20 91.74 79.59 92.02 
0 0 0 7.18 0.00000000 0.00000000 0.00 0.00 0.00 0.14 -0.55 1.80 -0.15 0.35 0.18 92.38 80.62 91.79 
0 0 0 7.28 0.00000000 0.00000000 0.00 0.00 0.00 0.11 -0.49 1.99 -0.05 0.47 0.36 91.81 81.65 93.65 
0 0 0 7.38 0.00000000 0.00000000 0.00 0.00 0.00 0.02 -0.72 0.95 -0.00 1.15 0.40 90.40 77.78 94.00 
0 0 0 7.49 0.00000000 0.00000000 0.00 0.00 0.00 -0.10 -0.52 1.07 -1.01 1.94 -1.86 87.90 79.44 74.30 
0 0 0 7.59 0.00000000 0.00000000 0.00 0.00 0.00 0.12 0.38 -2.96 -1.06 1.49 -2.51 92.00 96.38 64.93 
0 0 0 7.69 0.00000000 0.00000000 0.00 0.00 0.00 -0.06 0.15 2.05 0.02 -0.12 -0.06 88.90 92.48 89.41 
0 0 0 7.79 0.00000000 0.00000000 0.00 0.00 0.00 0.08 0.02 -0.09 0.48 0.44 1.15 91.32 90.41 101.54 
0 0 0 7.89 0.00000000 0.00000000 0.00 0.00 0.00 -0.02 0.09 1.55 0.47 0.41 1.74 89.67 91.53 107.42 
0 0 0 7.99 0.00000000 0.00000000 0.00 0.00 0.00 -0.04 -0.13 0.87 0.12 0.14 0.95 89.26 87.72 99.54 
0 0 0 8.09 0.00000000 0.00000000 0.00 0.00 0.00 -0.03 -0.06 1.12 0.13 -0.02 0.37 89.46 88.93 93.73 
0 0 0 8.19 0.00000000 0.00000000 0.00 0.00 0.00 0.08 -0.00 1.31 0.21 0.02 0.39 91.32 89.94 93.94 
0 0 0 8.30 0.00000000 0.00000000 0.00 0.00 0.00 0.05 -0.28 0.61 0.23 -0.01 -0.08 90.81 85.23 89.23 
0 0 0 8.40 0.00000000 0.00000000 0.00 0.00 0.00 -0.20 -0.14 1.20 -0.15 -0.15 -2.95 86.53 87.69 60.53 
0 0 0 8.50 0.00000000 0.00000000 0.00 0.00 0.00 0.13 0.36 -2.80 -0.91 0.04 -1.47 92.29 96.15 71.98 
0 0 0 8.60 0.00000000 0.00000000 0.00 0.00 0.00 0.12 0.31 -2.77 0.18 -0.12 1.21 92.71 94.79 99.95 
0 0 0 8.71 0.00000000 0.00000000 0.00 0.00 0.00 -0.03 0.03 0.94 0.62 0.21 1.78 89.43 90.51 107.79 
0 0 0 8.81 0.00000000 0.00000000 0.00 0.00 0.00 0.13 -0.14 0.34 0.36 0.03 0.73 92.19 87.64 97.30 
0 0 0 8.91 0.00000000 0.00000000 0.00 0.00 0.00 0.17 0.07 1.37 0.06 -0.17 0.30 92.86 91.27 93.00 
0 0 0 9.01 0.00000000 0.00000000 0.00 0.00 0.00 -0.07 -0.40 0.62 -0.06 -0.04 -1.59 89.28 84.04 77.74 
0 0 0 9.11 0.00000000 0.00000000 0.00 0.00 0.00 0.01 0.60 2.75 -0.52 0.10 -2.27 90.14 100.21 67.27 
0 0 0 9.21 0.00000000 0.00000000 0.00 0.00 0.00 0.17 0.21 -1.74 0.15 -0.47 0.89 92.95 93.57 98.89 
0 0 0 9.31 0.00000000 0.00000000 0.00 0.00 0.00 0.00 -0.00 0.78 0.48 0.40 1.17 89.73 90.21 102.15 
0 0 0 9.42 0.00000000 0.00000000 0.00 0.00 0.00 0.04 -0.17 0.57 0.37 0.05 0.15 90.74 87.31 93.14 
0 0 0 9.52 0.00000000 0.00000000 0.00 0.00 0.00 0.11 0.06 0.91 -0.27 0.19 -1.19 92.79 90.71 78.99 
0 0 0 9.62 0.00000000 0.00000000 0.00 0.00 0.00 0.11 0.42 2.78 -0.32 0.13 -0.37 91.79 97.21 86.26 
0 0 0 9.72 0.00000000 0.00000000 0.00 0.00 0.00 -0.05 0.03 0.75 0.56 -0.69 2.30 89.13 90.49 112.98 
0 0 0 9.82 0.00000000 0.00000000 0.00 0.00 0.00 0.00 -0.35 0.63 0.43 -0.12 -0.68 90.00 83.99 83.18 
0 0 0 9.92 0.00000000 0.00000000 0.00 0.00 0.00 0.32 0.26 -2.57 -0.44 -0.02 -1.06 95.41 94.42 79.40 
0 0 0 10.02 0.00000000 0.00000000 0.00 0.00 0.00 0.13 0.15 1.04 -0.24 0.12 -0.17 92.21 92.50 88.28 
0 0 0 10.13 0.00000000 0.00000000 0.00 0.00 0.00 0.06 -0.05 0.48 0.02 0.08 -0.29 91.09 89.17 87.07 
0 0 0 10.23 0.00000000 0.00000000 0.00 0.00 0.00 0.16 0.14 0.20 -0.10 0.19 -0.43 92.75 92.44 85.66 
0 0 0 10.33 0.00000000 0.00000000 0.00 0.00 0.00 0.10 0.11 0.34 -0.10 0.01 -0.14 91.62 91.80 88.65 
0 0 0 10.43 0.00000000 0.00000000 0.00 0.00 0.00 0.07 0.06 0.30 -0.00 -0.08 -0.11 91.22 90.94 88.88 
0 0 0 10.53 0.00000000 0.00000000 0.00 0.00 0.00 0.09 0.21 0.63 -0.06 -0.01 -0.01 91.58 93.63 89.86 
0 0 0 10.63 0.00000000 0.00000000 0.00 0.00 0.00 -0.00 0.24 1.64 0.48 0.18 2.45 89.94 95.35 112.56 
0 0 0 10.73 0.00000000 0.00000000 0.00 0.00 0.00 0.13 -0.68 0.28 0.94 -0.69 0.32 92.16 78.49 93.16 
0 0 0 10.84 0.00000000 0.00000000 0.00 0.00 0.00 0.09 0.36 2.35 -0.59 -0.10 -1.74 91.45 96.20 72.63 
0 0 0 10.94 0.00000000 0.00000000 0.00 0.00 0.00 0.07 0.14 1.16 -0.39 0.32 -0.12 92.09 92.90 88.06 
0 0 0 11.04 0.00000000 0.00000000 0.00 0.00 0.00 0.19 0.22 -0.72 -0.20 -0.09 0.08 93.22 93.66 90.78 
0 0 0 11.14 0.00000000 0.00000000 0.00 0.00 0.00 0.08 0.23 1.87 0.24 -0.08 2.01 91.43 93.93 110.06 
0 0 0 11.24 0.00000000 0.00000000 0.00 0.00 0.00 -0.00 -0.43 0.55 0.66 -0.24 0.59 89.94 82.70 95.86 
0 0 0 11.34 0.00000000 0.00000000 0.00 0.00 0.00 0.07 0.02 1.33 -0.33 -0.13 -1.95 91.22 90.37 70.54 
0 0 0 11.44 0.00000000 0.00000000 0.00 0.00 0.00 0.15 0.27 2.49 -0.47 0.22 -0.59 91.98 93.54 81.93 
0 0 0 11.57 0.00000000 0.00000000 0.00 0.00 0.00 0.06 0.18 1.34 0.40 0.06 1.85 91.10 93.03 108.55 
0 0 0 11.71 0.00000000 0.00000000 0.00 0.00 0.00 0.14 -0.50 0.34 0.36 -0.38 0.05 92.32 81.48 90.54 
0 0 0 11.84 0.00000000 0.00000000 0.00 0.00 0.00 0.15 0.50 2.88 -0.95 0.18 -1.28 92.50 98.45 77.18 
0 0 0 11.98 0.00000000 0.00000000 0.00 0.00 0.00 -0.00 -0.27 0.43 0.51 -0.05 1.28 89.93 85.47 102.77 
0 0 0 12.08 0.00000000 0.00000000 0.00 0.00 0.00 0.09 -0.02 0.74 0.00 0.06 -1.40 91.61 89.63 76.05 
0 0 0 12.18 0.00000000 0.00000000 0.00 0.00 0.00 0.35 0.35 -2.30 -0.33 0.00 0.81 96.53 97.73 94.49 
0 0 0 12.28 0.00000000 0.00000000 0.00 0.00 0.00 0.13 -0.52 0.19 0.59 -0.11 1.15 92.16 81.21 101.48 
0 0 0 12.38 0.00000000 0.00000000 0.00 0.00 0.00 0.06 0.02 1.18 -0.22 -0.09 -1.42 91.10 90.34 75.78 
0 0 0 12.49 0.00000000 0.00000000 0.00 0.00 0.00 -0.00 0.28 2.14 -0.15 0.04 1.09 94.26 94.51 100.94 
0 0 0 12.59 0.00000000 0.00000000 0.00 0.00 0.00 0.02 -0.51 0.49 0.52 -0.24 0.16 90.30 81.34 91.61 
0 0 0 12.69 0.00000000 0.00000000 0.00 0.00 0.00 0.10 0.25 2.40 -0.51 -0.20 -1.21 91.77 94.24 77.86 
0 0 0 12.79 0.00000000 0.00000000 0.00 0.00 0.00 0.09 0.07 1.31 0.27 -0.02 1.43 91.51 91.12 104.35 
0 0 0 12.89 0.00000000 0.00000000 0.00 0.00 0.00 0.21 -0.49 0.13 0.20 -0.03 -0.88 93.54 81.61 81.22 
0 0 0 12.99 0.00000000 0.00000000 0.00 0.00 0.00 0.18 0.43 3.04 -0.65 -0.03 -0.56 93.05 97.29 84.38 
0 0 0 13.09 0.00000000 0.00000000 0.00 0.00 0.00 0.09 -0.20 0.35 0.43 -0.13 1.21 91.47 86.63 102.12 
0 0 0 13.20 0.00000000 0.00000000 0.00 0.00 0.00 0.08 -0.02 1.21 -0.19 0.01 -0.40 90.47 88.53 86.03 
0 0 0 13.30 0.00000000 0.00000000 0.00 0.00 0.00 0.11 0.10 1.64 -0.15 0.26 -0.09 91.91 91.67 89.11 
0 0 0 13.40 0.00000000 0.00000000 0.00 0.00 0.00 0.04 0.00 1.11 0.52 0.05 0.18 90.72 90.00 91.83 
0 0 0 13.50 0.00000000 0.00000000 0.00 0.00 0.00 0.17 0.03 1.19 0.72 -0.12 0.06 92.90 90.44 90.58 
0 0 0 13.60 0.00000000 0.00000000 0.00 0.00 0.00 0.22 -0.01 1.04 0.87 -0.12 0.12 93.72 89.75 91.23 
0 0 0 13.70 0.00000000 0.00000000 0.00 0.00 0.00 0.33 -0.04 1.18 0.98 -0.09 0.11 95.66 89.39 91.08 
0 0 0 13.80 0.00000000 0.00000000 0.00 0.00 0.00 0.50 -0.05 0.76 0.93 0.04 -0.02 98.55 89.11 89.77 
0 0 0 13.90 0.00000000 0.00000000 0.00 0.00 0.00 0.63 0.00 1.12 0.60 0.02 -0.12 100.70 90.00 88.78 
0 0 0 14.00 0.00000000 0.00000000 0.00 0.00 0.00 0.56 -0.01 1.34 0.21 0.06 -0.10 99.56 89.80 88.98 
0 0 0 14.10 0.00000000 0.00000000 0.00 0.00 0.00 0.52 0.02 1.41 0.18 -0.03 -0.05 98.91 90.31 89.50 
0 0 0 14.20 0.00000000 0.00000000 0.00 0.00 0.00 0.67 -0.01 1.03 -0.07 0.04 0.03 101.41 89.78 90.35 
0 0 0 14.30 0.00000000 0.00000000 0.00 0.00 0.00 0.60 -0.02 1.15 -0.67 -0.11 -0.07 100.27 89.65 89.33 
0 0 0 14.40 0.00000000 0.00000000 0.00 0.00 0.00 0.45 -0.02 1.11 -1.56 -0.20 -0.17 97.57 89.65 88.34 
0 0 0 14.51 0.00000000 0.00000000 0.00 0.00 0.00 0.30 0.01 1.30 -1.76 -0.49 -0.20 95.14 90.21 88.02 
0 0 0 14.61 0.00000000 0.00000000 0.00 0.00 0.00 0.13 -0.09 0.71 -1.65 -0.19 -0.13 92.15 88.39 88.70 
0 0 0 14.71 0.00000000 0.00000000 0.00 0.00 0.00 -0.13 -0.05 1.30 -1.43 -0.08 -0.21 87.82 89.23 87.90 
0 0 0 14.81 0.00000000 0.00000000 0.00 0.00 0.00 -0.22 -0.04 0.94 -1.08 -0.13 -0.18 86.53 88.97 88.21 
0 0 0 14.91 0.00000000 0.00000000 0.00 0.00 0.00 -0.29 -0.07 0.92 -0.59 -0.23 -0.06 85.06 88.85 89.40 
0 0 0 15.01 0.00000000 0.00000000 0.00 0.00 0.00 -0.33 -0.10 0.73 -0.33 -0.12 -0.04 84.43 88.29 89.60 
0 0 0 15.11 0.00000000 0.00000000 0.00 0.00 0.00 -0.33 -0.09 0.55 -0.23 -0.06 -0.09 84.35 88.43 89.09 
0 0 0 15.22 0.00000000 0.00000000 0.00 0.00 0.00 -0.35 -0.10 0.59 -0.06 -0.07 -0.03 84.10 88.32 89.75 
0 0 0 15.32 0.00000000 0.00000000 0.00 0.00 0.00 -0.32 -0.10 0.45 0.36 -0.15 0.11 84.63 88.33 90.87 
0 0 0 15.42 0.00000000 0.00000000 0.00 0.00 0.00 -0.29 -0.13 0.47 0.97 -0.17 0.22 85.00 87.83 92.21 
0 0 0 15.52 0.00000000 0.00000000 0.00 0.00 0.00 -0.20 -0.13 1.03 1.49 -0.11 0.22 86.59 87.84 92.16 
0 0 0 15.62 0.00000000 0.00000000 0.00 0.00 0.00 -0.07 -0.12 1.05 2.04 0.09 0.29 88.81 87.89 92.86 
0 0 0 15.72 0.00000000 0.00000000 0.00 0.00 0.00 0.17 -0.13 1.26 2.17 0.06 0.19 92.97 87.86 91.88 
0 0 0 15.82 0.00000000 0.00000000 0.00 0.00 0.00 0.40 -0.18 0.70 1.84 -0.08 0.02 96.84 86.88 90.19 
0 0 0 15.92 0.00000000 0.00000000 0.00 0.00 0.00 0.59 -0.18 1.10 1.03 -0.10 0.02 99.96 86.88 90.23 
0 0 0 16.02 0.00000000 0.00000000 0.00 0.00 0.00 0.62 -0.13 1.48 0.47 -0.01 -0.07 99.20 87.28 89.30 
0 0 0 16.12 0.00000000 0.00000000 0.00 0.00 0.00 0.55 -0.13 1.52 0.31 0.01 -0.01 99.34 87.73 89.88 
0 0 0 16.22 0.00000000 0.00000000 0.00 0.00 0.00 0.58 -0.15 1.48 0.17 -0.12 0.03 99.79 87.39 90.32 
0 0 0 16.32 0.00000000 0.00000000 0.00 0.00 0.00 0.82 -0.23 0.78 -0.65 -0.07 -0.07 103.91 86.10 89.32 
0 0 0 16.43 0.00000000 0.00000000 0.00 0.00 0.00 0.56 -0.16 1.28 -1.84 -0.15 -0.27 99.60 87.31 87.26 
0 0 0 16.53 0.00000000 0.00000000 0.00 0.00 0.00 0.23 -0.18 1.35 -2.23 0.11 -0.44 93.95 87.01 85.64 
0 0 0 16.63 0.00000000 0.00000000 0.00 0.00 0.00 0.09 -0.08 1.31 -1.87 -0.41 -0.51 91.52 88.69 84.89 
0 0 0 16.73 0.00000000 0.00000000 0.00 0.00 0.00 -0.13 -0.14 1.03 -1.38 -0.25 -0.27 87.80 87.70 87.26 
0 0 0 16.83 0.00000000 0.00000000 0.00 0.00 0.00 -0.13 -0.12 0.56 -0.73 0.23 -0.10 87.86 87.88 88.96 
0 0 0 16.93 0.00000000 0.00000000 0.00 0.00 0.00 -0.15 -0.10 0.33 0.25 0.12 0.12 87.51 88.35 91.22 
0 0 0 17.03 0.00000000 0.00000000 0.00 0.00 0.00 -0.10 -0.10 0.20 1.21 0.07 0.37 88.35 88.36 93.66 
0 0 0 17.13 0.00000000 0.00000000 0.00 0.00 0.00 0.00 -0.09 1.15 2.07 0.05 0.48 90.00 88.48 94.81 
0 0 0 17.23 0.00000000 0.00000000 0.00 0.00 0.00 0.15 -0.15 0.96 2.20 -0.05 0.36 92.63 87.46 93.63 
0 0 0 17.33 0.00000000 0.00000000 0.00 0.00 0.00 0.48 -0.12 1.22 1.79 -0.08 0.23 98.20 87.93 92.27 
0 0 0 17.44 0.00000000 0.00000000 0.00 0.00 0.00 0.69 -0.23 0.96 1.04 -0.22 0.05 101.75 86.30 90.66 
0 0 0 17.54 0.00000000 0.00000000 0.00 0.00 0.00 0.73 -0.19 1.16 0.01 0.05 -0.06 101.13 87.03 89.30 
0 0 0 17.65 0.00000000 0.00000000 0.00 0.00 0.00 0.71 -0.21 0.87 -1.25 0.10 -0.12 101.95 87.05 88.97 
0 0 0 17.75 0.00000000 0.00000000 0.00 0.00 0.00 0.38 -0.10 1.52 -1.93 0.35 -0.26 96.39 88.23 87.36 
0 0 0 17.85 0.00000000 0.00000000 0.00 0.00 0.00 0.17 -0.10 1.27 -1.94 -0.08 -0.36 92.55 88.91 86.52 
0 0 0 17.95 0.00000000 0.00000000 0.00 0.00 0.00 0.06 -0.09 0.84 -1.59 -0.11 -0.29 91.13 88.25 86.96 
0 0 0 18.06 0.00000000 0.00000000 0.00 0.00 0.00 -0.04 -0.07 1.01 -0.88 -0.10 -0.13 89.81 88.98 88.47 
0 0 0 18.16 0.00000000 0.00000000 0.00 0.00 0.00 -0.10 -0.09 0.76 0.16 -0.20 0.11 87.73 88.31 90.93 
0 0 0 18.26 0.00000000 0.00000000 0.00 0.00 0.00 -0.10 -0.17 0.70 0.49 -0.11 0.14 88.78 87.44 91.55 
0 0 0 18.36 0.00000000 0.00000000 0.00 0.00 0.00 -0.03 -0.18 0.52 0.03 0.10 0.03 89.46 86.93 90.33 
0 0 0 18.46 0.00000000 0.00000000 0.00 0.00 0.00 -0.06 -0.12 0.86 -0.15 0.08 0.00 88.91 87.96 90.00 
0 0 0 18.56 0.00000000 0.00000000 0.00 0.00 0.00 -0.05 -0.12 0.68 0.05 -0.03 0.05 89.11 87.97 90.50 
0 0 0 18.67 0.00000000 0.00000000 0.00 0.00 0.00 -0.05 -0.15 0.54 0.13 -0.12 0.14 89.19 87.53 91.37 
0 0 0 18.77 0.00000000 0.00000000 0.00 0.00 0.00 -0.07 -0.17 0.74 0.00 0.01 0.01 88.85 87.13 90.09 
0 0 0 18.87 0.00000000 0.00000000 0.00 0.00 0.00 -0.05 -0.12 0.85 -0.02 -0.35 -0.06 89.09 87.89 89.45 
0 0 0 18.97 0.00000000 0.00000000 0.00 0.00 0.00 -0.03 -0.12 1.52 0.28 -1.64 0.00 89.55 87.98 90.00 
0 0 0 19.07 0.00000000 0.00000000 0.00 0.00 0.00 -0.03 -0.46 1.20 0.57 -1.75 0.14 89.63 82.91 91.36 
0 0 0 19.18 0.00000000 0.00000000 0.00 0.00 0.00 0.06 -0.63 0.71 0.51 -1.74 -0.04 91.59 78.43 89.71 
0 0 0 19.28 0.00000000 0.00000000 0.00 0.00 0.00 0.12 -0.86 0.89 0.32 -1.45 -0.01 92.27 75.61 89.79 
0 0 0 19.38 0.00000000 0.00000000 0.00 0.00 0.00 0.15 -1.02 0.63 0.10 -0.90 0.15 92.58 72.74 91.50 
0 0 0 19.48 0.00000000 0.00000000 0.00 0.00 0.00 0.12 -1.04 1.11 0.00 -0.31 0.15 90.72 73.43 91.52 
0 0 0 19.58 0.00000000 0.00000000 0.00 0.00 0.00 0.04 -1.18 0.73 -0.02 0.66 0.03 94.95 70.10 90.51 
0 0 0 19.68 0.00000000 0.00000000 0.00 0.00 0.00 0.08 -1.06 0.73 -0.24 1.95 -0.18 91.38 71.97 88.18 
0 0 0 19.78 0.00000000 0.00000000 0.00 0.00 0.00 0.10 -0.53 2.08 -0.09 2.24 -0.27 91.70 80.94 87.32 
0 0 0 19.89 0.00000000 0.00000000 0.00 0.00 0.00 0.09 -0.22 2.66 0.08 2.39 0.01 91.77 85.82 89.75 
0 0 0 19.99 0.00000000 0.00000000 0.00 0.00 0.00 0.08 -0.06 1.77 -0.16 2.31 -0.02 92.22 88.82 89.98 
0 0 0 20.09 0.00000000 0.00000000 0.00 0.00 0.00 0.05 0.13 1.76 -0.24 2.12 -0.14 90.81 92.20 88.60 
0 0 0 20.19 0.00000000 0.00000000 0.00 0.00 0.00 0.02 0.30 0.91 -0.08 1.17 -0.17 90.39 95.10 88.29 
0 0 0 20.29 0.00000000 0.00000000 0.00 0.00 0.00 0.02 0.35 0.44 -0.10 0.65 -0.04 90.42 95.97 89.57 
0 0 0 20.40 0.00000000 0.00000000 0.00 0.00 0.00 0.03 0.42 0.45 0.11 0.34 0.09 90.77 96.90 90.90 
0 0 0 20.50 0.00000000 0.00000000 0.00 0.00 0.00 0.00 0.32 0.48 0.26 -0.97 0.08 90.06 95.88 91.05 
0 0 0 20.60 0.00000000 0.00000000 0.00 0.00 0.00 0.11 0.32 0.42 0.36 -2.64 0.03 91.79 95.44 90.25 
0 0 0 20.70 0.00000000 0.00000000 0.00 0.00 0.00 0.12 -0.09 0.63 0.11 -2.40 0.21 92.10 88.50 92.08 
0 0 0 20.80 0.00000000 0.00000000 0.00 0.00 0.00 0.10 -0.21 0.89 0.06 -1.98 -0.04 92.26 86.34 89.96 
0 0 0 20.91 0.00000000 0.00000000 0.00 0.00 0.00 0.11 -0.42 1.51 0.47 -2.25 0.09 91.90 83.49 90.78 
0 0 0 21.01 0.00000000 0.00000000 0.00 0.00 0.00 0.14 -0.72 1.59 0.51 -2.04 0.07 92.40 77.70 90.69 
0 0 0 21.11 0.00000000 0.00000000 0.00 0.00 0.00 0.69 -1.10 -0.53 0.21 -1.52 0.18 102.17 71.14 91.63 
0 0 0 21.22 0.00000000 0.00000000 0.00 0.00 0.00 0.34 -1.19 0.58 -0.03 -0.85 0.22 95.72 69.82 92.19 
0 0 0 21.32 0.00000000 0.00000000 0.00 0.00 0.00 0.30 -1.13 1.10 -0.03 -0.31 0.16 94.25 70.42 91.70 
0 0 0 21.42 0.00000000 0.00000000 0.00 0.00 0.00 0.36 -1.23 0.60 0.07 0.30 -0.00 96.07 69.16 89.96 
0 0 0 21.52 0.00000000 0.00000000 0.00 0.00 0.00 0.11 -1.03 1.93 0.08 0.22 -0.08 91.80 72.53 89.16 
0 0 0 21.62 0.00000000 0.00000000 0.00 0.00 0.00 0.36 -1.17 0.68 0.04 0.04 0.01 96.14 70.14 90.12 
0 0 0 21.72 0.00000000 0.00000000 0.00 0.00 0.00 0.30 -1.19 0.69 0.02 0.50 0.04 95.05 69.80 90.42 
0 0 0 21.83 0.00000000 0.00000000 0.00 0.00 0.00 0.31 -1.05 0.84 -0.12 1.54 -0.11 93.48 71.03 89.03 
0 0 0 21.93 0.00000000 0.00000000 0.00 0.00 0.00 0.06 -0.69 1.89 -0.23 2.24 -0.26 91.02 78.24 87.37 
0 0 0 22.03 0.00000000 0.00000000 0.00 0.00 0.00 0.11 -0.32 2.51 -0.45 2.69 -0.23 92.61 84.53 87.54 
0 0 0 22.13 0.00000000 0.00000000 0.00 0.00 0.00 0.08 -0.03 2.31 -0.33 2.48 0.05 91.43 89.57 90.45 
0 0 0 22.24 0.00000000 0.00000000 0.00 0.00 0.00 0.02 0.11 1.22 -0.16 1.73 0.08 90.48 91.48 90.95 
0 0 0 22.34 0.00000000 0.00000000 0.00 0.00 0.00 0.09 0.15 0.63 -0.08 0.79 -0.11 91.60 92.55 88.89 
0 0 0 22.44 0.00000000 0.00000000 0.00 0.00 0.00 0.05 0.27 0.83 -0.09 0.68 -0.01 90.82 94.65 89.91 
0 0 0 22.54 0.00000000 0.00000000 0.00 0.00 0.00 0.07 0.34 0.65 -0.11 0.96 0.11 91.12 95.75 91.08 
0 0 0 22.64 0.00000000 0.00000000 0.00 0.00 0.00 0.01 0.37 0.68 0.01 0.09 0.02 90.13 96.36 90.21 
0 0 0 22.74 0.00000000 0.00000000 0.00 0.00 0.00 0.02 0.30 0.50 0.06 -0.91 -0.04 90.39 95.05 89.58 
0 0 0 22.84 0.00000000 0.00000000 0.00 0.00 0.00 0.05 0.23 0.85 0.14 -2.15 -0.11 90.77 93.84 88.95 
0 0 0 22.94 0.00000000 0.00000000 0.00 0.00 0.00 0.16 -0.05 0.04 0.00 -1.93 -0.15 92.69 89.23 88.46 
0 0 0 23.04 0.00000000 0.00000000 0.00 0.00 0.00 0.00 -0.18 1.28 -0.13 -1.76 -0.14 90.00 86.97 88.64 
0 0 0 23.14 0.00000000 0.00000000 0.00 0.00 0.00 0.03 -0.34 0.95 0.03 -1.63 -0.13 90.48 84.27 88.75 
0 0 0 23.24 0.00000000 0.00000000 0.00 0.00 0.00 0.04 -0.53 1.27 0.22 -1.66 -0.10 90.62 80.98 89.02 
0 0 0 23.35 0.00000000 0.00000000 0.00 0.00 0.00 0.12 -0.81 0.72 0.21 -1.34 -0.01 92.20 76.72 89.83 
0 0 0 23.45 0.00000000 0.00000000 0.00 0.00 0.00 0.13 -0.95 0.52 0.11 -0.74 0.07 92.03 74.57 90.62 
0 0 0 23.55 0.00000000 0.00000000 0.00 0.00 0.00 0.11 -0.93 1.01 0.01 -0.29 0.06 92.05 74.88 90.58 
0 0 0 23.66 0.00000000 0.00000000 0.00 0.00 0.00 0.10 -0.94 1.04 0.01 -0.27 0.01 91.69 74.44 90.03 
0 0 0 23.76 0.00000000 0.00000000 0.00 0.00 0.00 0.08 -0.93 1.27 0.05 -0.15 0.01 91.38 74.11 90.09 
0 0 0 23.86 0.00000000 0.00000000 0.00 0.00 0.00 0.13 -0.97 1.09 0.07 -0.25 0.02 92.16 73.84 90.09 
0 0 0 23.96 0.00000000 0.00000000 0.00 0.00 0.00 0.11 -0.96 1.35 0.01 -0.12 0.03 91.91 73.68 90.26 
0 0 0 24.06 0.00000000 0.00000000 0.00 0.00 0.00 0.14 -0.99 1.04 0.01 -0.02 0.01 92.43 73.10 90.12 
0 0 0 24.16 0.00000000 0.00000000 0.00 0.00 0.00 0.11 -0.93 1.58 0.01 0.08 0.04 91.92 74.17 90.40 
0 0 0 24.26 0.00000000 0.00000000 0.00 0.00 0.00 0.11 -0.95 1.50 -0.08 -0.22 0.06 91.44 74.35 90.54 
0 0 0 24.37 0.00000000 0.00000000 0.00 0.00 0.00 0.02 -1.08 0.96 -0.13 -0.49 0.14 90.28 71.78 91.34 
0 0 0 24.47 0.00000000 0.00000000 0.00 0.00 0.00 0.08 -1.10 0.77 -0.08 -0.16 0.07 91.34 71.26 90.69 
0 0 0 24.57 0.00000000 0.00000000 0.00 0.00 0.00 0.04 -1.02 1.45 0.05 -0.04 -0.03 90.66 72.59 89.73 
0 0 0 24.67 0.00000000 0.00000000 0.00 0.00 0.00 0.06 -1.07 1.11 0.10 0.09 -0.02 91.01 71.88 89.75 
0 0 0 24.77 0.00000000 0.00000000 0.00 0.00 0.00 0.05 -0.96 1.75 0.00 0.29 -0.06 90.74 72.93 89.47 
0 0 0 24.87 0.00000000 0.00000000 0.00 0.00 0.00 0.10 -0.94 1.82 -0.07 -0.08 -0.01 91.71 74.06 89.89 
0 0 0 24.97 0.00000000 0.00000000 0.00 0.00 0.00 0.02 -1.04 1.22 -0.01 -0.13 0.07 90.27 72.38 90.73 
0 0 0 25.07 0.00000000 0.00000000 0.00 0.00 0.00 0.04 -1.04 1.16 0.02 0.03 0.05 90.67 72.37 90.47 
0 0 0 25.17 0.00000000 0.00000000 0.00 0.00 0.00 0.04 -1.00 1.42 -0.01 0.06 -0.01 90.76 73.05 89.90 
0 0 0 25.27 0.00000000 0.00000000 0.00 0.00 0.00 0.03 -1.00 1.43 0.04 -0.00 0.00 90.50 73.00 90.01 
0 0 0 25.37 0.00000000 0.00000000 0.00 0.00 0.00 0.03 -1.02 1.28 0.02 0.01 0.03 90.52 72.60 90.26 
0 0 0 25.47 0.00000000 0.00000000 0.00 0.00 0.00 0.03 -1.02 1.28 0.00 -0.03 0.02 90.51 72.70 90.18 
0 0 0 25.58 0.00000000 0.00000000 0.00 0.00 0.00 0.03 -1.02 1.24 0.05 0.02 0.01 90.53 72.49 90.19 
0 0 0 25.68 0.00000000 0.00000000 0.00 0.00 0.00 0.01 -0.99 1.54 -0.02 -0.05 0.01 90.37 73.22 90.10 
0 0 0 25.79 0.00000000 0.00000000 0.00 0.00 0.00 -0.11 -1.17 0.89 0.15 0.33 -0.02 89.84 70.90 89.93 
0 0 0 25.89 0.00000000 0.00000000 0.00 0.00 0.00 0.14 -1.21 0.26 0.06 1.88 -0.02 92.35 69.47 89.83 
0 0 0 25.99 0.00000000 0.00000000 0.00 0.00 0.00 0.08 -0.61 2.54 -0.11 2.58 -0.14 91.29 79.56 88.58 
0 0 0 26.09 0.00000000 0.00000000 0.00 0.00 0.00 0.10 -0.18 2.88 0.08 2.75 0.08 91.72 86.89 90.77 
0 0 0 26.19 0.00000000 0.00000000 0.00 0.00 0.00 0.03 -0.08 2.27 0.15 2.12 0.08 90.44 88.67 90.78 
0 0 0 26.29 0.00000000 0.00000000 0.00 0.00 0.00 0.12 0.12 1.22 0.18 1.97 -0.02 91.99 92.11 89.81 
0 0 0 26.39 0.00000000 0.00000000 0.00 0.00 0.00 0.05 0.26 0.80 0.12 1.20 -0.04 90.89 94.41 89.61 
0 0 0 26.49 0.00000000 0.00000000 0.00 0.00 0.00 0.09 0.30 0.60 0.10 0.33 -0.05 91.49 95.15 89.48 
0 0 0 26.59 0.00000000 0.00000000 0.00 0.00 0.00 0.08 0.34 0.64 0.06 0.01 0.03 91.38 95.73 90.31 
0 0 0 26.69 0.00000000 0.00000000 0.00 0.00 0.00 0.02 0.25 0.63 0.03 -0.59 0.04 90.37 94.19 90.37 
0 0 0 26.79 0.00000000 0.00000000 0.00 0.00 0.00 0.05 0.20 0.85 -0.04 -2.32 -0.12 90.90 93.37 88.84 
0 0 0 26.89 0.00000000 0.00000000 0.00 0.00 0.00 0.15 -0.11 0.24 -0.41 -2.47 -0.09 97.57 78.49 88.87 
0 0 0 27.00 0.00000000 0.00000000 0.00 0.00 0.00 0.11 -0.25 0.40 -0.49 -2.22 -0.10 92.47 85.64 88.95 
0 0 0 27.10 0.00000000 0.00000000 0.00 0.00 0.00 0.07 -0.55 0.34 -0.08 -1.99 0.02 91.24 80.57 90.24 
0 0 0 27.20 0.00000000 0.00000000 0.00 0.00 0.00 -0.02 -0.78 0.71 0.27 -1.72 0.01 89.60 76.80 90.14 
0 0 0 27.30 0.00000000 0.00000000 0.00 0.00 0.00 0.08 -0.86 1.66 0.18 -1.57 0.06 91.35 75.38 90.65 
0 0 0 27.40 0.00000000 0.00000000 0.00 0.00 0.00 0.14 -1.11 0.25 0.13 -0.85 0.09 92.30 71.05 90.87 
0 0 0 27.50 0.00000000 0.00000000 0.00 0.00 0.00 -0.10 -0.98 1.93 0.00 0.19 0.08 89.40 71.30 90.86 
0 0 0 27.60 0.00000000 0.00000000 0.00 0.00 0.00 -0.04 -0.99 1.71 -0.05 0.68 -0.04 88.23 73.71 89.83 
0 0 0 27.70 0.00000000 0.00000000 0.00 0.00 0.00 -0.02 -1.04 0.72 0.05 1.15 -0.09 89.58 72.26 89.05 
0 0 0 27.80 0.00000000 0.00000000 0.00 0.00 0.00 0.03 -0.80 1.55 0.09 1.99 -0.08 90.44 76.38 89.20 
0 0 0 27.90 0.00000000 0.00000000 0.00 0.00 0.00 0.10 -0.48 1.95 -0.04 2.65 -0.04 91.62 81.79 89.57 
0 0 0 28.00 0.00000000 0.00000000 0.00 0.00 0.00 0.00 -0.08 2.64 -0.13 2.83 0.09 90.07 88.59 90.94 
0 0 0 28.10 0.00000000 0.00000000 0.00 0.00 0.00 0.02 0.10 1.66 0.01 2.10 0.16 89.82 91.36 91.72 
0 0 0 28.24 0.00000000 0.00000000 0.00 0.00 0.00 0.00 0.25 0.87 0.16 0.58 0.03 90.00 94.27 90.31 
0 0 0 28.37 0.00000000 0.00000000 0.00 0.00 0.00 0.02 0.25 0.59 0.02 0.04 -0.03 90.32 94.27 89.71 
0 0 0 28.51 0.00000000 0.00000000 0.00 0.00 0.00 0.06 0.24 0.42 -0.01 -0.41 -0.01 91.02 94.13 89.85 
0 0 0 28.64 0.00000000 0.00000000 0.00 0.00 0.00 0.05 0.17 0.43 0.48 -0.17 0.25 90.92 92.88 92.54 
0 0 0 28.74 0.00000000 0.00000000 0.00 0.00 0.00 0.13 0.13 0.36 0.22 -0.09 -0.04 92.25 92.16 89.56 
0 0 0 28.84 0.00000000 0.00000000 0.00 0.00 0.00 0.10 0.20 0.60 -0.02 -0.03 -0.15 91.68 93.44 88.52 
0 0 0 28.94 0.00000000 0.00000000 0.00 0.00 0.00 0.17 0.23 0.22 0.13 0.08 -0.16 92.92 93.97 88.42 
0 0 0 29.04 0.00000000 0.00000000 0.00 0.00 0.00 0.12 0.23 0.49 -0.16 -0.87 -0.30 92.11 93.83 87.02 
0 0 0 29.14 0.00000000 0.00000000 0.00 0.00 0.00 0.09 0.21 0.69 -0.20 -0.10 -0.13 91.48 93.61 88.72 
0 0 0 29.25 0.00000000 0.00000000 0.00 0.00 0.00 0.04 0.16 0.77 0.46 -0.38 -0.21 90.76 92.74 87.91 
0 0 0 29.35 0.00000000 0.00000000 0.00 0.00 0.00 0.19 0.16 0.29 1.25 -0.23 0.13 93.27 92.68 91.30 
0 0 0 29.45 0.00000000 0.00000000 0.00 0.00 0.00 0.35 0.04 0.47 1.61 -0.15 0.12 96.00 90.73 91.24 
0 0 0 29.55 0.00000000 0.00000000 0.00 0.00 0.00 0.47 0.06 0.50 1.17 -0.08 0.02 98.07 90.99 90.16 
0 0 0 29.65 0.00000000 0.00000000 0.00 0.00 0.00 0.62 0.02 0.67 0.75 -0.07 -0.05 100.46 90.36 89.51 
0 0 0 29.75 0.00000000 0.00000000 0.00 0.00 0.00 0.59 0.02 0.84 0.46 -0.10 -0.05 99.98 90.34 89.53 
0 0 0 29.85 0.00000000 0.00000000 0.00 0.00 0.00 0.66 0.01 0.81 0.05 -0.04 0.01 101.09 90.14 90.00 
0 0 0 29.95 0.00000000 0.00000000 0.00 0.00 0.00 0.53 -0.02 1.01 -0.62 -0.24 0.09 98.94 89.68 90.88 
0 0 0 30.06 0.00000000 0.00000000 0.00 0.00 0.00 0.51 -0.10 0.73 -1.68 -0.40 -0.08 101.29 89.83 89.23 
0 0 0 30.16 0.00000000 0.00000000 0.00 0.00 0.00 0.23 -0.17 0.66 -2.20 -0.11 -0.23 94.61 88.19 87.78 
0 0 0 30.26 0.00000000 0.00000000 0.00 0.00 0.00 -0.00 -0.18 0.72 -2.31 0.03 -0.36 89.92 87.01 86.44 
0 0 0 30.36 0.00000000 0.00000000 0.00 0.00 0.00 -0.18 0.03 0.57 -1.95 0.47 -0.37 86.91 90.57 86.32 
0 0 0 30.46 0.00000000 0.00000000 0.00 0.00 0.00 -0.25 0.05 0.25 -1.01 0.09 -0.24 85.68 90.88 87.59 
0 0 0 30.57 0.00000000 0.00000000 0.00 0.00 0.00 -0.29 0.06 -0.34 0.13 -0.13 0.04 85.18 91.06 90.03 
0 0 0 30.67 0.00000000 0.00000000 0.00 0.00 0.00 -0.24 0.03 -0.20 1.04 -0.15 0.28 85.78 90.70 92.45 
0 0 0 30.77 0.00000000 0.00000000 0.00 0.00 0.00 -0.16 -0.01 -0.01 1.65 -0.09 0.42 87.20 89.88 94.18 
0 0 0 30.87 0.00000000 0.00000000 0.00 0.00 0.00 -0.02 0.00 -0.26 1.84 0.09 0.32 89.67 90.00 93.34 
0 0 0 30.98 0.00000000 0.00000000 0.00 0.00 0.00 0.16 -0.01 0.39 1.83 -0.13 0.16 92.19 90.00 91.87 
0 0 0 31.08 0.00000000 0.00000000 0.00 0.00 0.00 0.38 -0.08 0.59 1.60 -0.31 0.12 96.37 89.27 91.20 
0 0 0 31.18 0.00000000 0.00000000 0.00 0.00 0.00 0.66 -0.11 0.35 1.12 -0.02 0.08 99.64 88.57 90.96 
0 0 0 31.29 0.00000000 0.00000000 0.00 0.00 0.00 0.62 -0.07 0.90 0.59 0.01 -0.01 100.49 88.43 89.83 
0 0 0 31.39 0.00000000 0.00000000 0.00 0.00 0.00 0.68 -0.09 0.87 0.02 -0.18 -0.00 102.52 88.49 89.76 
0 0 0 31.49 0.00000000 0.00000000 0.00 0.00 0.00 0.68 -0.11 0.76 -1.06 -0.25 0.03 101.59 88.16 90.32 
0 0 0 31.59 0.00000000 0.00000000 0.00 0.00 0.00 0.50 -0.16 0.63 -1.71 -0.22 0.03 98.46 87.34 90.27 
0 0 0 31.69 0.00000000 0.00000000 0.00 0.00 0.00 0.23 -0.12 1.06 -1.82 0.17 -0.13 93.86 87.92 88.70 
0 0 0 31.79 0.00000000 0.00000000 0.00 0.00 0.00 -0.02 -0.04 1.08 -1.81 0.24 -0.32 89.67 89.33 86.82 
0 0 0 31.89 0.00000000 0.00000000 0.00 0.00 0.00 -0.16 -0.02 1.06 -1.63 0.27 -0.26 87.37 89.87 87.33 
0 0 0 32.00 0.00000000 0.00000000 0.00 0.00 0.00 -0.19 0.02 0.20 -0.87 0.02 -0.17 86.93 90.27 88.19 
0 0 0 32.10 0.00000000 0.00000000 0.00 0.00 0.00 -0.25 0.00 0.10 -0.13 -0.01 -0.00 85.67 90.06 90.00 
0 0 0 32.20 0.00000000 0.00000000 0.00 0.00 0.00 -0.19 0.06 -0.35 0.68 -0.06 0.21 86.71 91.00 92.12 
0 0 0 32.30 0.00000000 0.00000000 0.00 0.00 0.00 -0.13 0.02 0.15 1.52 -0.17 0.32 87.85 90.26 93.19 
0 0 0 32.40 0.00000000 0.00000000 0.00 0.00 0.00 0.02 0.00 0.08 1.62 0.04 0.38 90.29 90.00 93.78 
0 0 0 32.50 0.00000000 0.00000000 0.00 0.00 0.00 0.15 -0.01 0.62 1.34 0.06 0.25 92.50 89.87 92.51 
0 0 0 32.60 0.00000000 0.00000000 0.00 0.00 0.00 0.27 0.02 0.59 1.30 -0.31 0.09 94.61 90.27 90.93 
0 0 0 32.70 0.00000000 0.00000000 0.00 0.00 0.00 0.44 -0.03 0.72 1.12 -0.11 -0.01 97.47 89.50 89.94 
0 0 0 32.80 0.00000000 0.00000000 0.00 0.00 0.00 0.51 -0.07 0.87 0.58 -0.42 -0.15 98.65 88.82 88.54 
0 0 0 32.91 0.00000000 0.00000000 0.00 0.00 0.00 0.46 -0.08 1.07 -0.39 -1.07 -0.30 97.77 88.71 86.95 
0 0 0 33.01 0.00000000 0.00000000 0.00 0.00 0.00 0.36 -0.14 1.07 -1.30 -0.89 -0.18 96.12 87.54 88.20 
0 0 0 33.11 0.00000000 0.00000000 0.00 0.00 0.00 0.32 -0.29 0.68 -1.19 -0.59 0.24 95.47 85.07 92.36 
0 0 0 33.21 0.00000000 0.00000000 0.00 0.00 0.00 0.18 -0.31 0.73 -1.08 -0.27 0.44 93.06 84.65 94.37 
0 0 0 33.31 0.00000000 0.00000000 0.00 0.00 0.00 0.09 -0.32 1.00 -1.09 0.61 0.94 91.50 84.53 99.37 
0 0 0 33.41 0.00000000 0.00000000 0.00 0.00 0.00 -0.15 -0.30 0.99 -1.78 0.86 0.88 87.40 84.97 98.76 
0 0 0 33.51 0.00000000 0.00000000 0.00 0.00 0.00 -0.32 -0.28 0.94 -2.01 0.02 0.22 84.49 85.28 92.16 
0 0 0 33.61 0.00000000 0.00000000 0.00 0.00 0.00 -0.43 -0.15 0.96 -1.37 -0.05 0.16 82.71 87.45 91.62 
0 0 0 33.71 0.00000000 0.00000000 0.00 0.00 0.00 -0.59 -0.14 1.11 -0.76 0.36 0.53 79.94 87.61 95.29 
0 0 0 33.81 0.00000000 0.00000000 0.00 0.00 0.00 -0.64 -0.17 0.76 -0.68 0.21 0.34 79.06 87.08 93.41 
0 0 0 33.91 0.00000000 0.00000000 0.00 0.00 0.00 -0.68 -0.09 0.53 -0.93 0.35 0.23 78.07 87.80 92.41 
0 0 0 34.02 0.00000000 0.00000000 0.00 0.00 0.00 -0.80 -0.09 1.05 -0.95 -0.36 0.30 76.40 88.51 92.97 
0 0 0 34.12 0.00000000 0.00000000 0.00 0.00 0.00 -0.89 -0.03 1.27 -1.17 -0.12 0.26 74.95 89.53 92.62 
0 0 0 34.22 0.00000000 0.00000000 0.00 0.00 0.00 -1.03 -0.01 1.56 -1.24 -0.08 0.16 72.45 89.75 91.64 
0 0 0 34.32 0.00000000 0.00000000 0.00 0.00 0.00 -1.25 -0.09 1.32 -0.99 -0.36 0.10 68.82 88.52 91.00 
0 0 0 34.42 0.00000000 0.00000000 0.00 0.00 0.00 -1.18 -0.04 1.37 -0.33 -0.37 0.09 69.87 89.35 90.92 
0 0 0 34.52 0.00000000 0.00000000 0.00 0.00 0.00 -1.21 -0.08 1.14 0.52 -0.14 0.17 69.51 88.61 91.70 
0 0 0 34.62 0.00000000 0.00000000 0.00 0.00 0.00 -1.12 -0.06 1.31 1.84 0.18 0.15 71.01 88.99 91.47 
0 0 0 34.72 0.00000000 0.00000000 0.00 0.00 0.00 -0.89 0.01 1.70 2.23 0.48 0.12 74.86 90.25 91.21 
0 0 0 34.82 0.00000000 0.00000000 0.00 0.00 0.00 -0.75 -0.02 1.31 2.22 0.30 -0.13 77.29 89.67 88.75 
0 0 0 34.92 0.00000000 0.00000000 0.00 0.00 0.00 -0.55 -0.06 0.65 2.16 -0.17 -0.22 80.58 88.90 87.82 
0 0 0 35.02 0.00000000 0.00000000 0.00 0.00 0.00 -0.33 -0.06 0.88 2.13 0.01 -0.17 84.32 88.97 88.27 
0 0 0 35.12 0.00000000 0.00000000 0.00 0.00 0.00 -0.11 0.02 0.73 2.08 0.11 -0.10 88.07 90.37 88.97 
0 0 0 35.23 0.00000000 0.00000000 0.00 0.00 0.00 0.17 0.14 1.17 1.85 0.51 -0.02 93.12 91.22 89.55 
0 0 0 35.33 0.00000000 0.00000000 0.00 0.00 0.00 0.29 0.17 1.29 1.38 0.60 0.10 94.98 92.85 91.03 
0 0 0 35.43 0.00000000 0.00000000 0.00 0.00 0.00 0.45 0.15 0.96 0.77 -0.08 0.03 97.64 92.53 90.33 
0 0 0 35.53 0.00000000 0.00000000 0.00 0.00 0.00 0.53 0.12 0.68 -0.61 0.32 -0.22 98.95 92.04 87.77 
0 0 0 35.63 0.00000000 0.00000000 0.00 0.00 0.00 0.33 0.12 0.91 -2.40 -0.66 -0.62 95.57 91.98 83.82 
0 0 0 35.73 0.00000000 0.00000000 0.00 0.00 0.00 -0.14 0.15 1.22 -3.33 -0.46 -0.73 87.69 92.63 82.74 
0 0 0 35.83 0.00000000 0.00000000 0.00 0.00 0.00 -0.38 -0.11 0.68 -2.41 -1.12 -0.70 83.51 88.09 82.96 
0 0 0 35.93 0.00000000 0.00000000 0.00 0.00 0.00 0.20 0.99 -2.37 0.52 1.30 -0.23 132.69 90.75 86.77 
0 0 0 36.03 0.00000000 0.00000000 0.00 0.00 0.00 -0.29 0.01 -0.55 1.84 0.56 0.00 85.01 90.10 90.01 
0 0 0 36.13 0.00000000 0.00000000 0.00 0.00 0.00 -0.21 -0.02 0.20 1.19 0.38 -0.03 86.51 89.66 89.69 
0 0 0 36.23 0.00000000 0.00000000 0.00 0.00 0.00 -0.16 0.47 2.80 0.35 0.40 -0.26 87.35 97.91 87.41 
0 0 0 36.34 0.00000000 0.00000000 0.00 0.00 0.00 0.15 0.10 -0.74 0.35 0.15 -0.10 92.52 91.72 88.98 
0 0 0 36.44 0.00000000 0.00000000 0.00 0.00 0.00 0.08 0.18 -0.51 0.43 0.26 0.37 91.40 92.98 93.73 
0 0 0 36.54 0.00000000 0.00000000 0.00 0.00 0.00 0.00 0.11 0.30 0.40 0.05 0.43 90.05 91.84 94.27 
0 0 0 36.64 0.00000000 0.00000000 0.00 0.00 0.00 0.03 0.13 0.33 0.17 0.03 0.26 90.52 92.20 92.64 
0 0 0 36.74 0.00000000 0.00000000 0.00 0.00 0.00 0.13 0.07 0.14 0.26 -0.00 0.11 92.16 91.18 91.08 
0 0 0 36.84 0.00000000 0.00000000 0.00 0.00 0.00 0.11 0.11 0.19 0.00 0.02 -0.00 91.95 91.87 89.99 
0 0 0 36.94 0.00000000 0.00000000 0.00 0.00 0.00 0.08 0.11 0.29 -0.26 0.14 -0.04 91.41 91.92 89.64 
0 0 0 37.04 0.00000000 0.00000000 0.00 0.00 0.00 -0.33 0.20 1.32 -0.59 -0.08 -0.25 84.43 93.48 87.52 
0 0 0 37.14 0.00000000 0.00000000 0.00 0.00 0.00 -0.04 0.04 0.48 -0.45 -0.31 -0.04 89.39 90.67 89.59 
0 0 0 37.24 0.00000000 0.00000000 0.00 0.00 0.00 0.05 -0.00 -0.20 -0.45 -0.24 -0.12 90.91 89.93 88.79 
0 0 0 37.34 0.00000000 0.00000000 0.00 0.00 0.00 -0.06 0.04 -0.04 -0.31 0.00 -0.01 89.03 90.76 89.86 
0 0 0 37.44 0.00000000 0.00000000 0.00 0.00 0.00 -0.01 0.08 -0.31 0.25 -0.00 0.18 89.86 91.34 91.84 
0 0 0 37.54 0.00000000 0.00000000 0.00 0.00 0.00 -0.03 0.10 0.23 0.68 0.43 0.12 89.42 91.67 91.22 
0 0 0 37.64 0.00000000 0.00000000 0.00 0.00 0.00 0.08 0.09 -0.18 0.32 -0.37 0.04 91.39 91.53 90.39 
0 0 0 37.74 0.00000000 0.00000000 0.00 0.00 0.00 -0.02 -0.10 0.33 0.52 -0.16 -0.24 89.74 88.34 87.62 
0 0 0 37.84 0.00000000 0.00000000 0.00 0.00 0.00 3.14 -0.08 -0.42 -0.11 -0.13 -0.48 143.32 88.72 85.16 
0 0 0 37.95 0.00000000 0.00000000 0.00 0.00 0.00 0.21 0.05 -0.49 0.03 -0.03 -0.04 93.64 90.81 89.58 
0 0 0 38.05 0.00000000 0.00000000 0.00 0.00 0.00 0.10 0.09 -0.06 -0.01 -0.01 0.00 91.73 91.58 90.04 
0 0 0 38.15 0.00000000 0.00000000 0.00 0.00 0.00 0.06 0.08 0.10 0.00 -0.00 0.00 91.04 91.29 90.04 
0 0 0 38.25 0.00000000 0.00000000 0.00 0.00 0.00 0.07 0.08 0.07 -0.00 0.01 0.00 91.15 91.28 90.02 
0 0 0 38.35 0.00000000 0.00000000 0.00 0.00 0.00 0.07 0.10 0.11 0.01 0.02 -0.00 91.12 91.64 89.99 
0 0 0 38.45 0.00000000 0.00000000 0.00 0.00 0.00 0.06 0.07 0.15 0.04 -0.02 0.00 91.04 91.23 90.05 
0 0 0 38.55 0.00000000 0.00000000 0.00 0.00 0.00 0.06 0.07 0.15 0.02 -0.02 0.00 91.02 91.14 90.04 
0 0 0 38.65 0.00000000 0.00000000 0.00 0.00 0.00 0.07 0.08 0.08 0.01 -0.00 0.00 91.21 91.34 90.04 
0 0 0 38.75 0.00000000 0.00000000 0.00 0.00 0.00 -0.04 0.05 0.50 0.00 -0.03 0.01 89.38 90.93 90.07 
0 0 0 38.85 0.00000000 0.00000000 0.00 0.00 0.00 0.09 0.09 0.04 0.01 -0.00 0.01 91.47 91.46 90.07 
0 0 0 38.95 0.00000000 0.00000000 0.00 0.00 0.00 0.09 0.11 -0.00 0.00 -0.03 0.01 91.49 91.94 90.05 
0 0 0 39.05 0.00000000 0.00000000 0.00 0.00 0.00 0.07 0.07 0.08 0.02 0.00 0.01 91.22 91.15 90.06 
0 0 0 39.15 0.00000000 0.00000000 0.00 0.00 0.00 -0.08 0.10 0.70 0.02 -0.01 0.00 88.69 91.67 90.04 
0 0 0 39.25 0.00000000 0.00000000 0.00 0.00 0.00 0.64 0.12 -1.19 0.01 -0.01 0.00 100.80 92.12 90.05 
0 0 0 39.36 0.00000000 0.00000000 0.00 0.00 0.00 -0.01 0.08 0.52 0.01 -0.01 0.00 89.88 91.41 90.04 
0 0 0 39.46 0.00000000 0.00000000 0.00 0.00 0.00 0.07 0.08 0.05 0.01 -0.00 0.00 91.21 91.34 90.02 
0 0 0 39.56 0.00000000 0.00000000 0.00 0.00 0.00 0.06 0.07 0.13 0.02 -0.02 0.01 91.04 91.16 90.05 
0 0 0 39.66 0.00000000 0.00000000 0.00 0.00 0.00 0.07 0.08 0.09 0.01 -0.00 0.01 91.13 91.33 90.05 
0 0 0 39.76 0.00000000 0.00000000 0.00 0.00 0.00 0.03 0.09 0.26 0.01 0.00 0.00 90.54 91.49 90.04 
0 0 0 39.86 0.00000000 0.00000000 0.00 0.00 0.00 -0.03 0.09 0.50 0.02 -0.02 0.01 89.51 91.51 90.05 
0 0 0 39.96 0.00000000 0.00000000 0.00 0.00 0.00 0.08 0.08 0.07 0.01 0.00 0.00 90.91 91.23 90.04 
0 0 0 40.06 0.00000000 0.00000000 0.00 0.00 0.00 0.06 0.07 0.12 0.02 -0.00 0.00 91.07 91.53 90.04 
0 0 0 40.17 0.00000000 0.00000000 0.00 0.00 0.00 0.06 0.06 0.12 0.02 -0.02 0.01 91.02 91.02 90.07 
0 0 0 40.27 0.00000000 0.00000000 0.00 0.00 0.00 0.04 0.06 0.17 0.01 -0.01 0.01 90.71 91.10 90.06 
0 0 0 40.37 0.00000000 0.00000000 0.00 0.00 0.00 0.07 0.07 0.09 0.01 -0.01 0.00 91.18 91.24 90.05 
0 0 0 40.47 0.00000000 0.00000000 0.00 0.00 0.00 0.07 0.07 0.08 0.01 -0.00 0.00 91.18 91.25 90.02 
0 0 0 40.57 0.00000000 0.00000000 0.00 0.00 0.00 0.06 0.06 0.13 0.01 -0.02 0.00 90.96 91.09 90.03 
0 0 0 40.67 0.00000000 0.00000000 0.00 0.00 0.00 0.06 0.08 0.09 0.01 -0.00 0.00 91.06 91.32 90.04 
0 0 0 40.77 0.00000000 0.00000000 0.00 0.00 0.00 0.07 0.08 0.08 0.02 0.00 0.00 91.13 91.39 90.03 
0 0 0 40.87 0.00000000 0.00000000 0.00 0.00 0.00 0.05 0.07 0.15 0.01 -0.01 0.00 90.92 91.18 90.04 
0 0 0 40.97 0.00000000 0.00000000 0.00 0.00 0.00 0.06 0.07 0.11 0.01 -0.01 0.00 91.06 91.19 90.04 
0 0 0 41.07 0.00000000 0.00000000 0.00 0.00 0.00 0.05 0.07 0.15 0.01 -0.01 0.00 91.04 91.24 90.03 
0 0 0 41.18 0.00000000 0.00000000 0.00 0.00 0.00 0.05 0.07 0.14 0.01 -0.02 0.00 90.91 91.23 90.04 
0 0 0 41.28 0.00000000 0.00000000 0.00 0.00 0.00 0.08 0.08 0.04 0.01 -0.02 0.01 91.31 91.31 90.07 
0 0 0 41.38 0.00000000 0.00000000 0.00 0.00 0.00 0.07 0.07 0.07 0.01 -0.01 0.00 91.11 91.17 90.04 
0 0 0 41.48 0.00000000 0.00000000 0.00 0.00 0.00 0.07 0.08 0.09 0.01 -0.00 0.01 91.11 91.44 90.05 
0 0 0 41.58 0.00000000 0.00000000 0.00 0.00 0.00 0.12 0.08 -0.16 0.02 -0.02 0.00 92.02 91.30 90.05 
0 0 0 41.68 0.00000000 0.00000000 0.00 0.00 0.00 0.08 0.08 0.07 0.01 -0.01 0.00 91.30 91.30 90.04 
0 0 0 41.78 0.00000000 0.00000000 0.00 0.00 0.00 0.06 0.08 0.16 0.01 -0.01 0.00 91.04 91.29 90.05 
0 0 0 41.88 0.00000000 0.00000000 0.00 0.00 0.00 0.07 0.08 0.07 0.01 -0.01 0.00 91.25 91.38 90.01 
0 0 0 41.98 0.00000000 0.00000000 0.00 0.00 0.00 0.06 0.07 0.13 0.00 -0.01 0.00 91.10 91.16 90.04 
0 0 0 42.08 0.00000000 0.00000000 0.00 0.00 0.00 0.09 0.08 0.16 0.02 -0.00 0.00 91.57 91.28 90.03 
0 0 0 42.18 0.00000000 0.00000000 0.00 0.00 0.00 0.06 0.07 0.10 0.01 -0.01 0.00 91.10 91.23 90.02 
0 0 0 42.28 0.00000000 0.00000000 0.00 0.00 0.00 0.06 0.06 0.08 0.01 -0.02 0.01 91.10 91.10 90.07 
0 0 0 42.38 0.00000000 0.00000000 0.00 0.00 0.00 0.06 0.07 0.13 0.02 -0.01 0.00 90.97 91.16 90.03 
0 0 0 42.48 0.00000000 0.00000000 0.00 0.00 0.00 0.07 0.07 0.07 0.02 -0.00 0.00 91.19 91.25 90.04 
0 0 0 42.59 0.00000000 0.00000000 0.00 0.00 0.00 0.08 0.06 -0.00 0.01 -0.03 0.01 91.43 91.09 90.07 
0 0 0 42.69 0.00000000 0.00000000 0.00 0.00 0.00 0.07 0.07 0.08 0.01 -0.01 0.01 91.11 91.11 90.05 
0 0 0 42.79 0.00000000 0.00000000 0.00 0.00 0.00 0.06 0.07 0.11 0.00 0.00 0.01 91.05 91.25 90.06 
0 0 0 42.89 0.00000000 0.00000000 0.00 0.00 0.00 0.06 0.08 0.12 0.02 -0.01 0.01 91.03 91.42 90.06 
0 0 0 42.99 0.00000000 0.00000000 0.00 0.00 0.00 0.07 0.06 0.06 0.01 -0.02 0.09 91.23 90.97 90.88 
0 0 0 43.09 0.00000000 0.00000000 0.00 0.00 0.00 0.07 0.07 0.14 0.02 -0.01 0.01 91.13 91.26 90.08 
0 0 0 43.19 0.00000000 0.00000000 0.00 0.00 0.00 0.06 0.08 0.18 0.01 -0.01 0.00 91.02 91.33 90.04 
0 0 0 43.29 0.00000000 0.00000000 0.00 0.00 0.00 0.04 0.07 0.24 0.01 -0.01 0.01 90.70 91.14 90.08 
0 0 0 43.39 0.00000000 0.00000000 0.00 0.00 0.00 0.07 0.07 0.11 0.01 0.00 0.00 91.13 91.19 90.02 
0 0 0 43.49 0.00000000 0.00000000 0.00 0.00 0.00 0.06 0.08 0.17 0.00 -0.01 0.00 91.05 91.31 90.04 
0 0 0 43.59 0.00000000 0.00000000 0.00 0.00 0.00 0.06 0.08 0.16 0.01 -0.01 0.00 91.04 91.36 90.03 
0 0 0 43.69 0.00000000 0.00000000 0.00 0.00 0.00 0.06 0.07 0.12 0.02 -0.01 0.00 91.09 91.15 90.04 
0 0 0 43.79 0.00000000 0.00000000 0.00 0.00 0.00 0.07 0.09 0.13 0.01 -0.00 0.00 91.14 91.46 90.03 
0 0 0 43.89 0.00000000 0.00000000 0.00 0.00 0.00 0.07 0.09 0.09 0.02 0.00 -0.00 91.25 91.45 90.00 
0 0 0 43.99 0.00000000 0.00000000 0.00 0.00 0.00 0.07 0.08 0.09 0.02 -0.01 -0.00 91.16 91.35 89.99 
0 0 0 44.09 0.00000000 0.00000000 0.00 0.00 0.00 0.07 -0.10 0.07 0.01 -0.04 -0.04 91.20 88.38 89.61 
0 0 0 44.20 0.00000000 0.00000000 0.00 0.00 0.00 0.10 0.11 -0.04 0.01 -0.02 0.00 91.67 91.91 90.05 
0 0 0 44.30 0.00000000 0.00000000 0.00 0.00 0.00 0.05 0.06 0.18 0.02 -0.03 0.01 91.06 91.19 90.06 
0 0 0 44.40 0.00000000 0.00000000 0.00 0.00 0.00 0.07 0.08 0.12 0.01 -0.00 0.00 91.11 91.31 90.05 
0 0 0 44.50 0.00000000 0.00000000 0.00 0.00 0.00 0.07 0.07 0.12 0.01 -0.00 0.00 91.04 91.29 90.03 
0 0 0 44.60 0.00000000 0.00000000 0.00 0.00 0.00 0.06 0.07 0.13 0.01 0.01 0.00 91.02 91.15 90.03 
0 0 0 44.70 0.00000000 0.00000000 0.00 0.00 0.00 0.06 0.07 0.12 0.01 0.01 0.00 91.04 91.11 90.01 
0 0 0 44.81 0.00000000 0.00000000 0.00 0.00 0.00 0.06 0.07 0.15 0.02 -0.04 0.01 90.99 91.25 90.07 
0 0 0 44.94 0.00000000 0.00000000 0.00 0.00 0.00 0.06 0.08 0.10 0.01 -0.00 0.01 91.05 91.31 90.06 
0 0 0 45.08 0.00000000 0.00000000 0.00 0.00 0.00 0.07 0.08 0.06 0.02 -0.02 0.00 91.24 91.31 90.05 
0 0 0 45.21 0.00000000 0.00000000 0.00 0.00 0.00 0.05 0.07 0.17 0.01 0.00 0.00 90.91 91.23 90.02 
0 0 0 45.35 0.00000000 0.00000000 0.00 0.00 0.00 0.02 0.16 0.50 0.01 -0.03 0.01 90.33 92.80 90.06 
0 0 0 45.45 0.00000000 0.00000000 0.00 0.00 0.00 0.05 0.08 0.16 0.01 -0.01 0.01 90.91 91.30 90.05 
0 0 0 45.55 0.00000000 0.00000000 0.00 0.00 0.00 0.06 0.07 0.14 0.01 -0.01 0.01 91.05 91.31 90.05 
0 0 0 45.65 0.00000000 0.00000000 0.00 0.00 0.00 0.07 0.07 0.12 0.01 -0.00 0.00 91.13 91.26 90.04 
0 0 0 45.75 0.00000000 0.00000000 0.00 0.00 0.00 0.06 0.07 0.12 0.01 -0.00 0.00 91.05 91.24 90.05 
0 0 0 45.85 0.00000000 0.00000000 0.00 0.00 0.00 0.07 0.07 0.13 0.00 0.01 0.01 91.11 91.17 90.05 
0 0 0 45.95 0.00000000 0.00000000 0.00 0.00 0.00 0.08 0.02 0.03 0.00 -0.01 0.00 91.29 90.39 90.03 
0 0 0 46.05 0.00000000 0.00000000 0.00 0.00 0.00 0.06 0.08 0.12 0.02 0.01 0.00 91.07 91.33 90.02 
0 0 0 46.15 0.00000000 0.00000000 0.00 0.00 0.00 0.09 0.09 -0.12 0.01 -0.00 -0.00 91.56 91.49 89.99 
0 0 0 46.26 0.00000000 0.00000000 0.00 0.00 0.00 0.07 0.07 0.11 0.02 -0.01 0.00 91.12 91.19 90.05 
0 0 0 46.36 0.00000000 0.00000000 0.00 0.00 0.00 0.10 0.11 -0.06 0.03 0.01 0.00 91.68 91.95 90.02 
0 0 0 46.46 0.00000000 0.00000000 0.00 0.00 0.00 0.07 0.07 0.07 0.02 -0.03 0.01 91.18 91.17 90.09 
0 0 0 46.56 0.00000000 0.00000000 0.00 0.00 0.00 0.06 0.08 0.08 0.02 -0.01 0.00 91.06 91.32 90.04 
0 0 0 46.66 0.00000000 0.00000000 0.00 0.00 0.00 0.06 0.09 0.16 0.03 -0.01 0.00 90.97 91.49 90.03 
0 0 0 46.76 0.00000000 0.00000000 0.00 0.00 0.00 0.09 0.07 0.00 0.01 -0.01 0.01 91.45 91.24 90.05 
0 0 0 46.86 0.00000000 0.00000000 0.00 0.00 0.00 0.06 0.07 0.11 0.01 -0.01 0.00 90.99 91.25 90.04 
0 0 0 46.96 0.00000000 0.00000000 0.00 0.00 0.00 0.07 0.08 0.11 0.02 -0.02 0.01 91.11 91.36 90.07 
0 0 0 47.06 0.00000000 0.00000000 0.00 0.00 0.00 0.05 0.07 0.21 0.02 -0.02 0.01 90.91 91.16 90.07 
0 0 0 47.16 0.00000000 0.00000000 0.00 0.00 0.00 0.07 0.07 0.05 0.02 -0.01 0.00 91.11 91.23 90.04 
0 0 0 47.27 0.00000000 0.00000000 0.00 0.00 0.00 0.07 0.08 0.11 0.01 -0.02 0.00 91.07 91.33 90.00 
0 0 0 47.37 0.00000000 0.00000000 0.00 0.00 0.00 0.06 0.07 0.09 0.01 -0.01 0.00 91.08 91.15 90.04 
0 0 0 47.47 0.00000000 0.00000000 0.00 0.00 0.00 0.07 0.08 0.12 0.01 -0.00 0.00 91.12 91.31 90.03 
0 0 0 47.57 0.00000000 0.00000000 0.00 0.00 0.00 0.06 0.08 0.13 0.01 -0.00 0.00 91.04 91.30 90.04 
0 0 0 47.67 0.00000000 0.00000000 0.00 0.00 0.00 0.07 0.07 0.08 0.02 -0.01 0.00 91.11 91.18 90.04 
0 0 0 47.77 0.00000000 0.00000000 0.00 0.00 0.00 0.06 0.03 0.10 0.01 0.00 0.14 90.99 90.59 91.38 
0 0 0 47.87 0.00000000 0.00000000 0.00 0.00 0.00 0.05 0.08 0.17 0.02 -0.02 0.01 90.89 91.37 90.05 
0 0 0 47.97 0.00000000 0.00000000 0.00 0.00 0.00 -0.00 0.13 0.50 0.02 0.01 0.04 89.94 92.17 90.44 
0 0 0 48.07 0.00000000 0.00000000 0.00 0.00 0.00 0.07 0.12 0.07 0.01 -0.00 -0.00 91.27 91.96 90.00 
0 0 0 48.17 0.00000000 0.00000000 0.00 0.00 0.00 0.10 0.04 -0.00 0.01 0.03 0.19 91.63 90.64 91.94 
0 0 0 48.27 0.00000000 0.00000000 0.00 0.00 0.00 0.03 0.05 0.24 0.02 -0.01 0.17 90.46 90.79 91.68 
0 0 0 48.37 0.00000000 0.00000000 0.00 0.00 0.00 0.04 0.04 0.26 0.01 -0.00 0.07 90.65 90.65 90.74 
0 0 0 48.47 0.00000000 0.00000000 0.00 0.00 0.00 0.06 0.08 0.20 0.01 0.00 0.00 91.03 91.28 90.02 
0 0 0 48.57 0.00000000 0.00000000 0.00 0.00 0.00 0.07 0.07 0.14 0.01 -0.01 0.01 91.17 91.23 90.05 
0 0 0 48.67 0.00000000 0.00000000 0.00 0.00 0.00 0.06 0.07 0.17 0.01 -0.01 0.01 91.06 91.12 90.06 
0 0 0 48.78 0.00000000 0.00000000 0.00 0.00 0.00 0.07 0.07 0.17 0.03 -0.02 0.01 91.12 91.12 90.05 
0 0 0 48.88 0.00000000 0.00000000 0.00 0.00 0.00 0.08 0.07 0.11 0.01 -0.02 0.00 91.40 91.20 90.05 
0 0 0 48.98 0.00000000 0.00000000 0.00 0.00 0.00 0.09 0.11 0.06 0.01 -0.00 0.00 91.50 91.88 90.05 
0 0 0 49.08 0.00000000 0.00000000 0.00 0.00 0.00 0.07 0.06 0.15 0.02 -0.03 0.01 91.11 91.04 90.08 
0 0 0 49.18 0.00000000 0.00000000 0.00 0.00 0.00 0.79 -0.09 -1.01 -0.04 -0.10 -0.14 103.35 88.53 88.64 
0 0 0 49.28 0.00000000 0.00000000 0.00 0.00 0.00 0.48 0.04 -0.95 0.01 0.12 1.08 98.13 90.74 100.75 
0 0 0 49.38 0.00000000 0.00000000 0.00 0.00 0.00 -0.04 -0.02 0.57 0.01 0.03 0.41 89.27 89.64 94.14 
0 0 0 49.48 0.00000000 0.00000000 0.00 0.00 0.00 0.07 0.08 0.38 0.01 -0.01 0.00 91.24 91.37 90.04 
0 0 0 49.58 0.00000000 0.00000000 0.00 0.00 0.00 0.07 0.06 0.35 0.01 -0.02 0.01 91.12 91.05 90.06 
0 0 0 49.68 0.00000000 0.00000000 0.00 0.00 0.00 0.06 0.08 0.45 0.02 -0.00 0.00 91.06 91.39 90.03 
0 0 0 49.78 0.00000000 0.00000000 0.00 0.00 0.00 0.06 0.07 0.39 0.01 -0.00 0.00 91.04 91.11 90.03 
0 0 0 49.88 0.00000000 0.00000000 0.00 0.00 0.00 0.07 0.08 0.42 0.01 -0.01 0.00 91.11 91.30 90.04 
0 0 0 49.99 0.00000000 0.00000000 0.00 0.00 0.00 0.06 0.08 0.44 0.01 -0.01 0.01 91.04 91.36 90.06 
0 0 0 50.09 0.00000000 0.00000000 0.00 0.00 0.00 0.06 0.06 0.41 0.01 -0.01 0.00 91.04 91.10 90.03 
0 0 0 50.19 0.00000000 0.00000000 0.00 0.00 0.00 0.06 0.07 0.45 0.02 -0.01 0.00 90.98 91.17 90.03 
0 0 0 50.29 0.00000000 0.00000000 0.00 0.00 0.00 0.07 0.07 0.36 0.01 -0.02 0.00 91.05 91.11 90.06 
0 0 0 50.39 0.00000000 0.00000000 0.00 0.00 0.00 0.04 0.22 1.30 0.02 -0.01 0.01 91.00 91.33 90.09 
0 0 0 50.49 0.00000000 0.00000000 0.00 0.00 0.00 0.00 0.07 0.64 0.01 -0.01 0.00 90.32 91.72 90.05 
0 0 0 50.59 0.00000000 0.00000000 0.00 0.00 0.00 0.07 0.06 0.35 -0.00 -0.07 0.01 91.22 90.94 90.07 
0 0 0 50.70 0.00000000 0.00000000 0.00 0.00 0.00 0.03 0.04 0.48 0.01 -0.04 0.01 90.48 90.66 90.06 
0 0 0 50.80 0.00000000 0.00000000 0.00 0.00 0.00 0.04 -0.01 0.38 0.01 -0.03 0.13 90.64 89.81 91.25 
0 0 0 50.90 0.00000000 0.00000000 0.00 0.00 0.00 0.09 0.07 0.34 0.00 -0.03 0.03 91.48 91.27 90.34 
0 0 0 51.00 0.00000000 0.00000000 0.00 0.00 0.00 -0.05 -0.03 0.64 -0.05 -0.07 0.01 89.20 89.56 90.06 
0 0 0 51.10 0.00000000 0.00000000 0.00 0.00 0.00 0.01 0.07 0.68 0.01 -0.01 -0.01 90.13 91.25 89.86 
0 0 0 51.20 0.00000000 0.00000000 0.00 0.00 0.00 -0.15 0.10 1.12 0.05 0.01 0.15 87.53 91.74 91.54 
0 0 0 51.30 0.00000000 0.00000000 0.00 0.00 0.00 0.14 0.21 -0.06 0.01 -0.01 0.01 92.39 93.59 90.08 
