0 0 0 0 0 0 1.53 0 0.00000000 0.00000000 0.00 0.00 0.00 0.00 0.00 0.00 
0 0 0 0 0 0 1.60 0 0.00000000 0.00000000 0.00 0.00 0.00 0.00 0.00 0.00 
0 0 0 0 0 0 1.63 0 0.00000000 0.00000000 0.00 0.00 0.00 0.00 0.00 0.00 
0 0 0 0 0 0 1.65 0 0.00000000 0.00000000 0.00 0.00 0.00 0.00 0.00 0.00 
0 0 0 0 0 0 1.67 0 0.00000000 0.00000000 0.00 0.00 0.00 0.00 0.00 0.00 
0 0 0 0 0 0 1.70 0 0.00000000 0.00000000 0.00 0.00 0.00 0.00 0.00 0.00 
0 0 0 0 0 0 1.72 0 0.00000000 0.00000000 0.00 0.00 0.00 0.00 0.00 0.00 
0 0 0 0 0 0 1.75 0 0.00000000 0.00000000 0.00 0.00 0.00 0.00 0.00 0.00 
0 0 0 0 0 0 1.78 0 0.00000000 0.00000000 0.00 0.00 0.00 0.00 0.00 0.00 
0 0 0 0 0 0 1.80 0 0.00000000 0.00000000 0.00 0.00 0.00 0.00 0.00 0.00 
0 0 0 0 0 0 1.83 0 0.00000000 0.00000000 0.00 0.00 0.00 0.00 0.00 0.00 
0 0 0 0 0 0 1.85 0 0.00000000 0.00000000 0.00 0.00 0.00 0.00 0.00 0.00 
0 0 0 0 0 0 1.87 0 0.00000000 0.00000000 0.00 0.00 0.00 0.00 0.00 0.00 
0 0 0 0 0 0 1.90 0 0.00000000 0.00000000 0.00 0.00 0.00 0.00 0.00 0.00 
0 0 0 0 0 0 1.92 0 0.00000000 0.00000000 0.00 0.00 0.00 0.00 0.00 0.00 
0 0 0 0 0 0 1.95 0 0.00000000 0.00000000 0.00 0.00 0.00 0.00 0.00 0.00 
0 0 0 0 0 0 1.98 0 0.00000000 0.00000000 0.00 0.00 0.00 0.00 0.00 0.00 
0 0 0 0 0 0 2.00 0 0.00000000 0.00000000 0.00 0.00 0.00 0.00 0.00 0.00 
0 0 0 0 0 0 2.03 0 0.00000000 0.00000000 0.00 0.00 0.00 87.55 85.76 90.00 
0 0 0 0 0 0 2.06 0 0.00000000 0.00000000 0.00 0.00 0.00 87.55 85.76 90.00 
0 0 0 0 0 0 2.08 0 0.00000000 0.00000000 0.00 0.00 0.00 87.55 85.76 90.00 
0 0 0 0 0 0 2.11 0 0.00000000 0.00000000 0.00 0.00 0.00 87.55 85.76 90.00 
0 0 0 0 0 0 2.13 0 0.00000000 0.00000000 0.00 0.00 0.00 87.55 85.76 90.00 
0 0 0 0 0 0 2.17 0 0.00000000 0.00000000 0.00 0.00 0.00 87.55 85.76 90.00 
0 0 0 0 0 0 2.21 0 0.00000000 0.00000000 0.00 0.00 0.00 87.55 85.76 90.00 
0 0 0 0 0 0 2.23 0 0.00000000 0.00000000 0.00 0.00 0.00 87.55 85.76 90.00 
0 0 0 0 0 0 2.26 0 0.00000000 0.00000000 0.00 0.00 0.00 87.55 85.76 90.00 
0 0 0 0 0 0 2.28 0 0.00000000 0.00000000 0.00 0.00 0.00 87.55 85.76 90.00 
0 0 0 0 0 0 2.31 0 0.00000000 0.00000000 0.00 0.00 0.00 87.55 85.76 90.00 
0 0 0 0 0 0 2.33 0 0.00000000 0.00000000 0.00 0.00 0.00 87.55 85.76 90.00 
0 0 0 0 0 0 2.36 0 0.00000000 0.00000000 0.00 0.00 0.00 87.55 85.76 90.00 
0 0 0 0 0 0 2.38 0 0.00000000 0.00000000 0.00 0.00 0.00 87.55 85.76 90.00 
0 0 0 0 0 0 2.41 0 0.00000000 0.00000000 0.00 0.00 0.00 87.55 85.76 90.00 
0 0 0 0 0 0 2.43 0 0.00000000 0.00000000 0.00 0.00 0.00 87.55 85.76 90.00 
0 0 0 0 0 0 2.46 0 0.00000000 0.00000000 0.00 0.00 0.00 87.55 85.76 90.00 
0 0 0 0 0 0 2.49 0 0.00000000 0.00000000 0.00 0.00 0.00 87.55 85.76 90.00 
0 0 0 0 0 0 2.51 0 0.00000000 0.00000000 0.00 0.00 0.00 87.55 85.76 90.00 
0 0 0 0 0 0 2.54 0 0.00000000 0.00000000 0.00 0.00 0.00 87.55 85.76 90.00 
0 0 0 0 0 0 2.56 0 0.00000000 0.00000000 0.00 0.00 0.00 87.55 85.76 90.00 
0 0 0 0 0 0 2.59 0 0.00000000 0.00000000 0.00 0.00 0.00 87.55 85.76 90.00 
0 0 0 0 0 0 2.61 0 0.00000000 0.00000000 0.00 0.00 0.00 87.55 85.76 90.00 
0 0 0 0 0 0 2.64 0 0.00000000 0.00000000 0.00 0.00 0.00 87.55 85.76 90.00 
0 0 0 0 0 0 2.66 0 0.00000000 0.00000000 0.00 0.00 0.00 87.55 85.76 90.00 
0 0 0 0 0 0 2.69 0 0.00000000 0.00000000 0.00 0.00 0.00 87.55 85.76 90.00 
0 0 0 0 0 0 2.71 0 0.00000000 0.00000000 0.00 0.00 0.00 87.55 85.76 90.00 
0 0 0 0 0 0 2.74 0 0.00000000 0.00000000 0.00 0.00 0.00 87.55 85.76 90.00 
0 0 0 0 0 0 2.76 0 0.00000000 0.00000000 0.00 0.00 0.00 87.55 85.76 90.00 
0 0 0 0 0 0 2.79 0 0.00000000 0.00000000 0.00 0.00 0.00 87.55 85.76 90.00 
0 0 0 0 0 0 2.81 0 0.00000000 0.00000000 0.00 0.00 0.00 87.55 85.76 90.00 
0 0 0 0 0 0 2.84 0 0.00000000 0.00000000 0.00 0.00 0.00 87.55 85.76 90.00 
0 0 0 0 0 0 2.87 0 0.00000000 0.00000000 0.00 0.00 0.00 87.55 85.76 90.00 
0 0 0 0 0 0 2.89 0 0.00000000 0.00000000 0.00 0.00 0.00 87.55 85.76 90.00 
0 0 0 0 0 0 2.92 0 0.00000000 0.00000000 0.00 0.00 0.00 87.55 85.76 90.00 
0 0 0 0 0 0 2.94 0 0.00000000 0.00000000 0.00 0.00 0.00 87.55 85.76 90.00 
0 0 0 0 0 0 2.97 0 0.00000000 0.00000000 0.00 0.00 0.00 87.55 85.76 90.00 
0 0 0 0 0 0 2.99 0 0.00000000 0.00000000 0.00 0.00 0.00 87.55 85.76 90.00 
0 0 0 0 0 0 3.04 0 0.00000000 0.00000000 0.00 0.00 0.00 87.56 86.24 90.00 
0 0 0 0 0 0 3.06 0 0.00000000 0.00000000 0.00 0.00 0.00 87.56 86.24 90.00 
0 0 0 0 0 0 3.09 0 0.00000000 0.00000000 0.00 0.00 0.00 87.56 86.24 90.00 
0 0 0 0 0 0 3.11 0 0.00000000 0.00000000 0.00 0.00 0.00 87.56 86.24 90.00 
