0 0 0 2.63 0.00000000 0.00000000 0.00 0.00 0.00 0.05 0.07 0.09 0.01 -0.01 0.00 92.03 91.53 90.07 
0 0 0 2.80 0.00000000 0.00000000 0.00 0.00 0.00 0.07 0.08 0.03 0.01 -0.01 0.01 91.11 91.30 90.05 
0 0 0 2.90 0.00000000 0.00000000 0.00 0.00 0.00 0.07 0.07 -0.08 0.02 -0.01 0.00 91.12 91.19 90.03 
0 0 0 3.00 0.00000000 0.00000000 0.00 0.00 0.00 0.06 0.06 -0.08 0.02 -0.01 0.00 91.10 91.10 90.05 
0 0 0 3.10 0.00000000 0.00000000 0.00 0.00 0.00 0.07 0.07 -0.01 0.02 -0.01 0.01 91.11 91.23 90.06 
0 0 0 3.20 0.00000000 0.00000000 0.00 0.00 0.00 0.06 0.09 0.10 0.01 -0.01 0.00 91.08 91.54 90.04 
0 0 0 3.30 0.00000000 0.00000000 0.00 0.00 0.00 0.06 0.07 -0.03 0.01 -0.01 0.00 91.05 91.18 90.04 
0 0 0 3.40 0.00000000 0.00000000 0.00 0.00 0.00 0.07 0.08 0.05 0.02 -0.01 0.01 91.13 91.39 90.05 
0 0 0 3.51 0.00000000 0.00000000 0.00 0.00 0.00 0.07 0.07 -0.03 0.01 -0.01 0.01 91.11 91.24 90.06 
0 0 0 3.61 0.00000000 0.00000000 0.00 0.00 0.00 0.06 0.08 0.02 0.02 -0.01 0.01 91.05 91.31 90.06 
0 0 0 3.71 0.00000000 0.00000000 0.00 0.00 0.00 0.06 0.06 -0.08 0.01 -0.01 0.01 91.11 91.36 90.04 
0 0 0 3.81 0.00000000 0.00000000 0.00 0.00 0.00 0.06 0.06 -0.06 0.02 -0.01 0.00 91.04 91.29 90.04 
0 0 0 3.91 0.00000000 0.00000000 0.00 0.00 0.00 0.06 0.08 0.05 0.02 -0.01 0.00 91.04 91.30 90.04 
0 0 0 4.01 0.00000000 0.00000000 0.00 0.00 0.00 0.02 0.06 0.15 0.01 -0.01 0.01 90.34 91.08 90.06 
0 0 0 4.11 0.00000000 0.00000000 0.00 0.00 0.00 0.07 0.09 0.06 0.01 -0.01 0.01 91.19 91.45 90.06 
0 0 0 4.21 0.00000000 0.00000000 0.00 0.00 0.00 0.07 0.08 -0.02 0.01 -0.01 0.00 91.12 91.31 90.04 
0 0 0 4.32 0.00000000 0.00000000 0.00 0.00 0.00 0.06 0.07 -0.04 0.01 -0.01 0.01 91.03 91.22 90.06 
0 0 0 4.42 0.00000000 0.00000000 0.00 0.00 0.00 0.06 0.07 -0.02 0.01 -0.02 0.00 91.10 91.22 90.04 
0 0 0 4.52 0.00000000 0.00000000 0.00 0.00 0.00 0.07 0.07 -0.15 0.02 -0.01 0.00 91.23 91.16 90.04 
0 0 0 4.62 0.00000000 0.00000000 0.00 0.00 0.00 0.07 0.07 0.00 0.02 -0.01 0.01 91.17 91.23 90.05 
0 0 0 4.72 0.00000000 0.00000000 0.00 0.00 0.00 0.07 0.07 -0.07 0.01 -0.01 0.00 91.12 91.25 90.04 
0 0 0 4.82 0.00000000 0.00000000 0.00 0.00 0.00 0.07 0.08 0.00 0.02 -0.01 0.00 91.24 91.44 90.03 
0 0 0 4.92 0.00000000 0.00000000 0.00 0.00 0.00 0.06 0.07 -0.02 0.01 -0.01 0.00 91.04 91.23 90.03 
0 0 0 5.03 0.00000000 0.00000000 0.00 0.00 0.00 0.07 0.06 -0.14 0.01 -0.01 0.01 91.24 91.36 90.05 
0 0 0 5.13 0.00000000 0.00000000 0.00 0.00 0.00 0.07 0.08 0.07 0.01 -0.02 0.01 91.12 91.38 90.08 
0 0 0 5.23 0.00000000 0.00000000 0.00 0.00 0.00 0.06 0.07 0.03 0.01 -0.01 0.00 91.04 91.17 90.04 
0 0 0 5.33 0.00000000 0.00000000 0.00 0.00 0.00 0.06 0.06 -0.07 0.01 -0.02 0.01 91.04 91.10 90.05 
0 0 0 5.43 0.00000000 0.00000000 0.00 0.00 0.00 0.06 0.08 0.04 0.02 -0.01 0.01 91.10 91.29 90.05 
0 0 0 5.53 0.00000000 0.00000000 0.00 0.00 0.00 0.05 0.08 0.14 0.02 -0.01 0.00 90.93 91.39 90.05 
0 0 0 5.63 0.00000000 0.00000000 0.00 0.00 0.00 0.06 0.08 0.05 0.02 -0.01 0.00 91.04 91.29 90.03 
0 0 0 5.74 0.00000000 0.00000000 0.00 0.00 0.00 0.07 0.07 -0.12 0.02 -0.01 0.00 91.11 91.17 90.05 
0 0 0 5.84 0.00000000 0.00000000 0.00 0.00 0.00 0.05 0.08 0.13 0.02 -0.01 0.00 90.84 91.29 90.04 
0 0 0 5.94 0.00000000 0.00000000 0.00 0.00 0.00 0.06 0.08 0.07 0.02 -0.01 0.01 90.98 91.30 90.06 
0 0 0 6.04 0.00000000 0.00000000 0.00 0.00 0.00 0.07 0.07 -0.06 0.01 -0.01 0.00 91.11 91.18 90.05 
0 0 0 6.14 0.00000000 0.00000000 0.00 0.00 0.00 0.07 0.07 -0.14 0.01 -0.01 0.00 91.24 91.24 90.03 
0 0 0 6.24 0.00000000 0.00000000 0.00 0.00 0.00 0.06 0.08 -0.03 0.01 -0.01 0.01 90.97 91.29 90.06 
0 0 0 6.34 0.00000000 0.00000000 0.00 0.00 0.00 0.06 0.07 -0.03 0.02 -0.01 0.00 91.04 91.16 90.04 
0 0 0 6.45 0.00000000 0.00000000 0.00 0.00 0.00 0.07 0.07 -0.15 0.02 -0.01 0.01 91.18 91.11 90.07 
0 0 0 6.55 0.00000000 0.00000000 0.00 0.00 0.00 0.05 0.07 0.08 0.01 -0.01 0.00 90.91 91.24 90.04 
0 0 0 6.65 0.00000000 0.00000000 0.00 0.00 0.00 0.07 0.08 0.07 0.01 -0.01 0.01 91.11 91.43 90.05 
0 0 0 6.75 0.00000000 0.00000000 0.00 0.00 0.00 0.07 0.06 -0.13 0.02 -0.00 0.00 91.17 91.10 90.04 
0 0 0 6.85 0.00000000 0.00000000 0.00 0.00 0.00 0.07 0.08 -0.05 0.02 -0.01 0.00 91.23 91.29 90.03 
0 0 0 6.95 0.00000000 0.00000000 0.00 0.00 0.00 0.06 0.07 0.01 0.01 -0.01 0.00 91.30 91.42 90.03 
0 0 0 7.05 0.00000000 0.00000000 0.00 0.00 0.00 0.06 0.06 -0.08 0.01 -0.02 0.00 91.03 91.10 90.03 
0 0 0 7.15 0.00000000 0.00000000 0.00 0.00 0.00 0.07 0.07 -0.04 0.01 -0.01 0.01 91.11 91.24 90.05 
0 0 0 7.25 0.00000000 0.00000000 0.00 0.00 0.00 0.06 0.07 -0.00 0.02 -0.01 0.00 90.98 91.24 90.05 
0 0 0 7.35 0.00000000 0.00000000 0.00 0.00 0.00 0.07 0.08 -0.12 0.01 -0.01 0.00 91.16 91.28 90.04 
0 0 0 7.45 0.00000000 0.00000000 0.00 0.00 0.00 0.07 0.06 -0.15 0.02 -0.01 0.00 91.24 91.10 90.04 
0 0 0 7.55 0.00000000 0.00000000 0.00 0.00 0.00 0.07 0.07 -0.12 0.01 -0.02 0.01 91.15 91.15 90.05 
0 0 0 7.66 0.00000000 0.00000000 0.00 0.00 0.00 0.07 0.07 -0.22 0.02 -0.01 0.01 91.27 91.14 90.08 
0 0 0 7.76 0.00000000 0.00000000 0.00 0.00 0.00 0.07 0.08 -0.02 0.02 -0.00 0.00 90.60 91.26 90.05 
0 0 0 7.86 0.00000000 0.00000000 0.00 0.00 0.00 0.06 0.09 0.28 0.01 -0.01 0.00 91.03 91.61 90.03 
0 0 0 7.96 0.00000000 0.00000000 0.00 0.00 0.00 0.07 0.06 -0.22 0.01 -0.01 0.00 91.27 91.01 90.05 
0 0 0 8.06 0.00000000 0.00000000 0.00 0.00 0.00 0.06 0.08 0.05 0.02 -0.01 0.00 91.10 91.36 90.02 
0 0 0 8.17 0.00000000 0.00000000 0.00 0.00 0.00 0.07 0.07 -0.00 0.00 -0.01 0.01 91.11 91.11 90.03 
0 0 0 8.27 0.00000000 0.00000000 0.00 0.00 0.00 0.06 0.07 -0.02 0.02 -0.02 0.00 91.04 91.10 90.04 
0 0 0 8.38 0.00000000 0.00000000 0.00 0.00 0.00 0.07 0.07 -0.06 0.01 -0.01 0.00 91.16 91.22 90.04 
0 0 0 8.48 0.00000000 0.00000000 0.00 0.00 0.00 0.07 0.07 -0.12 0.02 -0.01 0.01 91.17 91.17 90.05 
0 0 0 8.58 0.00000000 0.00000000 0.00 0.00 0.00 0.06 0.07 -0.02 0.02 -0.00 0.00 91.18 91.30 90.04 
0 0 0 8.68 0.00000000 0.00000000 0.00 0.00 0.00 0.04 0.06 0.08 0.02 -0.01 0.00 90.62 91.30 90.02 
0 0 0 8.78 0.00000000 0.00000000 0.00 0.00 0.00 0.08 0.06 -0.28 0.01 -0.01 0.00 91.30 91.03 90.04 
0 0 0 8.88 0.00000000 0.00000000 0.00 0.00 0.00 0.07 0.08 -0.05 0.01 -0.01 0.01 91.24 91.36 90.07 
0 0 0 8.98 0.00000000 0.00000000 0.00 0.00 0.00 0.06 0.07 0.00 0.01 -0.01 0.00 90.97 91.16 90.04 
0 0 0 9.08 0.00000000 0.00000000 0.00 0.00 0.00 0.07 0.07 -0.07 0.02 -0.01 0.01 91.19 91.19 90.05 
0 0 0 9.19 0.00000000 0.00000000 0.00 0.00 0.00 0.08 0.09 0.03 0.01 -0.01 0.00 91.12 91.38 90.05 
0 0 0 9.29 0.00000000 0.00000000 0.00 0.00 0.00 0.07 0.07 -0.15 0.02 -0.01 0.00 91.18 91.18 90.04 
0 0 0 9.39 0.00000000 0.00000000 0.00 0.00 0.00 0.07 0.07 -0.14 0.01 -0.00 0.00 91.11 91.11 90.04 
0 0 0 9.49 0.00000000 0.00000000 0.00 0.00 0.00 0.07 0.08 -0.14 0.01 -0.02 0.01 91.13 91.26 90.06 
0 0 0 9.60 0.00000000 0.00000000 0.00 0.00 0.00 0.07 0.05 -0.22 0.01 -0.01 0.00 91.19 90.92 90.03 
0 0 0 9.70 0.00000000 0.00000000 0.00 0.00 0.00 0.07 0.08 0.14 0.02 -0.00 0.00 91.11 91.37 90.05 
0 0 0 9.80 0.00000000 0.00000000 0.00 0.00 0.00 0.06 0.08 0.05 0.02 -0.01 0.00 90.65 91.29 90.05 
0 0 0 9.90 0.00000000 0.00000000 0.00 0.00 0.00 0.07 0.07 -0.09 0.01 -0.01 0.00 91.18 91.11 90.03 
0 0 0 10.00 0.00000000 0.00000000 0.00 0.00 0.00 0.07 0.07 -0.01 0.01 -0.02 0.00 91.18 91.24 90.03 
0 0 0 10.10 0.00000000 0.00000000 0.00 0.00 0.00 0.06 0.07 -0.04 0.02 -0.01 0.00 91.05 91.18 90.03 
0 0 0 10.20 0.00000000 0.00000000 0.00 0.00 0.00 0.07 0.07 -0.10 0.01 -0.01 0.00 91.11 91.11 90.03 
0 0 0 10.31 0.00000000 0.00000000 0.00 0.00 0.00 0.07 0.07 -0.05 0.01 -0.01 0.01 91.17 91.29 90.06 
0 0 0 10.41 0.00000000 0.00000000 0.00 0.00 0.00 0.07 0.08 -0.05 0.01 0.00 0.00 91.19 91.32 90.04 
0 0 0 10.51 0.00000000 0.00000000 0.00 0.00 0.00 0.07 0.08 -0.06 0.01 -0.01 0.00 91.13 91.39 90.04 
0 0 0 10.61 0.00000000 0.00000000 0.00 0.00 0.00 0.04 0.08 0.11 0.02 -0.02 0.00 90.71 91.29 90.03 
0 0 0 10.71 0.00000000 0.00000000 0.00 0.00 0.00 0.07 0.08 0.03 0.01 -0.01 0.01 91.19 91.32 90.05 
0 0 0 10.81 0.00000000 0.00000000 0.00 0.00 0.00 0.06 0.09 0.05 0.02 0.00 0.00 91.06 91.45 90.03 
0 0 0 10.91 0.00000000 0.00000000 0.00 0.00 0.00 0.05 0.07 0.06 0.02 -0.02 0.01 90.91 91.23 90.07 
0 0 0 11.01 0.00000000 0.00000000 0.00 0.00 0.00 0.06 0.07 -0.01 0.02 -0.01 0.01 91.04 91.17 90.05 
0 0 0 11.11 0.00000000 0.00000000 0.00 0.00 0.00 0.07 0.08 0.03 0.01 -0.00 0.00 91.19 91.38 90.04 
0 0 0 11.22 0.00000000 0.00000000 0.00 0.00 0.00 0.07 0.07 -0.10 0.01 -0.02 0.00 91.23 91.16 90.02 
0 0 0 11.32 0.00000000 0.00000000 0.00 0.00 0.00 0.06 0.07 -0.05 0.02 -0.01 0.01 91.03 91.22 90.05 
0 0 0 11.42 0.00000000 0.00000000 0.00 0.00 0.00 0.06 0.09 0.16 0.01 -0.00 0.00 91.11 91.37 90.04 
0 0 0 11.52 0.00000000 0.00000000 0.00 0.00 0.00 0.05 0.08 0.17 0.03 -0.01 0.00 90.83 91.36 90.05 
0 0 0 11.63 0.00000000 0.00000000 0.00 0.00 0.00 0.04 0.07 0.20 0.00 -0.00 0.00 91.23 90.90 90.02 
0 0 0 11.73 0.00000000 0.00000000 0.00 0.00 0.00 0.17 0.06 -1.46 0.02 -0.01 0.01 92.97 90.96 90.07 
0 0 0 11.86 0.00000000 0.00000000 0.00 0.00 0.00 0.07 0.08 -0.03 0.01 -0.01 0.00 91.12 91.31 90.00 
0 0 0 12.00 0.00000000 0.00000000 0.00 0.00 0.00 0.07 0.07 -0.11 0.01 -0.01 0.01 91.11 91.23 90.05 
0 0 0 12.13 0.00000000 0.00000000 0.00 0.00 0.00 0.06 0.07 -0.04 0.01 -0.01 0.00 91.10 91.16 90.04 
0 0 0 12.27 0.00000000 0.00000000 0.00 0.00 0.00 0.07 0.08 -0.05 0.01 -0.01 0.01 91.11 91.30 90.05 
0 0 0 12.37 0.00000000 0.00000000 0.00 0.00 0.00 0.07 0.07 -0.12 0.01 -0.01 0.01 91.12 91.12 90.05 
0 0 0 12.47 0.00000000 0.00000000 0.00 0.00 0.00 0.07 0.08 0.07 0.01 -0.00 0.00 91.16 91.42 90.03 
0 0 0 12.57 0.00000000 0.00000000 0.00 0.00 0.00 0.07 0.07 -0.10 0.01 -0.02 0.00 91.13 91.33 90.03 
0 0 0 12.67 0.00000000 0.00000000 0.00 0.00 0.00 0.06 0.07 -0.08 0.02 -0.01 0.01 91.10 91.16 90.05 
0 0 0 12.77 0.00000000 0.00000000 0.00 0.00 0.00 0.06 0.07 -0.11 0.01 -0.01 0.00 91.10 91.16 90.02 
0 0 0 12.87 0.00000000 0.00000000 0.00 0.00 0.00 0.07 0.08 -0.02 0.01 -0.00 0.00 91.11 91.31 90.02 
0 0 0 12.97 0.00000000 0.00000000 0.00 0.00 0.00 0.06 0.07 0.02 0.02 -0.01 0.01 90.98 91.23 90.06 
0 0 0 13.07 0.00000000 0.00000000 0.00 0.00 0.00 0.07 0.08 0.02 0.01 -0.01 0.01 91.13 91.39 90.05 
0 0 0 13.18 0.00000000 0.00000000 0.00 0.00 0.00 0.07 0.07 -0.05 0.01 -0.01 0.00 91.11 91.24 90.05 
0 0 0 13.28 0.00000000 0.00000000 0.00 0.00 0.00 0.07 0.07 -0.16 0.02 -0.01 0.00 91.18 91.11 90.04 
0 0 0 13.38 0.00000000 0.00000000 0.00 0.00 0.00 0.03 0.07 0.15 0.02 -0.02 0.01 90.56 91.19 90.08 
0 0 0 13.48 0.00000000 0.00000000 0.00 0.00 0.00 0.07 0.08 -0.05 0.02 -0.02 0.00 91.18 91.31 90.03 
0 0 0 13.58 0.00000000 0.00000000 0.00 0.00 0.00 0.06 0.08 0.05 0.01 -0.02 0.00 91.18 91.11 90.04 
0 0 0 13.68 0.00000000 0.00000000 0.00 0.00 0.00 0.06 0.07 -0.01 0.01 -0.01 0.01 91.04 91.24 90.05 
0 0 0 13.78 0.00000000 0.00000000 0.00 0.00 0.00 0.12 0.15 2.04 -0.01 0.02 0.00 92.11 92.53 90.03 
0 0 0 13.89 0.00000000 0.00000000 0.00 0.00 0.00 0.07 0.07 -0.22 0.02 0.01 0.01 91.20 91.20 90.05 
0 0 0 13.99 0.00000000 0.00000000 0.00 0.00 0.00 0.07 0.06 -0.18 0.02 -0.00 0.00 91.17 90.97 90.03 
0 0 0 14.09 0.00000000 0.00000000 0.00 0.00 0.00 0.07 0.07 -0.08 0.01 -0.02 0.01 91.11 91.24 90.06 
0 0 0 14.19 0.00000000 0.00000000 0.00 0.00 0.00 0.06 0.07 0.03 0.02 -0.00 0.00 91.06 91.26 90.01 
0 0 0 14.29 0.00000000 0.00000000 0.00 0.00 0.00 0.07 0.08 0.00 0.01 -0.01 0.00 91.13 91.39 90.04 
0 0 0 14.39 0.00000000 0.00000000 0.00 0.00 0.00 0.06 0.07 0.11 0.01 -0.02 0.01 91.04 91.17 90.06 
0 0 0 14.49 0.00000000 0.00000000 0.00 0.00 0.00 0.07 0.07 -0.12 0.01 -0.01 0.00 91.25 91.25 90.04 
0 0 0 14.59 0.00000000 0.00000000 0.00 0.00 0.00 0.06 0.08 0.04 0.00 -0.01 0.01 90.99 91.38 90.05 
0 0 0 14.69 0.00000000 0.00000000 0.00 0.00 0.00 0.06 0.08 -0.00 0.01 -0.01 0.00 91.05 91.31 90.05 
0 0 0 14.79 0.00000000 0.00000000 0.00 0.00 0.00 0.08 0.06 -0.20 0.02 -0.02 0.00 91.28 91.09 90.02 
0 0 0 14.89 0.00000000 0.00000000 0.00 0.00 0.00 0.05 0.07 0.05 0.01 -0.00 0.00 90.91 91.23 90.04 
0 0 0 15.00 0.00000000 0.00000000 0.00 0.00 0.00 0.07 0.08 -0.05 0.01 -0.01 0.00 91.06 91.38 90.03 
0 0 0 15.10 0.00000000 0.00000000 0.00 0.00 0.00 0.06 0.07 -0.02 0.01 -0.02 0.01 90.98 91.23 90.05 
0 0 0 15.20 0.00000000 0.00000000 0.00 0.00 0.00 0.07 0.08 0.01 0.01 -0.01 0.00 91.11 91.30 90.05 
0 0 0 15.30 0.00000000 0.00000000 0.00 0.00 0.00 0.06 0.07 -0.01 0.01 -0.01 0.00 91.04 91.23 90.04 
0 0 0 15.40 0.00000000 0.00000000 0.00 0.00 0.00 0.03 0.04 0.05 0.01 -0.02 0.00 90.45 90.76 90.04 
0 0 0 15.50 0.00000000 0.00000000 0.00 0.00 0.00 0.08 0.08 -0.18 0.01 -0.01 0.00 91.23 91.16 90.01 
0 0 0 15.60 0.00000000 0.00000000 0.00 0.00 0.00 0.07 0.09 -0.01 0.01 -0.01 0.01 91.26 91.52 90.05 
0 0 0 15.70 0.00000000 0.00000000 0.00 0.00 0.00 0.07 0.07 -0.11 0.01 -0.01 0.01 91.11 91.17 90.07 
0 0 0 15.80 0.00000000 0.00000000 0.00 0.00 0.00 0.08 0.08 -0.18 0.02 -0.01 0.00 91.34 91.33 90.04 
0 0 0 15.90 0.00000000 0.00000000 0.00 0.00 0.00 0.07 0.08 0.04 0.01 -0.01 0.01 91.12 91.38 90.05 
0 0 0 16.00 0.00000000 0.00000000 0.00 0.00 0.00 0.06 0.07 -0.01 0.01 -0.01 0.00 91.11 91.30 90.04 
0 0 0 16.10 0.00000000 0.00000000 0.00 0.00 0.00 0.07 0.07 -0.04 0.02 -0.01 0.00 91.10 91.22 90.05 
0 0 0 16.20 0.00000000 0.00000000 0.00 0.00 0.00 0.07 0.08 -0.00 0.01 -0.01 0.00 91.17 91.30 90.03 
0 0 0 16.30 0.00000000 0.00000000 0.00 0.00 0.00 0.06 0.08 0.08 0.01 -0.01 0.00 90.98 91.36 90.04 
0 0 0 16.41 0.00000000 0.00000000 0.00 0.00 0.00 0.06 0.07 -0.12 0.01 -0.01 0.00 91.11 91.30 90.02 
0 0 0 16.51 0.00000000 0.00000000 0.00 0.00 0.00 0.07 0.07 -0.07 0.01 -0.01 0.00 91.11 91.23 90.04 
0 0 0 16.61 0.00000000 0.00000000 0.00 0.00 0.00 0.07 0.07 -0.17 0.01 -0.01 0.00 91.06 91.32 90.05 
0 0 0 16.71 0.00000000 0.00000000 0.00 0.00 0.00 0.06 0.08 0.02 0.01 -0.01 0.01 90.98 91.30 90.06 
0 0 0 16.81 0.00000000 0.00000000 0.00 0.00 0.00 0.07 0.07 -0.22 0.01 -0.01 0.00 91.17 91.23 90.04 
0 0 0 16.91 0.00000000 0.00000000 0.00 0.00 0.00 0.06 0.07 0.09 0.02 -0.00 0.00 91.11 91.11 90.03 
0 0 0 17.01 0.00000000 0.00000000 0.00 0.00 0.00 0.08 0.08 -0.16 0.02 -0.00 0.01 91.39 91.32 90.05 
0 0 0 17.11 0.00000000 0.00000000 0.00 0.00 0.00 0.07 0.08 -0.05 0.01 -0.01 0.01 91.17 91.30 90.05 
0 0 0 17.22 0.00000000 0.00000000 0.00 0.00 0.00 0.07 0.08 0.04 0.02 -0.01 0.00 91.18 91.11 90.04 
0 0 0 17.32 0.00000000 0.00000000 0.00 0.00 0.00 0.06 0.08 0.05 0.02 -0.01 0.01 90.99 91.18 90.03 
0 0 0 17.42 0.00000000 0.00000000 0.00 0.00 0.00 0.07 0.07 0.02 0.01 -0.01 0.00 91.18 91.24 90.04 
0 0 0 17.52 0.00000000 0.00000000 0.00 0.00 0.00 0.06 0.08 0.07 0.01 -0.01 0.01 91.10 91.29 90.05 
0 0 0 17.62 0.00000000 0.00000000 0.00 0.00 0.00 0.06 0.07 -0.06 0.01 -0.01 0.01 91.05 91.12 90.06 
0 0 0 17.72 0.00000000 0.00000000 0.00 0.00 0.00 0.07 0.08 0.00 0.01 -0.00 0.00 91.18 91.37 90.04 
0 0 0 17.82 0.00000000 0.00000000 0.00 0.00 0.00 0.05 0.07 0.01 0.01 -0.01 0.00 91.10 91.16 90.03 
0 0 0 17.93 0.00000000 0.00000000 0.00 0.00 0.00 0.06 0.08 0.16 0.01 -0.01 0.00 91.24 91.36 90.05 
0 0 0 18.03 0.00000000 0.00000000 0.00 0.00 0.00 0.07 0.07 0.02 0.01 -0.01 0.00 91.11 91.24 90.04 
0 0 0 18.13 0.00000000 0.00000000 0.00 0.00 0.00 0.06 0.07 -0.05 0.02 -0.02 0.00 91.03 91.22 90.04 
0 0 0 18.23 0.00000000 0.00000000 0.00 0.00 0.00 0.06 0.08 0.06 0.02 -0.00 0.01 90.98 91.37 90.05 
0 0 0 18.33 0.00000000 0.00000000 0.00 0.00 0.00 0.08 0.07 -0.18 0.02 -0.01 0.00 90.88 91.13 90.05 
0 0 0 18.43 0.00000000 0.00000000 0.00 0.00 0.00 0.06 0.08 0.02 0.02 -0.02 0.00 91.11 91.11 90.04 
0 0 0 18.53 0.00000000 0.00000000 0.00 0.00 0.00 0.07 0.08 -0.04 0.01 -0.01 0.00 91.11 91.30 90.03 
0 0 0 18.64 0.00000000 0.00000000 0.00 0.00 0.00 0.06 0.07 0.00 0.02 -0.00 0.00 90.98 91.04 90.04 
0 0 0 18.74 0.00000000 0.00000000 0.00 0.00 0.00 0.07 0.07 -0.04 0.01 -0.01 0.01 91.12 91.25 90.05 
0 0 0 18.84 0.00000000 0.00000000 0.00 0.00 0.00 0.06 0.06 -0.00 0.01 -0.01 0.00 90.98 91.10 90.04 
0 0 0 18.94 0.00000000 0.00000000 0.00 0.00 0.00 0.08 0.05 -0.13 0.01 -0.01 0.00 91.37 90.85 90.03 
0 0 0 19.04 0.00000000 0.00000000 0.00 0.00 0.00 0.08 0.07 -0.06 0.01 -0.02 0.01 91.32 91.25 90.05 
0 0 0 19.14 0.00000000 0.00000000 0.00 0.00 0.00 0.07 0.07 -0.02 0.02 -0.01 0.00 91.11 91.24 90.05 
0 0 0 19.25 0.00000000 0.00000000 0.00 0.00 0.00 0.05 0.08 0.15 0.01 -0.01 0.01 90.79 91.31 90.08 
0 0 0 19.35 0.00000000 0.00000000 0.00 0.00 0.00 0.06 0.08 0.09 0.01 -0.01 0.01 90.85 91.37 90.05 
0 0 0 19.45 0.00000000 0.00000000 0.00 0.00 0.00 0.06 0.07 0.07 0.01 -0.01 0.00 90.95 91.21 90.04 
0 0 0 19.55 0.00000000 0.00000000 0.00 0.00 0.00 0.06 0.08 0.01 0.01 -0.01 0.00 91.13 91.26 90.04 
0 0 0 19.65 0.00000000 0.00000000 0.00 0.00 0.00 0.07 0.07 -0.12 0.01 -0.01 0.01 91.04 91.16 90.04 
0 0 0 19.76 0.00000000 0.00000000 0.00 0.00 0.00 0.07 0.06 -0.05 0.02 -0.01 0.00 91.12 91.18 90.02 
0 0 0 19.86 0.00000000 0.00000000 0.00 0.00 0.00 0.06 0.07 0.00 0.01 -0.01 0.00 91.17 91.17 90.05 
0 0 0 19.96 0.00000000 0.00000000 0.00 0.00 0.00 0.08 0.07 -0.14 0.01 -0.01 0.00 91.32 91.19 90.04 
0 0 0 20.06 0.00000000 0.00000000 0.00 0.00 0.00 0.08 0.08 -0.02 0.01 -0.01 0.00 91.31 91.43 90.05 
0 0 0 20.16 0.00000000 0.00000000 0.00 0.00 0.00 0.07 0.07 -0.06 0.01 -0.01 0.00 91.18 91.17 90.04 
0 0 0 20.27 0.00000000 0.00000000 0.00 0.00 0.00 0.06 0.08 0.08 0.01 -0.01 0.00 90.98 91.17 90.02 
0 0 0 20.37 0.00000000 0.00000000 0.00 0.00 0.00 0.07 0.07 0.00 0.01 -0.01 0.01 91.04 91.17 90.04 
0 0 0 20.48 0.00000000 0.00000000 0.00 0.00 0.00 0.06 0.07 0.01 0.01 -0.01 0.00 91.11 91.30 90.05 
0 0 0 20.58 0.00000000 0.00000000 0.00 0.00 0.00 0.06 0.08 0.05 0.01 -0.01 0.01 91.10 91.29 90.05 
0 0 0 20.68 0.00000000 0.00000000 0.00 0.00 0.00 0.06 0.08 0.05 0.01 -0.01 0.00 91.17 91.10 90.04 
0 0 0 20.78 0.00000000 0.00000000 0.00 0.00 0.00 0.07 0.08 0.02 0.01 -0.00 0.00 91.25 91.38 90.03 
0 0 0 20.88 0.00000000 0.00000000 0.00 0.00 0.00 0.07 0.08 0.03 0.02 -0.01 0.01 91.16 91.28 90.06 
0 0 0 20.98 0.00000000 0.00000000 0.00 0.00 0.00 0.06 0.08 0.19 0.01 -0.01 0.00 91.04 91.17 90.06 
0 0 0 21.08 0.00000000 0.00000000 0.00 0.00 0.00 0.07 0.07 -0.06 0.01 -0.01 0.00 91.24 91.24 90.04 
0 0 0 21.18 0.00000000 0.00000000 0.00 0.00 0.00 0.06 0.08 0.14 0.01 -0.01 0.00 90.98 91.30 90.04 
0 0 0 21.28 0.00000000 0.00000000 0.00 0.00 0.00 0.07 0.08 0.04 0.00 -0.01 0.01 91.10 91.23 90.03 
0 0 0 21.38 0.00000000 0.00000000 0.00 0.00 0.00 0.06 0.07 -0.04 0.02 -0.00 0.00 91.05 91.18 90.05 
0 0 0 21.48 0.00000000 0.00000000 0.00 0.00 0.00 0.07 0.07 -0.08 0.01 -0.01 0.01 91.11 91.17 90.06 
0 0 0 21.59 0.00000000 0.00000000 0.00 0.00 0.00 0.07 0.07 0.08 0.02 -0.01 0.01 91.11 91.23 90.06 
0 0 0 21.69 0.00000000 0.00000000 0.00 0.00 0.00 0.06 0.07 -0.03 0.01 -0.01 0.01 91.04 91.17 90.05 
0 0 0 21.79 0.00000000 0.00000000 0.00 0.00 0.00 0.06 0.08 0.04 0.01 -0.01 0.00 91.04 91.30 90.05 
0 0 0 21.89 0.00000000 0.00000000 0.00 0.00 0.00 0.06 0.07 0.06 0.01 -0.01 0.00 91.05 91.24 90.04 
0 0 0 21.99 0.00000000 0.00000000 0.00 0.00 0.00 0.06 0.07 -0.07 0.01 -0.01 0.00 91.05 91.11 90.04 
0 0 0 22.09 0.00000000 0.00000000 0.00 0.00 0.00 0.08 0.07 -0.12 0.01 -0.00 0.01 91.31 91.17 90.05 
0 0 0 22.19 0.00000000 0.00000000 0.00 0.00 0.00 0.06 0.07 -0.04 0.02 -0.02 0.00 91.25 91.19 90.04 
0 0 0 22.29 0.00000000 0.00000000 0.00 0.00 0.00 0.05 0.08 0.15 0.02 -0.01 0.00 90.98 91.36 90.06 
0 0 0 22.39 0.00000000 0.00000000 0.00 0.00 0.00 0.06 0.07 0.12 0.01 -0.01 0.01 90.98 91.23 90.05 
0 0 0 22.50 0.00000000 0.00000000 0.00 0.00 0.00 0.06 0.08 0.03 0.02 -0.01 0.00 90.98 91.31 90.02 
0 0 0 22.60 0.00000000 0.00000000 0.00 0.00 0.00 0.06 0.06 -0.02 0.01 -0.01 0.01 90.98 91.05 90.06 
0 0 0 22.70 0.00000000 0.00000000 0.00 0.00 0.00 0.07 0.08 0.05 0.01 -0.00 0.00 91.11 91.37 90.03 
0 0 0 22.80 0.00000000 0.00000000 0.00 0.00 0.00 0.07 0.07 -0.06 0.01 -0.00 0.00 91.12 91.18 90.04 
0 0 0 22.90 0.00000000 0.00000000 0.00 0.00 0.00 0.06 0.07 0.00 0.01 -0.01 0.00 90.97 91.23 90.05 
0 0 0 23.00 0.00000000 0.00000000 0.00 0.00 0.00 0.07 0.07 -0.07 0.02 -0.01 0.00 91.17 91.16 90.05 
0 0 0 23.10 0.00000000 0.00000000 0.00 0.00 0.00 0.07 0.08 0.05 0.01 -0.00 0.00 91.11 91.24 90.03 
0 0 0 23.20 0.00000000 0.00000000 0.00 0.00 0.00 0.06 0.08 0.10 0.02 -0.01 0.00 91.10 91.29 90.04 
0 0 0 23.30 0.00000000 0.00000000 0.00 0.00 0.00 0.08 0.06 -0.20 0.02 -0.01 0.00 91.30 91.10 90.05 
0 0 0 23.40 0.00000000 0.00000000 0.00 0.00 0.00 0.07 0.07 -0.02 0.01 -0.01 0.01 91.11 91.24 90.06 
0 0 0 23.51 0.00000000 0.00000000 0.00 0.00 0.00 0.06 0.08 -0.04 0.02 -0.01 0.00 91.04 91.29 90.04 
0 0 0 23.61 0.00000000 0.00000000 0.00 0.00 0.00 0.05 0.08 0.07 0.01 -0.01 0.00 90.91 91.30 90.04 
0 0 0 23.71 0.00000000 0.00000000 0.00 0.00 0.00 0.05 0.07 0.07 0.01 -0.00 0.00 90.98 91.23 90.05 
0 0 0 23.81 0.00000000 0.00000000 0.00 0.00 0.00 0.06 0.08 0.11 0.01 -0.01 0.00 91.18 91.17 90.02 
0 0 0 23.91 0.00000000 0.00000000 0.00 0.00 0.00 0.07 0.07 -0.13 0.01 -0.01 0.00 91.11 91.11 90.04 
0 0 0 24.01 0.00000000 0.00000000 0.00 0.00 0.00 0.07 0.07 -0.12 0.02 -0.01 0.00 91.19 91.25 90.03 
0 0 0 24.11 0.00000000 0.00000000 0.00 0.00 0.00 0.08 0.08 0.05 0.01 -0.01 0.00 91.42 91.35 90.05 
0 0 0 24.22 0.00000000 0.00000000 0.00 0.00 0.00 0.06 0.07 -0.04 0.02 -0.01 0.00 91.04 91.29 90.04 
0 0 0 24.32 0.00000000 0.00000000 0.00 0.00 0.00 0.06 0.07 -0.07 0.01 -0.00 0.00 91.04 91.24 90.04 
0 0 0 24.42 0.00000000 0.00000000 0.00 0.00 0.00 0.07 0.07 -0.12 0.01 -0.01 0.00 91.11 91.24 90.04 
0 0 0 24.52 0.00000000 0.00000000 0.00 0.00 0.00 0.01 0.06 0.12 0.01 -0.01 0.00 90.20 91.02 90.04 
0 0 0 24.62 0.00000000 0.00000000 0.00 0.00 0.00 0.07 0.08 -0.03 0.02 -0.01 0.00 91.31 91.18 90.05 
0 0 0 24.73 0.00000000 0.00000000 0.00 0.00 0.00 0.07 0.07 -0.11 0.01 -0.01 0.01 91.12 91.18 90.05 
0 0 0 24.83 0.00000000 0.00000000 0.00 0.00 0.00 0.06 0.06 -0.17 0.01 -0.02 0.01 91.04 91.04 90.06 
0 0 0 24.93 0.00000000 0.00000000 0.00 0.00 0.00 0.06 0.08 0.05 0.01 -0.01 0.01 90.98 91.30 90.07 
0 0 0 25.03 0.00000000 0.00000000 0.00 0.00 0.00 0.07 0.08 -0.06 0.01 -0.00 0.00 91.04 91.11 90.04 
0 0 0 25.13 0.00000000 0.00000000 0.00 0.00 0.00 0.06 0.07 -0.02 0.01 -0.00 0.00 91.05 91.24 90.03 
0 0 0 25.23 0.00000000 0.00000000 0.00 0.00 0.00 0.06 0.07 0.01 0.01 -0.02 0.01 90.98 91.24 90.06 
0 0 0 25.33 0.00000000 0.00000000 0.00 0.00 0.00 0.05 0.07 -0.04 0.01 -0.00 0.00 90.85 91.11 90.04 
0 0 0 25.43 0.00000000 0.00000000 0.00 0.00 0.00 0.07 0.07 -0.10 0.01 -0.02 0.00 91.11 91.17 90.04 
0 0 0 25.54 0.00000000 0.00000000 0.00 0.00 0.00 0.07 0.07 -0.19 0.02 -0.01 0.00 91.33 91.20 90.02 
0 0 0 25.64 0.00000000 0.00000000 0.00 0.00 0.00 0.05 0.06 -0.05 0.01 -0.01 0.01 90.81 91.07 90.07 
0 0 0 25.74 0.00000000 0.00000000 0.00 0.00 0.00 0.07 0.07 0.20 0.02 -0.00 0.00 91.19 91.26 90.02 
0 0 0 25.84 0.00000000 0.00000000 0.00 0.00 0.00 -0.01 0.14 0.75 0.02 -0.02 0.00 89.75 92.31 90.04 
0 0 0 25.95 0.00000000 0.00000000 0.00 0.00 0.00 0.08 0.06 -0.27 0.02 -0.01 0.00 90.66 91.05 90.05 
0 0 0 26.05 0.00000000 0.00000000 0.00 0.00 0.00 0.07 0.08 -0.26 0.01 -0.01 0.00 91.17 91.10 90.02 
0 0 0 26.15 0.00000000 0.00000000 0.00 0.00 0.00 0.07 0.07 -0.07 0.02 -0.01 0.01 91.04 91.23 90.06 
0 0 0 26.26 0.00000000 0.00000000 0.00 0.00 0.00 0.07 0.09 0.30 0.01 -0.01 0.00 90.83 91.59 90.03 
0 0 0 26.36 0.00000000 0.00000000 0.00 0.00 0.00 0.05 0.08 0.01 0.02 -0.01 0.00 90.97 91.23 90.06 
0 0 0 26.46 0.00000000 0.00000000 0.00 0.00 0.00 0.06 0.07 -0.14 0.02 -0.01 0.00 91.09 91.15 90.04 
0 0 0 26.56 0.00000000 0.00000000 0.00 0.00 0.00 0.07 0.07 -0.13 0.01 -0.01 0.00 91.17 91.23 90.03 
0 0 0 26.66 0.00000000 0.00000000 0.00 0.00 0.00 0.06 0.07 -0.10 0.02 -0.01 0.00 91.05 91.24 90.04 
0 0 0 26.76 0.00000000 0.00000000 0.00 0.00 0.00 0.06 0.11 0.32 0.01 -0.01 0.01 90.94 91.86 90.07 
0 0 0 26.86 0.00000000 0.00000000 0.00 0.00 0.00 0.06 0.08 -0.07 0.02 -0.00 0.00 90.96 91.28 90.03 
0 0 0 26.96 0.00000000 0.00000000 0.00 0.00 0.00 0.07 0.07 -0.18 0.01 -0.01 0.01 91.18 91.25 90.05 
0 0 0 27.06 0.00000000 0.00000000 0.00 0.00 0.00 0.07 0.08 -0.05 0.02 -0.01 0.00 91.13 91.39 90.03 
0 0 0 27.17 0.00000000 0.00000000 0.00 0.00 0.00 0.07 0.07 -0.23 0.01 -0.02 0.00 90.94 91.38 90.04 
0 0 0 27.27 0.00000000 0.00000000 0.00 0.00 0.00 0.06 0.07 -0.09 0.01 -0.01 0.00 90.99 91.25 90.04 
0 0 0 27.37 0.00000000 0.00000000 0.00 0.00 0.00 0.07 0.08 -0.12 0.02 -0.01 0.00 91.10 91.29 90.03 
0 0 0 27.47 0.00000000 0.00000000 0.00 0.00 0.00 0.06 0.07 -0.15 0.01 -0.01 0.01 90.99 91.19 90.05 
0 0 0 27.57 0.00000000 0.00000000 0.00 0.00 0.00 0.06 0.07 -0.09 0.01 -0.00 0.00 91.06 91.26 90.04 
0 0 0 27.68 0.00000000 0.00000000 0.00 0.00 0.00 0.08 0.00 -0.59 0.02 -0.02 0.00 91.60 91.36 90.02 
0 0 0 27.78 0.00000000 0.00000000 0.00 0.00 0.00 0.05 0.06 -0.13 0.02 -0.02 0.00 90.78 91.23 90.03 
0 0 0 27.89 0.00000000 0.00000000 0.00 0.00 0.00 0.06 0.06 -0.08 0.02 -0.01 0.00 90.95 91.20 90.03 
0 0 0 27.99 0.00000000 0.00000000 0.00 0.00 0.00 0.07 0.08 -0.19 0.01 -0.01 0.00 90.99 91.38 90.02 
0 0 0 28.09 0.00000000 0.00000000 0.00 0.00 0.00 0.05 0.05 -0.15 0.02 -0.02 0.00 90.93 90.93 90.04 
0 0 0 28.19 0.00000000 0.00000000 0.00 0.00 0.00 0.06 0.07 -0.03 0.02 -0.01 0.01 91.04 91.17 90.06 
0 0 0 28.29 0.00000000 0.00000000 0.00 0.00 0.00 0.06 0.08 0.12 0.01 -0.00 0.00 90.99 91.38 90.02 
0 0 0 28.39 0.00000000 0.00000000 0.00 0.00 0.00 0.05 0.08 0.14 0.02 -0.01 0.00 90.85 91.30 90.03 
0 0 0 28.49 0.00000000 0.00000000 0.00 0.00 0.00 0.07 0.06 -0.10 0.01 -0.01 0.00 91.15 91.15 90.05 
0 0 0 28.62 0.00000000 0.00000000 0.00 0.00 0.00 0.06 0.07 -0.01 0.01 -0.01 0.00 91.04 91.24 90.04 
0 0 0 28.76 0.00000000 0.00000000 0.00 0.00 0.00 0.09 0.07 -0.23 0.01 -0.01 0.00 91.45 91.12 90.04 
0 0 0 28.89 0.00000000 0.00000000 0.00 0.00 0.00 0.07 0.08 0.03 0.01 -0.00 0.00 91.24 91.43 90.02 
0 0 0 29.03 0.00000000 0.00000000 0.00 0.00 0.00 0.07 0.07 -0.09 0.01 -0.00 0.01 91.19 91.19 90.05 
0 0 0 29.13 0.00000000 0.00000000 0.00 0.00 0.00 0.07 0.08 0.02 0.02 -0.01 0.01 91.11 91.30 90.05 
0 0 0 29.23 0.00000000 0.00000000 0.00 0.00 0.00 0.06 0.07 -0.04 0.01 -0.02 0.01 90.98 91.31 90.06 
0 0 0 29.34 0.00000000 0.00000000 0.00 0.00 0.00 0.05 0.07 0.09 0.01 -0.01 0.00 90.97 91.03 90.05 
0 0 0 29.44 0.00000000 0.00000000 0.00 0.00 0.00 0.07 0.08 -0.05 0.02 -0.01 0.01 91.12 91.19 90.07 
0 0 0 29.54 0.00000000 0.00000000 0.00 0.00 0.00 0.05 0.07 0.03 0.02 -0.01 0.00 91.03 91.22 90.07 
0 0 0 29.64 0.00000000 0.00000000 0.00 0.00 0.00 0.06 0.08 0.09 0.01 -0.01 0.00 91.23 91.23 90.05 
0 0 0 29.75 0.00000000 0.00000000 0.00 0.00 0.00 0.06 0.07 0.04 0.02 -0.01 0.00 91.07 91.13 90.04 
0 0 0 29.85 0.00000000 0.00000000 0.00 0.00 0.00 0.06 0.07 -0.03 0.01 -0.01 0.01 91.22 91.15 90.05 
0 0 0 29.95 0.00000000 0.00000000 0.00 0.00 0.00 0.07 0.06 -0.10 0.02 -0.01 0.00 91.11 91.04 90.03 
0 0 0 30.05 0.00000000 0.00000000 0.00 0.00 0.00 0.07 0.07 -0.06 0.02 -0.01 0.00 91.18 91.18 90.03 
0 0 0 30.15 0.00000000 0.00000000 0.00 0.00 0.00 0.10 0.08 -0.32 0.01 -0.01 0.00 91.35 91.67 90.02 
0 0 0 30.25 0.00000000 0.00000000 0.00 0.00 0.00 0.12 0.10 -0.07 0.02 -0.01 0.01 92.11 91.64 90.05 
0 0 0 30.35 0.00000000 0.00000000 0.00 0.00 0.00 0.06 0.07 -0.02 0.01 -0.00 0.00 90.99 91.25 90.04 
0 0 0 30.46 0.00000000 0.00000000 0.00 0.00 0.00 0.09 0.08 -0.29 0.01 -0.01 0.00 91.14 91.20 90.06 
0 0 0 30.56 0.00000000 0.00000000 0.00 0.00 0.00 0.07 0.07 -0.01 0.02 0.00 0.00 91.10 91.22 90.06 
0 0 0 30.67 0.00000000 0.00000000 0.00 0.00 0.00 0.07 0.07 -0.12 0.01 -0.01 0.00 91.04 91.30 90.04 
0 0 0 30.77 0.00000000 0.00000000 0.00 0.00 0.00 0.07 0.07 -0.10 0.01 -0.01 0.00 91.12 91.18 90.03 
0 0 0 30.87 0.00000000 0.00000000 0.00 0.00 0.00 0.07 0.07 -0.12 0.01 -0.01 0.00 91.03 91.10 90.06 
0 0 0 30.98 0.00000000 0.00000000 0.00 0.00 0.00 0.07 0.08 -0.03 0.01 -0.01 0.00 91.12 91.25 90.04 
0 0 0 31.08 0.00000000 0.00000000 0.00 0.00 0.00 0.07 0.07 -0.06 0.01 -0.01 0.01 91.11 91.17 90.06 
0 0 0 31.18 0.00000000 0.00000000 0.00 0.00 0.00 0.06 0.07 -0.05 0.01 -0.01 0.00 91.17 91.10 90.04 
0 0 0 31.28 0.00000000 0.00000000 0.00 0.00 0.00 0.06 0.07 -0.02 0.01 -0.01 0.01 91.04 91.23 90.06 
0 0 0 31.38 0.00000000 0.00000000 0.00 0.00 0.00 0.06 0.07 0.01 0.01 -0.01 0.00 91.05 91.24 90.03 
0 0 0 31.48 0.00000000 0.00000000 0.00 0.00 0.00 0.06 0.07 -0.03 0.01 -0.01 0.01 91.00 91.25 90.06 
0 0 0 31.59 0.00000000 0.00000000 0.00 0.00 0.00 0.07 0.07 -0.02 0.01 -0.01 0.00 91.11 91.23 90.04 
0 0 0 31.69 0.00000000 0.00000000 0.00 0.00 0.00 0.06 0.08 0.01 0.01 -0.01 0.01 91.04 91.30 90.07 
0 0 0 31.79 0.00000000 0.00000000 0.00 0.00 0.00 0.07 0.07 -0.18 0.01 -0.01 0.00 91.24 91.11 90.05 
0 0 0 31.89 0.00000000 0.00000000 0.00 0.00 0.00 0.06 0.08 0.03 0.02 -0.01 0.00 91.04 91.30 90.04 
0 0 0 31.99 0.00000000 0.00000000 0.00 0.00 0.00 0.07 0.08 -0.07 0.01 -0.01 0.01 91.19 91.32 90.06 
0 0 0 32.09 0.00000000 0.00000000 0.00 0.00 0.00 0.07 0.07 -0.12 0.02 -0.01 0.00 91.18 91.17 90.04 
0 0 0 32.19 0.00000000 0.00000000 0.00 0.00 0.00 0.05 0.05 -0.11 0.01 -0.01 0.00 91.11 91.05 90.03 
0 0 0 32.29 0.00000000 0.00000000 0.00 0.00 0.00 0.06 0.08 0.00 0.01 -0.01 0.00 90.98 91.30 90.05 
0 0 0 32.40 0.00000000 0.00000000 0.00 0.00 0.00 0.06 0.08 0.07 0.01 -0.01 0.00 91.05 91.31 90.05 
0 0 0 32.50 0.00000000 0.00000000 0.00 0.00 0.00 0.06 0.08 0.09 0.01 -0.01 0.01 90.98 91.37 90.06 
0 0 0 32.60 0.00000000 0.00000000 0.00 0.00 0.00 0.06 0.08 -0.02 0.01 -0.01 0.00 91.05 91.31 90.04 
0 0 0 32.70 0.00000000 0.00000000 0.00 0.00 0.00 0.07 0.07 -0.84 0.02 -0.00 0.00 91.23 91.23 90.04 
0 0 0 32.80 0.00000000 0.00000000 0.00 0.00 0.00 0.06 0.06 -0.06 0.01 -0.01 0.00 91.10 91.10 90.03 
0 0 0 32.90 0.00000000 0.00000000 0.00 0.00 0.00 0.07 0.08 -0.03 0.02 -0.01 0.00 91.11 91.31 90.05 
0 0 0 33.00 0.00000000 0.00000000 0.00 0.00 0.00 0.06 0.07 -0.12 0.00 -0.01 0.00 91.04 91.17 90.04 
0 0 0 33.10 0.00000000 0.00000000 0.00 0.00 0.00 0.06 0.06 -0.13 0.01 -0.01 0.00 91.10 91.10 90.05 
0 0 0 33.20 0.00000000 0.00000000 0.00 0.00 0.00 0.07 0.07 -0.02 0.01 -0.01 0.00 91.11 91.24 90.04 
0 0 0 33.30 0.00000000 0.00000000 0.00 0.00 0.00 0.06 0.08 -0.02 0.02 0.01 0.00 91.09 91.34 90.01 
0 0 0 33.40 0.00000000 0.00000000 0.00 0.00 0.00 0.06 0.07 -0.01 0.02 -0.01 0.00 90.99 91.19 90.02 
0 0 0 33.50 0.00000000 0.00000000 0.00 0.00 0.00 0.07 0.08 -0.04 0.01 -0.01 0.00 91.23 91.36 90.02 
0 0 0 33.60 0.00000000 0.00000000 0.00 0.00 0.00 0.08 0.07 -0.84 0.01 -0.01 0.00 91.38 91.11 90.04 
0 0 0 33.70 0.00000000 0.00000000 0.00 0.00 0.00 0.07 0.07 -0.07 0.01 -0.01 0.00 91.11 91.17 90.05 
0 0 0 33.81 0.00000000 0.00000000 0.00 0.00 0.00 0.07 0.08 -0.11 0.02 -0.01 0.00 91.25 91.31 90.02 
0 0 0 33.91 0.00000000 0.00000000 0.00 0.00 0.00 0.08 0.07 -0.17 0.01 -0.01 0.01 91.33 91.26 90.06 
0 0 0 34.01 0.00000000 0.00000000 0.00 0.00 0.00 0.07 0.07 -0.09 0.01 -0.01 0.00 91.18 91.25 90.02 
0 0 0 34.11 0.00000000 0.00000000 0.00 0.00 0.00 0.07 0.07 -0.07 0.01 -0.01 0.00 91.18 91.24 90.04 
0 0 0 34.21 0.00000000 0.00000000 0.00 0.00 0.00 0.07 0.07 -0.05 0.02 -0.01 0.00 91.12 91.25 90.02 
0 0 0 34.31 0.00000000 0.00000000 0.00 0.00 0.00 0.09 0.08 -0.28 0.01 -0.01 0.00 91.52 91.32 90.04 
0 0 0 34.41 0.00000000 0.00000000 0.00 0.00 0.00 0.09 0.05 -0.58 0.02 -0.01 0.00 91.60 90.77 90.04 
0 0 0 34.51 0.00000000 0.00000000 0.00 0.00 0.00 0.05 0.08 0.10 0.01 -0.01 0.00 90.80 91.36 90.04 
0 0 0 34.61 0.00000000 0.00000000 0.00 0.00 0.00 0.07 0.07 -0.04 0.02 -0.01 0.00 91.18 91.24 90.04 
0 0 0 34.71 0.00000000 0.00000000 0.00 0.00 0.00 0.08 0.08 -0.09 0.01 -0.01 0.01 91.32 91.44 90.05 
0 0 0 34.81 0.00000000 0.00000000 0.00 0.00 0.00 0.06 0.07 -0.10 0.01 -0.02 0.00 91.05 91.11 90.05 
0 0 0 34.91 0.00000000 0.00000000 0.00 0.00 0.00 0.06 0.07 -0.03 0.02 -0.01 0.00 91.04 91.16 90.04 
0 0 0 35.01 0.00000000 0.00000000 0.00 0.00 0.00 0.07 0.08 -0.11 0.01 -0.02 0.01 91.23 91.29 90.07 
0 0 0 35.11 0.00000000 0.00000000 0.00 0.00 0.00 0.06 0.07 -0.08 0.01 -0.01 0.00 91.03 91.22 90.05 
0 0 0 35.21 0.00000000 0.00000000 0.00 0.00 0.00 0.06 0.07 -0.05 0.01 -0.01 0.00 91.04 91.24 90.04 
0 0 0 35.32 0.00000000 0.00000000 0.00 0.00 0.00 0.06 0.07 -0.04 0.01 -0.01 0.01 90.98 91.24 90.06 
0 0 0 35.42 0.00000000 0.00000000 0.00 0.00 0.00 0.07 0.08 0.04 0.02 -0.01 0.01 91.11 91.36 90.06 
0 0 0 35.52 0.00000000 0.00000000 0.00 0.00 0.00 0.06 0.07 -0.01 0.02 -0.01 0.00 90.98 91.24 90.04 
0 0 0 35.62 0.00000000 0.00000000 0.00 0.00 0.00 0.06 0.07 -0.05 0.01 -0.01 0.00 91.05 91.24 90.04 
0 0 0 35.72 0.00000000 0.00000000 0.00 0.00 0.00 0.06 0.07 0.02 0.01 -0.01 0.01 91.05 91.12 90.05 
0 0 0 35.82 0.00000000 0.00000000 0.00 0.00 0.00 0.05 0.07 -0.01 0.01 -0.01 0.01 90.90 91.16 90.05 
0 0 0 35.92 0.00000000 0.00000000 0.00 0.00 0.00 0.04 0.08 0.11 0.01 -0.01 0.00 90.71 91.28 90.03 
0 0 0 36.02 0.00000000 0.00000000 0.00 0.00 0.00 0.06 0.08 0.06 0.01 -0.01 0.01 90.99 91.31 90.07 
0 0 0 36.12 0.00000000 0.00000000 0.00 0.00 0.00 0.07 0.08 -0.07 0.02 -0.01 0.00 91.18 91.31 90.05 
0 0 0 36.22 0.00000000 0.00000000 0.00 0.00 0.00 0.07 0.07 -0.09 0.02 -0.02 0.01 91.11 91.17 90.06 
0 0 0 36.32 0.00000000 0.00000000 0.00 0.00 0.00 0.08 0.06 -0.30 0.01 -0.01 0.01 91.29 90.95 90.06 
0 0 0 36.43 0.00000000 0.00000000 0.00 0.00 0.00 0.06 0.08 0.13 0.01 -0.01 0.01 91.13 91.26 90.03 
0 0 0 36.53 0.00000000 0.00000000 0.00 0.00 0.00 0.06 0.07 0.02 0.01 -0.00 0.00 90.97 91.16 90.03 
0 0 0 36.63 0.00000000 0.00000000 0.00 0.00 0.00 0.06 0.08 0.02 0.02 -0.01 0.00 91.05 91.31 90.02 
0 0 0 36.73 0.00000000 0.00000000 0.00 0.00 0.00 0.07 0.08 -0.12 0.01 -0.01 0.01 91.18 91.31 90.06 
0 0 0 36.83 0.00000000 0.00000000 0.00 0.00 0.00 0.06 0.07 -0.07 0.01 -0.01 0.00 91.04 91.17 90.04 
0 0 0 36.93 0.00000000 0.00000000 0.00 0.00 0.00 0.07 0.08 -0.05 0.01 -0.02 0.00 91.17 91.36 90.04 
0 0 0 37.03 0.00000000 0.00000000 0.00 0.00 0.00 0.07 0.16 1.34 0.02 -0.01 0.00 91.15 92.76 90.04 
0 0 0 37.13 0.00000000 0.00000000 0.00 0.00 0.00 0.06 0.07 -0.02 0.01 -0.01 0.01 91.03 91.22 90.06 
0 0 0 37.23 0.00000000 0.00000000 0.00 0.00 0.00 0.07 0.07 -0.22 0.01 -0.01 0.00 91.25 91.12 90.05 
0 0 0 37.33 0.00000000 0.00000000 0.00 0.00 0.00 0.05 0.07 0.02 0.01 -0.01 0.01 90.84 91.22 90.06 
0 0 0 37.43 0.00000000 0.00000000 0.00 0.00 0.00 0.07 0.07 -0.16 0.01 -0.01 0.00 91.11 91.17 90.03 
0 0 0 37.53 0.00000000 0.00000000 0.00 0.00 0.00 0.08 0.05 -0.37 0.01 -0.01 0.00 91.35 90.83 90.02 
0 0 0 37.63 0.00000000 0.00000000 0.00 0.00 0.00 0.06 0.07 -0.03 0.01 -0.01 0.00 90.97 91.16 90.03 
0 0 0 37.73 0.00000000 0.00000000 0.00 0.00 0.00 0.06 0.07 -0.06 0.01 -0.01 0.00 91.09 91.15 90.02 
0 0 0 37.83 0.00000000 0.00000000 0.00 0.00 0.00 0.06 0.07 0.01 0.02 -0.01 0.00 91.04 91.24 90.03 
0 0 0 37.94 0.00000000 0.00000000 0.00 0.00 0.00 0.06 0.12 0.52 0.02 -0.01 0.00 91.03 91.98 90.03 
0 0 0 38.04 0.00000000 0.00000000 0.00 0.00 0.00 0.07 0.09 0.06 0.01 -0.00 0.01 91.17 91.49 90.05 
0 0 0 38.14 0.00000000 0.00000000 0.00 0.00 0.00 0.06 0.08 0.05 0.02 -0.01 0.00 90.98 91.30 90.03 
0 0 0 38.24 0.00000000 0.00000000 0.00 0.00 0.00 0.07 0.08 -0.05 0.02 -0.01 0.00 91.11 91.30 90.04 
0 0 0 38.34 0.00000000 0.00000000 0.00 0.00 0.00 0.07 0.07 -0.10 0.02 -0.01 0.01 91.16 91.15 90.06 
0 0 0 38.44 0.00000000 0.00000000 0.00 0.00 0.00 0.07 0.07 -0.09 0.01 -0.01 0.01 91.16 91.16 90.05 
0 0 0 38.54 0.00000000 0.00000000 0.00 0.00 0.00 0.07 0.07 -0.06 0.02 -0.01 0.01 91.14 91.14 90.05 
0 0 0 38.65 0.00000000 0.00000000 0.00 0.00 0.00 0.06 0.08 0.01 0.01 -0.01 0.00 91.05 91.37 90.04 
0 0 0 38.75 0.00000000 0.00000000 0.00 0.00 0.00 0.06 0.07 -0.01 0.01 -0.01 0.00 91.06 91.26 90.05 
0 0 0 38.85 0.00000000 0.00000000 0.00 0.00 0.00 0.07 0.08 0.04 0.01 -0.01 0.00 91.11 91.30 90.04 
0 0 0 38.95 0.00000000 0.00000000 0.00 0.00 0.00 0.07 0.08 0.01 0.01 -0.01 0.00 91.11 91.37 90.02 
0 0 0 39.05 0.00000000 0.00000000 0.00 0.00 0.00 0.04 0.10 0.30 0.01 -0.01 0.00 91.86 90.89 90.02 
0 0 0 39.15 0.00000000 0.00000000 0.00 0.00 0.00 0.07 0.08 -0.02 0.01 -0.01 0.00 91.17 91.29 90.03 
0 0 0 39.25 0.00000000 0.00000000 0.00 0.00 0.00 0.06 0.08 0.05 0.01 -0.01 0.00 91.05 91.31 90.04 
0 0 0 39.35 0.00000000 0.00000000 0.00 0.00 0.00 0.06 0.08 0.06 0.01 -0.00 0.00 91.05 91.31 90.02 
0 0 0 39.45 0.00000000 0.00000000 0.00 0.00 0.00 0.07 0.07 -0.03 0.01 -0.01 0.01 91.12 91.18 90.06 
0 0 0 39.55 0.00000000 0.00000000 0.00 0.00 0.00 0.06 0.07 0.00 0.01 -0.01 0.01 91.03 91.21 90.06 
0 0 0 39.65 0.00000000 0.00000000 0.00 0.00 0.00 0.07 0.07 -0.19 0.01 -0.01 0.00 91.18 91.11 90.04 
0 0 0 39.75 0.00000000 0.00000000 0.00 0.00 0.00 0.06 0.07 0.00 0.02 -0.01 0.00 90.98 91.18 90.02 
0 0 0 39.85 0.00000000 0.00000000 0.00 0.00 0.00 0.08 0.07 -0.18 0.01 -0.02 0.01 91.32 91.25 90.07 
0 0 0 39.95 0.00000000 0.00000000 0.00 0.00 0.00 0.06 0.07 -0.03 0.01 -0.01 0.01 91.04 91.24 90.06 
0 0 0 40.05 0.00000000 0.00000000 0.00 0.00 0.00 0.07 0.08 -0.02 0.01 -0.01 0.01 91.18 91.31 90.05 
