2.30 4.16 3.50 -0.36  0.72 -0.55 0.19  -0.63 0.75 10.24  91.82 91.53 90.03 
2.46 3.76 3.53 1.49  0.81 -0.55 0.24  -0.63 0.67 10.16  91.64 91.54 90.04 
2.56 4.37 3.48 -0.50  0.97 -0.30 0.13  -0.63 0.78 10.28  91.71 91.43 90.03 
2.67 4.42 3.74 1.79  0.62 -0.32 0.17  -0.67 0.78 10.16  91.62 91.43 90.04 
2.77 4.15 3.49 -0.62  0.88 -0.31 0.20  -0.63 0.75 10.28  91.92 91.63 90.07 
2.87 3.48 3.69 -0.38  0.83 -0.70 0.30  -0.67 0.63 10.32  91.98 91.60 90.05 
2.98 4.60 3.71 2.85  0.88 -0.45 0.06  -0.67 0.82 10.24  91.62 91.43 90.03 
3.08 3.95 3.50 -1.06  0.36 -0.67 0.30  -0.63 0.71 10.24  91.72 91.53 90.05 
3.18 3.95 3.72 1.08  0.65 -0.51 0.30  -0.67 0.71 10.24  91.73 91.44 90.05 
3.28 4.16 3.72 0.68  0.60 -0.77 0.21  -0.67 0.75 10.24  91.72 91.62 90.05 
3.38 3.96 3.51 -0.69  0.82 -0.84 0.25  -0.63 0.71 10.20  91.63 91.43 90.04 
3.49 4.13 3.47 1.85  0.61 -0.50 0.22  -0.63 0.75 10.32  91.90 91.43 90.05 
3.59 3.74 3.73 -0.29  0.96 -0.62 0.29  -0.67 0.67 10.20  91.81 91.52 90.04 
3.69 3.71 3.70 1.13  0.51 -0.50 0.35  -0.67 0.67 10.28  91.82 91.43 90.04 
3.79 3.71 3.27 -0.08  0.85 -0.38 0.25  -0.59 0.67 10.28  91.62 91.43 90.04 
3.90 4.37 3.48 -0.74  0.60 -0.47 0.18  -0.63 0.78 10.28  91.53 91.62 90.04 
4.00 4.60 3.28 1.78  0.81 -0.59 0.28  -0.59 0.82 10.24  91.73 91.63 90.05 
4.10 4.20 3.31 0.95  0.46 -0.74 0.31  -0.59 0.75 10.16  91.92 91.34 90.04 
4.20 3.92 3.91 1.21  0.53 -0.74 0.27  -0.71 0.71 10.32  91.91 91.62 90.05 
4.30 3.73 3.50 1.80  0.52 -0.38 0.31  -0.63 0.67 10.24  91.63 91.43 90.05 
4.40 4.18 3.07 -1.87  0.60 -0.53 0.35  -0.55 0.75 10.20  91.90 91.51 90.04 
4.51 4.18 3.51 1.68  0.83 -0.36 0.30  -0.63 0.75 10.20  91.63 91.72 90.03 
4.61 4.38 3.50 1.29  0.64 -0.58 0.39  -0.63 0.78 10.24  91.73 91.54 90.04 
4.71 3.92 3.69 0.07  0.54 -0.31 0.30  -0.67 0.71 10.32  91.63 91.44 90.05 
4.81 4.15 3.49 1.85  0.54 -0.67 0.17  -0.63 0.75 10.28  91.81 91.52 90.03 
4.91 4.13 3.26 -0.89  0.54 -0.67 0.31  -0.59 0.75 10.32  91.80 91.70 90.03 
5.01 3.95 3.72 -0.29  0.45 -0.52 0.13  -0.67 0.71 10.24  91.64 91.44 90.07 
5.11 3.70 3.47 1.22  0.80 -0.63 0.32  -0.63 0.67 10.32  91.72 91.34 90.04 
5.22 4.62 3.51 0.14  0.74 -0.36 0.12  -0.63 0.82 10.20  92.01 91.53 90.02 
5.32 3.71 3.27 0.85  0.74 -0.53 0.27  -0.59 0.67 10.28  91.62 91.62 90.05 
5.42 4.15 3.27 -0.51  0.81 -0.30 0.27  -0.59 0.75 10.28  91.82 91.63 90.03 
5.52 4.40 3.73 -0.15  0.81 -0.44 0.21  -0.67 0.78 10.20  91.81 91.52 90.04 
5.62 3.73 3.72 2.23  0.88 -0.53 0.27  -0.67 0.67 10.24  91.64 91.64 90.03 
5.72 3.73 3.50 0.19  0.66 -0.33 0.24  -0.63 0.67 10.24  91.73 91.63 90.04 
5.83 3.52 3.30 0.69  1.02 -0.54 0.32  -0.59 0.63 10.20  91.90 91.71 90.06 
5.93 4.27 4.68 1.85  0.80 -0.28 0.31  -0.86 0.78 10.51  91.64 91.64 90.04 
6.03 4.20 3.09 -0.95  0.83 -0.32 0.22  -0.55 0.75 10.16  91.91 91.62 90.06 
6.13 3.71 3.49 1.53  0.77 -0.58 0.19  -0.63 0.67 10.28  91.82 91.63 90.04 
6.23 3.92 3.69 0.96  0.33 -0.57 0.31  -0.67 0.71 10.32  91.61 91.52 90.06 
6.33 3.92 3.69 0.17  0.51 -0.57 0.25  -0.67 0.71 10.32  91.53 91.62 90.05 
6.43 3.95 3.28 1.65  0.52 -0.54 0.28  -0.59 0.71 10.24  91.71 91.62 90.05 
6.53 4.38 3.50 -0.69  0.56 -0.68 0.25  -0.63 0.78 10.24  91.73 91.44 90.04 
6.64 4.15 3.49 0.76  0.49 -0.56 0.18  -0.63 0.75 10.28  91.93 91.54 90.05 
6.74 3.95 3.50 0.85  1.09 -0.41 0.11  -0.63 0.71 10.24  91.91 91.53 90.04 
6.84 3.95 3.72 0.43  0.39 -0.48 0.33  -0.67 0.71 10.24  91.63 91.72 90.06 
6.94 3.95 3.50 1.60  0.60 -0.49 0.09  -0.63 0.71 10.24  91.52 91.62 90.02 
7.04 3.71 3.27 -0.92  0.77 -0.59 0.11  -0.59 0.67 10.28  91.63 91.63 90.04 
7.14 4.37 3.92 0.62  0.67 -0.46 0.25  -0.71 0.78 10.28  91.63 91.44 90.05 
7.25 3.71 3.92 2.00  0.80 -0.56 0.25  -0.71 0.67 10.28  91.64 91.54 90.06 
7.35 4.37 3.27 -0.46  0.72 -0.33 0.23  -0.59 0.78 10.28  91.73 91.63 90.05 
7.45 4.37 3.92 2.33  0.60 -0.45 0.12  -0.71 0.78 10.28  91.82 91.53 90.02 
7.55 3.98 3.53 -0.26  0.82 -0.44 0.16  -0.63 0.71 10.16  91.63 91.53 90.03 
7.65 3.73 4.37 0.76  0.76 -0.67 0.30  -0.78 0.67 10.24  91.71 91.43 90.03 
7.75 3.70 3.69 1.91  0.49 -0.44 0.32  -0.67 0.67 10.32  91.64 91.54 90.05 
7.85 4.18 3.73 0.55  0.64 -0.56 0.21  -0.67 0.75 10.20  91.71 91.52 90.06 
7.96 4.38 3.72 1.69  0.86 -0.40 0.20  -0.67 0.78 10.24  91.91 91.62 90.04 
8.06 4.12 3.46 1.51  0.72 -0.34 0.18  -0.63 0.75 10.36  91.62 91.71 90.05 
8.16 3.71 3.49 -0.94  0.73 -0.52 0.30  -0.63 0.67 10.28  91.81 91.71 90.06 
8.26 4.62 3.51 0.75  0.67 -0.53 0.40  -0.63 0.82 10.20  91.82 91.53 90.06 
8.36 3.95 3.72 0.82  0.50 -0.67 0.30  -0.67 0.71 10.24  91.71 91.52 90.07 
8.46 4.40 3.51 0.63  0.78 -0.40 0.25  -0.63 0.78 10.20  91.70 91.60 90.05 
8.56 3.96 3.29 1.63  1.00 -0.16 0.11  -0.59 0.71 10.20  91.72 91.53 90.02 
8.66 4.21 3.76 -0.40  0.89 -0.36 0.31  -0.67 0.75 10.12  91.80 91.70 90.04 
8.79 3.99 3.10 1.50  0.81 -0.56 0.28  -0.55 0.71 10.12  91.74 91.35 90.05 
8.92 3.49 4.36 0.18  0.69 -0.47 0.25  -0.78 0.63 10.28  91.52 91.90 90.04 
9.04 4.37 3.48 1.91  0.67 -0.61 0.28  -0.63 0.78 10.28  91.90 91.52 90.05 
9.17 3.95 3.50 -0.38  0.68 -0.46 0.23  -0.63 0.71 10.24  91.72 91.53 90.04 
9.27 4.20 3.75 0.17  0.69 -0.44 0.18  -0.67 0.75 10.16  91.82 91.53 90.03 
9.37 3.73 3.50 1.05  0.91 -0.48 0.26  -0.63 0.67 10.24  91.63 91.81 90.06 
9.47 3.95 3.50 -0.20  0.60 -0.60 0.30  -0.63 0.71 10.24  91.81 91.52 90.06 
9.57 3.48 3.47 1.72  0.88 -0.48 0.23  -0.63 0.63 10.32  91.81 91.33 90.03 
9.68 3.73 3.28 1.21  0.39 -0.51 0.13  -0.59 0.67 10.24  91.81 91.43 90.03 
9.78 3.90 3.68 -0.08  0.62 -0.47 0.27  -0.67 0.71 10.36  91.72 91.53 90.02 
9.88 3.92 3.26 1.02  0.76 -0.44 0.18  -0.59 0.71 10.32  91.52 91.52 90.04 
9.98 4.58 3.70 0.71  0.87 -0.50 0.26  -0.67 0.82 10.28  91.63 91.44 90.05 
10.08 4.60 3.50 1.63  0.81 -0.32 0.34  -0.63 0.82 10.24  91.73 91.82 90.06 
10.18 3.96 3.73 1.96  0.75 -0.41 0.14  -0.67 0.71 10.20  91.82 91.44 90.05 
10.28 3.70 3.47 -1.01  0.85 -0.47 0.24  -0.63 0.67 10.32  91.82 91.53 90.05 
10.38 4.37 3.48 1.12  0.74 -0.46 0.30  -0.63 0.78 10.28  91.63 91.43 90.05 
10.48 4.32 3.87 1.29  0.62 -0.28 0.21  -0.71 0.78 10.40  91.71 91.62 90.04 
10.58 3.93 3.70 -0.48  0.55 -0.70 0.26  -0.67 0.71 10.28  91.63 91.53 90.05 
10.68 4.15 3.70 2.18  0.61 -0.39 0.25  -0.67 0.75 10.28  91.91 91.53 90.03 
10.79 3.73 3.94 0.04  0.63 -0.50 0.31  -0.71 0.67 10.24  91.63 91.72 90.04 
10.89 4.12 3.46 0.15  0.64 -0.31 0.32  -0.63 0.75 10.36  91.80 91.51 90.04 
10.99 3.49 3.92 1.16  0.72 -0.83 0.32  -0.71 0.63 10.28  91.64 91.73 90.04 
11.09 4.16 3.72 -0.63  0.89 -0.68 0.15  -0.67 0.75 10.24  91.71 91.43 90.04 
11.19 3.99 3.54 1.66  0.67 -0.52 0.18  -0.63 0.71 10.12  91.61 91.60 90.04 
11.29 4.69 3.83 1.98  0.92 -0.31 0.14  -0.71 0.86 10.51  91.84 91.65 90.04 
11.39 2.87 2.87 -1.33  0.71 -0.62 0.35  -0.51 0.51 10.16  91.64 91.35 90.05 
11.49 3.93 3.49 2.13  0.62 -0.27 0.32  -0.63 0.71 10.28  91.62 91.52 90.05 
11.60 3.96 3.51 -0.48  0.40 -0.37 0.17  -0.63 0.71 10.20  91.63 91.53 90.03 
11.70 4.16 3.93 2.10  0.44 -0.50 0.29  -0.71 0.75 10.24  91.82 91.72 90.04 
11.80 14.13 1.40 3.36  1.00 -0.40 0.14  -0.27 2.75 10.90  91.74 91.64 90.04 
11.90 3.02 4.74 0.58  0.67 -0.04 0.21  -0.86 0.55 10.40  92.08 90.52 90.06 
12.00 4.40 3.07 0.94  0.67 -0.32 0.20  -0.55 0.78 10.20  91.43 91.62 90.04 
12.10 4.16 3.50 0.43  0.40 -0.98 0.22  -0.63 0.75 10.24  91.63 91.63 90.04 
12.20 4.16 3.50 -0.28  0.75 -0.47 0.11  -0.63 0.75 10.24  91.90 91.52 90.04 
12.30 3.93 3.92 2.58  1.00 -0.24 0.16  -0.71 0.71 10.28  91.73 91.44 90.04 
12.40 3.93 3.92 0.79  0.44 -0.32 0.33  -0.71 0.71 10.28  91.51 91.42 90.04 
12.51 3.73 3.50 0.71  0.70 -0.38 0.25  -0.63 0.67 10.24  91.90 91.62 90.03 
12.61 3.73 3.50 0.13  0.72 -0.40 0.20  -0.63 0.67 10.24  91.63 91.82 90.03 
12.71 4.18 3.73 0.30  0.74 -0.50 0.28  -0.67 0.75 10.20  91.82 91.53 90.04 
12.81 4.15 3.49 1.86  0.92 -0.38 0.18  -0.63 0.75 10.28  91.82 91.44 90.04 
12.91 3.92 3.47 0.84  0.51 -0.65 0.25  -0.63 0.71 10.32  91.72 91.72 90.04 
13.01 3.93 3.70 0.73  0.45 -0.49 0.39  -0.67 0.71 10.28  91.72 91.62 90.05 
13.11 3.93 3.49 1.65  0.66 -0.59 0.22  -0.63 0.71 10.28  91.51 91.70 90.04 
13.21 3.95 3.50 -0.83  0.50 -0.74 0.16  -0.63 0.71 10.24  91.82 91.62 90.03 
13.31 3.95 3.94 2.54  0.97 -0.43 0.15  -0.71 0.71 10.24  91.71 91.52 90.04 
13.42 3.71 3.49 0.94  0.48 -0.53 0.29  -0.63 0.67 10.28  91.63 91.44 90.04 
13.52 3.90 3.03 -0.36  0.64 -0.51 0.18  -0.55 0.71 10.36  91.70 91.51 90.05 
13.62 3.51 3.72 1.96  0.85 -0.30 0.27  -0.67 0.63 10.24  91.82 91.53 90.05 
13.72 3.95 3.50 -0.45  0.51 -0.47 0.26  -0.63 0.71 10.24  91.80 91.60 90.06 
13.82 4.13 3.69 0.33  0.85 -0.37 0.22  -0.67 0.75 10.32  91.81 91.62 90.03 
13.92 3.70 3.69 1.83  0.44 -0.67 0.28  -0.67 0.67 10.32  91.71 91.52 90.03 
14.02 4.13 3.91 0.69  0.59 -0.43 0.25  -0.71 0.75 10.32  91.71 91.62 90.06 
14.12 3.93 3.49 1.70  0.69 -0.49 0.28  -0.63 0.71 10.28  91.73 91.44 90.07 
14.23 3.74 3.73 -0.21  0.83 -0.42 0.18  -0.67 0.67 10.20  91.90 91.42 90.03 
14.33 3.98 3.75 0.26  0.55 -0.69 0.38  -0.67 0.71 10.16  91.81 91.62 90.05 
14.43 3.51 3.72 2.12  0.72 -0.44 0.25  -0.67 0.63 10.24  91.84 91.35 90.03 
14.53 4.15 3.70 0.23  0.63 -0.43 0.24  -0.67 0.75 10.28  91.71 91.42 90.05 
14.63 3.34 3.78 1.66  1.10 -0.59 0.23  -0.67 0.59 10.08  91.81 91.52 90.05 
14.73 3.89 3.23 1.13  0.63 -0.39 0.22  -0.59 0.71 10.40  91.71 91.52 90.02 
14.83 4.38 3.72 -0.47  0.69 -0.46 0.18  -0.67 0.78 10.24  91.72 91.43 90.03 
14.93 4.38 3.50 1.29  0.73 -0.77 0.38  -0.63 0.78 10.24  91.82 91.34 90.03 
15.03 3.96 3.51 0.41  0.46 -0.92 0.39  -0.63 0.71 10.20  91.83 91.63 90.07 
15.13 4.12 3.67 1.34  0.78 -0.61 0.39  -0.67 0.75 10.36  91.92 91.72 90.04 
15.23 3.95 3.72 2.45  0.82 -0.39 0.15  -0.67 0.71 10.24  91.72 91.53 90.03 
15.34 3.73 3.72 -0.32  0.87 -0.39 0.19  -0.67 0.67 10.24  91.70 91.42 90.04 
15.44 4.18 3.73 0.89  0.74 -0.46 0.14  -0.67 0.75 10.20  91.74 91.54 90.00 
15.54 3.28 3.49 0.27  0.60 -0.28 0.17  -0.63 0.59 10.28  91.43 91.52 90.03 
15.64 3.54 3.75 -0.63  0.74 -0.56 0.17  -0.67 0.63 10.16  91.73 91.53 90.04 
15.74 3.68 3.68 2.38  0.77 -0.68 0.21  -0.67 0.67 10.36  91.63 91.53 90.05 
15.84 3.98 3.53 1.04  0.52 -0.38 0.15  -0.63 0.71 10.16  91.61 91.61 90.05 
15.94 4.15 3.92 0.91  0.84 -0.35 0.35  -0.71 0.75 10.28  91.55 91.64 90.04 
16.04 3.95 3.28 0.42  0.81 -0.49 0.30  -0.59 0.71 10.24  91.61 91.52 90.06 
16.14 4.18 4.17 0.45  0.63 -0.49 0.28  -0.75 0.75 10.20  91.63 91.44 90.02 
16.24 3.71 3.49 1.53  0.80 -0.33 0.27  -0.63 0.67 10.28  91.63 91.53 90.06 
16.34 3.93 3.92 2.06  0.55 -0.57 0.25  -0.71 0.71 10.28  91.63 91.43 90.03 
16.44 4.57 3.04 -0.04  0.78 -0.42 0.30  -0.55 0.82 10.32  91.72 91.15 90.04 
16.54 3.95 3.72 2.13  0.60 -0.53 0.18  -0.67 0.71 10.24  91.82 91.34 90.04 
16.64 3.74 3.51 -0.97  0.70 -0.59 0.25  -0.63 0.67 10.20  91.83 91.44 90.04 
16.75 4.40 3.51 0.21  0.43 -0.69 0.39  -0.63 0.78 10.20  91.62 91.71 90.06 
16.85 3.93 3.70 1.73  0.72 -0.44 0.32  -0.67 0.71 10.28  91.63 91.62 90.02 
16.95 3.96 3.73 0.08  0.41 -0.86 0.39  -0.67 0.71 10.20  91.73 91.53 90.07 
17.05 3.90 3.68 1.97  0.74 -0.62 0.11  -0.67 0.71 10.36  91.63 91.63 90.02 
17.15 4.40 2.85 -0.91  0.69 -0.57 0.27  -0.51 0.78 10.20  91.73 91.91 90.06 
17.25 3.90 3.46 -0.21  0.73 -0.32 0.24  -0.63 0.71 10.36  91.54 91.64 90.05 
17.35 3.29 3.72 1.67  0.36 -0.63 0.18  -0.67 0.59 10.24  91.74 91.54 90.05 
17.45 3.52 3.95 0.33  0.60 -0.35 0.31  -0.71 0.63 10.20  91.53 91.43 90.06 
17.55 3.96 3.51 1.51  0.84 -0.49 0.29  -0.63 0.71 10.20  91.81 91.52 90.04 
17.65 3.96 3.73 2.07  0.88 -0.34 0.32  -0.67 0.71 10.20  91.82 91.62 90.05 
17.75 4.15 3.70 0.27  0.66 -0.57 0.26  -0.67 0.75 10.28  91.82 91.62 90.04 
17.85 4.37 3.48 1.98  0.63 -0.25 0.16  -0.63 0.78 10.28  91.82 91.62 90.04 
17.95 3.73 3.28 -0.32  0.66 -0.33 0.24  -0.59 0.67 10.24  91.71 91.62 90.06 
18.05 4.18 3.29 1.10  0.82 -0.33 0.34  -0.59 0.75 10.20  91.63 91.53 90.05 
18.15 4.16 3.72 2.49  0.58 -0.53 0.25  -0.67 0.75 10.24  91.73 91.53 90.03 
18.26 4.13 3.69 -0.28  0.86 -0.41 0.22  -0.67 0.75 10.32  91.54 91.44 90.07 
18.36 3.96 3.51 0.89  0.95 -0.45 0.37  -0.63 0.71 10.20  91.72 91.43 90.04 
18.46 3.93 3.70 0.51  0.66 -0.53 0.27  -0.67 0.71 10.28  91.71 91.42 90.04 
18.56 4.15 3.70 -0.49  0.39 -0.64 0.32  -0.67 0.75 10.28  91.81 91.52 90.05 
18.66 4.62 3.29 1.66  1.08 -0.20 0.20  -0.59 0.82 10.20  91.63 91.53 90.05 
18.76 3.93 3.70 -0.29  0.52 -0.44 0.31  -0.67 0.71 10.28  91.82 91.63 90.05 
18.86 3.07 2.85 -0.79  0.56 -0.58 0.28  -0.51 0.55 10.24  91.71 91.61 90.04 
18.96 3.48 3.47 0.36  0.67 -0.57 0.13  -0.63 0.63 10.32  91.52 91.52 90.02 
19.06 4.18 3.51 -0.50  0.56 -0.71 0.21  -0.63 0.75 10.20  91.71 91.52 90.05 
19.16 4.42 3.52 2.35  0.60 -0.60 0.33  -0.63 0.78 10.16  91.72 91.43 90.04 
19.26 3.71 3.70 1.39  0.33 -0.95 0.31  -0.67 0.67 10.28  91.71 91.43 90.05 
19.36 3.92 3.69 0.36  0.66 -0.25 0.20  -0.67 0.71 10.32  91.63 91.62 90.05 
19.46 4.21 3.76 2.19  0.88 -0.54 0.18  -0.67 0.75 10.12  91.84 91.64 90.03 
19.57 4.40 3.29 -0.58  0.74 -0.57 0.23  -0.59 0.78 10.20  91.73 91.73 90.03 
19.67 3.89 4.09 0.72  0.46 -0.29 0.25  -0.75 0.71 10.40  91.91 91.24 90.04 
19.77 4.16 12.29 12.83  -0.44 -1.38 -3.07  -2.24 0.75 10.24  91.96 93.41 90.22 
19.87 32.65 9.11 59.59  0.58 -2.49 -25.66  -1.73 5.81 9.06  122.32 80.44 85.74 
19.97 2.76 9.63 2.71  18.60 37.63 -33.22  -3.18 0.90 18.71  94.79 91.30 84.58 
20.07 11.48 12.31 -7.55  55.44 24.00 -34.12  -2.24 2.04 10.04  94.93 94.61 83.89 
20.17 25.98 11.74 -6.26  18.82 -85.79 -30.05  -2.16 4.55 9.34  101.80 95.82 84.54 
20.27 26.24 9.47 -5.24  -2.78 4.71 -36.30  -1.57 4.16 8.43  102.60 93.41 83.49 
20.37 18.43 11.36 -12.85  2.81 37.45 -21.54  -1.84 2.90 8.71  99.91 95.88 85.96 
20.47 4.97 13.93 -19.51  2.70 12.42 14.41  -2.47 0.86 9.92  95.18 96.09 92.01 
20.57 7.86 9.24 -26.69  -3.19 -5.13 57.93  -1.73 1.45 10.51  94.19 93.30 100.30 
20.67 7.65 0.00 -37.41  3.11 -14.20 44.95  0.00 1.33 9.92  93.81 90.39 98.38 
20.77 9.50 -0.66 -36.23  11.81 -7.71 22.03  0.12 1.69 10.08  94.27 90.09 94.26 
20.87 8.36 -1.39 -35.90  3.09 -10.85 7.47  0.24 1.41 9.61  93.88 89.70 91.58 
20.97 8.45 -0.23 -34.13  -4.70 -4.76 3.68  0.04 1.45 9.77  93.82 90.80 90.65 
21.07 7.78 5.23 -25.63  -2.82 -9.63 0.05  -0.90 1.33 9.77  93.88 92.37 89.67 
21.18 8.63 3.96 -28.89  0.46 -12.92 3.61  -0.71 1.53 10.08  94.53 91.86 90.34 
21.28 26.82 9.59 -15.46  5.15 7.39 2.98  -2.63 7.02 13.89  90.42 91.46 90.58 
21.38 17.27 7.17 -26.75  -12.71 -5.52 -5.04  -1.53 3.61 11.61  94.13 91.92 89.06 
21.48 13.11 12.29 -10.87  -13.56 16.73 -1.28  -2.82 2.94 12.63  95.72 95.36 89.78 
21.58 37.12 1.41 -122.35  2.13 5.40 -13.09  -0.31 7.69 10.16  106.20 90.62 87.72 
21.68 9.90 -1.33 -48.13  2.11 -2.63 -29.38  0.20 1.45 8.32  94.95 91.64 84.82 
21.78 3.46 5.30 -38.47  -2.74 -0.64 -48.99  -0.78 0.51 8.43  87.65 92.34 82.03 
21.88 12.73 5.98 -54.01  3.40 -13.72 -33.89  -1.14 2.39 10.59  96.03 94.01 83.51 
21.98 8.19 9.13 -43.73  7.77 -18.06 -23.04  -1.73 1.53 10.63  88.77 92.54 85.45 
22.08 10.24 -5.64 -65.43  12.34 -0.71 2.34  0.98 1.77 9.77  96.82 89.59 90.41 
22.19 17.85 9.31 -56.32  0.26 4.35 -17.30  -1.80 3.37 10.47  97.54 93.32 86.59 
22.29 18.05 -1.22 -77.01  -21.81 -14.97 -23.89  0.20 2.86 8.79  97.71 87.90 86.72 
22.39 9.16 3.87 -63.21  -29.93 -28.81 -30.00  -0.67 1.57 9.73  95.16 90.94 84.80 
22.49 2.32 -3.24 -64.19  -0.88 13.40 -14.88  0.55 0.39 9.69  91.25 86.28 87.51 
22.59 11.26 2.03 -75.64  21.87 10.70 -9.49  -0.31 1.73 8.67  94.58 90.43 88.20 
22.69 12.35 0.69 -77.08  1.42 -10.26 -9.05  -0.12 2.08 9.49  93.85 88.62 88.46 
22.79 13.39 -4.19 -83.75  -4.50 3.45 1.52  0.75 2.35 9.89  93.70 90.57 90.45 
22.89 6.72 4.66 -62.23  -17.99 -12.64 -1.36  -0.90 1.29 10.98  94.52 88.43 89.48 
22.99 3.61 1.55 -63.32  -8.45 4.11 -0.79  -0.35 0.82 13.06  92.16 90.20 89.85 
23.09 5.15 -7.34 -77.35  6.40 -22.72 0.19  1.29 0.90 10.00  92.39 87.22 90.32 
23.19 8.09 -10.53 -82.70  -5.17 -18.45 -6.43  1.45 1.10 7.73  96.56 86.22 88.87 
23.29 -6.11 -17.88 -68.35  -25.23 -26.84 -10.34  3.80 -1.26 11.73  92.16 90.41 88.39 
23.39 5.77 -3.94 -79.32  -0.49 -5.66 -4.50  0.51 0.75 7.37  94.01 75.80 88.95 
23.50 11.26 -5.70 -94.48  10.82 28.32 2.80  0.90 1.77 8.87  94.80 88.72 90.57 
23.60 21.12 5.85 -131.54  -3.68 70.15 -5.92  -1.06 3.73 9.65  98.08 94.73 89.25 
23.70 6.23 2.61 -79.44  -5.96 33.98 -10.77  -0.51 1.22 11.14  92.76 90.09 88.66 
23.80 -0.44 -2.41 -75.07  -6.46 24.40 -18.53  0.43 -0.08 10.24  89.80 88.33 87.09 
23.90 4.31 7.78 -81.14  -6.45 10.47 -11.61  -1.57 0.86 11.45  88.84 92.06 87.73 
24.00 -5.06 2.19 -70.87  6.06 10.34 -5.40  -0.39 -0.90 10.20  89.06 90.75 89.24 
24.10 3.40 5.09 -81.86  -4.25 -2.01 -7.88  -0.94 0.63 10.55  91.49 92.22 88.63 
24.20 5.04 7.51 -85.31  -15.41 -5.80 -4.39  -1.41 0.94 10.67  91.16 93.37 89.23 
24.30 4.32 7.29 -85.54  5.42 -3.67 14.89  -1.33 0.78 10.40  91.20 93.22 92.28 
24.41 -1.47 9.80 -66.00  4.92 -0.68 23.28  -1.84 -0.27 10.67  88.19 93.87 94.10 
24.51 -0.21 5.55 -72.17  4.43 -1.95 18.17  -1.06 -0.04 10.90  89.82 92.39 93.10 
24.61 -0.23 4.65 -70.26  -2.77 3.49 11.92  -0.78 -0.04 9.65  89.69 92.16 92.42 
24.71 -4.13 5.20 -64.07  -3.09 2.54 -3.11  -0.94 -0.75 10.32  87.35 92.05 89.55 
24.81 1.95 6.27 -73.73  2.66 2.58 -7.87  -1.14 0.35 10.36  90.29 92.84 88.69 
24.91 4.85 6.71 -79.22  1.93 -6.97 -4.35  -1.26 0.90 10.63  92.00 92.98 89.11 
25.01 -4.01 5.20 -65.62  0.34 -1.37 -8.11  -1.02 -0.78 11.18  89.73 92.09 88.87 
25.11 -3.41 0.91 -72.41  4.45 -16.02 -27.13  -0.16 -0.59 9.89  87.74 90.69 85.61 
25.21 1.76 3.52 -79.72  -0.16 -18.20 -33.60  -0.63 0.31 10.20  90.10 91.50 84.18 
25.31 3.92 1.52 -89.74  -2.15 -5.44 -29.37  -0.27 0.71 10.32  90.69 90.79 84.68 
25.41 3.17 2.26 -89.67  -8.35 -4.54 -16.57  -0.39 0.55 9.92  91.49 91.19 86.95 
25.51 -2.27 4.32 -82.63  -16.84 5.93 -15.44  -0.82 -0.43 10.90  89.00 91.54 87.12 
25.61 -3.79 2.59 -84.80  -2.45 4.01 -7.64  -0.51 -0.75 11.26  88.51 90.88 88.78 
25.71 -0.50 -0.75 -95.31  16.56 -21.80 -18.72  0.12 -0.08 9.02  89.43 89.32 86.58 
25.82 -0.49 -2.46 -93.65  17.56 -14.94 -12.60  0.39 -0.08 9.14  89.06 89.69 87.81 
25.92 -0.76 -2.79 -92.71  -10.71 -14.41 -9.50  0.43 -0.12 8.87  88.02 88.84 88.34 
26.02 0.67 -2.44 -98.36  -3.78 -7.70 3.34  0.43 0.12 10.12  91.66 88.83 90.42 
26.12 2.12 -3.60 -100.98  1.83 -6.48 1.23  0.67 0.39 10.59  90.47 88.86 89.82 
26.22 1.07 -0.86 -97.25  -0.02 1.23 0.82  0.16 0.20 10.47  89.53 89.91 90.61 
26.32 1.54 -3.74 -100.85  0.11 9.07 -3.99  0.67 0.27 10.20  91.93 88.26 88.82 
26.42 1.21 -5.08 -101.22  -1.95 12.40 -3.05  0.82 0.20 9.26  90.10 88.24 89.66 
26.52 1.63 -2.56 -103.36  -13.77 48.87 -10.08  0.43 0.27 9.65  89.89 88.41 88.41 
26.63 -1.13 7.57 -101.04  -24.63 89.58 -12.36  -1.06 -0.16 7.96  90.66 92.75 87.82 
26.73 -4.80 21.48 -85.01  -26.36 83.87 -8.83  -3.69 -0.78 9.34  89.23 99.24 87.75 
26.83 0.59 27.27 -111.89  -6.91 80.07 -0.47  -5.84 0.12 11.34  89.91 102.33 89.06 
26.93 -0.54 35.03 -109.07  10.04 69.99 6.38  -5.88 -0.08 8.39  88.04 106.28 90.51 
27.03 -2.29 46.72 -107.58  9.70 46.31 8.66  -7.30 -0.27 6.86  86.28 109.12 91.39 
27.13 -8.58 49.46 -102.93  7.53 19.47 0.55  -7.37 -0.94 6.24  85.10 112.33 90.10 
27.23 -5.47 49.86 -104.53  1.60 10.82 0.03  -8.79 -0.71 7.37  87.83 110.63 89.90 
27.33 -11.17 53.23 -101.43  4.90 -3.40 -0.59  -8.67 -1.26 6.35  85.89 111.98 89.79 
27.43 -9.06 52.10 -102.35  1.79 -6.15 -1.18  -8.32 -1.02 6.39  86.05 112.73 89.79 
27.53 -10.72 47.40 -101.98  3.13 -8.04 -2.62  -8.94 -1.53 8.08  84.81 110.61 89.54 
27.63 -6.34 52.70 -104.04  3.64 -9.06 -2.70  -8.39 -0.71 6.35  85.92 113.27 89.62 
27.73 -9.85 49.27 -103.55  3.40 -6.48 0.70  -8.79 -1.29 7.45  86.65 111.27 89.99 
27.83 -13.28 51.77 -100.42  4.36 -13.22 2.70  -8.24 -1.49 6.32  84.82 112.19 90.47 
27.94 -10.36 49.06 -101.61  4.11 -13.27 1.20  -8.55 -1.33 7.30  85.70 111.16 90.24 
28.04 -10.62 48.44 -101.16  3.11 -16.08 1.38  -7.92 -1.29 6.90  85.39 111.37 90.24 
28.14 -10.91 46.35 -100.84  4.85 -25.52 -0.33  -8.04 -1.45 7.53  85.31 110.40 89.93 
28.24 -10.61 41.13 -100.79  9.68 -50.15 1.30  -8.75 -1.84 9.85  85.97 108.67 90.00 
28.34 -8.16 37.63 -101.03  15.13 -119.02 1.56  -7.45 -1.37 9.57  87.47 106.43 90.36 
28.44 -10.09 22.30 -93.69  18.01 -164.60 2.40  -4.31 -1.84 10.36  86.08 101.38 90.55 
28.54 -7.77 12.77 -93.39  1.28 -166.04 6.36  -2.43 -1.45 10.63  86.48 92.94 90.92 
28.64 -3.17 -19.98 -100.19  22.61 -204.44 14.56  3.10 -0.47 8.51  93.44 81.84 92.56 
28.74 10.37 -49.90 -122.92  32.12 -247.75 16.67  3.88 0.59 3.22  95.06 69.50 93.04 
28.84 -63.43 -85.99 -37.18  2.88 -117.55 18.33  11.26 -0.71 0.35  36.72 57.21 93.54 
28.94 -32.55 -77.23 -63.11  -6.72 20.52 -3.75  9.65 -1.18 1.84  24.27 54.10 89.86 
29.04 2.79 -59.37 -115.61  -4.72 37.37 -6.23  8.16 0.24 4.82  90.23 62.56 88.85 
29.15 4.81 -64.88 -114.40  0.27 12.16 -4.56  8.98 0.35 4.20  90.38 64.24 89.11 
29.25 2.10 -63.94 -109.26  1.02 11.74 -4.13  8.75 0.16 4.28  91.63 62.11 89.32 
29.35 -1.15 -65.15 -103.45  -4.91 33.01 -3.47  8.47 -0.08 3.92  90.19 64.72 89.33 
29.45 17.68 -59.78 -136.49  -17.09 98.34 -3.92  6.43 1.14 3.57  66.75 62.20 89.32 
29.55 -19.14 -28.08 -50.41  -31.68 186.14 0.84  4.28 -2.63 7.57  82.50 69.18 90.15 
29.65 -3.48 -16.35 -102.97  -3.05 88.81 2.71  3.41 -0.71 11.61  88.05 81.79 90.53 
29.75 -5.27 -14.60 -97.39  7.23 61.40 3.96  2.67 -0.94 10.20  88.28 81.97 90.46 
29.88 -0.37 -5.31 -108.63  -1.84 38.42 4.64  1.14 -0.08 12.24  89.84 87.68 90.81 
30.01 0.94 -14.97 -109.41  5.20 -5.31 6.88  2.55 0.16 9.53  90.41 83.47 91.20 
30.14 2.28 -5.10 -113.85  3.29 2.57 13.96  1.06 0.47 11.85  90.99 87.77 92.44 
30.26 -5.69 -10.07 -92.34  10.47 32.41 26.32  1.69 -0.94 9.45  87.52 85.61 94.59 
30.36 -4.32 -0.39 -85.40  6.98 21.21 30.18  0.08 -0.86 11.41  87.79 89.21 95.27 
30.47 -2.04 -6.09 -91.17  1.31 6.09 14.18  1.06 -0.35 9.92  88.98 87.67 92.75 
30.57 -4.37 -5.43 -87.29  -9.67 10.88 9.34  0.98 -0.78 10.28  88.03 88.84 91.93 
30.67 -4.28 -1.93 -86.23  -1.15 -4.59 2.04  0.35 -0.78 10.47  87.70 89.08 90.17 
30.77 -0.96 -5.26 -94.95  -0.32 -7.01 15.86  0.86 -0.16 9.38  89.20 89.02 92.39 
30.87 -3.89 -1.73 -84.56  4.59 -1.02 13.66  0.31 -0.71 10.40  88.26 89.27 92.34 
30.97 -0.22 -3.07 -90.45  13.59 -1.53 0.02  0.55 -0.04 10.24  89.81 88.54 90.01 
31.07 1.57 -2.47 -93.14  11.38 4.74 7.71  0.43 0.27 10.00  90.89 88.72 91.36 
31.17 -2.40 -3.26 -81.99  3.00 4.65 5.88  0.59 -0.43 10.32  89.61 88.07 91.15 
31.27 -1.55 -3.75 -83.92  -0.11 1.12 0.24  0.67 -0.27 10.16  89.34 88.31 90.17 
31.37 -0.44 -1.55 -84.21  2.47 -6.60 -7.60  0.27 -0.08 10.16  90.00 89.36 88.76 
31.47 0.22 -2.85 -87.51  3.57 -1.86 -10.66  0.51 0.04 10.24  90.10 88.95 88.10 
31.57 0.89 -3.33 -89.21  1.99 -0.66 -4.54  0.59 0.16 10.12  90.60 88.40 89.21 
31.67 -1.69 -1.48 -82.39  -1.35 12.48 -1.76  0.27 -0.31 10.63  90.00 88.93 89.82 
31.77 0.00 -0.63 -85.99  5.45 5.77 -10.04  0.12 0.00 10.71  90.09 89.53 88.32 
31.88 2.37 0.22 -90.49  8.35 1.05 -3.60  -0.04 0.43 10.43  91.41 89.72 89.17 
31.98 1.33 -0.66 -87.22  4.59 2.14 4.00  0.12 0.24 10.16  90.39 89.71 90.50 
32.08 0.88 -0.88 -85.49  -1.27 -0.52 3.32  0.16 0.16 10.20  90.77 89.81 90.52 
32.18 1.33 -1.77 -86.80  -2.40 -3.12 5.08  0.31 0.24 10.16  90.66 89.53 90.95 
32.28 0.66 -1.97 -85.86  -7.60 0.97 7.14  0.35 0.12 10.24  90.10 88.91 91.36 
32.38 -2.68 -1.70 -80.78  -0.01 2.21 -1.02  0.27 -0.43 9.22  88.13 89.44 90.22 
32.48 0.46 -4.86 -88.47  10.69 1.15 -5.01  0.82 0.08 9.69  90.20 87.88 89.13 
32.58 0.68 -3.87 -88.26  -18.41 -6.51 -4.44  0.67 0.12 9.85  91.26 89.91 89.04 
32.68 -2.05 -2.95 -85.22  -21.00 -5.54 -4.36  0.51 -0.35 9.89  88.91 89.01 89.33 
32.79 -1.37 -3.66 -90.18  0.79 -11.31 -5.51  0.63 -0.24 9.81  90.85 88.69 89.18 
32.89 -0.74 -4.66 -92.42  7.37 0.33 -1.31  0.75 -0.12 9.14  89.57 87.75 89.71 
32.99 -2.76 -0.64 -84.75  0.34 8.74 -6.16  0.12 -0.51 10.59  89.06 89.25 88.98 
33.09 -0.88 -0.66 -89.03  7.67 3.96 -4.47  0.12 -0.16 10.16  89.61 89.71 89.22 
33.19 0.22 -0.43 -90.78  18.47 8.79 1.19  0.08 0.04 10.36  90.76 89.43 90.10 
33.29 1.45 -0.62 -86.16  49.05 3.71 0.90  0.12 0.27 10.87  90.83 90.33 90.16 
33.40 3.99 -0.70 -80.98  112.95 -4.55 9.00  0.12 0.67 9.57  91.74 89.69 91.57 
33.50 18.64 1.32 -76.67  115.47 -7.15 -8.98  -0.24 3.26 9.65  98.14 90.58 88.43 
33.60 40.32 0.64 -90.92  85.65 34.20 -5.80  -0.12 6.83 8.04  116.42 79.52 88.06 
33.70 38.79 -11.98 -86.11  35.06 -8.95 18.17  1.69 4.98 6.20  103.40 91.31 93.29 
33.80 42.51 3.52 -75.31  16.50 31.46 2.84  -0.63 6.90 7.53  108.55 91.53 90.49 
33.90 45.61 4.97 -77.88  8.98 20.59 -2.11  -0.90 7.41 7.26  109.96 91.67 89.84 
34.01 45.62 3.91 -75.50  6.50 9.03 -5.66  -0.71 7.37 7.22  108.92 91.91 88.85 
34.11 44.05 4.27 -73.04  3.05 -1.37 -3.13  -0.75 6.94 7.18  108.90 92.17 89.40 
34.21 47.96 4.62 -78.30  -1.82 -5.72 -1.23  -0.82 7.57 6.83  110.71 92.37 89.75 
34.31 45.78 4.60 -75.91  -0.98 -4.80 0.87  -0.82 7.34 7.14  110.19 91.66 90.17 
34.41 46.93 4.99 -78.53  -3.32 -4.11 1.55  -0.86 7.22 6.75  110.27 92.10 90.24 
34.52 49.32 5.15 -84.80  -27.05 -9.08 1.79  -0.86 7.26 6.24  109.57 91.98 90.22 
34.62 42.61 1.80 -81.19  -95.34 5.76 5.51  -0.31 6.75 7.34  112.59 90.95 90.99 
34.72 5.54 5.51 -53.60  -159.83 28.79 5.97  -1.14 1.14 11.73  100.19 92.42 91.08 
34.82 -1.98 2.20 -59.52  -153.93 7.55 9.29  -0.39 -0.35 10.20  90.21 91.03 91.62 
34.92 -8.00 2.66 -74.92  -137.72 -15.72 -3.33  -0.47 -1.41 10.04  87.10 91.14 89.67 
35.02 -15.37 1.69 -78.43  -116.48 -36.09 -4.11  -0.31 -2.82 10.28  83.30 90.74 89.28 
35.12 -29.51 -0.71 -79.45  -114.34 -16.38 -3.25  0.12 -4.71 8.32  76.54 90.21 89.45 
35.23 -44.65 1.25 -69.31  -88.44 -9.91 -4.80  -0.20 -6.32 6.39  70.81 91.16 89.04 
35.33 -48.79 0.67 -70.44  -57.79 -10.54 14.33  -0.12 -7.57 6.63  68.12 91.05 92.20 
35.43 -56.19 1.77 -62.74  -32.18 -10.60 19.67  -0.31 -8.43 5.65  65.86 90.49 93.29 
35.53 -61.18 6.22 -48.12  -22.79 -5.34 7.98  -1.02 -8.20 4.51  64.98 91.05 91.67 
35.63 -53.78 2.82 -73.57  -10.78 2.84 4.39  -0.51 -8.36 6.12  66.87 91.09 90.74 
35.74 -54.28 2.21 -74.56  0.67 -3.56 1.72  -0.39 -8.24 5.92  65.95 90.99 90.43 
35.84 -57.49 2.92 -63.69  5.62 -3.85 -1.55  -0.51 -8.43 5.37  65.05 91.18 89.85 
35.94 -56.94 2.94 -63.04  6.48 -2.57 -0.95  -0.51 -8.32 5.41  64.79 90.90 89.95 
36.04 -55.32 2.45 -66.43  7.93 3.61 2.25  -0.43 -8.28 5.73  66.03 91.28 90.43 
36.14 -53.75 1.32 -69.61  14.42 0.22 0.60  -0.24 -8.24 6.04  66.65 90.67 90.21 
36.24 -48.20 1.23 -82.40  37.51 0.61 3.48  -0.24 -8.16 7.30  68.46 90.72 90.69 
36.35 -42.96 3.69 -80.36  63.63 4.52 4.10  -0.71 -7.45 8.00  70.10 91.48 90.87 
36.45 -39.92 1.57 -80.12  89.10 8.43 -0.89  -0.27 -6.43 7.69  71.04 90.53 89.92 
36.55 -33.29 2.14 -70.83  98.93 0.60 -1.65  -0.35 -5.18 7.88  74.87 90.61 89.93 
36.65 -22.71 0.98 -69.37  101.93 6.84 1.60  -0.16 -3.53 8.43  79.56 90.85 90.13 
36.75 -8.04 3.78 -105.09  97.76 4.28 -4.57  -0.67 -1.41 10.00  85.08 92.58 89.28 
36.86 0.23 1.35 -80.27  67.07 -9.48 -10.45  -0.24 0.04 9.96  89.80 90.60 88.16 
36.96 2.08 3.94 -75.60  5.07 -3.61 -8.33  -0.75 0.39 10.83  90.91 91.72 88.55 
37.06 -0.42 1.91 -75.33  -6.20 -3.82 2.35  -0.35 -0.08 10.59  89.90 90.77 90.16 
37.16 0.22 3.08 -73.08  -7.65 -11.24 6.13  -0.55 0.04 10.20  90.28 91.61 91.05 
37.26 -2.40 2.39 -69.78  1.11 -3.94 5.07  -0.43 -0.43 10.32  88.95 91.04 90.90 
37.36 0.43 1.29 -102.97  3.20 -0.77 0.82  -0.24 0.08 10.43  89.81 90.38 90.32 
37.46 -0.22 1.78 -74.02  8.16 -2.20 -0.74  -0.31 -0.04 10.08  89.81 90.77 90.01 
37.56 -0.44 0.88 -73.01  5.11 -3.61 1.01  -0.16 -0.08 10.20  89.70 90.98 90.12 
37.67 -1.34 1.11 -70.53  -3.90 1.61 1.97  -0.20 -0.24 10.08  88.92 90.00 90.28 
37.77 -1.49 1.48 -71.14  -1.34 -0.42 4.08  -0.27 -0.27 10.59  89.35 90.65 90.57 
37.87 -0.64 2.54 -70.93  6.21 -0.82 6.13  -0.47 -0.12 10.59  89.00 91.28 90.96 
37.97 0.68 1.58 -73.05  7.47 -2.07 5.22  -0.27 0.12 9.92  90.49 90.98 90.92 
38.07 1.52 1.74 -74.58  0.14 4.63 5.03  -0.31 0.27 10.36  90.57 90.48 90.92 
38.17 -1.47 -0.21 -69.87  -2.96 2.39 -0.39  0.04 -0.27 10.67  89.53 89.91 90.05 
38.28 -0.82 5.30 -64.48  2.62 2.58 -8.42  -1.02 -0.16 10.98  89.54 92.02 88.55 
38.38 -0.88 5.51 -63.60  10.40 -5.06 11.52  -0.98 -0.16 10.16  89.90 92.52 91.42 
38.48 5.43 4.11 -74.72  0.68 3.10 43.69  -0.75 0.98 10.32  92.85 91.70 97.04 
38.58 3.42 1.59 -69.82  -4.16 2.06 70.96  -0.27 0.59 9.85  91.59 90.79 102.09 
38.68 0.81 5.07 -50.17  -7.62 4.25 75.96  -0.98 0.16 11.06  90.26 92.40 103.16 
38.79 -1.59 4.35 -41.21  -2.23 -8.86 73.16  -0.86 -0.31 11.34  88.21 92.30 102.85 
38.89 -2.39 -3.10 -40.01  1.80 -9.62 62.50  0.51 -0.39 9.41  89.36 87.77 101.41 
38.99 -1.48 3.44 -16.51  10.39 3.89 49.35  -0.55 -0.24 9.14  89.48 91.66 98.58 
39.09 -4.21 4.86 -12.46  -3.16 9.84 43.26  -0.86 -0.75 10.12  88.04 93.51 97.46 
39.19 -1.95 -0.86 -21.89  -9.59 17.92 26.91  0.16 -0.35 10.40  90.00 90.39 95.02 
39.30 -2.16 3.45 -12.23  -2.37 -5.90 20.41  -0.63 -0.39 10.40  88.58 91.23 94.03 
39.40 0.00 8.01 3.54  -1.20 6.85 5.45  -1.45 0.00 10.32  90.00 92.21 91.08 
39.50 -1.78 6.41 -1.21  -5.01 -1.38 3.31  -1.14 -0.31 10.12  89.23 93.91 90.53 
39.60 -2.26 5.41 -2.57  -1.91 -0.76 0.98  -0.94 -0.39 9.92  89.01 92.36 90.17 
39.70 -1.73 1.08 -14.73  0.35 -1.16 0.97  -0.20 -0.31 10.40  89.24 91.33 90.32 
39.80 -2.28 1.82 -11.11  1.42 -4.46 0.04  -0.31 -0.39 9.85  88.92 90.88 90.14 
39.90 -3.46 3.00 -9.39  -0.65 1.58 -1.68  -0.51 -0.59 9.73  87.86 90.41 89.83 
40.01 -7.10 -4.99 -25.82  1.75 -3.53 -12.96  0.94 -1.33 10.71  87.37 87.75 88.34 
40.11 -0.50 -5.19 -28.64  5.94 -24.35 -46.89  0.82 -0.08 9.06  88.82 88.71 82.63 
40.21 -7.15 2.01 -13.69  5.16 -5.57 -84.11  -0.35 -1.26 10.00  88.88 91.22 76.07 
40.31 -7.44 2.15 -24.35  5.51 -10.79 -125.02  -0.43 -1.49 11.41  87.68 90.89 68.87 
40.41 -5.73 2.96 -38.82  -3.42 -11.93 -146.37  -0.55 -1.06 10.55  86.39 90.00 64.72 
40.51 -1.02 1.22 -58.86  1.23 7.74 -134.08  -0.24 -0.20 11.02  92.77 90.10 66.18 
40.62 3.39 -2.03 -90.46  -6.08 0.74 -113.87  0.35 0.59 9.92  90.20 88.99 69.99 
40.72 2.70 -3.38 -97.73  -9.42 -0.63 -93.64  0.59 0.47 9.96  91.23 87.34 73.45 
40.82 0.39 -1.97 -106.30  -10.57 -9.83 -64.57  0.39 0.08 11.41  90.70 89.39 78.38 
40.92 7.10 0.64 -126.68  2.26 -7.40 -51.21  -0.12 1.29 10.40  92.71 89.20 81.25 
41.02 0.68 -3.65 -116.64  0.53 2.88 -29.75  0.63 0.12 9.85  90.90 88.80 83.98 
41.13 4.00 -0.94 -126.71  -5.39 -6.61 -12.98  0.16 0.67 9.53  91.80 90.85 87.41 
41.23 2.82 -3.05 -124.15  0.29 -10.26 -2.52  0.51 0.47 9.57  91.14 89.81 89.23 
41.33 1.71 -6.07 -121.21  -1.84 -8.31 1.03  0.98 0.27 9.22  90.73 87.73 89.82 
41.43 2.61 -1.19 -125.33  -0.21 -4.61 11.98  0.20 0.43 9.45  90.21 89.16 91.57 
41.54 2.15 0.22 -124.41  -1.71 5.82 32.34  -0.04 0.39 10.43  89.91 90.09 95.04 
41.64 -4.94 -0.86 -103.40  4.36 14.29 58.95  0.16 -0.90 10.43  88.41 88.91 99.74 
41.74 -0.39 4.29 -106.49  12.48 12.34 94.17  -0.86 -0.08 11.49  90.18 91.95 106.43 
41.84 7.96 -0.96 -107.40  16.78 -4.07 100.25  0.16 1.29 9.26  92.61 90.00 107.93 
41.94 7.79 -6.04 -99.19  12.87 -2.10 77.84  0.98 1.26 9.18  93.24 87.51 104.25 
42.04 1.58 -3.17 -76.22  4.68 8.86 44.35  0.55 0.27 9.92  90.76 88.67 98.45 
42.15 -0.44 -5.45 -73.32  -2.91 -3.19 14.81  0.98 -0.08 10.28  88.85 88.56 92.83 
42.25 0.86 -0.64 -69.81  -4.53 -0.96 0.10  0.12 0.16 10.51  90.84 90.37 90.41 
42.35 -0.20 0.61 -64.90  12.33 -5.24 -3.77  -0.12 -0.04 10.98  90.55 90.18 89.36 
42.46 6.15 -1.69 -78.35  0.88 -15.64 -8.23  0.31 1.14 10.55  93.14 89.43 88.51 
42.56 2.48 -0.45 -70.14  -4.72 -0.30 -3.96  0.08 0.43 9.96  90.98 89.70 89.33 
42.66 3.29 -0.41 -72.91  3.64 -4.81 -1.70  0.08 0.63 10.90  91.32 89.09 89.59 
42.76 6.32 -4.27 -82.78  5.01 -3.20 2.91  0.75 1.10 9.92  91.68 88.61 90.53 
42.86 2.70 -1.24 -70.22  7.56 -1.58 1.24  0.24 0.51 10.83  91.71 89.05 90.23 
42.96 1.86 -2.55 -68.79  1.43 -6.39 1.09  0.43 0.31 9.69  91.06 89.13 90.10 
43.06 5.89 -3.61 -76.96  5.42 -5.51 -3.54  0.63 1.02 9.89  92.18 88.42 89.37 
43.16 6.59 -2.95 -77.96  11.35 -13.96 1.83  0.51 1.14 9.85  91.43 88.67 90.24 
43.27 4.91 0.21 -66.23  3.82 0.15 -7.26  -0.04 0.90 10.51  91.80 89.81 89.17 
43.37 6.63 -2.65 -75.38  -5.83 -3.91 -9.24  0.47 1.18 10.12  92.05 88.93 88.31 
43.47 5.43 -2.59 -76.32  4.23 -11.54 -6.56  0.43 0.90 9.49  92.28 88.71 88.69 
43.57 5.33 -3.62 -75.42  5.12 -14.55 -5.50  0.59 0.86 9.26  92.28 88.16 89.04 
43.68 3.50 -4.89 -73.86  -0.76 -5.75 -7.37  0.82 0.59 9.61  90.50 87.59 88.12 
43.78 4.94 0.43 -68.96  3.49 9.52 0.55  -0.08 0.90 10.43  91.66 89.54 90.25 
43.88 9.96 -8.13 -87.87  -0.17 17.53 -5.21  1.49 1.80 10.28  92.36 87.27 89.28 
43.98 4.48 -8.46 -77.30  2.98 7.59 -14.32  1.57 0.82 10.51  91.76 86.60 87.76 
44.08 7.59 -4.67 -80.52  -0.16 3.43 -8.37  0.82 1.33 10.00  93.31 87.96 88.54 
44.18 7.79 -2.16 -79.94  -4.83 9.54 -1.20  0.39 1.41 10.32  93.30 89.18 89.80 
44.28 4.30 -0.82 -72.20  -5.41 14.49 0.49  0.16 0.82 10.94  91.52 89.38 89.85 
44.38 5.46 1.26 -72.66  5.81 10.68 5.64  -0.24 1.02 10.67  92.49 90.53 90.66 
44.49 8.13 8.05 -65.35  14.46 -0.25 13.22  -1.33 1.33 9.34  93.94 94.54 92.35 
44.59 5.67 2.61 -66.35  17.92 2.24 -0.39  -0.47 1.02 10.28  92.45 91.51 90.04 
44.69 8.16 1.50 -65.50  7.79 4.75 11.17  -0.27 1.49 10.40  93.61 90.38 91.52 
44.79 7.97 2.21 -64.33  -6.97 -5.13 13.97  -0.39 1.41 10.08  93.48 90.96 92.44 
44.89 4.76 2.69 -56.47  -13.90 4.47 8.61  -0.51 0.90 10.83  92.86 90.79 91.30 
44.99 4.87 2.75 -56.16  -2.42 -1.94 11.69  -0.51 0.90 10.59  93.28 90.59 91.77 
45.09 4.73 -2.25 -60.36  3.87 -3.68 3.83  0.39 0.82 9.96  91.94 89.18 90.82 
45.20 5.77 -0.21 -59.05  0.00 3.89 -1.50  0.04 1.10 10.87  92.53 89.35 89.75 
45.30 7.27 -0.68 -63.45  -1.23 -5.35 -5.47  0.12 1.26 9.85  93.33 89.60 89.05 
45.40 6.82 0.00 -63.22  -6.16 5.18 1.18  0.00 1.18 9.85  93.15 89.90 90.10 
45.50 8.59 1.63 -64.10  1.89 -2.49 1.98  -0.31 1.65 10.90  93.71 90.70 90.27 
45.60 6.58 0.44 -60.79  6.15 1.90 7.18  -0.08 1.18 10.20  93.51 89.70 91.24 
45.70 4.60 -0.22 -57.39  -0.39 2.57 4.52  0.04 0.82 10.24  92.11 90.00 90.95 
45.80 4.64 -0.88 -58.76  -4.61 -8.15 -6.66  0.16 0.82 10.16  91.79 89.81 88.86 
45.90 6.61 -0.62 -63.39  -9.91 -4.32 -5.74  0.12 1.26 10.83  93.17 89.35 88.84 
46.01 5.45 -0.65 -62.93  -5.92 -5.33 -2.00  0.12 0.98 10.28  92.02 89.23 89.65 
46.11 8.29 -1.56 -71.33  -0.21 -6.21 -3.75  0.27 1.45 9.96  92.09 89.82 89.42 
46.21 5.96 -3.19 -68.41  7.96 2.30 0.95  0.59 1.10 10.51  92.88 89.26 90.07 
46.31 5.43 1.57 -57.81  3.40 5.28 6.62  -0.35 1.22 12.79  93.19 88.27 91.18 
46.42 1.79 -0.45 -56.26  -5.70 6.51 7.97  0.08 0.31 10.04  91.54 89.61 91.42 
46.52 3.46 -3.45 -62.81  -6.76 4.20 -1.42  0.59 0.59 9.73  92.08 89.31 89.82 
46.62 2.31 0.00 -58.55  -7.07 2.08 5.11  0.00 0.43 10.71  90.91 90.09 90.75 
