2.03 5.47 3.49 -0.04  0.70 -0.60 0.17  -0.63 0.98 10.24  92.20 91.62 90.05 
2.18 4.58 3.92 0.14  0.67 -0.67 0.09  -0.71 0.82 10.28  92.00 91.71 90.02 
2.28 5.25 3.93 0.22  0.47 -0.59 0.13  -0.71 0.94 10.24  92.29 91.71 90.02 
2.38 5.02 3.70 66.39  0.42 -0.71 0.16  -0.67 0.90 10.28  92.19 91.61 90.03 
2.48 5.71 4.16 0.09  0.82 -0.40 0.13  -0.75 1.02 10.20  92.49 91.81 90.02 
2.58 5.23 2.61 0.39  0.81 -0.37 0.21  -0.47 0.94 10.28  92.28 91.14 90.04 
2.68 4.82 4.37 -0.07  0.76 -0.74 0.17  -0.78 0.86 10.24  92.10 91.91 90.03 
2.78 5.04 3.49 -0.02  0.89 -0.38 0.18  -0.63 0.90 10.24  92.20 91.52 90.03 
2.88 5.25 3.71 0.25  -0.40 0.56 -0.61  -0.67 0.94 10.24  92.29 91.62 89.89 
2.98 3.74 7.44 -0.66  -1.01 -0.10 -0.19  -1.41 0.71 10.79  91.63 93.25 89.97 
3.09 4.55 4.75 -0.16  -0.56 -1.44 0.29  -0.86 0.82 10.36  91.98 92.07 90.05 
3.19 5.29 3.74 0.28  0.41 -0.98 0.24  -0.67 0.94 10.16  92.41 91.73 90.04 
3.29 5.04 4.37 -0.00  1.00 0.18 0.46  -0.78 0.90 10.24  92.20 91.90 90.08 
3.39 4.57 4.55 0.03  1.64 -0.07 0.48  -0.82 0.82 10.32  91.99 91.99 90.08 
3.49 4.42 4.40 0.01  0.98 -1.37 -0.11  -0.78 0.78 10.16  91.93 91.92 89.98 
3.59 2.81 3.88 0.43  1.52 -2.00 -1.01  -0.71 0.51 10.40  91.23 91.69 89.82 
3.69 7.85 3.57 0.10  3.26 -1.58 -1.89  -0.63 1.37 9.96  93.42 91.56 89.67 
3.79 7.32 3.09 -0.27  4.28 0.39 -2.11  -0.55 1.29 10.08  93.19 91.35 89.63 
3.89 6.34 2.62 -0.25  2.74 -1.87 -1.89  -0.47 1.14 10.24  92.77 91.14 89.67 
4.00 5.86 3.68 -0.60  -0.80 -2.73 0.74  -0.67 1.06 10.32  92.56 91.61 90.13 
4.10 6.15 3.94 -0.55  1.41 -2.17 0.60  -0.71 1.10 10.20  92.79 91.72 90.12 
4.21 6.46 3.55 -0.40  1.59 -1.31 0.67  -0.63 1.14 10.04  92.77 91.99 90.09 
4.31 5.91 3.27 -0.58  2.23 -0.13 0.61  -0.59 1.06 10.24  92.47 91.42 90.09 
4.41 5.93 3.07 -0.39  1.40 -0.25 0.56  -0.55 1.06 10.20  92.70 91.35 90.11 
4.52 3.97 3.96 -0.45  -1.32 -3.05 -5.57  -0.75 0.75 10.75  92.33 91.39 89.30 
4.62 9.72 5.16 -1.72  3.34 0.67 -8.58  -0.90 1.69 9.85  93.45 92.57 88.37 
4.72 4.35 2.60 -0.97  1.71 1.02 1.08  -0.47 0.78 10.32  92.06 91.22 90.30 
4.82 6.10 3.26 -0.98  0.05 -0.94 0.34  -0.59 1.10 10.28  92.66 91.42 90.06 
4.93 7.89 4.88 -1.49  1.93 1.59 3.06  -0.90 1.45 10.47  91.62 91.43 90.37 
5.03 6.29 6.02 -2.06  3.33 2.28 -0.29  -1.02 1.06 9.61  94.82 90.60 89.88 
5.14 5.04 5.67 -1.59  -5.05 -4.06 14.80  -1.02 0.90 10.24  91.71 92.75 92.21 
5.24 6.41 -1.10 2.10  8.80 30.59 13.34  0.20 1.14 10.12  91.96 87.26 92.95 
5.34 8.19 4.07 2.62  8.62 85.82 -21.02  -0.75 1.49 10.36  92.96 91.01 87.03 
5.45 9.62 18.48 3.88  15.51 138.30 -26.84  -3.14 1.57 9.26  95.20 98.07 85.16 
5.55 6.31 35.54 1.36  6.94 131.08 -37.04  -5.61 0.86 7.81  92.75 105.51 83.54 
5.65 8.46 51.82 3.57  27.94 147.84 -16.06  -8.47 0.98 6.59  93.23 111.52 86.46 
5.75 11.03 60.56 5.43  35.32 120.20 -20.20  -8.36 0.90 4.63  94.81 116.42 86.47 
5.85 11.06 72.37 4.39  7.39 18.88 -22.42  -10.94 0.67 3.41  94.82 121.58 86.09 
5.96 12.32 67.56 8.26  -2.21 11.80 -5.82  -11.57 1.02 4.67  95.49 120.65 88.59 
6.06 12.74 66.87 8.88  3.22 -1.44 6.47  -10.83 1.02 4.51  95.56 119.18 91.13 
6.16 11.09 67.59 6.45  5.19 -6.67 5.38  -9.89 0.78 4.00  93.82 119.45 90.90 
6.26 14.55 67.85 9.55  0.50 -3.57 2.79  -10.36 1.06 4.08  96.35 119.61 90.49 
6.36 14.42 66.80 8.89  -8.07 -15.98 3.99  -9.92 1.06 4.12  96.59 119.62 90.60 
6.46 11.98 63.02 7.82  -10.75 -34.53 6.33  -10.40 1.10 5.18  95.23 117.50 91.10 
6.57 6.58 52.64 4.76  -18.83 -95.34 17.91  -9.41 0.82 7.14  93.24 114.22 92.51 
6.67 4.13 41.15 2.19  -11.89 -118.69 28.46  -6.67 0.55 7.61  92.28 110.00 95.17 
6.78 5.95 28.43 4.07  -12.64 -102.45 18.03  -5.53 1.06 10.16  92.97 103.87 92.61 
6.88 3.58 9.68 4.33  -18.03 -70.52 16.66  -1.61 0.59 9.41  91.56 94.22 92.91 
6.98 4.65 10.51 1.46  -4.07 -4.15 -4.27  -1.88 0.82 10.12  91.86 94.35 89.46 
7.09 1.92 12.97 -0.19  1.72 -2.28 0.39  -2.43 0.35 10.55  90.65 95.97 89.93 
7.19 3.66 9.79 1.21  -3.68 1.07 3.17  -1.80 0.67 10.43  91.51 93.83 90.55 
7.30 4.36 9.32 1.14  1.10 -15.24 -0.77  -1.61 0.75 9.77  91.74 94.02 89.86 
7.40 4.62 8.95 0.32  0.38 -19.11 2.75  -1.69 0.86 10.67  91.79 93.92 90.41 
7.50 3.58 2.90 1.23  0.69 -29.31 2.96  -0.51 0.63 10.04  91.51 91.98 90.57 
7.60 4.83 5.44 0.00  6.23 6.53 -4.01  -1.02 0.90 10.67  91.74 92.29 89.31 
7.71 4.81 3.46 0.37  12.55 -12.72 -1.31  -0.71 0.98 11.65  92.14 91.78 89.84 
7.81 5.06 2.77 -0.56  60.79 -16.97 -4.28  -0.67 1.22 13.73  92.16 90.86 89.20 
7.92 15.98 -2.66 -2.16  98.70 -12.46 -14.18  0.47 2.79 9.73  96.51 88.74 87.84 
8.02 23.39 3.08 -10.20  70.10 -40.35 -12.73  -0.51 3.77 8.71  100.86 91.12 87.38 
8.12 32.25 -1.58 -11.54  52.34 -38.56 4.15  0.27 5.30 8.39  104.15 89.48 90.44 
8.22 41.54 -13.84 -10.96  52.93 -7.24 -1.25  2.04 5.49 6.20  108.13 83.96 89.78 
8.33 49.95 -6.70 -15.15  34.02 23.73 -11.82  0.98 6.39 5.37  112.14 85.90 87.83 
8.43 45.52 -4.67 -13.38  11.06 1.69 -3.66  0.75 6.51 6.39  110.55 87.95 89.20 
8.53 40.80 -5.91 -11.82  2.00 4.95 -0.95  1.02 6.43 7.45  108.43 87.39 89.89 
8.64 38.66 -5.31 -10.36  -0.22 7.28 -1.95  0.98 6.59 8.24  107.38 87.76 89.73 
8.74 39.45 -4.02 -10.49  -3.45 0.39 -4.80  0.75 6.75 8.20  107.33 88.52 89.23 
8.84 41.14 -2.61 -11.69  -1.46 0.35 -4.54  0.47 6.79 7.77  107.42 88.96 89.23 
8.94 42.66 -0.44 -12.73  -2.38 -2.85 -2.27  0.08 6.90 7.49  108.61 89.81 89.60 
9.05 43.42 -2.46 -11.79  1.28 0.52 1.30  0.43 6.90 7.30  108.89 88.75 90.26 
9.15 43.37 -3.45 -11.32  -2.30 0.11 2.83  0.59 6.71 7.10  107.92 88.74 90.46 
9.25 45.68 -4.33 -10.75  -8.59 0.55 2.81  0.71 6.67 6.51  109.19 88.32 90.48 
9.35 40.48 -3.08 -10.19  -9.74 5.61 -1.64  0.55 6.63 7.77  107.52 88.71 89.71 
9.45 35.73 -1.84 -9.84  -7.95 2.28 -2.87  0.35 6.43 8.94  106.36 89.19 89.51 
9.55 43.26 -3.19 -10.33  -4.20 6.61 -0.77  0.51 6.28 6.67  108.47 88.86 89.80 
9.66 38.87 1.35 -11.52  -43.39 -19.78 4.55  -0.20 5.22 6.47  108.97 90.35 90.50 
9.76 32.66 -5.24 -9.07  -74.08 36.76 5.01  0.67 3.92 6.12  104.39 88.53 91.14 
9.86 18.10 4.49 -6.12  -66.62 70.32 -10.76  -0.82 3.26 9.96  98.43 91.02 88.27 
9.97 14.25 10.97 -2.55  -50.29 28.23 -17.78  -2.47 3.14 12.36  95.86 94.91 86.85 
10.07 13.54 12.78 -2.82  -26.48 7.50 -5.33  -2.47 2.55 10.59  95.36 95.58 88.93 
10.17 10.18 12.80 -2.35  -16.84 3.04 -6.76  -2.47 1.92 10.71  94.75 95.65 88.84 
10.27 7.93 14.33 -3.50  -4.17 -7.87 -1.88  -2.90 1.57 11.26  93.46 96.25 89.67 
10.38 10.09 11.18 -2.42  9.26 -0.88 1.86  -2.08 1.84 10.36  94.08 94.94 90.39 
10.48 11.22 12.82 -3.54  7.62 6.51 0.16  -2.16 1.84 9.30  94.79 95.20 90.03 
10.58 12.50 13.60 -3.32  -1.19 -0.81 2.35  -2.24 2.00 9.02  94.96 95.76 90.40 
10.69 12.15 13.12 -2.33  -10.47 9.53 5.81  -2.43 2.20 10.20  95.31 96.20 91.01 
10.79 9.36 13.55 -2.42  -12.64 -79.53 19.82  -3.37 2.28 13.81  94.29 95.73 92.75 
10.89 11.46 3.73 -9.13  6.03 -227.89 52.93  -0.78 2.39 11.81  95.00 91.63 99.24 
10.99 4.21 -36.06 4.95  24.12 -189.52 67.64  4.67 0.47 6.39  90.70 74.78 101.88 
11.10 2.29 -61.19 9.36  28.88 -122.88 58.04  7.14 0.16 3.92  92.01 66.38 100.46 
11.20 -2.82 -74.68 18.41  20.59 -34.86 35.71  8.75 -0.12 2.39  90.00 58.70 96.80 
11.30 -5.49 -66.82 18.47  2.63 16.33 7.54  9.57 -0.39 4.08  87.39 59.18 91.86 
11.41 -1.67 -58.08 11.55  -1.86 22.49 -11.17  8.63 -0.16 5.37  89.09 64.49 88.30 
11.51 0.67 -49.35 4.97  -4.02 17.03 -16.63  7.77 0.08 6.67  90.29 68.47 87.10 
11.61 7.27 -52.53 1.49  4.07 -0.75 -11.90  7.69 0.75 5.84  92.27 68.53 87.82 
11.71 6.46 -49.29 0.22  4.39 1.58 -11.40  7.30 0.71 6.24  92.73 68.94 87.94 
11.81 9.17 -47.50 -2.11  5.09 16.40 -7.74  6.98 1.02 6.32  93.55 70.05 88.44 
11.92 7.34 -47.12 0.85  -4.53 27.96 -4.67  6.94 0.82 6.39  93.97 69.09 89.17 
12.02 6.67 -42.92 0.37  2.32 60.44 -8.67  6.90 0.86 7.37  92.39 70.07 88.70 
12.12 7.35 -37.71 2.23  -3.59 100.60 -23.11  5.69 0.94 7.30  93.83 72.18 86.16 
12.23 9.37 -23.62 -3.04  -1.68 158.77 -41.71  3.37 1.26 7.61  94.46 77.98 82.99 
12.33 8.64 2.94 -4.43  -18.81 140.06 -48.81  -0.51 1.49 9.81  93.20 90.40 81.40 
12.43 6.56 11.83 -1.58  -9.28 43.81 -24.52  -2.59 1.41 12.28  92.91 95.09 85.18 
12.53 7.20 10.07 -0.05  0.20 -0.87 -6.75  -2.00 1.41 11.18  92.90 94.54 88.65 
12.64 6.72 9.64 0.21  4.96 1.90 -1.08  -1.77 1.22 10.32  92.86 94.15 89.78 
12.74 7.53 7.24 1.23  -2.63 -9.32 3.42  -1.22 1.26 9.49  92.83 93.41 90.53 
12.84 6.67 5.72 1.33  -5.68 -7.02 1.86  -0.98 1.14 9.73  92.57 92.26 90.43 
12.94 6.51 8.24 -0.44  -3.93 6.73 -0.37  -1.45 1.14 9.96  92.62 93.56 89.85 
13.05 5.14 6.39 1.21  -7.18 -6.55 5.36  -1.18 0.94 10.47  92.30 93.11 90.87 
13.15 3.88 5.90 1.76  -5.36 2.00 1.51  -1.14 0.75 10.98  91.89 92.69 90.24 
13.25 2.75 5.06 2.25  -2.13 -1.79 1.16  -0.94 0.51 10.63  91.68 92.23 90.26 
13.35 4.74 6.29 1.32  1.52 -0.44 -0.88  -1.10 0.82 9.92  91.07 92.60 89.89 
13.46 4.16 6.97 1.16  0.76 -0.25 -0.76  -1.26 0.75 10.24  91.83 93.16 89.84 
13.56 3.47 6.47 1.60  -0.33 0.67 0.47  -1.18 0.63 10.36  91.51 92.82 90.08 
13.66 3.93 5.65 1.97  1.68 0.90 0.46  -1.02 0.71 10.28  91.64 92.78 90.08 
13.76 4.01 6.42 1.72  0.57 0.28 -1.46  -1.14 0.71 10.08  91.66 92.81 89.78 
13.86 3.98 7.89 1.01  -0.26 -3.32 0.92  -1.41 0.71 10.16  91.98 93.56 90.11 
13.97 3.48 6.07 1.94  1.01 -1.99 1.33  -1.10 0.63 10.32  91.51 92.92 90.26 
14.07 3.55 6.18 1.90  1.52 -0.46 -0.43  -1.10 0.63 10.12  91.43 92.37 89.94 
14.17 3.46 6.23 1.60  -0.43 -0.26 -1.08  -1.14 0.63 10.40  91.71 92.83 89.86 
14.27 3.38 6.72 1.68  1.41 4.12 -1.11  -1.26 0.63 10.63  91.47 92.93 89.81 
14.37 3.96 7.65 1.41  1.45 1.83 -1.71  -1.37 0.71 10.20  91.54 92.97 89.75 
14.48 3.54 6.81 1.62  2.82 -4.48 0.60  -1.22 0.63 10.16  91.32 92.91 90.11 
14.58 3.54 7.03 1.43  3.42 1.21 -0.84  -1.26 0.63 10.16  91.73 93.26 89.82 
14.68 4.62 6.78 1.26  1.93 0.79 -1.14  -1.22 0.82 10.20  91.74 92.79 89.82 
14.78 4.30 7.90 1.04  0.61 0.34 -1.68  -1.45 0.78 10.43  91.99 93.30 89.67 
14.89 5.19 8.16 0.53  1.25 0.95 -0.92  -1.49 0.94 10.36  91.89 93.38 89.80 
14.99 4.38 7.62 1.11  0.12 -1.07 0.51  -1.37 0.78 10.24  92.13 93.26 90.05 
15.09 3.71 8.24 0.77  0.48 -0.18 0.63  -1.49 0.67 10.28  91.70 93.29 90.12 
15.19 3.59 6.25 2.06  0.29 -1.48 1.13  -1.10 0.63 10.00  91.66 92.53 90.29 
15.30 3.43 7.67 1.25  -1.55 -0.49 -0.58  -1.41 0.63 10.47  91.72 93.32 89.87 
15.40 4.55 6.89 1.50  1.43 0.09 -1.41  -1.26 0.82 10.36  91.79 93.09 89.79 
15.50 4.56 8.14 0.91  3.26 3.23 -2.34  -1.41 0.78 9.85  91.96 93.12 89.69 
15.60 4.95 8.26 1.18  -2.21 0.25 -1.05  -1.45 0.86 9.96  92.08 93.54 89.82 
15.70 4.35 7.56 1.31  -1.02 1.42 -0.03  -1.37 0.78 10.32  91.80 93.67 89.97 
15.81 4.33 7.96 1.06  1.33 0.92 -0.01  -1.45 0.78 10.36  91.70 93.66 89.95 
15.91 3.99 7.49 1.52  1.93 2.73 -2.61  -1.33 0.71 10.12  92.04 92.99 89.64 
16.01 4.60 9.33 0.37  -1.16 -2.42 -0.70  -1.69 0.82 10.24  92.01 94.07 89.76 
16.11 4.32 8.14 0.72  0.12 0.50 0.54  -1.49 0.78 10.40  91.84 93.27 90.09 
16.21 4.05 8.05 1.03  1.16 -1.83 0.38  -1.41 0.71 9.96  91.68 93.33 90.13 
16.32 4.16 7.83 1.01  0.20 -2.49 0.25  -1.41 0.75 10.24  91.54 93.62 90.04 
16.42 3.67 7.72 1.03  0.30 0.00 -0.20  -1.41 0.67 10.40  91.61 93.21 90.00 
16.52 3.29 8.48 0.61  -0.22 -2.09 0.25  -1.53 0.59 10.24  91.91 93.88 90.02 
16.62 3.93 6.73 1.49  1.11 -1.17 0.88  -1.22 0.71 10.28  91.89 93.19 90.20 
16.72 3.89 8.56 0.65  1.71 1.98 -0.81  -1.57 0.71 10.40  91.80 93.67 89.85 
16.82 4.37 8.44 0.80  0.34 -5.87 1.69  -1.53 0.78 10.28  91.90 93.78 90.25 
16.92 4.34 9.40 -0.01  -1.72 -10.68 4.79  -1.80 0.82 10.87  92.08 94.03 90.68 
17.02 4.27 6.16 0.99  -1.79 -36.25 14.26  -1.14 0.78 10.51  91.86 92.69 92.49 
17.12 4.02 2.36 -0.08  -6.82 -97.55 30.58  -0.39 0.67 9.49  92.09 92.47 94.94 
17.23 3.38 -6.49 -0.67  1.07 -84.60 25.99  1.06 0.55 9.30  91.40 87.80 94.44 
17.33 0.73 -15.75 3.59  3.54 -91.28 32.06  2.59 0.12 9.18  91.42 84.41 95.29 
17.43 0.24 -23.08 3.80  5.01 -66.51 23.30  3.96 0.04 9.30  90.10 80.42 94.17 
17.53 -0.82 -33.43 8.48  11.57 -49.82 19.15  5.41 -0.12 8.20  90.11 77.02 93.49 
17.63 -2.48 -38.82 11.38  6.35 -6.94 6.43  5.84 -0.31 7.26  88.92 73.06 91.12 
17.73 -1.51 -31.47 7.70  2.84 -1.34 -2.35  5.45 -0.24 8.90  89.11 75.93 89.65 
17.83 0.23 -27.12 3.63  3.54 -16.84 -2.07  4.98 0.04 9.73  90.20 77.72 89.59 
17.93 1.86 -32.18 4.17  4.61 -46.85 11.75  5.33 0.27 8.47  90.81 76.51 92.05 
18.03 1.55 -39.40 5.84  14.18 -38.20 21.10  5.96 0.20 7.26  91.21 72.89 93.56 
18.14 -1.04 -47.94 11.82  8.51 -26.17 18.58  7.22 -0.12 6.51  89.85 69.79 93.35 
18.24 -5.46 -47.04 15.39  1.51 1.68 3.40  7.53 -0.67 6.98  87.90 69.46 90.86 
18.34 -3.95 -39.14 10.56  3.35 18.62 -7.94  6.94 -0.59 8.51  88.00 71.24 88.85 
18.45 0.29 -38.83 7.11  -1.71 5.03 -10.19  6.32 0.04 7.85  89.87 72.19 88.19 
18.55 3.41 -47.31 8.34  -2.34 26.27 -6.18  6.43 0.35 5.92  91.31 69.51 88.99 
18.65 0.61 -38.17 9.52  -10.01 74.32 -12.64  5.77 0.08 7.34  90.28 72.43 87.99 
18.75 -1.36 -20.38 4.80  -17.96 110.96 -28.35  3.69 -0.24 9.92  89.89 79.53 85.23 
18.86 0.21 -9.19 4.35  2.78 76.59 -30.35  1.77 0.04 10.90  90.08 87.16 84.47 
18.96 0.89 -4.87 4.47  2.10 58.11 -25.72  0.86 0.16 10.12  90.19 87.56 85.45 
19.06 3.09 2.43 2.76  -1.72 28.32 -18.26  -0.43 0.55 10.16  91.23 91.41 86.60 
19.16 3.86 5.97 1.98  8.39 35.70 -19.09  -1.10 0.71 10.47  91.66 92.30 86.73 
19.26 4.78 9.47 1.78  5.94 24.97 -17.99  -1.73 0.86 10.32  91.66 93.67 86.82 
19.36 3.49 11.62 1.20  -5.53 8.30 -5.62  -2.12 0.63 10.28  91.44 94.91 88.97 
19.47 2.18 8.00 2.51  -8.10 -4.45 1.16  -1.45 0.39 10.32  91.03 94.00 90.01 
19.57 0.22 3.92 3.89  -5.78 -10.26 -0.03  -0.71 0.04 10.32  90.19 91.83 90.32 
19.67 0.00 8.40 2.34  11.03 -6.91 -0.11  -1.53 0.00 10.36  91.91 93.69 89.94 
19.77 4.07 10.79 1.28  8.90 -11.89 -2.18  -2.00 0.75 10.47  91.81 93.49 89.63 
19.87 2.72 6.24 2.78  1.24 -14.06 3.66  -1.18 0.51 10.75  90.67 93.04 90.57 
19.97 1.90 4.20 2.52  8.88 7.25 0.39  -0.78 0.35 10.67  90.68 91.55 90.23 
20.07 1.61 1.61 3.04  1.48 -12.64 2.14  -0.27 0.27 9.77  89.61 91.67 90.48 
20.17 3.62 1.91 2.37  2.23 -0.55 1.60  -0.35 0.67 10.55  91.39 90.99 90.29 
20.28 4.71 6.60 1.01  8.42 -3.53 1.77  -1.22 0.86 10.47  91.31 92.90 90.31 
20.38 1.64 6.36 1.31  11.52 -30.42 11.13  -1.37 0.35 12.32  93.30 91.35 91.85 
20.48 3.41 -2.27 3.80  6.90 5.04 -1.17  0.39 0.59 9.89  92.41 89.81 89.96 
20.58 6.85 4.84 2.00  8.31 6.69 0.04  -0.86 1.22 10.12  93.02 92.80 89.85 
20.68 4.73 1.50 2.92  0.53 -0.93 1.01  -0.27 0.86 10.43  91.87 90.93 90.31 
20.78 6.34 4.14 2.31  -0.05 -0.73 0.62  -0.75 1.14 10.24  92.48 91.52 90.03 
20.89 6.29 3.14 2.47  2.41 1.13 -1.24  -0.55 1.10 9.96  92.14 91.17 89.83 
20.99 6.15 3.06 2.68  4.68 6.82 -1.96  -0.55 1.10 10.20  92.46 91.23 89.72 
21.09 9.32 10.46 1.18  6.84 11.13 -7.23  -1.92 1.69 10.28  94.22 92.85 88.57 
21.19 7.13 8.30 1.47  -15.22 -26.14 5.86  -1.57 1.33 10.67  93.16 92.93 90.84 
21.29 5.86 6.03 2.06  -5.12 -8.46 -2.93  -1.14 1.10 10.71  92.32 91.35 89.41 
21.39 5.39 4.72 0.93  -12.07 -17.87 0.52  -0.86 0.98 10.40  92.78 92.76 89.82 
21.49 2.00 0.67 1.40  -14.39 -20.69 6.11  -0.12 0.35 10.12  90.87 90.29 91.07 
21.59 3.35 0.42 -0.56  -1.82 -4.76 3.80  -0.08 0.63 10.71  90.79 89.21 90.70 
21.70 -1.32 -8.31 1.98  15.69 18.24 -4.99  1.49 -0.24 10.20  90.40 86.72 89.28 
21.80 6.64 2.89 -1.48  21.54 27.03 -9.35  -0.55 1.26 10.79  91.04 91.22 88.49 
21.90 5.53 1.77 -0.68  1.88 0.07 -0.06  -0.31 0.98 10.12  92.70 91.06 89.99 
22.00 3.22 -0.21 -0.03  -6.64 -11.66 -11.10  0.04 0.59 10.47  92.04 90.46 88.47 
22.11 5.47 3.06 -2.84  -0.53 -2.84 -8.54  -0.55 0.98 10.24  92.41 91.16 88.51 
22.21 5.21 3.03 -2.88  4.79 6.05 3.14  -0.55 0.94 10.32  93.05 91.61 90.68 
22.31 7.31 4.36 -3.56  4.80 4.24 6.17  -0.82 1.37 10.71  93.19 91.90 91.08 
22.41 1.73 -5.60 -1.10  2.08 1.14 13.33  1.02 0.31 10.40  90.74 87.59 92.33 
22.51 6.77 1.53 -3.11  4.61 2.11 -3.63  -0.27 1.22 10.24  92.18 91.04 89.51 
22.61 7.24 4.28 -4.05  2.62 -1.48 -6.22  -0.75 1.26 9.89  92.96 91.87 88.86 
22.71 6.18 4.03 -4.31  -1.02 -0.95 -4.90  -0.75 1.14 10.51  92.78 91.75 89.05 
22.81 6.29 2.69 -3.86  2.83 -1.22 1.25  -0.47 1.10 9.96  92.71 91.16 90.25 
22.91 5.96 3.19 -4.11  -1.31 -0.14 0.37  -0.59 1.10 10.51  92.38 91.42 90.09 
23.02 6.29 3.36 -4.05  2.05 -0.53 0.11  -0.59 1.10 9.96  92.86 91.52 90.04 
23.12 6.08 3.25 -4.23  0.45 -0.66 0.22  -0.59 1.10 10.32  92.77 91.52 90.07 
23.22 6.66 3.32 -4.31  1.58 -0.76 0.01  -0.59 1.18 10.08  92.77 91.43 90.01 
23.32 6.15 2.63 -3.87  0.40 -0.47 0.13  -0.47 1.10 10.20  92.79 91.63 90.02 
23.42 6.68 2.89 -4.12  1.16 -0.88 0.15  -0.51 1.18 10.04  92.78 91.43 90.04 
23.52 6.12 3.05 -3.79  0.53 -0.27 0.18  -0.55 1.10 10.24  92.67 91.33 90.04 
23.62 6.34 3.70 -4.20  0.43 -0.17 0.27  -0.67 1.14 10.24  92.77 91.62 90.05 
23.73 6.39 2.86 -3.88  -0.14 -0.64 0.21  -0.51 1.14 10.16  93.11 91.36 90.07 
23.83 6.36 4.15 -4.52  -0.43 0.23 0.54  -0.75 1.14 10.20  92.88 91.82 90.05 
23.93 6.17 2.86 -4.08  -0.39 -0.57 0.73  -0.51 1.10 10.16  92.50 91.15 90.12 
24.03 6.63 2.87 -4.05  -1.60 0.18 1.30  -0.51 1.18 10.12  92.92 91.16 90.18 
24.13 5.91 5.88 -4.55  -2.58 0.87 2.49  -1.06 1.06 10.24  92.65 92.36 90.39 
24.23 5.91 4.14 -3.57  -1.62 0.32 3.77  -0.75 1.06 10.24  92.63 91.98 90.63 
24.33 4.55 3.67 -3.84  -2.26 -0.05 1.76  -0.67 0.82 10.36  91.98 91.60 90.31 
24.46 4.57 3.69 -3.48  0.23 0.60 0.05  -0.67 0.82 10.32  91.99 91.61 90.01 
24.59 5.51 4.83 -3.81  2.19 -0.42 -1.35  -0.86 0.98 10.16  92.41 92.11 89.76 
24.72 5.04 3.93 -3.56  0.57 -0.46 -0.16  -0.71 0.90 10.24  92.20 91.71 89.97 
24.85 4.55 3.89 -3.31  0.69 -0.26 -0.18  -0.71 0.82 10.36  91.98 91.70 89.97 
24.95 4.82 4.37 -3.83  1.16 -0.80 -0.74  -0.78 0.86 10.24  92.10 91.91 89.87 
25.06 4.82 4.58 -3.86  1.52 -0.40 -1.46  -0.82 0.86 10.24  92.11 91.72 89.74 
25.16 5.23 4.13 -3.70  1.71 -0.63 -2.02  -0.75 0.94 10.28  92.21 91.53 89.66 
25.26 5.82 4.29 66.39  1.41 -0.79 -1.59  -0.78 1.06 10.40  92.66 91.71 89.71 
25.36 5.91 4.36 -3.85  1.11 -0.81 -0.03  -0.78 1.06 10.24  92.69 91.72 89.97 
25.46 5.71 4.16 -3.97  1.02 -0.89 0.52  -0.75 1.02 10.20  92.46 91.70 90.07 
25.56 5.23 4.13 -4.25  1.26 -0.60 0.81  -0.75 0.94 10.28  92.28 91.99 90.13 
25.66 5.53 3.75 -3.91  1.65 -0.86 1.07  -0.67 0.98 10.12  92.21 91.53 90.22 
25.76 5.43 4.11 -4.04  0.71 -0.83 0.76  -0.75 0.98 10.32  92.37 91.79 90.13 
25.86 5.27 3.73 -3.84  0.61 -1.09 0.46  -0.67 0.94 10.20  92.39 91.52 90.09 
25.97 5.91 3.71 -3.75  0.39 -0.79 0.55  -0.67 1.06 10.24  92.47 91.61 90.08 
26.07 4.78 3.69 -3.93  0.52 -0.78 0.11  -0.67 0.86 10.32  92.39 91.52 90.01 
26.17 5.21 3.68 -3.58  0.80 -0.93 0.04  -0.67 0.94 10.32  92.28 91.61 90.01 
26.27 5.45 3.48 -3.78  0.85 -0.60 0.01  -0.63 0.98 10.28  92.41 91.73 90.01 
26.37 5.41 4.10 -4.05  0.77 -0.72 0.17  -0.75 0.98 10.36  92.37 91.70 90.04 
26.47 5.45 3.70 -3.84  0.86 -0.69 0.26  -0.67 0.98 10.28  92.39 91.62 90.02 
26.57 5.69 3.93 -3.95  0.58 -0.47 0.23  -0.71 1.02 10.24  92.39 91.90 90.04 
26.68 5.21 3.68 -3.76  0.81 -0.31 0.06  -0.67 0.94 10.32  92.48 91.71 90.02 
26.78 5.27 4.16 -4.08  0.92 -0.51 -0.21  -0.75 0.94 10.20  92.11 91.44 89.98 
26.88 5.91 4.14 -4.17  0.95 -0.46 -0.67  -0.75 1.06 10.24  92.47 91.61 89.88 
26.98 5.88 3.69 -3.95  1.12 -0.32 -0.39  -0.67 1.06 10.28  92.59 91.62 89.95 
27.08 5.91 4.14 66.39  0.39 -0.57 0.10  -0.75 1.06 10.24  92.58 91.81 90.02 
27.18 5.97 4.63 -4.33  1.36 -1.02 0.75  -0.82 1.06 10.12  92.55 91.88 90.12 
27.28 5.39 3.23 -3.65  0.84 -1.00 0.82  -0.59 0.98 10.40  92.49 91.53 90.16 
27.38 5.07 3.08 -3.68  0.47 -0.52 0.62  -0.55 0.90 10.16  92.32 91.45 90.13 
27.48 5.00 3.90 -4.13  0.81 -0.48 0.17  -0.71 0.90 10.32  92.20 91.62 90.00 
27.59 5.27 3.51 -4.06  1.10 -0.50 0.12  -0.63 0.94 10.20  92.48 91.52 90.03 
27.69 5.31 4.19 -4.04  0.66 -0.66 -0.08  -0.75 0.94 10.12  92.41 91.73 89.98 
27.79 5.06 4.16 -4.29  0.54 -0.40 0.09  -0.75 0.90 10.20  92.30 91.72 90.02 
27.90 5.27 3.94 -3.89  0.98 -0.53 0.12  -0.71 0.94 10.20  92.39 91.71 90.03 
28.00 5.45 3.91 -4.38  0.57 -0.66 0.13  -0.71 0.98 10.28  92.33 91.58 90.05 
28.10 5.02 3.70 -4.03  0.63 -0.64 0.24  -0.67 0.90 10.28  92.29 91.71 90.05 
28.20 5.67 4.13 -4.05  0.71 -0.49 0.06  -0.75 1.02 10.28  92.39 91.81 90.00 
28.30 4.65 4.20 -3.94  0.88 -0.43 -0.07  -0.75 0.82 10.12  92.49 91.72 89.99 
28.40 5.14 3.84 -4.06  0.94 -0.19 -0.47  -0.71 0.94 10.47  92.11 91.53 89.91 
28.50 5.62 4.31 -4.02  0.92 -0.09 -0.46  -0.78 1.02 10.36  92.45 91.88 89.92 
28.60 5.41 4.10 -4.28  0.45 -0.37 -0.65  -0.75 0.98 10.36  92.76 91.61 89.90 
28.70 6.36 4.37 -4.60  1.18 -0.29 -0.18  -0.78 1.14 10.20  92.77 91.90 89.94 
28.80 6.89 5.56 -4.74  -1.07 -0.11 1.21  -1.02 1.26 10.40  92.83 92.07 90.14 
28.90 4.89 3.11 -3.86  -2.80 -2.65 2.00  -0.55 0.86 10.08  92.68 91.72 90.39 
29.01 3.70 6.35 -4.87  0.65 0.19 0.50  -1.22 0.71 10.90  92.48 93.52 89.98 
29.11 4.91 3.56 -3.75  -1.22 -0.32 0.29  -0.63 0.86 10.04  92.50 91.82 89.93 
29.21 5.80 3.56 -3.86  2.51 -0.95 -0.38  -0.63 1.02 10.04  92.33 91.45 89.92 
29.31 4.80 3.27 -4.21  0.24 -0.16 0.42  -0.59 0.86 10.28  92.10 91.53 90.07 
29.41 4.62 3.29 -4.12  0.60 -0.94 0.39  -0.59 0.82 10.20  92.29 91.43 90.08 
29.51 4.78 3.69 -4.18  0.44 -0.50 -0.14  -0.67 0.86 10.32  92.02 91.54 89.98 
29.62 5.06 3.94 -4.45  1.16 -0.40 -0.09  -0.71 0.90 10.20  92.01 91.53 89.98 
29.72 5.00 3.90 -4.05  0.70 0.05 -0.19  -0.71 0.90 10.32  92.09 91.70 89.96 
