2.15 -8.91 2.53 3.29  1.67 -4.00 -2.66  -0.47 -1.65 10.51  86.08 91.60 90.16 
2.29 -4.38 0.00 -10.87  0.90 -1.48 -0.15  0.00 -0.75 9.73  88.09 90.00 89.97 
2.40 -6.52 1.16 -1.75  2.11 -1.20 -2.00  -0.20 -1.10 9.61  86.65 90.71 89.64 
2.50 -9.71 1.93 3.47  1.26 2.43 1.36  -0.35 -1.77 10.32  85.73 90.66 90.49 
2.60 -5.82 0.45 -5.13  3.83 -4.03 2.39  -0.08 -1.02 10.00  87.84 90.20 89.87 
2.70 -7.07 2.20 3.70  3.58 0.46 -1.57  -0.39 -1.26 10.12  86.49 90.97 89.83 
2.80 -5.73 1.10 -2.33  4.31 0.52 -3.50  -0.20 -1.02 10.16  87.28 90.49 89.53 
2.90 -4.01 1.56 -4.24  10.91 6.72 1.08  -0.27 -0.71 10.08  87.76 90.81 90.53 
3.01 0.83 2.28 -13.06  19.81 1.54 6.09  -0.43 0.16 10.83  89.46 91.45 91.35 
3.11 -14.45 2.42 10.65  5.59 9.97 15.43  -0.39 -2.31 8.98  83.77 90.76 93.44 
3.21 -4.20 0.00 -4.74  2.74 -10.66 -0.23  0.00 -0.71 9.61  87.91 90.67 89.63 
3.31 -17.59 4.87 15.42  -4.72 8.08 -30.24  -0.86 -3.06 9.65  81.35 92.56 86.15 
3.41 -0.70 3.24 -11.85  15.44 6.69 -33.95  -0.55 -0.12 9.69  88.43 91.67 84.02 
3.51 6.15 5.36 -25.24  116.35 -50.85 2.90  -1.37 1.57 14.55  91.69 94.51 89.36 
3.61 5.16 1.66 -16.09  8.61 -10.67 -3.00  -0.35 1.10 12.16  89.83 91.62 89.72 
3.71 -3.08 3.52 -3.07  3.65 -3.48 18.13  -0.63 -0.55 10.20  89.90 91.05 92.98 
3.82 0.22 0.00 -14.03  -4.17 -5.06 16.04  0.00 0.04 10.00  90.67 89.62 92.43 
3.92 -1.85 1.03 -5.86  -7.67 6.89 6.14  -0.20 -0.35 10.90  89.54 89.91 90.80 
4.02 -5.56 3.32 3.41  -5.57 5.65 5.55  -0.59 -0.98 10.08  87.34 91.28 91.26 
4.12 -2.54 2.54 -5.48  -5.15 2.62 8.72  -0.47 -0.47 10.59  89.55 91.27 91.44 
4.22 -4.60 1.09 -5.17  -3.47 2.21 9.80  -0.20 -0.82 10.24  87.99 90.38 91.86 
4.32 -7.10 2.57 -0.18  -1.39 5.43 1.16  -0.47 -1.29 10.40  86.30 91.38 90.81 
4.42 -2.61 1.74 -9.55  2.49 4.24 -9.88  -0.31 -0.47 10.32  88.46 91.06 88.22 
4.52 -6.22 3.98 1.45  -1.81 1.17 -5.79  -0.71 -1.10 10.08  86.41 91.64 89.45 
4.62 -6.87 4.11 0.19  -2.62 -2.02 -4.65  -0.71 -1.18 9.77  86.85 91.86 89.47 
4.72 -4.20 4.40 -4.74  0.12 -0.81 -8.15  -0.78 -0.75 10.16  87.32 92.29 88.83 
4.82 -5.91 4.31 -2.59  -1.99 -0.48 -3.83  -0.75 -1.02 9.85  86.85 92.15 89.69 
4.93 -5.64 3.15 -7.01  -2.00 -0.94 -0.88  -0.55 -0.98 9.92  87.33 91.48 89.89 
5.03 -5.69 4.36 -4.93  -2.76 1.27 -3.19  -0.78 -1.02 10.24  87.21 91.72 89.50 
5.13 -6.51 4.75 -3.07  -1.90 -0.59 -0.61  -0.86 -1.18 10.32  87.07 91.88 89.90 
5.23 -6.02 6.18 -1.14  1.96 -1.77 2.97  -1.26 -1.22 11.53  87.68 92.31 90.65 
5.33 -7.75 4.58 -2.34  -4.37 -3.15 6.90  -0.86 -1.45 10.67  87.24 91.74 91.13 
5.43 -4.97 1.58 -12.84  -4.06 2.42 1.85  -0.27 -0.86 9.92  88.31 90.30 89.71 
5.53 -2.86 1.76 -16.91  4.23 -5.07 -5.21  -0.31 -0.51 10.20  88.39 91.23 88.88 
5.63 -5.69 1.89 -9.18  -1.09 -12.01 -2.11  -0.31 -0.94 9.45  86.94 91.28 89.95 
5.73 -6.57 2.11 -6.91  -2.93 -3.01 0.55  -0.35 -1.10 9.53  87.01 90.99 90.10 
5.84 -7.58 4.10 -1.97  0.69 0.44 2.50  -0.75 -1.37 10.32  87.96 91.30 90.37 
5.94 -5.31 3.09 -8.53  3.57 -0.52 1.96  -0.55 -0.94 10.12  87.80 90.95 90.13 
6.04 -2.23 5.55 -8.08  10.54 -0.10 5.00  -0.98 -0.39 10.08  88.05 92.62 90.82 
6.14 -3.37 4.25 -7.08  3.46 4.22 12.63  -0.75 -0.59 10.00  89.09 91.91 92.06 
6.24 -11.79 3.08 2.02  10.24 1.03 13.97  -0.59 -2.24 10.71  85.37 91.01 92.80 
6.34 -7.83 1.90 -1.31  17.26 1.37 -13.56  -0.35 -1.45 10.55  86.44 90.75 87.79 
6.44 0.00 0.89 -15.96  23.24 2.62 -32.00  -0.16 0.00 10.12  88.32 90.99 84.54 
6.54 -1.80 5.77 -3.26  14.25 7.61 -43.87  -1.14 -0.35 11.26  88.20 93.12 83.37 
6.64 -2.10 0.76 -12.63  17.51 -34.14 -27.25  -0.16 -0.43 11.77  89.07 90.42 86.25 
6.74 16.49 -3.94 -60.20  -7.25 -8.43 -61.83  0.63 2.59 8.75  92.57 90.82 80.38 
6.84 0.77 -8.56 -38.97  -46.79 -30.11 -35.13  1.77 0.16 11.73  91.62 82.85 85.65 
6.95 -9.65 -5.17 -19.20  -24.12 28.66 -18.95  1.06 -1.96 11.53  84.27 89.38 86.59 
7.05 0.97 4.44 -48.04  46.22 2.62 -21.00  -0.90 0.20 11.61  92.46 91.42 87.06 
7.15 0.00 15.40 -38.52  33.10 40.03 6.14  -2.86 0.00 10.40  92.31 94.75 90.82 
7.25 15.19 16.31 -77.38  35.69 -26.71 -36.10  -2.63 2.35 8.67  96.85 96.61 82.63 
7.35 8.65 14.92 -61.46  20.05 -12.52 16.51  -2.43 1.37 9.02  93.16 95.46 92.88 
7.45 22.26 9.29 -81.54  -4.93 32.89 27.00  -1.49 3.45 8.43  99.71 94.05 94.71 
7.55 7.97 6.81 -57.13  7.26 13.67 8.77  -1.22 1.41 10.08  93.66 93.43 89.32 
7.65 9.04 7.59 -57.83  3.10 -2.92 47.38  -1.53 1.80 11.34  94.92 94.91 95.82 
7.75 9.00 12.30 -52.12  27.49 -12.16 38.44  -2.08 1.49 9.41  93.95 96.31 96.04 
7.85 27.13 5.67 -79.67  26.40 -21.60 3.23  -1.06 4.86 9.49  100.94 91.73 91.12 
7.95 18.77 8.83 -67.12  1.45 0.52 -10.98  -1.65 3.41 10.04  96.86 92.53 89.05 
8.05 10.14 7.17 -52.24  -8.42 3.93 15.70  -1.37 1.92 10.75  94.65 92.71 92.07 
8.16 8.58 4.91 -47.76  12.55 -10.05 24.38  -0.90 1.57 10.40  93.97 91.97 92.32 
8.28 15.70 1.77 -57.08  15.01 -18.19 8.08  -0.31 2.75 9.77  96.85 90.77 91.41 
8.41 22.41 -3.94 -66.32  10.77 -6.14 -20.25  0.67 3.69 8.94  99.78 88.28 86.47 
8.53 15.41 6.28 -57.35  -5.27 4.69 -11.81  -1.14 2.75 9.96  96.72 92.74 87.94 
8.66 13.35 2.82 -55.47  0.20 3.95 -11.79  -0.51 2.39 10.08  95.83 91.23 87.94 
8.76 13.98 3.95 -56.74  -0.24 1.79 -11.70  -0.71 2.47 9.92  96.03 91.42 88.15 
8.86 10.84 4.73 -52.59  0.41 0.79 -3.22  -0.86 1.96 10.24  94.79 92.47 89.41 
8.96 13.88 2.62 -57.67  7.02 -1.20 -4.55  -0.47 2.47 10.00  95.71 91.25 88.96 
9.06 14.42 4.97 -58.74  4.04 1.98 -11.01  -0.86 2.47 9.61  96.66 91.74 87.96 
9.16 14.57 3.27 -59.27  -0.67 3.40 -7.33  -0.59 2.59 9.96  96.47 91.41 88.66 
9.26 13.72 2.59 -57.37  2.41 6.43 -2.51  -0.47 2.47 10.12  95.80 91.79 89.55 
9.36 14.20 4.60 -57.58  4.94 10.38 -4.03  -0.82 2.51 9.92  95.80 91.44 89.51 
9.46 14.30 7.48 -56.65  2.81 0.60 -6.83  -1.33 2.51 9.85  96.87 93.42 88.99 
9.56 15.48 7.94 -59.26  0.74 0.05 -4.28  -1.37 2.63 9.49  97.43 92.88 89.25 
9.66 15.83 5.19 -59.04  -1.38 -0.67 -0.65  -0.94 2.82 9.96  96.54 92.65 90.21 
9.76 16.99 2.17 -60.92  4.71 -1.79 -1.29  -0.39 3.02 9.89  96.96 91.33 90.11 
9.86 17.38 7.51 -62.09  3.54 -2.44 -5.93  -1.33 3.02 9.65  97.50 92.74 89.30 
9.97 16.16 8.25 -59.42  3.09 -0.45 -2.00  -1.45 2.79 9.61  97.00 93.67 90.56 
10.07 16.55 7.89 -59.92  -3.56 4.66 2.29  -1.41 2.90 9.77  96.89 93.33 90.55 
10.17 16.07 7.23 -59.09  -0.80 0.15 -2.96  -1.29 2.82 9.81  96.77 92.95 89.61 
10.27 15.95 6.96 -59.62  -0.97 -0.97 -2.46  -1.26 2.82 9.89  97.10 93.34 89.87 
10.37 15.79 7.64 -59.88  -1.30 1.33 -0.76  -1.37 2.79 9.85  97.01 93.25 90.10 
10.47 14.72 6.49 -57.63  4.38 1.61 -3.46  -1.18 2.63 10.00  96.33 92.84 89.33 
10.58 17.12 7.62 -60.59  3.86 3.33 -5.29  -1.37 3.02 9.81  97.15 93.12 89.50 
10.69 15.98 7.09 -59.04  -0.57 5.44 -0.35  -1.29 2.86 10.00  96.77 93.42 89.37 
10.79 16.99 6.28 -60.70  2.18 2.43 0.92  -1.14 3.02 9.89  97.45 92.44 89.92 
10.89 17.12 8.27 -60.37  5.61 -1.48 -2.10  -1.49 3.02 9.81  97.47 93.61 89.63 
10.99 16.91 8.70 -59.43  4.02 -1.71 -1.11  -1.57 2.98 9.81  97.56 93.70 89.83 
11.09 17.60 9.35 -59.93  1.86 4.36 4.24  -1.69 3.10 9.77  97.71 94.14 90.53 
11.19 20.35 9.65 -62.70  -3.65 6.50 3.62  -1.77 3.61 9.73  99.41 94.36 90.88 
11.30 10.09 11.80 -46.41  -1.62 -6.76 -15.65  -2.20 1.84 10.36  96.03 94.80 89.50 
11.40 12.33 13.78 -51.66  9.86 -8.98 -22.27  -2.43 2.12 9.69  95.70 95.65 87.15 
11.50 13.82 8.02 -56.86  4.19 -17.26 -48.34  -1.41 2.39 9.73  96.80 93.53 82.55 
11.60 20.94 6.72 -72.11  4.83 -4.22 -50.71  -1.14 3.45 9.02  99.96 92.32 82.34 
11.70 11.03 19.68 -64.44  -22.08 17.57 -64.20  -3.37 1.80 9.26  98.82 97.20 79.39 
11.80 11.27 11.47 -75.53  -7.08 -17.58 -64.65  -2.12 2.04 10.24  94.55 96.17 78.74 
11.90 12.99 10.12 -85.88  -0.42 -1.08 -46.37  -1.96 2.47 10.71  95.43 94.70 81.93 
12.00 21.76 14.09 -98.37  12.86 -8.51 -28.67  -2.63 3.88 9.73  99.20 95.71 85.00 
12.10 20.77 11.67 -97.90  13.47 -9.84 -14.14  -2.08 3.57 9.41  100.06 94.24 87.37 
12.20 22.39 14.68 -102.06  3.21 -3.57 4.31  -2.59 3.77 9.14  100.28 96.32 90.82 
12.30 19.85 9.31 -95.09  1.91 -7.89 5.50  -1.65 3.41 9.45  98.11 94.04 90.98 
12.40 19.62 12.41 -97.60  0.66 4.17 8.02  -2.24 3.41 9.57  99.05 94.94 91.32 
12.50 16.68 11.83 -92.86  3.12 -0.84 0.80  -2.12 2.90 9.69  97.05 95.59 90.01 
12.61 18.85 10.13 -93.49  2.16 -5.22 -2.40  -1.84 3.33 9.77  98.13 94.23 89.37 
12.71 17.31 12.64 -95.11  2.68 0.73 0.72  -2.28 3.02 9.69  98.20 95.53 90.23 
12.81 17.57 12.11 -94.56  -1.44 -0.77 0.26  -2.12 2.98 9.41  97.67 95.28 90.05 
12.91 17.73 9.53 -92.20  -3.69 0.04 0.36  -1.69 3.06 9.57  98.26 93.74 90.17 
13.01 16.57 9.50 -90.39  1.65 -0.61 10.58  -1.73 2.94 9.89  97.34 94.11 91.61 
13.11 15.64 8.33 -88.17  7.99 -1.21 16.63  -1.49 2.75 9.81  96.05 94.47 92.58 
13.21 19.96 11.91 -91.18  6.40 11.82 18.13  -2.16 3.49 9.61  97.98 96.04 92.38 
13.31 16.50 9.42 -83.75  -16.49 5.84 20.66  -1.77 3.02 10.20  98.43 95.16 93.18 
13.42 17.01 7.05 -81.93  -7.08 -0.61 13.29  -1.29 3.06 10.00  97.18 93.56 92.07 
13.52 17.88 6.35 -80.64  -0.39 2.23 8.03  -1.14 3.14 9.73  98.22 92.84 91.52 
13.62 16.64 9.96 -80.25  -3.23 6.64 7.75  -1.80 2.94 9.85  97.59 93.94 92.05 
13.72 14.80 8.93 -76.01  -2.56 -0.91 7.20  -1.57 2.55 9.65  96.86 94.94 91.88 
13.82 18.37 7.35 -79.88  -5.98 2.02 0.71  -1.33 3.26 9.81  98.53 93.25 90.11 
13.93 19.43 12.36 -85.44  -4.42 7.95 -2.41  -2.20 3.33 9.45  98.48 95.17 89.63 
14.03 16.97 13.81 -83.42  -4.95 5.52 -7.29  -2.51 2.98 9.77  97.37 96.17 88.56 
14.13 18.65 13.38 -85.00  -0.67 1.23 2.95  -2.39 3.22 9.53  98.29 95.89 90.19 
14.23 16.53 14.00 -83.09  -4.99 6.35 2.02  -2.51 2.86 9.65  97.92 95.83 90.31 
14.33 19.07 12.29 -84.15  -0.94 0.60 3.93  -2.20 3.30 9.53  98.23 95.55 90.43 
14.43 16.22 11.25 -81.01  2.00 -5.29 5.78  -2.04 2.86 9.85  96.47 95.27 91.01 
14.54 16.96 11.64 -81.78  -2.30 3.48 5.50  -2.08 2.94 9.65  97.19 94.83 90.95 
14.64 13.09 14.19 -77.56  -5.32 8.14 8.63  -2.63 2.35 10.12  95.78 96.26 91.82 
14.74 14.88 11.73 -77.97  0.33 -2.60 -0.12  -2.16 2.67 10.04  96.61 95.58 90.04 
14.84 17.43 12.66 -81.63  3.21 -0.76 -0.74  -2.24 2.98 9.49  97.45 95.75 90.46 
14.94 18.51 12.16 -82.28  -4.45 -0.76 0.22  -2.16 3.18 9.49  98.23 95.34 90.38 
15.04 13.77 14.65 -78.86  -3.05 4.87 2.35  -2.63 2.39 9.77  96.40 95.48 90.40 
15.14 16.44 11.77 -80.43  1.42 -0.42 0.68  -2.08 2.82 9.57  97.54 94.98 90.32 
15.24 12.17 14.20 -76.60  -1.40 -1.21 -2.77  -2.59 2.16 10.00  95.47 96.53 89.28 
15.34 15.73 11.65 -80.02  -2.00 0.74 2.39  -2.12 2.79 9.89  97.34 95.41 90.03 
15.44 18.00 11.43 -82.27  3.82 -2.78 1.03  -2.00 3.06 9.41  97.52 95.00 90.05 
15.55 15.37 13.81 -80.05  -1.63 -1.21 0.81  -2.51 2.71 9.85  96.71 96.21 90.04 
15.65 17.67 12.56 -82.69  2.53 -1.50 0.05  -2.28 3.10 9.73  97.17 95.27 89.76 
15.75 17.22 14.81 -83.80  2.93 1.68 1.30  -2.63 2.94 9.49  97.46 96.05 89.78 
15.85 15.37 11.08 -79.53  0.39 -2.47 0.78  -2.00 2.71 9.85  96.38 95.18 90.20 
15.95 16.70 13.78 -83.21  -0.67 -0.55 -1.23  -2.51 2.94 9.81  96.80 95.75 89.51 
16.05 18.01 11.50 -83.15  0.41 -5.84 -0.96  -2.04 3.10 9.53  97.55 94.77 89.28 
16.15 15.06 12.46 -81.02  -4.00 -0.95 -2.40  -2.24 2.63 9.77  96.24 94.94 88.74 
16.25 14.04 11.96 -81.62  -5.73 -2.77 -1.30  -2.16 2.47 9.89  95.98 95.73 89.33 
16.35 14.30 11.60 -83.35  -14.32 -9.05 -6.57  -2.12 2.55 10.00  96.81 94.59 88.56 
16.45 5.80 9.76 -75.30  -9.77 -1.23 -4.37  -1.80 1.06 10.43  92.45 94.46 89.47 
16.55 12.02 14.11 -86.53  4.39 0.58 1.62  -2.51 2.08 9.77  94.88 95.83 90.16 
16.65 11.70 9.98 -82.36  1.70 -6.21 1.62  -1.80 2.08 10.04  94.86 94.68 90.02 
16.76 7.54 8.34 -78.19  -1.92 -7.27 -7.41  -1.49 1.33 10.08  92.56 94.12 89.47 
16.86 7.64 13.25 -80.86  -6.52 -11.61 15.37  -2.43 1.37 10.24  93.33 95.78 92.68 
16.96 14.81 6.55 -85.42  -8.37 -11.79 36.08  -1.22 2.71 10.24  96.88 92.29 94.47 
17.06 9.57 5.82 -78.01  -28.18 3.82 61.36  -1.06 1.73 10.24  93.91 92.56 98.58 
17.16 1.53 5.02 -62.55  -5.56 7.37 19.75  -0.90 0.27 10.28  90.58 94.14 94.79 
17.27 10.22 6.15 -73.46  -18.88 -15.11 22.05  -1.22 2.00 11.10  94.46 92.68 93.85 
17.37 3.61 7.58 -70.28  -68.73 -151.24 15.83  -1.49 0.71 11.18  91.37 93.13 91.97 
17.47 -14.27 -26.76 -51.17  -36.08 -281.81 40.32  3.53 -1.73 6.79  82.98 75.62 95.59 
17.57 -28.73 -49.30 -28.56  0.90 -145.80 10.82  7.02 -2.90 5.30  80.27 69.19 88.84 
17.67 -11.59 -57.85 -53.16  52.79 -74.60 -7.81  7.45 -0.94 4.59  86.33 63.89 88.37 
17.77 -7.18 -56.17 -54.02  28.30 -61.30 -20.76  7.96 -0.67 5.30  86.63 66.47 85.61 
17.87 -9.16 -58.38 -37.93  26.89 -47.54 -6.76  8.00 -0.78 4.86  88.38 64.59 89.01 
17.97 -2.86 -65.63 -52.65  9.92 -28.78 -4.10  8.67 -0.20 3.92  88.75 61.36 89.29 
18.07 -31.91 -75.24 -10.60  -11.19 -23.00 4.30  9.30 -1.29 2.08  82.39 58.48 91.93 
18.17 -8.70 -69.17 -38.88  8.06 13.62 -8.64  8.87 -0.51 3.33  87.34 58.59 88.79 
18.28 -1.57 -73.78 -51.93  20.85 1.57 10.26  9.85 -0.08 2.86  89.32 57.81 91.79 
18.38 2.57 -67.49 -56.10  13.20 -19.74 -7.39  8.43 0.16 3.49  86.02 59.23 89.63 
18.49 2.42 -73.04 -54.39  9.97 7.11 15.31  9.14 0.12 2.79  93.31 57.11 91.84 
18.59 -0.82 -74.18 -50.59  -10.62 2.92 -6.37  9.69 -0.04 2.75  91.14 57.21 87.99 
18.69 -3.49 -70.65 -45.22  6.27 13.27 -11.36  9.18 -0.20 3.22  87.01 58.44 88.45 
18.79 0.83 -74.08 -51.16  13.70 3.92 -4.31  9.49 0.04 2.71  90.38 57.29 89.60 
18.89 14.44 -74.21 -73.46  -1.49 -6.40 -4.95  9.45 0.67 2.59  95.35 57.88 88.90 
18.99 0.00 -74.41 -49.33  1.25 -3.19 1.03  9.14 0.00 2.55  88.73 56.89 90.08 
19.09 -8.88 -74.77 -35.03  -1.16 1.36 0.58  9.34 -0.39 2.51  86.00 57.08 90.25 
19.19 -1.85 -75.62 -47.54  -3.00 1.03 -1.90  9.49 -0.08 2.43  89.57 56.50 89.91 
19.29 -14.50 -76.10 -30.20  -3.62 -2.81 -4.80  9.49 -0.59 2.28  84.24 57.33 89.63 
19.39 -1.71 -74.14 -47.90  1.19 2.98 -0.42  9.26 -0.08 2.63  89.60 57.10 90.02 
19.49 0.94 -76.02 -52.29  -1.03 -0.03 1.08  9.61 0.04 2.39  90.40 56.98 90.26 
19.60 0.00 -72.88 -50.23  1.81 0.69 -0.36  9.30 0.00 2.86  91.45 57.63 89.58 
19.70 -6.44 -75.43 -40.82  -1.46 4.93 -1.54  9.41 -0.27 2.43  90.00 56.38 89.99 
19.80 7.24 -75.35 -62.37  0.32 3.78 -1.62  9.53 0.31 2.47  91.64 56.84 89.69 
19.90 4.64 -72.94 -58.73  5.18 -1.20 2.77  9.49 0.24 2.90  92.46 57.87 90.33 
20.00 5.10 -76.71 -58.70  -1.23 -3.71 -5.17  9.34 0.20 2.20  90.38 57.34 89.11 
20.10 3.05 -71.84 -54.97  -0.60 0.15 -0.19  8.98 0.16 2.94  91.69 58.50 89.80 
20.20 0.00 -70.39 -48.76  0.60 3.08 1.27  9.14 0.00 3.26  91.56 58.98 89.97 
20.30 1.57 -73.14 -53.71  2.04 -0.31 -1.73  9.45 0.08 2.86  90.00 57.51 89.63 
20.40 9.32 -74.33 -64.92  0.31 0.46 0.25  9.49 0.43 2.63  95.17 57.18 90.12 
20.50 -0.90 -75.36 -48.52  0.00 0.82 -0.46  9.61 -0.04 2.51  88.36 56.82 89.94 
20.60 11.13 -75.48 -67.87  1.75 -0.79 0.47  9.41 0.47 2.39  94.46 57.10 89.99 
20.71 3.42 -74.31 -57.13  -0.42 -1.65 0.42  9.38 0.16 2.63  91.54 57.33 89.97 
20.81 0.95 -76.24 -51.92  -0.81 -0.50 1.16  9.61 0.04 2.35  92.04 56.90 90.22 
20.91 6.23 -77.32 -60.00  -2.00 -2.07 0.21  9.65 0.24 2.16  93.37 56.62 90.12 
21.01 3.88 -76.48 -55.52  -0.41 -1.18 1.56  9.65 0.16 2.31  92.67 56.42 90.38 
21.11 6.44 -75.54 -60.58  1.03 -3.25 -2.17  9.49 0.27 2.43  92.27 57.47 90.01 
21.21 -3.75 -75.99 -44.81  -2.73 -3.84 -0.17  9.61 -0.16 2.39  90.76 57.47 90.26 
21.31 -2.01 -76.69 -47.76  -2.92 -4.77 -1.95  9.45 -0.08 2.24  90.00 56.81 89.69 
21.42 8.28 -77.32 -62.70  -2.35 -2.08 -3.44  9.69 0.31 2.16  93.61 56.26 89.40 
21.52 6.24 -74.92 -59.16  0.56 -1.74 -2.66  9.38 0.27 2.51  93.11 57.29 89.42 
21.62 13.80 -76.20 -69.57  0.54 1.95 0.11  9.38 0.55 2.24  96.84 56.85 90.12 
21.72 6.46 -77.91 -58.57  -1.95 -1.32 2.46  9.77 0.24 2.08  94.13 56.08 90.49 
21.82 2.01 -76.90 -52.85  -1.37 -3.15 -0.09  9.61 0.08 2.24  92.62 56.45 90.22 
21.92 4.14 -73.73 -55.84  2.55 3.77 0.02  9.30 0.20 2.71  93.44 57.40 89.95 
22.02 4.61 -75.92 -56.33  -2.10 -3.08 -4.26  9.73 0.20 2.43  89.04 56.03 89.31 
22.12 12.43 -75.87 -67.61  0.62 -0.50 0.33  9.41 0.51 2.31  95.42 56.90 90.06 
22.23 11.93 -73.11 -68.10  -0.33 1.57 4.09  9.38 0.59 2.79  96.22 57.40 90.28 
22.33 4.33 -74.82 -56.72  0.00 -1.07 1.59  9.57 0.20 2.59  91.78 57.76 90.21 
22.44 10.22 -75.80 -65.57  -1.71 -4.84 -1.93  9.61 0.43 2.39  93.29 57.72 89.33 
22.54 23.07 -76.47 -84.53  -4.78 -5.78 2.90  9.57 0.90 2.12  98.65 57.30 90.43 
22.64 12.88 -72.94 -72.68  -0.18 -1.57 2.03  9.18 0.63 2.75  94.61 58.58 90.01 
22.74 5.27 -74.78 -62.07  -10.83 0.84 11.20  9.41 0.24 2.55  92.30 57.37 91.95 
22.84 6.15 -75.23 -66.77  -21.86 7.90 43.71  9.73 0.27 2.55  92.68 57.17 97.63 
22.94 1.04 -76.66 -75.99  -37.35 39.64 89.22  9.10 0.04 2.16  86.89 56.67 105.57 
23.04 -29.09 -38.00 -82.41  -37.56 81.45 180.62  5.30 -3.30 5.92  70.63 69.07 121.44 
23.14 -71.75 -31.86 38.71  -65.05 38.47 175.49  4.90 -7.49 2.47  54.94 73.74 124.88 
23.25 -72.15 -7.92 60.43  -79.46 8.97 115.36  1.53 -10.47 3.37  60.61 85.53 111.81 
23.35 -67.63 -0.44 76.67  -15.16 8.31 87.35  0.08 -9.53 3.92  59.84 88.06 105.08 
23.45 -66.97 7.00 78.14  6.23 -5.71 56.58  -1.26 -9.41 4.00  62.15 92.72 100.34 
23.55 -68.43 9.09 76.07  13.73 0.66 33.42  -1.45 -8.43 3.33  58.34 92.65 95.63 
23.65 -66.50 11.71 80.91  11.73 2.56 -3.97  -2.04 -9.02 3.92  59.05 93.62 90.22 
23.75 -73.34 6.88 59.77  15.18 -7.60 -12.22  -1.26 -9.96 2.98  56.88 92.98 87.73 
23.85 -73.30 3.65 56.89  11.68 -6.48 -7.42  -0.63 -9.41 2.82  57.58 91.83 88.58 
23.95 -68.16 4.68 67.13  10.79 4.68 1.78  -0.78 -8.90 3.57  60.26 92.04 90.31 
24.06 -70.38 6.61 66.60  3.15 1.20 -0.87  -1.18 -9.57 3.41  58.60 92.60 90.64 
24.16 -71.79 5.33 62.85  3.42 -0.53 -2.67  -0.90 -9.18 3.02  57.08 91.31 89.88 
24.26 -73.37 2.50 55.13  1.47 -3.34 -5.36  -0.43 -9.45 2.82  57.94 91.17 89.19 
24.36 -74.45 3.11 56.58  6.97 3.21 -3.17  -0.55 -9.73 2.71  56.47 90.09 90.13 
24.46 -70.77 6.56 69.14  0.38 1.86 -5.41  -1.14 -9.34 3.26  57.81 92.26 89.06 
24.57 -73.37 5.90 64.94  -2.92 3.13 -4.77  -1.02 -9.45 2.82  57.99 92.58 89.17 
24.67 -72.20 3.81 62.40  1.24 1.65 -3.20  -0.67 -9.53 3.06  57.89 91.79 89.44 
24.77 -72.42 4.71 64.16  1.80 -1.10 -1.00  -0.82 -9.53 3.02  58.04 91.44 90.00 
24.87 -71.20 4.77 66.46  0.89 -4.45 0.11  -0.82 -9.34 3.18  59.15 92.58 89.68 
24.97 -73.17 5.06 64.09  4.38 -1.80 -2.49  -0.86 -9.34 2.82  58.09 92.44 89.58 
25.08 -74.80 1.59 55.33  0.05 -0.84 0.99  -0.27 -9.53 2.59  57.36 90.69 90.17 
25.18 -74.61 4.24 61.54  0.25 -1.51 0.99  -0.75 -9.69 2.67  58.36 91.90 89.59 
25.28 -76.49 1.08 53.80  -1.30 -1.65 -3.65  -0.20 -10.12 2.43  57.69 91.62 89.87 
25.38 -74.69 1.53 55.10  -1.60 -3.65 0.63  -0.27 -9.89 2.71  58.50 90.88 90.45 
25.49 -75.75 0.87 53.57  -1.95 -3.47 -1.96  -0.16 -10.04 2.55  57.99 90.99 89.84 
25.59 -75.86 -0.22 52.13  -0.14 2.99 -2.34  0.04 -10.12 2.55  57.36 89.40 90.62 
25.69 -73.94 1.71 57.27  -2.78 -2.21 0.48  -0.31 -10.08 2.90  57.70 90.38 90.60 
25.79 -74.97 -0.43 51.97  -1.53 -0.81 0.01  0.08 -10.08 2.71  56.85 89.51 90.18 
25.89 -72.54 1.32 58.54  0.18 -2.37 -0.24  -0.24 -9.73 3.06  58.59 90.66 90.12 
26.00 -73.28 0.45 56.42  -1.85 -3.71 1.04  -0.08 -9.53 2.86  58.24 90.40 90.14 
26.10 -72.46 2.62 61.94  -1.46 -2.09 -0.24  -0.47 -9.81 3.10  58.66 91.22 90.20 
26.20 -73.56 0.00 54.75  0.71 -2.60 -0.81  0.00 -9.57 2.82  58.06 90.10 90.11 
26.30 -73.21 0.91 58.17  -1.01 -1.01 0.62  -0.16 -9.49 2.86  58.49 90.50 90.33 
26.40 -74.30 0.66 56.51  -0.35 -1.63 2.30  -0.12 -9.77 2.75  58.34 90.49 90.52 
26.50 -73.62 -0.22 55.38  5.42 -2.76 1.44  0.04 -9.61 2.82  57.97 90.00 90.25 
26.60 -73.56 -1.13 52.42  4.59 -3.98 1.12  0.20 -9.57 2.82  58.01 90.10 89.98 
26.71 -70.94 2.20 62.92  3.11 2.37 0.15  -0.39 -9.65 3.33  57.95 90.19 90.33 
26.81 -70.51 2.89 64.44  3.26 -3.00 2.26  -0.51 -9.53 3.37  59.14 90.87 90.29 
26.91 -70.73 1.98 63.06  3.12 -0.66 2.44  -0.35 -9.65 3.37  58.56 90.19 90.65 
27.01 -73.20 1.72 60.08  -1.30 2.00 -0.95  -0.31 -10.00 3.02  57.52 90.09 90.31 
27.11 -74.48 1.31 57.90  -4.27 -3.48 0.09  -0.24 -9.89 2.75  57.51 90.00 90.19 
27.22 -72.47 1.77 60.89  -2.67 3.74 -0.56  -0.31 -9.69 3.06  58.38 90.77 89.90 
27.32 -71.13 1.37 61.26  -1.12 0.80 -0.94  -0.24 -9.30 3.18  58.80 90.88 89.84 
27.42 -70.50 2.47 63.99  1.01 0.95 0.40  -0.43 -9.41 3.33  59.02 90.88 90.07 
27.52 -70.24 3.52 67.14  2.13 0.42 -1.84  -0.63 -9.61 3.45  58.62 90.77 89.80 
27.62 -73.41 -0.93 54.29  3.78 -2.83 5.10  0.16 -9.22 2.75  57.63 89.30 90.83 
27.72 -69.85 4.55 69.60  1.09 2.09 -1.79  -0.82 -9.73 3.57  59.28 91.97 89.58 
27.82 -72.31 0.47 57.22  1.14 -2.84 0.82  -0.08 -9.10 2.90  58.20 90.00 89.92 
27.93 -70.85 2.72 64.07  2.84 2.14 1.86  -0.47 -9.38 3.26  58.87 91.07 90.50 
28.03 -68.95 3.13 67.78  2.91 0.02 2.15  -0.55 -9.38 3.61  60.11 91.28 90.25 
28.13 -69.86 2.69 65.49  1.93 0.11 1.75  -0.47 -9.41 3.45  59.61 91.07 90.13 
28.23 -69.75 1.98 62.78  1.78 3.85 2.49  -0.35 -9.57 3.53  59.56 90.86 90.44 
28.33 -68.77 4.62 69.81  -0.60 -3.27 -2.04  -0.82 -9.49 3.69  60.07 92.46 89.64 
28.43 -73.15 -0.46 53.89  0.35 -2.63 1.13  0.08 -9.45 2.86  58.08 89.80 90.20 
28.53 -69.81 3.55 67.35  2.90 1.09 3.33  -0.63 -9.49 3.49  59.47 91.15 90.51 
28.64 -71.28 2.47 62.36  -2.36 -4.16 0.36  -0.43 -9.49 3.22  58.90 91.08 90.06 
28.74 -70.29 3.14 65.81  -2.14 -0.76 1.66  -0.55 -9.41 3.37  59.60 91.41 90.14 
28.84 -70.07 3.81 67.27  -0.34 -5.17 2.01  -0.67 -9.41 3.41  60.06 92.17 90.23 
28.94 -70.84 2.98 64.28  2.04 -4.32 2.60  -0.51 -9.26 3.22  59.37 91.79 90.23 
29.04 -69.96 4.18 67.69  -0.54 0.62 3.44  -0.75 -9.57 3.49  59.82 91.50 90.66 
29.17 -69.75 3.52 65.46  6.74 -2.85 0.75  -0.63 -9.57 3.53  59.56 91.54 90.13 
29.29 -67.61 3.18 67.91  4.45 2.19 6.26  -0.55 -9.14 3.77  60.50 91.39 91.09 
29.42 -71.22 3.07 63.41  0.29 -9.11 4.13  -0.55 -9.69 3.30  58.93 91.34 90.72 
29.54 -69.63 4.75 69.06  2.32 -5.05 2.77  -0.82 -9.30 3.45  59.62 92.07 90.48 
29.64 -71.49 2.30 61.63  -0.34 -5.92 1.29  -0.39 -9.26 3.10  58.90 91.58 90.05 
29.74 -70.06 3.40 66.76  0.65 0.08 0.93  -0.59 -9.30 3.37  60.17 91.47 90.22 
29.84 -69.52 4.89 69.81  1.68 -2.52 1.09  -0.86 -9.45 3.53  59.85 91.93 90.02 
29.94 -70.25 3.68 66.49  1.35 -0.74 -1.55  -0.63 -9.18 3.30  59.31 91.50 89.61 
30.05 -69.16 4.92 71.75  1.88 2.87 -0.55  -0.86 -9.38 3.57  59.83 92.15 89.90 
30.15 -69.90 2.97 66.29  3.51 -1.93 -0.06  -0.51 -9.22 3.37  59.20 91.45 89.74 
30.25 -70.54 3.90 66.13  1.10 -2.56 -1.64  -0.71 -9.77 3.45  58.89 91.81 89.86 
30.35 -70.02 3.56 66.98  2.65 -5.76 -2.49  -0.63 -9.49 3.45  59.71 91.53 89.68 
30.45 -71.20 -0.70 57.28  3.71 -6.20 -1.16  0.12 -9.10 3.10  59.16 90.10 89.59 
30.56 -67.41 3.55 72.49  1.85 -2.32 0.16  -0.63 -9.34 3.88  61.06 91.85 89.89 
30.66 -70.30 2.88 67.08  0.25 -6.53 2.77  -0.51 -9.53 3.41  60.70 91.76 90.46 
30.76 -70.78 4.70 69.66  -1.17 -3.31 1.18  -0.82 -9.45 3.30  60.03 92.12 90.25 
30.86 -68.62 3.40 70.17  1.70 0.01 -3.35  -0.59 -9.22 3.61  59.78 91.59 89.42 
30.96 -68.78 2.70 68.89  0.84 1.44 -0.10  -0.47 -9.30 3.61  59.82 91.30 89.92 
31.06 -67.99 3.32 70.65  3.19 1.21 -2.70  -0.59 -9.41 3.80  60.10 91.71 89.68 
31.17 -69.34 1.59 65.49  1.79 -1.12 -0.68  -0.27 -9.26 3.49  60.30 90.98 89.88 
31.27 -67.22 2.06 70.06  0.21 -0.10 3.31  -0.35 -9.06 3.80  60.60 91.21 90.27 
31.37 -68.16 2.24 68.18  2.35 -1.66 0.44  -0.39 -9.30 3.73  60.53 91.27 89.99 
31.47 -69.72 3.02 67.48  6.96 0.05 -9.58  -0.55 -9.77 3.61  59.18 91.36 88.86 
31.57 -66.80 0.46 66.84  12.32 -4.80 -21.77  -0.08 -9.06 3.88  61.21 91.25 86.09 
31.67 -67.63 0.00 65.30  -5.26 11.11 -60.29  0.00 -10.20 4.20  60.52 90.28 80.85 
31.77 -58.72 -2.02 89.90  -32.45 31.53 -178.78  0.39 -9.49 5.77  61.77 88.43 61.10 
31.87 -68.37 -37.20 13.23  -52.41 20.97 -220.65  5.41 -6.63 2.63  59.45 73.85 51.52 
31.97 -53.13 -59.53 -41.22  -38.51 -6.76 -126.04  7.34 -3.45 2.59  63.63 64.35 65.63 
32.07 -79.76 -54.15 17.24  -32.78 5.21 -85.75  8.55 -6.08 1.10  55.44 65.69 77.00 
32.17 -68.82 -72.19 -17.10  -18.13 -47.85 -93.90  10.47 -3.14 1.22  65.51 58.93 71.89 
32.27 -45.00 -82.22 -44.19  2.86 -14.31 -67.85  9.34 -0.90 0.90  71.96 54.12 77.37 
32.37 -37.57 -77.72 -45.17  10.24 7.18 -24.92  8.87 -1.18 1.53  76.95 55.88 85.15 
32.47 -31.22 -80.56 -47.49  6.07 6.76 -21.33  9.10 -0.78 1.29  77.02 54.13 86.57 
32.58 -36.87 -83.16 -39.06  -0.49 6.62 -15.51  9.81 -0.71 0.94  72.19 53.59 87.59 
32.68 2.12 -83.78 -83.49  -8.86 9.24 -25.63  9.73 0.04 1.06  87.83 53.06 86.47 
32.78 -8.97 -81.04 -68.99  -8.11 -8.02 -1.74  9.57 -0.24 1.49  85.67 54.79 90.13 
32.88 15.95 -81.65 -98.78  8.08 -5.12 10.81  9.73 0.39 1.37  96.12 54.41 91.65 
32.98 2.86 -81.21 -84.00  9.65 0.16 16.44  10.16 0.08 1.57  95.53 54.75 92.54 
33.08 -27.22 -81.23 -45.35  13.89 6.52 4.66  10.00 -0.71 1.37  80.73 54.50 90.60 
33.18 -14.04 -81.39 -61.78  10.70 6.53 15.99  9.61 -0.35 1.41  84.05 54.22 93.34 
33.28 -14.24 -72.99 -62.80  49.19 75.94 36.56  8.87 -0.67 2.63  71.07 58.02 96.14 
33.38 37.57 -62.76 -130.32  70.05 166.33 -12.25  8.75 2.75 3.57  107.30 60.56 85.64 
33.48 22.30 -36.24 -136.40  32.43 218.48 -27.55  5.53 2.86 6.98  98.53 71.03 81.02 
33.58 10.48 -9.24 -96.39  42.33 174.54 -5.39  1.65 1.84 9.96  94.57 85.97 89.06 
33.69 11.19 -4.11 -68.18  11.82 65.94 20.87  0.78 2.12 10.71  93.82 89.44 92.29 
33.79 6.71 -1.26 -54.89  -2.57 64.28 -7.27  0.24 1.26 10.67  92.90 89.63 90.49 
33.89 -0.21 4.40 -41.34  6.66 35.67 -8.74  -0.82 -0.04 10.71  88.87 93.36 88.47 
33.99 7.02 7.80 -57.06  -10.56 39.69 -16.80  -1.45 1.29 10.51  91.86 93.69 87.26 
34.09 3.95 8.69 -54.84  2.19 1.55 5.78  -1.57 0.71 10.24  92.26 93.64 90.44 
34.19 8.38 4.82 -61.16  5.03 -8.58 -5.28  -0.86 1.49 10.12  92.77 92.75 88.85 
34.29 5.86 5.19 -56.37  2.01 -5.86 -9.18  -0.94 1.06 10.32  92.47 92.84 88.83 
34.39 7.31 5.13 -59.72  3.41 -7.19 -0.65  -0.94 1.33 10.40  93.71 92.08 90.14 
34.49 8.40 3.55 -62.01  10.89 -11.89 0.91  -0.67 1.57 10.63  93.64 91.18 89.55 
34.59 10.59 2.52 -64.53  5.08 -4.73 0.11  -0.43 1.80 9.65  94.48 91.31 89.38 
34.69 10.09 2.01 -63.69  -0.97 -0.16 -1.75  -0.35 1.77 9.92  95.03 90.69 89.53 
34.79 9.32 1.69 -62.78  -3.27 -10.79 2.52  -0.31 1.73 10.51  94.39 90.84 90.44 
34.89 4.82 -4.12 -55.94  -7.86 -27.59 -2.98  0.71 0.82 9.77  92.91 88.80 89.53 
34.99 7.13 -1.60 -62.58  -1.98 -9.53 0.26  0.27 1.22 9.73  93.42 89.22 89.67 
35.09 7.85 -2.82 -62.96  -4.17 -3.40 7.58  0.51 1.41 10.24  93.06 88.95 91.22 
35.20 6.75 -1.52 -61.62  -1.06 0.25 -6.76  0.27 1.22 10.28  93.16 89.24 89.33 
35.30 6.44 -2.88 -60.68  -1.24 -3.12 8.65  0.51 1.14 10.08  92.91 88.55 91.75 
35.40 6.77 -2.61 -61.92  -5.29 -0.79 7.80  0.47 1.22 10.24  93.37 88.18 90.85 
35.50 9.08 -5.66 -69.69  -15.02 -28.75 -4.95  1.06 1.69 10.55  93.61 87.88 88.45 
35.60 -1.67 -16.27 -54.67  -100.21 -241.68 49.72  3.14 -0.31 10.75  87.27 83.84 97.55 
35.70 -8.80 -30.96 -59.16  -9.85 -273.55 63.04  4.00 -1.02 6.59  85.77 79.44 103.72 
35.80 -9.29 -77.43 -64.49  -18.86 -109.20 -32.13  9.81 -0.35 2.16  71.48 56.42 82.30 
35.90 -26.39 -54.87 -33.83  23.91 54.15 16.23  8.28 -2.59 5.22  77.92 64.87 94.53 
36.00 -23.68 -56.32 -38.92  2.27 18.19 -4.12  8.36 -2.24 5.10  79.62 64.80 90.83 
36.10 -18.18 -54.07 -44.55  10.05 4.79 5.05  7.81 -1.77 5.37  84.20 65.18 90.88 
36.20 -13.45 -54.65 -56.12  5.12 23.14 -11.09  7.85 -1.29 5.41  84.51 66.14 88.00 
36.30 -17.57 -55.61 -44.31  -0.78 6.21 2.56  8.36 -1.73 5.45  82.48 66.55 89.36 
36.40 -5.19 -41.54 -79.78  -4.03 13.23 23.28  5.37 -0.55 6.04  88.74 71.11 92.95 
36.50 -32.42 -42.56 -2.68  -35.62 3.87 58.80  5.84 -3.41 5.37  81.77 74.42 102.17 
36.61 -39.68 -41.06 -1.50  0.67 58.84 88.57  8.08 -5.92 7.14  73.59 71.78 108.67 
36.71 -10.66 -25.09 -128.57  1.63 55.85 3.71  3.18 -1.26 6.67  84.39 76.83 86.47 
36.81 -25.48 -38.91 -39.06  22.15 88.91 -18.77  5.96 -3.18 6.67  76.39 70.95 85.56 
36.91 -24.20 -30.13 -35.52  2.00 2.44 -111.70  4.94 -3.49 7.77  75.21 79.53 74.96 
37.01 -28.03 -13.57 22.82  12.22 -14.82 30.93  1.49 -2.90 5.45  77.77 84.08 97.37 
37.11 -21.55 -23.71 -24.32  -11.32 8.47 14.81  4.31 -3.61 9.14  79.33 72.81 93.52 
37.21 -30.18 -39.51 -24.28  -26.99 48.90 68.93  8.94 -5.45 9.38  80.73 67.58 99.82 
37.31 -22.02 -1.37 28.61  21.54 93.93 71.05  0.31 -4.90 12.12  82.44 85.07 101.05 
37.41 1.58 -3.45 -6.73  216.31 92.53 10.35  0.94 0.43 15.61  89.24 89.11 94.70 
37.51 -12.88 -18.24 3.57  26.20 -24.81 -2.39  2.79 -1.88 8.24  86.61 86.09 90.80 
37.61 2.80 -6.85 8.44  -5.22 24.97 -2.54  1.26 0.51 10.43  90.91 87.10 89.99 
37.71 6.53 -13.64 -12.27  -25.73 19.87 -18.55  2.51 1.18 10.28  93.17 82.13 87.53 
37.81 3.11 2.45 14.83  -27.78 38.56 -25.78  -0.59 0.75 13.73  91.61 89.37 85.02 
37.91 4.12 4.35 12.33  6.12 -4.32 -6.36  -0.71 0.67 9.26  92.38 92.27 89.29 
38.02 1.43 6.86 18.32  -35.73 35.73 0.74  -1.14 0.24 9.45  91.17 91.59 90.22 
38.12 -0.61 7.53 8.54  -34.10 48.34 7.07  -1.45 -0.12 10.98  90.26 92.19 91.05 
38.22 6.14 18.93 34.11  30.75 14.60 0.20  -4.28 1.33 12.40  89.16 97.48 89.35 
38.32 -4.35 5.20 -0.76  8.93 -25.64 22.28  -0.94 -0.78 10.32  88.46 91.99 95.33 
38.42 -7.68 9.68 8.41  6.12 -6.55 12.57  -1.45 -1.14 8.43  87.63 93.46 91.23 
38.52 -10.29 4.43 5.31  -85.33 37.79 -11.82  -0.90 -2.08 11.45  86.39 91.08 89.07 
38.62 -14.92 7.00 -3.65  53.60 -13.59 17.68  -1.22 -2.55 9.57  84.43 92.94 93.09 
38.72 -9.01 9.15 4.26  30.04 -16.18 -4.18  -1.45 -1.41 8.90  86.07 93.99 89.27 
38.82 -3.66 -22.43 -31.53  57.88 -70.18 22.42  4.31 -0.67 10.43  89.56 79.41 92.14 
38.92 -5.88 -17.65 -14.79  43.99 2.96 -13.19  3.41 -1.10 10.67  87.88 82.07 87.89 
39.03 -0.24 23.65 35.51  -19.54 -49.77 -135.84  -4.16 -0.04 9.49  82.47 101.33 72.35 
39.13 3.65 -11.52 -34.72  24.54 -87.39 -7.49  1.88 0.59 9.22  92.37 89.15 85.95 
39.23 9.06 12.58 -8.06  3.91 108.68 108.56  -2.67 1.88 11.81  96.53 96.15 108.95 
39.33 -3.34 13.32 19.32  -41.70 -77.36 -2.07  -2.55 -0.63 10.75  87.99 98.19 92.30 
39.43 -4.45 -5.15 -26.81  -15.25 9.35 32.54  1.14 -0.98 12.59  88.44 88.89 93.96 
39.53 -12.22 5.44 7.81  -70.75 8.83 83.29  -1.06 -2.35 10.87  83.71 92.88 104.54 
39.63 -18.87 5.06 21.47  -29.69 20.10 108.36  -1.02 -3.73 10.90  81.30 93.20 111.93 
39.73 5.23 13.65 67.22  61.63 -72.74 -5.15  -1.57 0.59 6.43  84.73 94.20 88.86 
39.83 -5.62 9.27 44.24  -8.07 30.63 46.55  -1.57 -0.94 9.57  91.95 89.51 90.62 
39.93 -10.88 10.69 40.35  -49.26 28.27 59.43  -1.73 -1.73 8.98  91.14 95.29 100.00 
40.03 -7.74 12.51 39.40  -90.70 43.84 -15.89  -2.20 -1.33 9.81  89.32 97.43 88.70 
40.13 -11.31 17.77 40.91  156.55 -153.65 57.03  -3.33 -2.04 10.20  85.64 98.20 95.66 
40.23 -16.95 6.73 50.57  -49.88 14.94 137.22  -1.41 -3.49 11.45  85.60 93.34 117.21 
40.33 -29.96 4.61 53.65  -119.98 -19.08 30.76  -1.65 -10.20 17.69  77.69 92.94 96.10 
40.44 -29.81 4.83 57.96  54.56 -3.10 -13.99  -0.71 -4.16 7.26  76.33 90.85 88.49 
40.54 54.46 23.09 -185.29  212.13 -35.18 11.64  -0.43 0.82 0.59  80.66 91.77 91.95 
40.64 -2.65 12.82 77.13  -0.39 -2.16 -0.20  -2.31 -0.47 10.16  88.86 90.23 89.99 
40.74 -1.26 3.58 69.07  0.36 -1.10 0.11  -0.67 -0.24 10.67  88.58 91.71 90.02 
40.84 -1.54 2.42 65.86  0.52 -1.24 0.08  -0.43 -0.27 10.20  89.43 91.23 90.04 
40.94 -1.55 2.21 -57.13  0.88 -0.67 0.03  -0.39 -0.27 10.16  89.04 90.86 90.02 
41.04 -2.00 2.00 65.75  0.75 -0.63 0.07  -0.35 -0.35 10.12  89.62 90.95 90.01 
41.14 -1.08 1.94 65.66  0.92 -0.47 0.24  -0.35 -0.20 10.43  89.23 90.86 90.04 
41.24 -1.54 1.97 66.52  0.76 -0.56 0.26  -0.35 -0.27 10.24  89.34 91.23 90.05 
41.34 -1.56 2.45 66.61  0.73 -0.68 0.21  -0.43 -0.27 10.08  89.33 91.34 90.05 
41.45 -1.96 1.96 64.71  0.90 -0.65 0.04  -0.35 -0.35 10.32  89.53 90.85 90.01 
41.55 -1.78 2.00 66.92  0.81 -0.58 0.07  -0.35 -0.31 10.12  89.71 91.06 90.02 
41.65 -1.56 2.23 66.54  0.95 -0.60 0.12  -0.39 -0.27 10.08  89.33 90.86 90.04 
41.75 -1.75 1.97 64.48  0.81 -0.53 0.18  -0.35 -0.31 10.28  89.23 90.96 90.02 
41.85 -1.53 2.40 67.71  0.80 -0.66 0.20  -0.43 -0.27 10.28  89.53 91.13 90.02 
41.95 -1.11 2.21 67.00  0.89 -0.55 0.28  -0.39 -0.20 10.16  89.24 90.95 90.03 
42.05 -1.57 2.46 66.47  0.60 -0.89 0.18  -0.43 -0.27 10.04  89.23 91.25 90.02 
42.15 -1.76 1.98 66.70  0.98 -0.53 0.26  -0.35 -0.31 10.20  89.02 90.88 90.02 
42.25 -1.53 2.40 66.46  0.88 -0.40 0.25  -0.43 -0.27 10.28  89.23 91.25 90.03 
42.35 -1.74 1.95 64.70  0.98 -0.44 0.14  -0.35 -0.31 10.36  89.24 91.14 90.02 
42.45 -1.32 2.20 67.44  0.88 -0.83 0.14  -0.39 -0.24 10.20  89.62 91.04 90.02 
42.56 -1.33 2.00 66.77  1.09 -0.49 0.17  -0.35 -0.24 10.12  89.23 90.87 90.02 
42.66 -1.98 2.86 66.12  0.79 -0.86 0.07  -0.51 -0.35 10.20  89.22 91.07 90.01 
42.76 -1.74 1.95 67.27  0.78 -0.32 0.19  -0.35 -0.31 10.36  89.23 90.86 90.03 
42.86 -1.54 2.20 66.40  0.83 -0.47 0.04  -0.39 -0.27 10.20  89.23 91.06 90.02 
42.96 -1.97 2.63 65.71  0.88 -0.39 0.22  -0.47 -0.35 10.24  89.52 91.15 90.02 
43.06 -0.88 2.42 67.64  0.74 -0.65 0.10  -0.43 -0.16 10.20  89.43 91.15 90.05 
43.16 -1.54 2.19 66.34  0.62 -0.64 0.22  -0.39 -0.27 10.24  89.42 90.96 90.03 
43.26 -1.78 2.23 65.21  0.89 -0.41 0.21  -0.39 -0.31 10.08  89.33 90.86 90.01 
43.36 -1.95 2.59 67.66  0.46 -0.69 0.18  -0.47 -0.35 10.40  89.23 91.05 90.02 
43.46 -1.74 2.17 66.92  0.89 -0.95 0.03  -0.39 -0.31 10.36  89.24 91.05 90.01 
43.56 -1.78 2.22 64.42  0.79 -0.74 0.08  -0.39 -0.31 10.12  89.43 91.14 90.03 
43.66 -1.33 2.21 66.28  0.35 -0.54 0.24  -0.39 -0.24 10.16  89.23 90.96 90.02 
43.76 -1.32 1.98 66.12  0.94 -0.45 0.01  -0.35 -0.24 10.20  89.23 90.97 90.02 
43.86 -1.73 2.38 66.09  0.52 -0.72 0.36  -0.43 -0.31 10.40  89.25 91.04 90.06 
43.96 -1.09 2.39 67.38  0.89 -0.79 0.07  -0.43 -0.20 10.36  89.42 90.96 90.02 
44.06 -3.04 1.73 64.54  1.02 -0.30 0.26  -0.31 -0.55 10.36  89.13 91.06 90.03 
44.17 -1.77 1.99 64.82  0.89 -0.47 0.25  -0.35 -0.31 10.16  89.32 90.77 90.01 
44.27 -1.55 2.44 67.32  0.74 -0.60 0.18  -0.43 -0.27 10.12  89.52 90.96 90.04 
44.37 -1.98 2.20 66.61  0.79 -0.87 0.17  -0.39 -0.35 10.20  89.33 90.86 90.01 
44.47 -1.09 2.18 66.45  0.79 -0.44 0.25  -0.39 -0.20 10.32  89.33 91.06 90.03 
44.57 -1.52 2.18 66.56  0.83 -0.68 0.10  -0.39 -0.27 10.32  89.13 91.06 90.02 
44.67 -1.96 2.39 66.27  0.60 -0.52 0.11  -0.43 -0.35 10.32  89.33 90.95 90.02 
44.77 -1.55 2.43 65.62  1.03 -0.05 0.17  -0.43 -0.27 10.16  89.33 90.86 90.04 
44.87 -2.22 2.66 66.34  1.03 -0.52 0.21  -0.47 -0.39 10.12  89.42 90.86 90.05 
44.97 -1.32 2.42 67.17  0.81 -0.53 0.04  -0.43 -0.24 10.20  89.13 91.06 90.01 
45.07 -1.52 2.39 65.88  0.81 -0.61 0.16  -0.43 -0.27 10.32  89.23 90.96 90.03 
45.17 -1.31 2.39 68.23  0.60 -0.60 0.23  -0.43 -0.24 10.32  89.43 90.95 90.05 
45.27 -1.33 2.22 67.16  0.39 -0.59 0.18  -0.39 -0.24 10.12  89.33 91.05 90.04 
45.37 -2.20 1.98 64.24  0.72 -0.53 0.11  -0.35 -0.39 10.20  89.14 90.96 90.02 
45.47 -2.01 2.45 66.35  0.96 -0.67 0.08  -0.43 -0.35 10.08  89.02 91.07 90.03 
45.58 -1.32 2.19 67.34  0.42 -0.75 0.10  -0.39 -0.24 10.24  89.43 90.96 90.03 
45.68 -1.54 1.54 65.56  0.57 -0.80 0.28  -0.27 -0.27 10.24  89.43 91.05 90.05 
45.78 -1.32 1.98 66.81  0.68 -0.76 0.24  -0.35 -0.24 10.20  89.04 90.96 90.03 
45.88 -1.55 2.65 66.48  0.75 -0.36 0.22  -0.47 -0.27 10.16  89.52 90.95 90.02 
45.98 -1.34 2.67 65.85  0.67 -0.63 0.17  -0.47 -0.24 10.08  89.23 91.05 90.04 
46.08 -1.97 2.40 66.77  0.83 -0.65 0.27  -0.43 -0.35 10.28  89.14 90.67 90.04 
46.18 -1.30 2.39 67.36  0.72 -0.74 0.25  -0.43 -0.24 10.36  89.22 91.17 90.03 
46.28 -1.76 1.97 65.41  0.67 -0.60 0.19  -0.35 -0.31 10.24  89.43 91.05 90.02 
46.38 -1.77 2.43 66.79  0.77 -0.57 0.18  -0.43 -0.31 10.16  89.52 91.04 90.02 
46.48 -2.44 2.00 65.12  0.77 -0.89 0.22  -0.35 -0.43 10.12  88.93 90.87 90.04 
46.58 -1.32 2.86 66.68  0.77 -0.34 0.10  -0.51 -0.24 10.20  89.42 91.25 90.02 
46.69 -1.09 2.19 66.92  0.88 -0.64 0.12  -0.39 -0.20 10.28  89.33 91.05 90.02 
46.79 -1.74 2.38 66.37  0.67 -0.52 0.11  -0.43 -0.31 10.36  89.33 91.24 90.02 
46.89 -1.53 2.62 66.01  0.80 -0.67 0.15  -0.47 -0.27 10.28  89.43 90.95 90.04 
46.99 -1.77 2.21 66.70  1.08 -0.77 0.14  -0.39 -0.31 10.16  89.24 91.24 90.03 
47.09 -1.76 2.42 67.19  0.64 -0.76 0.10  -0.43 -0.31 10.20  89.42 90.86 90.03 
47.19 -1.54 2.64 65.35  0.72 -0.45 0.05  -0.47 -0.27 10.20  89.42 91.06 90.04 
47.29 -1.10 2.42 67.60  0.61 -0.54 0.19  -0.43 -0.20 10.20  89.33 90.96 90.03 
47.39 -1.53 1.97 67.64  1.06 -0.47 0.17  -0.35 -0.27 10.28  89.43 91.13 90.04 
47.49 -1.76 2.41 65.90  0.79 -0.45 0.12  -0.43 -0.31 10.24  89.42 90.96 90.02 
47.59 -1.76 1.76 66.32  0.78 -0.46 0.01  -0.31 -0.31 10.20  89.23 90.96 90.02 
47.69 -1.97 2.63 66.48  0.87 -0.27 0.05  -0.47 -0.35 10.24  89.13 90.96 90.03 
47.79 -1.32 2.20 65.60  0.79 -0.77 0.12  -0.39 -0.24 10.20  89.14 91.05 90.02 
47.89 -1.09 1.96 67.16  0.67 -0.65 0.11  -0.35 -0.20 10.32  89.23 90.86 90.03 
48.00 -1.54 1.97 66.64  0.81 -0.56 0.25  -0.35 -0.27 10.24  89.43 91.04 90.00 
48.10 -1.99 2.65 66.33  1.11 -0.45 0.13  -0.47 -0.35 10.16  89.43 90.86 90.02 
48.20 -1.78 2.45 66.80  0.88 -0.62 0.22  -0.43 -0.31 10.08  89.33 90.95 90.04 
48.30 -1.76 1.98 66.03  0.59 -0.56 0.13  -0.35 -0.31 10.20  89.13 90.97 90.03 
48.40 -1.31 1.97 65.58  0.53 -0.67 0.27  -0.35 -0.24 10.28  89.33 91.14 90.02 
48.50 -1.76 2.41 66.94  0.82 -0.84 0.11  -0.43 -0.31 10.24  89.14 91.15 90.02 
48.60 -2.64 2.20 65.37  0.73 -0.66 0.25  -0.39 -0.47 10.20  89.33 91.23 90.05 
48.70 -2.22 2.44 65.20  0.57 -0.79 0.18  -0.43 -0.39 10.12  89.04 91.06 90.04 
48.80 -1.33 2.21 66.82  0.81 -0.64 0.16  -0.39 -0.24 10.16  89.32 91.06 90.04 
48.90 -1.54 2.41 67.46  0.70 -0.85 0.16  -0.43 -0.27 10.24  89.23 90.96 90.02 
49.00 -1.52 1.95 65.19  0.51 -0.46 0.18  -0.35 -0.27 10.36  89.33 90.96 90.04 
49.10 -1.31 2.18 66.36  0.74 -0.47 0.17  -0.39 -0.24 10.32  89.43 90.95 90.03 
49.21 -1.54 2.63 67.42  0.73 -0.45 0.18  -0.47 -0.27 10.24  89.24 91.14 90.03 
49.31 -1.77 2.43 66.58  0.99 -0.39 0.18  -0.43 -0.31 10.16  89.12 91.17 90.05 
49.41 -1.53 2.19 66.43  0.72 -0.52 0.11  -0.39 -0.27 10.28  89.23 91.15 90.02 
49.51 -1.76 2.63 66.76  0.77 -0.57 0.18  -0.47 -0.31 10.24  89.43 91.05 90.02 
49.61 -1.32 2.19 65.54  0.56 -0.56 0.24  -0.39 -0.24 10.24  89.34 91.04 90.05 
49.71 -0.44 2.39 68.29  0.50 -0.67 0.22  -0.43 -0.08 10.32  89.71 91.33 90.03 
49.84 -1.32 2.41 66.45  0.76 -0.60 0.22  -0.43 -0.24 10.24  89.43 91.05 90.04 
49.96 -0.87 1.75 66.76  0.88 -0.53 0.07  -0.31 -0.16 10.28  89.62 90.76 90.01 
50.09 -1.78 2.22 66.16  0.72 -0.52 0.10  -0.39 -0.31 10.12  89.23 90.97 90.02 
50.21 -1.32 2.64 66.50  0.74 -0.64 0.18  -0.47 -0.24 10.20  89.42 91.15 90.03 
50.31 -1.77 1.99 66.62  0.42 -0.52 0.11  -0.35 -0.31 10.16  89.32 90.87 90.02 
50.41 -1.54 2.42 66.51  0.56 -0.67 0.14  -0.43 -0.27 10.20  89.43 91.05 90.03 
50.51 -1.09 2.39 66.48  0.68 -0.67 0.18  -0.43 -0.20 10.32  89.33 91.06 90.02 
50.61 -1.54 2.63 67.72  0.78 -0.75 0.15  -0.47 -0.27 10.24  89.42 91.15 90.01 
50.71 -1.09 2.40 67.49  0.70 -0.61 0.15  -0.43 -0.20 10.28  89.24 90.86 90.04 
50.82 -1.76 2.41 65.65  1.19 -0.60 0.12  -0.43 -0.31 10.24  88.97 91.13 90.05 
50.92 -1.31 2.83 67.85  0.84 -0.86 0.09  -0.51 -0.24 10.32  89.13 90.96 90.00 
51.02 -1.76 2.63 67.21  0.49 -0.67 0.16  -0.47 -0.31 10.24  89.43 91.05 90.04 
51.12 -1.11 2.87 67.56  1.09 -0.66 0.15  -0.51 -0.20 10.16  89.33 91.06 90.03 
51.22 -1.33 2.43 67.32  1.00 -0.50 0.11  -0.43 -0.24 10.16  89.23 91.15 90.02 
51.32 -1.09 2.39 66.29  1.01 -0.59 0.14  -0.43 -0.20 10.36  89.33 91.06 90.04 
51.42 -1.76 1.98 64.41  0.98 -0.45 0.16  -0.35 -0.31 10.20  89.43 91.15 90.03 
51.52 -1.96 2.39 66.68  0.99 -0.68 0.14  -0.43 -0.35 10.32  89.33 91.15 90.01 
51.62 -1.10 1.97 66.79  0.61 -0.78 0.08  -0.35 -0.20 10.24  89.23 91.05 90.03 
51.72 -1.52 1.74 65.43  0.70 -0.51 0.11  -0.31 -0.27 10.32  89.33 90.96 90.03 
51.82 -1.55 2.43 67.12  0.94 -0.67 0.00  -0.43 -0.27 10.16  89.33 90.86 90.01 
51.93 -1.54 2.41 66.25  0.81 -0.39 0.18  -0.43 -0.27 10.24  89.13 90.77 90.05 
52.03 -1.54 2.20 65.60  0.64 -0.54 0.10  -0.39 -0.27 10.20  89.05 91.14 90.03 
52.13 -1.75 2.40 67.06  0.62 -0.51 0.05  -0.43 -0.31 10.28  89.23 90.96 90.02 
52.23 -1.32 2.63 66.75  0.78 -0.46 0.13  -0.47 -0.24 10.24  89.33 91.06 90.02 
52.33 -1.55 2.43 66.18  0.60 -0.63 0.19  -0.43 -0.27 10.16  89.05 90.85 90.04 
52.43 -1.54 2.63 67.56  0.49 -0.77 0.17  -0.47 -0.27 10.24  89.52 90.96 90.03 
52.53 -1.32 2.41 67.01  0.67 -0.65 0.29  -0.43 -0.24 10.24  89.43 91.05 90.05 
52.63 -1.54 2.42 65.44  0.74 -0.66 0.06  -0.43 -0.27 10.20  89.33 91.06 90.01 
52.73 -1.53 2.19 66.43  0.74 -0.34 0.25  -0.39 -0.27 10.28  89.24 90.95 90.04 
52.83 -1.32 2.19 67.00  0.44 -0.75 0.23  -0.39 -0.24 10.24  89.32 91.16 90.03 
52.93 -1.55 2.43 66.07  0.80 -0.73 0.20  -0.43 -0.27 10.16  89.42 91.06 90.05 
53.03 -1.32 1.98 66.65  0.43 -0.49 0.24  -0.35 -0.24 10.20  89.23 90.86 90.03 
53.13 -1.75 1.97 65.43  0.80 -0.61 0.24  -0.35 -0.31 10.28  89.23 90.86 90.01 
53.23 -1.54 2.41 65.55  0.81 -0.34 0.26  -0.43 -0.27 10.24  89.12 91.17 90.04 
53.33 -1.50 1.93 67.25  0.92 -0.47 0.15  -0.35 -0.27 10.47  89.23 91.05 90.03 
53.44 -1.32 2.20 67.39  0.81 -0.80 0.25  -0.39 -0.24 10.20  89.32 90.77 90.06 
53.54 -1.33 2.66 66.78  0.95 -0.70 0.06  -0.47 -0.24 10.12  89.43 91.24 90.02 
53.64 -1.53 2.19 66.77  0.63 -0.67 0.19  -0.39 -0.27 10.28  89.33 90.96 90.00 
53.74 -1.77 2.65 66.32  0.77 -0.72 0.18  -0.47 -0.31 10.16  89.23 91.06 90.04 
53.84 -1.75 2.18 64.77  0.83 -0.79 0.18  -0.39 -0.31 10.28  89.23 90.97 90.02 
53.94 -1.52 2.39 67.25  0.64 -0.43 0.25  -0.43 -0.27 10.32  89.23 90.86 90.03 
54.04 -1.32 2.63 67.54  0.69 -0.32 0.19  -0.47 -0.24 10.24  89.33 90.86 90.04 
54.14 -1.76 2.42 65.63  0.74 -0.72 0.21  -0.43 -0.31 10.20  89.43 90.96 90.04 
54.24 -1.10 2.63 68.07  0.95 -0.40 0.13  -0.47 -0.20 10.24  89.23 91.06 90.02 
54.34 -1.96 2.18 66.35  0.92 -0.49 0.22  -0.39 -0.35 10.32  89.14 90.95 90.04 
54.44 -1.32 2.20 65.12  1.16 -0.53 0.18  -0.39 -0.24 10.20  89.43 91.14 90.02 
54.54 -1.32 1.97 66.60  0.84 -0.36 0.26  -0.35 -0.24 10.24  89.24 91.05 90.04 
54.64 -1.32 2.42 67.43  0.33 -0.87 0.17  -0.43 -0.24 10.20  89.52 91.06 90.02 
54.74 -1.53 1.97 65.70  0.90 -0.71 0.18  -0.35 -0.27 10.28  89.34 90.85 90.02 
54.84 -1.56 2.45 67.26  0.78 -0.69 0.15  -0.43 -0.27 10.08  89.14 90.95 90.04 
54.95 -1.73 2.38 67.38  0.66 -0.73 0.25  -0.43 -0.31 10.40  89.24 91.05 90.03 
55.05 -1.75 2.18 65.02  0.70 -0.77 0.11  -0.39 -0.31 10.28  89.42 90.86 90.03 
55.15 -1.54 2.20 67.35  0.49 -0.63 0.18  -0.39 -0.27 10.20  89.33 91.24 90.05 
55.25 -1.76 2.19 66.89  0.65 -0.48 0.27  -0.39 -0.31 10.24  89.52 90.96 90.04 
55.35 -1.99 2.43 65.18  0.86 -0.41 0.11  -0.43 -0.35 10.16  89.43 91.04 90.03 
55.45 -1.75 2.40 66.32  1.00 -0.55 0.14  -0.43 -0.31 10.28  89.23 90.96 90.03 
55.55 -1.36 0.68 65.06  0.67 -1.12 0.18  -0.12 -0.24 9.92  89.42 90.67 90.02 
55.65 -1.97 1.97 64.91  0.81 -0.55 0.07  -0.35 -0.35 10.24  89.33 91.04 90.02 
55.75 -1.77 2.43 67.27  0.77 -0.60 0.24  -0.43 -0.31 10.16  89.43 90.76 90.02 
55.85 -1.55 2.44 66.28  0.72 -0.62 0.22  -0.43 -0.27 10.12  89.33 90.96 90.02 
55.95 -1.95 2.60 65.60  0.84 -0.51 0.09  -0.47 -0.35 10.36  89.23 90.96 90.01 
56.05 -1.95 2.17 66.56  0.74 -0.51 0.24  -0.39 -0.35 10.36  89.14 91.05 90.04 
56.15 -0.89 2.44 67.74  0.92 -0.51 0.12  -0.43 -0.16 10.12  89.33 91.14 90.03 
56.25 -1.55 2.22 65.06  0.90 -0.54 0.12  -0.39 -0.27 10.12  89.33 91.05 90.02 
56.36 -1.77 2.21 66.25  0.84 -0.69 0.15  -0.39 -0.31 10.16  89.32 90.78 90.03 
56.46 -1.97 2.18 66.28  0.79 -0.38 0.22  -0.39 -0.35 10.28  89.33 91.06 90.04 
56.56 -1.32 2.64 66.00  0.60 -0.57 0.18  -0.47 -0.24 10.20  89.33 91.06 90.02 
56.66 -3.09 2.21 65.49  1.04 -0.32 0.11  -0.39 -0.55 10.16  88.96 90.85 90.01 
56.76 -1.78 2.23 67.00  0.75 -0.69 0.15  -0.39 -0.31 10.08  89.62 90.96 90.01 
56.86 -2.20 2.20 64.93  0.55 -0.65 0.25  -0.39 -0.39 10.20  89.42 90.96 90.02 
56.96 -1.98 1.98 66.58  0.81 -0.65 0.14  -0.35 -0.35 10.20  89.32 91.06 90.02 
57.06 -1.73 1.94 66.84  0.92 -0.58 0.24  -0.35 -0.31 10.40  89.23 90.87 90.03 
57.16 -1.97 2.62 65.45  0.69 -0.66 0.11  -0.47 -0.35 10.28  89.23 91.06 90.02 
57.26 -1.54 2.20 66.58  0.67 -0.74 0.04  -0.39 -0.27 10.20  89.23 90.87 90.02 
57.36 -1.53 2.19 67.35  0.82 -0.59 0.23  -0.39 -0.27 10.28  89.52 91.14 90.04 
57.46 -1.33 2.22 65.46  0.64 -0.74 0.21  -0.39 -0.24 10.12  89.43 90.96 90.04 
57.56 -1.76 2.41 67.22  0.77 -0.58 0.17  -0.43 -0.31 10.24  89.32 90.87 90.01 
57.66 -1.54 2.41 66.54  0.49 -0.67 0.19  -0.43 -0.27 10.24  89.23 90.96 90.03 
57.77 -1.76 2.19 65.53  0.81 -0.57 0.11  -0.39 -0.31 10.24  89.25 91.13 90.04 
57.87 -1.78 2.88 67.66  0.56 -0.67 0.16  -0.51 -0.31 10.12  89.33 90.96 90.04 
57.97 -1.32 2.20 66.63  0.37 -0.61 0.13  -0.39 -0.24 10.20  89.23 90.86 90.01 
58.07 -1.76 2.42 66.06  0.73 -0.68 0.22  -0.43 -0.31 10.20  89.33 91.15 90.02 
58.17 -1.77 2.21 66.66  0.57 -0.39 0.25  -0.39 -0.31 10.16  89.42 90.87 90.04 
58.27 -1.31 1.96 66.54  0.81 -0.47 0.12  -0.35 -0.24 10.32  89.33 90.96 90.02 
58.37 -1.52 2.17 65.45  0.73 -0.60 0.34  -0.39 -0.27 10.36  89.03 90.77 90.02 
58.47 -1.54 1.76 66.40  0.79 -0.67 0.10  -0.31 -0.27 10.24  89.33 90.77 90.02 
58.57 -1.78 2.22 66.65  0.47 -0.62 0.23  -0.39 -0.31 10.12  89.23 90.97 90.04 
58.67 -1.76 2.41 65.85  0.74 -0.40 0.12  -0.43 -0.31 10.24  89.42 90.97 90.03 
58.77 -1.54 1.76 66.90  0.40 -0.60 0.21  -0.31 -0.27 10.24  89.22 90.88 90.05 
58.87 -1.30 2.59 67.66  0.63 -0.53 0.18  -0.47 -0.24 10.40  89.33 90.76 90.02 
58.97 -2.46 2.23 65.01  0.69 -0.60 0.08  -0.39 -0.43 10.04  89.32 91.06 90.05 
59.07 -1.78 2.23 66.38  0.56 -0.35 0.04  -0.39 -0.31 10.08  89.23 91.15 90.02 
59.18 -2.19 1.97 65.46  0.73 -0.56 0.12  -0.35 -0.39 10.24  88.94 91.16 90.02 
59.28 -1.09 2.18 65.43  0.62 -0.46 0.29  -0.39 -0.20 10.32  88.84 90.97 90.02 
59.38 -1.54 2.20 67.11  0.79 -0.64 0.20  -0.39 -0.27 10.20  89.33 91.06 90.02 
59.48 -1.54 2.19 67.18  0.89 -0.57 0.19  -0.39 -0.27 10.24  89.13 91.06 90.02 
59.58 -1.57 2.24 65.72  0.60 -0.55 0.18  -0.39 -0.27 10.04  89.32 90.98 90.03 
59.68 -2.01 2.67 -57.13  0.90 -0.39 0.20  -0.47 -0.35 10.08  89.32 90.96 90.03 
59.78 -1.99 2.43 66.61  0.74 -0.63 0.14  -0.43 -0.35 10.16  89.22 91.07 90.03 
59.88 -1.76 2.63 65.81  0.83 -0.74 0.18  -0.47 -0.31 10.24  89.23 90.96 90.04 
59.98 -1.09 2.19 67.39  0.85 -0.39 0.07  -0.39 -0.20 10.28  89.05 90.95 90.04 
60.08 -1.31 2.62 67.61  0.82 -0.53 0.22  -0.47 -0.24 10.28  89.43 90.85 90.03 
60.18 -1.57 2.02 65.71  0.93 -0.92 0.30  -0.35 -0.27 10.00  89.43 90.96 90.02 
60.28 -2.19 1.97 66.46  0.73 -0.46 0.22  -0.35 -0.39 10.24  89.13 91.06 90.01 
60.38 -1.98 2.64 67.38  0.75 -0.63 0.08  -0.47 -0.35 10.20  89.23 91.16 90.01 
60.48 -1.09 2.18 65.22  0.30 -0.83 0.09  -0.39 -0.20 10.32  89.04 91.06 90.03 
60.58 -1.31 2.19 66.80  0.45 -0.76 0.20  -0.39 -0.24 10.28  89.33 90.96 90.00 
60.69 -0.87 2.18 67.36  0.55 -0.49 0.10  -0.39 -0.16 10.32  88.92 90.78 90.05 
60.79 -1.57 2.24 65.27  0.74 -0.53 0.26  -0.39 -0.27 10.04  89.42 90.87 90.03 
60.89 -1.09 2.61 67.58  0.80 -0.41 0.18  -0.47 -0.20 10.32  89.42 90.96 90.04 
60.99 -1.54 2.63 66.79  0.86 -0.32 0.06  -0.47 -0.27 10.24  89.23 90.97 90.03 
61.09 -1.74 2.17 65.25  0.90 -0.47 0.06  -0.39 -0.31 10.36  89.24 91.04 90.03 
61.19 -1.32 1.97 67.23  0.82 -0.52 0.16  -0.35 -0.24 10.24  89.33 91.05 90.02 
61.29 -1.55 2.43 67.39  0.69 -0.50 0.17  -0.43 -0.27 10.16  89.43 90.95 90.02 
61.39 -1.99 2.21 64.90  0.46 -0.55 0.15  -0.39 -0.35 10.16  89.42 90.97 90.03 
61.49 -1.74 1.96 -57.13  0.81 -0.57 0.17  -0.35 -0.31 10.32  89.04 90.96 90.03 
61.59 -1.50 3.21 68.00  0.61 -0.82 0.12  -0.59 -0.27 10.47  89.33 90.96 90.02 
61.70 -1.54 1.97 65.21  0.95 -0.61 0.17  -0.35 -0.27 10.24  89.24 91.14 90.02 
61.80 -1.33 2.21 66.94  0.68 -0.69 0.08  -0.39 -0.24 10.16  89.43 90.76 90.01 
61.90 -1.54 2.64 67.25  0.70 -0.62 0.18  -0.47 -0.27 10.20  89.33 90.86 90.03 
