2.18 18.50 3.94 -3.27  14.39 5.64 -15.72  -0.71 3.26 9.73  98.07 91.72 87.26 
2.32 22.17 6.22 -9.69  -0.18 12.79 -15.86  -1.10 3.80 9.34  99.68 92.71 87.23 
2.43 15.35 14.01 4.18  -0.32 7.43 -8.79  -2.59 2.75 10.00  96.08 96.36 87.84 
2.53 18.30 8.60 -4.31  13.55 -17.26 -11.20  -1.57 3.26 9.85  97.40 93.86 88.48 
2.63 25.49 -0.22 -16.92  24.48 -31.14 -10.33  0.04 4.43 9.30  99.94 93.39 88.58 
2.74 36.31 4.07 -35.41  -60.94 -43.60 -20.89  -0.75 6.20 8.43  103.03 93.53 86.42 
2.84 11.31 -3.74 -37.68  -286.44 -18.44 -143.75  0.51 1.53 7.65  91.37 91.13 73.83 
2.95 -76.26 -12.22 0.91  -286.44 -85.02 -24.69  1.22 -5.45 1.33  62.87 88.47 86.14 
3.08 -91.29 -8.97 7.60  -50.83 -40.02 20.72  1.65 -10.43 -0.24  50.17 86.09 93.62 
3.20 -83.43 -3.38 -6.42  26.67 -5.16 5.22  0.63 -10.55 1.22  53.60 88.52 90.91 
3.33 -85.57 -3.03 -2.45  -22.00 6.63 -13.46  0.51 -9.61 0.75  52.66 88.68 87.65 
3.46 -87.60 -3.35 0.25  -4.38 2.01 6.90  0.55 -9.38 0.39  51.78 88.54 91.20 
3.56 -86.17 -2.70 -4.46  8.96 6.68 2.21  0.47 -9.96 0.67  52.60 88.82 90.56 
3.66 -85.43 -2.97 -5.21  5.79 -3.44 4.02  0.51 -9.81 0.78  52.73 88.71 90.70 
3.77 -102.66 -5.85 25.03  187.67 20.52 22.74  1.14 -10.83 -2.43  46.81 87.52 93.47 
3.87 -67.80 2.97 4.69  286.69 56.17 52.07  -0.43 -7.69 3.14  54.16 90.91 98.21 
3.98 -31.42 6.13 -24.44  176.69 -24.44 20.33  -0.82 -4.00 6.55  75.81 93.07 96.50 
4.08 -14.76 1.87 -30.27  217.72 -69.33 2.33  -0.20 -1.53 5.81  80.99 93.48 90.40 
4.18 -3.81 -0.67 -12.69  110.42 11.57 -43.65  0.12 -0.67 10.00  88.02 87.82 85.55 
4.28 6.58 1.97 -25.82  32.74 15.34 -5.06  -0.35 1.18 10.20  90.40 92.00 91.13 
4.39 8.62 -2.70 -25.24  5.57 -7.74 -28.88  0.43 1.37 9.06  95.86 87.35 85.04 
4.49 9.28 4.72 -23.34  7.38 0.85 -1.57  -0.82 1.61 9.85  94.71 91.50 89.66 
4.59 12.84 4.24 -24.09  3.76 0.65 -1.91  -0.75 2.24 9.81  95.95 90.91 89.98 
4.69 13.66 2.44 -24.87  0.91 6.65 15.14  -0.43 2.39 9.85  95.78 91.14 92.83 
4.79 14.35 0.00 -24.21  -4.26 -2.57 19.17  0.00 2.55 9.96  96.28 91.10 92.14 
4.89 15.38 3.45 -22.20  1.75 6.71 20.30  -0.59 2.59 9.41  96.71 91.50 93.54 
5.00 13.70 2.57 -17.72  10.64 0.87 -0.41  -0.43 2.28 9.34  95.17 91.38 90.34 
5.10 12.72 1.35 -12.41  -1.16 9.28 5.14  -0.24 2.20 9.73  96.05 91.08 90.86 
5.20 15.01 2.12 -17.13  -8.14 4.73 1.37  -0.39 2.75 10.24  96.27 91.16 90.51 
5.30 14.09 3.83 -15.76  -11.17 -3.89 0.32  -0.75 2.71 10.79  96.19 91.77 90.03 
5.40 13.37 2.97 -16.80  -4.92 -3.54 1.44  -0.51 2.28 9.57  96.38 91.50 90.43 
5.51 15.66 4.17 -18.56  5.56 -1.51 2.17  -0.78 2.90 10.36  96.45 91.59 90.61 
5.61 19.25 2.79 -24.28  24.86 4.80 -3.72  -0.51 3.45 9.89  97.98 90.70 89.13 
5.71 21.16 4.30 -25.85  -2.80 -3.31 -3.01  -0.78 3.77 9.73  97.38 92.29 89.53 
5.81 17.46 3.68 -20.76  0.54 -4.69 3.70  -0.71 3.30 10.47  98.12 91.61 90.07 
5.92 12.68 0.23 -12.29  3.57 -3.05 -5.12  -0.04 2.12 9.41  96.75 90.40 89.23 
6.02 16.53 4.07 -18.35  18.82 10.12 -9.84  -0.75 2.98 10.04  97.27 91.84 88.37 
6.12 24.41 5.68 -31.35  4.91 0.45 -3.36  -1.02 4.24 9.34  100.34 93.17 88.82 
6.22 18.94 4.13 -21.16  -30.00 -14.36 4.21  -0.71 3.18 9.26  99.48 90.87 90.18 
6.32 14.15 3.26 -17.73  -24.41 -0.34 -4.42  -0.55 2.35 9.34  93.91 91.67 89.56 
6.43 20.12 2.43 -29.08  -26.81 -14.33 2.13  -0.43 3.49 9.53  98.22 91.47 90.00 
6.53 16.40 2.20 -28.32  -28.18 -35.75 21.07  -0.47 3.45 11.73  97.83 90.42 92.93 
6.63 7.50 -4.80 -18.35  -88.07 -222.29 71.23  1.06 1.65 12.51  94.10 87.70 99.07 
6.73 -30.82 -43.96 17.05  -84.10 -286.72 108.24  5.02 -2.67 4.47  83.43 79.83 110.28 
6.83 -39.71 -71.41 16.36  -3.36 -105.38 -35.68  8.94 -1.92 2.31  63.89 60.01 84.23 
6.93 -22.48 -82.23 -13.14  -0.11 -55.46 -21.20  9.02 -0.47 1.14  80.19 54.12 86.30 
7.03 -20.90 -75.94 -6.95  0.06 -47.99 -13.22  9.22 -0.82 2.16  85.17 61.50 86.62 
7.14 -14.70 -75.28 -15.80  11.29 -15.47 -0.97  9.41 -0.63 2.39  83.04 57.61 89.83 
7.24 0.00 -76.19 -38.27  10.21 4.74 -5.19  9.26 0.00 2.28  87.51 55.95 87.96 
7.34 -4.40 -80.97 -29.72  2.85 7.94 -2.79  9.65 -0.12 1.53  85.77 54.87 89.04 
7.44 -14.25 -75.14 -13.54  -1.55 3.06 3.99  9.61 -0.63 2.47  88.19 57.66 90.21 
7.54 -6.34 -72.73 -28.43  5.52 -5.22 5.56  9.14 -0.31 2.82  84.75 58.71 91.62 
7.64 -13.76 -78.55 -16.61  0.05 -1.93 -2.07  9.77 -0.47 1.92  80.78 55.43 89.55 
7.74 150.95 -85.44 -184.70  9.49 107.34 -11.80  10.12 0.39 -0.71  16.32 55.99 87.56 
7.84 -20.47 -40.57 71.41  -1.39 249.15 -58.67  7.49 -3.06 8.20  100.57 63.61 81.86 
7.95 -11.58 -29.63 4.69  -28.39 101.06 11.46  4.67 -1.65 8.04  86.60 78.10 92.32 
8.05 -2.89 -17.03 -31.15  33.70 123.87 3.95  2.86 -0.47 9.34  89.69 81.00 91.90 
8.15 -0.62 -11.78 -29.73  -10.05 110.85 4.17  2.28 -0.12 10.90  89.29 85.43 89.70 
8.25 -6.05 0.38 -13.00  -20.63 67.67 13.44  -0.08 -1.26 11.85  88.36 89.51 91.73 
8.35 -3.28 0.44 -20.01  21.31 7.00 -0.11  -0.08 -0.59 10.28  89.06 91.59 90.99 
8.45 1.60 1.82 -23.90  14.34 2.98 5.85  -0.31 0.27 9.85  90.49 90.78 91.11 
8.56 4.82 2.52 -26.80  16.55 11.97 2.51  -0.43 0.82 9.77  91.66 90.88 90.34 
8.66 3.04 4.76 -19.57  10.59 14.77 3.30  -0.86 0.55 10.36  90.39 92.24 90.45 
8.76 5.14 5.33 -21.81  14.53 6.23 5.17  -0.98 0.94 10.47  92.25 92.52 90.73 
8.86 6.79 6.07 -21.08  12.04 -1.44 -1.23  -1.06 1.18 9.89  92.13 92.99 90.04 
8.96 7.74 5.66 -21.60  -0.80 0.66 4.70  -0.98 1.33 9.81  92.84 92.44 90.55 
9.06 4.86 6.80 -15.90  -0.89 -0.99 5.94  -1.22 0.86 10.16  91.33 94.23 91.98 
9.16 6.63 5.93 -19.41  4.03 0.44 1.52  -1.06 1.18 10.12  92.65 92.26 90.25 
9.26 5.06 5.91 -15.26  3.61 1.33 -9.05  -1.06 0.90 10.20  91.71 93.03 88.99 
9.36 4.97 8.07 -18.04  -1.41 0.60 -24.13  -1.41 0.86 9.92  92.55 92.92 86.25 
9.46 -5.65 9.38 -2.50  7.44 -26.28 -65.35  -1.84 -1.10 11.10  88.08 93.43 79.90 
9.57 -1.05 2.10 -30.55  44.62 -47.97 -183.00  -0.39 -0.20 10.71  88.32 91.02 58.17 
9.67 21.25 4.78 -73.05  110.62 -44.84 -238.00  -0.82 3.57 9.18  96.41 91.98 45.03 
9.77 42.91 19.06 -109.00  49.54 -82.85 -285.63  -2.63 5.18 5.57  102.96 93.95 40.05 
9.87 45.83 14.00 -110.61  81.03 -29.54 -196.18  -2.86 8.24 8.00  111.57 94.64 47.34 
9.97 31.07 13.46 -120.80  -6.42 -17.33 -50.80  -2.51 5.41 8.98  102.38 97.13 81.13 
10.07 34.15 11.19 -119.33  14.16 10.19 -17.34  -2.16 6.12 9.02  102.49 95.56 87.16 
10.18 30.52 16.31 -124.80  -5.31 -7.07 0.89  -2.82 4.90 8.32  104.35 94.65 88.87 
10.28 29.08 15.38 -123.77  -27.44 7.70 33.42  -2.86 5.06 9.10  106.48 96.65 93.63 
10.38 37.69 19.23 -121.38  -134.03 25.13 207.30  -3.80 6.67 8.63  109.81 97.60 123.51 
10.48 18.03 12.67 -106.33  -120.47 67.32 218.31  -2.39 3.30 10.12  98.38 95.49 130.77 
10.58 -2.73 15.17 -94.89  -135.44 61.39 282.31  -2.24 -0.39 8.24  92.45 94.01 139.04 
10.68 -16.15 15.54 -44.02  -72.54 46.44 209.97  -2.94 -2.94 10.16  83.59 95.28 127.68 
10.78 -12.48 20.90 -39.45  -13.01 7.37 157.69  -4.16 -2.35 10.63  85.34 97.69 119.69 
10.89 -6.27 11.49 -26.98  2.09 -29.18 35.92  -2.12 -1.14 10.36  88.58 94.40 95.62 
10.99 0.22 8.40 -31.89  14.41 -9.87 32.91  -1.53 0.04 10.36  90.09 93.28 95.13 
11.09 2.46 7.34 -30.85  14.26 -12.11 11.51  -1.29 0.43 10.04  91.04 93.37 92.38 
11.19 -0.92 14.84 -18.20  8.67 -7.85 32.14  -2.59 -0.16 9.77  89.61 95.57 96.60 
11.29 9.12 9.91 -35.80  33.01 -10.71 34.76  -1.69 1.53 9.53  94.15 97.05 95.35 
11.39 8.66 4.69 -23.91  27.92 -8.70 47.51  -0.94 1.73 11.34  94.90 91.91 97.47 
11.49 15.14 1.30 -30.98  30.21 -4.25 -4.88  -0.24 2.71 10.00  96.33 92.42 87.27 
11.59 12.15 5.58 -23.93  9.82 -6.54 -5.87  -1.02 2.20 10.20  95.15 93.69 87.97 
11.69 15.04 3.71 -28.04  2.32 -0.23 17.92  -0.67 2.67 9.92  96.06 91.90 92.03 
11.80 8.49 7.78 -17.09  -9.33 -5.88 -3.95  -1.45 1.57 10.51  92.39 93.25 90.88 
11.90 15.66 -5.98 -32.07  9.30 -38.40 -23.63  1.02 2.63 9.38  97.02 86.98 85.88 
12.00 9.36 4.45 -22.62  33.47 10.89 3.83  -0.86 1.80 10.94  94.22 92.00 89.55 
12.10 16.38 3.14 -27.11  -2.29 -32.28 8.03  -0.55 2.82 9.61  95.71 90.85 91.60 
12.20 12.61 0.94 -25.27  -13.84 4.06 -1.58  -0.16 2.08 9.30  97.59 90.29 88.83 
12.30 8.07 0.85 -19.66  -15.39 -0.96 -0.74  -0.16 1.49 10.51  93.29 90.30 90.68 
12.40 12.76 2.11 -30.95  12.42 0.25 -8.30  -0.39 2.35 10.40  94.13 91.15 88.93 
12.50 10.38 1.24 -28.24  -20.72 -13.76 -2.42  -0.24 1.96 10.71  94.33 90.53 89.60 
12.60 6.45 -1.25 -23.91  -8.56 0.07 -3.16  0.24 1.22 10.75  92.50 89.42 89.81 
12.70 9.67 0.21 -31.70  0.08 0.98 -6.71  -0.04 1.80 10.59  94.22 90.09 88.83 
12.81 6.79 -0.90 -28.68  -7.74 -1.94 -0.74  0.16 1.18 9.89  93.63 89.80 89.68 
12.91 2.86 -1.43 -20.03  -6.62 -5.41 0.39  0.24 0.47 9.41  92.29 89.27 89.91 
13.01 6.65 -0.86 -28.39  -1.75 -0.82 -0.60  0.16 1.22 10.43  93.28 89.90 89.78 
13.11 6.10 -0.22 -28.33  -5.65 -0.11 -3.09  0.04 1.10 10.28  93.02 89.91 89.42 
13.21 4.96 -0.43 -25.38  -2.59 -3.32 -2.52  0.08 0.90 10.40  92.28 89.91 89.61 
13.31 4.78 0.22 -26.06  6.85 2.97 -1.06  -0.04 0.86 10.32  92.08 90.00 89.74 
13.41 7.55 -0.91 -32.37  -5.33 -1.19 -0.68  0.16 1.29 9.77  93.79 89.39 89.52 
13.51 4.37 -1.53 -24.01  0.82 -1.42 1.24  0.27 0.78 10.28  93.09 88.94 89.98 
13.61 6.59 -2.04 -28.83  -3.01 -5.08 -3.12  0.35 1.14 9.85  92.95 89.22 89.49 
13.72 9.04 -0.92 -34.33  -4.52 -4.23 -1.62  0.16 1.53 9.61  92.83 89.39 89.81 
13.82 6.34 -2.40 -28.69  1.44 -1.67 -0.97  0.43 1.14 10.24  92.28 89.24 89.99 
13.92 6.39 -1.23 -27.94  7.98 2.63 -2.68  0.24 1.22 10.87  92.43 89.55 89.77 
14.02 14.15 5.35 -48.83  6.69 -2.67 2.35  -0.90 2.35 9.34  96.15 92.57 90.06 
14.12 6.74 -11.98 -26.51  8.90 -0.52 18.31  1.84 1.02 8.63  93.05 88.20 93.29 
14.22 4.48 -6.69 -21.86  20.55 10.54 21.12  1.18 0.78 10.00  91.07 87.29 93.97 
14.32 9.16 -3.64 -21.31  -21.87 -3.96 21.25  0.63 1.57 9.73  93.46 89.82 93.72 
14.42 17.55 8.99 -35.97  6.75 16.43 21.69  -1.65 3.14 9.92  98.32 91.76 93.54 
14.52 13.30 7.46 -11.34  114.62 79.09 14.97  -1.45 2.55 10.79  92.13 95.35 94.12 
14.62 31.46 0.38 -26.78  6.43 14.09 18.06  -0.08 6.12 10.00  97.01 94.71 89.44 
14.73 14.24 10.21 1.33  -40.50 0.56 40.11  -2.35 3.22 12.67  93.70 93.74 97.00 
14.83 5.62 15.96 21.57  -2.04 -60.72 3.37  -2.86 0.98 9.96  93.90 98.07 90.91 
14.93 14.61 -2.35 -14.55  -54.70 54.60 -48.40  0.51 3.14 12.04  95.09 87.31 80.13 
15.03 10.84 23.58 11.49  26.94 -10.18 29.27  -4.55 1.96 10.24  94.57 99.80 92.13 
15.13 28.59 -13.34 -24.44  -4.99 30.22 41.50  2.24 4.51 8.28  95.66 95.92 94.56 
