0 0 0 2.74 0.00000000 0.00000000 0.00 0.00 0.00 0.00 0.04 -0.78 0.73 0.35 -0.12 30.00 30.00 30.00 
0 0 0 2.91 0.00000000 0.00000000 0.00 0.00 0.00 0.05 0.22 -0.70 0.19 0.12 0.30 30.00 30.00 30.00 
0 0 0 3.01 0.00000000 0.00000000 0.00 0.00 0.00 0.00 0.08 -0.31 0.06 -0.38 0.19 30.00 30.00 30.00 
0 0 0 3.11 0.00000000 0.00000000 0.00 0.00 0.00 -0.00 0.06 -0.26 0.01 0.19 0.11 30.00 30.00 30.00 
0 0 0 3.21 0.00000000 0.00000000 0.00 0.00 0.00 -0.00 0.07 -0.24 0.08 -0.04 -0.02 30.00 30.00 30.00 
0 0 0 3.31 0.00000000 0.00000000 0.00 0.00 0.00 0.04 0.13 -0.37 0.08 -0.12 0.06 30.00 30.00 30.00 
0 0 0 3.41 0.00000000 0.00000000 0.00 0.00 0.00 0.04 0.12 -0.35 0.03 0.15 0.11 30.00 30.00 30.00 
0 0 0 3.51 0.00000000 0.00000000 0.00 0.00 0.00 0.03 0.12 -0.27 -0.01 0.06 0.03 30.00 30.00 30.00 
0 0 0 3.61 0.00000000 0.00000000 0.00 0.00 0.00 0.02 0.13 -0.27 -0.02 -0.20 0.03 30.00 30.00 30.00 
0 0 0 3.71 0.00000000 0.00000000 0.00 0.00 0.00 0.02 0.11 -0.28 -0.02 -0.40 0.06 30.00 30.00 30.00 
0 0 0 3.82 0.00000000 0.00000000 0.00 0.00 0.00 0.00 0.03 -0.15 0.09 -0.83 0.06 30.00 30.00 30.00 
0 0 0 3.92 0.00000000 0.00000000 0.00 0.00 0.00 0.06 0.01 -0.35 0.20 -0.50 0.15 30.00 30.00 30.00 
0 0 0 4.02 0.00000000 0.00000000 0.00 0.00 0.00 0.05 -0.07 -0.16 0.15 -0.72 0.22 30.00 30.00 30.00 
0 0 0 4.12 0.00000000 0.00000000 0.00 0.00 0.00 0.06 -0.21 -0.17 0.05 -0.93 0.21 30.00 30.00 30.00 
0 0 0 4.22 0.00000000 0.00000000 0.00 0.00 0.00 0.05 -0.27 -0.04 0.12 -0.91 0.17 30.00 30.00 30.00 
0 0 0 4.32 0.00000000 0.00000000 0.00 0.00 0.00 0.06 -0.34 -0.02 0.11 -0.87 0.13 30.00 30.00 30.00 
0 0 0 4.42 0.00000000 0.00000000 0.00 0.00 0.00 0.07 -0.36 0.14 0.03 -0.49 0.17 30.00 30.00 30.00 
0 0 0 4.52 0.00000000 0.00000000 0.00 0.00 0.00 0.06 -0.45 0.11 -0.00 -0.26 0.20 30.00 30.00 30.00 
0 0 0 4.62 0.00000000 0.00000000 0.00 0.00 0.00 0.03 -0.43 0.43 -0.02 -0.16 0.13 30.00 30.00 30.00 
0 0 0 4.72 0.00000000 0.00000000 0.00 0.00 0.00 0.03 -0.52 0.36 0.11 -0.42 0.07 30.00 30.00 30.00 
0 0 0 4.82 0.00000000 0.00000000 0.00 0.00 0.00 0.06 -0.49 0.49 0.11 -0.15 0.13 30.00 30.00 30.00 
0 0 0 4.93 0.00000000 0.00000000 0.00 0.00 0.00 0.05 -0.53 0.61 0.09 -0.37 0.13 30.00 30.00 30.00 
0 0 0 5.03 0.00000000 0.00000000 0.00 0.00 0.00 0.06 -0.60 0.29 0.06 -0.39 0.12 30.00 30.00 30.00 
0 0 0 5.13 0.00000000 0.00000000 0.00 0.00 0.00 0.05 -0.60 0.64 0.00 0.14 0.17 30.00 30.00 30.00 
0 0 0 5.23 0.00000000 0.00000000 0.00 0.00 0.00 0.00 -0.67 0.44 -0.03 -0.12 0.12 30.00 30.00 30.00 
0 0 0 5.33 0.00000000 0.00000000 0.00 0.00 0.00 0.01 -0.67 0.41 0.05 -0.12 -0.00 30.00 30.00 30.00 
0 0 0 5.43 0.00000000 0.00000000 0.00 0.00 0.00 0.01 -0.62 0.66 0.03 0.07 0.00 30.00 30.00 30.00 
0 0 0 5.53 0.00000000 0.00000000 0.00 0.00 0.00 0.00 -0.63 0.59 -0.06 0.06 -0.02 30.00 30.00 30.00 
0 0 0 5.63 0.00000000 0.00000000 0.00 0.00 0.00 0.01 -0.59 0.76 -0.04 0.08 -0.06 30.00 30.00 30.00 
0 0 0 5.73 0.00000000 0.00000000 0.00 0.00 0.00 0.02 -0.59 0.80 -0.02 0.06 -0.01 30.00 30.00 30.00 
0 0 0 5.83 0.00000000 0.00000000 0.00 0.00 0.00 0.01 -0.65 0.40 0.05 -0.04 0.01 30.00 30.00 30.00 
0 0 0 5.93 0.00000000 0.00000000 0.00 0.00 0.00 0.02 -0.64 0.35 0.02 -0.03 0.02 30.00 30.00 30.00 
0 0 0 6.03 0.00000000 0.00000000 0.00 0.00 0.00 0.01 -0.60 0.56 0.02 -0.03 0.00 30.00 30.00 30.00 
0 0 0 6.14 0.00000000 0.00000000 0.00 0.00 0.00 0.01 -0.62 0.58 0.03 -0.03 -0.01 30.00 30.00 30.00 
0 0 0 6.24 0.00000000 0.00000000 0.00 0.00 0.00 0.04 -0.63 0.31 0.01 0.09 0.03 30.00 30.00 30.00 
0 0 0 6.34 0.00000000 0.00000000 0.00 0.00 0.00 0.04 -0.61 0.38 -0.15 0.62 0.05 30.00 30.00 30.00 
0 0 0 6.44 0.00000000 0.00000000 0.00 0.00 0.00 -0.05 -0.39 1.47 -0.39 1.09 0.01 30.00 30.00 30.00 
0 0 0 6.54 0.00000000 0.00000000 0.00 0.00 0.00 -0.08 -0.37 0.53 -0.32 0.80 -0.14 30.00 30.00 30.00 
0 0 0 6.64 0.00000000 0.00000000 0.00 0.00 0.00 -0.03 -0.25 0.66 -0.07 1.82 -0.11 30.00 30.00 30.00 
0 0 0 6.74 0.00000000 0.00000000 0.00 0.00 0.00 -0.05 -0.11 -0.07 -0.11 1.30 -0.01 30.00 30.00 30.00 
0 0 0 6.84 0.00000000 0.00000000 0.00 0.00 0.00 -0.06 0.05 0.05 -0.26 1.66 -0.14 30.00 30.00 30.00 
0 0 0 6.94 0.00000000 0.00000000 0.00 0.00 0.00 -0.14 0.18 -0.03 -0.17 0.98 -0.25 30.00 30.00 30.00 
0 0 0 7.04 0.00000000 0.00000000 0.00 0.00 0.00 -0.14 0.29 -0.09 0.02 0.75 -0.24 30.00 30.00 30.00 
0 0 0 7.15 0.00000000 0.00000000 0.00 0.00 0.00 -0.10 0.41 -0.43 0.10 1.13 -0.14 30.00 30.00 30.00 
0 0 0 7.25 0.00000000 0.00000000 0.00 0.00 0.00 -0.07 0.46 -0.52 0.17 0.45 -0.10 30.00 30.00 30.00 
0 0 0 7.35 0.00000000 0.00000000 0.00 0.00 0.00 -0.07 0.51 -0.55 0.03 0.36 -0.08 30.00 30.00 30.00 
0 0 0 7.45 0.00000000 0.00000000 0.00 0.00 0.00 -0.10 0.52 -0.46 -0.03 0.14 0.02 30.00 30.00 30.00 
0 0 0 7.55 0.00000000 0.00000000 0.00 0.00 0.00 -0.10 0.56 -0.46 0.09 0.13 0.07 30.00 30.00 30.00 
0 0 0 7.65 0.00000000 0.00000000 0.00 0.00 0.00 -0.09 0.52 -0.44 0.02 0.09 0.02 30.00 30.00 30.00 
0 0 0 7.75 0.00000000 0.00000000 0.00 0.00 0.00 -0.06 0.50 -0.48 -0.03 0.04 -0.03 30.00 30.00 30.00 
0 0 0 7.85 0.00000000 0.00000000 0.00 0.00 0.00 -0.08 0.54 -0.46 0.14 0.22 -0.05 30.00 30.00 30.00 
0 0 0 7.95 0.00000000 0.00000000 0.00 0.00 0.00 -0.03 0.62 -0.65 0.32 0.30 0.22 30.00 30.00 30.00 
0 0 0 8.05 0.00000000 0.00000000 0.00 0.00 0.00 -0.07 0.63 -0.26 0.15 0.34 0.34 30.00 30.00 30.00 
0 0 0 8.15 0.00000000 0.00000000 0.00 0.00 0.00 -0.04 0.57 -0.24 -0.13 0.07 0.08 30.00 30.00 30.00 
0 0 0 8.25 0.00000000 0.00000000 0.00 0.00 0.00 0.02 0.54 -0.39 -0.13 0.18 -0.29 30.00 30.00 30.00 
0 0 0 8.35 0.00000000 0.00000000 0.00 0.00 0.00 -0.09 0.63 -0.30 0.07 -0.12 -0.31 30.00 30.00 30.00 
0 0 0 8.45 0.00000000 0.00000000 0.00 0.00 0.00 -0.04 0.65 -0.46 0.12 0.07 -0.21 30.00 30.00 30.00 
0 0 0 8.56 0.00000000 0.00000000 0.00 0.00 0.00 -0.06 0.65 -0.49 0.02 -0.00 -0.16 30.00 30.00 30.00 
0 0 0 8.66 0.00000000 0.00000000 0.00 0.00 0.00 -0.05 0.64 -0.51 -0.06 -0.04 -0.08 30.00 30.00 30.00 
0 0 0 8.76 0.00000000 0.00000000 0.00 0.00 0.00 -0.09 0.60 -0.44 0.04 -0.24 -0.04 30.00 30.00 30.00 
0 0 0 8.86 0.00000000 0.00000000 0.00 0.00 0.00 -0.09 0.59 -0.46 0.01 -0.20 -0.06 30.00 30.00 30.00 
0 0 0 8.96 0.00000000 0.00000000 0.00 0.00 0.00 -0.09 0.59 -0.48 -0.05 -0.23 -0.05 30.00 30.00 30.00 
0 0 0 9.06 0.00000000 0.00000000 0.00 0.00 0.00 -0.02 0.50 -0.61 0.05 -0.72 -0.07 30.00 30.00 30.00 
0 0 0 9.16 0.00000000 0.00000000 0.00 0.00 0.00 -0.10 0.38 -0.40 0.04 -1.90 0.08 30.00 30.00 30.00 
0 0 0 9.26 0.00000000 0.00000000 0.00 0.00 0.00 -0.21 0.17 0.10 0.09 -1.77 0.04 30.00 30.00 30.00 
0 0 0 9.36 0.00000000 0.00000000 0.00 0.00 0.00 -0.09 0.05 -0.30 0.42 -1.19 -0.15 30.00 30.00 30.00 
0 0 0 9.46 0.00000000 0.00000000 0.00 0.00 0.00 0.00 -0.02 -0.50 0.24 -0.99 -0.11 30.00 30.00 30.00 
0 0 0 9.56 0.00000000 0.00000000 0.00 0.00 0.00 -0.01 -0.16 -0.35 0.07 -1.24 -0.09 30.00 30.00 30.00 
0 0 0 9.66 0.00000000 0.00000000 0.00 0.00 0.00 -0.01 -0.28 -0.32 0.13 -1.13 -0.13 30.00 30.00 30.00 
0 0 0 9.76 0.00000000 0.00000000 0.00 0.00 0.00 0.03 -0.30 -0.40 0.30 -0.17 -0.01 30.00 30.00 30.00 
0 0 0 9.86 0.00000000 0.00000000 0.00 0.00 0.00 0.09 -0.31 -0.57 0.24 0.20 0.22 30.00 30.00 30.00 
0 0 0 9.97 0.00000000 0.00000000 0.00 0.00 0.00 0.04 -0.41 -0.18 0.06 -0.07 0.18 30.00 30.00 30.00 
0 0 0 10.07 0.00000000 0.00000000 0.00 0.00 0.00 0.03 -0.47 -0.08 0.05 -0.34 0.06 30.00 30.00 30.00 
0 0 0 10.17 0.00000000 0.00000000 0.00 0.00 0.00 0.02 -0.52 0.04 0.10 -0.49 0.00 30.00 30.00 30.00 
0 0 0 10.27 0.00000000 0.00000000 0.00 0.00 0.00 0.06 -0.59 -0.10 0.13 -0.55 -0.01 30.00 30.00 30.00 
0 0 0 10.37 0.00000000 0.00000000 0.00 0.00 0.00 0.08 -0.68 -0.16 0.09 -0.72 0.11 30.00 30.00 30.00 
0 0 0 10.47 0.00000000 0.00000000 0.00 0.00 0.00 0.07 -0.68 -0.13 0.02 0.19 0.11 30.00 30.00 30.00 
0 0 0 10.57 0.00000000 0.00000000 0.00 0.00 0.00 0.12 -0.58 -0.40 0.17 1.25 0.21 30.00 30.00 30.00 
0 0 0 10.68 0.00000000 0.00000000 0.00 0.00 0.00 0.07 -0.33 1.27 0.46 1.96 0.50 30.00 30.00 30.00 
0 0 0 10.78 0.00000000 0.00000000 0.00 0.00 0.00 0.08 -0.20 0.28 0.79 1.48 0.52 30.00 30.00 30.00 
0 0 0 10.88 0.00000000 0.00000000 0.00 0.00 0.00 0.15 -0.08 0.36 0.88 1.05 0.36 30.00 30.00 30.00 
0 0 0 10.98 0.00000000 0.00000000 0.00 0.00 0.00 0.24 0.01 0.35 0.56 0.69 0.17 30.00 30.00 30.00 
0 0 0 11.08 0.00000000 0.00000000 0.00 0.00 0.00 0.28 0.02 0.25 -0.24 0.17 -0.12 30.00 30.00 30.00 
0 0 0 11.18 0.00000000 0.00000000 0.00 0.00 0.00 0.20 -0.14 0.10 -1.15 -0.65 -0.36 30.00 30.00 30.00 
0 0 0 11.28 0.00000000 0.00000000 0.00 0.00 0.00 0.04 -0.03 0.22 -1.36 -0.85 -0.38 30.00 30.00 30.00 
0 0 0 11.38 0.00000000 0.00000000 0.00 0.00 0.00 -0.09 -0.06 0.28 -1.14 0.09 -0.38 30.00 30.00 30.00 
0 0 0 11.48 0.00000000 0.00000000 0.00 0.00 0.00 -0.13 0.00 -0.16 -0.42 0.06 -0.32 30.00 30.00 30.00 
0 0 0 11.58 0.00000000 0.00000000 0.00 0.00 0.00 -0.15 0.05 -0.28 0.04 0.49 0.03 30.00 30.00 30.00 
0 0 0 11.68 0.00000000 0.00000000 0.00 0.00 0.00 -0.07 0.16 -0.98 0.17 -0.30 0.41 30.00 30.00 30.00 
0 0 0 11.78 0.00000000 0.00000000 0.00 0.00 0.00 -0.21 -0.01 0.05 0.28 -0.17 0.57 30.00 30.00 30.00 
0 0 0 11.88 0.00000000 0.00000000 0.00 0.00 0.00 -0.14 0.10 0.06 0.35 0.28 0.54 30.00 30.00 30.00 
0 0 0 11.98 0.00000000 0.00000000 0.00 0.00 0.00 0.03 0.00 -0.57 -0.02 0.03 0.34 30.00 30.00 30.00 
0 0 0 12.09 0.00000000 0.00000000 0.00 0.00 0.00 -0.03 0.01 -0.26 0.40 0.02 0.16 30.00 30.00 30.00 
0 0 0 12.19 0.00000000 0.00000000 0.00 0.00 0.00 0.07 0.11 -0.44 0.25 -0.05 0.05 30.00 30.00 30.00 
0 0 0 12.29 0.00000000 0.00000000 0.00 0.00 0.00 0.34 0.44 -2.36 0.45 -0.46 -0.00 30.00 30.00 30.00 
0 0 0 12.39 0.00000000 0.00000000 0.00 0.00 0.00 0.09 0.03 -0.22 0.15 -0.04 0.01 30.00 30.00 30.00 
0 0 0 12.49 0.00000000 0.00000000 0.00 0.00 0.00 0.06 0.06 -0.02 -0.02 0.02 0.00 30.00 30.00 30.00 
0 0 0 12.59 0.00000000 0.00000000 0.00 0.00 0.00 0.06 0.05 -0.02 0.01 -0.01 0.00 30.00 30.00 30.00 
0 0 0 12.69 0.00000000 0.00000000 0.00 0.00 0.00 0.05 0.05 -0.02 0.02 -0.01 0.00 30.00 30.00 30.00 
0 0 0 12.79 0.00000000 0.00000000 0.00 0.00 0.00 0.06 0.06 -0.03 -0.00 -0.01 0.01 30.00 30.00 30.00 
0 0 0 12.89 0.00000000 0.00000000 0.00 0.00 0.00 0.06 0.06 -0.04 0.01 -0.01 0.00 30.00 30.00 30.00 
0 0 0 12.99 0.00000000 0.00000000 0.00 0.00 0.00 0.06 0.05 -0.07 0.01 -0.01 0.00 30.00 30.00 30.00 
0 0 0 13.09 0.00000000 0.00000000 0.00 0.00 0.00 0.07 0.05 -0.06 0.03 -0.02 0.00 30.00 30.00 30.00 
0 0 0 13.19 0.00000000 0.00000000 0.00 0.00 0.00 0.05 0.04 -0.04 0.00 -0.00 0.00 30.00 30.00 30.00 
0 0 0 13.30 0.00000000 0.00000000 0.00 0.00 0.00 0.06 0.06 -0.08 0.01 -0.01 0.00 30.00 30.00 30.00 
0 0 0 13.40 0.00000000 0.00000000 0.00 0.00 0.00 0.05 0.04 -0.00 0.00 -0.01 0.00 30.00 30.00 30.00 
0 0 0 13.50 0.00000000 0.00000000 0.00 0.00 0.00 0.06 0.04 -0.03 0.02 -0.02 0.00 30.00 30.00 30.00 
0 0 0 13.60 0.00000000 0.00000000 0.00 0.00 0.00 0.06 0.05 -0.02 0.01 -0.01 0.00 30.00 30.00 30.00 
0 0 0 13.70 0.00000000 0.00000000 0.00 0.00 0.00 0.05 0.05 0.00 0.02 -0.01 0.00 30.00 30.00 30.00 
0 0 0 13.80 0.00000000 0.00000000 0.00 0.00 0.00 0.05 0.06 0.01 0.02 -0.01 0.00 30.00 30.00 30.00 
0 0 0 13.90 0.00000000 0.00000000 0.00 0.00 0.00 0.07 0.05 -0.07 0.01 -0.01 0.00 30.00 30.00 30.00 
0 0 0 14.00 0.00000000 0.00000000 0.00 0.00 0.00 0.06 0.04 -0.06 0.02 -0.01 0.00 30.00 30.00 30.00 
0 0 0 14.10 0.00000000 0.00000000 0.00 0.00 0.00 0.06 0.05 -0.03 0.01 -0.01 0.00 30.00 30.00 30.00 
0 0 0 14.20 0.00000000 0.00000000 0.00 0.00 0.00 0.06 0.05 -0.04 0.02 -0.02 0.01 30.00 30.00 30.00 
0 0 0 14.31 0.00000000 0.00000000 0.00 0.00 0.00 0.05 0.05 -0.01 0.01 -0.00 0.00 30.00 30.00 30.00 
0 0 0 14.41 0.00000000 0.00000000 0.00 0.00 0.00 0.06 0.05 0.00 0.01 -0.00 0.00 30.00 30.00 30.00 
0 0 0 14.51 0.00000000 0.00000000 0.00 0.00 0.00 0.06 0.05 -0.07 0.01 -0.01 0.00 30.00 30.00 30.00 
0 0 0 14.61 0.00000000 0.00000000 0.00 0.00 0.00 0.07 0.05 -0.07 0.01 -0.02 0.00 30.00 30.00 30.00 
0 0 0 14.71 0.00000000 0.00000000 0.00 0.00 0.00 0.05 0.06 0.02 0.01 -0.01 0.00 30.00 30.00 30.00 
0 0 0 14.81 0.00000000 0.00000000 0.00 0.00 0.00 0.04 0.06 0.04 0.01 -0.00 0.00 30.00 30.00 30.00 
0 0 0 14.91 0.00000000 0.00000000 0.00 0.00 0.00 0.06 0.05 -0.04 0.02 -0.00 0.00 30.00 30.00 30.00 
0 0 0 15.01 0.00000000 0.00000000 0.00 0.00 0.00 0.06 0.06 -0.00 0.01 -0.01 0.00 30.00 30.00 30.00 
0 0 0 15.11 0.00000000 0.00000000 0.00 0.00 0.00 0.06 0.05 -0.04 0.02 -0.01 0.00 30.00 30.00 30.00 
0 0 0 15.21 0.00000000 0.00000000 0.00 0.00 0.00 0.07 0.05 -0.08 0.02 -0.01 0.01 30.00 30.00 30.00 
0 0 0 15.31 0.00000000 0.00000000 0.00 0.00 0.00 0.06 0.05 -0.04 0.01 -0.01 0.00 30.00 30.00 30.00 
0 0 0 15.41 0.00000000 0.00000000 0.00 0.00 0.00 0.05 0.06 0.05 0.00 -0.00 0.00 30.00 30.00 30.00 
0 0 0 15.52 0.00000000 0.00000000 0.00 0.00 0.00 0.06 0.05 -0.03 0.01 -0.01 0.01 30.00 30.00 30.00 
0 0 0 15.62 0.00000000 0.00000000 0.00 0.00 0.00 0.07 0.05 -0.09 0.02 -0.02 0.00 30.00 30.00 30.00 
0 0 0 15.72 0.00000000 0.00000000 0.00 0.00 0.00 0.07 0.05 -0.08 0.01 -0.01 0.01 30.00 30.00 30.00 
0 0 0 15.82 0.00000000 0.00000000 0.00 0.00 0.00 0.06 0.04 -0.05 0.02 -0.01 0.00 30.00 30.00 30.00 
0 0 0 15.92 0.00000000 0.00000000 0.00 0.00 0.00 0.06 0.05 -0.03 0.01 -0.02 0.00 30.00 30.00 30.00 
0 0 0 16.02 0.00000000 0.00000000 0.00 0.00 0.00 0.06 0.05 -0.03 0.02 -0.00 0.00 30.00 30.00 30.00 
0 0 0 16.12 0.00000000 0.00000000 0.00 0.00 0.00 0.06 0.05 0.00 0.00 -0.01 0.01 30.00 30.00 30.00 
0 0 0 16.22 0.00000000 0.00000000 0.00 0.00 0.00 0.07 0.04 -0.11 0.02 -0.01 0.00 30.00 30.00 30.00 
0 0 0 16.32 0.00000000 0.00000000 0.00 0.00 0.00 0.06 0.05 -0.01 0.01 -0.01 0.01 30.00 30.00 30.00 
0 0 0 16.43 0.00000000 0.00000000 0.00 0.00 0.00 0.06 0.07 0.00 0.01 -0.01 0.01 30.00 30.00 30.00 
0 0 0 16.53 0.00000000 0.00000000 0.00 0.00 0.00 0.06 0.03 -0.06 0.03 -0.02 0.01 30.00 30.00 30.00 
0 0 0 16.63 0.00000000 0.00000000 0.00 0.00 0.00 0.08 0.05 -0.13 0.02 -0.01 0.00 30.00 30.00 30.00 
0 0 0 16.73 0.00000000 0.00000000 0.00 0.00 0.00 0.06 0.05 -0.03 0.01 -0.01 0.01 30.00 30.00 30.00 
0 0 0 16.83 0.00000000 0.00000000 0.00 0.00 0.00 0.05 0.06 -0.02 0.00 -0.01 0.00 30.00 30.00 30.00 
0 0 0 16.93 0.00000000 0.00000000 0.00 0.00 0.00 0.07 0.09 -0.06 0.01 -0.01 0.01 30.00 30.00 30.00 
0 0 0 17.03 0.00000000 0.00000000 0.00 0.00 0.00 0.06 0.03 -0.05 0.03 -0.01 0.01 30.00 30.00 30.00 
0 0 0 17.14 0.00000000 0.00000000 0.00 0.00 0.00 0.05 0.05 -0.01 0.01 -0.01 0.00 30.00 30.00 30.00 
0 0 0 17.24 0.00000000 0.00000000 0.00 0.00 0.00 0.07 0.05 -0.12 0.02 -0.01 0.00 30.00 30.00 30.00 
0 0 0 17.34 0.00000000 0.00000000 0.00 0.00 0.00 0.05 0.05 0.00 0.00 -0.01 0.01 30.00 30.00 30.00 
0 0 0 17.44 0.00000000 0.00000000 0.00 0.00 0.00 0.06 0.06 -0.01 0.01 -0.01 0.01 30.00 30.00 30.00 
0 0 0 17.54 0.00000000 0.00000000 0.00 0.00 0.00 0.07 0.05 -0.04 0.01 -0.01 0.01 30.00 30.00 30.00 
0 0 0 17.64 0.00000000 0.00000000 0.00 0.00 0.00 0.07 0.04 -0.10 0.03 -0.01 0.00 30.00 30.00 30.00 
0 0 0 17.75 0.00000000 0.00000000 0.00 0.00 0.00 0.07 0.05 -0.12 0.02 -0.01 0.00 30.00 30.00 30.00 
0 0 0 17.85 0.00000000 0.00000000 0.00 0.00 0.00 0.06 0.05 -0.03 0.00 -0.01 0.00 30.00 30.00 30.00 
0 0 0 17.95 0.00000000 0.00000000 0.00 0.00 0.00 0.06 0.07 0.01 0.01 -0.01 0.01 30.00 30.00 30.00 
0 0 0 18.05 0.00000000 0.00000000 0.00 0.00 0.00 0.06 0.05 -0.01 0.00 -0.01 0.00 30.00 30.00 30.00 
0 0 0 18.15 0.00000000 0.00000000 0.00 0.00 0.00 0.05 0.06 0.03 0.01 -0.01 0.01 30.00 30.00 30.00 
0 0 0 18.25 0.00000000 0.00000000 0.00 0.00 0.00 0.07 0.05 -0.05 0.02 -0.01 0.00 30.00 30.00 30.00 
0 0 0 18.35 0.00000000 0.00000000 0.00 0.00 0.00 0.06 0.05 -0.05 0.02 -0.01 0.00 30.00 30.00 30.00 
0 0 0 18.45 0.00000000 0.00000000 0.00 0.00 0.00 0.06 0.05 -0.02 0.01 -0.01 0.01 30.00 30.00 30.00 
0 0 0 18.55 0.00000000 0.00000000 0.00 0.00 0.00 0.06 0.05 0.00 0.00 -0.01 0.00 30.00 30.00 30.00 
0 0 0 18.65 0.00000000 0.00000000 0.00 0.00 0.00 0.06 0.05 -0.05 0.01 -0.01 0.00 30.00 30.00 30.00 
0 0 0 18.75 0.00000000 0.00000000 0.00 0.00 0.00 0.06 0.05 -0.02 0.01 -0.00 0.00 30.00 30.00 30.00 
0 0 0 18.85 0.00000000 0.00000000 0.00 0.00 0.00 0.06 0.05 -0.02 0.02 -0.01 0.01 30.00 30.00 30.00 
0 0 0 18.95 0.00000000 0.00000000 0.00 0.00 0.00 0.06 0.05 -0.08 0.02 -0.02 0.01 30.00 30.00 30.00 
0 0 0 19.05 0.00000000 0.00000000 0.00 0.00 0.00 0.07 0.05 -0.07 0.03 -0.01 0.00 30.00 30.00 30.00 
0 0 0 19.15 0.00000000 0.00000000 0.00 0.00 0.00 0.06 0.05 0.00 0.02 -0.01 0.00 30.00 30.00 30.00 
0 0 0 19.26 0.00000000 0.00000000 0.00 0.00 0.00 0.05 0.06 0.00 0.01 -0.01 0.00 30.00 30.00 30.00 
0 0 0 19.36 0.00000000 0.00000000 0.00 0.00 0.00 0.06 0.05 -0.01 0.02 -0.01 0.00 30.00 30.00 30.00 
0 0 0 19.46 0.00000000 0.00000000 0.00 0.00 0.00 0.06 0.06 -0.03 -0.03 -0.01 0.01 30.00 30.00 30.00 
0 0 0 19.56 0.00000000 0.00000000 0.00 0.00 0.00 0.05 0.05 -0.03 0.02 -0.01 0.00 30.00 30.00 30.00 
0 0 0 19.66 0.00000000 0.00000000 0.00 0.00 0.00 0.07 0.04 -0.06 0.01 -0.01 0.00 30.00 30.00 30.00 
0 0 0 19.76 0.00000000 0.00000000 0.00 0.00 0.00 0.06 0.05 -0.03 0.02 -0.01 0.00 30.00 30.00 30.00 
0 0 0 19.86 0.00000000 0.00000000 0.00 0.00 0.00 0.05 0.06 0.04 0.00 -0.01 0.00 30.00 30.00 30.00 
0 0 0 19.96 0.00000000 0.00000000 0.00 0.00 0.00 0.06 0.05 -0.02 0.02 -0.01 0.00 30.00 30.00 30.00 
0 0 0 20.10 0.00000000 0.00000000 0.00 0.00 0.00 0.06 0.05 -0.02 0.01 -0.01 0.01 30.00 30.00 30.00 
0 0 0 20.23 0.00000000 0.00000000 0.00 0.00 0.00 0.06 0.05 -0.04 0.01 -0.01 0.00 30.00 30.00 30.00 
0 0 0 20.37 0.00000000 0.00000000 0.00 0.00 0.00 0.06 0.05 -0.08 0.02 -0.01 0.00 30.00 30.00 30.00 
0 0 0 20.50 0.00000000 0.00000000 0.00 0.00 0.00 0.07 0.05 -0.08 0.01 -0.01 0.01 30.00 30.00 30.00 
0 0 0 20.60 0.00000000 0.00000000 0.00 0.00 0.00 0.06 0.06 -0.02 0.02 -0.01 0.00 30.00 30.00 30.00 
0 0 0 20.71 0.00000000 0.00000000 0.00 0.00 0.00 0.06 0.06 -0.01 0.01 -0.01 0.01 30.00 30.00 30.00 
0 0 0 20.81 0.00000000 0.00000000 0.00 0.00 0.00 0.07 0.05 -0.06 0.02 -0.01 0.00 30.00 30.00 30.00 
0 0 0 20.91 0.00000000 0.00000000 0.00 0.00 0.00 0.06 0.05 -0.02 -0.00 -0.01 0.00 30.00 30.00 30.00 
0 0 0 21.01 0.00000000 0.00000000 0.00 0.00 0.00 0.06 0.06 -0.01 0.01 -0.02 0.00 30.00 30.00 30.00 
0 0 0 21.11 0.00000000 0.00000000 0.00 0.00 0.00 0.07 0.05 -0.10 0.02 -0.01 0.00 30.00 30.00 30.00 
0 0 0 21.21 0.00000000 0.00000000 0.00 0.00 0.00 0.05 0.05 0.00 0.00 -0.01 0.00 30.00 30.00 30.00 
0 0 0 21.31 0.00000000 0.00000000 0.00 0.00 0.00 0.06 0.05 -0.03 0.01 -0.01 0.00 30.00 30.00 30.00 
0 0 0 21.42 0.00000000 0.00000000 0.00 0.00 0.00 0.06 0.06 -0.02 0.01 -0.01 0.00 30.00 30.00 30.00 
0 0 0 21.52 0.00000000 0.00000000 0.00 0.00 0.00 0.07 0.06 -0.04 0.02 -0.00 0.00 30.00 30.00 30.00 
0 0 0 21.62 0.00000000 0.00000000 0.00 0.00 0.00 0.05 0.06 0.01 0.01 -0.01 0.00 30.00 30.00 30.00 
0 0 0 21.72 0.00000000 0.00000000 0.00 0.00 0.00 0.06 0.05 -0.04 0.01 -0.01 0.00 30.00 30.00 30.00 
0 0 0 21.82 0.00000000 0.00000000 0.00 0.00 0.00 0.07 0.06 -0.06 0.02 -0.01 0.00 30.00 30.00 30.00 
0 0 0 21.92 0.00000000 0.00000000 0.00 0.00 0.00 0.06 0.05 -0.03 0.01 -0.01 0.00 30.00 30.00 30.00 
0 0 0 22.02 0.00000000 0.00000000 0.00 0.00 0.00 0.06 0.06 -0.04 0.01 -0.01 0.00 30.00 30.00 30.00 
0 0 0 22.12 0.00000000 0.00000000 0.00 0.00 0.00 0.06 0.04 -0.06 0.01 -0.01 0.01 30.00 30.00 30.00 
0 0 0 22.22 0.00000000 0.00000000 0.00 0.00 0.00 0.06 0.05 -0.04 0.02 -0.01 0.00 30.00 30.00 30.00 
0 0 0 22.32 0.00000000 0.00000000 0.00 0.00 0.00 0.05 0.06 0.03 -0.00 -0.00 0.00 30.00 30.00 30.00 
0 0 0 22.42 0.00000000 0.00000000 0.00 0.00 0.00 0.05 0.05 -0.00 0.01 -0.01 0.00 30.00 30.00 30.00 
0 0 0 22.52 0.00000000 0.00000000 0.00 0.00 0.00 0.07 0.05 -0.06 0.03 -0.01 0.00 30.00 30.00 30.00 
0 0 0 22.62 0.00000000 0.00000000 0.00 0.00 0.00 0.06 0.06 -0.07 0.01 -0.01 0.00 30.00 30.00 30.00 
0 0 0 22.72 0.00000000 0.00000000 0.00 0.00 0.00 0.06 0.05 -0.04 0.02 -0.02 0.00 30.00 30.00 30.00 
0 0 0 22.82 0.00000000 0.00000000 0.00 0.00 0.00 0.07 0.06 -0.05 0.01 -0.01 0.00 30.00 30.00 30.00 
0 0 0 22.93 0.00000000 0.00000000 0.00 0.00 0.00 0.06 0.04 -0.10 0.03 -0.01 0.00 30.00 30.00 30.00 
0 0 0 23.03 0.00000000 0.00000000 0.00 0.00 0.00 0.05 0.06 -0.03 0.01 -0.01 0.00 30.00 30.00 30.00 
0 0 0 23.13 0.00000000 0.00000000 0.00 0.00 0.00 0.08 0.06 -0.10 0.03 -0.01 0.00 30.00 30.00 30.00 
0 0 0 23.23 0.00000000 0.00000000 0.00 0.00 0.00 0.06 0.05 -0.01 -0.00 -0.01 0.01 30.00 30.00 30.00 
0 0 0 23.34 0.00000000 0.00000000 0.00 0.00 0.00 0.06 0.06 -0.01 0.01 -0.00 0.00 30.00 30.00 30.00 
0 0 0 23.44 0.00000000 0.00000000 0.00 0.00 0.00 0.07 0.05 -0.10 0.03 -0.01 0.00 30.00 30.00 30.00 
0 0 0 23.54 0.00000000 0.00000000 0.00 0.00 0.00 0.06 0.05 -0.02 0.01 -0.01 0.00 30.00 30.00 30.00 
0 0 0 23.64 0.00000000 0.00000000 0.00 0.00 0.00 0.06 0.06 -0.04 0.01 -0.01 0.00 30.00 30.00 30.00 
0 0 0 23.75 0.00000000 0.00000000 0.00 0.00 0.00 0.07 0.05 -0.08 0.02 -0.00 0.00 30.00 30.00 30.00 
0 0 0 23.85 0.00000000 0.00000000 0.00 0.00 0.00 0.07 0.06 -0.06 0.02 -0.01 0.00 30.00 30.00 30.00 
0 0 0 23.96 0.00000000 0.00000000 0.00 0.00 0.00 0.07 0.05 -0.06 0.01 -0.01 0.00 30.00 30.00 30.00 
0 0 0 24.06 0.00000000 0.00000000 0.00 0.00 0.00 0.07 0.05 -0.07 0.02 -0.02 0.01 30.00 30.00 30.00 
0 0 0 24.16 0.00000000 0.00000000 0.00 0.00 0.00 0.05 0.05 0.01 0.01 -0.01 0.00 30.00 30.00 30.00 
0 0 0 24.26 0.00000000 0.00000000 0.00 0.00 0.00 0.06 0.06 0.01 0.01 -0.01 0.00 30.00 30.00 30.00 
0 0 0 24.36 0.00000000 0.00000000 0.00 0.00 0.00 0.07 0.05 -0.10 0.02 -0.01 0.01 30.00 30.00 30.00 
0 0 0 24.46 0.00000000 0.00000000 0.00 0.00 0.00 0.06 0.05 -0.02 0.01 -0.00 0.00 30.00 30.00 30.00 
0 0 0 24.56 0.00000000 0.00000000 0.00 0.00 0.00 0.05 0.05 -0.00 0.01 -0.01 0.00 30.00 30.00 30.00 
0 0 0 24.67 0.00000000 0.00000000 0.00 0.00 0.00 0.06 0.05 -0.04 -0.00 -0.01 0.00 30.00 30.00 30.00 
0 0 0 24.77 0.00000000 0.00000000 0.00 0.00 0.00 0.07 0.05 -0.11 0.03 -0.01 0.00 30.00 30.00 30.00 
0 0 0 24.87 0.00000000 0.00000000 0.00 0.00 0.00 0.06 0.06 0.00 0.01 -0.00 0.00 30.00 30.00 30.00 
0 0 0 24.98 0.00000000 0.00000000 0.00 0.00 0.00 0.06 0.05 -0.03 0.02 -0.00 0.00 30.00 30.00 30.00 
0 0 0 25.08 0.00000000 0.00000000 0.00 0.00 0.00 0.06 0.05 -0.04 0.01 -0.00 0.00 30.00 30.00 30.00 
0 0 0 25.18 0.00000000 0.00000000 0.00 0.00 0.00 0.05 0.05 -0.02 0.01 -0.01 0.00 30.00 30.00 30.00 
0 0 0 25.28 0.00000000 0.00000000 0.00 0.00 0.00 0.06 0.05 -0.01 -0.00 -0.01 0.00 30.00 30.00 30.00 
0 0 0 25.38 0.00000000 0.00000000 0.00 0.00 0.00 0.07 0.05 -0.05 0.01 -0.01 0.00 30.00 30.00 30.00 
0 0 0 25.48 0.00000000 0.00000000 0.00 0.00 0.00 0.06 0.05 -0.04 0.01 -0.01 0.00 30.00 30.00 30.00 
0 0 0 25.59 0.00000000 0.00000000 0.00 0.00 0.00 0.05 0.05 -0.01 0.00 -0.01 0.00 30.00 30.00 30.00 
0 0 0 25.69 0.00000000 0.00000000 0.00 0.00 0.00 0.07 0.05 -0.07 0.02 -0.01 0.00 30.00 30.00 30.00 
0 0 0 25.79 0.00000000 0.00000000 0.00 0.00 0.00 0.06 0.06 -0.01 0.01 -0.01 0.00 30.00 30.00 30.00 
0 0 0 25.89 0.00000000 0.00000000 0.00 0.00 0.00 0.06 0.06 -0.03 0.02 -0.01 0.00 30.00 30.00 30.00 
0 0 0 25.99 0.00000000 0.00000000 0.00 0.00 0.00 0.06 0.05 -0.01 0.00 -0.01 0.00 30.00 30.00 30.00 
0 0 0 26.09 0.00000000 0.00000000 0.00 0.00 0.00 0.06 0.04 -0.03 0.02 -0.01 0.01 30.00 30.00 30.00 
0 0 0 26.19 0.00000000 0.00000000 0.00 0.00 0.00 0.05 0.05 0.01 0.01 -0.01 0.00 30.00 30.00 30.00 
0 0 0 26.29 0.00000000 0.00000000 0.00 0.00 0.00 0.05 0.05 -0.01 0.01 -0.01 0.01 30.00 30.00 30.00 
0 0 0 26.39 0.00000000 0.00000000 0.00 0.00 0.00 0.07 0.05 -0.06 0.02 -0.01 0.00 30.00 30.00 30.00 
0 0 0 26.50 0.00000000 0.00000000 0.00 0.00 0.00 0.06 0.05 -0.01 0.01 -0.01 0.00 30.00 30.00 30.00 
0 0 0 26.60 0.00000000 0.00000000 0.00 0.00 0.00 0.07 0.05 -0.05 0.02 -0.01 0.00 30.00 30.00 30.00 
0 0 0 26.70 0.00000000 0.00000000 0.00 0.00 0.00 0.07 0.05 -0.06 0.02 -0.01 0.00 30.00 30.00 30.00 
0 0 0 26.80 0.00000000 0.00000000 0.00 0.00 0.00 0.07 0.06 -0.07 0.01 -0.01 0.00 30.00 30.00 30.00 
0 0 0 26.90 0.00000000 0.00000000 0.00 0.00 0.00 0.05 0.05 0.02 0.00 -0.01 0.00 30.00 30.00 30.00 
0 0 0 27.01 0.00000000 0.00000000 0.00 0.00 0.00 0.07 0.05 -0.09 0.03 -0.01 0.00 30.00 30.00 30.00 
0 0 0 27.11 0.00000000 0.00000000 0.00 0.00 0.00 0.05 0.04 -0.02 0.00 -0.01 0.00 30.00 30.00 30.00 
0 0 0 27.21 0.00000000 0.00000000 0.00 0.00 0.00 0.06 0.05 -0.02 0.01 -0.01 0.00 30.00 30.00 30.00 
0 0 0 27.31 0.00000000 0.00000000 0.00 0.00 0.00 0.06 0.05 -0.03 0.02 -0.01 0.01 30.00 30.00 30.00 
0 0 0 27.41 0.00000000 0.00000000 0.00 0.00 0.00 0.05 0.05 0.03 0.02 -0.01 0.00 30.00 30.00 30.00 
0 0 0 27.51 0.00000000 0.00000000 0.00 0.00 0.00 0.06 0.06 -0.03 0.01 -0.01 0.00 30.00 30.00 30.00 
0 0 0 27.61 0.00000000 0.00000000 0.00 0.00 0.00 0.06 0.05 -0.02 -0.00 -0.01 0.00 30.00 30.00 30.00 
0 0 0 27.71 0.00000000 0.00000000 0.00 0.00 0.00 0.07 0.05 -0.07 0.02 -0.01 0.00 30.00 30.00 30.00 
0 0 0 27.81 0.00000000 0.00000000 0.00 0.00 0.00 0.06 0.06 -0.02 0.01 -0.01 0.00 30.00 30.00 30.00 
0 0 0 27.92 0.00000000 0.00000000 0.00 0.00 0.00 0.06 0.06 -0.04 0.01 -0.01 0.01 30.00 30.00 30.00 
0 0 0 28.02 0.00000000 0.00000000 0.00 0.00 0.00 0.06 0.05 -0.07 0.02 -0.01 0.00 30.00 30.00 30.00 
0 0 0 28.12 0.00000000 0.00000000 0.00 0.00 0.00 0.06 0.05 -0.02 0.01 -0.01 0.01 30.00 30.00 30.00 
0 0 0 28.22 0.00000000 0.00000000 0.00 0.00 0.00 0.05 0.06 0.03 0.01 -0.01 0.00 30.00 30.00 30.00 
0 0 0 28.32 0.00000000 0.00000000 0.00 0.00 0.00 0.05 0.05 -0.01 0.01 -0.01 0.00 30.00 30.00 30.00 
0 0 0 28.42 0.00000000 0.00000000 0.00 0.00 0.00 0.06 0.05 -0.02 0.02 -0.01 0.01 30.00 30.00 30.00 
0 0 0 28.53 0.00000000 0.00000000 0.00 0.00 0.00 0.06 0.05 -0.02 0.01 -0.01 0.00 30.00 30.00 30.00 
0 0 0 28.63 0.00000000 0.00000000 0.00 0.00 0.00 0.07 0.05 -0.10 0.03 -0.02 0.01 30.00 30.00 30.00 
0 0 0 28.73 0.00000000 0.00000000 0.00 0.00 0.00 0.07 0.05 -0.06 0.01 -0.01 0.00 30.00 30.00 30.00 
0 0 0 28.84 0.00000000 0.00000000 0.00 0.00 0.00 0.07 0.05 -0.04 0.02 -0.00 0.00 30.00 30.00 30.00 
0 0 0 28.94 0.00000000 0.00000000 0.00 0.00 0.00 0.06 0.05 -0.02 -0.01 -0.01 0.00 30.00 30.00 30.00 
0 0 0 29.04 0.00000000 0.00000000 0.00 0.00 0.00 0.06 0.05 -0.01 0.01 -0.01 0.00 30.00 30.00 30.00 
0 0 0 29.14 0.00000000 0.00000000 0.00 0.00 0.00 0.06 0.05 -0.06 0.02 -0.01 0.00 30.00 30.00 30.00 
0 0 0 29.24 0.00000000 0.00000000 0.00 0.00 0.00 0.06 0.05 -0.01 0.01 -0.01 0.00 30.00 30.00 30.00 
0 0 0 29.34 0.00000000 0.00000000 0.00 0.00 0.00 0.07 0.05 -0.08 0.01 -0.01 0.00 30.00 30.00 30.00 
0 0 0 29.44 0.00000000 0.00000000 0.00 0.00 0.00 0.06 0.05 -0.03 0.01 -0.01 0.00 30.00 30.00 30.00 
0 0 0 29.54 0.00000000 0.00000000 0.00 0.00 0.00 0.06 0.05 -0.04 0.01 -0.01 0.00 30.00 30.00 30.00 
0 0 0 29.65 0.00000000 0.00000000 0.00 0.00 0.00 0.07 0.05 -0.09 0.01 -0.01 0.00 30.00 30.00 30.00 
0 0 0 29.75 0.00000000 0.00000000 0.00 0.00 0.00 0.06 0.04 -0.04 0.02 -0.01 0.00 30.00 30.00 30.00 
0 0 0 29.85 0.00000000 0.00000000 0.00 0.00 0.00 0.06 0.05 -0.04 0.01 -0.01 0.00 30.00 30.00 30.00 
0 0 0 29.95 0.00000000 0.00000000 0.00 0.00 0.00 0.05 0.05 -0.00 0.01 -0.01 0.00 30.00 30.00 30.00 
0 0 0 30.05 0.00000000 0.00000000 0.00 0.00 0.00 0.07 0.05 -0.06 0.00 -0.01 0.00 30.00 30.00 30.00 
0 0 0 30.16 0.00000000 0.00000000 0.00 0.00 0.00 0.07 0.05 -0.09 0.01 -0.01 0.01 30.00 30.00 30.00 
0 0 0 30.26 0.00000000 0.00000000 0.00 0.00 0.00 0.07 0.05 -0.05 0.02 -0.00 0.00 30.00 30.00 30.00 
0 0 0 30.37 0.00000000 0.00000000 0.00 0.00 0.00 0.06 0.05 -0.02 0.01 -0.01 0.00 30.00 30.00 30.00 
0 0 0 30.47 0.00000000 0.00000000 0.00 0.00 0.00 0.06 0.05 -0.01 0.01 -0.01 0.00 30.00 30.00 30.00 
0 0 0 30.57 0.00000000 0.00000000 0.00 0.00 0.00 0.06 0.05 -0.03 0.01 -0.01 0.01 30.00 30.00 30.00 
0 0 0 30.67 0.00000000 0.00000000 0.00 0.00 0.00 0.07 0.05 -0.05 0.02 -0.01 0.00 30.00 30.00 30.00 
0 0 0 30.77 0.00000000 0.00000000 0.00 0.00 0.00 0.06 0.05 -0.07 0.01 -0.02 0.01 30.00 30.00 30.00 
0 0 0 30.87 0.00000000 0.00000000 0.00 0.00 0.00 0.07 0.05 -0.09 0.01 -0.02 0.01 30.00 30.00 30.00 
0 0 0 30.97 0.00000000 0.00000000 0.00 0.00 0.00 0.07 0.05 -0.04 0.02 -0.01 0.00 30.00 30.00 30.00 
0 0 0 31.07 0.00000000 0.00000000 0.00 0.00 0.00 0.06 0.05 -0.02 0.02 -0.01 0.00 30.00 30.00 30.00 
0 0 0 31.17 0.00000000 0.00000000 0.00 0.00 0.00 0.07 0.05 -0.06 0.01 -0.01 0.00 30.00 30.00 30.00 
0 0 0 31.27 0.00000000 0.00000000 0.00 0.00 0.00 0.05 0.06 0.01 0.00 -0.00 0.00 30.00 30.00 30.00 
0 0 0 31.37 0.00000000 0.00000000 0.00 0.00 0.00 0.06 0.05 -0.05 0.01 -0.01 0.00 30.00 30.00 30.00 
0 0 0 31.47 0.00000000 0.00000000 0.00 0.00 0.00 0.07 0.05 -0.04 0.01 -0.01 0.00 30.00 30.00 30.00 
0 0 0 31.57 0.00000000 0.00000000 0.00 0.00 0.00 0.06 0.05 -0.04 0.01 -0.01 0.01 30.00 30.00 30.00 
0 0 0 31.68 0.00000000 0.00000000 0.00 0.00 0.00 0.07 0.06 -0.04 0.02 -0.01 0.00 30.00 30.00 30.00 
0 0 0 31.78 0.00000000 0.00000000 0.00 0.00 0.00 0.06 0.06 0.01 0.01 -0.01 0.00 30.00 30.00 30.00 
0 0 0 31.88 0.00000000 0.00000000 0.00 0.00 0.00 0.07 0.05 -0.04 0.03 -0.01 0.00 30.00 30.00 30.00 
0 0 0 31.98 0.00000000 0.00000000 0.00 0.00 0.00 0.05 0.06 0.00 0.01 -0.01 0.00 30.00 30.00 30.00 
0 0 0 32.08 0.00000000 0.00000000 0.00 0.00 0.00 0.07 0.05 -0.06 0.02 -0.01 0.00 30.00 30.00 30.00 
0 0 0 32.18 0.00000000 0.00000000 0.00 0.00 0.00 0.06 0.05 -0.05 0.01 -0.01 0.00 30.00 30.00 30.00 
0 0 0 32.28 0.00000000 0.00000000 0.00 0.00 0.00 0.06 0.06 -0.01 0.03 -0.01 0.01 30.00 30.00 30.00 
0 0 0 32.38 0.00000000 0.00000000 0.00 0.00 0.00 0.07 0.05 -0.09 0.01 -0.01 0.00 30.00 30.00 30.00 
0 0 0 32.48 0.00000000 0.00000000 0.00 0.00 0.00 0.06 0.05 -0.04 0.01 -0.02 0.00 30.00 30.00 30.00 
0 0 0 32.58 0.00000000 0.00000000 0.00 0.00 0.00 0.01 0.04 0.15 0.02 -0.02 0.01 30.00 30.00 30.00 
0 0 0 32.68 0.00000000 0.00000000 0.00 0.00 0.00 0.03 0.06 0.11 0.02 -0.01 0.01 30.00 30.00 30.00 
0 0 0 32.78 0.00000000 0.00000000 0.00 0.00 0.00 0.07 0.06 -0.07 0.03 -0.01 0.00 30.00 30.00 30.00 
0 0 0 32.88 0.00000000 0.00000000 0.00 0.00 0.00 0.07 0.05 -0.06 0.02 -0.01 0.00 30.00 30.00 30.00 
0 0 0 32.98 0.00000000 0.00000000 0.00 0.00 0.00 0.07 0.05 -0.09 0.03 -0.01 0.01 30.00 30.00 30.00 
0 0 0 33.09 0.00000000 0.00000000 0.00 0.00 0.00 0.06 0.05 -0.02 0.02 -0.01 0.00 30.00 30.00 30.00 
0 0 0 33.19 0.00000000 0.00000000 0.00 0.00 0.00 0.06 0.05 -0.04 0.01 -0.01 0.00 30.00 30.00 30.00 
0 0 0 33.29 0.00000000 0.00000000 0.00 0.00 0.00 0.06 0.05 -0.05 0.02 -0.01 0.01 30.00 30.00 30.00 
0 0 0 33.39 0.00000000 0.00000000 0.00 0.00 0.00 0.06 0.06 -0.03 0.00 -0.01 0.00 30.00 30.00 30.00 
0 0 0 33.49 0.00000000 0.00000000 0.00 0.00 0.00 0.06 0.05 -0.04 0.02 -0.02 0.00 30.00 30.00 30.00 
0 0 0 33.59 0.00000000 0.00000000 0.00 0.00 0.00 0.07 0.05 -0.05 0.01 -0.01 0.00 30.00 30.00 30.00 
0 0 0 33.69 0.00000000 0.00000000 0.00 0.00 0.00 0.07 0.05 -0.08 0.01 -0.01 0.00 30.00 30.00 30.00 
0 0 0 33.79 0.00000000 0.00000000 0.00 0.00 0.00 0.06 0.05 -0.04 0.01 -0.01 0.00 30.00 30.00 30.00 
0 0 0 33.89 0.00000000 0.00000000 0.00 0.00 0.00 0.06 0.06 0.01 0.00 -0.01 0.00 30.00 30.00 30.00 
0 0 0 33.99 0.00000000 0.00000000 0.00 0.00 0.00 0.06 0.05 -0.06 0.02 -0.01 0.00 30.00 30.00 30.00 
0 0 0 34.09 0.00000000 0.00000000 0.00 0.00 0.00 0.06 0.05 -0.01 0.00 -0.01 0.00 30.00 30.00 30.00 
0 0 0 34.19 0.00000000 0.00000000 0.00 0.00 0.00 0.06 0.06 -0.01 0.02 -0.01 0.00 30.00 30.00 30.00 
0 0 0 34.29 0.00000000 0.00000000 0.00 0.00 0.00 0.06 0.05 -0.05 0.01 -0.01 0.01 30.00 30.00 30.00 
0 0 0 34.39 0.00000000 0.00000000 0.00 0.00 0.00 0.06 0.05 -0.03 0.02 -0.01 0.00 30.00 30.00 30.00 
0 0 0 34.49 0.00000000 0.00000000 0.00 0.00 0.00 0.06 0.05 -0.02 0.02 -0.01 0.00 30.00 30.00 30.00 
0 0 0 34.59 0.00000000 0.00000000 0.00 0.00 0.00 0.07 0.05 -0.05 0.02 -0.01 0.00 30.00 30.00 30.00 
0 0 0 34.70 0.00000000 0.00000000 0.00 0.00 0.00 0.07 0.06 -0.05 0.02 -0.01 0.00 30.00 30.00 30.00 
0 0 0 34.80 0.00000000 0.00000000 0.00 0.00 0.00 0.05 0.06 0.01 0.00 -0.01 0.00 30.00 30.00 30.00 
0 0 0 34.90 0.00000000 0.00000000 0.00 0.00 0.00 0.06 0.05 -0.05 0.02 -0.01 0.00 30.00 30.00 30.00 
0 0 0 35.00 0.00000000 0.00000000 0.00 0.00 0.00 0.07 0.05 -0.07 0.02 -0.01 0.00 30.00 30.00 30.00 
0 0 0 35.10 0.00000000 0.00000000 0.00 0.00 0.00 0.06 0.04 -0.06 0.03 -0.01 0.00 30.00 30.00 30.00 
0 0 0 35.20 0.00000000 0.00000000 0.00 0.00 0.00 0.07 0.05 -0.07 0.01 -0.01 0.01 30.00 30.00 30.00 
0 0 0 35.30 0.00000000 0.00000000 0.00 0.00 0.00 0.06 0.06 -0.01 0.01 -0.02 0.00 30.00 30.00 30.00 
0 0 0 35.40 0.00000000 0.00000000 0.00 0.00 0.00 0.06 0.06 0.03 0.01 -0.01 0.01 30.00 30.00 30.00 
0 0 0 35.50 0.00000000 0.00000000 0.00 0.00 0.00 0.06 0.05 -0.05 -0.00 -0.01 0.01 30.00 30.00 30.00 
0 0 0 35.60 0.00000000 0.00000000 0.00 0.00 0.00 0.07 0.05 -0.05 0.02 -0.01 0.00 30.00 30.00 30.00 
0 0 0 35.70 0.00000000 0.00000000 0.00 0.00 0.00 0.06 0.05 -0.06 0.01 -0.01 0.00 30.00 30.00 30.00 
0 0 0 35.80 0.00000000 0.00000000 0.00 0.00 0.00 0.06 0.05 -0.04 0.01 -0.01 0.01 30.00 30.00 30.00 
0 0 0 35.90 0.00000000 0.00000000 0.00 0.00 0.00 0.06 0.05 -0.04 0.01 -0.01 0.00 30.00 30.00 30.00 
0 0 0 36.00 0.00000000 0.00000000 0.00 0.00 0.00 0.06 0.05 -0.02 0.02 -0.01 0.00 30.00 30.00 30.00 
0 0 0 36.11 0.00000000 0.00000000 0.00 0.00 0.00 0.06 0.05 -0.03 0.01 -0.00 0.01 30.00 30.00 30.00 
0 0 0 36.21 0.00000000 0.00000000 0.00 0.00 0.00 0.06 0.05 -0.04 0.01 -0.01 0.01 30.00 30.00 30.00 
0 0 0 36.31 0.00000000 0.00000000 0.00 0.00 0.00 0.07 0.05 -0.04 0.02 -0.01 0.00 30.00 30.00 30.00 
0 0 0 36.41 0.00000000 0.00000000 0.00 0.00 0.00 0.06 0.05 -0.04 0.01 -0.01 0.00 30.00 30.00 30.00 
0 0 0 36.51 0.00000000 0.00000000 0.00 0.00 0.00 0.07 0.06 -0.07 0.01 -0.01 0.00 30.00 30.00 30.00 
0 0 0 36.61 0.00000000 0.00000000 0.00 0.00 0.00 0.07 0.05 -0.04 0.02 -0.01 0.00 30.00 30.00 30.00 
0 0 0 36.71 0.00000000 0.00000000 0.00 0.00 0.00 0.06 0.05 -0.06 0.02 -0.01 0.00 30.00 30.00 30.00 
0 0 0 36.84 0.00000000 0.00000000 0.00 0.00 0.00 0.07 0.05 -0.08 0.01 -0.01 0.00 30.00 30.00 30.00 
0 0 0 36.98 0.00000000 0.00000000 0.00 0.00 0.00 0.06 0.05 -0.04 0.01 -0.01 0.00 30.00 30.00 30.00 
0 0 0 37.11 0.00000000 0.00000000 0.00 0.00 0.00 0.06 0.05 0.01 0.01 -0.01 0.00 30.00 30.00 30.00 
0 0 0 37.25 0.00000000 0.00000000 0.00 0.00 0.00 0.06 0.06 -0.03 0.01 -0.01 0.00 30.00 30.00 30.00 
0 0 0 37.36 0.00000000 0.00000000 0.00 0.00 0.00 0.07 0.05 -0.05 0.02 -0.01 0.00 30.00 30.00 30.00 
0 0 0 37.46 0.00000000 0.00000000 0.00 0.00 0.00 0.07 0.05 -0.04 0.01 -0.01 0.00 30.00 30.00 30.00 
0 0 0 37.56 0.00000000 0.00000000 0.00 0.00 0.00 0.06 0.05 -0.02 0.00 -0.01 0.00 30.00 30.00 30.00 
0 0 0 37.66 0.00000000 0.00000000 0.00 0.00 0.00 0.05 0.05 0.02 0.01 -0.01 0.00 30.00 30.00 30.00 
0 0 0 37.77 0.00000000 0.00000000 0.00 0.00 0.00 0.06 0.05 -0.02 0.01 -0.01 0.00 30.00 30.00 30.00 
0 0 0 37.87 0.00000000 0.00000000 0.00 0.00 0.00 0.06 0.05 -0.02 0.01 -0.01 0.00 30.00 30.00 30.00 
0 0 0 37.97 0.00000000 0.00000000 0.00 0.00 0.00 0.06 0.06 0.02 0.00 -0.00 0.00 30.00 30.00 30.00 
0 0 0 38.07 0.00000000 0.00000000 0.00 0.00 0.00 0.06 0.05 -0.03 0.02 -0.01 0.01 30.00 30.00 30.00 
0 0 0 38.17 0.00000000 0.00000000 0.00 0.00 0.00 0.07 0.06 -0.04 0.01 -0.01 0.01 30.00 30.00 30.00 
0 0 0 38.27 0.00000000 0.00000000 0.00 0.00 0.00 0.05 0.06 0.02 0.01 -0.01 0.00 30.00 30.00 30.00 
0 0 0 38.37 0.00000000 0.00000000 0.00 0.00 0.00 0.05 0.05 -0.00 0.00 -0.01 0.00 30.00 30.00 30.00 
0 0 0 38.47 0.00000000 0.00000000 0.00 0.00 0.00 0.07 0.05 -0.05 0.02 -0.01 0.00 30.00 30.00 30.00 
0 0 0 38.57 0.00000000 0.00000000 0.00 0.00 0.00 0.07 0.05 -0.08 0.02 -0.01 0.00 30.00 30.00 30.00 
0 0 0 38.67 0.00000000 0.00000000 0.00 0.00 0.00 0.06 0.05 -0.01 0.00 -0.01 0.00 30.00 30.00 30.00 
0 0 0 38.77 0.00000000 0.00000000 0.00 0.00 0.00 0.06 0.05 -0.02 0.02 -0.01 0.00 30.00 30.00 30.00 
0 0 0 38.87 0.00000000 0.00000000 0.00 0.00 0.00 0.06 0.04 -0.05 0.01 -0.01 0.00 30.00 30.00 30.00 
0 0 0 38.97 0.00000000 0.00000000 0.00 0.00 0.00 0.06 0.05 -0.02 0.00 -0.01 0.00 30.00 30.00 30.00 
0 0 0 39.07 0.00000000 0.00000000 0.00 0.00 0.00 0.06 0.07 0.00 -0.00 -0.00 0.00 30.00 30.00 30.00 
0 0 0 39.18 0.00000000 0.00000000 0.00 0.00 0.00 0.07 0.05 -0.09 0.02 -0.02 0.00 30.00 30.00 30.00 
0 0 0 39.28 0.00000000 0.00000000 0.00 0.00 0.00 0.07 0.05 -0.07 0.02 -0.01 0.01 30.00 30.00 30.00 
0 0 0 39.38 0.00000000 0.00000000 0.00 0.00 0.00 0.05 0.05 -0.00 0.01 -0.01 0.00 30.00 30.00 30.00 
0 0 0 39.48 0.00000000 0.00000000 0.00 0.00 0.00 0.07 0.05 -0.05 0.02 -0.01 0.00 30.00 30.00 30.00 
0 0 0 39.58 0.00000000 0.00000000 0.00 0.00 0.00 0.06 0.05 -0.06 0.01 -0.01 0.00 30.00 30.00 30.00 
0 0 0 39.68 0.00000000 0.00000000 0.00 0.00 0.00 0.05 0.06 0.03 0.01 -0.01 0.00 30.00 30.00 30.00 
0 0 0 39.78 0.00000000 0.00000000 0.00 0.00 0.00 0.07 0.05 -0.07 0.01 -0.01 0.00 30.00 30.00 30.00 
0 0 0 39.88 0.00000000 0.00000000 0.00 0.00 0.00 0.07 0.05 -0.04 0.03 -0.01 0.01 30.00 30.00 30.00 
0 0 0 39.98 0.00000000 0.00000000 0.00 0.00 0.00 0.07 0.06 -0.04 0.02 -0.01 0.00 30.00 30.00 30.00 
0 0 0 40.08 0.00000000 0.00000000 0.00 0.00 0.00 0.06 0.05 -0.01 0.00 -0.01 0.00 30.00 30.00 30.00 
0 0 0 40.18 0.00000000 0.00000000 0.00 0.00 0.00 0.07 0.05 -0.10 0.02 -0.01 0.00 30.00 30.00 30.00 
0 0 0 40.28 0.00000000 0.00000000 0.00 0.00 0.00 0.06 0.05 -0.05 0.01 -0.01 0.00 30.00 30.00 30.00 
0 0 0 40.38 0.00000000 0.00000000 0.00 0.00 0.00 0.06 0.05 -0.03 0.02 -0.01 0.00 30.00 30.00 30.00 
0 0 0 40.48 0.00000000 0.00000000 0.00 0.00 0.00 0.06 0.05 -0.04 0.02 -0.02 0.00 30.00 30.00 30.00 
0 0 0 40.58 0.00000000 0.00000000 0.00 0.00 0.00 0.07 0.05 -0.07 0.02 -0.01 0.00 30.00 30.00 30.00 
0 0 0 40.69 0.00000000 0.00000000 0.00 0.00 0.00 0.07 0.05 -0.05 0.02 -0.01 0.00 30.00 30.00 30.00 
0 0 0 40.79 0.00000000 0.00000000 0.00 0.00 0.00 0.05 0.06 0.05 -0.00 -0.01 0.00 30.00 30.00 30.00 
0 0 0 40.89 0.00000000 0.00000000 0.00 0.00 0.00 0.05 0.04 -0.00 0.02 -0.01 0.00 30.00 30.00 30.00 
0 0 0 40.99 0.00000000 0.00000000 0.00 0.00 0.00 0.06 0.05 -0.01 0.00 -0.01 0.00 30.00 30.00 30.00 
0 0 0 41.09 0.00000000 0.00000000 0.00 0.00 0.00 0.07 0.05 -0.07 0.02 -0.01 0.00 30.00 30.00 30.00 
0 0 0 41.19 0.00000000 0.00000000 0.00 0.00 0.00 0.05 0.05 0.02 -0.01 -0.01 0.01 30.00 30.00 30.00 
0 0 0 41.29 0.00000000 0.00000000 0.00 0.00 0.00 0.06 0.06 -0.04 0.03 -0.01 0.01 30.00 30.00 30.00 
0 0 0 41.39 0.00000000 0.00000000 0.00 0.00 0.00 0.04 0.05 0.07 -0.02 -0.01 0.00 30.00 30.00 30.00 
0 0 0 41.49 0.00000000 0.00000000 0.00 0.00 0.00 0.05 0.05 0.01 0.01 -0.01 0.00 30.00 30.00 30.00 
0 0 0 41.59 0.00000000 0.00000000 0.00 0.00 0.00 0.06 0.05 -0.02 0.03 -0.01 0.00 30.00 30.00 30.00 
0 0 0 41.69 0.00000000 0.00000000 0.00 0.00 0.00 0.06 0.05 -0.05 0.04 -0.00 0.00 30.00 30.00 30.00 
0 0 0 41.79 0.00000000 0.00000000 0.00 0.00 0.00 0.05 0.06 0.02 -0.00 -0.01 0.00 30.00 30.00 30.00 
0 0 0 41.89 0.00000000 0.00000000 0.00 0.00 0.00 0.05 0.05 -0.02 0.02 -0.01 0.01 30.00 30.00 30.00 
0 0 0 41.99 0.00000000 0.00000000 0.00 0.00 0.00 0.06 0.04 -0.03 0.02 -0.01 0.00 30.00 30.00 30.00 
0 0 0 42.09 0.00000000 0.00000000 0.00 0.00 0.00 0.08 0.06 -0.14 0.03 -0.01 0.00 30.00 30.00 30.00 
0 0 0 42.20 0.00000000 0.00000000 0.00 0.00 0.00 0.06 0.05 -0.04 0.01 -0.00 0.00 30.00 30.00 30.00 
0 0 0 42.30 0.00000000 0.00000000 0.00 0.00 0.00 0.05 0.06 -0.01 0.02 -0.01 0.00 30.00 30.00 30.00 
0 0 0 42.40 0.00000000 0.00000000 0.00 0.00 0.00 0.07 0.05 -0.06 0.00 -0.01 0.00 30.00 30.00 30.00 
0 0 0 42.50 0.00000000 0.00000000 0.00 0.00 0.00 0.06 0.06 -0.04 0.01 -0.01 0.00 30.00 30.00 30.00 
0 0 0 42.60 0.00000000 0.00000000 0.00 0.00 0.00 0.06 0.05 -0.04 0.02 -0.01 0.00 30.00 30.00 30.00 
0 0 0 42.70 0.00000000 0.00000000 0.00 0.00 0.00 0.07 0.05 -0.06 0.02 -0.01 0.00 30.00 30.00 30.00 
0 0 0 42.80 0.00000000 0.00000000 0.00 0.00 0.00 0.06 0.05 -0.02 0.01 -0.01 0.01 30.00 30.00 30.00 
0 0 0 42.90 0.00000000 0.00000000 0.00 0.00 0.00 0.06 0.06 -0.02 0.01 -0.01 0.00 30.00 30.00 30.00 
0 0 0 43.00 0.00000000 0.00000000 0.00 0.00 0.00 0.07 0.05 -0.05 0.01 -0.01 0.00 30.00 30.00 30.00 
0 0 0 43.10 0.00000000 0.00000000 0.00 0.00 0.00 0.05 0.06 0.02 0.01 -0.01 0.00 30.00 30.00 30.00 
0 0 0 43.20 0.00000000 0.00000000 0.00 0.00 0.00 0.06 0.05 -0.01 0.02 -0.01 0.00 30.00 30.00 30.00 
0 0 0 43.30 0.00000000 0.00000000 0.00 0.00 0.00 0.05 0.06 0.00 0.02 -0.01 0.00 30.00 30.00 30.00 
0 0 0 43.40 0.00000000 0.00000000 0.00 0.00 0.00 0.07 0.05 -0.09 0.02 -0.01 0.00 30.00 30.00 30.00 
0 0 0 43.50 0.00000000 0.00000000 0.00 0.00 0.00 0.05 0.05 0.02 0.01 -0.01 0.00 30.00 30.00 30.00 
0 0 0 43.61 0.00000000 0.00000000 0.00 0.00 0.00 0.06 0.06 0.01 0.01 -0.01 0.00 30.00 30.00 30.00 
0 0 0 43.71 0.00000000 0.00000000 0.00 0.00 0.00 0.06 0.05 -0.03 0.02 -0.02 0.00 30.00 30.00 30.00 
0 0 0 43.81 0.00000000 0.00000000 0.00 0.00 0.00 0.06 0.05 -0.08 0.01 -0.01 0.00 30.00 30.00 30.00 
0 0 0 43.91 0.00000000 0.00000000 0.00 0.00 0.00 0.05 0.06 0.03 0.02 -0.01 0.00 30.00 30.00 30.00 
0 0 0 44.01 0.00000000 0.00000000 0.00 0.00 0.00 0.07 0.05 -0.06 0.02 -0.01 0.00 30.00 30.00 30.00 
0 0 0 44.11 0.00000000 0.00000000 0.00 0.00 0.00 0.07 0.05 -0.09 0.02 -0.01 0.00 30.00 30.00 30.00 
0 0 0 44.21 0.00000000 0.00000000 0.00 0.00 0.00 0.06 0.05 -0.05 0.01 -0.01 0.00 30.00 30.00 30.00 
0 0 0 44.31 0.00000000 0.00000000 0.00 0.00 0.00 0.05 0.06 0.02 -0.00 -0.01 0.00 30.00 30.00 30.00 
0 0 0 44.41 0.00000000 0.00000000 0.00 0.00 0.00 0.07 0.05 -0.09 0.02 -0.01 0.01 30.00 30.00 30.00 
0 0 0 44.51 0.00000000 0.00000000 0.00 0.00 0.00 0.05 0.06 0.02 -0.00 -0.01 0.00 30.00 30.00 30.00 
0 0 0 44.61 0.00000000 0.00000000 0.00 0.00 0.00 0.06 0.06 -0.01 0.01 -0.01 0.00 30.00 30.00 30.00 
0 0 0 44.71 0.00000000 0.00000000 0.00 0.00 0.00 0.05 0.05 0.01 0.01 -0.01 0.01 30.00 30.00 30.00 
0 0 0 44.81 0.00000000 0.00000000 0.00 0.00 0.00 0.07 0.05 -0.06 0.03 -0.01 0.01 30.00 30.00 30.00 
0 0 0 44.91 0.00000000 0.00000000 0.00 0.00 0.00 0.06 0.05 -0.02 0.01 -0.01 0.00 30.00 30.00 30.00 
0 0 0 45.02 0.00000000 0.00000000 0.00 0.00 0.00 0.07 0.05 -0.02 0.01 -0.01 0.00 30.00 30.00 30.00 
0 0 0 45.12 0.00000000 0.00000000 0.00 0.00 0.00 0.07 0.05 -0.09 0.02 -0.01 0.00 30.00 30.00 30.00 
0 0 0 45.22 0.00000000 0.00000000 0.00 0.00 0.00 0.06 0.05 -0.05 0.02 -0.00 0.00 30.00 30.00 30.00 
0 0 0 45.32 0.00000000 0.00000000 0.00 0.00 0.00 0.06 0.05 -0.02 0.01 -0.01 0.00 30.00 30.00 30.00 
0 0 0 45.42 0.00000000 0.00000000 0.00 0.00 0.00 0.06 0.05 -0.08 0.01 -0.01 0.00 30.00 30.00 30.00 
0 0 0 45.52 0.00000000 0.00000000 0.00 0.00 0.00 0.07 0.05 -0.05 0.02 -0.01 0.01 30.00 30.00 30.00 
0 0 0 45.62 0.00000000 0.00000000 0.00 0.00 0.00 0.06 0.05 -0.01 -0.00 -0.01 0.00 30.00 30.00 30.00 
0 0 0 45.72 0.00000000 0.00000000 0.00 0.00 0.00 0.05 0.06 -0.01 0.02 -0.01 0.01 30.00 30.00 30.00 
0 0 0 45.82 0.00000000 0.00000000 0.00 0.00 0.00 0.07 0.05 -0.05 0.02 -0.01 0.00 30.00 30.00 30.00 
0 0 0 45.92 0.00000000 0.00000000 0.00 0.00 0.00 0.06 0.04 -0.07 0.01 -0.01 0.00 30.00 30.00 30.00 
0 0 0 46.02 0.00000000 0.00000000 0.00 0.00 0.00 0.06 0.05 -0.01 0.01 -0.01 0.01 30.00 30.00 30.00 
0 0 0 46.12 0.00000000 0.00000000 0.00 0.00 0.00 0.06 0.05 -0.03 -0.01 -0.00 0.00 30.00 30.00 30.00 
0 0 0 46.22 0.00000000 0.00000000 0.00 0.00 0.00 0.06 0.05 -0.04 0.02 -0.01 0.01 30.00 30.00 30.00 
0 0 0 46.32 0.00000000 0.00000000 0.00 0.00 0.00 0.06 0.05 -0.05 0.02 -0.01 0.01 30.00 30.00 30.00 
0 0 0 46.43 0.00000000 0.00000000 0.00 0.00 0.00 0.06 0.05 0.00 0.02 -0.01 0.00 30.00 30.00 30.00 
0 0 0 46.53 0.00000000 0.00000000 0.00 0.00 0.00 0.07 0.05 -0.10 0.02 -0.01 0.00 30.00 30.00 30.00 
0 0 0 46.63 0.00000000 0.00000000 0.00 0.00 0.00 0.05 0.05 -0.03 0.01 -0.01 0.00 30.00 30.00 30.00 
0 0 0 46.73 0.00000000 0.00000000 0.00 0.00 0.00 0.07 0.05 -0.10 0.02 -0.01 0.00 30.00 30.00 30.00 
0 0 0 46.83 0.00000000 0.00000000 0.00 0.00 0.00 0.07 0.05 -0.08 0.01 -0.01 0.01 30.00 30.00 30.00 
0 0 0 46.93 0.00000000 0.00000000 0.00 0.00 0.00 0.05 0.06 0.06 -0.02 -0.01 0.00 30.00 30.00 30.00 
0 0 0 47.03 0.00000000 0.00000000 0.00 0.00 0.00 0.07 0.06 -0.09 0.05 -0.01 0.01 30.00 30.00 30.00 
0 0 0 47.13 0.00000000 0.00000000 0.00 0.00 0.00 0.06 0.05 -0.04 -0.01 -0.01 0.00 30.00 30.00 30.00 
0 0 0 47.23 0.00000000 0.00000000 0.00 0.00 0.00 0.06 0.04 -0.01 -0.00 -0.00 0.00 30.00 30.00 30.00 
0 0 0 47.33 0.00000000 0.00000000 0.00 0.00 0.00 0.06 0.05 -0.09 0.01 -0.01 0.00 30.00 30.00 30.00 
0 0 0 47.43 0.00000000 0.00000000 0.00 0.00 0.00 0.07 0.06 -0.05 0.01 -0.01 0.00 30.00 30.00 30.00 
0 0 0 47.53 0.00000000 0.00000000 0.00 0.00 0.00 0.06 0.06 -0.03 0.01 -0.01 0.00 30.00 30.00 30.00 
0 0 0 47.63 0.00000000 0.00000000 0.00 0.00 0.00 0.06 0.05 -0.02 0.01 -0.01 0.00 30.00 30.00 30.00 
0 0 0 47.73 0.00000000 0.00000000 0.00 0.00 0.00 0.06 0.05 -0.01 0.01 -0.01 0.01 30.00 30.00 30.00 
0 0 0 47.83 0.00000000 0.00000000 0.00 0.00 0.00 0.07 0.05 -0.07 0.01 -0.01 0.00 30.00 30.00 30.00 
0 0 0 47.94 0.00000000 0.00000000 0.00 0.00 0.00 0.05 0.05 -0.01 0.01 -0.01 0.00 30.00 30.00 30.00 
0 0 0 48.04 0.00000000 0.00000000 0.00 0.00 0.00 0.06 0.05 -0.04 0.00 -0.01 0.01 30.00 30.00 30.00 
0 0 0 48.14 0.00000000 0.00000000 0.00 0.00 0.00 0.06 0.04 -0.05 0.03 -0.02 0.01 30.00 30.00 30.00 
0 0 0 48.24 0.00000000 0.00000000 0.00 0.00 0.00 0.06 0.06 -0.03 0.00 -0.01 0.01 30.00 30.00 30.00 
0 0 0 48.34 0.00000000 0.00000000 0.00 0.00 0.00 0.06 0.05 -0.05 0.03 -0.01 0.01 30.00 30.00 30.00 
0 0 0 48.44 0.00000000 0.00000000 0.00 0.00 0.00 0.06 0.06 0.01 0.01 -0.01 0.00 30.00 30.00 30.00 
0 0 0 48.54 0.00000000 0.00000000 0.00 0.00 0.00 0.06 0.05 -0.05 0.01 -0.01 0.00 30.00 30.00 30.00 
0 0 0 48.64 0.00000000 0.00000000 0.00 0.00 0.00 0.05 0.05 0.02 0.01 -0.01 0.01 30.00 30.00 30.00 
0 0 0 48.74 0.00000000 0.00000000 0.00 0.00 0.00 0.06 0.05 -0.04 0.01 -0.01 0.00 30.00 30.00 30.00 
0 0 0 48.84 0.00000000 0.00000000 0.00 0.00 0.00 0.07 0.05 -0.06 0.03 -0.01 0.00 30.00 30.00 30.00 
0 0 0 48.94 0.00000000 0.00000000 0.00 0.00 0.00 0.07 0.05 -0.06 0.02 -0.01 0.00 30.00 30.00 30.00 
0 0 0 49.04 0.00000000 0.00000000 0.00 0.00 0.00 0.06 0.05 -0.06 0.02 -0.01 0.00 30.00 30.00 30.00 
0 0 0 49.14 0.00000000 0.00000000 0.00 0.00 0.00 0.05 0.05 -0.01 0.01 -0.01 0.00 30.00 30.00 30.00 
0 0 0 49.24 0.00000000 0.00000000 0.00 0.00 0.00 0.06 0.06 -0.04 0.01 -0.00 0.01 30.00 30.00 30.00 
0 0 0 49.34 0.00000000 0.00000000 0.00 0.00 0.00 0.06 0.04 -0.02 0.01 -0.01 0.00 30.00 30.00 30.00 
0 0 0 49.45 0.00000000 0.00000000 0.00 0.00 0.00 0.06 0.06 -0.02 0.01 -0.01 0.00 30.00 30.00 30.00 
0 0 0 49.55 0.00000000 0.00000000 0.00 0.00 0.00 0.07 0.05 -0.09 0.04 -0.02 0.00 30.00 30.00 30.00 
0 0 0 49.65 0.00000000 0.00000000 0.00 0.00 0.00 0.07 0.06 -0.06 0.02 -0.01 0.00 30.00 30.00 30.00 
0 0 0 49.75 0.00000000 0.00000000 0.00 0.00 0.00 0.07 0.05 -0.07 0.02 -0.01 0.00 30.00 30.00 30.00 
0 0 0 49.85 0.00000000 0.00000000 0.00 0.00 0.00 0.05 0.05 0.03 0.00 -0.01 0.00 30.00 30.00 30.00 
0 0 0 49.95 0.00000000 0.00000000 0.00 0.00 0.00 0.05 0.05 0.01 0.00 -0.01 0.00 30.00 30.00 30.00 
0 0 0 50.05 0.00000000 0.00000000 0.00 0.00 0.00 0.06 0.05 -0.02 0.01 -0.01 0.00 30.00 30.00 30.00 
0 0 0 50.15 0.00000000 0.00000000 0.00 0.00 0.00 0.06 0.05 -0.04 0.02 -0.01 0.00 30.00 30.00 30.00 
0 0 0 50.25 0.00000000 0.00000000 0.00 0.00 0.00 0.07 0.06 -0.05 0.03 -0.01 0.00 30.00 30.00 30.00 
0 0 0 50.35 0.00000000 0.00000000 0.00 0.00 0.00 0.06 0.05 -0.04 0.01 -0.01 0.00 30.00 30.00 30.00 
0 0 0 50.45 0.00000000 0.00000000 0.00 0.00 0.00 0.08 0.05 -0.11 0.03 -0.01 0.00 30.00 30.00 30.00 
0 0 0 50.55 0.00000000 0.00000000 0.00 0.00 0.00 0.07 0.05 -0.07 0.01 -0.01 0.00 30.00 30.00 30.00 
0 0 0 50.65 0.00000000 0.00000000 0.00 0.00 0.00 0.05 0.06 0.02 0.01 -0.01 0.00 30.00 30.00 30.00 
0 0 0 50.75 0.00000000 0.00000000 0.00 0.00 0.00 0.04 0.06 0.07 -0.01 -0.00 0.00 30.00 30.00 30.00 
0 0 0 50.86 0.00000000 0.00000000 0.00 0.00 0.00 0.07 0.05 -0.06 0.02 -0.01 0.01 30.00 30.00 30.00 
0 0 0 50.96 0.00000000 0.00000000 0.00 0.00 0.00 0.06 0.06 -0.03 0.02 -0.01 0.00 30.00 30.00 30.00 
0 0 0 51.06 0.00000000 0.00000000 0.00 0.00 0.00 0.07 0.05 -0.06 0.03 -0.01 0.01 30.00 30.00 30.00 
0 0 0 51.16 0.00000000 0.00000000 0.00 0.00 0.00 0.07 0.05 -0.12 0.02 -0.01 0.00 30.00 30.00 30.00 
0 0 0 51.26 0.00000000 0.00000000 0.00 0.00 0.00 0.06 0.06 -0.05 0.01 -0.00 0.00 30.00 30.00 30.00 
0 0 0 51.36 0.00000000 0.00000000 0.00 0.00 0.00 0.05 0.06 0.02 -0.00 -0.01 0.00 30.00 30.00 30.00 
0 0 0 51.46 0.00000000 0.00000000 0.00 0.00 0.00 0.06 0.04 -0.02 0.03 -0.01 0.00 30.00 30.00 30.00 
0 0 0 51.56 0.00000000 0.00000000 0.00 0.00 0.00 0.06 0.06 -0.03 0.01 0.00 0.00 30.00 30.00 30.00 
0 0 0 51.66 0.00000000 0.00000000 0.00 0.00 0.00 0.07 0.05 -0.09 0.04 -0.01 0.01 30.00 30.00 30.00 
0 0 0 51.76 0.00000000 0.00000000 0.00 0.00 0.00 0.05 0.06 -0.01 -0.01 -0.01 0.01 30.00 30.00 30.00 
0 0 0 51.86 0.00000000 0.00000000 0.00 0.00 0.00 0.07 0.05 -0.06 0.03 -0.01 0.01 30.00 30.00 30.00 
0 0 0 51.96 0.00000000 0.00000000 0.00 0.00 0.00 0.08 0.05 -0.10 0.01 -0.01 0.00 30.00 30.00 30.00 
0 0 0 52.06 0.00000000 0.00000000 0.00 0.00 0.00 0.06 0.05 -0.04 0.00 -0.01 0.00 30.00 30.00 30.00 
0 0 0 52.16 0.00000000 0.00000000 0.00 0.00 0.00 0.05 0.06 0.03 -0.00 -0.01 0.00 30.00 30.00 30.00 
0 0 0 52.27 0.00000000 0.00000000 0.00 0.00 0.00 0.07 0.05 -0.08 0.01 -0.01 0.00 30.00 30.00 30.00 
0 0 0 52.37 0.00000000 0.00000000 0.00 0.00 0.00 0.06 0.05 -0.05 0.01 -0.01 0.01 30.00 30.00 30.00 
0 0 0 52.47 0.00000000 0.00000000 0.00 0.00 0.00 0.06 0.06 -0.03 0.00 -0.01 0.00 30.00 30.00 30.00 
0 0 0 52.57 0.00000000 0.00000000 0.00 0.00 0.00 0.06 0.06 -0.03 0.02 -0.01 0.00 30.00 30.00 30.00 
0 0 0 52.67 0.00000000 0.00000000 0.00 0.00 0.00 0.06 0.05 -0.06 0.02 -0.01 0.00 30.00 30.00 30.00 
0 0 0 52.77 0.00000000 0.00000000 0.00 0.00 0.00 0.05 0.05 -0.01 0.01 -0.01 0.01 30.00 30.00 30.00 
0 0 0 52.87 0.00000000 0.00000000 0.00 0.00 0.00 0.05 0.05 0.04 -0.00 -0.01 0.00 30.00 30.00 30.00 
0 0 0 52.97 0.00000000 0.00000000 0.00 0.00 0.00 0.06 0.05 -0.04 0.01 -0.01 0.00 30.00 30.00 30.00 
0 0 0 53.07 0.00000000 0.00000000 0.00 0.00 0.00 0.07 0.05 -0.04 0.02 -0.01 0.00 30.00 30.00 30.00 
0 0 0 53.17 0.00000000 0.00000000 0.00 0.00 0.00 0.06 0.05 -0.01 0.00 -0.01 0.00 30.00 30.00 30.00 
0 0 0 53.27 0.00000000 0.00000000 0.00 0.00 0.00 0.06 0.05 -0.01 0.02 -0.01 0.01 30.00 30.00 30.00 
0 0 0 53.37 0.00000000 0.00000000 0.00 0.00 0.00 0.05 0.05 0.01 0.01 -0.01 0.00 30.00 30.00 30.00 
0 0 0 53.51 0.00000000 0.00000000 0.00 0.00 0.00 0.06 0.05 -0.03 0.00 -0.01 0.00 30.00 30.00 30.00 
0 0 0 53.64 0.00000000 0.00000000 0.00 0.00 0.00 0.05 0.06 0.01 0.02 -0.01 0.00 30.00 30.00 30.00 
0 0 0 53.78 0.00000000 0.00000000 0.00 0.00 0.00 0.07 0.05 -0.08 0.02 -0.01 0.01 30.00 30.00 30.00 
0 0 0 53.91 0.00000000 0.00000000 0.00 0.00 0.00 0.07 0.05 -0.05 0.02 -0.01 0.00 30.00 30.00 30.00 
0 0 0 54.01 0.00000000 0.00000000 0.00 0.00 0.00 0.07 0.06 -0.06 0.03 -0.01 0.00 30.00 30.00 30.00 
0 0 0 54.11 0.00000000 0.00000000 0.00 0.00 0.00 0.07 0.04 -0.09 0.03 -0.01 0.01 30.00 30.00 30.00 
0 0 0 54.21 0.00000000 0.00000000 0.00 0.00 0.00 0.05 0.05 -0.03 -0.00 -0.01 0.01 30.00 30.00 30.00 
0 0 0 54.31 0.00000000 0.00000000 0.00 0.00 0.00 0.05 0.05 -0.01 0.00 -0.01 0.00 30.00 30.00 30.00 
0 0 0 54.42 0.00000000 0.00000000 0.00 0.00 0.00 0.07 0.06 -0.07 0.01 -0.01 0.00 30.00 30.00 30.00 
0 0 0 54.52 0.00000000 0.00000000 0.00 0.00 0.00 0.07 0.05 -0.06 0.03 -0.01 0.00 30.00 30.00 30.00 
0 0 0 54.62 0.00000000 0.00000000 0.00 0.00 0.00 0.06 0.05 -0.05 0.03 -0.01 0.00 30.00 30.00 30.00 
0 0 0 54.72 0.00000000 0.00000000 0.00 0.00 0.00 0.06 0.06 0.03 0.01 -0.01 0.00 30.00 30.00 30.00 
0 0 0 54.82 0.00000000 0.00000000 0.00 0.00 0.00 0.07 0.05 -0.29 0.02 -0.01 0.01 30.00 30.00 30.00 
0 0 0 54.92 0.00000000 0.00000000 0.00 0.00 0.00 0.06 0.05 -0.03 -0.01 -0.00 0.00 30.00 30.00 30.00 
0 0 0 55.02 0.00000000 0.00000000 0.00 0.00 0.00 0.06 0.05 -0.06 0.02 -0.01 0.00 30.00 30.00 30.00 
0 0 0 55.12 0.00000000 0.00000000 0.00 0.00 0.00 0.07 0.05 -0.09 0.01 -0.01 0.00 30.00 30.00 30.00 
0 0 0 55.22 0.00000000 0.00000000 0.00 0.00 0.00 0.06 0.06 -0.03 0.01 -0.01 0.00 30.00 30.00 30.00 
0 0 0 55.32 0.00000000 0.00000000 0.00 0.00 0.00 0.06 0.05 -0.03 0.02 -0.01 0.00 30.00 30.00 30.00 
0 0 0 55.42 0.00000000 0.00000000 0.00 0.00 0.00 0.06 0.06 -0.00 0.01 -0.01 0.01 30.00 30.00 30.00 
0 0 0 55.52 0.00000000 0.00000000 0.00 0.00 0.00 0.06 0.04 -0.01 0.04 -0.01 0.01 30.00 30.00 30.00 
0 0 0 55.62 0.00000000 0.00000000 0.00 0.00 0.00 0.05 0.06 0.02 -0.01 -0.01 0.00 30.00 30.00 30.00 
0 0 0 55.72 0.00000000 0.00000000 0.00 0.00 0.00 0.06 0.05 -0.03 0.01 -0.01 0.01 30.00 30.00 30.00 
0 0 0 55.82 0.00000000 0.00000000 0.00 0.00 0.00 0.06 0.04 -0.06 0.01 -0.01 0.00 30.00 30.00 30.00 
0 0 0 55.92 0.00000000 0.00000000 0.00 0.00 0.00 0.07 0.05 -0.06 0.02 -0.01 0.01 30.00 30.00 30.00 
0 0 0 56.03 0.00000000 0.00000000 0.00 0.00 0.00 0.06 0.04 -0.03 -0.04 -0.00 0.00 30.00 30.00 30.00 
0 0 0 56.13 0.00000000 0.00000000 0.00 0.00 0.00 0.05 0.06 0.03 -0.00 -0.01 0.00 30.00 30.00 30.00 
0 0 0 56.23 0.00000000 0.00000000 0.00 0.00 0.00 0.07 0.05 -0.08 0.04 -0.02 0.00 30.00 30.00 30.00 
0 0 0 56.33 0.00000000 0.00000000 0.00 0.00 0.00 0.06 0.05 -0.01 0.02 -0.01 0.00 30.00 30.00 30.00 
0 0 0 56.43 0.00000000 0.00000000 0.00 0.00 0.00 0.06 0.05 -0.05 0.01 -0.01 0.00 30.00 30.00 30.00 
0 0 0 56.53 0.00000000 0.00000000 0.00 0.00 0.00 0.07 0.05 -0.06 0.01 -0.01 0.00 30.00 30.00 30.00 
0 0 0 56.63 0.00000000 0.00000000 0.00 0.00 0.00 0.07 0.05 -0.05 0.02 -0.00 0.00 30.00 30.00 30.00 
0 0 0 56.73 0.00000000 0.00000000 0.00 0.00 0.00 0.06 0.06 -0.10 0.01 -0.01 0.01 30.00 30.00 30.00 
0 0 0 56.83 0.00000000 0.00000000 0.00 0.00 0.00 0.05 0.05 0.01 0.01 -0.01 0.00 30.00 30.00 30.00 
0 0 0 56.93 0.00000000 0.00000000 0.00 0.00 0.00 0.07 0.06 -0.05 0.02 -0.01 0.01 30.00 30.00 30.00 
0 0 0 57.03 0.00000000 0.00000000 0.00 0.00 0.00 0.06 0.05 -0.08 0.01 -0.01 0.01 30.00 30.00 30.00 
0 0 0 57.13 0.00000000 0.00000000 0.00 0.00 0.00 0.06 0.06 -0.00 0.00 -0.01 0.01 30.00 30.00 30.00 
0 0 0 57.23 0.00000000 0.00000000 0.00 0.00 0.00 0.06 0.05 -0.02 0.00 -0.01 0.01 30.00 30.00 30.00 
0 0 0 57.33 0.00000000 0.00000000 0.00 0.00 0.00 0.06 0.06 0.00 0.01 -0.01 0.00 30.00 30.00 30.00 
0 0 0 57.44 0.00000000 0.00000000 0.00 0.00 0.00 0.05 0.05 -0.01 0.01 -0.01 0.00 30.00 30.00 30.00 
0 0 0 57.54 0.00000000 0.00000000 0.00 0.00 0.00 0.06 0.05 -0.07 0.01 -0.01 0.00 30.00 30.00 30.00 
0 0 0 57.64 0.00000000 0.00000000 0.00 0.00 0.00 0.07 0.05 -0.07 0.03 -0.01 0.01 30.00 30.00 30.00 
0 0 0 57.74 0.00000000 0.00000000 0.00 0.00 0.00 0.06 0.04 -0.04 0.01 -0.01 0.01 30.00 30.00 30.00 
0 0 0 57.84 0.00000000 0.00000000 0.00 0.00 0.00 0.05 0.06 0.02 0.01 -0.01 0.00 30.00 30.00 30.00 
0 0 0 57.94 0.00000000 0.00000000 0.00 0.00 0.00 0.07 0.05 -0.08 0.01 -0.01 0.00 30.00 30.00 30.00 
0 0 0 58.04 0.00000000 0.00000000 0.00 0.00 0.00 0.07 0.05 -0.04 0.02 -0.01 0.00 30.00 30.00 30.00 
0 0 0 58.14 0.00000000 0.00000000 0.00 0.00 0.00 0.06 0.05 -0.05 0.01 -0.01 0.00 30.00 30.00 30.00 
0 0 0 58.24 0.00000000 0.00000000 0.00 0.00 0.00 0.06 0.05 -0.02 0.02 -0.01 0.00 30.00 30.00 30.00 
0 0 0 58.34 0.00000000 0.00000000 0.00 0.00 0.00 0.07 0.05 -0.08 0.03 -0.01 0.00 30.00 30.00 30.00 
0 0 0 58.44 0.00000000 0.00000000 0.00 0.00 0.00 0.05 0.06 0.04 -0.01 -0.00 0.00 30.00 30.00 30.00 
0 0 0 58.54 0.00000000 0.00000000 0.00 0.00 0.00 0.06 0.05 -0.02 0.01 -0.01 0.00 30.00 30.00 30.00 
0 0 0 58.64 0.00000000 0.00000000 0.00 0.00 0.00 0.07 0.05 -0.10 0.02 -0.01 0.00 30.00 30.00 30.00 
0 0 0 58.74 0.00000000 0.00000000 0.00 0.00 0.00 0.06 0.05 -0.02 0.01 -0.01 0.00 30.00 30.00 30.00 
0 0 0 58.84 0.00000000 0.00000000 0.00 0.00 0.00 0.06 0.06 -0.03 0.01 -0.01 0.00 30.00 30.00 30.00 
0 0 0 58.95 0.00000000 0.00000000 0.00 0.00 0.00 0.06 0.06 -0.04 0.01 -0.02 0.00 30.00 30.00 30.00 
0 0 0 59.05 0.00000000 0.00000000 0.00 0.00 0.00 0.07 0.05 -0.06 0.02 -0.01 0.01 30.00 30.00 30.00 
0 0 0 59.15 0.00000000 0.00000000 0.00 0.00 0.00 0.06 0.05 -0.00 0.01 -0.01 0.00 30.00 30.00 30.00 
0 0 0 59.25 0.00000000 0.00000000 0.00 0.00 0.00 0.05 0.06 0.01 -0.00 -0.01 0.00 30.00 30.00 30.00 
0 0 0 59.35 0.00000000 0.00000000 0.00 0.00 0.00 0.06 0.05 -0.05 0.01 -0.01 0.00 30.00 30.00 30.00 
0 0 0 59.45 0.00000000 0.00000000 0.00 0.00 0.00 0.07 0.05 -0.07 0.02 -0.01 0.01 30.00 30.00 30.00 
0 0 0 59.55 0.00000000 0.00000000 0.00 0.00 0.00 0.05 0.06 0.00 0.02 -0.01 0.01 30.00 30.00 30.00 
0 0 0 59.65 0.00000000 0.00000000 0.00 0.00 0.00 0.06 0.05 -0.06 0.02 -0.02 0.00 30.00 30.00 30.00 
0 0 0 59.75 0.00000000 0.00000000 0.00 0.00 0.00 0.06 0.06 -0.03 0.02 -0.01 0.00 30.00 30.00 30.00 
0 0 0 59.85 0.00000000 0.00000000 0.00 0.00 0.00 0.06 0.06 -0.01 0.01 -0.01 0.00 30.00 30.00 30.00 
0 0 0 59.95 0.00000000 0.00000000 0.00 0.00 0.00 0.05 0.06 0.03 0.01 -0.01 0.00 30.00 30.00 30.00 
0 0 0 60.05 0.00000000 0.00000000 0.00 0.00 0.00 0.07 0.05 -0.07 0.01 -0.02 0.01 30.00 30.00 30.00 
0 0 0 60.15 0.00000000 0.00000000 0.00 0.00 0.00 0.06 0.06 -0.05 0.02 -0.01 0.00 30.00 30.00 30.00 
0 0 0 60.25 0.00000000 0.00000000 0.00 0.00 0.00 0.06 0.05 -0.03 0.01 -0.01 0.00 30.00 30.00 30.00 
0 0 0 60.36 0.00000000 0.00000000 0.00 0.00 0.00 0.07 0.05 -0.07 0.01 -0.01 0.00 30.00 30.00 30.00 
0 0 0 60.46 0.00000000 0.00000000 0.00 0.00 0.00 0.06 0.05 -0.07 0.01 -0.01 0.00 30.00 30.00 30.00 
0 0 0 60.56 0.00000000 0.00000000 0.00 0.00 0.00 0.06 0.05 -0.03 -0.00 -0.01 0.00 30.00 30.00 30.00 
0 0 0 60.66 0.00000000 0.00000000 0.00 0.00 0.00 0.07 0.05 -0.11 0.01 -0.01 0.01 30.00 30.00 30.00 
0 0 0 60.76 0.00000000 0.00000000 0.00 0.00 0.00 0.08 0.05 -0.14 0.03 -0.01 0.00 30.00 30.00 30.00 
0 0 0 60.86 0.00000000 0.00000000 0.00 0.00 0.00 0.06 0.06 0.01 0.01 -0.01 0.00 30.00 30.00 30.00 
0 0 0 60.96 0.00000000 0.00000000 0.00 0.00 0.00 0.06 0.05 -0.03 0.02 -0.01 0.01 30.00 30.00 30.00 
0 0 0 61.06 0.00000000 0.00000000 0.00 0.00 0.00 0.06 0.05 -0.03 0.01 -0.01 0.01 30.00 30.00 30.00 
0 0 0 61.16 0.00000000 0.00000000 0.00 0.00 0.00 0.06 0.05 -0.00 0.01 -0.01 0.00 30.00 30.00 30.00 
0 0 0 61.26 0.00000000 0.00000000 0.00 0.00 0.00 0.07 0.05 -0.09 -0.00 -0.01 0.00 30.00 30.00 30.00 
0 0 0 61.36 0.00000000 0.00000000 0.00 0.00 0.00 0.06 0.05 -0.03 0.02 -0.01 0.01 30.00 30.00 30.00 
0 0 0 61.46 0.00000000 0.00000000 0.00 0.00 0.00 0.07 0.05 -0.05 0.02 -0.01 0.00 30.00 30.00 30.00 
0 0 0 61.56 0.00000000 0.00000000 0.00 0.00 0.00 0.06 0.05 -0.01 0.01 -0.01 0.00 30.00 30.00 30.00 
0 0 0 61.66 0.00000000 0.00000000 0.00 0.00 0.00 0.06 0.05 -0.03 0.01 -0.01 0.00 30.00 30.00 30.00 
0 0 0 61.77 0.00000000 0.00000000 0.00 0.00 0.00 0.07 0.05 -0.06 0.02 -0.01 0.00 30.00 30.00 30.00 
0 0 0 61.87 0.00000000 0.00000000 0.00 0.00 0.00 0.06 0.04 -0.04 0.01 -0.01 0.01 30.00 30.00 30.00 
0 0 0 61.97 0.00000000 0.00000000 0.00 0.00 0.00 0.05 0.06 0.03 0.00 -0.01 0.00 30.00 30.00 30.00 
0 0 0 62.07 0.00000000 0.00000000 0.00 0.00 0.00 0.07 0.05 -0.07 0.01 -0.01 0.00 30.00 30.00 30.00 
0 0 0 62.17 0.00000000 0.00000000 0.00 0.00 0.00 0.07 0.05 -0.08 0.02 -0.01 0.00 30.00 30.00 30.00 
0 0 0 62.27 0.00000000 0.00000000 0.00 0.00 0.00 0.05 0.06 0.01 0.01 -0.01 0.00 30.00 30.00 30.00 
0 0 0 62.37 0.00000000 0.00000000 0.00 0.00 0.00 0.05 0.05 -0.03 0.01 -0.01 0.00 30.00 30.00 30.00 
0 0 0 62.47 0.00000000 0.00000000 0.00 0.00 0.00 0.06 0.06 0.02 0.01 -0.01 0.00 30.00 30.00 30.00 
0 0 0 62.57 0.00000000 0.00000000 0.00 0.00 0.00 0.07 0.05 -0.05 0.02 -0.01 0.00 30.00 30.00 30.00 
0 0 0 62.67 0.00000000 0.00000000 0.00 0.00 0.00 0.05 0.05 0.01 -0.00 -0.00 0.00 30.00 30.00 30.00 
0 0 0 62.77 0.00000000 0.00000000 0.00 0.00 0.00 0.06 0.04 -0.04 0.02 -0.01 0.00 30.00 30.00 30.00 
0 0 0 62.87 0.00000000 0.00000000 0.00 0.00 0.00 0.07 0.05 -0.07 0.01 -0.01 0.00 30.00 30.00 30.00 
0 0 0 62.97 0.00000000 0.00000000 0.00 0.00 0.00 0.06 0.05 -0.05 0.02 -0.01 0.01 30.00 30.00 30.00 
0 0 0 63.07 0.00000000 0.00000000 0.00 0.00 0.00 0.06 0.06 -0.02 0.02 -0.01 0.00 30.00 30.00 30.00 
0 0 0 63.17 0.00000000 0.00000000 0.00 0.00 0.00 0.06 0.05 -0.03 0.02 -0.01 0.00 30.00 30.00 30.00 
0 0 0 63.28 0.00000000 0.00000000 0.00 0.00 0.00 0.06 0.06 -0.03 0.01 -0.01 0.01 30.00 30.00 30.00 
0 0 0 63.38 0.00000000 0.00000000 0.00 0.00 0.00 0.06 0.05 -0.07 0.00 -0.01 0.00 30.00 30.00 30.00 
0 0 0 63.48 0.00000000 0.00000000 0.00 0.00 0.00 0.07 0.05 -0.08 0.01 -0.01 0.00 30.00 30.00 30.00 
0 0 0 63.58 0.00000000 0.00000000 0.00 0.00 0.00 0.06 0.06 -0.01 -0.00 -0.01 0.00 30.00 30.00 30.00 
0 0 0 63.68 0.00000000 0.00000000 0.00 0.00 0.00 0.07 0.06 -0.06 0.01 -0.01 0.00 30.00 30.00 30.00 
0 0 0 63.78 0.00000000 0.00000000 0.00 0.00 0.00 0.07 0.05 -0.04 0.01 -0.01 0.01 30.00 30.00 30.00 
0 0 0 63.88 0.00000000 0.00000000 0.00 0.00 0.00 0.05 0.04 0.01 0.02 -0.01 0.00 30.00 30.00 30.00 
0 0 0 63.98 0.00000000 0.00000000 0.00 0.00 0.00 0.07 0.05 -0.08 0.02 -0.01 0.01 30.00 30.00 30.00 
0 0 0 64.08 0.00000000 0.00000000 0.00 0.00 0.00 0.05 0.06 0.02 -0.00 -0.01 0.00 30.00 30.00 30.00 
0 0 0 64.18 0.00000000 0.00000000 0.00 0.00 0.00 0.07 0.04 -0.06 0.02 -0.01 0.01 30.00 30.00 30.00 
0 0 0 64.28 0.00000000 0.00000000 0.00 0.00 0.00 0.06 0.06 -0.05 0.01 -0.02 0.00 30.00 30.00 30.00 
0 0 0 64.38 0.00000000 0.00000000 0.00 0.00 0.00 0.05 0.05 0.01 0.01 -0.01 0.00 30.00 30.00 30.00 
0 0 0 64.49 0.00000000 0.00000000 0.00 0.00 0.00 0.05 0.05 -0.00 -0.01 -0.01 0.00 30.00 30.00 30.00 
0 0 0 64.59 0.00000000 0.00000000 0.00 0.00 0.00 0.06 0.05 -0.01 0.01 -0.01 0.00 30.00 30.00 30.00 
0 0 0 64.69 0.00000000 0.00000000 0.00 0.00 0.00 0.06 0.05 -0.02 0.01 -0.01 0.01 30.00 30.00 30.00 
0 0 0 64.79 0.00000000 0.00000000 0.00 0.00 0.00 0.06 0.06 -0.02 -0.01 -0.02 0.00 30.00 30.00 30.00 
0 0 0 64.89 0.00000000 0.00000000 0.00 0.00 0.00 0.07 0.05 -0.09 0.03 -0.01 0.00 30.00 30.00 30.00 
0 0 0 64.99 0.00000000 0.00000000 0.00 0.00 0.00 0.07 0.05 -0.07 0.02 -0.01 0.00 30.00 30.00 30.00 
0 0 0 65.10 0.00000000 0.00000000 0.00 0.00 0.00 0.06 0.06 -0.03 0.02 -0.01 0.00 30.00 30.00 30.00 
0 0 0 65.20 0.00000000 0.00000000 0.00 0.00 0.00 0.06 0.06 -0.01 0.01 -0.01 0.00 30.00 30.00 30.00 
0 0 0 65.30 0.00000000 0.00000000 0.00 0.00 0.00 0.05 0.05 -0.00 0.01 -0.00 0.00 30.00 30.00 30.00 
0 0 0 65.40 0.00000000 0.00000000 0.00 0.00 0.00 0.05 0.06 0.01 -0.00 -0.01 0.00 30.00 30.00 30.00 
0 0 0 65.50 0.00000000 0.00000000 0.00 0.00 0.00 0.07 0.05 -0.08 0.02 -0.01 0.00 30.00 30.00 30.00 
0 0 0 65.60 0.00000000 0.00000000 0.00 0.00 0.00 0.08 0.05 -0.11 0.04 -0.02 0.00 30.00 30.00 30.00 
0 0 0 65.70 0.00000000 0.00000000 0.00 0.00 0.00 0.06 0.05 -0.05 0.01 -0.01 0.00 30.00 30.00 30.00 
0 0 0 65.80 0.00000000 0.00000000 0.00 0.00 0.00 0.05 0.05 0.01 0.00 -0.01 0.01 30.00 30.00 30.00 
0 0 0 65.91 0.00000000 0.00000000 0.00 0.00 0.00 0.05 0.06 0.02 -0.02 -0.00 0.00 30.00 30.00 30.00 
0 0 0 66.01 0.00000000 0.00000000 0.00 0.00 0.00 0.06 0.06 -0.01 0.01 -0.01 0.00 30.00 30.00 30.00 
0 0 0 66.11 0.00000000 0.00000000 0.00 0.00 0.00 0.05 0.05 0.00 0.02 -0.01 0.00 30.00 30.00 30.00 
0 0 0 66.21 0.00000000 0.00000000 0.00 0.00 0.00 0.06 0.05 -0.05 0.03 -0.02 0.01 30.00 30.00 30.00 
0 0 0 66.31 0.00000000 0.00000000 0.00 0.00 0.00 0.07 0.05 -0.11 0.03 -0.01 0.01 30.00 30.00 30.00 
0 0 0 66.41 0.00000000 0.00000000 0.00 0.00 0.00 0.05 0.05 0.01 0.01 -0.01 0.00 30.00 30.00 30.00 
0 0 0 66.51 0.00000000 0.00000000 0.00 0.00 0.00 0.05 0.05 -0.00 0.01 -0.01 0.00 30.00 30.00 30.00 
0 0 0 66.61 0.00000000 0.00000000 0.00 0.00 0.00 0.06 0.05 -0.04 0.01 -0.01 0.01 30.00 30.00 30.00 
0 0 0 66.71 0.00000000 0.00000000 0.00 0.00 0.00 0.05 0.05 0.01 -0.00 -0.01 0.00 30.00 30.00 30.00 
0 0 0 66.82 0.00000000 0.00000000 0.00 0.00 0.00 0.07 0.05 -0.05 0.01 -0.01 0.00 30.00 30.00 30.00 
0 0 0 66.92 0.00000000 0.00000000 0.00 0.00 0.00 0.07 0.05 -0.08 0.04 -0.01 0.00 30.00 30.00 30.00 
0 0 0 67.02 0.00000000 0.00000000 0.00 0.00 0.00 0.07 0.05 -0.04 0.02 -0.00 0.00 30.00 30.00 30.00 
0 0 0 67.12 0.00000000 0.00000000 0.00 0.00 0.00 0.07 0.05 -0.10 0.02 -0.02 0.00 30.00 30.00 30.00 
0 0 0 67.22 0.00000000 0.00000000 0.00 0.00 0.00 0.05 0.06 0.03 0.00 -0.01 0.00 30.00 30.00 30.00 
0 0 0 67.32 0.00000000 0.00000000 0.00 0.00 0.00 0.05 0.05 -0.02 0.01 -0.01 0.00 30.00 30.00 30.00 
0 0 0 67.42 0.00000000 0.00000000 0.00 0.00 0.00 0.06 0.06 -0.00 0.01 -0.01 0.00 30.00 30.00 30.00 
0 0 0 67.52 0.00000000 0.00000000 0.00 0.00 0.00 0.05 0.05 -0.03 0.00 -0.01 0.00 30.00 30.00 30.00 
0 0 0 67.63 0.00000000 0.00000000 0.00 0.00 0.00 0.06 0.05 -0.03 0.03 -0.01 0.00 30.00 30.00 30.00 
0 0 0 67.73 0.00000000 0.00000000 0.00 0.00 0.00 0.06 0.05 -0.04 0.01 -0.01 0.00 30.00 30.00 30.00 
0 0 0 67.83 0.00000000 0.00000000 0.00 0.00 0.00 0.06 0.04 -0.04 0.03 -0.02 0.01 30.00 30.00 30.00 
0 0 0 67.93 0.00000000 0.00000000 0.00 0.00 0.00 0.06 0.05 -0.05 0.02 -0.02 0.01 30.00 30.00 30.00 
0 0 0 68.04 0.00000000 0.00000000 0.00 0.00 0.00 0.06 0.06 -0.29 0.00 -0.01 0.00 30.00 30.00 30.00 
0 0 0 68.14 0.00000000 0.00000000 0.00 0.00 0.00 0.07 0.05 -0.11 0.03 -0.00 0.00 30.00 30.00 30.00 
0 0 0 68.24 0.00000000 0.00000000 0.00 0.00 0.00 0.06 0.06 -0.02 0.00 -0.01 0.00 30.00 30.00 30.00 
0 0 0 68.34 0.00000000 0.00000000 0.00 0.00 0.00 0.07 0.04 -0.08 0.02 -0.01 0.01 30.00 30.00 30.00 
0 0 0 68.44 0.00000000 0.00000000 0.00 0.00 0.00 0.06 0.05 -0.02 0.01 -0.01 0.01 30.00 30.00 30.00 
0 0 0 68.55 0.00000000 0.00000000 0.00 0.00 0.00 0.06 0.05 -0.05 0.02 -0.02 0.00 30.00 30.00 30.00 
0 0 0 68.65 0.00000000 0.00000000 0.00 0.00 0.00 0.05 0.06 -0.01 0.01 -0.01 0.00 30.00 30.00 30.00 
0 0 0 68.75 0.00000000 0.00000000 0.00 0.00 0.00 0.06 0.06 -0.03 0.01 -0.01 0.00 30.00 30.00 30.00 
0 0 0 68.86 0.00000000 0.00000000 0.00 0.00 0.00 0.06 0.05 -0.04 0.00 -0.01 0.00 30.00 30.00 30.00 
0 0 0 68.96 0.00000000 0.00000000 0.00 0.00 0.00 0.07 0.05 -0.06 0.01 -0.01 0.01 30.00 30.00 30.00 
0 0 0 69.06 0.00000000 0.00000000 0.00 0.00 0.00 0.07 0.05 -0.05 0.03 -0.02 0.00 30.00 30.00 30.00 
0 0 0 69.16 0.00000000 0.00000000 0.00 0.00 0.00 0.06 0.04 -0.02 0.01 -0.01 0.00 30.00 30.00 30.00 
0 0 0 69.26 0.00000000 0.00000000 0.00 0.00 0.00 0.06 0.04 -0.04 0.00 -0.01 0.00 30.00 30.00 30.00 
0 0 0 69.36 0.00000000 0.00000000 0.00 0.00 0.00 0.05 0.06 0.03 -0.02 -0.01 0.00 30.00 30.00 30.00 
0 0 0 69.46 0.00000000 0.00000000 0.00 0.00 0.00 0.06 0.05 -0.05 0.00 -0.01 0.00 30.00 30.00 30.00 
0 0 0 69.57 0.00000000 0.00000000 0.00 0.00 0.00 0.06 0.05 -0.03 0.01 -0.01 0.01 30.00 30.00 30.00 
0 0 0 69.67 0.00000000 0.00000000 0.00 0.00 0.00 0.08 0.05 -0.13 0.03 -0.01 0.01 30.00 30.00 30.00 
0 0 0 69.77 0.00000000 0.00000000 0.00 0.00 0.00 0.07 0.05 -0.08 0.03 -0.02 0.00 30.00 30.00 30.00 
0 0 0 69.87 0.00000000 0.00000000 0.00 0.00 0.00 0.06 0.05 -0.08 0.02 -0.01 0.00 30.00 30.00 30.00 
0 0 0 69.98 0.00000000 0.00000000 0.00 0.00 0.00 0.05 0.05 -0.01 0.00 -0.00 0.00 30.00 30.00 30.00 
0 0 0 70.11 0.00000000 0.00000000 0.00 0.00 0.00 0.06 0.05 -0.05 0.01 -0.01 0.00 30.00 30.00 30.00 
0 0 0 70.25 0.00000000 0.00000000 0.00 0.00 0.00 0.07 0.05 -0.08 0.01 -0.01 0.00 30.00 30.00 30.00 
0 0 0 70.38 0.00000000 0.00000000 0.00 0.00 0.00 0.06 0.05 -0.05 0.03 -0.01 0.01 30.00 30.00 30.00 
0 0 0 70.52 0.00000000 0.00000000 0.00 0.00 0.00 0.06 0.05 -0.06 0.02 -0.01 0.00 30.00 30.00 30.00 
0 0 0 70.62 0.00000000 0.00000000 0.00 0.00 0.00 0.07 0.05 -0.08 0.02 -0.01 0.00 30.00 30.00 30.00 
0 0 0 70.72 0.00000000 0.00000000 0.00 0.00 0.00 0.06 0.05 -0.11 0.03 -0.01 0.00 30.00 30.00 30.00 
0 0 0 70.82 0.00000000 0.00000000 0.00 0.00 0.00 0.06 0.06 -0.04 0.01 -0.01 0.00 30.00 30.00 30.00 
0 0 0 70.92 0.00000000 0.00000000 0.00 0.00 0.00 0.05 0.05 -0.01 0.00 -0.01 0.00 30.00 30.00 30.00 
0 0 0 71.03 0.00000000 0.00000000 0.00 0.00 0.00 0.06 0.06 0.00 0.02 -0.01 0.00 30.00 30.00 30.00 
0 0 0 71.13 0.00000000 0.00000000 0.00 0.00 0.00 0.06 0.04 -0.07 0.01 -0.01 0.00 30.00 30.00 30.00 
0 0 0 71.23 0.00000000 0.00000000 0.00 0.00 0.00 0.06 0.05 -0.05 0.02 -0.01 0.00 30.00 30.00 30.00 
0 0 0 71.33 0.00000000 0.00000000 0.00 0.00 0.00 0.05 0.06 -0.03 0.01 -0.01 0.00 30.00 30.00 30.00 
0 0 0 71.43 0.00000000 0.00000000 0.00 0.00 0.00 0.05 0.05 0.01 0.01 -0.01 0.00 30.00 30.00 30.00 
0 0 0 71.54 0.00000000 0.00000000 0.00 0.00 0.00 0.05 0.06 -0.04 0.01 -0.01 0.00 30.00 30.00 30.00 
0 0 0 71.64 0.00000000 0.00000000 0.00 0.00 0.00 0.07 0.05 -0.11 0.02 -0.01 0.00 30.00 30.00 30.00 
0 0 0 71.74 0.00000000 0.00000000 0.00 0.00 0.00 0.07 0.05 -0.09 0.03 -0.02 0.01 30.00 30.00 30.00 
0 0 0 71.84 0.00000000 0.00000000 0.00 0.00 0.00 -0.04 0.07 0.39 0.02 -0.02 0.01 30.00 30.00 30.00 
0 0 0 71.94 0.00000000 0.00000000 0.00 0.00 0.00 0.07 0.03 -0.09 0.01 -0.01 0.01 30.00 30.00 30.00 
0 0 0 72.04 0.00000000 0.00000000 0.00 0.00 0.00 0.05 0.04 -0.02 -0.01 -0.00 -0.00 30.00 30.00 30.00 
0 0 0 72.14 0.00000000 0.00000000 0.00 0.00 0.00 0.05 0.05 0.02 -0.01 -0.01 0.00 30.00 30.00 30.00 
0 0 0 72.24 0.00000000 0.00000000 0.00 0.00 0.00 0.05 0.06 0.01 0.01 -0.01 0.00 30.00 30.00 30.00 
0 0 0 72.35 0.00000000 0.00000000 0.00 0.00 0.00 0.07 0.05 -0.06 0.03 -0.01 0.00 30.00 30.00 30.00 
0 0 0 72.45 0.00000000 0.00000000 0.00 0.00 0.00 0.06 0.05 -0.02 0.03 -0.01 0.01 30.00 30.00 30.00 
0 0 0 72.55 0.00000000 0.00000000 0.00 0.00 0.00 0.01 0.04 0.17 0.02 -0.02 0.01 30.00 30.00 30.00 
0 0 0 72.65 0.00000000 0.00000000 0.00 0.00 0.00 0.05 0.06 0.02 0.01 -0.01 0.00 30.00 30.00 30.00 
0 0 0 72.76 0.00000000 0.00000000 0.00 0.00 0.00 0.06 0.05 -0.01 0.00 -0.01 0.00 30.00 30.00 30.00 
0 0 0 72.86 0.00000000 0.00000000 0.00 0.00 0.00 0.06 0.05 -0.07 0.00 -0.01 0.00 30.00 30.00 30.00 
0 0 0 72.96 0.00000000 0.00000000 0.00 0.00 0.00 0.05 0.03 -0.03 0.12 -0.00 -0.23 30.00 30.00 30.00 
0 0 0 73.07 0.00000000 0.00000000 0.00 0.00 0.00 0.07 0.08 0.00 -0.17 -0.03 -0.17 30.00 30.00 30.00 
0 0 0 73.17 0.00000000 0.00000000 0.00 0.00 0.00 0.08 0.08 -0.14 0.19 0.01 -0.02 30.00 30.00 30.00 
0 0 0 73.27 0.00000000 0.00000000 0.00 0.00 0.00 0.06 0.07 -0.01 -0.12 -0.02 0.00 30.00 30.00 30.00 
0 0 0 73.37 0.00000000 0.00000000 0.00 0.00 0.00 0.10 0.07 -0.24 0.14 0.00 0.01 30.00 30.00 30.00 
0 0 0 73.47 0.00000000 0.00000000 0.00 0.00 0.00 0.04 0.04 0.02 -0.11 -0.01 0.00 30.00 30.00 30.00 
0 0 0 73.58 0.00000000 0.00000000 0.00 0.00 0.00 0.08 0.06 -0.12 0.09 -0.00 0.01 30.00 30.00 30.00 
0 0 0 73.68 0.00000000 0.00000000 0.00 0.00 0.00 0.07 0.05 -0.08 -0.03 -0.02 0.00 30.00 30.00 30.00 
0 0 0 73.78 0.00000000 0.00000000 0.00 0.00 0.00 0.08 0.05 -0.12 0.02 -0.01 0.00 30.00 30.00 30.00 
0 0 0 73.89 0.00000000 0.00000000 0.00 0.00 0.00 0.07 0.05 -0.11 0.03 -0.01 0.01 30.00 30.00 30.00 
0 0 0 73.99 0.00000000 0.00000000 0.00 0.00 0.00 0.07 0.05 -0.07 -0.02 -0.01 0.00 30.00 30.00 30.00 
0 0 0 74.09 0.00000000 0.00000000 0.00 0.00 0.00 0.06 0.05 -0.04 0.04 -0.01 0.00 30.00 30.00 30.00 
0 0 0 74.19 0.00000000 0.00000000 0.00 0.00 0.00 0.07 0.05 -0.11 0.00 -0.01 0.00 30.00 30.00 30.00 
0 0 0 74.29 0.00000000 0.00000000 0.00 0.00 0.00 0.09 0.04 -0.18 0.05 -0.01 0.00 30.00 30.00 30.00 
0 0 0 74.39 0.00000000 0.00000000 0.00 0.00 0.00 0.06 0.06 -0.03 -0.02 -0.01 0.00 30.00 30.00 30.00 
0 0 0 74.50 0.00000000 0.00000000 0.00 0.00 0.00 0.07 0.05 -0.10 0.01 -0.01 0.00 30.00 30.00 30.00 
0 0 0 74.60 0.00000000 0.00000000 0.00 0.00 0.00 0.07 0.06 -0.09 0.01 -0.01 0.00 30.00 30.00 30.00 
0 0 0 74.70 0.00000000 0.00000000 0.00 0.00 0.00 0.01 0.06 0.12 -0.11 -0.02 -0.00 30.00 30.00 30.00 
0 0 0 74.80 0.00000000 0.00000000 0.00 0.00 0.00 0.13 0.20 -0.25 0.32 0.16 -0.00 30.00 30.00 30.00 
0 0 0 74.90 0.00000000 0.00000000 0.00 0.00 0.00 0.01 0.02 0.11 0.03 -0.03 0.01 30.00 30.00 30.00 
0 0 0 75.00 0.00000000 0.00000000 0.00 0.00 0.00 0.13 0.02 -0.35 -0.27 -0.01 -0.01 30.00 30.00 30.00 
0 0 0 75.10 0.00000000 0.00000000 0.00 0.00 0.00 0.16 0.09 -0.60 -0.11 0.08 -0.09 30.00 30.00 30.00 
0 0 0 75.21 0.00000000 0.00000000 0.00 0.00 0.00 0.02 0.02 -0.05 -0.12 -0.01 -0.15 30.00 30.00 30.00 
0 0 0 75.31 0.00000000 0.00000000 0.00 0.00 0.00 0.15 0.03 -0.67 -0.04 0.06 -0.05 30.00 30.00 30.00 
0 0 0 75.41 0.00000000 0.00000000 0.00 0.00 0.00 0.58 -0.13 -1.21 -0.07 -0.01 0.01 30.00 30.00 30.00 
0 0 0 75.51 0.00000000 0.00000000 0.00 0.00 0.00 0.73 0.34 -1.85 -0.03 -0.03 0.15 30.00 30.00 30.00 
0 0 0 75.61 0.00000000 0.00000000 0.00 0.00 0.00 0.11 -0.43 -0.41 -0.15 -0.04 -0.05 30.00 30.00 30.00 
0 0 0 75.71 0.00000000 0.00000000 0.00 0.00 0.00 0.17 0.03 -0.87 0.15 -0.01 -0.08 30.00 30.00 30.00 
0 0 0 75.81 0.00000000 0.00000000 0.00 0.00 0.00 -0.14 -0.25 0.01 0.04 0.17 -0.39 30.00 30.00 30.00 
0 0 0 75.92 0.00000000 0.00000000 0.00 0.00 0.00 -0.17 0.04 0.33 0.19 0.04 -0.07 30.00 30.00 30.00 
0 0 0 76.02 0.00000000 0.00000000 0.00 0.00 0.00 -0.17 0.29 1.16 0.28 -0.02 -0.06 30.00 30.00 30.00 
0 0 0 76.13 0.00000000 0.00000000 0.00 0.00 0.00 0.00 0.25 0.58 0.09 0.03 0.01 30.00 30.00 30.00 
0 0 0 76.23 0.00000000 0.00000000 0.00 0.00 0.00 0.03 0.08 -0.14 -0.02 0.03 -0.00 30.00 30.00 30.00 
0 0 0 76.33 0.00000000 0.00000000 0.00 0.00 0.00 0.05 0.10 -0.21 0.04 -0.00 0.00 30.00 30.00 30.00 
0 0 0 76.43 0.00000000 0.00000000 0.00 0.00 0.00 0.08 0.08 -0.34 0.06 -0.01 0.00 30.00 30.00 30.00 
0 0 0 76.54 0.00000000 0.00000000 0.00 0.00 0.00 0.07 0.06 -0.33 -0.02 -0.02 0.00 30.00 30.00 30.00 
0 0 0 76.64 0.00000000 0.00000000 0.00 0.00 0.00 0.06 0.08 -0.25 0.03 -0.02 0.01 30.00 30.00 30.00 
0 0 0 76.74 0.00000000 0.00000000 0.00 0.00 0.00 0.07 0.07 -0.26 0.03 -0.01 0.00 30.00 30.00 30.00 
0 0 0 76.84 0.00000000 0.00000000 0.00 0.00 0.00 0.05 0.08 -0.21 -0.01 -0.00 0.00 30.00 30.00 30.00 
0 0 0 76.94 0.00000000 0.00000000 0.00 0.00 0.00 0.07 0.07 -0.28 0.03 -0.01 0.00 30.00 30.00 30.00 
0 0 0 77.05 0.00000000 0.00000000 0.00 0.00 0.00 0.07 0.08 -0.28 0.00 -0.01 0.00 30.00 30.00 30.00 
0 0 0 77.15 0.00000000 0.00000000 0.00 0.00 0.00 0.06 0.07 -0.26 0.01 -0.01 0.00 30.00 30.00 30.00 
0 0 0 77.25 0.00000000 0.00000000 0.00 0.00 0.00 0.06 0.07 -0.26 0.02 -0.02 0.01 30.00 30.00 30.00 
0 0 0 77.35 0.00000000 0.00000000 0.00 0.00 0.00 0.05 0.08 -0.21 0.01 -0.00 0.00 30.00 30.00 30.00 
0 0 0 77.45 0.00000000 0.00000000 0.00 0.00 0.00 0.07 0.07 -0.27 0.02 -0.00 0.00 30.00 30.00 30.00 
0 0 0 77.55 0.00000000 0.00000000 0.00 0.00 0.00 0.15 0.11 -0.65 0.01 -0.15 0.01 30.00 30.00 30.00 
0 0 0 77.65 0.00000000 0.00000000 0.00 0.00 0.00 0.15 0.02 -0.55 0.01 0.00 0.01 30.00 30.00 30.00 
0 0 0 77.75 0.00000000 0.00000000 0.00 0.00 0.00 -0.02 0.13 0.14 0.00 0.03 -0.00 30.00 30.00 30.00 
0 0 0 77.85 0.00000000 0.00000000 0.00 0.00 0.00 0.03 0.08 -0.15 -0.01 0.01 0.00 30.00 30.00 30.00 
0 0 0 77.95 0.00000000 0.00000000 0.00 0.00 0.00 0.05 0.08 -0.21 0.01 -0.01 0.00 30.00 30.00 30.00 
0 0 0 78.06 0.00000000 0.00000000 0.00 0.00 0.00 0.08 0.07 -0.32 0.00 -0.00 0.00 30.00 30.00 30.00 
0 0 0 78.16 0.00000000 0.00000000 0.00 0.00 0.00 0.08 0.06 -0.35 0.02 -0.01 0.01 30.00 30.00 30.00 
0 0 0 78.27 0.00000000 0.00000000 0.00 0.00 0.00 0.08 0.06 -0.32 0.01 -0.01 0.00 30.00 30.00 30.00 
0 0 0 78.37 0.00000000 0.00000000 0.00 0.00 0.00 0.06 0.08 -0.25 0.01 -0.01 0.00 30.00 30.00 30.00 
0 0 0 78.47 0.00000000 0.00000000 0.00 0.00 0.00 0.06 0.07 -0.23 0.01 -0.01 0.01 30.00 30.00 30.00 
0 0 0 78.57 0.00000000 0.00000000 0.00 0.00 0.00 0.05 0.08 -0.23 0.01 -0.01 0.00 30.00 30.00 30.00 
0 0 0 78.67 0.00000000 0.00000000 0.00 0.00 0.00 0.05 0.08 -0.24 0.01 -0.01 0.01 30.00 30.00 30.00 
0 0 0 78.77 0.00000000 0.00000000 0.00 0.00 0.00 0.07 0.07 -0.30 0.01 -0.02 0.01 30.00 30.00 30.00 
0 0 0 78.87 0.00000000 0.00000000 0.00 0.00 0.00 0.07 0.08 -0.28 0.01 -0.01 0.00 30.00 30.00 30.00 
0 0 0 78.97 0.00000000 0.00000000 0.00 0.00 0.00 0.07 0.07 -0.29 0.02 -0.01 0.00 30.00 30.00 30.00 
0 0 0 79.07 0.00000000 0.00000000 0.00 0.00 0.00 0.07 0.08 -0.27 0.02 -0.01 0.00 30.00 30.00 30.00 
0 0 0 79.17 0.00000000 0.00000000 0.00 0.00 0.00 0.05 0.08 -0.20 0.02 -0.01 0.00 30.00 30.00 30.00 
0 0 0 79.27 0.00000000 0.00000000 0.00 0.00 0.00 0.23 -0.01 -0.76 0.03 -0.02 0.00 30.00 30.00 30.00 
0 0 0 79.38 0.00000000 0.00000000 0.00 0.00 0.00 0.03 0.06 -0.16 -0.01 0.00 0.00 30.00 30.00 30.00 
0 0 0 79.48 0.00000000 0.00000000 0.00 0.00 0.00 0.07 0.06 -0.28 0.01 -0.01 0.00 30.00 30.00 30.00 
0 0 0 79.58 0.00000000 0.00000000 0.00 0.00 0.00 0.08 0.07 -0.33 0.00 -0.01 0.00 30.00 30.00 30.00 
0 0 0 79.68 0.00000000 0.00000000 0.00 0.00 0.00 0.07 0.07 -0.31 0.02 -0.02 0.00 30.00 30.00 30.00 
0 0 0 79.79 0.00000000 0.00000000 0.00 0.00 0.00 0.08 0.07 -0.32 0.01 -0.01 0.00 30.00 30.00 30.00 
0 0 0 79.89 0.00000000 0.00000000 0.00 0.00 0.00 0.06 0.09 -0.23 0.01 -0.00 0.00 30.00 30.00 30.00 
0 0 0 79.99 0.00000000 0.00000000 0.00 0.00 0.00 0.07 0.07 -0.29 0.01 -0.01 0.00 30.00 30.00 30.00 
0 0 0 80.09 0.00000000 0.00000000 0.00 0.00 0.00 0.06 0.08 -0.24 0.01 -0.01 0.00 30.00 30.00 30.00 
0 0 0 80.20 0.00000000 0.00000000 0.00 0.00 0.00 0.05 0.08 -0.25 0.01 -0.00 0.00 30.00 30.00 30.00 
0 0 0 80.30 0.00000000 0.00000000 0.00 0.00 0.00 0.06 0.06 -0.26 0.01 -0.01 0.00 30.00 30.00 30.00 
0 0 0 80.40 0.00000000 0.00000000 0.00 0.00 0.00 0.07 0.08 -0.30 0.01 -0.01 0.00 30.00 30.00 30.00 
0 0 0 80.50 0.00000000 0.00000000 0.00 0.00 0.00 0.07 0.07 -0.30 0.01 -0.01 0.00 30.00 30.00 30.00 
0 0 0 80.61 0.00000000 0.00000000 0.00 0.00 0.00 0.06 0.08 -0.24 0.01 -0.01 0.00 30.00 30.00 30.00 
0 0 0 80.71 0.00000000 0.00000000 0.00 0.00 0.00 0.07 0.07 -0.28 0.01 -0.01 0.00 30.00 30.00 30.00 
0 0 0 80.81 0.00000000 0.00000000 0.00 0.00 0.00 0.05 0.07 -0.21 0.01 -0.02 0.00 30.00 30.00 30.00 
0 0 0 80.91 0.00000000 0.00000000 0.00 0.00 0.00 0.06 0.07 -0.25 0.01 -0.01 0.00 30.00 30.00 30.00 
0 0 0 81.02 0.00000000 0.00000000 0.00 0.00 0.00 0.07 0.08 -0.29 0.01 -0.02 0.00 30.00 30.00 30.00 
0 0 0 81.12 0.00000000 0.00000000 0.00 0.00 0.00 0.06 0.07 -0.25 0.02 -0.01 0.00 30.00 30.00 30.00 
0 0 0 81.22 0.00000000 0.00000000 0.00 0.00 0.00 0.05 0.08 -0.23 0.02 -0.01 0.00 30.00 30.00 30.00 
0 0 0 81.32 0.00000000 0.00000000 0.00 0.00 0.00 0.07 0.07 -0.30 0.01 -0.01 0.01 30.00 30.00 30.00 
0 0 0 81.42 0.00000000 0.00000000 0.00 0.00 0.00 0.06 0.07 -0.23 0.01 -0.01 0.01 30.00 30.00 30.00 
0 0 0 81.52 0.00000000 0.00000000 0.00 0.00 0.00 0.07 0.08 -0.28 0.01 -0.00 0.00 30.00 30.00 30.00 
0 0 0 81.63 0.00000000 0.00000000 0.00 0.00 0.00 0.07 0.08 -0.30 0.01 -0.00 0.00 30.00 30.00 30.00 
0 0 0 81.73 0.00000000 0.00000000 0.00 0.00 0.00 0.06 0.07 -0.28 0.01 -0.01 0.00 30.00 30.00 30.00 
0 0 0 81.83 0.00000000 0.00000000 0.00 0.00 0.00 0.06 0.07 -0.27 0.01 -0.01 0.01 30.00 30.00 30.00 
0 0 0 81.93 0.00000000 0.00000000 0.00 0.00 0.00 0.07 0.07 -0.28 0.02 -0.01 0.00 30.00 30.00 30.00 
0 0 0 82.03 0.00000000 0.00000000 0.00 0.00 0.00 0.07 0.07 -0.30 0.02 -0.01 0.00 30.00 30.00 30.00 
0 0 0 82.13 0.00000000 0.00000000 0.00 0.00 0.00 0.06 0.08 -0.26 0.01 -0.01 0.00 30.00 30.00 30.00 
0 0 0 82.24 0.00000000 0.00000000 0.00 0.00 0.00 0.06 0.07 -0.27 0.01 -0.00 0.00 30.00 30.00 30.00 
0 0 0 82.34 0.00000000 0.00000000 0.00 0.00 0.00 0.06 0.07 -0.28 0.01 -0.01 0.00 30.00 30.00 30.00 
0 0 0 82.44 0.00000000 0.00000000 0.00 0.00 0.00 0.05 0.06 -0.22 0.01 -0.01 0.01 30.00 30.00 30.00 
0 0 0 82.54 0.00000000 0.00000000 0.00 0.00 0.00 0.05 0.08 -0.27 0.01 -0.01 0.00 30.00 30.00 30.00 
0 0 0 82.65 0.00000000 0.00000000 0.00 0.00 0.00 0.06 0.07 -0.25 0.01 -0.01 0.00 30.00 30.00 30.00 
0 0 0 82.75 0.00000000 0.00000000 0.00 0.00 0.00 0.06 0.08 -0.25 0.01 -0.02 0.00 30.00 30.00 30.00 
0 0 0 82.85 0.00000000 0.00000000 0.00 0.00 0.00 0.06 0.07 -0.27 0.01 -0.00 0.00 30.00 30.00 30.00 
0 0 0 82.95 0.00000000 0.00000000 0.00 0.00 0.00 0.06 0.07 -0.26 0.02 -0.01 0.01 30.00 30.00 30.00 
0 0 0 83.05 0.00000000 0.00000000 0.00 0.00 0.00 0.06 0.07 -0.28 0.01 -0.02 0.01 30.00 30.00 30.00 
0 0 0 83.15 0.00000000 0.00000000 0.00 0.00 0.00 0.07 0.07 -0.30 0.01 -0.02 0.00 30.00 30.00 30.00 
0 0 0 83.26 0.00000000 0.00000000 0.00 0.00 0.00 0.05 0.08 -0.24 0.01 -0.01 0.00 30.00 30.00 30.00 
0 0 0 83.36 0.00000000 0.00000000 0.00 0.00 0.00 0.07 0.07 -0.27 0.01 -0.01 0.00 30.00 30.00 30.00 
0 0 0 83.46 0.00000000 0.00000000 0.00 0.00 0.00 0.06 0.08 -0.24 0.01 -0.01 0.00 30.00 30.00 30.00 
0 0 0 83.57 0.00000000 0.00000000 0.00 0.00 0.00 0.06 0.06 -0.25 0.01 -0.01 0.00 30.00 30.00 30.00 
0 0 0 83.67 0.00000000 0.00000000 0.00 0.00 0.00 0.06 0.06 -0.28 0.01 -0.01 0.01 30.00 30.00 30.00 
0 0 0 83.77 0.00000000 0.00000000 0.00 0.00 0.00 0.07 0.07 -0.29 0.01 -0.01 0.00 30.00 30.00 30.00 
0 0 0 83.87 0.00000000 0.00000000 0.00 0.00 0.00 0.07 0.07 -0.29 0.01 -0.01 0.01 30.00 30.00 30.00 
0 0 0 83.97 0.00000000 0.00000000 0.00 0.00 0.00 0.08 0.05 -0.34 0.01 -0.00 0.00 30.00 30.00 30.00 
0 0 0 84.08 0.00000000 0.00000000 0.00 0.00 0.00 0.09 0.09 -0.39 0.01 -0.01 0.00 30.00 30.00 30.00 
0 0 0 84.18 0.00000000 0.00000000 0.00 0.00 0.00 0.06 0.08 -0.27 0.02 -0.01 0.00 30.00 30.00 30.00 
0 0 0 84.28 0.00000000 0.00000000 0.00 0.00 0.00 0.05 0.05 -0.22 0.02 -0.00 0.00 30.00 30.00 30.00 
0 0 0 84.38 0.00000000 0.00000000 0.00 0.00 0.00 0.06 0.07 -0.25 0.01 -0.01 0.01 30.00 30.00 30.00 
0 0 0 84.49 0.00000000 0.00000000 0.00 0.00 0.00 0.07 0.07 -0.32 0.02 -0.00 0.00 30.00 30.00 30.00 
0 0 0 84.59 0.00000000 0.00000000 0.00 0.00 0.00 0.06 0.07 -0.27 0.01 -0.01 0.00 30.00 30.00 30.00 
0 0 0 84.69 0.00000000 0.00000000 0.00 0.00 0.00 0.06 0.08 -0.22 0.02 -0.01 0.00 30.00 30.00 30.00 
0 0 0 84.80 0.00000000 0.00000000 0.00 0.00 0.00 0.06 0.08 -0.25 0.02 -0.01 0.00 30.00 30.00 30.00 
0 0 0 84.90 0.00000000 0.00000000 0.00 0.00 0.00 0.06 0.07 -0.29 0.01 -0.02 0.00 30.00 30.00 30.00 
0 0 0 85.00 0.00000000 0.00000000 0.00 0.00 0.00 0.06 0.08 -0.26 0.01 -0.01 0.00 30.00 30.00 30.00 
0 0 0 85.10 0.00000000 0.00000000 0.00 0.00 0.00 0.05 0.08 -0.21 0.01 -0.01 0.00 30.00 30.00 30.00 
0 0 0 85.20 0.00000000 0.00000000 0.00 0.00 0.00 0.06 0.06 -0.27 0.01 -0.01 0.00 30.00 30.00 30.00 
0 0 0 85.30 0.00000000 0.00000000 0.00 0.00 0.00 0.07 0.07 -0.30 0.01 -0.01 0.00 30.00 30.00 30.00 
0 0 0 85.40 0.00000000 0.00000000 0.00 0.00 0.00 -0.28 0.23 1.03 0.04 -0.02 0.00 30.00 30.00 30.00 
0 0 0 85.50 0.00000000 0.00000000 0.00 0.00 0.00 0.08 0.02 -0.32 0.01 -0.02 0.00 30.00 30.00 30.00 
0 0 0 85.60 0.00000000 0.00000000 0.00 0.00 0.00 0.13 0.12 -0.66 -0.01 0.04 0.00 30.00 30.00 30.00 
0 0 0 85.70 0.00000000 0.00000000 0.00 0.00 0.00 0.07 0.07 -0.31 0.01 0.00 0.00 30.00 30.00 30.00 
0 0 0 85.80 0.00000000 0.00000000 0.00 0.00 0.00 0.06 0.06 -0.25 0.01 -0.01 0.01 30.00 30.00 30.00 
0 0 0 85.91 0.00000000 0.00000000 0.00 0.00 0.00 0.06 0.07 -0.26 0.01 -0.01 0.00 30.00 30.00 30.00 
0 0 0 86.01 0.00000000 0.00000000 0.00 0.00 0.00 0.06 0.07 -0.25 0.02 -0.01 0.00 30.00 30.00 30.00 
