0 0 0 2.97 0.00000000 0.00000000 0.00 0.00 0.00 0.06 0.07 -0.01 0.02 0.01 0.00 93.44 93.86 90.03 
0 0 0 3.14 0.00000000 0.00000000 0.00 0.00 0.00 0.06 0.08 0.01 0.02 -0.02 0.01 93.31 94.40 90.08 
0 0 0 3.24 0.00000000 0.00000000 0.00 0.00 0.00 0.06 0.07 -0.01 0.01 -0.01 0.01 93.54 93.76 90.07 
0 0 0 3.34 0.00000000 0.00000000 0.00 0.00 0.00 0.07 0.07 0.01 0.02 0.00 0.00 93.91 94.12 90.05 
0 0 0 3.44 0.00000000 0.00000000 0.00 0.00 0.00 0.13 0.07 0.29 -0.04 -0.03 0.01 97.66 93.93 90.07 
0 0 0 3.54 0.00000000 0.00000000 0.00 0.00 0.00 0.13 0.08 0.34 0.08 0.02 0.01 97.60 94.58 90.09 
0 0 0 3.64 0.00000000 0.00000000 0.00 0.00 0.00 -0.08 0.15 -0.08 0.02 -0.02 -0.02 85.35 98.80 89.81 
0 0 0 3.75 0.00000000 0.00000000 0.00 0.00 0.00 0.06 0.07 -0.06 0.03 -0.02 -0.03 93.25 93.71 89.67 
0 0 0 3.85 0.00000000 0.00000000 0.00 0.00 0.00 0.08 0.08 0.08 0.02 -0.01 0.00 94.54 94.74 90.05 
0 0 0 3.95 0.00000000 0.00000000 0.00 0.00 0.00 0.06 0.05 -0.12 0.01 -0.01 0.01 93.28 92.62 90.06 
0 0 0 4.05 0.00000000 0.00000000 0.00 0.00 0.00 0.07 0.06 -0.02 0.02 -0.01 0.01 94.03 93.58 90.06 
0 0 0 4.15 0.00000000 0.00000000 0.00 0.00 0.00 0.07 0.07 -0.06 0.01 -0.01 0.00 94.08 94.07 90.05 
0 0 0 4.25 0.00000000 0.00000000 0.00 0.00 0.00 0.06 0.07 -0.01 0.01 -0.01 0.00 93.50 94.15 90.05 
0 0 0 4.35 0.00000000 0.00000000 0.00 0.00 0.00 0.04 0.07 -0.07 0.02 -0.02 0.01 92.44 93.86 90.09 
0 0 0 4.45 0.00000000 0.00000000 0.00 0.00 0.00 0.06 0.07 -0.08 0.02 -0.01 0.01 93.50 93.93 90.06 
0 0 0 4.55 0.00000000 0.00000000 0.00 0.00 0.00 0.06 0.08 0.02 0.02 -0.01 0.00 93.38 94.49 90.04 
0 0 0 4.65 0.00000000 0.00000000 0.00 0.00 0.00 0.05 0.08 -0.01 0.01 -0.01 0.01 93.05 93.92 90.08 
0 0 0 4.75 0.00000000 0.00000000 0.00 0.00 0.00 0.05 0.08 0.00 0.01 -0.01 0.01 93.45 94.30 90.06 
0 0 0 4.85 0.00000000 0.00000000 0.00 0.00 0.00 0.06 0.08 -0.00 0.01 -0.00 0.00 93.50 94.37 90.04 
0 0 0 4.95 0.00000000 0.00000000 0.00 0.00 0.00 0.05 0.08 -0.05 0.02 -0.01 0.00 92.87 94.40 90.05 
0 0 0 5.05 0.00000000 0.00000000 0.00 0.00 0.00 0.06 0.08 -0.07 0.02 -0.02 0.01 93.46 94.32 90.08 
0 0 0 5.16 0.00000000 0.00000000 0.00 0.00 0.00 0.07 0.07 -0.04 0.02 -0.01 0.00 93.72 94.15 90.06 
0 0 0 5.26 0.00000000 0.00000000 0.00 0.00 0.00 0.04 0.06 -0.13 0.01 -0.01 0.00 92.00 93.56 90.05 
0 0 0 5.36 0.00000000 0.00000000 0.00 0.00 0.00 0.06 0.07 -0.04 0.01 -0.01 0.01 93.49 93.92 90.07 
0 0 0 5.46 0.00000000 0.00000000 0.00 0.00 0.00 0.11 0.06 0.09 0.02 0.00 0.00 96.04 93.57 90.05 
0 0 0 5.56 0.00000000 0.00000000 0.00 0.00 0.00 0.10 0.07 0.09 0.02 -0.01 0.01 95.75 93.97 90.07 
0 0 0 5.66 0.00000000 0.00000000 0.00 0.00 0.00 0.06 0.06 -0.02 0.01 -0.01 0.00 93.69 93.69 90.05 
0 0 0 5.76 0.00000000 0.00000000 0.00 0.00 0.00 0.02 0.07 -0.16 0.02 -0.02 0.01 91.28 93.82 90.07 
0 0 0 5.86 0.00000000 0.00000000 0.00 0.00 0.00 0.06 0.07 -0.03 0.02 -0.01 0.01 93.28 94.15 90.08 
0 0 0 5.97 0.00000000 0.00000000 0.00 0.00 0.00 0.04 0.07 -0.11 0.02 -0.02 0.00 92.47 93.81 90.06 
0 0 0 6.07 0.00000000 0.00000000 0.00 0.00 0.00 0.06 0.08 -0.00 0.01 -0.02 0.01 93.45 94.52 90.08 
0 0 0 6.17 0.00000000 0.00000000 0.00 0.00 0.00 0.09 0.02 -0.11 0.02 0.01 0.01 95.30 91.20 90.08 
0 0 0 6.27 0.00000000 0.00000000 0.00 0.00 0.00 0.01 0.09 -0.19 0.04 -0.01 -0.14 90.43 94.97 88.38 
0 0 0 6.37 0.00000000 0.00000000 0.00 0.00 0.00 0.09 -0.05 -0.63 0.00 -0.03 -0.03 95.24 87.25 89.58 
0 0 0 6.47 0.00000000 0.00000000 0.00 0.00 0.00 -0.06 0.10 -0.19 0.02 -0.02 0.00 86.33 95.89 90.04 
0 0 0 6.58 0.00000000 0.00000000 0.00 0.00 0.00 0.07 0.03 -0.12 0.01 -0.01 0.00 91.61 95.60 90.09 
0 0 0 6.68 0.00000000 0.00000000 0.00 0.00 0.00 0.06 0.08 0.01 0.01 -0.01 -0.01 93.46 94.53 89.84 
0 0 0 6.78 0.00000000 0.00000000 0.00 0.00 0.00 0.06 0.09 -0.00 0.01 -0.01 -0.02 92.65 93.97 89.66 
0 0 0 6.88 0.00000000 0.00000000 0.00 0.00 0.00 0.07 0.11 0.09 0.02 0.02 0.00 93.75 96.53 90.04 
0 0 0 6.98 0.00000000 0.00000000 0.00 0.00 0.00 0.07 0.07 -0.02 0.01 0.00 -0.01 93.95 94.14 89.87 
0 0 0 7.08 0.00000000 0.00000000 0.00 0.00 0.00 0.00 -0.01 -0.54 0.06 0.00 -0.19 90.24 89.27 87.71 
0 0 0 7.18 0.00000000 0.00000000 0.00 0.00 0.00 0.04 0.09 -0.15 0.03 -0.01 0.00 92.22 95.16 90.02 
0 0 0 7.28 0.00000000 0.00000000 0.00 0.00 0.00 0.05 0.05 -0.26 0.09 -0.05 -0.09 98.94 93.33 88.48 
0 0 0 7.38 0.00000000 0.00000000 0.00 0.00 0.00 0.07 0.07 -0.13 -0.05 -0.09 -0.06 93.78 93.99 89.29 
0 0 0 7.48 0.00000000 0.00000000 0.00 0.00 0.00 0.04 0.04 -0.27 0.00 -0.02 -0.01 92.35 92.56 89.87 
0 0 0 7.59 0.00000000 0.00000000 0.00 0.00 0.00 0.09 0.07 -0.04 0.01 0.01 0.02 94.85 94.18 90.22 
0 0 0 7.69 0.00000000 0.00000000 0.00 0.00 0.00 0.00 0.03 -0.43 0.00 -0.07 -0.01 90.00 91.61 89.92 
0 0 0 7.79 0.00000000 0.00000000 0.00 0.00 0.00 1.34 0.65 -4.22 0.01 -0.03 0.01 97.26 86.39 90.08 
0 0 0 7.89 0.00000000 0.00000000 0.00 0.00 0.00 0.07 0.09 0.12 -0.03 -0.04 -0.02 94.27 94.93 89.76 
0 0 0 7.99 0.00000000 0.00000000 0.00 0.00 0.00 0.10 0.10 0.17 0.03 0.04 -0.02 95.44 95.42 89.76 
0 0 0 8.09 0.00000000 0.00000000 0.00 0.00 0.00 0.10 0.08 -0.03 0.04 0.03 -0.15 96.31 95.07 88.26 
0 0 0 8.19 0.00000000 0.00000000 0.00 0.00 0.00 -0.01 0.06 -0.37 0.04 0.22 -0.23 89.37 93.56 87.25 
0 0 0 8.30 0.00000000 0.00000000 0.00 0.00 0.00 0.00 0.17 -0.21 0.20 -0.14 -0.06 90.20 99.58 89.32 
0 0 0 8.40 0.00000000 0.00000000 0.00 0.00 0.00 0.22 0.07 0.15 0.36 -0.26 -0.09 102.37 93.80 88.92 
0 0 0 8.50 0.00000000 0.00000000 0.00 0.00 0.00 0.26 0.07 0.30 0.34 -0.09 -0.06 104.57 93.75 89.34 
0 0 0 8.60 0.00000000 0.00000000 0.00 0.00 0.00 0.18 0.11 0.03 0.09 0.12 -0.05 100.27 96.55 89.43 
0 0 0 8.70 0.00000000 0.00000000 0.00 0.00 0.00 0.17 0.16 0.09 -0.04 0.27 0.02 99.75 98.86 90.25 
0 0 0 8.80 0.00000000 0.00000000 0.00 0.00 0.00 0.20 0.08 0.01 0.02 -0.58 -0.03 101.60 94.42 89.64 
0 0 0 8.90 0.00000000 0.00000000 0.00 0.00 0.00 0.17 0.04 -0.14 -0.01 -0.24 0.18 101.12 95.29 91.77 
0 0 0 9.00 0.00000000 0.00000000 0.00 0.00 0.00 0.13 -0.01 -0.40 0.19 0.22 0.10 97.53 89.58 91.19 
0 0 0 9.11 0.00000000 0.00000000 0.00 0.00 0.00 0.30 0.18 0.62 0.17 0.36 0.21 106.10 96.41 93.00 
0 0 0 9.21 0.00000000 0.00000000 0.00 0.00 0.00 0.22 0.01 -0.02 -0.15 -0.16 0.07 102.52 90.52 90.88 
0 0 0 9.31 0.00000000 0.00000000 0.00 0.00 0.00 0.12 0.03 -0.21 -0.25 0.06 0.12 96.68 91.43 91.49 
0 0 0 9.41 0.00000000 0.00000000 0.00 0.00 0.00 0.07 0.11 -0.02 -0.38 0.44 0.15 93.89 96.52 91.82 
0 0 0 9.51 0.00000000 0.00000000 0.00 0.00 0.00 0.02 0.09 -0.16 -0.47 -0.08 0.10 91.20 94.99 91.14 
0 0 0 9.62 0.00000000 0.00000000 0.00 0.00 0.00 0.03 0.02 -0.28 -0.86 -0.14 -0.05 89.20 98.14 89.73 
0 0 0 9.72 0.00000000 0.00000000 0.00 0.00 0.00 -0.05 0.14 0.31 -0.91 0.39 0.11 86.87 97.98 91.31 
0 0 0 9.82 0.00000000 0.00000000 0.00 0.00 0.00 -0.23 0.07 -0.24 -0.78 0.24 0.04 77.16 93.85 90.47 
0 0 0 9.92 0.00000000 0.00000000 0.00 0.00 0.00 -0.19 0.14 0.39 -0.67 -0.16 -0.05 79.00 97.88 89.37 
0 0 0 10.02 0.00000000 0.00000000 0.00 0.00 0.00 -0.30 0.13 0.34 -0.70 -0.04 0.06 71.52 98.35 90.76 
0 0 0 10.13 0.00000000 0.00000000 0.00 0.00 0.00 -0.32 0.13 0.37 -0.69 -0.14 0.05 71.51 97.27 90.55 
0 0 0 10.23 0.00000000 0.00000000 0.00 0.00 0.00 -0.40 0.14 0.60 -0.48 -0.00 0.08 67.48 98.23 91.02 
0 0 0 10.33 0.00000000 0.00000000 0.00 0.00 0.00 -0.41 0.16 0.59 0.08 0.13 0.04 66.71 98.94 90.49 
0 0 0 10.43 0.00000000 0.00000000 0.00 0.00 0.00 -0.39 0.15 0.49 0.76 0.16 -0.01 67.62 98.74 89.89 
0 0 0 10.53 0.00000000 0.00000000 0.00 0.00 0.00 -0.31 0.15 0.57 1.03 0.00 -0.04 72.13 98.72 89.56 
0 0 0 10.63 0.00000000 0.00000000 0.00 0.00 0.00 -0.21 0.16 0.39 1.04 0.15 -0.02 78.01 98.96 89.71 
0 0 0 10.73 0.00000000 0.00000000 0.00 0.00 0.00 -0.10 0.19 0.61 0.99 0.11 -0.05 83.67 102.44 89.22 
0 0 0 10.83 0.00000000 0.00000000 0.00 0.00 0.00 -0.03 0.18 0.21 1.05 0.10 -0.01 88.21 100.25 89.93 
0 0 0 10.93 0.00000000 0.00000000 0.00 0.00 0.00 0.09 0.20 0.12 1.00 0.12 0.01 95.08 101.61 90.12 
0 0 0 11.03 0.00000000 0.00000000 0.00 0.00 0.00 0.14 0.23 0.20 0.87 -0.01 0.00 98.21 103.04 90.05 
0 0 0 11.14 0.00000000 0.00000000 0.00 0.00 0.00 0.24 0.22 0.11 0.80 -0.10 -0.02 103.80 102.56 89.74 
0 0 0 11.24 0.00000000 0.00000000 0.00 0.00 0.00 0.33 0.22 0.27 0.65 -0.13 -0.06 108.27 102.74 89.25 
0 0 0 11.34 0.00000000 0.00000000 0.00 0.00 0.00 0.38 0.21 0.16 0.57 0.01 0.02 111.48 102.18 90.20 
0 0 0 11.45 0.00000000 0.00000000 0.00 0.00 0.00 0.42 0.21 0.14 0.47 -0.14 0.02 115.12 101.98 90.30 
0 0 0 11.55 0.00000000 0.00000000 0.00 0.00 0.00 0.47 0.21 0.16 0.20 -0.01 0.07 116.76 101.73 90.88 
0 0 0 11.65 0.00000000 0.00000000 0.00 0.00 0.00 0.50 0.22 0.35 -0.53 -0.06 0.04 118.34 102.33 90.50 
0 0 0 11.75 0.00000000 0.00000000 0.00 0.00 0.00 0.36 0.22 0.19 -1.25 -0.12 0.11 110.37 102.64 91.30 
0 0 0 11.85 0.00000000 0.00000000 0.00 0.00 0.00 0.09 0.12 -0.17 -1.46 -0.15 0.12 95.37 96.62 91.42 
0 0 0 11.95 0.00000000 0.00000000 0.00 0.00 0.00 0.06 0.10 0.02 -1.35 -0.09 0.09 93.42 95.97 91.11 
0 0 0 12.05 0.00000000 0.00000000 0.00 0.00 0.00 -0.12 0.16 0.13 -1.13 -0.21 0.08 85.74 99.08 90.83 
0 0 0 12.16 0.00000000 0.00000000 0.00 0.00 0.00 -0.18 0.08 0.35 -1.09 -0.09 0.03 79.96 94.88 90.65 
0 0 0 12.26 0.00000000 0.00000000 0.00 0.00 0.00 -0.26 0.15 0.33 -1.01 -0.08 0.12 75.43 98.41 91.43 
0 0 0 12.36 0.00000000 0.00000000 0.00 0.00 0.00 -0.34 0.16 0.62 -0.85 0.04 0.09 70.60 99.06 91.12 
0 0 0 12.46 0.00000000 0.00000000 0.00 0.00 0.00 -0.28 0.24 -5.37 0.23 -0.72 0.14 73.82 103.43 91.73 
0 0 0 12.56 0.00000000 0.00000000 0.00 0.00 0.00 -0.34 0.08 0.47 0.40 0.64 0.03 70.89 94.40 90.41 
0 0 0 12.66 0.00000000 0.00000000 0.00 0.00 0.00 -0.35 0.02 0.21 0.28 -0.03 -0.20 70.05 91.42 87.63 
0 0 0 12.76 0.00000000 0.00000000 0.00 0.00 0.00 -0.33 0.16 0.39 0.28 -0.22 -0.11 71.17 99.38 88.71 
0 0 0 12.86 0.00000000 0.00000000 0.00 0.00 0.00 -0.34 0.06 0.11 0.34 -0.19 -0.01 70.88 93.36 89.90 
0 0 0 12.97 0.00000000 0.00000000 0.00 0.00 0.00 -0.25 0.10 0.39 0.24 0.03 0.06 72.81 93.42 90.43 
0 0 0 13.07 0.00000000 0.00000000 0.00 0.00 0.00 -0.28 0.03 0.11 0.08 -0.05 -0.05 73.84 91.81 89.41 
0 0 0 13.17 0.00000000 0.00000000 0.00 0.00 0.00 -0.23 0.09 0.29 0.03 -0.12 -0.09 77.17 94.90 88.86 
0 0 0 13.27 0.00000000 0.00000000 0.00 0.00 0.00 -0.17 0.07 0.53 0.09 -0.08 -0.03 80.12 93.74 89.59 
0 0 0 13.37 0.00000000 0.00000000 0.00 0.00 0.00 -0.23 0.05 0.41 -0.07 -0.03 -0.05 77.16 93.03 89.45 
0 0 0 13.47 0.00000000 0.00000000 0.00 0.00 0.00 -0.22 -0.01 0.23 0.19 -0.19 0.08 77.59 89.51 90.99 
0 0 0 13.57 0.00000000 0.00000000 0.00 0.00 0.00 -0.26 0.01 0.20 -0.06 0.09 -0.05 75.40 90.71 89.45 
0 0 0 13.67 0.00000000 0.00000000 0.00 0.00 0.00 -0.28 0.04 0.22 -0.22 0.22 -0.00 78.69 94.65 89.99 
0 0 0 13.77 0.00000000 0.00000000 0.00 0.00 0.00 -0.22 0.06 0.42 0.02 0.22 -0.01 77.69 93.52 89.93 
0 0 0 13.88 0.00000000 0.00000000 0.00 0.00 0.00 -0.21 0.02 0.22 0.51 0.02 -0.02 77.92 91.11 89.76 
0 0 0 13.98 0.00000000 0.00000000 0.00 0.00 0.00 -0.13 0.12 0.56 0.62 -0.08 0.06 80.55 94.45 90.40 
0 0 0 14.08 0.00000000 0.00000000 0.00 0.00 0.00 -0.14 0.05 0.17 0.63 -0.08 0.24 80.04 92.47 92.69 
0 0 0 14.18 0.00000000 0.00000000 0.00 0.00 0.00 -0.04 -0.02 0.11 0.35 -0.18 0.13 87.58 88.90 91.61 
0 0 0 14.28 0.00000000 0.00000000 0.00 0.00 0.00 -0.03 0.01 0.11 0.37 -0.19 -0.06 88.04 90.59 89.33 
0 0 0 14.38 0.00000000 0.00000000 0.00 0.00 0.00 -0.01 0.11 0.19 0.59 0.86 -0.15 89.64 96.01 88.15 
0 0 0 14.48 0.00000000 0.00000000 0.00 0.00 0.00 0.28 0.30 -5.37 -0.03 -0.48 -0.22 105.71 106.89 87.33 
0 0 0 14.59 0.00000000 0.00000000 0.00 0.00 0.00 0.38 -0.27 -3.36 -0.23 0.20 0.15 111.56 74.75 91.79 
0 0 0 14.69 0.00000000 0.00000000 0.00 0.00 0.00 -0.04 0.02 -0.04 -0.14 -0.02 0.06 87.75 91.22 90.71 
0 0 0 14.79 0.00000000 0.00000000 0.00 0.00 0.00 0.02 0.09 0.20 0.09 0.05 -0.01 90.86 95.36 89.91 
0 0 0 14.89 0.00000000 0.00000000 0.00 0.00 0.00 0.03 0.07 0.19 0.26 -0.09 0.01 91.48 93.79 90.07 
0 0 0 14.99 0.00000000 0.00000000 0.00 0.00 0.00 0.03 0.00 -0.07 0.01 -0.05 -0.06 91.61 90.20 89.22 
0 0 0 15.09 0.00000000 0.00000000 0.00 0.00 0.00 0.00 0.15 0.23 -0.06 -0.00 0.01 89.61 97.49 89.90 
0 0 0 15.19 0.00000000 0.00000000 0.00 0.00 0.00 -0.01 0.03 -0.06 0.07 -0.06 0.01 89.16 91.69 90.14 
0 0 0 15.29 0.00000000 0.00000000 0.00 0.00 0.00 0.07 0.08 0.33 -0.07 0.04 -0.03 94.25 94.66 89.67 
0 0 0 15.39 0.00000000 0.00000000 0.00 0.00 0.00 -0.05 0.05 -0.07 -0.10 -0.07 -0.02 87.12 92.87 89.73 
0 0 0 15.49 0.00000000 0.00000000 0.00 0.00 0.00 0.05 0.09 0.25 0.19 -0.03 -0.03 92.79 95.33 89.60 
0 0 0 15.59 0.00000000 0.00000000 0.00 0.00 0.00 0.02 0.08 0.13 0.00 0.02 0.03 89.35 93.91 90.30 
0 0 0 15.69 0.00000000 0.00000000 0.00 0.00 0.00 0.08 0.06 0.28 -0.08 -0.00 -0.02 94.47 93.22 89.76 
0 0 0 15.80 0.00000000 0.00000000 0.00 0.00 0.00 0.00 0.08 0.05 0.03 0.05 -0.02 90.21 94.65 89.72 
0 0 0 15.90 0.00000000 0.00000000 0.00 0.00 0.00 0.02 0.10 0.18 -0.06 0.05 0.01 90.90 95.64 90.13 
0 0 0 16.00 0.00000000 0.00000000 0.00 0.00 0.00 0.02 0.04 0.07 -0.12 0.06 0.03 90.67 93.35 90.51 
0 0 0 16.10 0.00000000 0.00000000 0.00 0.00 0.00 -0.01 0.20 0.29 -0.01 -0.01 0.01 85.66 99.27 89.69 
0 0 0 16.24 0.00000000 0.00000000 0.00 0.00 0.00 -0.02 0.08 0.07 0.12 -0.07 -0.09 88.65 94.70 88.94 
0 0 0 16.39 0.00000000 0.00000000 0.00 0.00 0.00 -0.02 0.11 0.09 0.22 -0.05 0.14 88.75 96.03 91.64 
0 0 0 16.52 0.00000000 0.00000000 0.00 0.00 0.00 0.05 0.12 0.26 0.09 -0.09 0.19 92.86 96.56 92.25 
0 0 0 16.66 0.00000000 0.00000000 0.00 0.00 0.00 0.02 0.19 0.27 -0.13 0.41 -0.03 91.16 100.86 89.59 
0 0 0 16.77 0.00000000 0.00000000 0.00 0.00 0.00 0.04 0.17 0.46 -0.85 0.06 0.41 92.23 99.83 94.87 
0 0 0 16.87 0.00000000 0.00000000 0.00 0.00 0.00 2.13 0.11 -3.92 -0.46 0.28 0.09 100.15 82.20 92.57 
0 0 0 16.98 0.00000000 0.00000000 0.00 0.00 0.00 -0.24 0.08 -0.26 0.09 -0.28 -0.22 80.02 97.89 87.45 
0 0 0 17.08 0.00000000 0.00000000 0.00 0.00 0.00 -0.15 0.08 -0.07 0.40 -0.36 -0.14 81.44 97.15 88.11 
0 0 0 17.18 0.00000000 0.00000000 0.00 0.00 0.00 -0.01 0.06 0.30 0.08 -0.24 -0.03 89.00 95.56 89.13 
0 0 0 17.28 0.00000000 0.00000000 0.00 0.00 0.00 -0.07 0.08 0.13 0.61 -0.09 0.00 86.13 94.63 90.00 
0 0 0 17.39 0.00000000 0.00000000 0.00 0.00 0.00 0.07 0.20 0.51 0.95 0.33 -0.05 93.59 100.63 89.24 
0 0 0 17.49 0.00000000 0.00000000 0.00 0.00 0.00 0.09 0.13 0.12 1.09 0.10 0.02 92.96 104.49 90.06 
0 0 0 17.60 0.00000000 0.00000000 0.00 0.00 0.00 0.36 -0.09 -4.51 1.35 -0.05 0.13 102.68 97.07 92.03 
0 0 0 17.70 0.00000000 0.00000000 0.00 0.00 0.00 0.45 0.20 0.55 1.08 0.07 0.03 115.49 101.43 90.39 
0 0 0 17.80 0.00000000 0.00000000 0.00 0.00 0.00 0.52 0.15 0.42 0.74 0.09 -0.01 119.62 98.45 89.86 
0 0 0 17.90 0.00000000 0.00000000 0.00 0.00 0.00 0.80 0.21 -5.22 0.38 0.03 -0.02 135.50 102.04 89.79 
0 0 0 18.00 0.00000000 0.00000000 0.00 0.00 0.00 0.54 0.17 0.13 0.26 0.06 0.01 120.88 99.42 90.13 
0 0 0 18.10 0.00000000 0.00000000 0.00 0.00 0.00 0.48 0.14 -0.10 0.28 0.11 -0.01 117.44 97.79 89.85 
0 0 0 18.20 0.00000000 0.00000000 0.00 0.00 0.00 0.71 0.20 0.48 0.32 -0.09 -0.02 130.73 101.50 89.76 
0 0 0 18.30 0.00000000 0.00000000 0.00 0.00 0.00 0.64 0.20 0.21 0.21 -0.04 0.04 126.76 101.52 90.49 
0 0 0 18.40 0.00000000 0.00000000 0.00 0.00 0.00 0.76 0.17 0.42 0.21 0.21 0.04 133.15 99.42 90.52 
0 0 0 18.50 0.00000000 0.00000000 0.00 0.00 0.00 0.75 0.18 0.37 0.41 0.26 0.00 132.77 100.25 90.04 
0 0 0 18.60 0.00000000 0.00000000 0.00 0.00 0.00 0.71 0.18 0.10 0.73 -0.15 -0.06 130.58 100.48 89.23 
0 0 0 18.70 0.00000000 0.00000000 0.00 0.00 0.00 0.97 0.20 0.77 0.87 -0.03 0.01 145.08 101.25 90.14 
0 0 0 18.80 0.00000000 0.00000000 0.00 0.00 0.00 1.00 0.18 0.49 0.80 -0.03 -0.04 147.19 100.19 89.53 
0 0 0 18.90 0.00000000 0.00000000 0.00 0.00 0.00 0.87 0.19 -0.10 0.54 -0.06 -0.04 139.85 100.75 89.56 
0 0 0 19.01 0.00000000 0.00000000 0.00 0.00 0.00 1.10 0.19 0.40 -0.27 -0.12 -0.04 152.47 100.63 89.49 
0 0 0 19.11 0.00000000 0.00000000 0.00 0.00 0.00 0.80 0.23 0.12 -2.03 -0.05 0.05 135.52 102.86 90.64 
0 0 0 19.21 0.00000000 0.00000000 0.00 0.00 0.00 0.48 0.23 -0.13 -2.65 0.03 -0.00 117.59 103.26 89.96 
0 0 0 19.31 0.00000000 0.00000000 0.00 0.00 0.00 0.18 0.16 -0.07 -2.63 -0.42 -0.02 100.35 98.89 89.72 
0 0 0 19.41 0.00000000 0.00000000 0.00 0.00 0.00 0.00 0.10 -0.13 -2.53 -0.49 -0.00 90.22 95.83 89.99 
0 0 0 19.51 0.00000000 0.00000000 0.00 0.00 0.00 -0.22 0.05 0.22 -2.51 -0.89 0.00 77.30 93.04 90.05 
0 0 0 19.61 0.00000000 0.00000000 0.00 0.00 0.00 -0.41 0.00 0.12 -2.09 -0.39 0.07 66.60 90.00 90.80 
0 0 0 19.71 0.00000000 0.00000000 0.00 0.00 0.00 -0.61 0.02 0.38 -1.67 -0.37 0.04 55.50 90.89 90.54 
0 0 0 19.81 0.00000000 0.00000000 0.00 0.00 0.00 -0.67 -0.04 0.80 -1.42 -0.10 0.06 51.98 87.76 90.73 
0 0 0 19.91 0.00000000 0.00000000 0.00 0.00 0.00 -0.86 -0.05 0.32 -1.23 -0.08 0.11 40.72 86.94 91.30 
0 0 0 20.01 0.00000000 0.00000000 0.00 0.00 0.00 -0.93 -0.04 0.61 -1.12 -0.21 0.03 36.89 87.90 90.33 
0 0 0 20.11 0.00000000 0.00000000 0.00 0.00 0.00 -0.97 -0.04 0.60 -0.95 -0.22 0.01 34.48 87.99 90.10 
0 0 0 20.21 0.00000000 0.00000000 0.00 0.00 0.00 -1.19 -0.02 0.29 -0.60 -0.14 0.04 22.29 88.75 90.45 
0 0 0 20.31 0.00000000 0.00000000 0.00 0.00 0.00 -1.02 -0.02 -5.38 0.02 0.02 0.07 31.84 89.01 90.81 
0 0 0 20.42 0.00000000 0.00000000 0.00 0.00 0.00 -1.01 -0.01 -5.44 0.98 0.31 0.18 31.90 90.00 91.97 
0 0 0 20.53 0.00000000 0.00000000 0.00 0.00 0.00 -0.88 0.02 0.72 2.05 0.19 0.37 38.20 91.69 94.29 
0 0 0 20.63 0.00000000 0.00000000 0.00 0.00 0.00 -0.71 0.04 -5.42 2.49 0.35 0.33 48.68 92.84 94.30 
0 0 0 20.73 0.00000000 0.00000000 0.00 0.00 0.00 -0.42 0.05 -5.38 2.46 0.30 0.11 66.11 93.07 91.35 
0 0 0 20.83 0.00000000 0.00000000 0.00 0.00 0.00 -0.20 0.11 -5.15 2.21 0.48 -0.05 70.51 93.38 89.88 
0 0 0 20.93 0.00000000 0.00000000 0.00 0.00 0.00 -0.16 0.12 0.21 2.37 0.23 0.06 81.01 97.12 90.67 
0 0 0 21.03 0.00000000 0.00000000 0.00 0.00 0.00 0.09 0.17 0.50 2.37 0.48 -0.06 95.20 99.89 89.24 
0 0 0 21.13 0.00000000 0.00000000 0.00 0.00 0.00 0.38 0.28 0.41 2.15 0.34 -0.04 111.43 106.07 89.55 
0 0 0 21.23 0.00000000 0.00000000 0.00 0.00 0.00 0.58 0.28 0.58 1.80 -0.15 0.02 123.25 106.21 90.24 
0 0 0 21.33 0.00000000 0.00000000 0.00 0.00 0.00 0.83 0.34 0.59 1.50 -0.09 -0.11 137.15 109.18 88.68 
0 0 0 21.44 0.00000000 0.00000000 0.00 0.00 0.00 1.12 0.29 -5.33 1.20 0.36 -0.13 143.17 103.43 88.54 
0 0 0 21.54 0.00000000 0.00000000 0.00 0.00 0.00 1.28 0.33 -5.07 0.98 0.01 -0.10 141.48 111.02 88.73 
0 0 0 21.64 0.00000000 0.00000000 0.00 0.00 0.00 1.28 0.34 0.72 0.79 -0.02 -0.07 162.94 109.27 89.16 
0 0 0 21.74 0.00000000 0.00000000 0.00 0.00 0.00 1.30 0.36 0.79 0.38 -0.19 -0.02 163.90 110.66 89.74 
0 0 0 21.84 0.00000000 0.00000000 0.00 0.00 0.00 1.20 0.40 0.36 -0.54 -0.48 0.02 158.28 112.97 90.22 
0 0 0 21.94 0.00000000 0.00000000 0.00 0.00 0.00 1.10 0.37 0.23 -1.67 -0.67 0.18 152.88 110.86 92.21 
0 0 0 22.04 0.00000000 0.00000000 0.00 0.00 0.00 0.76 0.34 0.18 -2.62 -0.82 0.29 133.32 109.36 93.44 
0 0 0 22.14 0.00000000 0.00000000 0.00 0.00 0.00 0.19 0.15 -0.15 -3.17 -0.47 0.32 100.60 98.54 93.79 
0 0 0 22.25 0.00000000 0.00000000 0.00 0.00 0.00 0.07 0.11 -0.01 -3.01 -0.27 0.38 93.79 96.04 94.55 
0 0 0 22.35 0.00000000 0.00000000 0.00 0.00 0.00 -0.19 -0.04 0.31 -2.68 -0.90 0.33 79.39 87.89 93.90 
0 0 0 22.45 0.00000000 0.00000000 0.00 0.00 0.00 -0.48 -0.01 0.07 -2.29 0.05 0.15 62.74 89.59 91.82 
0 0 0 22.55 0.00000000 0.00000000 0.00 0.00 0.00 -0.53 0.01 0.56 -1.96 -0.31 0.13 59.72 90.76 91.58 
0 0 0 22.65 0.00000000 0.00000000 0.00 0.00 0.00 -0.69 -0.01 0.50 -1.50 -0.35 0.16 50.55 89.23 91.97 
0 0 0 22.75 0.00000000 0.00000000 0.00 0.00 0.00 -0.92 -0.05 0.31 -1.13 -0.33 0.20 37.77 86.89 92.37 
0 0 0 22.85 0.00000000 0.00000000 0.00 0.00 0.00 -0.93 -0.01 0.52 -0.77 -0.11 0.08 36.83 89.54 90.95 
0 0 0 22.95 0.00000000 0.00000000 0.00 0.00 0.00 -0.99 -0.04 0.56 -0.48 -0.19 -0.07 33.80 87.80 89.16 
0 0 0 23.05 0.00000000 0.00000000 0.00 0.00 0.00 -0.96 0.00 0.80 -0.31 -0.08 -0.16 35.26 90.00 88.06 
0 0 0 23.15 0.00000000 0.00000000 0.00 0.00 0.00 -1.03 -0.01 0.63 0.20 0.01 -0.05 31.27 89.58 89.38 
0 0 0 23.25 0.00000000 0.00000000 0.00 0.00 0.00 -0.90 0.01 0.80 1.37 0.43 0.14 38.63 90.56 91.66 
0 0 0 23.35 0.00000000 0.00000000 0.00 0.00 0.00 -0.75 -0.03 -5.23 2.39 0.37 0.15 47.45 88.34 91.82 
0 0 0 23.45 0.00000000 0.00000000 0.00 0.00 0.00 -0.57 -0.03 0.53 2.88 0.19 -0.02 57.70 88.29 89.79 
0 0 0 23.56 0.00000000 0.00000000 0.00 0.00 0.00 -0.27 0.05 -5.29 2.79 0.58 -0.23 72.40 93.81 87.30 
0 0 0 23.66 0.00000000 0.00000000 0.00 0.00 0.00 0.06 0.16 0.79 2.40 0.29 -0.19 91.04 96.22 87.75 
0 0 0 23.76 0.00000000 0.00000000 0.00 0.00 0.00 0.22 0.00 -5.37 2.10 -0.04 -0.29 102.57 90.00 86.52 
0 0 0 23.87 0.00000000 0.00000000 0.00 0.00 0.00 0.44 0.11 0.49 1.95 0.24 -0.35 100.29 94.91 85.96 
0 0 0 23.97 0.00000000 0.00000000 0.00 0.00 0.00 0.56 0.16 0.05 1.68 0.10 -0.22 115.95 101.21 87.29 
0 0 0 24.07 0.00000000 0.00000000 0.00 0.00 0.00 0.62 0.14 -0.17 1.36 0.06 -0.13 125.38 97.83 88.42 
0 0 0 24.17 0.00000000 0.00000000 0.00 0.00 0.00 0.87 0.23 0.16 0.93 0.03 -0.07 139.55 103.05 89.14 
0 0 0 24.27 0.00000000 0.00000000 0.00 0.00 0.00 0.98 0.22 0.32 0.62 0.05 -0.02 145.96 102.77 89.70 
0 0 0 24.37 0.00000000 0.00000000 0.00 0.00 0.00 0.92 0.22 -0.05 0.11 0.13 -0.01 142.58 102.42 89.89 
0 0 0 24.47 0.00000000 0.00000000 0.00 0.00 0.00 0.93 0.23 0.01 -0.27 -0.02 0.09 143.20 103.32 91.02 
0 0 0 24.57 0.00000000 0.00000000 0.00 0.00 0.00 1.05 0.18 0.44 -0.79 -0.36 0.10 149.57 100.35 91.23 
0 0 0 24.67 0.00000000 0.00000000 0.00 0.00 0.00 0.84 0.21 -2.32 -1.83 -0.08 0.19 137.68 101.91 92.30 
0 0 0 24.77 0.00000000 0.00000000 0.00 0.00 0.00 0.43 0.23 -0.01 -2.49 -0.25 0.32 114.36 103.39 93.86 
0 0 0 24.87 0.00000000 0.00000000 0.00 0.00 0.00 0.13 -0.01 -0.18 -2.64 -0.15 0.45 97.20 89.63 95.42 
0 0 0 24.97 0.00000000 0.00000000 0.00 0.00 0.00 -0.03 0.21 0.24 -2.16 -0.00 0.25 88.30 101.76 93.01 
0 0 0 25.07 0.00000000 0.00000000 0.00 0.00 0.00 -0.12 0.06 0.58 -1.59 -0.39 0.13 83.11 93.14 91.59 
0 0 0 25.18 0.00000000 0.00000000 0.00 0.00 0.00 -0.29 0.00 0.30 -1.24 -0.14 0.05 73.34 90.00 90.65 
0 0 0 25.28 0.00000000 0.00000000 0.00 0.00 0.00 -0.40 0.06 0.59 -1.12 -0.01 -0.00 68.90 92.12 89.96 
0 0 0 25.38 0.00000000 0.00000000 0.00 0.00 0.00 -0.51 0.09 0.66 -1.10 0.20 -0.02 58.32 93.53 89.76 
0 0 0 25.48 0.00000000 0.00000000 0.00 0.00 0.00 -0.64 0.06 0.41 -1.12 -0.15 -0.05 53.44 93.59 89.44 
0 0 0 25.58 0.00000000 0.00000000 0.00 0.00 0.00 -0.72 0.03 0.56 -0.95 -0.10 0.00 49.15 91.77 90.01 
0 0 0 25.69 0.00000000 0.00000000 0.00 0.00 0.00 -0.79 0.08 0.55 -0.65 -0.31 0.12 44.58 91.84 91.28 
0 0 0 25.79 0.00000000 0.00000000 0.00 0.00 0.00 -0.81 0.07 0.70 -0.34 -0.11 0.08 43.99 94.15 91.00 
0 0 0 25.89 0.00000000 0.00000000 0.00 0.00 0.00 -0.82 0.03 0.72 -0.23 -0.15 -0.03 43.24 91.61 89.68 
0 0 0 25.99 0.00000000 0.00000000 0.00 0.00 0.00 -1.03 0.06 0.21 -0.08 -0.08 -0.02 31.52 93.20 89.78 
0 0 0 26.09 0.00000000 0.00000000 0.00 0.00 0.00 -0.88 0.06 0.64 0.01 -0.09 0.03 39.89 93.65 90.38 
0 0 0 26.19 0.00000000 0.00000000 0.00 0.00 0.00 -0.93 0.02 0.43 0.06 0.02 0.03 37.24 90.98 90.34 
0 0 0 26.29 0.00000000 0.00000000 0.00 0.00 0.00 -0.83 0.00 0.79 0.08 -0.08 0.03 42.03 94.09 90.37 
0 0 0 26.39 0.00000000 0.00000000 0.00 0.00 0.00 -0.80 0.01 -5.42 0.11 0.22 0.05 44.50 90.41 90.59 
0 0 0 26.50 0.00000000 0.00000000 0.00 0.00 0.00 -0.78 0.04 -5.46 0.38 0.79 0.06 45.69 92.38 90.72 
0 0 0 26.60 0.00000000 0.00000000 0.00 0.00 0.00 -0.72 0.13 -5.34 0.68 1.25 0.18 49.09 97.58 92.19 
0 0 0 26.70 0.00000000 0.00000000 0.00 0.00 0.00 -0.74 0.25 0.40 0.58 1.45 0.26 47.59 104.13 93.09 
0 0 0 26.80 0.00000000 0.00000000 0.00 0.00 0.00 -0.74 0.28 0.17 0.08 0.71 -0.09 47.94 105.92 88.91 
0 0 0 26.90 0.00000000 0.00000000 0.00 0.00 0.00 -0.77 0.39 0.09 -0.38 1.18 -0.50 46.38 112.34 83.95 
0 0 0 27.00 0.00000000 0.00000000 0.00 0.00 0.00 -1.27 0.37 -0.65 -0.78 1.46 -1.08 17.85 110.91 77.06 
0 0 0 27.10 0.00000000 0.00000000 0.00 0.00 0.00 -0.98 0.40 -0.33 -1.00 1.63 -1.54 34.41 112.75 71.56 
0 0 0 27.20 0.00000000 0.00000000 0.00 0.00 0.00 -1.09 0.54 0.73 -0.93 1.09 -1.20 27.99 120.84 75.56 
0 0 0 27.30 0.00000000 0.00000000 0.00 0.00 0.00 -1.44 0.44 -0.23 -0.66 0.43 -0.67 8.18 115.25 82.00 
0 0 0 27.40 0.00000000 0.00000000 0.00 0.00 0.00 -1.00 0.29 -4.06 -0.25 -0.19 -0.37 32.78 106.80 85.50 
0 0 0 27.50 0.00000000 0.00000000 0.00 0.00 0.00 -1.35 0.27 -0.37 0.12 -0.25 -0.06 13.29 105.45 89.34 
0 0 0 27.60 0.00000000 0.00000000 0.00 0.00 0.00 -1.48 0.30 -0.48 0.65 -0.16 0.22 5.65 107.13 92.64 
0 0 0 27.70 0.00000000 0.00000000 0.00 0.00 0.00 -1.16 0.40 0.79 1.44 -0.43 0.68 23.74 113.01 98.13 
0 0 0 27.80 0.00000000 0.00000000 0.00 0.00 0.00 -1.59 0.37 -0.71 1.93 -1.01 0.79 -0.62 110.89 99.50 
0 0 0 27.90 0.00000000 0.00000000 0.00 0.00 0.00 -0.93 0.31 -0.36 2.04 -0.79 0.72 37.19 107.72 98.63 
0 0 0 28.01 0.00000000 0.00000000 0.00 0.00 0.00 -0.67 0.29 -0.38 1.78 -0.72 0.59 51.71 106.32 97.08 
0 0 0 28.11 0.00000000 0.00000000 0.00 0.00 0.00 -0.49 0.17 -0.74 1.60 -0.50 0.61 59.13 101.23 97.50 
0 0 0 28.21 0.00000000 0.00000000 0.00 0.00 0.00 -0.38 0.15 -0.74 1.51 -0.40 0.47 68.38 98.72 95.59 
0 0 0 28.31 0.00000000 0.00000000 0.00 0.00 0.00 -0.23 0.10 -0.54 1.49 -0.73 0.30 76.92 95.65 93.61 
0 0 0 28.41 0.00000000 0.00000000 0.00 0.00 0.00 -0.09 0.07 -0.48 1.40 -0.25 0.14 84.85 93.75 91.62 
0 0 0 28.51 0.00000000 0.00000000 0.00 0.00 0.00 0.20 0.07 0.18 1.29 0.02 0.16 101.44 93.78 91.87 
0 0 0 28.61 0.00000000 0.00000000 0.00 0.00 0.00 0.03 0.06 -0.52 1.19 0.01 0.06 97.87 92.49 90.85 
0 0 0 28.72 0.00000000 0.00000000 0.00 0.00 0.00 0.48 0.11 0.42 1.27 0.05 -0.00 112.65 95.61 90.04 
0 0 0 28.82 0.00000000 0.00000000 0.00 0.00 0.00 0.52 0.14 0.18 1.10 0.05 0.07 119.49 97.83 90.85 
0 0 0 28.92 0.00000000 0.00000000 0.00 0.00 0.00 0.59 0.12 -0.13 0.88 -0.02 0.17 123.64 96.67 92.02 
0 0 0 29.02 0.00000000 0.00000000 0.00 0.00 0.00 0.67 0.07 -0.22 0.62 -0.21 0.10 128.04 94.13 91.20 
0 0 0 29.12 0.00000000 0.00000000 0.00 0.00 0.00 0.68 0.09 -0.19 0.41 -0.16 0.01 128.69 94.89 90.16 
0 0 0 29.22 0.00000000 0.00000000 0.00 0.00 0.00 0.81 0.08 -0.03 0.29 -0.09 -0.06 136.29 94.53 89.29 
0 0 0 29.32 0.00000000 0.00000000 0.00 0.00 0.00 0.78 0.07 -0.21 0.27 -0.17 -0.06 134.30 94.19 89.29 
0 0 0 29.42 0.00000000 0.00000000 0.00 0.00 0.00 0.81 0.10 -0.08 0.19 -0.00 -0.07 136.22 95.91 89.21 
0 0 0 29.52 0.00000000 0.00000000 0.00 0.00 0.00 0.80 0.12 -0.11 -0.07 0.09 -0.01 135.39 96.79 89.94 
0 0 0 29.62 0.00000000 0.00000000 0.00 0.00 0.00 0.81 0.07 -0.12 -0.49 -0.15 -0.03 136.11 94.02 89.66 
0 0 0 29.72 0.00000000 0.00000000 0.00 0.00 0.00 0.72 0.03 -0.35 -1.32 0.17 0.01 130.95 91.80 90.17 
0 0 0 29.82 0.00000000 0.00000000 0.00 0.00 0.00 0.50 0.13 -0.15 -1.84 0.38 -0.03 118.70 97.13 89.64 
0 0 0 29.92 0.00000000 0.00000000 0.00 0.00 0.00 0.30 0.17 0.14 -1.99 0.11 0.23 107.28 99.96 92.81 
0 0 0 30.02 0.00000000 0.00000000 0.00 0.00 0.00 0.42 0.06 0.35 -1.91 0.17 0.17 114.07 93.39 92.07 
0 0 0 30.12 0.00000000 0.00000000 0.00 0.00 0.00 -0.18 0.06 -0.39 -1.87 0.32 0.03 79.93 93.67 90.41 
0 0 0 30.22 0.00000000 0.00000000 0.00 0.00 0.00 -0.32 0.23 -0.08 -1.62 0.18 0.01 71.94 102.87 90.11 
0 0 0 30.32 0.00000000 0.00000000 0.00 0.00 0.00 -0.41 0.26 0.24 -1.43 -0.05 0.07 66.56 104.77 90.89 
0 0 0 30.43 0.00000000 0.00000000 0.00 0.00 0.00 -0.50 0.17 -0.05 -1.19 -0.13 0.10 61.56 99.60 91.25 
0 0 0 30.53 0.00000000 0.00000000 0.00 0.00 0.00 -0.54 0.14 0.48 -0.87 -0.38 0.09 59.41 97.76 91.11 
0 0 0 30.63 0.00000000 0.00000000 0.00 0.00 0.00 -0.68 0.10 -0.17 -0.58 -0.22 0.00 51.07 95.48 90.02 
0 0 0 30.73 0.00000000 0.00000000 0.00 0.00 0.00 -0.71 0.15 0.32 -0.46 -0.14 -0.01 49.40 98.43 89.86 
0 0 0 30.83 0.00000000 0.00000000 0.00 0.00 0.00 -0.73 0.10 0.30 -0.32 -0.04 -0.02 48.15 95.96 89.81 
0 0 0 30.93 0.00000000 0.00000000 0.00 0.00 0.00 -0.79 0.16 0.28 -0.31 -0.05 0.02 43.64 98.71 90.21 
0 0 0 31.03 0.00000000 0.00000000 0.00 0.00 0.00 -0.77 0.15 0.40 -0.37 0.02 0.02 45.83 98.38 90.20 
0 0 0 31.14 0.00000000 0.00000000 0.00 0.00 0.00 -0.78 0.11 0.49 -0.49 -0.22 0.04 44.66 95.82 90.36 
0 0 0 31.24 0.00000000 0.00000000 0.00 0.00 0.00 -0.91 0.12 0.24 -0.53 -0.08 0.05 39.21 95.27 90.62 
0 0 0 31.34 0.00000000 0.00000000 0.00 0.00 0.00 -0.98 0.08 -0.02 -0.36 -0.00 0.02 33.98 94.32 90.25 
0 0 0 31.44 0.00000000 0.00000000 0.00 0.00 0.00 -0.98 0.16 0.30 0.20 0.24 0.05 34.18 99.33 90.59 
0 0 0 31.54 0.00000000 0.00000000 0.00 0.00 0.00 -0.93 0.18 0.14 1.22 0.27 0.14 37.02 100.20 91.72 
0 0 0 31.65 0.00000000 0.00000000 0.00 0.00 0.00 -0.67 0.18 -5.40 1.94 -0.28 -0.01 45.38 95.57 90.05 
0 0 0 31.75 0.00000000 0.00000000 0.00 0.00 0.00 -0.53 0.16 0.41 2.05 0.12 -0.02 58.90 97.88 89.81 
0 0 0 31.85 0.00000000 0.00000000 0.00 0.00 0.00 -0.40 0.15 0.23 1.92 0.08 0.10 67.26 98.43 91.16 
0 0 0 31.95 0.00000000 0.00000000 0.00 0.00 0.00 -0.28 0.12 -0.25 1.83 0.04 0.12 73.91 97.09 91.39 
0 0 0 32.05 0.00000000 0.00000000 0.00 0.00 0.00 0.05 0.14 0.74 1.88 -0.15 0.04 92.74 98.17 90.53 
0 0 0 32.15 0.00000000 0.00000000 0.00 0.00 0.00 0.17 0.15 0.07 1.68 -0.23 -0.08 97.36 98.98 89.12 
0 0 0 32.25 0.00000000 0.00000000 0.00 0.00 0.00 0.26 0.13 -0.05 1.24 0.09 -0.08 104.95 97.16 89.04 
0 0 0 32.35 0.00000000 0.00000000 0.00 0.00 0.00 0.43 0.13 -0.13 0.77 -0.15 -0.05 114.30 97.34 89.39 
0 0 0 32.45 0.00000000 0.00000000 0.00 0.00 0.00 0.52 0.13 -0.03 0.37 0.05 -0.07 119.41 97.60 89.10 
0 0 0 32.55 0.00000000 0.00000000 0.00 0.00 0.00 0.73 0.15 -5.21 0.12 0.02 -0.09 131.37 98.46 88.93 
0 0 0 32.65 0.00000000 0.00000000 0.00 0.00 0.00 0.64 0.18 0.44 0.05 0.10 -0.04 126.46 100.27 89.51 
0 0 0 32.79 0.00000000 0.00000000 0.00 0.00 0.00 0.45 0.16 -0.26 -0.05 -0.01 0.02 115.93 99.09 90.21 
0 0 0 32.92 0.00000000 0.00000000 0.00 0.00 0.00 0.45 0.14 -0.21 -0.67 0.14 0.07 115.85 98.18 90.78 
0 0 0 33.06 0.00000000 0.00000000 0.00 0.00 0.00 0.27 0.20 -0.16 -1.30 0.13 0.13 105.44 101.54 91.61 
0 0 0 33.19 0.00000000 0.00000000 0.00 0.00 0.00 0.14 0.20 -0.13 -0.97 -0.05 0.10 97.78 101.48 91.21 
0 0 0 33.29 0.00000000 0.00000000 0.00 0.00 0.00 -0.01 0.16 -0.28 -0.51 -0.08 0.26 89.40 99.12 93.10 
0 0 0 33.39 0.00000000 0.00000000 0.00 0.00 0.00 -0.01 0.15 -0.21 -0.15 -0.11 0.26 89.45 98.70 93.06 
0 0 0 33.49 0.00000000 0.00000000 0.00 0.00 0.00 0.07 0.14 0.08 0.02 -0.16 0.18 94.16 98.26 92.11 
0 0 0 33.59 0.00000000 0.00000000 0.00 0.00 0.00 0.03 0.14 0.03 -0.19 -0.17 0.05 91.48 97.79 90.64 
0 0 0 33.70 0.00000000 0.00000000 0.00 0.00 0.00 0.12 0.28 0.63 -0.28 0.44 0.18 97.12 105.68 92.20 
0 0 0 33.80 0.00000000 0.00000000 0.00 0.00 0.00 -0.03 0.15 -0.06 -0.24 0.09 0.28 88.39 98.37 93.31 
0 0 0 33.90 0.00000000 0.00000000 0.00 0.00 0.00 0.08 0.14 0.51 -0.04 -0.18 0.21 94.72 98.25 92.51 
0 0 0 34.00 0.00000000 0.00000000 0.00 0.00 0.00 -0.07 0.19 -0.04 -0.02 0.09 0.04 85.14 98.18 90.74 
0 0 0 34.10 0.00000000 0.00000000 0.00 0.00 0.00 -0.05 0.21 0.09 0.02 -0.06 -0.14 87.97 100.94 88.39 
0 0 0 34.20 0.00000000 0.00000000 0.00 0.00 0.00 -0.03 0.19 0.05 0.12 -0.10 -0.07 88.37 100.80 89.12 
0 0 0 34.30 0.00000000 0.00000000 0.00 0.00 0.00 0.05 0.21 0.34 0.12 -0.09 -0.04 92.65 101.75 89.47 
0 0 0 34.40 0.00000000 0.00000000 0.00 0.00 0.00 0.02 0.21 0.27 -0.03 -0.06 -0.00 91.13 101.81 90.00 
0 0 0 34.50 0.00000000 0.00000000 0.00 0.00 0.00 -0.08 0.09 -0.25 -0.11 -0.07 -0.01 85.18 95.37 89.92 
0 0 0 34.60 0.00000000 0.00000000 0.00 0.00 0.00 -0.05 0.18 0.06 -0.05 0.02 -0.05 87.23 100.13 89.41 
0 0 0 34.70 0.00000000 0.00000000 0.00 0.00 0.00 -0.10 0.15 -0.15 0.07 -0.13 -0.00 84.56 98.39 89.98 
0 0 0 34.80 0.00000000 0.00000000 0.00 0.00 0.00 -0.04 0.17 0.08 0.17 -0.02 0.01 87.88 99.65 90.17 
0 0 0 34.90 0.00000000 0.00000000 0.00 0.00 0.00 -0.02 0.15 0.06 0.24 -0.13 -0.02 88.86 98.34 89.74 
0 0 0 35.00 0.00000000 0.00000000 0.00 0.00 0.00 -0.01 0.12 -0.07 0.13 -0.04 -0.06 89.34 97.01 89.25 
0 0 0 35.11 0.00000000 0.00000000 0.00 0.00 0.00 -0.00 0.19 0.11 -0.09 0.00 -0.02 89.80 100.65 89.82 
0 0 0 35.21 0.00000000 0.00000000 0.00 0.00 0.00 0.03 0.18 0.18 -0.21 0.07 0.01 91.44 99.98 90.13 
0 0 0 35.31 0.00000000 0.00000000 0.00 0.00 0.00 -0.06 0.13 -0.15 -0.02 -0.07 0.02 86.64 97.51 90.25 
0 0 0 35.41 0.00000000 0.00000000 0.00 0.00 0.00 -0.04 0.17 0.06 0.09 0.10 -0.00 87.83 99.48 89.95 
0 0 0 35.51 0.00000000 0.00000000 0.00 0.00 0.00 -0.10 0.14 -0.19 0.06 -0.08 0.04 84.26 98.24 90.46 
0 0 0 35.61 0.00000000 0.00000000 0.00 0.00 0.00 -0.06 0.10 -0.17 0.01 -0.03 0.04 86.64 95.74 90.45 
0 0 0 35.71 0.00000000 0.00000000 0.00 0.00 0.00 -0.02 0.13 -0.01 -0.04 -0.07 -0.01 88.77 97.34 89.90 
0 0 0 35.81 0.00000000 0.00000000 0.00 0.00 0.00 -0.03 0.14 0.02 0.04 -0.08 0.05 88.39 98.20 90.57 
0 0 0 35.91 0.00000000 0.00000000 0.00 0.00 0.00 -0.06 0.11 -0.17 0.06 -0.06 0.02 86.31 96.27 90.22 
0 0 0 36.01 0.00000000 0.00000000 0.00 0.00 0.00 -0.03 0.13 -0.01 0.06 -0.10 0.01 88.30 97.23 90.08 
0 0 0 36.11 0.00000000 0.00000000 0.00 0.00 0.00 -0.00 0.13 0.14 0.01 -0.08 0.00 89.78 97.47 90.05 
0 0 0 36.21 0.00000000 0.00000000 0.00 0.00 0.00 -0.05 0.14 -0.00 0.06 0.03 -0.03 87.40 98.11 89.63 
0 0 0 36.31 0.00000000 0.00000000 0.00 0.00 0.00 -0.02 0.14 0.05 0.04 -0.03 -0.04 88.86 95.43 89.67 
0 0 0 36.41 0.00000000 0.00000000 0.00 0.00 0.00 -0.04 0.13 -0.02 0.01 0.12 -0.03 87.84 97.30 89.70 
0 0 0 36.52 0.00000000 0.00000000 0.00 0.00 0.00 -0.06 0.23 0.12 -0.08 0.04 0.05 86.78 103.28 90.60 
0 0 0 36.62 0.00000000 0.00000000 0.00 0.00 0.00 0.05 0.18 0.31 -0.01 0.02 0.04 92.92 100.35 90.50 
0 0 0 36.72 0.00000000 0.00000000 0.00 0.00 0.00 -0.04 0.17 -0.04 0.02 0.01 -0.02 87.79 99.41 89.72 
0 0 0 36.82 0.00000000 0.00000000 0.00 0.00 0.00 -0.04 0.19 0.07 0.09 -0.03 0.02 87.79 100.69 90.23 
0 0 0 36.92 0.00000000 0.00000000 0.00 0.00 0.00 -0.02 0.15 0.01 0.05 -0.09 0.02 88.77 98.33 90.24 
0 0 0 37.02 0.00000000 0.00000000 0.00 0.00 0.00 0.04 0.19 0.33 -0.05 0.01 -0.03 92.17 100.95 89.62 
0 0 0 37.13 0.00000000 0.00000000 0.00 0.00 0.00 0.05 0.20 0.38 0.07 0.05 0.01 95.89 100.06 90.01 
0 0 0 37.23 0.00000000 0.00000000 0.00 0.00 0.00 -0.07 0.11 -0.20 0.00 0.03 -0.00 85.78 96.41 89.95 
0 0 0 37.33 0.00000000 0.00000000 0.00 0.00 0.00 -0.03 0.16 0.04 0.11 -0.00 0.03 88.20 99.15 90.42 
0 0 0 37.43 0.00000000 0.00000000 0.00 0.00 0.00 0.03 0.14 0.22 0.05 -0.07 -0.01 91.93 98.08 89.83 
0 0 0 37.53 0.00000000 0.00000000 0.00 0.00 0.00 -0.05 0.13 -0.07 0.02 0.01 0.04 92.54 99.14 90.65 
0 0 0 37.63 0.00000000 0.00000000 0.00 0.00 0.00 0.00 0.16 0.11 0.00 -0.01 -0.05 90.00 98.86 89.37 
0 0 0 37.74 0.00000000 0.00000000 0.00 0.00 0.00 0.01 0.22 0.29 -0.17 0.11 -0.04 90.64 102.55 89.56 
0 0 0 37.84 0.00000000 0.00000000 0.00 0.00 0.00 -0.03 0.17 0.08 -0.15 0.01 0.04 88.13 99.68 90.48 
0 0 0 37.94 0.00000000 0.00000000 0.00 0.00 0.00 -0.04 0.14 0.02 -0.02 0.05 0.01 87.92 98.24 90.10 
0 0 0 38.04 0.00000000 0.00000000 0.00 0.00 0.00 0.09 0.20 0.64 0.19 -0.11 -0.01 94.89 101.16 89.85 
0 0 0 38.14 0.00000000 0.00000000 0.00 0.00 0.00 -0.06 0.12 -0.10 0.13 0.01 -0.01 86.73 97.08 89.84 
0 0 0 38.24 0.00000000 0.00000000 0.00 0.00 0.00 0.01 0.15 0.13 0.04 -0.01 0.01 90.68 98.82 90.11 
0 0 0 38.34 0.00000000 0.00000000 0.00 0.00 0.00 -0.01 0.15 0.07 -0.08 0.03 -0.01 89.32 98.60 89.88 
0 0 0 38.44 0.00000000 0.00000000 0.00 0.00 0.00 -0.05 0.13 -0.07 -0.07 0.02 -0.02 87.35 97.20 89.73 
0 0 0 38.54 0.00000000 0.00000000 0.00 0.00 0.00 0.01 0.20 0.33 0.01 0.01 0.01 90.45 101.47 90.14 
0 0 0 38.65 0.00000000 0.00000000 0.00 0.00 0.00 -0.00 0.14 0.13 0.05 0.04 0.02 84.34 98.52 90.30 
0 0 0 38.75 0.00000000 0.00000000 0.00 0.00 0.00 -0.04 0.13 -0.07 0.04 -0.12 -0.01 87.47 97.55 89.86 
0 0 0 38.85 0.00000000 0.00000000 0.00 0.00 0.00 0.00 0.17 0.21 0.07 0.04 -0.04 90.00 99.45 89.55 
0 0 0 38.95 0.00000000 0.00000000 0.00 0.00 0.00 -0.10 0.17 -0.10 0.02 -0.05 0.07 84.56 99.76 90.89 
0 0 0 39.05 0.00000000 0.00000000 0.00 0.00 0.00 -0.01 0.13 -0.02 0.00 -0.05 0.04 89.36 97.19 90.47 
0 0 0 39.15 0.00000000 0.00000000 0.00 0.00 0.00 -0.01 0.17 0.12 -0.03 0.04 -0.03 89.56 99.41 89.62 
0 0 0 39.25 0.00000000 0.00000000 0.00 0.00 0.00 -0.03 0.16 0.07 0.09 -0.02 -0.03 88.54 99.28 89.61 
0 0 0 39.35 0.00000000 0.00000000 0.00 0.00 0.00 -0.04 0.16 -0.05 0.02 -0.04 -0.03 87.58 98.94 89.62 
0 0 0 39.45 0.00000000 0.00000000 0.00 0.00 0.00 -0.05 0.16 -0.04 0.06 -0.00 0.02 87.23 99.09 90.25 
0 0 0 39.55 0.00000000 0.00000000 0.00 0.00 0.00 0.02 0.15 0.11 0.13 -0.06 0.06 90.86 98.72 90.71 
0 0 0 39.65 0.00000000 0.00000000 0.00 0.00 0.00 0.14 0.15 0.58 0.10 -0.13 0.00 97.96 98.77 90.03 
0 0 0 39.75 0.00000000 0.00000000 0.00 0.00 0.00 0.10 0.13 0.31 0.11 0.06 -0.04 95.50 97.28 89.53 
0 0 0 39.85 0.00000000 0.00000000 0.00 0.00 0.00 0.06 0.13 0.15 0.07 0.01 0.04 93.27 97.42 90.45 
0 0 0 39.95 0.00000000 0.00000000 0.00 0.00 0.00 0.08 0.15 0.27 -0.19 0.18 0.09 94.83 98.67 91.02 
0 0 0 40.05 0.00000000 0.00000000 0.00 0.00 0.00 -0.18 0.03 -0.56 -0.19 -0.15 0.04 79.62 91.72 90.54 
0 0 0 40.15 0.00000000 0.00000000 0.00 0.00 0.00 -0.04 0.14 -0.00 0.15 -0.03 -0.02 87.92 98.24 89.74 
0 0 0 40.25 0.00000000 0.00000000 0.00 0.00 0.00 0.08 0.19 0.42 0.12 -0.21 -0.00 94.50 100.99 89.99 
0 0 0 40.36 0.00000000 0.00000000 0.00 0.00 0.00 -0.02 0.14 -0.04 0.10 -0.07 -0.01 88.74 97.91 89.84 
0 0 0 40.46 0.00000000 0.00000000 0.00 0.00 0.00 -0.09 0.12 -0.22 0.10 -0.10 -0.04 88.09 98.88 89.50 
0 0 0 40.56 0.00000000 0.00000000 0.00 0.00 0.00 0.02 0.10 -0.02 0.03 -0.22 -0.05 92.14 95.97 89.53 
0 0 0 40.66 0.00000000 0.00000000 0.00 0.00 0.00 0.03 0.13 0.13 0.09 0.02 -0.03 91.95 97.50 89.64 
0 0 0 40.76 0.00000000 0.00000000 0.00 0.00 0.00 0.06 0.14 0.18 -0.03 0.12 0.09 93.46 98.01 91.09 
0 0 0 40.86 0.00000000 0.00000000 0.00 0.00 0.00 0.02 0.09 -0.05 -0.15 0.43 0.14 91.10 95.32 91.68 
0 0 0 40.97 0.00000000 0.00000000 0.00 0.00 0.00 -0.00 0.13 0.00 -0.07 0.01 0.12 89.76 97.65 91.48 
0 0 0 41.07 0.00000000 0.00000000 0.00 0.00 0.00 0.03 0.18 0.20 -0.01 0.12 -0.03 91.96 100.07 89.70 
0 0 0 41.17 0.00000000 0.00000000 0.00 0.00 0.00 0.01 0.17 0.10 0.13 -0.14 -0.09 90.70 99.53 88.87 
0 0 0 41.27 0.00000000 0.00000000 0.00 0.00 0.00 0.15 0.16 0.54 0.20 -0.22 0.08 98.27 99.03 90.96 
0 0 0 41.37 0.00000000 0.00000000 0.00 0.00 0.00 0.04 0.13 0.12 0.04 -0.07 -0.11 92.48 97.61 88.68 
0 0 0 41.47 0.00000000 0.00000000 0.00 0.00 0.00 -0.03 0.26 0.15 -0.11 0.05 0.03 88.49 104.96 90.41 
0 0 0 41.57 0.00000000 0.00000000 0.00 0.00 0.00 0.07 0.11 0.24 -0.15 -0.16 0.11 93.74 96.13 91.26 
0 0 0 41.67 0.00000000 0.00000000 0.00 0.00 0.00 -0.04 0.13 -0.05 -0.06 0.25 0.02 87.83 97.64 90.28 
0 0 0 41.77 0.00000000 0.00000000 0.00 0.00 0.00 0.02 0.21 0.23 -0.16 0.16 -0.02 91.15 101.78 89.75 
0 0 0 41.87 0.00000000 0.00000000 0.00 0.00 0.00 -0.06 0.18 -0.05 -0.12 -0.06 0.03 86.69 100.04 90.36 
0 0 0 41.97 0.00000000 0.00000000 0.00 0.00 0.00 -0.02 0.12 -0.12 0.08 0.16 -0.01 88.84 96.69 89.94 
0 0 0 42.07 0.00000000 0.00000000 0.00 0.00 0.00 0.08 0.21 0.31 0.22 -0.00 -0.00 94.36 101.75 89.95 
0 0 0 42.18 0.00000000 0.00000000 0.00 0.00 0.00 0.04 0.18 0.13 0.22 -0.28 -0.07 95.94 100.09 89.24 
0 0 0 42.28 0.00000000 0.00000000 0.00 0.00 0.00 -0.00 0.19 0.05 0.12 -0.06 0.09 89.79 100.60 91.09 
0 0 0 42.38 0.00000000 0.00000000 0.00 0.00 0.00 0.04 0.13 0.04 0.19 -0.16 0.21 92.32 97.59 92.52 
0 0 0 42.48 0.00000000 0.00000000 0.00 0.00 0.00 0.13 0.16 0.33 -0.01 -0.15 0.07 97.17 99.09 90.83 
0 0 0 42.58 0.00000000 0.00000000 0.00 0.00 0.00 -0.02 0.13 -0.14 0.05 0.10 -0.09 88.58 97.61 88.97 
0 0 0 42.68 0.00000000 0.00000000 0.00 0.00 0.00 0.06 0.25 0.27 0.31 0.17 -0.01 93.67 104.37 89.93 
0 0 0 42.78 0.00000000 0.00000000 0.00 0.00 0.00 0.06 0.17 -0.01 0.25 -0.07 0.04 93.48 99.89 90.45 
0 0 0 42.88 0.00000000 0.00000000 0.00 0.00 0.00 0.16 0.17 0.29 0.08 -0.10 0.04 99.37 99.49 90.53 
0 0 0 42.98 0.00000000 0.00000000 0.00 0.00 0.00 0.09 0.12 -0.02 -0.09 0.09 0.08 95.29 97.00 90.96 
0 0 0 43.08 0.00000000 0.00000000 0.00 0.00 0.00 0.07 0.21 0.20 -0.43 -0.29 -0.08 94.12 101.78 89.02 
0 0 0 43.19 0.00000000 0.00000000 0.00 0.00 0.00 -0.04 0.06 -0.28 -0.13 0.12 0.02 87.88 93.59 90.19 
0 0 0 43.29 0.00000000 0.00000000 0.00 0.00 0.00 -0.04 0.21 0.03 0.09 -0.14 0.06 88.00 102.20 90.70 
0 0 0 43.39 0.00000000 0.00000000 0.00 0.00 0.00 0.03 0.13 0.03 0.18 -0.23 0.16 91.88 97.26 91.95 
0 0 0 43.49 0.00000000 0.00000000 0.00 0.00 0.00 0.01 0.04 -0.23 0.01 0.04 0.20 90.84 92.50 92.40 
0 0 0 43.59 0.00000000 0.00000000 0.00 0.00 0.00 1.16 0.35 -4.24 -0.15 -0.13 0.06 156.33 110.23 90.66 
0 0 0 43.69 0.00000000 0.00000000 0.00 0.00 0.00 0.11 0.26 0.53 -0.21 0.12 0.01 96.27 104.86 90.18 
0 0 0 43.79 0.00000000 0.00000000 0.00 0.00 0.00 0.02 0.14 0.16 -0.11 -0.06 -0.03 87.30 96.26 89.86 
0 0 0 43.89 0.00000000 0.00000000 0.00 0.00 0.00 0.05 -0.07 -0.52 0.03 -0.27 -0.67 92.91 86.23 82.01 
0 0 0 44.00 0.00000000 0.00000000 0.00 0.00 0.00 0.10 0.03 -0.12 -0.00 -0.24 -1.83 95.59 91.47 68.04 
0 0 0 44.10 0.00000000 0.00000000 0.00 0.00 0.00 0.12 0.17 0.46 -0.07 0.09 -1.06 96.66 99.48 77.31 
0 0 0 44.20 0.00000000 0.00000000 0.00 0.00 0.00 0.06 0.13 0.04 -0.06 0.24 0.16 93.15 97.31 91.90 
0 0 0 44.30 0.00000000 0.00000000 0.00 0.00 0.00 -0.07 0.05 -0.60 0.06 -0.14 0.37 86.22 92.98 94.46 
0 0 0 44.40 0.00000000 0.00000000 0.00 0.00 0.00 -0.04 0.07 -0.44 0.17 -0.10 -0.03 87.82 93.92 89.67 
0 0 0 44.50 0.00000000 0.00000000 0.00 0.00 0.00 -0.11 0.11 -0.38 0.01 -0.11 -0.21 83.95 96.01 87.45 
0 0 0 44.60 0.00000000 0.00000000 0.00 0.00 0.00 0.00 0.25 0.20 0.11 0.03 0.07 83.56 102.83 89.73 
0 0 0 44.70 0.00000000 0.00000000 0.00 0.00 0.00 0.21 0.25 -5.39 0.25 -0.09 1.76 102.13 104.19 111.16 
0 0 0 44.80 0.00000000 0.00000000 0.00 0.00 0.00 -0.26 -0.01 -0.53 -0.04 -0.07 1.75 75.25 89.58 110.99 
0 0 0 44.90 0.00000000 0.00000000 0.00 0.00 0.00 1.88 -0.51 -4.09 0.13 -0.05 0.08 197.26 60.86 90.95 
0 0 0 45.00 0.00000000 0.00000000 0.00 0.00 0.00 0.18 0.10 0.69 0.24 -0.44 -0.90 100.12 95.76 79.15 
0 0 0 45.10 0.00000000 0.00000000 0.00 0.00 0.00 0.07 0.13 0.28 0.32 -0.10 0.14 93.82 97.26 91.66 
0 0 0 45.20 0.00000000 0.00000000 0.00 0.00 0.00 0.04 0.01 -0.05 0.18 -0.05 0.29 92.49 90.42 93.49 
0 0 0 45.30 0.00000000 0.00000000 0.00 0.00 0.00 0.04 -0.03 -0.24 0.01 0.15 -0.24 92.23 88.22 87.10 
0 0 0 45.40 0.00000000 0.00000000 0.00 0.00 0.00 0.13 -0.25 -1.35 -0.25 0.19 -2.11 97.26 75.50 64.67 
0 0 0 45.50 0.00000000 0.00000000 0.00 0.00 0.00 -0.08 0.21 -0.19 -0.22 0.31 -1.90 85.48 102.12 67.16 
0 0 0 45.61 0.00000000 0.00000000 0.00 0.00 0.00 -0.04 0.41 0.08 -0.12 0.21 -0.16 87.45 113.36 88.07 
0 0 0 45.71 0.00000000 0.00000000 0.00 0.00 0.00 -0.14 0.08 -0.87 -0.07 0.38 0.93 82.27 94.36 101.20 
0 0 0 45.81 0.00000000 0.00000000 0.00 0.00 0.00 0.02 0.19 -0.45 0.06 -0.23 -0.14 91.14 100.55 88.37 
0 0 0 45.91 0.00000000 0.00000000 0.00 0.00 0.00 0.12 0.23 0.29 0.04 -0.04 -0.17 96.90 103.26 87.96 
0 0 0 46.01 0.00000000 0.00000000 0.00 0.00 0.00 0.22 0.40 -5.42 0.01 -0.06 0.17 102.73 112.86 92.06 
0 0 0 46.11 0.00000000 0.00000000 0.00 0.00 0.00 0.03 0.40 0.32 -0.03 -0.36 2.07 91.84 112.85 114.89 
0 0 0 46.21 0.00000000 0.00000000 0.00 0.00 0.00 -0.00 -0.17 -1.09 -0.02 -0.52 1.81 89.74 80.25 111.72 
0 0 0 46.31 0.00000000 0.00000000 0.00 0.00 0.00 -0.12 -0.23 -0.96 -0.09 0.35 -0.68 83.19 76.83 81.87 
0 0 0 46.41 0.00000000 0.00000000 0.00 0.00 0.00 0.12 0.17 0.42 0.16 -0.47 -1.48 96.74 99.64 72.20 
0 0 0 46.51 0.00000000 0.00000000 0.00 0.00 0.00 0.11 0.15 0.21 0.20 0.00 -0.45 96.00 98.28 84.60 
0 0 0 46.61 0.00000000 0.00000000 0.00 0.00 0.00 0.04 0.06 -0.24 0.10 -0.01 0.02 92.02 93.43 90.27 
0 0 0 46.71 0.00000000 0.00000000 0.00 0.00 0.00 0.07 0.00 -0.48 0.02 -0.12 0.01 93.88 90.00 90.11 
0 0 0 46.81 0.00000000 0.00000000 0.00 0.00 0.00 -0.15 -0.24 -1.16 -0.13 -0.26 -1.36 81.23 76.41 73.73 
0 0 0 46.92 0.00000000 0.00000000 0.00 0.00 0.00 0.04 0.11 -0.32 0.07 -0.11 -1.11 86.37 105.10 74.92 
0 0 0 47.02 0.00000000 0.00000000 0.00 0.00 0.00 0.12 0.34 0.53 0.23 0.16 0.77 96.72 109.11 99.29 
0 0 0 47.12 0.00000000 0.00000000 0.00 0.00 0.00 -0.14 -0.18 -1.19 -0.06 0.23 1.43 82.30 79.97 107.15 
0 0 0 47.22 0.00000000 0.00000000 0.00 0.00 0.00 -0.16 -0.14 -1.06 -0.12 0.10 0.38 80.82 82.12 94.62 
0 0 0 47.32 0.00000000 0.00000000 0.00 0.00 0.00 -0.04 0.07 -0.54 -0.11 0.04 -0.21 87.59 93.84 87.50 
0 0 0 47.42 0.00000000 0.00000000 0.00 0.00 0.00 0.00 0.17 -0.17 -0.06 0.05 -0.09 90.00 99.61 88.92 
0 0 0 47.52 0.00000000 0.00000000 0.00 0.00 0.00 0.09 0.23 0.19 0.15 -0.17 0.97 95.01 103.03 101.59 
0 0 0 47.62 0.00000000 0.00000000 0.00 0.00 0.00 -0.12 0.05 -0.44 -0.06 0.08 1.40 83.41 92.94 106.81 
0 0 0 47.72 0.00000000 0.00000000 0.00 0.00 0.00 0.00 0.02 -0.25 -0.09 0.16 0.54 90.22 91.32 96.46 
0 0 0 47.82 0.00000000 0.00000000 0.00 0.00 0.00 -0.00 0.06 -0.18 0.09 0.24 -0.40 89.79 93.14 85.18 
0 0 0 47.92 0.00000000 0.00000000 0.00 0.00 0.00 0.15 0.17 0.50 0.25 -0.47 -1.17 98.64 99.59 75.99 
0 0 0 48.03 0.00000000 0.00000000 0.00 0.00 0.00 0.27 0.18 0.81 0.30 -0.12 -0.49 105.25 100.48 84.12 
0 0 0 48.13 0.00000000 0.00000000 0.00 0.00 0.00 0.05 0.09 -0.25 0.08 -0.14 -0.12 92.75 95.09 88.61 
0 0 0 48.23 0.00000000 0.00000000 0.00 0.00 0.00 0.13 0.04 -0.31 0.01 0.05 -0.04 97.20 92.47 89.49 
0 0 0 48.33 0.00000000 0.00000000 0.00 0.00 0.00 -0.01 -0.16 -1.19 -0.10 -0.10 -1.01 89.60 80.98 77.87 
0 0 0 48.43 0.00000000 0.00000000 0.00 0.00 0.00 0.24 0.19 0.77 -0.17 -0.30 -2.07 103.71 101.04 65.14 
0 0 0 48.53 0.00000000 0.00000000 0.00 0.00 0.00 0.21 0.33 0.78 0.09 0.31 -0.16 102.07 109.05 88.08 
0 0 0 48.63 0.00000000 0.00000000 0.00 0.00 0.00 -0.04 0.07 -0.86 0.08 0.17 1.13 93.62 92.07 103.12 
0 0 0 48.73 0.00000000 0.00000000 0.00 0.00 0.00 0.06 0.09 -0.69 0.03 0.26 0.48 93.43 95.01 95.72 
0 0 0 48.83 0.00000000 0.00000000 0.00 0.00 0.00 0.10 0.15 -0.29 -0.01 -0.25 -0.07 95.80 98.37 89.16 
0 0 0 48.93 0.00000000 0.00000000 0.00 0.00 0.00 0.07 0.11 -0.43 -0.04 0.12 -0.08 94.11 96.24 88.99 
0 0 0 49.03 0.00000000 0.00000000 0.00 0.00 0.00 0.06 0.21 -0.11 0.01 -0.17 0.35 93.69 102.05 94.18 
0 0 0 49.14 0.00000000 0.00000000 0.00 0.00 0.00 -0.03 0.08 -0.51 -0.02 0.04 2.41 89.25 99.32 118.94 
0 0 0 49.27 0.00000000 0.00000000 0.00 0.00 0.00 -0.00 -0.07 -0.42 -0.22 0.22 1.12 89.79 85.79 103.40 
0 0 0 49.40 0.00000000 0.00000000 0.00 0.00 0.00 -0.10 0.02 -0.32 0.01 0.19 -0.78 84.21 90.93 80.63 
0 0 0 49.54 0.00000000 0.00000000 0.00 0.00 0.00 0.08 0.24 0.45 0.17 -0.09 -1.99 94.83 103.57 66.14 
0 0 0 49.68 0.00000000 0.00000000 0.00 0.00 0.00 0.15 0.17 0.42 0.25 -0.34 -0.62 98.72 99.76 82.50 
0 0 0 49.78 0.00000000 0.00000000 0.00 0.00 0.00 0.13 0.14 0.06 0.16 -0.06 -0.10 97.34 98.18 88.82 
0 0 0 49.88 0.00000000 0.00000000 0.00 0.00 0.00 -0.04 -0.07 -1.05 0.09 -0.00 -0.36 87.78 85.94 85.73 
0 0 0 49.98 0.00000000 0.00000000 0.00 0.00 0.00 -0.05 0.05 -0.73 -0.06 -0.06 -1.78 87.03 92.96 68.62 
0 0 0 50.08 0.00000000 0.00000000 0.00 0.00 0.00 0.33 0.46 -5.16 0.09 0.06 -0.95 108.80 116.14 78.58 
0 0 0 50.18 0.00000000 0.00000000 0.00 0.00 0.00 0.07 0.19 -0.45 0.18 0.16 0.96 93.90 100.89 101.57 
0 0 0 50.28 0.00000000 0.00000000 0.00 0.00 0.00 -0.03 -0.06 -1.17 0.08 -0.09 1.26 88.44 86.69 105.10 
0 0 0 50.38 0.00000000 0.00000000 0.00 0.00 0.00 0.08 0.04 -0.80 -0.10 0.14 0.17 94.60 92.17 92.08 
0 0 0 50.48 0.00000000 0.00000000 0.00 0.00 0.00 0.69 0.42 -4.54 -0.11 0.35 1.13 129.38 113.72 103.57 
0 0 0 50.58 0.00000000 0.00000000 0.00 0.00 0.00 -0.03 -0.02 -0.93 -0.34 0.13 2.24 88.30 89.05 116.82 
0 0 0 50.68 0.00000000 0.00000000 0.00 0.00 0.00 -0.03 -0.07 -0.91 -0.18 0.25 0.53 88.46 86.16 96.41 
0 0 0 50.78 0.00000000 0.00000000 0.00 0.00 0.00 -0.24 0.03 -0.67 0.01 0.20 -1.86 76.49 91.51 67.74 
0 0 0 50.88 0.00000000 0.00000000 0.00 0.00 0.00 -0.08 0.21 -0.40 0.40 -0.47 -2.15 85.30 102.17 64.14 
0 0 0 50.98 0.00000000 0.00000000 0.00 0.00 0.00 0.38 0.71 -5.20 0.27 0.06 0.35 111.75 130.65 94.22 
0 0 0 51.08 0.00000000 0.00000000 0.00 0.00 0.00 -0.04 0.10 -0.70 0.07 0.22 1.76 87.77 95.84 111.08 
0 0 0 51.19 0.00000000 0.00000000 0.00 0.00 0.00 -0.23 -0.08 -0.95 0.15 -0.32 0.01 77.05 85.55 90.07 
0 0 0 51.29 0.00000000 0.00000000 0.00 0.00 0.00 0.01 0.06 -0.62 0.01 -0.59 -1.74 90.79 93.15 69.11 
0 0 0 51.39 0.00000000 0.00000000 0.00 0.00 0.00 0.41 0.40 -5.01 -0.04 0.22 -0.27 113.40 112.68 86.82 
0 0 0 51.49 0.00000000 0.00000000 0.00 0.00 0.00 0.01 0.05 -0.87 0.09 0.25 1.87 94.23 93.80 111.92 
0 0 0 51.59 0.00000000 0.00000000 0.00 0.00 0.00 -0.05 -0.07 -0.95 0.11 0.11 0.89 91.38 88.43 103.68 
0 0 0 51.69 0.00000000 0.00000000 0.00 0.00 0.00 0.08 -0.03 -0.86 -0.10 -0.30 -1.39 94.54 88.40 73.32 
0 0 0 51.79 0.00000000 0.00000000 0.00 0.00 0.00 0.19 0.37 0.61 0.02 0.42 -1.49 100.95 111.12 72.08 
0 0 0 51.89 0.00000000 0.00000000 0.00 0.00 0.00 0.09 0.32 0.05 0.30 -0.22 0.83 95.30 108.04 99.98 
0 0 0 51.99 0.00000000 0.00000000 0.00 0.00 0.00 -0.12 -0.14 -1.22 0.11 -0.20 0.81 82.99 81.86 99.77 
0 0 0 52.09 0.00000000 0.00000000 0.00 0.00 0.00 0.21 0.12 0.08 -0.01 -0.10 0.47 102.14 96.93 95.60 
0 0 0 52.19 0.00000000 0.00000000 0.00 0.00 0.00 0.12 0.11 -0.22 -0.09 0.03 0.31 96.99 96.13 93.73 
0 0 0 52.29 0.00000000 0.00000000 0.00 0.00 0.00 0.19 0.12 0.12 -0.04 0.29 0.20 100.59 97.12 92.40 
0 0 0 52.39 0.00000000 0.00000000 0.00 0.00 0.00 0.10 0.11 -0.13 -0.13 0.26 0.03 95.83 96.01 90.41 
0 0 0 52.49 0.00000000 0.00000000 0.00 0.00 0.00 0.00 0.13 -0.35 -0.20 0.07 -0.06 90.18 97.68 89.28 
0 0 0 52.59 0.00000000 0.00000000 0.00 0.00 0.00 -0.01 0.11 -0.44 -0.27 0.01 -0.06 89.60 96.53 89.32 
0 0 0 52.70 0.00000000 0.00000000 0.00 0.00 0.00 0.01 0.12 -0.38 -0.19 -0.09 -0.05 90.48 96.97 89.45 
0 0 0 52.80 0.00000000 0.00000000 0.00 0.00 0.00 -0.03 0.10 -0.40 -0.11 -0.05 0.03 89.59 96.96 90.31 
0 0 0 52.90 0.00000000 0.00000000 0.00 0.00 0.00 0.02 0.18 -0.02 -0.05 0.21 -0.04 91.39 100.44 89.57 
0 0 0 53.00 0.00000000 0.00000000 0.00 0.00 0.00 0.10 0.13 0.09 0.04 -0.10 -0.05 95.58 97.64 89.38 
0 0 0 53.10 0.00000000 0.00000000 0.00 0.00 0.00 0.02 0.13 -0.29 0.05 0.05 -0.01 90.86 97.34 89.84 
0 0 0 53.20 0.00000000 0.00000000 0.00 0.00 0.00 0.03 0.11 -0.21 -0.11 -0.00 -0.02 91.90 96.30 89.75 
0 0 0 53.30 0.00000000 0.00000000 0.00 0.00 0.00 0.02 0.19 0.04 -0.08 0.17 0.02 90.92 100.90 90.28 
0 0 0 53.40 0.00000000 0.00000000 0.00 0.00 0.00 0.11 0.27 0.58 -0.00 0.11 -0.06 95.99 105.29 89.28 
0 0 0 53.50 0.00000000 0.00000000 0.00 0.00 0.00 -0.14 0.18 -0.34 0.02 0.01 0.12 82.01 100.40 91.44 
0 0 0 53.60 0.00000000 0.00000000 0.00 0.00 0.00 -0.04 0.13 -0.33 0.10 0.03 0.21 87.71 97.51 92.55 
0 0 0 53.71 0.00000000 0.00000000 0.00 0.00 0.00 0.03 0.15 -0.15 -0.02 0.00 -0.04 94.27 98.74 89.88 
0 0 0 53.81 0.00000000 0.00000000 0.00 0.00 0.00 -0.05 0.21 -0.12 -0.13 0.13 -0.05 87.07 101.96 89.43 
0 0 0 53.91 0.00000000 0.00000000 0.00 0.00 0.00 -0.04 0.15 -0.21 -0.08 0.00 0.07 86.61 96.53 90.85 
0 0 0 54.01 0.00000000 0.00000000 0.00 0.00 0.00 -0.04 0.17 -0.21 -0.00 0.00 -0.06 87.64 99.72 89.26 
0 0 0 54.11 0.00000000 0.00000000 0.00 0.00 0.00 -0.08 0.17 -0.27 0.02 0.07 -0.04 85.71 99.83 89.47 
0 0 0 54.21 0.00000000 0.00000000 0.00 0.00 0.00 0.05 0.19 0.23 0.02 -0.11 0.02 92.92 101.05 90.25 
0 0 0 54.31 0.00000000 0.00000000 0.00 0.00 0.00 -0.03 0.20 -0.07 -0.07 0.05 0.09 88.56 101.16 91.02 
0 0 0 54.42 0.00000000 0.00000000 0.00 0.00 0.00 0.05 0.11 -0.06 -0.08 0.06 0.04 92.74 96.54 90.53 
0 0 0 54.52 0.00000000 0.00000000 0.00 0.00 0.00 -0.05 0.17 -0.14 -0.06 0.13 -0.02 87.09 99.59 89.74 
0 0 0 54.62 0.00000000 0.00000000 0.00 0.00 0.00 -0.09 0.17 -0.30 0.04 0.01 -0.07 84.61 99.53 89.20 
0 0 0 54.72 0.00000000 0.00000000 0.00 0.00 0.00 -0.04 0.15 -0.20 0.04 0.17 -0.04 87.78 98.62 89.58 
0 0 0 54.82 0.00000000 0.00000000 0.00 0.00 0.00 -0.04 0.19 -0.15 0.06 0.06 -0.10 87.70 100.67 88.83 
0 0 0 54.92 0.00000000 0.00000000 0.00 0.00 0.00 -0.09 0.13 -0.50 -0.04 0.05 -0.06 85.15 97.23 89.29 
0 0 0 55.02 0.00000000 0.00000000 0.00 0.00 0.00 -0.10 0.08 -0.70 -0.03 -0.11 0.01 84.25 94.81 90.15 
0 0 0 55.12 0.00000000 0.00000000 0.00 0.00 0.00 -0.03 0.17 -0.13 -0.02 0.10 0.01 88.06 99.83 90.07 
0 0 0 55.22 0.00000000 0.00000000 0.00 0.00 0.00 -0.09 0.17 -0.35 0.05 -0.10 0.05 85.05 99.57 90.66 
0 0 0 55.32 0.00000000 0.00000000 0.00 0.00 0.00 -0.02 0.16 -0.22 0.04 -0.00 0.07 88.96 98.90 90.82 
0 0 0 55.42 0.00000000 0.00000000 0.00 0.00 0.00 -0.09 0.15 -0.36 0.03 0.05 0.07 85.03 98.78 90.85 
0 0 0 55.52 0.00000000 0.00000000 0.00 0.00 0.00 0.12 0.26 0.74 0.01 -0.04 0.05 97.02 104.75 90.58 
0 0 0 55.62 0.00000000 0.00000000 0.00 0.00 0.00 -0.07 0.20 -0.11 -0.03 -0.01 -0.01 85.95 101.27 89.86 
0 0 0 55.72 0.00000000 0.00000000 0.00 0.00 0.00 -0.09 0.19 -0.29 0.10 -0.07 -0.03 84.80 100.99 89.69 
0 0 0 55.82 0.00000000 0.00000000 0.00 0.00 0.00 -0.01 0.17 -0.20 0.06 0.08 0.01 89.29 99.41 90.12 
0 0 0 55.92 0.00000000 0.00000000 0.00 0.00 0.00 -0.06 0.19 -0.17 -0.01 0.17 -0.01 86.61 101.07 89.82 
0 0 0 56.03 0.00000000 0.00000000 0.00 0.00 0.00 -0.07 0.13 -0.49 0.06 0.07 0.06 86.05 97.63 90.75 
0 0 0 56.13 0.00000000 0.00000000 0.00 0.00 0.00 -0.07 0.20 -0.26 0.07 0.05 0.03 88.45 103.44 90.28 
0 0 0 56.23 0.00000000 0.00000000 0.00 0.00 0.00 -0.15 0.18 -0.46 0.02 -0.04 0.03 81.58 100.29 90.34 
0 0 0 56.33 0.00000000 0.00000000 0.00 0.00 0.00 -0.03 0.21 -0.21 0.06 -0.10 -0.01 88.23 101.73 89.92 
0 0 0 56.43 0.00000000 0.00000000 0.00 0.00 0.00 -0.07 0.21 -0.25 -0.02 0.14 -0.03 86.19 101.78 89.70 
0 0 0 56.53 0.00000000 0.00000000 0.00 0.00 0.00 -0.12 0.30 -0.07 0.01 0.13 -0.05 83.10 107.01 89.34 
0 0 0 56.63 0.00000000 0.00000000 0.00 0.00 0.00 -0.03 0.24 0.03 -0.04 -0.26 -0.06 88.35 103.76 89.33 
0 0 0 56.74 0.00000000 0.00000000 0.00 0.00 0.00 0.04 0.29 0.49 -0.04 -0.18 0.06 92.26 106.32 90.67 
0 0 0 56.84 0.00000000 0.00000000 0.00 0.00 0.00 -0.06 0.17 -0.24 -0.25 0.15 0.04 86.63 99.43 90.51 
0 0 0 56.94 0.00000000 0.00000000 0.00 0.00 0.00 -0.05 0.20 -0.06 -0.19 0.03 0.02 87.04 99.28 90.40 
0 0 0 57.04 0.00000000 0.00000000 0.00 0.00 0.00 -0.10 0.12 -0.43 0.08 -0.06 -0.08 84.08 97.10 88.99 
0 0 0 57.14 0.00000000 0.00000000 0.00 0.00 0.00 -0.03 0.27 0.24 0.25 -0.17 -0.09 88.04 105.33 88.92 
0 0 0 57.24 0.00000000 0.00000000 0.00 0.00 0.00 -0.05 0.28 0.16 0.10 0.37 0.13 86.98 106.05 91.60 
0 0 0 57.34 0.00000000 0.00000000 0.00 0.00 0.00 -0.06 0.20 -0.08 -0.15 -0.06 0.01 86.57 101.18 90.15 
0 0 0 57.44 0.00000000 0.00000000 0.00 0.00 0.00 -0.10 0.07 -0.71 -0.13 0.15 -0.08 84.43 93.83 89.03 
0 0 0 57.54 0.00000000 0.00000000 0.00 0.00 0.00 -0.17 0.17 -0.44 -0.06 -0.02 -0.01 80.38 99.62 89.85 
0 0 0 57.64 0.00000000 0.00000000 0.00 0.00 0.00 -0.12 0.15 -0.46 -0.17 0.29 0.16 83.21 98.40 91.91 
0 0 0 57.74 0.00000000 0.00000000 0.00 0.00 0.00 -0.18 0.15 -0.59 -0.05 -0.08 -0.04 79.67 98.50 89.51 
0 0 0 57.84 0.00000000 0.00000000 0.00 0.00 0.00 -0.16 0.33 0.06 0.06 -0.02 0.07 80.75 108.88 90.83 
0 0 0 57.94 0.00000000 0.00000000 0.00 0.00 0.00 -0.09 0.18 -0.30 0.08 0.20 -0.04 84.83 100.39 89.49 
0 0 0 58.04 0.00000000 0.00000000 0.00 0.00 0.00 -0.08 0.19 -0.34 0.69 -0.11 0.04 85.26 100.78 90.49 
0 0 0 58.14 0.00000000 0.00000000 0.00 0.00 0.00 -0.00 0.32 0.09 0.61 0.11 0.09 89.78 108.21 91.09 
0 0 0 58.24 0.00000000 0.00000000 0.00 0.00 0.00 0.64 0.20 -4.06 0.19 -0.24 0.05 126.23 101.14 90.60 
0 0 0 58.34 0.00000000 0.00000000 0.00 0.00 0.00 0.04 0.22 -0.14 -0.19 0.06 0.08 92.56 102.38 91.00 
0 0 0 58.45 0.00000000 0.00000000 0.00 0.00 0.00 -0.06 0.23 -0.26 -0.20 -0.19 0.13 86.61 103.14 91.52 
0 0 0 58.55 0.00000000 0.00000000 0.00 0.00 0.00 0.00 0.21 -0.15 -0.10 -0.07 0.10 90.22 102.23 91.17 
0 0 0 58.65 0.00000000 0.00000000 0.00 0.00 0.00 0.00 0.21 -0.09 -0.04 -0.05 0.08 90.27 102.07 90.93 
0 0 0 58.75 0.00000000 0.00000000 0.00 0.00 0.00 -0.07 0.17 -0.37 -0.02 -0.09 0.03 85.86 99.45 90.30 
0 0 0 58.85 0.00000000 0.00000000 0.00 0.00 0.00 -0.00 0.18 -0.08 0.01 -0.24 0.02 89.77 100.01 90.29 
0 0 0 58.95 0.00000000 0.00000000 0.00 0.00 0.00 0.03 0.20 0.18 -0.02 -0.27 0.05 91.95 101.54 90.62 
0 0 0 59.05 0.00000000 0.00000000 0.00 0.00 0.00 0.03 0.16 0.02 0.09 -0.03 -0.01 91.96 99.27 89.94 
0 0 0 59.15 0.00000000 0.00000000 0.00 0.00 0.00 -0.02 0.17 0.00 0.04 -0.04 0.05 88.80 99.74 90.54 
0 0 0 59.25 0.00000000 0.00000000 0.00 0.00 0.00 -0.02 0.12 -0.26 0.02 -0.05 0.05 88.67 96.84 90.58 
0 0 0 59.35 0.00000000 0.00000000 0.00 0.00 0.00 0.00 0.21 0.09 -0.04 0.13 -0.07 90.00 101.90 89.20 
0 0 0 59.45 0.00000000 0.00000000 0.00 0.00 0.00 -0.03 0.17 -0.13 0.06 0.11 -0.06 88.51 99.48 89.32 
0 0 0 59.55 0.00000000 0.00000000 0.00 0.00 0.00 0.02 0.20 0.08 0.06 0.12 -0.04 91.20 101.39 89.52 
0 0 0 59.65 0.00000000 0.00000000 0.00 0.00 0.00 -0.05 0.13 -0.37 -0.10 0.00 -0.02 87.31 97.48 89.72 
0 0 0 59.75 0.00000000 0.00000000 0.00 0.00 0.00 -0.06 0.13 -0.38 -0.05 0.01 -0.14 86.56 97.56 88.31 
0 0 0 59.86 0.00000000 0.00000000 0.00 0.00 0.00 -0.12 0.18 -0.31 -0.02 -0.08 -0.11 83.18 100.29 88.65 
0 0 0 59.96 0.00000000 0.00000000 0.00 0.00 0.00 -0.12 0.13 -0.33 -0.03 0.16 0.06 83.11 97.62 90.69 
0 0 0 60.06 0.00000000 0.00000000 0.00 0.00 0.00 -0.03 0.23 0.10 0.05 -0.08 0.09 88.36 103.06 91.10 
0 0 0 60.16 0.00000000 0.00000000 0.00 0.00 0.00 0.07 0.14 0.16 0.11 -0.18 0.09 93.75 97.91 91.11 
0 0 0 60.26 0.00000000 0.00000000 0.00 0.00 0.00 -0.09 0.07 -0.45 0.10 0.06 -0.01 85.14 94.21 89.92 
0 0 0 60.36 0.00000000 0.00000000 0.00 0.00 0.00 0.03 0.12 -0.16 0.12 -0.05 0.18 91.91 96.56 92.22 
0 0 0 60.46 0.00000000 0.00000000 0.00 0.00 0.00 0.15 0.25 0.65 -0.19 0.57 0.15 98.34 104.08 91.74 
0 0 0 60.56 0.00000000 0.00000000 0.00 0.00 0.00 0.00 0.21 -0.12 -0.45 0.73 0.04 90.21 101.70 90.47 
0 0 0 60.66 0.00000000 0.00000000 0.00 0.00 0.00 -0.09 0.38 0.09 -0.02 -0.34 0.07 84.75 111.56 90.79 
0 0 0 60.76 0.00000000 0.00000000 0.00 0.00 0.00 0.07 0.18 0.18 0.36 -0.25 0.28 94.19 100.46 93.36 
0 0 0 60.86 0.00000000 0.00000000 0.00 0.00 0.00 -0.04 0.28 -0.03 0.11 -0.34 0.11 87.60 106.06 91.32 
0 0 0 60.96 0.00000000 0.00000000 0.00 0.00 0.00 -0.07 -0.01 -0.59 0.34 -0.62 -0.28 85.29 95.32 87.06 
0 0 0 61.06 0.00000000 0.00000000 0.00 0.00 0.00 0.15 0.14 0.37 0.62 -0.40 0.03 98.50 97.84 90.41 
0 0 0 61.16 0.00000000 0.00000000 0.00 0.00 0.00 0.42 0.15 -4.89 0.22 -0.00 0.34 114.05 98.77 94.13 
0 0 0 61.27 0.00000000 0.00000000 0.00 0.00 0.00 0.06 0.11 0.01 -0.26 0.13 0.32 93.56 96.15 93.78 
0 0 0 61.37 0.00000000 0.00000000 0.00 0.00 0.00 0.06 0.04 -0.08 -0.21 -0.16 0.27 93.27 92.24 93.26 
0 0 0 61.47 0.00000000 0.00000000 0.00 0.00 0.00 0.11 0.08 0.38 -0.08 -0.02 0.16 96.40 94.84 91.87 
0 0 0 61.57 0.00000000 0.00000000 0.00 0.00 0.00 0.05 0.17 0.27 0.14 0.69 0.07 93.11 99.48 90.79 
0 0 0 61.67 0.00000000 0.00000000 0.00 0.00 0.00 0.13 0.21 0.50 -0.02 1.34 0.04 97.57 102.16 90.51 
0 0 0 61.77 0.00000000 0.00000000 0.00 0.00 0.00 0.09 0.30 0.33 -0.04 0.45 -0.00 95.15 107.09 89.98 
0 0 0 61.87 0.00000000 0.00000000 0.00 0.00 0.00 0.02 0.32 -0.02 0.19 0.45 0.05 91.02 108.52 90.60 
0 0 0 61.97 0.00000000 0.00000000 0.00 0.00 0.00 0.09 0.33 0.11 0.27 -0.42 0.03 95.38 108.89 90.42 
0 0 0 62.07 0.00000000 0.00000000 0.00 0.00 0.00 0.15 0.26 0.40 0.13 -1.71 0.07 98.82 104.74 90.81 
0 0 0 62.17 0.00000000 0.00000000 0.00 0.00 0.00 -0.06 -0.05 -0.39 0.01 -1.80 0.23 86.68 87.39 92.77 
0 0 0 62.27 0.00000000 0.00000000 0.00 0.00 0.00 0.10 -0.24 -0.10 0.07 -1.09 0.10 95.86 76.53 91.16 
0 0 0 62.37 0.00000000 0.00000000 0.00 0.00 0.00 0.12 -0.25 0.16 -0.08 -1.02 0.10 96.59 75.74 91.20 
0 0 0 62.47 0.00000000 0.00000000 0.00 0.00 0.00 0.59 -0.31 -4.59 -0.16 -0.01 0.04 123.74 72.25 90.48 
0 0 0 62.57 0.00000000 0.00000000 0.00 0.00 0.00 0.07 -0.27 0.31 -0.19 -0.14 -0.00 94.21 74.49 89.95 
0 0 0 62.67 0.00000000 0.00000000 0.00 0.00 0.00 0.01 -0.29 0.24 -0.05 -0.02 -0.01 90.69 73.75 89.87 
0 0 0 62.78 0.00000000 0.00000000 0.00 0.00 0.00 0.02 -0.32 0.23 0.04 0.24 -0.01 91.36 71.67 89.90 
0 0 0 62.88 0.00000000 0.00000000 0.00 0.00 0.00 0.09 -0.19 0.51 0.04 0.30 0.00 101.40 75.95 89.92 
0 0 0 62.98 0.00000000 0.00000000 0.00 0.00 0.00 0.03 -0.27 0.19 0.03 0.01 0.07 91.95 74.34 90.80 
0 0 0 63.09 0.00000000 0.00000000 0.00 0.00 0.00 0.03 -0.13 0.40 -0.02 0.62 0.04 91.97 82.81 90.53 
0 0 0 63.19 0.00000000 0.00000000 0.00 0.00 0.00 0.73 -0.39 -4.06 -0.38 0.26 0.34 92.52 82.07 93.79 
0 0 0 63.29 0.00000000 0.00000000 0.00 0.00 0.00 -0.20 -0.08 0.02 -0.27 0.28 0.41 78.72 85.43 94.90 
0 0 0 63.39 0.00000000 0.00000000 0.00 0.00 0.00 -0.01 -0.31 -0.02 0.04 0.12 0.26 89.49 72.58 93.07 
0 0 0 63.49 0.00000000 0.00000000 0.00 0.00 0.00 -0.09 -0.10 0.29 0.10 0.21 0.08 85.10 84.57 91.01 
0 0 0 63.59 0.00000000 0.00000000 0.00 0.00 0.00 0.02 0.01 0.58 0.14 0.15 0.01 91.33 90.80 90.14 
0 0 0 63.69 0.00000000 0.00000000 0.00 0.00 0.00 -0.01 -0.10 0.23 0.03 0.07 -0.04 89.22 84.40 89.52 
0 0 0 63.79 0.00000000 0.00000000 0.00 0.00 0.00 -0.01 -0.06 0.38 -0.08 0.06 -0.01 89.53 86.47 89.84 
0 0 0 63.89 0.00000000 0.00000000 0.00 0.00 0.00 -0.06 0.04 0.38 -0.18 0.10 0.05 86.43 92.52 90.54 
0 0 0 63.99 0.00000000 0.00000000 0.00 0.00 0.00 -0.03 -0.00 0.42 -0.09 0.14 0.08 88.19 89.82 91.00 
0 0 0 64.09 0.00000000 0.00000000 0.00 0.00 0.00 -0.16 -0.11 -0.09 0.08 0.07 0.01 80.98 83.89 90.16 
0 0 0 64.19 0.00000000 0.00000000 0.00 0.00 0.00 0.01 -0.12 0.39 0.09 -0.04 -0.06 90.47 83.43 89.31 
0 0 0 64.30 0.00000000 0.00000000 0.00 0.00 0.00 0.05 0.02 0.55 0.04 0.08 -0.04 92.72 91.13 89.53 
0 0 0 64.40 0.00000000 0.00000000 0.00 0.00 0.00 -0.10 -0.01 0.21 -0.10 0.15 0.02 83.82 90.00 90.17 
0 0 0 64.51 0.00000000 0.00000000 0.00 0.00 0.00 -0.05 -0.03 0.31 0.03 0.03 0.14 85.06 89.21 91.60 
0 0 0 64.61 0.00000000 0.00000000 0.00 0.00 0.00 0.01 -0.07 0.45 0.12 0.23 0.13 90.83 86.11 91.60 
0 0 0 64.71 0.00000000 0.00000000 0.00 0.00 0.00 -0.04 -0.01 0.40 0.06 0.11 0.05 87.93 89.54 90.56 
0 0 0 64.81 0.00000000 0.00000000 0.00 0.00 0.00 -0.06 0.08 0.29 0.08 0.11 0.01 86.41 94.71 90.13 
0 0 0 64.91 0.00000000 0.00000000 0.00 0.00 0.00 0.01 0.00 0.47 0.24 -0.09 0.03 90.46 90.23 90.34 
0 0 0 65.01 0.00000000 0.00000000 0.00 0.00 0.00 -0.01 0.01 0.37 0.19 -0.08 -0.08 89.19 90.60 89.09 
0 0 0 65.11 0.00000000 0.00000000 0.00 0.00 0.00 0.06 0.03 0.44 0.00 -0.01 0.00 89.77 93.50 89.90 
0 0 0 65.21 0.00000000 0.00000000 0.00 0.00 0.00 0.03 0.02 0.41 -0.09 0.19 0.05 91.50 91.25 90.60 
0 0 0 65.31 0.00000000 0.00000000 0.00 0.00 0.00 -0.09 0.09 0.25 -0.12 0.18 0.06 84.73 94.86 90.73 
0 0 0 65.41 0.00000000 0.00000000 0.00 0.00 0.00 0.09 0.11 0.74 0.03 0.05 0.02 95.15 96.55 90.22 
0 0 0 65.51 0.00000000 0.00000000 0.00 0.00 0.00 0.11 0.12 0.81 -0.06 -0.17 0.11 96.46 96.65 91.30 
0 0 0 65.62 0.00000000 0.00000000 0.00 0.00 0.00 -0.09 0.12 0.31 0.09 0.24 0.05 95.61 97.26 90.55 
0 0 0 65.75 0.00000000 0.00000000 0.00 0.00 0.00 0.05 0.08 0.52 0.20 -0.46 -0.14 92.65 94.62 88.29 
0 0 0 65.89 0.00000000 0.00000000 0.00 0.00 0.00 0.08 -0.02 0.50 0.20 -0.26 -0.01 94.31 88.71 89.82 
0 0 0 66.02 0.00000000 0.00000000 0.00 0.00 0.00 0.03 0.02 0.38 -0.01 -0.02 -0.03 91.77 91.11 89.62 
0 0 0 66.16 0.00000000 0.00000000 0.00 0.00 0.00 0.05 0.01 0.41 -0.10 0.23 0.05 92.73 90.68 90.54 
0 0 0 66.26 0.00000000 0.00000000 0.00 0.00 0.00 -0.01 0.02 0.27 0.06 -0.15 -0.05 89.59 91.24 89.37 
0 0 0 66.36 0.00000000 0.00000000 0.00 0.00 0.00 -0.02 0.04 0.24 0.15 -0.15 -0.04 88.65 92.48 89.47 
0 0 0 66.46 0.00000000 0.00000000 0.00 0.00 0.00 0.19 0.04 0.75 -0.12 -0.15 0.04 100.66 92.52 90.51 
0 0 0 66.56 0.00000000 0.00000000 0.00 0.00 0.00 0.06 0.00 0.50 -0.23 -0.30 0.04 93.44 90.25 90.52 
0 0 0 66.66 0.00000000 0.00000000 0.00 0.00 0.00 -0.01 0.00 0.39 -0.05 -0.31 0.02 90.83 90.62 90.23 
0 0 0 66.76 0.00000000 0.00000000 0.00 0.00 0.00 0.03 -0.07 0.51 0.08 -0.00 0.01 91.75 86.06 90.17 
0 0 0 66.87 0.00000000 0.00000000 0.00 0.00 0.00 -0.08 -0.13 0.06 0.05 0.14 0.05 85.55 82.79 90.61 
0 0 0 66.97 0.00000000 0.00000000 0.00 0.00 0.00 0.05 -0.01 0.49 0.06 -0.00 0.07 94.09 87.03 91.17 
0 0 0 67.07 0.00000000 0.00000000 0.00 0.00 0.00 0.12 -0.05 0.72 -0.14 0.04 0.04 96.76 86.87 90.45 
0 0 0 67.18 0.00000000 0.00000000 0.00 0.00 0.00 0.01 0.01 0.46 -0.28 -0.02 0.18 88.14 91.24 91.63 
0 0 0 67.28 0.00000000 0.00000000 0.00 0.00 0.00 -0.13 -0.02 0.28 -0.38 0.21 0.25 82.77 88.60 92.95 
0 0 0 67.38 0.00000000 0.00000000 0.00 0.00 0.00 -0.08 -0.00 0.55 -0.42 -0.14 0.21 85.20 89.77 92.46 
0 0 0 67.48 0.00000000 0.00000000 0.00 0.00 0.00 -0.19 0.01 0.36 -0.31 0.08 0.13 79.41 90.67 91.58 
0 0 0 67.59 0.00000000 0.00000000 0.00 0.00 0.00 -0.18 -0.06 0.28 0.03 0.30 0.09 84.49 89.78 91.25 
0 0 0 67.69 0.00000000 0.00000000 0.00 0.00 0.00 -0.26 0.01 0.23 0.07 0.19 0.04 81.17 97.22 90.47 
0 0 0 67.79 0.00000000 0.00000000 0.00 0.00 0.00 -0.19 -0.05 0.31 -0.02 -0.33 -0.01 79.32 87.29 89.84 
0 0 0 67.89 0.00000000 0.00000000 0.00 0.00 0.00 -0.12 0.11 0.64 -0.01 0.13 0.04 83.10 96.28 90.52 
0 0 0 68.00 0.00000000 0.00000000 0.00 0.00 0.00 -0.16 0.07 0.49 0.15 0.09 -0.06 81.07 93.87 89.26 
0 0 0 68.10 0.00000000 0.00000000 0.00 0.00 0.00 -0.04 0.16 -5.46 0.06 -0.00 -0.03 87.67 99.25 89.67 
0 0 0 68.20 0.00000000 0.00000000 0.00 0.00 0.00 -0.17 0.04 0.42 0.05 0.09 0.14 80.07 92.47 91.72 
0 0 0 68.30 0.00000000 0.00000000 0.00 0.00 0.00 -0.18 0.08 0.34 -0.10 0.09 0.00 79.99 94.65 90.05 
0 0 0 68.40 0.00000000 0.00000000 0.00 0.00 0.00 -0.13 0.08 0.54 -0.08 0.04 0.03 82.60 94.84 90.31 
0 0 0 68.50 0.00000000 0.00000000 0.00 0.00 0.00 -0.13 0.10 0.59 0.19 -0.24 -0.07 82.33 95.54 89.11 
0 0 0 68.60 0.00000000 0.00000000 0.00 0.00 0.00 0.05 0.12 -5.26 0.66 -0.41 -0.19 92.67 96.65 87.77 
0 0 0 68.70 0.00000000 0.00000000 0.00 0.00 0.00 -0.08 -0.03 0.40 0.27 -0.38 -0.08 85.21 88.21 88.99 
0 0 0 68.81 0.00000000 0.00000000 0.00 0.00 0.00 -0.03 0.03 0.58 -0.06 -0.09 0.08 92.32 94.63 90.58 
0 0 0 68.91 0.00000000 0.00000000 0.00 0.00 0.00 -0.05 -0.07 0.45 -0.07 0.10 0.03 87.36 85.83 90.38 
0 0 0 69.01 0.00000000 0.00000000 0.00 0.00 0.00 0.01 -0.05 0.67 0.10 0.01 -0.06 88.62 90.39 89.29 
0 0 0 69.11 0.00000000 0.00000000 0.00 0.00 0.00 -0.10 0.04 0.42 0.03 0.47 -0.04 87.36 87.76 89.48 
0 0 0 69.21 0.00000000 0.00000000 0.00 0.00 0.00 0.09 -0.10 0.79 0.41 0.87 0.05 86.21 85.21 90.80 
0 0 0 69.32 0.00000000 0.00000000 0.00 0.00 0.00 -0.20 0.22 -0.06 0.28 1.70 -0.15 88.29 94.27 88.50 
0 0 0 69.42 0.00000000 0.00000000 0.00 0.00 0.00 0.16 0.35 -5.45 0.06 1.32 -0.27 83.78 107.25 86.97 
0 0 0 69.52 0.00000000 0.00000000 0.00 0.00 0.00 0.07 0.49 0.45 0.37 1.17 -0.11 89.57 116.86 88.63 
0 0 0 69.62 0.00000000 0.00000000 0.00 0.00 0.00 -0.06 0.58 0.01 0.48 0.55 -0.08 86.49 123.34 89.02 
0 0 0 69.73 0.00000000 0.00000000 0.00 0.00 0.00 -0.00 0.54 -0.24 0.53 0.07 -0.01 89.76 120.66 89.94 
0 0 0 69.83 0.00000000 0.00000000 0.00 0.00 0.00 0.24 0.60 0.59 0.50 0.03 0.00 103.59 124.43 90.06 
0 0 0 69.93 0.00000000 0.00000000 0.00 0.00 0.00 0.11 0.62 -0.11 0.36 0.60 -0.04 96.51 125.07 89.51 
0 0 0 70.03 0.00000000 0.00000000 0.00 0.00 0.00 0.23 0.80 0.24 0.25 0.71 -0.04 116.30 130.97 89.12 
0 0 0 70.13 0.00000000 0.00000000 0.00 0.00 0.00 0.53 0.73 -5.02 0.07 0.43 -0.04 120.17 131.35 89.55 
0 0 0 70.23 0.00000000 0.00000000 0.00 0.00 0.00 0.39 0.80 0.48 -0.03 0.62 -0.09 112.08 135.53 88.87 
0 0 0 70.34 0.00000000 0.00000000 0.00 0.00 0.00 0.21 0.80 -0.20 -0.05 0.38 -0.08 101.95 135.61 89.02 
0 0 0 70.44 0.00000000 0.00000000 0.00 0.00 0.00 0.19 0.84 -0.20 0.02 0.05 -0.04 100.64 138.11 89.49 
0 0 0 70.54 0.00000000 0.00000000 0.00 0.00 0.00 0.33 0.96 0.50 0.01 -0.05 -0.01 108.59 144.97 89.93 
0 0 0 70.64 0.00000000 0.00000000 0.00 0.00 0.00 0.11 0.73 -0.70 -0.08 0.01 -0.04 88.64 132.05 89.56 
0 0 0 70.74 0.00000000 0.00000000 0.00 0.00 0.00 0.86 0.98 -4.50 -0.17 -0.69 -0.06 139.10 145.92 89.22 
0 0 0 70.84 0.00000000 0.00000000 0.00 0.00 0.00 0.25 0.79 0.54 -0.23 -2.66 0.09 104.51 134.97 91.04 
0 0 0 70.94 0.00000000 0.00000000 0.00 0.00 0.00 0.14 0.05 -1.17 -0.15 -3.21 0.24 98.18 93.00 92.83 
0 0 0 71.04 0.00000000 0.00000000 0.00 0.00 0.00 0.31 0.11 -5.19 -0.32 -1.04 0.15 107.70 96.07 91.77 
0 0 0 71.15 0.00000000 0.00000000 0.00 0.00 0.00 -0.02 0.05 0.17 -0.67 -1.06 0.15 92.45 94.89 91.66 
0 0 0 71.25 0.00000000 0.00000000 0.00 0.00 0.00 0.02 -0.16 0.26 -0.33 -1.84 0.33 91.01 80.75 93.92 
0 0 0 71.35 0.00000000 0.00000000 0.00 0.00 0.00 -0.03 -0.36 0.42 -0.22 -0.66 0.24 88.40 69.21 92.89 
0 0 0 71.45 0.00000000 0.00000000 0.00 0.00 0.00 -0.03 -0.24 0.63 -0.16 -0.78 0.16 88.38 76.15 91.86 
0 0 0 71.55 0.00000000 0.00000000 0.00 0.00 0.00 -0.12 -0.53 0.05 0.15 -1.19 0.07 82.98 59.64 90.82 
0 0 0 71.66 0.00000000 0.00000000 0.00 0.00 0.00 -0.04 -0.48 0.65 0.16 -0.40 -0.04 86.11 57.31 89.51 
0 0 0 71.76 0.00000000 0.00000000 0.00 0.00 0.00 -0.09 -0.63 0.29 0.11 -0.46 -0.04 85.13 53.89 89.54 
0 0 0 71.86 0.00000000 0.00000000 0.00 0.00 0.00 -0.23 -0.44 0.43 0.10 -0.35 -0.05 77.03 64.88 89.46 
0 0 0 71.96 0.00000000 0.00000000 0.00 0.00 0.00 -0.08 -0.71 0.29 0.09 -0.19 -0.08 85.62 49.47 89.08 
0 0 0 72.07 0.00000000 0.00000000 0.00 0.00 0.00 -0.02 -0.48 0.62 0.00 -0.13 -0.02 85.01 67.56 89.63 
0 0 0 72.17 0.00000000 0.00000000 0.00 0.00 0.00 -0.24 -0.65 0.22 0.02 0.01 0.01 76.48 53.02 90.14 
0 0 0 72.27 0.00000000 0.00000000 0.00 0.00 0.00 -0.22 -0.36 0.46 0.04 -0.09 0.01 81.09 68.46 90.17 
0 0 0 72.37 0.00000000 0.00000000 0.00 0.00 0.00 -0.01 -0.64 0.59 0.05 -0.02 0.00 89.33 53.38 90.01 
0 0 0 72.47 0.00000000 0.00000000 0.00 0.00 0.00 -0.17 -0.45 0.48 0.04 0.04 -0.01 80.21 64.55 89.83 
0 0 0 72.58 0.00000000 0.00000000 0.00 0.00 0.00 -0.18 -0.36 0.50 0.06 -0.08 0.01 79.95 69.62 90.15 
0 0 0 72.68 0.00000000 0.00000000 0.00 0.00 0.00 0.18 -0.74 -5.18 0.07 -0.08 -0.01 111.53 41.42 89.90 
0 0 0 72.78 0.00000000 0.00000000 0.00 0.00 0.00 -0.21 -0.27 0.49 0.02 -0.10 0.00 78.09 74.71 90.02 
0 0 0 72.88 0.00000000 0.00000000 0.00 0.00 0.00 -0.26 -0.30 0.45 0.01 -0.06 0.01 75.41 72.82 90.14 
0 0 0 72.98 0.00000000 0.00000000 0.00 0.00 0.00 -0.04 -0.40 0.64 0.02 -0.03 0.01 87.48 67.07 90.12 
0 0 0 73.08 0.00000000 0.00000000 0.00 0.00 0.00 -0.08 -0.61 0.47 0.07 0.04 -0.04 85.26 55.21 89.55 
0 0 0 73.18 0.00000000 0.00000000 0.00 0.00 0.00 0.00 -0.63 0.59 0.02 0.07 -0.01 90.00 54.34 89.83 
0 0 0 73.29 0.00000000 0.00000000 0.00 0.00 0.00 -0.09 -0.34 0.53 -0.00 0.19 -0.02 87.69 51.32 89.76 
0 0 0 73.39 0.00000000 0.00000000 0.00 0.00 0.00 -0.03 -0.53 0.54 0.01 0.61 -0.10 88.42 59.83 88.84 
0 0 0 73.49 0.00000000 0.00000000 0.00 0.00 0.00 -0.09 -0.57 0.18 -0.08 1.55 -0.22 79.14 69.36 87.63 
0 0 0 73.59 0.00000000 0.00000000 0.00 0.00 0.00 -0.05 -0.32 0.38 -0.05 0.34 -0.03 87.19 71.89 89.62 
0 0 0 73.69 0.00000000 0.00000000 0.00 0.00 0.00 -0.01 -0.51 0.00 -0.02 0.66 -0.05 89.37 60.88 89.44 
0 0 0 73.80 0.00000000 0.00000000 0.00 0.00 0.00 0.79 0.12 -4.52 0.14 2.53 -0.29 122.05 93.24 86.01 
0 0 0 73.90 0.00000000 0.00000000 0.00 0.00 0.00 0.06 0.11 0.62 0.32 0.37 0.15 93.17 96.52 91.83 
0 0 0 74.00 0.00000000 0.00000000 0.00 0.00 0.00 0.12 0.08 0.57 0.50 -0.47 0.37 97.09 94.32 94.45 
0 0 0 74.10 0.00000000 0.00000000 0.00 0.00 0.00 0.15 0.14 0.65 0.54 0.87 0.28 94.32 93.86 93.40 
0 0 0 74.20 0.00000000 0.00000000 0.00 0.00 0.00 0.55 0.24 -4.79 0.25 0.65 0.25 121.61 103.47 93.03 
0 0 0 74.31 0.00000000 0.00000000 0.00 0.00 0.00 0.15 0.18 0.28 -0.27 0.66 0.05 96.29 102.16 90.90 
0 0 0 74.41 0.00000000 0.00000000 0.00 0.00 0.00 0.12 0.23 0.34 -0.42 0.48 -0.08 96.96 102.89 89.07 
0 0 0 74.51 0.00000000 0.00000000 0.00 0.00 0.00 0.06 0.26 0.32 -0.55 0.12 -0.15 93.28 104.81 88.17 
0 0 0 74.61 0.00000000 0.00000000 0.00 0.00 0.00 0.05 0.38 0.47 -0.35 0.09 -0.13 92.67 111.85 88.43 
0 0 0 74.71 0.00000000 0.00000000 0.00 0.00 0.00 -0.01 0.30 0.33 -0.02 0.07 -0.03 89.59 106.86 89.68 
0 0 0 74.81 0.00000000 0.00000000 0.00 0.00 0.00 0.03 0.32 0.53 0.18 -0.23 -0.00 91.92 108.04 89.98 
0 0 0 74.92 0.00000000 0.00000000 0.00 0.00 0.00 0.08 0.31 0.61 0.20 -0.08 -0.00 92.04 108.60 89.81 
0 0 0 75.02 0.00000000 0.00000000 0.00 0.00 0.00 0.02 0.39 0.45 0.14 1.12 -0.01 86.72 109.36 89.92 
0 0 0 75.12 0.00000000 0.00000000 0.00 0.00 0.00 -0.11 0.44 -0.15 0.19 1.51 0.09 83.94 115.32 91.02 
0 0 0 75.22 0.00000000 0.00000000 0.00 0.00 0.00 0.31 0.71 -5.14 0.14 1.01 -0.11 107.55 130.64 88.72 
0 0 0 75.32 0.00000000 0.00000000 0.00 0.00 0.00 0.08 0.61 -0.04 0.17 1.84 -0.40 94.28 124.87 85.24 
0 0 0 75.42 0.00000000 0.00000000 0.00 0.00 0.00 -0.02 0.71 -1.20 0.39 1.71 -0.46 88.93 130.63 84.50 
0 0 0 75.52 0.00000000 0.00000000 0.00 0.00 0.00 -0.01 0.99 -0.18 0.38 -0.47 -0.19 89.27 146.51 87.67 
0 0 0 75.63 0.00000000 0.00000000 0.00 0.00 0.00 0.03 0.88 -0.55 0.35 -0.04 0.07 82.02 148.52 90.54 
0 0 0 75.73 0.00000000 0.00000000 0.00 0.00 0.00 0.03 0.99 -0.16 0.06 0.34 0.14 91.58 146.25 91.68 
0 0 0 75.83 0.00000000 0.00000000 0.00 0.00 0.00 0.09 0.95 -0.23 -0.06 -0.02 0.03 95.23 143.89 90.42 
0 0 0 75.93 0.00000000 0.00000000 0.00 0.00 0.00 0.23 1.01 0.60 -0.07 -1.03 -0.01 91.68 135.47 89.90 
0 0 0 76.04 0.00000000 0.00000000 0.00 0.00 0.00 0.15 0.83 0.28 -0.06 -2.49 -0.14 98.04 137.11 88.63 
0 0 0 76.14 0.00000000 0.00000000 0.00 0.00 0.00 0.04 0.56 0.15 -0.02 -1.87 -0.13 92.38 122.13 88.46 
0 0 0 76.24 0.00000000 0.00000000 0.00 0.00 0.00 0.34 0.62 -5.03 -0.26 -1.26 0.14 109.10 125.33 91.73 
0 0 0 76.34 0.00000000 0.00000000 0.00 0.00 0.00 -0.09 0.20 0.01 -0.41 -1.95 0.05 85.13 101.51 90.58 
0 0 0 76.45 0.00000000 0.00000000 0.00 0.00 0.00 -0.15 0.05 0.16 -0.02 -1.46 0.06 76.98 94.12 90.60 
0 0 0 76.55 0.00000000 0.00000000 0.00 0.00 0.00 -0.07 -0.32 -0.52 0.26 -1.92 -0.04 85.86 71.48 89.47 
0 0 0 76.65 0.00000000 0.00000000 0.00 0.00 0.00 -0.03 -0.28 0.48 0.24 -1.87 0.03 88.09 73.77 90.33 
0 0 0 76.75 0.00000000 0.00000000 0.00 0.00 0.00 0.15 -0.62 -5.34 0.14 -0.42 -0.00 98.27 54.74 89.96 
0 0 0 76.85 0.00000000 0.00000000 0.00 0.00 0.00 0.04 -0.40 0.55 0.06 -0.28 -0.01 92.08 66.93 89.87 
0 0 0 76.95 0.00000000 0.00000000 0.00 0.00 0.00 0.51 -0.83 -3.80 0.05 -0.19 -0.01 92.33 48.53 89.86 
0 0 0 77.06 0.00000000 0.00000000 0.00 0.00 0.00 -0.04 -0.58 0.04 -0.15 1.71 0.01 82.89 70.87 90.27 
0 0 0 77.16 0.00000000 0.00000000 0.00 0.00 0.00 0.02 -0.03 0.49 -0.20 3.35 -0.12 91.30 88.05 88.56 
0 0 0 77.27 0.00000000 0.00000000 0.00 0.00 0.00 0.44 0.35 -4.87 -0.05 2.19 -0.02 115.90 112.90 89.61 
0 0 0 77.37 0.00000000 0.00000000 0.00 0.00 0.00 -0.07 0.26 -0.10 0.15 1.09 0.02 85.78 104.73 90.21 
0 0 0 77.47 0.00000000 0.00000000 0.00 0.00 0.00 0.03 0.50 0.43 0.41 1.54 0.04 104.17 124.00 90.20 
0 0 0 77.57 0.00000000 0.00000000 0.00 0.00 0.00 0.06 0.51 -0.17 0.28 1.40 0.10 93.40 119.04 91.21 
0 0 0 77.67 0.00000000 0.00000000 0.00 0.00 0.00 0.19 0.88 0.70 0.17 0.82 0.06 96.37 130.26 90.87 
0 0 0 77.78 0.00000000 0.00000000 0.00 0.00 0.00 0.21 0.81 0.47 0.12 0.74 0.09 99.31 135.34 91.04 
0 0 0 77.88 0.00000000 0.00000000 0.00 0.00 0.00 -0.06 0.78 -0.64 -0.02 0.77 0.02 86.70 134.34 90.19 
0 0 0 77.98 0.00000000 0.00000000 0.00 0.00 0.00 0.03 0.76 -0.60 -0.11 -0.91 -0.07 101.64 138.31 89.08 
0 0 0 78.08 0.00000000 0.00000000 0.00 0.00 0.00 0.13 0.68 0.18 -0.12 -1.89 0.02 97.66 128.94 90.19 
0 0 0 78.18 0.00000000 0.00000000 0.00 0.00 0.00 -0.01 0.45 -0.60 -0.13 -2.00 0.00 89.32 115.70 90.06 
0 0 0 78.29 0.00000000 0.00000000 0.00 0.00 0.00 0.02 0.29 0.15 -0.21 -2.56 0.01 91.10 106.81 90.16 
0 0 0 78.39 0.00000000 0.00000000 0.00 0.00 0.00 -0.10 0.01 -0.38 -0.25 -2.41 -0.01 84.06 90.82 89.88 
0 0 0 78.49 0.00000000 0.00000000 0.00 0.00 0.00 0.01 -0.22 0.34 -0.17 -1.86 0.14 90.84 77.63 91.65 
0 0 0 78.59 0.00000000 0.00000000 0.00 0.00 0.00 0.09 -0.59 -1.65 -0.03 -0.38 0.05 94.96 56.51 90.63 
0 0 0 78.69 0.00000000 0.00000000 0.00 0.00 0.00 0.09 -0.19 0.69 0.07 0.86 -0.00 83.32 72.62 89.86 
0 0 0 78.79 0.00000000 0.00000000 0.00 0.00 0.00 -0.07 -0.11 0.28 0.02 1.77 -0.01 85.94 78.00 90.14 
0 0 0 78.89 0.00000000 0.00000000 0.00 0.00 0.00 -0.04 0.10 0.33 0.08 2.57 -0.04 87.66 95.51 89.50 
0 0 0 78.99 0.00000000 0.00000000 0.00 0.00 0.00 0.81 0.86 -4.62 0.26 1.64 0.09 136.03 139.04 91.03 
0 0 0 79.09 0.00000000 0.00000000 0.00 0.00 0.00 -0.20 0.35 -0.28 0.41 0.83 0.07 78.57 110.19 90.85 
0 0 0 79.20 0.00000000 0.00000000 0.00 0.00 0.00 0.00 0.50 -0.08 0.27 1.18 0.01 90.20 118.45 90.12 
0 0 0 79.30 0.00000000 0.00000000 0.00 0.00 0.00 -0.09 0.59 -0.43 -0.00 1.09 -0.01 109.77 138.02 89.97 
0 0 0 79.40 0.00000000 0.00000000 0.00 0.00 0.00 0.07 0.67 -0.01 -0.09 0.41 -0.04 93.79 128.09 89.56 
0 0 0 79.50 0.00000000 0.00000000 0.00 0.00 0.00 0.25 0.84 0.79 -0.08 -0.11 -0.05 104.30 137.99 89.38 
0 0 0 79.61 0.00000000 0.00000000 0.00 0.00 0.00 0.07 0.71 0.19 -0.08 -0.48 -0.03 94.19 130.51 89.64 
0 0 0 79.71 0.00000000 0.00000000 0.00 0.00 0.00 0.20 0.61 0.71 -0.11 -2.27 0.02 101.63 124.51 90.26 
0 0 0 79.81 0.00000000 0.00000000 0.00 0.00 0.00 0.30 0.19 -4.12 0.01 -2.18 0.11 106.87 97.32 91.32 
0 0 0 79.91 0.00000000 0.00000000 0.00 0.00 0.00 -0.03 0.15 0.18 0.01 -2.81 0.20 88.33 98.27 92.43 
0 0 0 80.02 0.00000000 0.00000000 0.00 0.00 0.00 0.25 -0.60 -3.25 0.20 -2.67 0.23 91.41 67.54 92.83 
0 0 0 80.12 0.00000000 0.00000000 0.00 0.00 0.00 -0.07 -0.43 0.09 0.13 0.05 -0.03 86.27 65.52 89.59 
0 0 0 80.22 0.00000000 0.00000000 0.00 0.00 0.00 -0.22 -0.34 -0.01 0.14 0.09 -0.05 77.37 70.54 89.38 
0 0 0 80.32 0.00000000 0.00000000 0.00 0.00 0.00 1.45 -0.93 -4.03 -0.03 1.83 -0.08 172.53 36.82 89.04 
0 0 0 80.42 0.00000000 0.00000000 0.00 0.00 0.00 0.09 0.01 0.46 -0.36 3.02 -0.09 95.26 90.79 88.87 
0 0 0 80.52 0.00000000 0.00000000 0.00 0.00 0.00 0.02 0.35 0.46 -0.37 2.22 -0.07 90.95 110.11 89.11 
0 0 0 80.62 0.00000000 0.00000000 0.00 0.00 0.00 -0.15 0.44 -0.10 -0.22 1.60 -0.08 81.24 115.00 89.07 
0 0 0 80.72 0.00000000 0.00000000 0.00 0.00 0.00 -0.06 0.60 0.24 -0.11 0.68 0.01 89.51 124.68 89.90 
0 0 0 80.82 0.00000000 0.00000000 0.00 0.00 0.00 0.11 0.72 0.80 -0.01 0.19 0.09 88.62 123.32 91.09 
0 0 0 80.93 0.00000000 0.00000000 0.00 0.00 0.00 -0.08 0.59 0.12 -0.22 -0.34 0.13 96.28 126.83 91.44 
0 0 0 81.04 0.00000000 0.00000000 0.00 0.00 0.00 0.23 0.51 -4.84 -0.17 -0.27 0.14 88.54 119.53 91.65 
0 0 0 81.14 0.00000000 0.00000000 0.00 0.00 0.00 -0.10 0.37 -0.38 -0.08 -0.51 0.17 84.20 111.15 92.01 
0 0 0 81.24 0.00000000 0.00000000 0.00 0.00 0.00 0.03 0.38 0.28 0.10 -0.47 0.30 91.73 111.59 93.65 
0 0 0 81.34 0.00000000 0.00000000 0.00 0.00 0.00 -0.00 0.45 0.39 0.05 -0.16 0.29 85.82 115.34 93.54 
0 0 0 81.44 0.00000000 0.00000000 0.00 0.00 0.00 -0.04 0.39 0.17 -0.06 -0.14 0.23 87.75 112.02 92.79 
0 0 0 81.54 0.00000000 0.00000000 0.00 0.00 0.00 -0.01 0.38 0.31 -0.06 -0.04 0.03 89.46 111.41 90.31 
0 0 0 81.65 0.00000000 0.00000000 0.00 0.00 0.00 0.03 0.46 0.54 0.01 -0.20 0.15 88.41 114.81 91.63 
0 0 0 81.75 0.00000000 0.00000000 0.00 0.00 0.00 0.02 0.44 0.48 0.13 -0.06 0.00 90.24 109.04 90.48 
0 0 0 81.85 0.00000000 0.00000000 0.00 0.00 0.00 -0.04 0.41 0.26 0.14 -0.36 -0.07 87.75 113.30 89.18 
0 0 0 81.95 0.00000000 0.00000000 0.00 0.00 0.00 0.03 0.42 0.51 0.08 -0.48 -0.08 91.62 113.88 89.10 
0 0 0 82.05 0.00000000 0.00000000 0.00 0.00 0.00 0.01 0.30 0.36 -0.08 0.00 0.02 90.54 107.36 90.21 
0 0 0 82.16 0.00000000 0.00000000 0.00 0.00 0.00 0.05 0.33 0.56 -0.09 0.08 0.06 89.38 109.68 90.62 
0 0 0 82.26 0.00000000 0.00000000 0.00 0.00 0.00 0.00 0.34 0.42 0.02 0.17 -0.01 87.99 111.48 89.89 
0 0 0 82.40 0.00000000 0.00000000 0.00 0.00 0.00 -0.00 0.37 0.39 0.17 -0.12 -0.04 89.78 110.84 89.51 
0 0 0 82.53 0.00000000 0.00000000 0.00 0.00 0.00 0.02 0.34 0.42 -0.01 0.09 -0.03 91.39 109.58 89.66 
0 0 0 82.67 0.00000000 0.00000000 0.00 0.00 0.00 0.01 0.38 0.37 0.03 0.04 -0.02 90.46 111.53 89.80 
0 0 0 82.80 0.00000000 0.00000000 0.00 0.00 0.00 0.03 0.36 0.43 -0.01 -0.08 -0.07 91.60 110.69 89.22 
0 0 0 82.90 0.00000000 0.00000000 0.00 0.00 0.00 0.02 0.37 0.42 0.07 -0.09 -0.07 91.18 111.11 89.13 
0 0 0 83.00 0.00000000 0.00000000 0.00 0.00 0.00 0.01 0.37 0.34 0.10 -0.03 -0.03 90.70 110.88 89.59 
0 0 0 83.11 0.00000000 0.00000000 0.00 0.00 0.00 -0.07 0.40 0.18 -0.10 -0.53 -0.17 85.91 112.85 88.02 
0 0 0 83.21 0.00000000 0.00000000 0.00 0.00 0.00 0.04 0.29 0.49 0.11 -0.29 0.19 92.08 106.79 92.23 
0 0 0 83.31 0.00000000 0.00000000 0.00 0.00 0.00 -0.07 0.19 -0.07 0.07 -0.18 0.17 86.02 101.09 91.99 
0 0 0 83.41 0.00000000 0.00000000 0.00 0.00 0.00 0.14 0.37 -5.45 0.06 -0.10 0.01 98.23 110.82 90.12 
0 0 0 83.51 0.00000000 0.00000000 0.00 0.00 0.00 0.04 0.29 0.54 0.06 0.01 -0.03 92.46 106.55 89.69 
0 0 0 83.61 0.00000000 0.00000000 0.00 0.00 0.00 0.09 0.21 0.54 0.07 -0.39 -0.01 94.03 103.73 89.90 
0 0 0 83.71 0.00000000 0.00000000 0.00 0.00 0.00 0.10 0.32 0.66 0.02 -0.09 -0.04 95.52 108.02 89.48 
0 0 0 83.82 0.00000000 0.00000000 0.00 0.00 0.00 -0.06 0.22 0.17 -0.02 -0.01 -0.01 87.43 95.62 89.76 
0 0 0 83.92 0.00000000 0.00000000 0.00 0.00 0.00 0.23 0.14 -5.12 0.01 -0.12 0.03 103.06 97.72 90.31 
0 0 0 84.02 0.00000000 0.00000000 0.00 0.00 0.00 0.05 0.17 0.39 -0.05 0.06 -0.01 92.98 99.93 89.83 
0 0 0 84.12 0.00000000 0.00000000 0.00 0.00 0.00 0.04 0.33 0.55 0.00 -0.09 -0.07 90.00 99.16 89.27 
0 0 0 84.23 0.00000000 0.00000000 0.00 0.00 0.00 0.01 0.15 0.25 -0.02 -0.16 -0.12 86.90 104.31 88.65 
0 0 0 84.33 0.00000000 0.00000000 0.00 0.00 0.00 -0.04 0.26 0.33 -0.02 0.04 -0.24 87.50 104.85 87.06 
0 0 0 84.43 0.00000000 0.00000000 0.00 0.00 0.00 -0.01 0.33 0.45 0.01 -0.33 -0.11 89.62 108.90 88.62 
0 0 0 84.53 0.00000000 0.00000000 0.00 0.00 0.00 0.10 0.05 0.55 -0.00 -0.53 0.04 95.53 93.01 90.48 
0 0 0 84.63 0.00000000 0.00000000 0.00 0.00 0.00 -0.02 -0.17 -0.45 -0.26 -0.18 0.20 91.98 86.04 92.61 
0 0 0 84.74 0.00000000 0.00000000 0.00 0.00 0.00 -0.19 0.00 -0.22 -0.38 -0.06 -0.00 79.29 90.00 89.95 
0 0 0 84.84 0.00000000 0.00000000 0.00 0.00 0.00 -0.28 -0.00 -0.28 0.03 -0.19 -0.03 73.78 89.86 89.63 
0 0 0 84.94 0.00000000 0.00000000 0.00 0.00 0.00 0.07 0.07 0.79 0.18 -1.00 0.02 93.92 93.91 90.24 
0 0 0 85.04 0.00000000 0.00000000 0.00 0.00 0.00 -0.03 -0.03 0.44 -0.05 0.08 0.02 92.52 91.14 90.15 
0 0 0 85.15 0.00000000 0.00000000 0.00 0.00 0.00 0.02 0.17 0.68 -0.30 0.61 -0.02 93.51 101.70 89.53 
0 0 0 85.25 0.00000000 0.00000000 0.00 0.00 0.00 2.44 -0.58 -4.60 -0.55 0.17 0.08 228.89 56.77 90.91 
0 0 0 85.35 0.00000000 0.00000000 0.00 0.00 0.00 -0.14 -0.53 -1.99 -0.16 0.32 0.10 113.84 103.72 91.18 
0 0 0 85.45 0.00000000 0.00000000 0.00 0.00 0.00 -0.25 0.15 0.26 -0.03 -0.73 0.19 75.49 98.62 92.29 
0 0 0 85.55 0.00000000 0.00000000 0.00 0.00 0.00 0.17 0.23 -4.96 0.04 0.13 0.13 99.91 102.92 91.51 
0 0 0 85.66 0.00000000 0.00000000 0.00 0.00 0.00 -0.06 0.12 -5.43 -0.04 -0.05 0.13 84.18 95.99 91.46 
0 0 0 85.76 0.00000000 0.00000000 0.00 0.00 0.00 -0.14 0.01 0.54 0.03 -0.04 0.12 81.97 90.82 91.40 
0 0 0 85.86 0.00000000 0.00000000 0.00 0.00 0.00 -0.16 0.02 0.42 0.02 -0.01 0.04 80.62 91.14 90.43 
0 0 0 85.96 0.00000000 0.00000000 0.00 0.00 0.00 -0.19 0.05 0.36 0.03 0.01 0.00 79.40 92.89 90.05 
0 0 0 86.06 0.00000000 0.00000000 0.00 0.00 0.00 -0.07 0.02 0.79 0.06 -0.16 0.02 80.12 92.40 90.14 
0 0 0 86.17 0.00000000 0.00000000 0.00 0.00 0.00 -0.13 0.06 0.59 0.05 -0.07 0.03 81.51 95.85 90.27 
0 0 0 86.27 0.00000000 0.00000000 0.00 0.00 0.00 -0.04 0.04 -5.39 -0.00 0.03 0.03 87.66 92.34 90.37 
0 0 0 86.37 0.00000000 0.00000000 0.00 0.00 0.00 -0.15 0.05 0.57 0.00 -0.01 0.00 81.33 93.02 90.01 
0 0 0 86.47 0.00000000 0.00000000 0.00 0.00 0.00 -0.10 0.03 0.57 0.04 -0.03 0.03 79.73 93.32 90.31 
0 0 0 86.57 0.00000000 0.00000000 0.00 0.00 0.00 -0.17 0.04 0.47 0.00 0.05 0.03 80.37 92.45 90.37 
0 0 0 86.68 0.00000000 0.00000000 0.00 0.00 0.00 -0.14 0.02 0.51 0.03 -0.05 -0.01 81.94 91.95 90.02 
0 0 0 86.78 0.00000000 0.00000000 0.00 0.00 0.00 -0.28 0.24 0.38 0.08 -0.31 -0.14 74.22 103.84 88.32 
0 0 0 86.88 0.00000000 0.00000000 0.00 0.00 0.00 -0.11 -0.20 -0.04 0.22 -0.47 0.16 83.91 78.85 91.88 
0 0 0 86.98 0.00000000 0.00000000 0.00 0.00 0.00 -0.09 0.16 0.67 -0.01 0.14 0.16 80.20 91.85 91.67 
0 0 0 87.08 0.00000000 0.00000000 0.00 0.00 0.00 -0.12 0.03 0.57 0.03 0.04 0.01 83.20 91.55 90.18 
0 0 0 87.18 0.00000000 0.00000000 0.00 0.00 0.00 -0.15 0.05 0.51 -0.08 0.31 0.11 81.21 92.91 91.27 
0 0 0 87.29 0.00000000 0.00000000 0.00 0.00 0.00 -0.08 0.11 0.71 0.03 -0.02 0.02 85.37 96.33 90.28 
0 0 0 87.39 0.00000000 0.00000000 0.00 0.00 0.00 -0.20 0.03 0.35 -0.00 -0.01 -0.03 78.79 91.62 89.64 
0 0 0 87.49 0.00000000 0.00000000 0.00 0.00 0.00 -0.17 0.06 0.47 -0.00 0.04 -0.00 80.45 93.30 89.97 
0 0 0 87.59 0.00000000 0.00000000 0.00 0.00 0.00 -0.20 0.07 0.33 0.04 -0.03 -0.01 78.63 93.96 89.88 
0 0 0 87.69 0.00000000 0.00000000 0.00 0.00 0.00 -0.10 0.04 0.63 0.04 -0.05 -0.02 84.05 92.51 89.79 
