0 0 0 2.65 0.00000000 0.00000000 0.00 0.00 0.00 0.09 0.09 0.00 0.01 -0.00 0.00 30.00 30.00 30.00 
0 0 0 2.81 0.00000000 0.00000000 0.00 0.00 0.00 0.09 0.08 -0.06 0.02 -0.01 0.01 30.00 30.00 30.00 
0 0 0 2.91 0.00000000 0.00000000 0.00 0.00 0.00 0.09 0.08 -0.06 -0.01 0.01 0.00 30.00 30.00 30.00 
0 0 0 3.01 0.00000000 0.00000000 0.00 0.00 0.00 0.08 0.10 0.09 0.01 -0.00 0.00 30.00 30.00 30.00 
0 0 0 3.12 0.00000000 0.00000000 0.00 0.00 0.00 0.08 0.10 0.09 0.01 -0.01 0.00 30.00 30.00 30.00 
0 0 0 3.22 0.00000000 0.00000000 0.00 0.00 0.00 0.08 0.08 -0.05 0.03 -0.02 0.01 30.00 30.00 30.00 
0 0 0 3.32 0.00000000 0.00000000 0.00 0.00 0.00 0.08 0.09 0.02 0.03 -0.01 0.01 30.00 30.00 30.00 
0 0 0 3.42 0.00000000 0.00000000 0.00 0.00 0.00 0.08 0.09 0.06 0.01 -0.01 0.00 30.00 30.00 30.00 
0 0 0 3.52 0.00000000 0.00000000 0.00 0.00 0.00 0.09 0.09 -0.04 0.02 -0.01 0.01 30.00 30.00 30.00 
0 0 0 3.62 0.00000000 0.00000000 0.00 0.00 0.00 0.08 0.09 0.01 0.00 -0.00 0.00 30.00 30.00 30.00 
0 0 0 3.72 0.00000000 0.00000000 0.00 0.00 0.00 0.08 0.10 0.07 0.02 -0.02 0.01 30.00 30.00 30.00 
0 0 0 3.83 0.00000000 0.00000000 0.00 0.00 0.00 0.08 0.08 -0.07 0.01 -0.01 0.01 30.00 30.00 30.00 
0 0 0 3.93 0.00000000 0.00000000 0.00 0.00 0.00 0.09 0.08 -0.10 0.03 -0.02 0.01 30.00 30.00 30.00 
0 0 0 4.03 0.00000000 0.00000000 0.00 0.00 0.00 0.08 0.09 -0.02 0.00 -0.00 0.01 30.00 30.00 30.00 
0 0 0 4.13 0.00000000 0.00000000 0.00 0.00 0.00 0.08 0.09 0.00 0.01 -0.01 0.00 30.00 30.00 30.00 
0 0 0 4.23 0.00000000 0.00000000 0.00 0.00 0.00 0.09 0.08 -0.03 0.01 -0.01 0.01 30.00 30.00 30.00 
0 0 0 4.33 0.00000000 0.00000000 0.00 0.00 0.00 0.07 0.09 0.06 -0.00 0.00 0.00 30.00 30.00 30.00 
0 0 0 4.43 0.00000000 0.00000000 0.00 0.00 0.00 0.09 0.09 -0.04 0.02 -0.02 0.01 30.00 30.00 30.00 
0 0 0 4.53 0.00000000 0.00000000 0.00 0.00 0.00 0.08 0.09 -0.02 0.01 -0.00 0.00 30.00 30.00 30.00 
0 0 0 4.63 0.00000000 0.00000000 0.00 0.00 0.00 0.09 0.07 -0.12 0.04 -0.03 0.01 30.00 30.00 30.00 
0 0 0 4.73 0.00000000 0.00000000 0.00 0.00 0.00 0.08 0.09 -0.00 -0.03 0.01 0.00 30.00 30.00 30.00 
0 0 0 4.84 0.00000000 0.00000000 0.00 0.00 0.00 0.08 0.09 -0.04 0.02 -0.02 0.01 30.00 30.00 30.00 
0 0 0 4.94 0.00000000 0.00000000 0.00 0.00 0.00 0.08 0.09 -0.02 0.02 -0.02 0.01 30.00 30.00 30.00 
0 0 0 5.04 0.00000000 0.00000000 0.00 0.00 0.00 0.07 0.10 0.09 0.01 -0.00 0.00 30.00 30.00 30.00 
0 0 0 5.14 0.00000000 0.00000000 0.00 0.00 0.00 0.02 0.10 0.23 -0.01 0.04 -0.03 30.00 30.00 30.00 
0 0 0 5.24 0.00000000 0.00000000 0.00 0.00 0.00 0.11 0.09 -0.24 -0.06 0.08 -0.04 30.00 30.00 30.00 
0 0 0 5.34 0.00000000 0.00000000 0.00 0.00 0.00 0.09 0.09 -0.18 -0.07 0.04 0.05 30.00 30.00 30.00 
0 0 0 5.44 0.00000000 0.00000000 0.00 0.00 0.00 0.04 0.12 -0.04 -0.22 0.12 0.03 30.00 30.00 30.00 
0 0 0 5.54 0.00000000 0.00000000 0.00 0.00 0.00 0.01 0.07 -0.11 0.05 -0.08 -0.08 30.00 30.00 30.00 
0 0 0 5.64 0.00000000 0.00000000 0.00 0.00 0.00 0.04 0.06 -0.25 0.06 -0.10 -0.33 30.00 30.00 30.00 
0 0 0 5.74 0.00000000 0.00000000 0.00 0.00 0.00 0.03 0.05 -0.28 -0.03 -0.24 -0.11 30.00 30.00 30.00 
0 0 0 5.84 0.00000000 0.00000000 0.00 0.00 0.00 0.08 0.06 -0.27 0.21 -1.03 0.13 30.00 30.00 30.00 
0 0 0 5.95 0.00000000 0.00000000 0.00 0.00 0.00 0.08 -0.05 -0.49 0.17 -1.03 0.33 30.00 30.00 30.00 
0 0 0 6.05 0.00000000 0.00000000 0.00 0.00 0.00 0.27 -0.44 -1.05 0.22 -0.89 0.20 30.00 30.00 30.00 
0 0 0 6.15 0.00000000 0.00000000 0.00 0.00 0.00 0.05 -0.33 -0.09 -0.08 -0.19 0.01 30.00 30.00 30.00 
0 0 0 6.25 0.00000000 0.00000000 0.00 0.00 0.00 0.11 -0.31 -0.25 0.05 -0.19 -0.16 30.00 30.00 30.00 
0 0 0 6.35 0.00000000 0.00000000 0.00 0.00 0.00 0.08 -0.29 0.07 -0.04 -0.13 -0.11 30.00 30.00 30.00 
0 0 0 6.45 0.00000000 0.00000000 0.00 0.00 0.00 0.09 -0.26 0.23 -0.02 0.09 -0.07 30.00 30.00 30.00 
0 0 0 6.55 0.00000000 0.00000000 0.00 0.00 0.00 0.06 -0.22 0.38 -0.01 0.25 -0.05 30.00 30.00 30.00 
0 0 0 6.65 0.00000000 0.00000000 0.00 0.00 0.00 0.05 -0.24 0.20 -0.03 0.30 -0.03 30.00 30.00 30.00 
0 0 0 6.75 0.00000000 0.00000000 0.00 0.00 0.00 0.04 -0.16 0.26 -0.21 0.50 -0.05 30.00 30.00 30.00 
0 0 0 6.85 0.00000000 0.00000000 0.00 0.00 0.00 0.00 -0.09 0.54 -0.17 0.43 -0.06 30.00 30.00 30.00 
0 0 0 6.95 0.00000000 0.00000000 0.00 0.00 0.00 0.09 -0.07 -0.39 -0.00 0.28 -0.05 30.00 30.00 30.00 
0 0 0 7.05 0.00000000 0.00000000 0.00 0.00 0.00 0.01 -0.02 0.03 -0.05 0.43 -0.03 30.00 30.00 30.00 
0 0 0 7.16 0.00000000 0.00000000 0.00 0.00 0.00 -0.02 0.01 0.09 -0.01 0.64 -0.10 30.00 30.00 30.00 
0 0 0 7.26 0.00000000 0.00000000 0.00 0.00 0.00 0.02 0.06 -0.12 -0.01 0.47 -0.12 30.00 30.00 30.00 
0 0 0 7.36 0.00000000 0.00000000 0.00 0.00 0.00 0.08 0.16 -0.59 0.16 0.08 -0.09 30.00 30.00 30.00 
0 0 0 7.46 0.00000000 0.00000000 0.00 0.00 0.00 0.08 0.17 -0.41 0.03 0.02 0.10 30.00 30.00 30.00 
0 0 0 7.56 0.00000000 0.00000000 0.00 0.00 0.00 0.03 0.13 -0.22 0.22 0.03 0.04 30.00 30.00 30.00 
0 0 0 7.66 0.00000000 0.00000000 0.00 0.00 0.00 0.02 0.12 -0.08 -0.06 0.06 0.11 30.00 30.00 30.00 
0 0 0 7.76 0.00000000 0.00000000 0.00 0.00 0.00 0.08 0.13 -0.30 0.08 -0.01 -0.03 30.00 30.00 30.00 
0 0 0 7.86 0.00000000 0.00000000 0.00 0.00 0.00 0.05 0.14 -0.14 0.08 0.01 -0.07 30.00 30.00 30.00 
0 0 0 7.96 0.00000000 0.00000000 0.00 0.00 0.00 0.07 0.13 -0.18 0.18 -0.07 0.02 30.00 30.00 30.00 
0 0 0 8.06 0.00000000 0.00000000 0.00 0.00 0.00 0.10 0.11 -0.32 0.08 -0.02 0.01 30.00 30.00 30.00 
0 0 0 8.16 0.00000000 0.00000000 0.00 0.00 0.00 0.11 0.12 -0.35 -0.09 0.05 -0.00 30.00 30.00 30.00 
0 0 0 8.26 0.00000000 0.00000000 0.00 0.00 0.00 0.08 0.13 -0.17 0.05 0.01 0.00 30.00 30.00 30.00 
0 0 0 8.36 0.00000000 0.00000000 0.00 0.00 0.00 0.10 0.12 -0.28 0.11 -0.07 0.01 30.00 30.00 30.00 
0 0 0 8.47 0.00000000 0.00000000 0.00 0.00 0.00 0.08 0.12 -0.21 -0.01 0.01 0.00 30.00 30.00 30.00 
0 0 0 8.57 0.00000000 0.00000000 0.00 0.00 0.00 0.07 0.12 -0.14 -0.06 0.03 0.00 30.00 30.00 30.00 
0 0 0 8.67 0.00000000 0.00000000 0.00 0.00 0.00 0.10 0.12 -0.25 0.02 -0.03 0.01 30.00 30.00 30.00 
0 0 0 8.77 0.00000000 0.00000000 0.00 0.00 0.00 0.09 0.14 -0.16 -0.02 0.02 0.00 30.00 30.00 30.00 
0 0 0 8.87 0.00000000 0.00000000 0.00 0.00 0.00 0.09 0.12 -0.20 0.03 -0.03 0.01 30.00 30.00 30.00 
0 0 0 8.97 0.00000000 0.00000000 0.00 0.00 0.00 0.09 0.13 -0.21 0.03 -0.02 0.00 30.00 30.00 30.00 
0 0 0 9.07 0.00000000 0.00000000 0.00 0.00 0.00 0.09 0.12 -0.24 0.01 -0.00 0.00 30.00 30.00 30.00 
0 0 0 9.18 0.00000000 0.00000000 0.00 0.00 0.00 0.05 0.19 0.20 -0.08 0.05 0.06 30.00 30.00 30.00 
0 0 0 9.28 0.00000000 0.00000000 0.00 0.00 0.00 0.07 0.11 -0.24 -0.23 0.04 0.06 30.00 30.00 30.00 
0 0 0 9.38 0.00000000 0.00000000 0.00 0.00 0.00 0.01 0.35 1.21 -0.61 -0.11 0.08 30.00 30.00 30.00 
0 0 0 9.48 0.00000000 0.00000000 0.00 0.00 0.00 -0.02 0.15 -0.05 -0.30 -0.01 -0.10 30.00 30.00 30.00 
0 0 0 9.58 0.00000000 0.00000000 0.00 0.00 0.00 -0.02 0.05 -0.41 -0.03 -0.30 -0.11 30.00 30.00 30.00 
0 0 0 9.68 0.00000000 0.00000000 0.00 0.00 0.00 -0.11 0.04 -0.10 0.09 -0.03 -0.17 30.00 30.00 30.00 
0 0 0 9.78 0.00000000 0.00000000 0.00 0.00 0.00 0.01 0.13 -0.32 0.12 0.63 -0.05 30.00 30.00 30.00 
0 0 0 9.89 0.00000000 0.00000000 0.00 0.00 0.00 -0.01 0.17 -0.22 -0.10 -0.63 -0.01 30.00 30.00 30.00 
0 0 0 9.99 0.00000000 0.00000000 0.00 0.00 0.00 -0.00 0.05 -0.55 -0.20 -0.16 -0.15 30.00 30.00 30.00 
0 0 0 10.09 0.00000000 0.00000000 0.00 0.00 0.00 -0.12 0.14 0.24 -0.37 -0.24 0.01 30.00 30.00 30.00 
0 0 0 10.19 0.00000000 0.00000000 0.00 0.00 0.00 -0.08 -0.03 -0.46 0.02 -0.50 0.08 30.00 30.00 30.00 
0 0 0 10.29 0.00000000 0.00000000 0.00 0.00 0.00 -0.12 -0.02 -0.16 0.40 -0.90 -0.17 30.00 30.00 30.00 
0 0 0 10.39 0.00000000 0.00000000 0.00 0.00 0.00 0.01 -0.12 -0.45 0.67 -1.17 -0.13 30.00 30.00 30.00 
0 0 0 10.49 0.00000000 0.00000000 0.00 0.00 0.00 0.08 -0.12 1.15 0.32 -0.57 0.04 30.00 30.00 30.00 
0 0 0 10.60 0.00000000 0.00000000 0.00 0.00 0.00 0.04 -0.30 0.08 -0.04 -0.83 0.20 30.00 30.00 30.00 
0 0 0 10.70 0.00000000 0.00000000 0.00 0.00 0.00 0.00 -0.37 0.26 -0.05 -0.67 0.28 30.00 30.00 30.00 
0 0 0 10.80 0.00000000 0.00000000 0.00 0.00 0.00 -0.01 -0.34 0.72 0.07 0.04 0.21 30.00 30.00 30.00 
0 0 0 10.90 0.00000000 0.00000000 0.00 0.00 0.00 0.01 -0.34 0.62 0.08 0.18 0.07 30.00 30.00 30.00 
0 0 0 11.00 0.00000000 0.00000000 0.00 0.00 0.00 0.02 -0.38 0.31 0.04 0.24 0.03 30.00 30.00 30.00 
0 0 0 11.10 0.00000000 0.00000000 0.00 0.00 0.00 0.04 -0.34 0.13 -0.06 0.41 0.06 30.00 30.00 30.00 
0 0 0 11.20 0.00000000 0.00000000 0.00 0.00 0.00 0.01 -0.20 1.02 -0.18 1.20 0.06 30.00 30.00 30.00 
0 0 0 11.30 0.00000000 0.00000000 0.00 0.00 0.00 -0.03 -0.11 0.37 -0.31 0.74 -0.05 30.00 30.00 30.00 
0 0 0 11.40 0.00000000 0.00000000 0.00 0.00 0.00 -0.06 0.01 0.11 -0.25 1.02 -0.14 30.00 30.00 30.00 
0 0 0 11.50 0.00000000 0.00000000 0.00 0.00 0.00 -0.08 0.10 0.20 -0.08 0.67 -0.16 30.00 30.00 30.00 
0 0 0 11.60 0.00000000 0.00000000 0.00 0.00 0.00 -0.07 0.13 -0.31 -0.13 0.74 -0.16 30.00 30.00 30.00 
0 0 0 11.70 0.00000000 0.00000000 0.00 0.00 0.00 -0.09 0.24 -0.12 -0.23 0.59 -0.31 30.00 30.00 30.00 
0 0 0 11.80 0.00000000 0.00000000 0.00 0.00 0.00 -0.14 0.29 -0.27 -0.27 -0.06 -0.29 30.00 30.00 30.00 
0 0 0 11.90 0.00000000 0.00000000 0.00 0.00 0.00 -0.14 0.24 -0.52 -0.15 -0.13 -0.14 30.00 30.00 30.00 
0 0 0 12.01 0.00000000 0.00000000 0.00 0.00 0.00 -0.17 0.21 -0.52 -0.17 -0.72 -0.06 30.00 30.00 30.00 
0 0 0 12.11 0.00000000 0.00000000 0.00 0.00 0.00 -0.20 0.15 -0.80 -0.25 -0.30 -0.03 30.00 30.00 30.00 
0 0 0 12.21 0.00000000 0.00000000 0.00 0.00 0.00 -0.26 0.11 -0.30 -0.61 -0.17 -0.00 30.00 30.00 30.00 
0 0 0 12.31 0.00000000 0.00000000 0.00 0.00 0.00 -0.31 0.05 -0.55 -0.87 -0.32 -0.10 30.00 30.00 30.00 
0 0 0 12.41 0.00000000 0.00000000 0.00 0.00 0.00 -0.38 0.04 -0.53 -0.75 -0.35 -0.19 30.00 30.00 30.00 
0 0 0 12.51 0.00000000 0.00000000 0.00 0.00 0.00 -0.49 0.01 -0.27 -0.30 -0.21 -0.21 30.00 30.00 30.00 
0 0 0 12.61 0.00000000 0.00000000 0.00 0.00 0.00 -0.44 0.04 -0.72 0.05 -0.07 0.04 30.00 30.00 30.00 
0 0 0 12.71 0.00000000 0.00000000 0.00 0.00 0.00 -0.44 0.02 -0.64 0.20 0.06 0.08 30.00 30.00 30.00 
0 0 0 12.81 0.00000000 0.00000000 0.00 0.00 0.00 -0.41 -0.00 -0.70 0.36 0.07 0.14 30.00 30.00 30.00 
0 0 0 12.91 0.00000000 0.00000000 0.00 0.00 0.00 -0.39 0.03 -0.46 0.60 0.08 0.24 30.00 30.00 30.00 
0 0 0 13.01 0.00000000 0.00000000 0.00 0.00 0.00 -0.32 0.05 -0.66 1.00 0.11 0.33 30.00 30.00 30.00 
0 0 0 13.11 0.00000000 0.00000000 0.00 0.00 0.00 -0.22 0.09 -0.14 1.26 -0.15 0.33 30.00 30.00 30.00 
0 0 0 13.21 0.00000000 0.00000000 0.00 0.00 0.00 -0.13 0.04 0.07 1.34 0.49 0.27 30.00 30.00 30.00 
0 0 0 13.31 0.00000000 0.00000000 0.00 0.00 0.00 0.00 0.07 0.03 1.36 -0.17 0.15 30.00 30.00 30.00 
0 0 0 13.42 0.00000000 0.00000000 0.00 0.00 0.00 0.22 0.13 -0.43 1.05 0.50 0.02 30.00 30.00 30.00 
0 0 0 13.52 0.00000000 0.00000000 0.00 0.00 0.00 0.32 0.19 0.14 0.47 0.22 -0.06 30.00 30.00 30.00 
0 0 0 13.62 0.00000000 0.00000000 0.00 0.00 0.00 0.31 0.20 0.34 -0.24 -0.14 -0.16 30.00 30.00 30.00 
0 0 0 13.72 0.00000000 0.00000000 0.00 0.00 0.00 0.24 0.22 0.47 -0.37 0.09 -0.11 30.00 30.00 30.00 
0 0 0 13.82 0.00000000 0.00000000 0.00 0.00 0.00 0.21 0.17 -0.02 -0.37 0.56 -0.10 30.00 30.00 30.00 
0 0 0 13.92 0.00000000 0.00000000 0.00 0.00 0.00 0.18 0.30 0.38 -0.38 0.76 -0.23 30.00 30.00 30.00 
0 0 0 14.02 0.00000000 0.00000000 0.00 0.00 0.00 0.10 0.36 0.05 -0.36 0.59 -0.14 30.00 30.00 30.00 
0 0 0 14.12 0.00000000 0.00000000 0.00 0.00 0.00 0.03 0.40 -0.21 -0.21 0.89 -0.30 30.00 30.00 30.00 
0 0 0 14.22 0.00000000 0.00000000 0.00 0.00 0.00 0.04 0.47 -0.33 -0.16 0.18 -0.54 30.00 30.00 30.00 
0 0 0 14.33 0.00000000 0.00000000 0.00 0.00 0.00 0.06 0.49 -0.66 -0.16 -0.26 -0.45 30.00 30.00 30.00 
0 0 0 14.43 0.00000000 0.00000000 0.00 0.00 0.00 0.02 0.51 -0.56 -0.07 -0.00 -0.06 30.00 30.00 30.00 
0 0 0 14.53 0.00000000 0.00000000 0.00 0.00 0.00 -0.01 0.49 -0.48 0.01 -0.14 0.18 30.00 30.00 30.00 
0 0 0 14.63 0.00000000 0.00000000 0.00 0.00 0.00 0.03 0.43 -0.69 -0.11 -0.40 0.23 30.00 30.00 30.00 
0 0 0 14.73 0.00000000 0.00000000 0.00 0.00 0.00 -0.05 0.40 -0.32 -0.45 -0.29 0.16 30.00 30.00 30.00 
0 0 0 14.83 0.00000000 0.00000000 0.00 0.00 0.00 -0.11 0.36 -0.24 -0.66 -0.43 0.06 30.00 30.00 30.00 
0 0 0 14.93 0.00000000 0.00000000 0.00 0.00 0.00 -0.18 0.26 -0.35 -0.42 -0.89 0.08 30.00 30.00 30.00 
0 0 0 15.03 0.00000000 0.00000000 0.00 0.00 0.00 -0.17 0.23 -0.33 -0.02 -0.86 0.03 30.00 30.00 30.00 
0 0 0 15.13 0.00000000 0.00000000 0.00 0.00 0.00 -0.15 0.17 -0.38 0.11 -1.11 0.03 30.00 30.00 30.00 
0 0 0 15.23 0.00000000 0.00000000 0.00 0.00 0.00 -0.15 0.06 -0.14 0.03 -0.75 0.05 30.00 30.00 30.00 
0 0 0 15.33 0.00000000 0.00000000 0.00 0.00 0.00 -0.16 0.02 0.01 -0.08 -0.95 0.09 30.00 30.00 30.00 
0 0 0 15.43 0.00000000 0.00000000 0.00 0.00 0.00 -0.17 -0.10 -0.20 -0.10 -0.67 0.07 30.00 30.00 30.00 
0 0 0 15.53 0.00000000 0.00000000 0.00 0.00 0.00 -0.19 -0.22 -0.29 -0.08 -0.61 -0.04 30.00 30.00 30.00 
0 0 0 15.64 0.00000000 0.00000000 0.00 0.00 0.00 -0.19 -0.23 -0.01 0.01 -0.39 0.05 30.00 30.00 30.00 
0 0 0 15.74 0.00000000 0.00000000 0.00 0.00 0.00 -0.20 -0.24 0.04 0.07 0.18 0.05 30.00 30.00 30.00 
0 0 0 15.84 0.00000000 0.00000000 0.00 0.00 0.00 -0.18 -0.18 0.31 0.04 0.13 0.10 30.00 30.00 30.00 
0 0 0 15.94 0.00000000 0.00000000 0.00 0.00 0.00 -0.21 -0.19 0.34 -0.05 0.18 -0.03 30.00 30.00 30.00 
0 0 0 16.04 0.00000000 0.00000000 0.00 0.00 0.00 -0.19 -0.17 0.42 -0.05 0.02 -0.03 30.00 30.00 30.00 
0 0 0 16.14 0.00000000 0.00000000 0.00 0.00 0.00 -0.18 -0.21 0.02 0.04 0.05 0.03 30.00 30.00 30.00 
0 0 0 16.24 0.00000000 0.00000000 0.00 0.00 0.00 -0.16 -0.12 0.86 0.07 1.36 0.20 30.00 30.00 30.00 
0 0 0 16.34 0.00000000 0.00000000 0.00 0.00 0.00 -0.14 0.09 0.98 -0.02 2.20 0.35 30.00 30.00 30.00 
0 0 0 16.44 0.00000000 0.00000000 0.00 0.00 0.00 -0.19 0.12 -0.02 -0.14 0.89 0.27 30.00 30.00 30.00 
0 0 0 16.54 0.00000000 0.00000000 0.00 0.00 0.00 -0.21 0.24 -0.18 0.03 0.92 0.13 30.00 30.00 30.00 
0 0 0 16.64 0.00000000 0.00000000 0.00 0.00 0.00 -0.19 0.23 -0.29 0.21 -0.30 0.07 30.00 30.00 30.00 
0 0 0 16.75 0.00000000 0.00000000 0.00 0.00 0.00 -0.18 0.26 -0.22 0.03 -0.25 -0.12 30.00 30.00 30.00 
0 0 0 16.85 0.00000000 0.00000000 0.00 0.00 0.00 -0.16 0.24 -0.25 0.01 -0.29 -0.12 30.00 30.00 30.00 
0 0 0 16.95 0.00000000 0.00000000 0.00 0.00 0.00 -0.17 0.19 -0.21 0.44 -0.37 -0.01 30.00 30.00 30.00 
0 0 0 17.05 0.00000000 0.00000000 0.00 0.00 0.00 -0.12 0.18 0.14 0.82 -0.18 0.12 30.00 30.00 30.00 
0 0 0 17.15 0.00000000 0.00000000 0.00 0.00 0.00 -0.02 0.18 -0.02 0.86 0.17 0.08 30.00 30.00 30.00 
0 0 0 17.25 0.00000000 0.00000000 0.00 0.00 0.00 0.07 0.19 0.12 0.71 -0.00 0.07 30.00 30.00 30.00 
0 0 0 17.35 0.00000000 0.00000000 0.00 0.00 0.00 0.14 0.19 0.05 0.53 -0.06 0.09 30.00 30.00 30.00 
0 0 0 17.45 0.00000000 0.00000000 0.00 0.00 0.00 0.18 0.20 0.23 0.28 0.01 0.05 30.00 30.00 30.00 
0 0 0 17.55 0.00000000 0.00000000 0.00 0.00 0.00 0.21 0.19 0.14 0.02 -0.17 0.03 30.00 30.00 30.00 
0 0 0 17.65 0.00000000 0.00000000 0.00 0.00 0.00 0.18 0.17 0.18 -0.29 -0.15 -0.04 30.00 30.00 30.00 
0 0 0 17.75 0.00000000 0.00000000 0.00 0.00 0.00 0.11 0.17 0.25 -0.62 -0.29 -0.06 30.00 30.00 30.00 
0 0 0 17.85 0.00000000 0.00000000 0.00 0.00 0.00 0.01 0.11 0.19 -0.71 -0.35 -0.07 30.00 30.00 30.00 
0 0 0 17.95 0.00000000 0.00000000 0.00 0.00 0.00 -0.01 0.13 0.11 -0.31 0.07 0.00 30.00 30.00 30.00 
0 0 0 18.05 0.00000000 0.00000000 0.00 0.00 0.00 -0.01 0.13 0.13 0.04 0.34 0.09 30.00 30.00 30.00 
0 0 0 18.15 0.00000000 0.00000000 0.00 0.00 0.00 -0.05 0.08 -0.11 -0.04 0.29 0.05 30.00 30.00 30.00 
0 0 0 18.26 0.00000000 0.00000000 0.00 0.00 0.00 -0.02 0.13 -0.07 -0.10 0.14 -0.13 30.00 30.00 30.00 
0 0 0 18.36 0.00000000 0.00000000 0.00 0.00 0.00 -0.02 0.15 -0.12 -0.19 -0.05 -0.03 30.00 30.00 30.00 
0 0 0 18.46 0.00000000 0.00000000 0.00 0.00 0.00 -0.06 0.16 0.06 -0.07 -0.05 -0.04 30.00 30.00 30.00 
0 0 0 18.56 0.00000000 0.00000000 0.00 0.00 0.00 -0.06 0.14 -0.19 -0.00 0.05 0.04 30.00 30.00 30.00 
0 0 0 18.66 0.00000000 0.00000000 0.00 0.00 0.00 -0.14 0.17 0.20 0.00 -0.36 0.04 30.00 30.00 30.00 
0 0 0 18.76 0.00000000 0.00000000 0.00 0.00 0.00 -0.05 0.16 -0.11 0.09 -0.10 0.04 30.00 30.00 30.00 
0 0 0 18.86 0.00000000 0.00000000 0.00 0.00 0.00 -0.06 0.16 0.00 0.22 -0.24 0.13 30.00 30.00 30.00 
0 0 0 18.96 0.00000000 0.00000000 0.00 0.00 0.00 -0.04 0.17 0.15 0.28 0.36 -0.02 30.00 30.00 30.00 
0 0 0 19.06 0.00000000 0.00000000 0.00 0.00 0.00 0.05 0.19 -0.47 -0.18 -0.08 -0.07 30.00 30.00 30.00 
0 0 0 19.16 0.00000000 0.00000000 0.00 0.00 0.00 -0.01 0.20 0.07 0.41 0.55 0.02 30.00 30.00 30.00 
0 0 0 19.26 0.00000000 0.00000000 0.00 0.00 0.00 0.01 0.11 -0.28 0.12 -0.53 0.14 30.00 30.00 30.00 
0 0 0 19.36 0.00000000 0.00000000 0.00 0.00 0.00 -0.03 0.10 -0.05 0.33 -0.18 0.15 30.00 30.00 30.00 
0 0 0 19.46 0.00000000 0.00000000 0.00 0.00 0.00 -0.61 -0.11 0.34 0.23 0.04 0.03 30.00 30.00 30.00 
0 0 0 19.56 0.00000000 0.00000000 0.00 0.00 0.00 0.01 0.13 0.20 -0.01 0.05 0.00 30.00 30.00 30.00 
0 0 0 19.67 0.00000000 0.00000000 0.00 0.00 0.00 0.08 0.13 0.02 0.03 0.02 0.01 30.00 30.00 30.00 
0 0 0 19.77 0.00000000 0.00000000 0.00 0.00 0.00 0.08 0.13 -0.01 -0.01 0.00 0.00 30.00 30.00 30.00 
0 0 0 19.87 0.00000000 0.00000000 0.00 0.00 0.00 0.08 0.13 -0.03 0.04 -0.03 0.01 30.00 30.00 30.00 
0 0 0 19.97 0.00000000 0.00000000 0.00 0.00 0.00 0.09 0.12 -0.09 0.03 -0.04 0.01 30.00 30.00 30.00 
0 0 0 20.07 0.00000000 0.00000000 0.00 0.00 0.00 0.08 0.12 -0.06 -0.03 0.02 0.00 30.00 30.00 30.00 
0 0 0 20.18 0.00000000 0.00000000 0.00 0.00 0.00 0.09 0.12 -0.05 0.02 -0.00 0.00 30.00 30.00 30.00 
0 0 0 20.28 0.00000000 0.00000000 0.00 0.00 0.00 0.08 0.12 -0.05 0.03 -0.03 0.00 30.00 30.00 30.00 
0 0 0 20.38 0.00000000 0.00000000 0.00 0.00 0.00 0.08 0.13 -0.01 0.01 -0.02 0.00 30.00 30.00 30.00 
0 0 0 20.48 0.00000000 0.00000000 0.00 0.00 0.00 0.09 0.13 -0.01 0.02 -0.01 0.00 30.00 30.00 30.00 
0 0 0 20.58 0.00000000 0.00000000 0.00 0.00 0.00 0.09 0.12 -0.09 -0.00 0.00 0.00 30.00 30.00 30.00 
0 0 0 20.68 0.00000000 0.00000000 0.00 0.00 0.00 0.09 0.12 -0.06 0.01 -0.01 0.01 30.00 30.00 30.00 
0 0 0 20.78 0.00000000 0.00000000 0.00 0.00 0.00 0.09 0.13 -0.01 0.02 -0.02 0.01 30.00 30.00 30.00 
0 0 0 20.88 0.00000000 0.00000000 0.00 0.00 0.00 0.08 0.13 -0.02 0.01 -0.01 0.00 30.00 30.00 30.00 
0 0 0 20.98 0.00000000 0.00000000 0.00 0.00 0.00 0.08 0.12 -0.05 0.02 -0.01 0.00 30.00 30.00 30.00 
0 0 0 21.08 0.00000000 0.00000000 0.00 0.00 0.00 0.08 0.13 0.00 0.01 -0.00 0.00 30.00 30.00 30.00 
0 0 0 21.18 0.00000000 0.00000000 0.00 0.00 0.00 0.06 0.13 0.06 -0.00 -0.00 0.00 30.00 30.00 30.00 
0 0 0 21.28 0.00000000 0.00000000 0.00 0.00 0.00 0.09 0.14 0.03 0.02 -0.02 0.01 30.00 30.00 30.00 
0 0 0 21.38 0.00000000 0.00000000 0.00 0.00 0.00 0.09 0.12 -0.05 0.03 -0.01 0.01 30.00 30.00 30.00 
0 0 0 21.48 0.00000000 0.00000000 0.00 0.00 0.00 0.08 0.12 -0.03 0.00 -0.00 0.00 30.00 30.00 30.00 
0 0 0 21.59 0.00000000 0.00000000 0.00 0.00 0.00 0.07 0.12 -0.00 0.01 -0.00 0.00 30.00 30.00 30.00 
0 0 0 21.69 0.00000000 0.00000000 0.00 0.00 0.00 0.09 0.13 -0.05 0.03 -0.02 0.01 30.00 30.00 30.00 
0 0 0 21.79 0.00000000 0.00000000 0.00 0.00 0.00 0.08 0.12 -0.01 0.02 -0.02 0.00 30.00 30.00 30.00 
0 0 0 21.89 0.00000000 0.00000000 0.00 0.00 0.00 0.08 0.12 -0.04 0.01 -0.01 0.00 30.00 30.00 30.00 
0 0 0 21.99 0.00000000 0.00000000 0.00 0.00 0.00 0.08 0.13 -0.00 0.02 -0.00 0.01 30.00 30.00 30.00 
0 0 0 22.09 0.00000000 0.00000000 0.00 0.00 0.00 0.08 0.12 -0.08 0.01 -0.01 0.00 30.00 30.00 30.00 
0 0 0 22.19 0.00000000 0.00000000 0.00 0.00 0.00 0.09 0.12 -0.07 0.01 -0.01 0.01 30.00 30.00 30.00 
0 0 0 22.29 0.00000000 0.00000000 0.00 0.00 0.00 0.09 0.12 -0.06 0.02 -0.01 0.00 30.00 30.00 30.00 
0 0 0 22.39 0.00000000 0.00000000 0.00 0.00 0.00 0.09 0.12 -0.08 0.00 -0.00 0.00 30.00 30.00 30.00 
0 0 0 22.49 0.00000000 0.00000000 0.00 0.00 0.00 0.07 0.13 0.04 0.01 -0.00 0.01 30.00 30.00 30.00 
0 0 0 22.59 0.00000000 0.00000000 0.00 0.00 0.00 0.07 0.13 0.02 0.01 -0.01 0.00 30.00 30.00 30.00 
0 0 0 22.69 0.00000000 0.00000000 0.00 0.00 0.00 0.09 0.12 -0.15 0.02 -0.01 0.00 30.00 30.00 30.00 
0 0 0 22.79 0.00000000 0.00000000 0.00 0.00 0.00 0.09 0.12 -0.08 0.02 -0.01 0.01 30.00 30.00 30.00 
0 0 0 22.89 0.00000000 0.00000000 0.00 0.00 0.00 0.07 0.13 -0.01 0.01 -0.01 0.00 30.00 30.00 30.00 
0 0 0 23.00 0.00000000 0.00000000 0.00 0.00 0.00 0.08 0.13 -0.02 0.02 -0.02 0.01 30.00 30.00 30.00 
0 0 0 23.10 0.00000000 0.00000000 0.00 0.00 0.00 0.08 0.11 -0.07 0.03 -0.03 0.01 30.00 30.00 30.00 
0 0 0 23.20 0.00000000 0.00000000 0.00 0.00 0.00 0.08 0.13 -0.01 -0.00 -0.01 0.00 30.00 30.00 30.00 
0 0 0 23.30 0.00000000 0.00000000 0.00 0.00 0.00 0.08 0.12 -0.03 0.02 -0.01 0.01 30.00 30.00 30.00 
0 0 0 23.40 0.00000000 0.00000000 0.00 0.00 0.00 0.08 0.11 -0.08 0.02 -0.01 0.00 30.00 30.00 30.00 
0 0 0 23.50 0.00000000 0.00000000 0.00 0.00 0.00 0.09 0.12 -0.09 0.01 -0.01 0.01 30.00 30.00 30.00 
0 0 0 23.60 0.00000000 0.00000000 0.00 0.00 0.00 0.08 0.12 -0.04 0.02 -0.01 0.00 30.00 30.00 30.00 
0 0 0 23.70 0.00000000 0.00000000 0.00 0.00 0.00 0.09 0.12 -0.08 0.02 -0.01 0.00 30.00 30.00 30.00 
0 0 0 23.80 0.00000000 0.00000000 0.00 0.00 0.00 0.09 0.12 -0.06 0.01 -0.01 0.01 30.00 30.00 30.00 
0 0 0 23.90 0.00000000 0.00000000 0.00 0.00 0.00 0.08 0.13 -0.02 0.01 -0.00 0.00 30.00 30.00 30.00 
0 0 0 24.00 0.00000000 0.00000000 0.00 0.00 0.00 0.08 0.13 -0.01 0.01 -0.00 0.01 30.00 30.00 30.00 
0 0 0 24.10 0.00000000 0.00000000 0.00 0.00 0.00 0.09 0.12 -0.09 0.00 -0.01 0.00 30.00 30.00 30.00 
0 0 0 24.20 0.00000000 0.00000000 0.00 0.00 0.00 0.09 0.12 -0.05 0.01 -0.01 0.00 30.00 30.00 30.00 
0 0 0 24.30 0.00000000 0.00000000 0.00 0.00 0.00 0.09 0.12 -0.04 0.02 -0.01 0.01 30.00 30.00 30.00 
0 0 0 24.41 0.00000000 0.00000000 0.00 0.00 0.00 0.09 0.12 -0.06 0.02 -0.01 0.00 30.00 30.00 30.00 
0 0 0 24.51 0.00000000 0.00000000 0.00 0.00 0.00 0.08 0.13 -0.02 0.01 -0.01 0.01 30.00 30.00 30.00 
0 0 0 24.61 0.00000000 0.00000000 0.00 0.00 0.00 0.08 0.13 0.01 0.01 -0.01 0.00 30.00 30.00 30.00 
0 0 0 24.71 0.00000000 0.00000000 0.00 0.00 0.00 0.08 0.12 -0.02 0.03 -0.02 0.01 30.00 30.00 30.00 
0 0 0 24.81 0.00000000 0.00000000 0.00 0.00 0.00 0.09 0.11 -0.09 0.01 -0.00 0.01 30.00 30.00 30.00 
0 0 0 24.91 0.00000000 0.00000000 0.00 0.00 0.00 0.09 0.12 -0.04 0.00 -0.00 0.01 30.00 30.00 30.00 
0 0 0 25.01 0.00000000 0.00000000 0.00 0.00 0.00 0.08 0.13 0.00 0.01 -0.01 0.00 30.00 30.00 30.00 
0 0 0 25.11 0.00000000 0.00000000 0.00 0.00 0.00 0.08 0.12 -0.01 0.01 -0.01 0.00 30.00 30.00 30.00 
0 0 0 25.21 0.00000000 0.00000000 0.00 0.00 0.00 0.09 0.13 -0.06 0.02 -0.02 0.00 30.00 30.00 30.00 
0 0 0 25.31 0.00000000 0.00000000 0.00 0.00 0.00 0.09 0.12 -0.06 -0.01 -0.00 0.00 30.00 30.00 30.00 
0 0 0 25.41 0.00000000 0.00000000 0.00 0.00 0.00 0.08 0.14 0.03 0.00 0.00 0.00 30.00 30.00 30.00 
0 0 0 25.51 0.00000000 0.00000000 0.00 0.00 0.00 0.08 0.12 -0.01 0.03 -0.02 0.01 30.00 30.00 30.00 
0 0 0 25.61 0.00000000 0.00000000 0.00 0.00 0.00 0.09 0.12 -0.06 0.02 -0.02 0.01 30.00 30.00 30.00 
0 0 0 25.71 0.00000000 0.00000000 0.00 0.00 0.00 0.08 0.13 -0.02 0.01 -0.01 0.00 30.00 30.00 30.00 
0 0 0 25.81 0.00000000 0.00000000 0.00 0.00 0.00 0.08 0.12 -0.05 0.01 0.00 0.00 30.00 30.00 30.00 
0 0 0 25.92 0.00000000 0.00000000 0.00 0.00 0.00 0.09 0.12 -0.05 0.02 -0.01 0.01 30.00 30.00 30.00 
0 0 0 26.02 0.00000000 0.00000000 0.00 0.00 0.00 0.08 0.12 0.01 0.01 -0.01 0.00 30.00 30.00 30.00 
0 0 0 26.12 0.00000000 0.00000000 0.00 0.00 0.00 0.09 0.12 -0.04 0.02 -0.02 0.00 30.00 30.00 30.00 
0 0 0 26.22 0.00000000 0.00000000 0.00 0.00 0.00 0.09 0.12 -0.08 0.02 -0.01 0.01 30.00 30.00 30.00 
0 0 0 26.32 0.00000000 0.00000000 0.00 0.00 0.00 0.08 0.12 -0.05 0.03 -0.02 0.01 30.00 30.00 30.00 
0 0 0 26.42 0.00000000 0.00000000 0.00 0.00 0.00 0.08 0.13 -0.01 0.01 -0.01 0.00 30.00 30.00 30.00 
0 0 0 26.52 0.00000000 0.00000000 0.00 0.00 0.00 0.08 0.12 -0.05 0.01 -0.00 0.00 30.00 30.00 30.00 
0 0 0 26.62 0.00000000 0.00000000 0.00 0.00 0.00 0.08 0.12 -0.01 0.02 -0.01 0.00 30.00 30.00 30.00 
0 0 0 26.72 0.00000000 0.00000000 0.00 0.00 0.00 0.08 0.12 -0.04 -0.00 -0.01 0.00 30.00 30.00 30.00 
0 0 0 26.82 0.00000000 0.00000000 0.00 0.00 0.00 0.08 0.12 -0.02 0.02 -0.01 0.01 30.00 30.00 30.00 
0 0 0 26.93 0.00000000 0.00000000 0.00 0.00 0.00 0.08 0.12 -0.05 0.01 -0.01 0.00 30.00 30.00 30.00 
0 0 0 27.03 0.00000000 0.00000000 0.00 0.00 0.00 0.08 0.13 0.03 0.01 -0.01 0.00 30.00 30.00 30.00 
0 0 0 27.13 0.00000000 0.00000000 0.00 0.00 0.00 0.08 0.12 -0.02 0.02 -0.01 0.00 30.00 30.00 30.00 
0 0 0 27.23 0.00000000 0.00000000 0.00 0.00 0.00 0.08 0.13 0.01 0.01 -0.01 0.01 30.00 30.00 30.00 
0 0 0 27.33 0.00000000 0.00000000 0.00 0.00 0.00 0.08 0.12 -0.06 0.01 -0.01 0.01 30.00 30.00 30.00 
0 0 0 27.43 0.00000000 0.00000000 0.00 0.00 0.00 0.08 0.12 0.01 0.02 -0.01 0.01 30.00 30.00 30.00 
0 0 0 27.53 0.00000000 0.00000000 0.00 0.00 0.00 0.08 0.12 -0.07 0.02 -0.02 0.01 30.00 30.00 30.00 
0 0 0 27.63 0.00000000 0.00000000 0.00 0.00 0.00 0.09 0.12 -0.08 0.02 -0.01 0.00 30.00 30.00 30.00 
0 0 0 27.73 0.00000000 0.00000000 0.00 0.00 0.00 0.09 0.13 -0.04 0.02 -0.01 0.01 30.00 30.00 30.00 
0 0 0 27.84 0.00000000 0.00000000 0.00 0.00 0.00 0.08 0.12 -0.03 0.01 -0.01 0.00 30.00 30.00 30.00 
0 0 0 27.94 0.00000000 0.00000000 0.00 0.00 0.00 0.08 0.13 -0.02 0.01 -0.01 0.00 30.00 30.00 30.00 
0 0 0 28.04 0.00000000 0.00000000 0.00 0.00 0.00 0.08 0.12 -0.03 0.01 -0.01 0.01 30.00 30.00 30.00 
0 0 0 28.17 0.00000000 0.00000000 0.00 0.00 0.00 0.08 0.13 -0.01 0.01 -0.01 0.00 30.00 30.00 30.00 
0 0 0 28.31 0.00000000 0.00000000 0.00 0.00 0.00 0.08 0.13 0.02 0.01 -0.01 0.00 30.00 30.00 30.00 
0 0 0 28.44 0.00000000 0.00000000 0.00 0.00 0.00 0.09 0.11 -0.13 0.02 -0.01 0.01 30.00 30.00 30.00 
0 0 0 28.58 0.00000000 0.00000000 0.00 0.00 0.00 0.08 0.12 -0.03 0.01 -0.01 0.00 30.00 30.00 30.00 
0 0 0 28.68 0.00000000 0.00000000 0.00 0.00 0.00 0.08 0.12 -0.09 0.02 -0.01 0.01 30.00 30.00 30.00 
0 0 0 28.78 0.00000000 0.00000000 0.00 0.00 0.00 0.08 0.13 0.00 0.02 -0.01 0.00 30.00 30.00 30.00 
0 0 0 28.88 0.00000000 0.00000000 0.00 0.00 0.00 0.08 0.13 0.02 0.01 -0.00 0.00 30.00 30.00 30.00 
0 0 0 28.98 0.00000000 0.00000000 0.00 0.00 0.00 0.09 0.12 -0.07 0.01 -0.01 0.00 30.00 30.00 30.00 
0 0 0 29.08 0.00000000 0.00000000 0.00 0.00 0.00 0.08 0.12 -0.06 0.02 -0.01 0.01 30.00 30.00 30.00 
0 0 0 29.18 0.00000000 0.00000000 0.00 0.00 0.00 0.08 0.13 0.03 0.02 -0.01 0.01 30.00 30.00 30.00 
0 0 0 29.29 0.00000000 0.00000000 0.00 0.00 0.00 0.08 0.13 0.01 0.02 -0.01 0.00 30.00 30.00 30.00 
0 0 0 29.39 0.00000000 0.00000000 0.00 0.00 0.00 0.08 0.12 -0.05 0.01 -0.01 0.00 30.00 30.00 30.00 
0 0 0 29.49 0.00000000 0.00000000 0.00 0.00 0.00 0.08 0.12 -0.01 0.01 -0.01 0.00 30.00 30.00 30.00 
0 0 0 29.60 0.00000000 0.00000000 0.00 0.00 0.00 0.08 0.13 -0.02 0.02 -0.01 0.01 30.00 30.00 30.00 
0 0 0 29.70 0.00000000 0.00000000 0.00 0.00 0.00 0.09 0.12 -0.06 0.02 -0.01 0.00 30.00 30.00 30.00 
0 0 0 29.80 0.00000000 0.00000000 0.00 0.00 0.00 0.08 0.12 -0.07 0.01 -0.01 0.01 30.00 30.00 30.00 
0 0 0 29.90 0.00000000 0.00000000 0.00 0.00 0.00 0.09 0.12 -0.07 0.02 -0.01 0.01 30.00 30.00 30.00 
0 0 0 30.01 0.00000000 0.00000000 0.00 0.00 0.00 0.09 0.12 -0.07 0.01 -0.01 0.00 30.00 30.00 30.00 
0 0 0 30.11 0.00000000 0.00000000 0.00 0.00 0.00 0.08 0.12 -0.02 0.01 -0.01 0.00 30.00 30.00 30.00 
0 0 0 30.21 0.00000000 0.00000000 0.00 0.00 0.00 0.08 0.12 -0.04 0.02 -0.01 0.00 30.00 30.00 30.00 
0 0 0 30.31 0.00000000 0.00000000 0.00 0.00 0.00 0.08 0.13 -0.01 0.02 -0.01 0.00 30.00 30.00 30.00 
0 0 0 30.41 0.00000000 0.00000000 0.00 0.00 0.00 0.08 0.13 -0.02 0.02 -0.01 0.00 30.00 30.00 30.00 
0 0 0 30.51 0.00000000 0.00000000 0.00 0.00 0.00 0.07 0.12 -0.00 0.01 -0.01 0.01 30.00 30.00 30.00 
0 0 0 30.61 0.00000000 0.00000000 0.00 0.00 0.00 0.08 0.13 -0.00 0.02 -0.01 0.00 30.00 30.00 30.00 
0 0 0 30.71 0.00000000 0.00000000 0.00 0.00 0.00 0.09 0.13 -0.01 0.01 -0.00 0.00 30.00 30.00 30.00 
0 0 0 30.82 0.00000000 0.00000000 0.00 0.00 0.00 0.08 0.13 -0.03 0.02 -0.01 0.00 30.00 30.00 30.00 
0 0 0 30.92 0.00000000 0.00000000 0.00 0.00 0.00 0.08 0.12 -0.07 0.02 -0.01 0.01 30.00 30.00 30.00 
0 0 0 31.02 0.00000000 0.00000000 0.00 0.00 0.00 0.09 0.12 -0.07 0.01 -0.01 0.01 30.00 30.00 30.00 
0 0 0 31.12 0.00000000 0.00000000 0.00 0.00 0.00 0.08 0.13 0.02 0.02 -0.01 0.01 30.00 30.00 30.00 
0 0 0 31.22 0.00000000 0.00000000 0.00 0.00 0.00 0.08 0.13 -0.00 0.01 -0.01 0.00 30.00 30.00 30.00 
0 0 0 31.32 0.00000000 0.00000000 0.00 0.00 0.00 0.08 0.13 0.00 0.02 -0.01 0.01 30.00 30.00 30.00 
0 0 0 31.42 0.00000000 0.00000000 0.00 0.00 0.00 0.09 0.13 -0.04 0.02 -0.01 0.00 30.00 30.00 30.00 
0 0 0 31.53 0.00000000 0.00000000 0.00 0.00 0.00 0.08 0.12 -0.04 0.02 -0.01 0.01 30.00 30.00 30.00 
0 0 0 31.63 0.00000000 0.00000000 0.00 0.00 0.00 0.08 0.13 -0.01 0.01 -0.02 0.00 30.00 30.00 30.00 
0 0 0 31.73 0.00000000 0.00000000 0.00 0.00 0.00 0.08 0.12 -0.02 0.01 -0.01 0.00 30.00 30.00 30.00 
0 0 0 31.83 0.00000000 0.00000000 0.00 0.00 0.00 0.08 0.12 -0.02 0.01 -0.01 0.00 30.00 30.00 30.00 
0 0 0 31.93 0.00000000 0.00000000 0.00 0.00 0.00 0.08 0.12 -0.03 0.01 -0.01 0.00 30.00 30.00 30.00 
0 0 0 32.03 0.00000000 0.00000000 0.00 0.00 0.00 0.09 0.12 -0.09 0.02 -0.02 0.00 30.00 30.00 30.00 
0 0 0 32.13 0.00000000 0.00000000 0.00 0.00 0.00 0.08 0.13 -0.03 0.01 -0.01 0.01 30.00 30.00 30.00 
0 0 0 32.23 0.00000000 0.00000000 0.00 0.00 0.00 0.09 0.12 -0.08 0.01 -0.01 0.01 30.00 30.00 30.00 
0 0 0 32.34 0.00000000 0.00000000 0.00 0.00 0.00 0.08 0.12 -0.05 0.01 -0.00 0.00 30.00 30.00 30.00 
0 0 0 32.44 0.00000000 0.00000000 0.00 0.00 0.00 0.08 0.12 -0.07 0.01 -0.01 0.01 30.00 30.00 30.00 
0 0 0 32.54 0.00000000 0.00000000 0.00 0.00 0.00 0.09 0.13 -0.03 0.01 -0.01 0.00 30.00 30.00 30.00 
0 0 0 32.64 0.00000000 0.00000000 0.00 0.00 0.00 0.10 0.13 -0.10 0.01 -0.01 0.01 30.00 30.00 30.00 
0 0 0 32.74 0.00000000 0.00000000 0.00 0.00 0.00 0.08 0.12 -0.02 0.02 -0.01 0.00 30.00 30.00 30.00 
0 0 0 32.84 0.00000000 0.00000000 0.00 0.00 0.00 0.08 0.12 -0.03 0.01 -0.01 0.00 30.00 30.00 30.00 
0 0 0 32.94 0.00000000 0.00000000 0.00 0.00 0.00 0.08 0.12 -0.05 0.02 -0.01 0.01 30.00 30.00 30.00 
0 0 0 33.04 0.00000000 0.00000000 0.00 0.00 0.00 0.08 0.13 -0.04 0.01 -0.01 0.00 30.00 30.00 30.00 
0 0 0 33.14 0.00000000 0.00000000 0.00 0.00 0.00 0.08 0.12 -0.02 0.01 -0.00 0.01 30.00 30.00 30.00 
0 0 0 33.24 0.00000000 0.00000000 0.00 0.00 0.00 0.09 0.12 -0.11 0.01 -0.01 0.01 30.00 30.00 30.00 
0 0 0 33.34 0.00000000 0.00000000 0.00 0.00 0.00 0.09 0.12 -0.08 0.01 -0.01 0.01 30.00 30.00 30.00 
0 0 0 33.44 0.00000000 0.00000000 0.00 0.00 0.00 0.09 0.13 0.00 0.01 -0.01 0.00 30.00 30.00 30.00 
0 0 0 33.54 0.00000000 0.00000000 0.00 0.00 0.00 0.09 0.12 -0.08 0.01 -0.01 0.00 30.00 30.00 30.00 
0 0 0 33.64 0.00000000 0.00000000 0.00 0.00 0.00 0.08 0.12 -0.04 0.02 -0.01 0.00 30.00 30.00 30.00 
0 0 0 33.74 0.00000000 0.00000000 0.00 0.00 0.00 0.08 0.13 0.01 0.01 -0.01 0.01 30.00 30.00 30.00 
0 0 0 33.84 0.00000000 0.00000000 0.00 0.00 0.00 0.08 0.12 -0.05 0.01 -0.01 0.00 30.00 30.00 30.00 
0 0 0 33.95 0.00000000 0.00000000 0.00 0.00 0.00 0.08 0.12 -0.05 0.03 -0.02 0.00 30.00 30.00 30.00 
0 0 0 34.05 0.00000000 0.00000000 0.00 0.00 0.00 0.09 0.12 -0.06 0.02 -0.01 0.01 30.00 30.00 30.00 
0 0 0 34.15 0.00000000 0.00000000 0.00 0.00 0.00 0.09 0.12 -0.03 0.01 -0.01 0.00 30.00 30.00 30.00 
0 0 0 34.25 0.00000000 0.00000000 0.00 0.00 0.00 0.08 0.12 -0.06 0.01 -0.01 0.00 30.00 30.00 30.00 
0 0 0 34.35 0.00000000 0.00000000 0.00 0.00 0.00 0.08 0.12 -0.05 0.02 -0.01 0.00 30.00 30.00 30.00 
0 0 0 34.45 0.00000000 0.00000000 0.00 0.00 0.00 0.08 0.12 -0.04 0.01 -0.00 0.00 30.00 30.00 30.00 
0 0 0 34.55 0.00000000 0.00000000 0.00 0.00 0.00 0.09 0.13 0.00 0.02 -0.01 0.00 30.00 30.00 30.00 
0 0 0 34.65 0.00000000 0.00000000 0.00 0.00 0.00 0.08 0.12 -0.02 0.01 -0.01 0.00 30.00 30.00 30.00 
0 0 0 34.75 0.00000000 0.00000000 0.00 0.00 0.00 0.09 0.12 -0.05 0.01 -0.01 0.01 30.00 30.00 30.00 
0 0 0 34.86 0.00000000 0.00000000 0.00 0.00 0.00 0.09 0.12 -0.04 0.01 -0.01 0.00 30.00 30.00 30.00 
0 0 0 34.96 0.00000000 0.00000000 0.00 0.00 0.00 0.08 0.12 -0.03 0.01 -0.00 0.00 30.00 30.00 30.00 
0 0 0 35.06 0.00000000 0.00000000 0.00 0.00 0.00 0.08 0.12 0.00 0.02 -0.02 0.01 30.00 30.00 30.00 
0 0 0 35.16 0.00000000 0.00000000 0.00 0.00 0.00 0.08 0.11 -0.09 0.01 -0.01 0.01 30.00 30.00 30.00 
0 0 0 35.26 0.00000000 0.00000000 0.00 0.00 0.00 0.08 0.11 -0.08 0.02 -0.00 0.00 30.00 30.00 30.00 
0 0 0 35.36 0.00000000 0.00000000 0.00 0.00 0.00 0.08 0.13 -0.02 0.01 -0.01 0.00 30.00 30.00 30.00 
0 0 0 35.47 0.00000000 0.00000000 0.00 0.00 0.00 0.09 0.12 -0.07 0.02 -0.01 0.00 30.00 30.00 30.00 
0 0 0 35.57 0.00000000 0.00000000 0.00 0.00 0.00 0.09 0.12 -0.04 0.02 -0.02 0.01 30.00 30.00 30.00 
0 0 0 35.67 0.00000000 0.00000000 0.00 0.00 0.00 0.08 0.12 -0.06 0.01 -0.00 0.00 30.00 30.00 30.00 
0 0 0 35.77 0.00000000 0.00000000 0.00 0.00 0.00 0.08 0.13 -0.00 0.01 -0.01 0.00 30.00 30.00 30.00 
0 0 0 35.87 0.00000000 0.00000000 0.00 0.00 0.00 0.08 0.13 0.01 0.01 -0.00 0.00 30.00 30.00 30.00 
0 0 0 35.97 0.00000000 0.00000000 0.00 0.00 0.00 0.08 0.12 -0.05 0.02 -0.01 0.00 30.00 30.00 30.00 
0 0 0 36.07 0.00000000 0.00000000 0.00 0.00 0.00 0.08 0.12 -0.04 0.01 -0.01 0.00 30.00 30.00 30.00 
0 0 0 36.17 0.00000000 0.00000000 0.00 0.00 0.00 0.09 0.12 -0.02 0.02 -0.01 0.01 30.00 30.00 30.00 
0 0 0 36.27 0.00000000 0.00000000 0.00 0.00 0.00 0.08 0.12 -0.01 0.02 -0.01 0.00 30.00 30.00 30.00 
0 0 0 36.37 0.00000000 0.00000000 0.00 0.00 0.00 0.08 0.12 -0.04 0.01 -0.01 0.00 30.00 30.00 30.00 
0 0 0 36.47 0.00000000 0.00000000 0.00 0.00 0.00 0.08 0.13 0.02 0.01 -0.02 0.00 30.00 30.00 30.00 
0 0 0 36.57 0.00000000 0.00000000 0.00 0.00 0.00 0.08 0.11 -0.08 0.02 -0.01 0.00 30.00 30.00 30.00 
0 0 0 36.67 0.00000000 0.00000000 0.00 0.00 0.00 0.09 0.13 -0.04 0.02 -0.01 0.00 30.00 30.00 30.00 
0 0 0 36.78 0.00000000 0.00000000 0.00 0.00 0.00 0.08 0.13 -0.03 0.01 -0.00 0.00 30.00 30.00 30.00 
0 0 0 36.88 0.00000000 0.00000000 0.00 0.00 0.00 0.08 0.12 -0.02 0.02 -0.01 0.00 30.00 30.00 30.00 
0 0 0 36.98 0.00000000 0.00000000 0.00 0.00 0.00 0.09 0.12 -0.03 0.01 -0.01 0.00 30.00 30.00 30.00 
0 0 0 37.08 0.00000000 0.00000000 0.00 0.00 0.00 0.08 0.12 -0.08 0.00 -0.00 0.00 30.00 30.00 30.00 
0 0 0 37.18 0.00000000 0.00000000 0.00 0.00 0.00 0.08 0.12 -0.02 0.01 -0.01 0.00 30.00 30.00 30.00 
0 0 0 37.28 0.00000000 0.00000000 0.00 0.00 0.00 0.08 0.12 -0.03 0.00 -0.01 0.00 30.00 30.00 30.00 
0 0 0 37.38 0.00000000 0.00000000 0.00 0.00 0.00 0.09 0.12 -0.05 0.02 -0.01 0.00 30.00 30.00 30.00 
0 0 0 37.48 0.00000000 0.00000000 0.00 0.00 0.00 0.08 0.12 -0.03 0.01 -0.00 0.00 30.00 30.00 30.00 
0 0 0 37.58 0.00000000 0.00000000 0.00 0.00 0.00 0.09 0.13 -0.05 0.02 -0.01 0.00 30.00 30.00 30.00 
0 0 0 37.68 0.00000000 0.00000000 0.00 0.00 0.00 0.08 0.13 -0.03 0.01 -0.01 0.01 30.00 30.00 30.00 
0 0 0 37.78 0.00000000 0.00000000 0.00 0.00 0.00 0.08 0.12 0.01 0.01 -0.01 0.01 30.00 30.00 30.00 
0 0 0 37.88 0.00000000 0.00000000 0.00 0.00 0.00 0.08 0.12 -0.05 0.01 -0.01 0.00 30.00 30.00 30.00 
0 0 0 37.98 0.00000000 0.00000000 0.00 0.00 0.00 0.08 0.13 -0.02 0.00 -0.01 0.00 30.00 30.00 30.00 
0 0 0 38.08 0.00000000 0.00000000 0.00 0.00 0.00 0.09 0.12 -0.08 0.01 -0.01 0.01 30.00 30.00 30.00 
0 0 0 38.19 0.00000000 0.00000000 0.00 0.00 0.00 0.08 0.11 -0.08 0.01 -0.01 0.01 30.00 30.00 30.00 
0 0 0 38.29 0.00000000 0.00000000 0.00 0.00 0.00 0.08 0.12 -0.05 0.02 -0.01 0.00 30.00 30.00 30.00 
0 0 0 38.39 0.00000000 0.00000000 0.00 0.00 0.00 0.08 0.12 -0.02 0.02 -0.01 0.00 30.00 30.00 30.00 
0 0 0 38.49 0.00000000 0.00000000 0.00 0.00 0.00 0.08 0.12 -0.06 0.01 -0.00 0.00 30.00 30.00 30.00 
0 0 0 38.59 0.00000000 0.00000000 0.00 0.00 0.00 0.08 0.12 0.00 0.01 -0.00 0.00 30.00 30.00 30.00 
0 0 0 38.69 0.00000000 0.00000000 0.00 0.00 0.00 0.08 0.12 -0.00 0.01 -0.01 0.00 30.00 30.00 30.00 
0 0 0 38.79 0.00000000 0.00000000 0.00 0.00 0.00 0.08 0.12 -0.06 0.02 -0.01 0.00 30.00 30.00 30.00 
0 0 0 38.89 0.00000000 0.00000000 0.00 0.00 0.00 0.08 0.12 -0.06 0.01 -0.01 0.00 30.00 30.00 30.00 
0 0 0 38.99 0.00000000 0.00000000 0.00 0.00 0.00 0.09 0.12 -0.10 0.01 -0.01 0.00 30.00 30.00 30.00 
0 0 0 39.09 0.00000000 0.00000000 0.00 0.00 0.00 0.09 0.12 -0.07 0.02 -0.01 0.00 30.00 30.00 30.00 
0 0 0 39.19 0.00000000 0.00000000 0.00 0.00 0.00 0.08 0.13 -0.04 0.01 -0.01 0.00 30.00 30.00 30.00 
0 0 0 39.29 0.00000000 0.00000000 0.00 0.00 0.00 0.08 0.13 0.00 0.01 -0.01 0.00 30.00 30.00 30.00 
0 0 0 39.39 0.00000000 0.00000000 0.00 0.00 0.00 0.08 0.11 -0.08 0.01 -0.01 0.01 30.00 30.00 30.00 
0 0 0 39.49 0.00000000 0.00000000 0.00 0.00 0.00 0.09 0.12 -0.04 0.02 -0.01 0.01 30.00 30.00 30.00 
0 0 0 39.60 0.00000000 0.00000000 0.00 0.00 0.00 0.07 0.14 0.03 0.01 0.00 0.01 30.00 30.00 30.00 
0 0 0 39.70 0.00000000 0.00000000 0.00 0.00 0.00 0.09 0.12 -0.07 0.02 -0.01 0.00 30.00 30.00 30.00 
0 0 0 39.80 0.00000000 0.00000000 0.00 0.00 0.00 0.09 0.13 -0.07 0.02 -0.01 0.01 30.00 30.00 30.00 
0 0 0 39.90 0.00000000 0.00000000 0.00 0.00 0.00 0.07 0.13 0.04 0.01 -0.01 0.01 30.00 30.00 30.00 
0 0 0 40.00 0.00000000 0.00000000 0.00 0.00 0.00 0.08 0.12 -0.07 0.02 -0.01 0.01 30.00 30.00 30.00 
0 0 0 40.10 0.00000000 0.00000000 0.00 0.00 0.00 0.09 0.11 -0.09 0.01 -0.01 0.00 30.00 30.00 30.00 
0 0 0 40.20 0.00000000 0.00000000 0.00 0.00 0.00 0.08 0.13 0.02 0.01 -0.01 0.00 30.00 30.00 30.00 
0 0 0 40.30 0.00000000 0.00000000 0.00 0.00 0.00 0.08 0.13 -0.03 0.01 -0.01 0.01 30.00 30.00 30.00 
0 0 0 40.40 0.00000000 0.00000000 0.00 0.00 0.00 0.09 0.13 -0.01 0.02 -0.02 0.00 30.00 30.00 30.00 
0 0 0 40.50 0.00000000 0.00000000 0.00 0.00 0.00 0.09 0.12 -0.06 0.01 -0.00 0.00 30.00 30.00 30.00 
0 0 0 40.60 0.00000000 0.00000000 0.00 0.00 0.00 0.08 0.12 -0.05 0.01 -0.00 0.01 30.00 30.00 30.00 
0 0 0 40.70 0.00000000 0.00000000 0.00 0.00 0.00 0.08 0.13 -0.00 0.02 -0.01 0.00 30.00 30.00 30.00 
0 0 0 40.80 0.00000000 0.00000000 0.00 0.00 0.00 0.09 0.12 -0.08 0.02 -0.01 0.01 30.00 30.00 30.00 
0 0 0 40.90 0.00000000 0.00000000 0.00 0.00 0.00 0.09 0.12 -0.08 0.01 -0.01 0.01 30.00 30.00 30.00 
0 0 0 41.00 0.00000000 0.00000000 0.00 0.00 0.00 0.08 0.12 -0.05 0.01 -0.01 0.01 30.00 30.00 30.00 
0 0 0 41.11 0.00000000 0.00000000 0.00 0.00 0.00 0.09 0.13 -0.05 0.02 -0.01 0.01 30.00 30.00 30.00 
0 0 0 41.21 0.00000000 0.00000000 0.00 0.00 0.00 0.08 0.12 -0.02 0.02 -0.01 0.00 30.00 30.00 30.00 
0 0 0 41.31 0.00000000 0.00000000 0.00 0.00 0.00 0.08 0.12 -0.04 0.01 -0.01 0.00 30.00 30.00 30.00 
0 0 0 41.41 0.00000000 0.00000000 0.00 0.00 0.00 0.08 0.13 0.02 0.01 -0.01 0.00 30.00 30.00 30.00 
0 0 0 41.51 0.00000000 0.00000000 0.00 0.00 0.00 0.09 0.12 -0.02 0.01 -0.01 0.00 30.00 30.00 30.00 
0 0 0 41.61 0.00000000 0.00000000 0.00 0.00 0.00 0.09 0.13 0.00 0.01 -0.01 0.00 30.00 30.00 30.00 
0 0 0 41.71 0.00000000 0.00000000 0.00 0.00 0.00 0.08 0.13 0.00 0.01 -0.01 0.00 30.00 30.00 30.00 
0 0 0 41.81 0.00000000 0.00000000 0.00 0.00 0.00 0.09 0.12 -0.06 0.02 -0.01 0.00 30.00 30.00 30.00 
0 0 0 41.91 0.00000000 0.00000000 0.00 0.00 0.00 0.08 0.11 -0.07 0.01 -0.00 0.01 30.00 30.00 30.00 
0 0 0 42.01 0.00000000 0.00000000 0.00 0.00 0.00 0.08 0.12 0.02 0.00 -0.01 0.00 30.00 30.00 30.00 
0 0 0 42.11 0.00000000 0.00000000 0.00 0.00 0.00 0.09 0.12 -0.07 0.01 -0.01 0.00 30.00 30.00 30.00 
0 0 0 42.21 0.00000000 0.00000000 0.00 0.00 0.00 0.09 0.11 -0.08 0.01 -0.01 0.00 30.00 30.00 30.00 
0 0 0 42.31 0.00000000 0.00000000 0.00 0.00 0.00 0.09 0.13 -0.05 0.01 -0.01 0.01 30.00 30.00 30.00 
0 0 0 42.42 0.00000000 0.00000000 0.00 0.00 0.00 0.09 0.12 -0.06 0.00 -0.01 0.00 30.00 30.00 30.00 
0 0 0 42.52 0.00000000 0.00000000 0.00 0.00 0.00 0.09 0.13 -0.09 0.02 -0.01 0.00 30.00 30.00 30.00 
0 0 0 42.62 0.00000000 0.00000000 0.00 0.00 0.00 0.08 0.12 -0.01 0.01 -0.01 0.01 30.00 30.00 30.00 
0 0 0 42.72 0.00000000 0.00000000 0.00 0.00 0.00 0.08 0.12 -0.01 0.01 -0.01 0.00 30.00 30.00 30.00 
0 0 0 42.82 0.00000000 0.00000000 0.00 0.00 0.00 0.08 0.13 -0.06 0.01 -0.01 0.00 30.00 30.00 30.00 
0 0 0 42.92 0.00000000 0.00000000 0.00 0.00 0.00 0.08 0.12 -0.05 0.02 -0.01 0.01 30.00 30.00 30.00 
0 0 0 43.02 0.00000000 0.00000000 0.00 0.00 0.00 0.08 0.12 -0.05 0.01 -0.01 0.00 30.00 30.00 30.00 
0 0 0 43.12 0.00000000 0.00000000 0.00 0.00 0.00 0.08 0.12 -0.04 0.01 -0.01 0.00 30.00 30.00 30.00 
0 0 0 43.22 0.00000000 0.00000000 0.00 0.00 0.00 0.09 0.12 -0.06 0.02 -0.01 0.01 30.00 30.00 30.00 
0 0 0 43.32 0.00000000 0.00000000 0.00 0.00 0.00 0.08 0.12 -0.05 0.01 -0.00 0.00 30.00 30.00 30.00 
0 0 0 43.42 0.00000000 0.00000000 0.00 0.00 0.00 0.08 0.12 -0.02 0.01 -0.01 0.00 30.00 30.00 30.00 
0 0 0 43.52 0.00000000 0.00000000 0.00 0.00 0.00 0.09 0.12 -0.04 0.02 -0.01 0.00 30.00 30.00 30.00 
0 0 0 43.62 0.00000000 0.00000000 0.00 0.00 0.00 0.08 0.12 -0.07 0.02 -0.01 0.01 30.00 30.00 30.00 
0 0 0 43.72 0.00000000 0.00000000 0.00 0.00 0.00 0.08 0.12 -0.03 0.02 -0.02 0.01 30.00 30.00 30.00 
0 0 0 43.82 0.00000000 0.00000000 0.00 0.00 0.00 0.07 0.13 0.03 0.01 -0.01 0.00 30.00 30.00 30.00 
0 0 0 43.92 0.00000000 0.00000000 0.00 0.00 0.00 0.09 0.12 -0.12 0.02 -0.01 0.00 30.00 30.00 30.00 
0 0 0 44.03 0.00000000 0.00000000 0.00 0.00 0.00 0.08 0.12 -0.02 0.01 -0.01 0.00 30.00 30.00 30.00 
0 0 0 44.13 0.00000000 0.00000000 0.00 0.00 0.00 0.08 0.12 -0.00 0.01 -0.01 0.00 30.00 30.00 30.00 
0 0 0 44.23 0.00000000 0.00000000 0.00 0.00 0.00 0.08 0.12 -0.06 0.01 -0.01 0.01 30.00 30.00 30.00 
0 0 0 44.33 0.00000000 0.00000000 0.00 0.00 0.00 0.10 0.12 -0.10 0.02 -0.01 0.01 30.00 30.00 30.00 
0 0 0 44.43 0.00000000 0.00000000 0.00 0.00 0.00 0.09 0.13 -0.06 0.01 -0.01 0.00 30.00 30.00 30.00 
0 0 0 44.53 0.00000000 0.00000000 0.00 0.00 0.00 0.08 0.12 -0.02 0.01 -0.00 0.00 30.00 30.00 30.00 
0 0 0 44.63 0.00000000 0.00000000 0.00 0.00 0.00 0.09 0.12 -0.07 0.02 -0.01 0.00 30.00 30.00 30.00 
0 0 0 44.73 0.00000000 0.00000000 0.00 0.00 0.00 0.09 0.12 -0.05 0.02 -0.01 0.00 30.00 30.00 30.00 
0 0 0 44.87 0.00000000 0.00000000 0.00 0.00 0.00 0.08 0.12 -0.01 0.01 -0.01 0.00 30.00 30.00 30.00 
0 0 0 45.00 0.00000000 0.00000000 0.00 0.00 0.00 0.08 0.12 -0.04 0.01 -0.00 0.00 30.00 30.00 30.00 
0 0 0 45.14 0.00000000 0.00000000 0.00 0.00 0.00 0.08 0.12 -0.03 0.01 -0.01 0.00 30.00 30.00 30.00 
0 0 0 45.27 0.00000000 0.00000000 0.00 0.00 0.00 0.08 0.12 -0.05 0.01 -0.01 0.00 30.00 30.00 30.00 
0 0 0 45.37 0.00000000 0.00000000 0.00 0.00 0.00 0.08 0.13 -0.03 0.01 -0.01 0.00 30.00 30.00 30.00 
0 0 0 45.47 0.00000000 0.00000000 0.00 0.00 0.00 0.08 0.12 -0.02 0.02 -0.01 0.00 30.00 30.00 30.00 
0 0 0 45.57 0.00000000 0.00000000 0.00 0.00 0.00 0.08 0.12 -0.07 0.01 -0.01 0.00 30.00 30.00 30.00 
0 0 0 45.67 0.00000000 0.00000000 0.00 0.00 0.00 0.07 0.13 0.03 0.01 -0.00 0.00 30.00 30.00 30.00 
0 0 0 45.78 0.00000000 0.00000000 0.00 0.00 0.00 0.09 0.12 -0.09 0.02 -0.01 0.00 30.00 30.00 30.00 
0 0 0 45.88 0.00000000 0.00000000 0.00 0.00 0.00 0.08 0.11 -0.04 0.00 -0.01 0.00 30.00 30.00 30.00 
0 0 0 45.98 0.00000000 0.00000000 0.00 0.00 0.00 0.08 0.12 -0.02 0.02 -0.02 0.00 30.00 30.00 30.00 
0 0 0 46.08 0.00000000 0.00000000 0.00 0.00 0.00 0.09 0.13 -0.05 0.01 -0.01 0.00 30.00 30.00 30.00 
0 0 0 46.18 0.00000000 0.00000000 0.00 0.00 0.00 0.09 0.13 -0.03 0.02 -0.01 0.01 30.00 30.00 30.00 
0 0 0 46.28 0.00000000 0.00000000 0.00 0.00 0.00 0.08 0.12 -0.05 0.01 -0.01 0.00 30.00 30.00 30.00 
0 0 0 46.38 0.00000000 0.00000000 0.00 0.00 0.00 0.09 0.13 -0.03 0.02 -0.01 0.00 30.00 30.00 30.00 
0 0 0 46.48 0.00000000 0.00000000 0.00 0.00 0.00 0.08 0.12 -0.03 0.00 -0.01 0.00 30.00 30.00 30.00 
0 0 0 46.58 0.00000000 0.00000000 0.00 0.00 0.00 0.07 0.12 -0.04 0.01 -0.01 0.01 30.00 30.00 30.00 
0 0 0 46.68 0.00000000 0.00000000 0.00 0.00 0.00 0.09 0.13 -0.06 0.02 -0.01 0.00 30.00 30.00 30.00 
0 0 0 46.78 0.00000000 0.00000000 0.00 0.00 0.00 0.09 0.12 -0.08 0.02 -0.01 0.01 30.00 30.00 30.00 
0 0 0 46.88 0.00000000 0.00000000 0.00 0.00 0.00 0.08 0.12 -0.04 0.01 -0.01 0.01 30.00 30.00 30.00 
0 0 0 46.98 0.00000000 0.00000000 0.00 0.00 0.00 0.07 0.13 0.02 0.01 0.00 0.00 30.00 30.00 30.00 
0 0 0 47.08 0.00000000 0.00000000 0.00 0.00 0.00 0.08 0.12 -0.01 0.01 -0.01 0.00 30.00 30.00 30.00 
0 0 0 47.19 0.00000000 0.00000000 0.00 0.00 0.00 0.08 0.12 -0.04 0.01 -0.01 0.00 30.00 30.00 30.00 
0 0 0 47.29 0.00000000 0.00000000 0.00 0.00 0.00 0.08 0.12 -0.03 0.01 -0.01 0.00 30.00 30.00 30.00 
0 0 0 47.39 0.00000000 0.00000000 0.00 0.00 0.00 0.08 0.13 -0.04 0.01 -0.00 0.00 30.00 30.00 30.00 
0 0 0 47.49 0.00000000 0.00000000 0.00 0.00 0.00 0.09 0.12 -0.07 0.01 -0.01 0.01 30.00 30.00 30.00 
0 0 0 47.59 0.00000000 0.00000000 0.00 0.00 0.00 0.08 0.13 0.01 0.02 -0.01 0.00 30.00 30.00 30.00 
0 0 0 47.69 0.00000000 0.00000000 0.00 0.00 0.00 0.08 0.13 0.03 0.01 -0.01 0.00 30.00 30.00 30.00 
0 0 0 47.79 0.00000000 0.00000000 0.00 0.00 0.00 0.09 0.12 -0.07 0.02 -0.02 0.01 30.00 30.00 30.00 
0 0 0 47.89 0.00000000 0.00000000 0.00 0.00 0.00 0.09 0.13 -0.01 0.02 -0.01 0.00 30.00 30.00 30.00 
0 0 0 47.99 0.00000000 0.00000000 0.00 0.00 0.00 0.08 0.13 0.01 0.01 -0.01 0.01 30.00 30.00 30.00 
0 0 0 48.09 0.00000000 0.00000000 0.00 0.00 0.00 0.09 0.13 -0.02 0.02 -0.01 0.01 30.00 30.00 30.00 
0 0 0 48.19 0.00000000 0.00000000 0.00 0.00 0.00 0.09 0.12 -0.08 0.02 -0.02 0.00 30.00 30.00 30.00 
0 0 0 48.29 0.00000000 0.00000000 0.00 0.00 0.00 0.08 0.11 -0.04 0.01 -0.01 0.01 30.00 30.00 30.00 
0 0 0 48.39 0.00000000 0.00000000 0.00 0.00 0.00 0.07 0.13 0.03 0.01 -0.01 0.00 30.00 30.00 30.00 
0 0 0 48.49 0.00000000 0.00000000 0.00 0.00 0.00 0.09 0.12 -0.08 0.02 -0.01 0.00 30.00 30.00 30.00 
0 0 0 48.59 0.00000000 0.00000000 0.00 0.00 0.00 0.08 0.13 -0.01 0.01 -0.00 0.00 30.00 30.00 30.00 
0 0 0 48.70 0.00000000 0.00000000 0.00 0.00 0.00 0.08 0.12 -0.06 0.02 -0.01 0.01 30.00 30.00 30.00 
0 0 0 48.80 0.00000000 0.00000000 0.00 0.00 0.00 0.08 0.13 -0.03 0.01 -0.01 0.00 30.00 30.00 30.00 
0 0 0 48.90 0.00000000 0.00000000 0.00 0.00 0.00 0.08 0.13 -0.05 0.01 -0.01 0.00 30.00 30.00 30.00 
0 0 0 49.00 0.00000000 0.00000000 0.00 0.00 0.00 0.08 0.13 -0.04 0.01 -0.01 0.00 30.00 30.00 30.00 
0 0 0 49.10 0.00000000 0.00000000 0.00 0.00 0.00 0.08 0.12 -0.03 0.01 -0.00 0.00 30.00 30.00 30.00 
0 0 0 49.20 0.00000000 0.00000000 0.00 0.00 0.00 0.08 0.13 -0.01 0.02 -0.02 0.01 30.00 30.00 30.00 
0 0 0 49.30 0.00000000 0.00000000 0.00 0.00 0.00 0.09 0.12 -0.06 0.02 -0.01 0.01 30.00 30.00 30.00 
0 0 0 49.40 0.00000000 0.00000000 0.00 0.00 0.00 0.08 0.12 -0.05 0.02 -0.01 0.01 30.00 30.00 30.00 
0 0 0 49.50 0.00000000 0.00000000 0.00 0.00 0.00 0.09 0.12 -0.05 0.01 -0.01 0.01 30.00 30.00 30.00 
0 0 0 49.60 0.00000000 0.00000000 0.00 0.00 0.00 0.08 0.12 -0.05 0.02 -0.01 0.00 30.00 30.00 30.00 
0 0 0 49.70 0.00000000 0.00000000 0.00 0.00 0.00 0.08 0.12 -0.05 0.01 -0.01 0.00 30.00 30.00 30.00 
0 0 0 49.80 0.00000000 0.00000000 0.00 0.00 0.00 0.08 0.13 -0.01 0.01 -0.01 0.01 30.00 30.00 30.00 
0 0 0 49.90 0.00000000 0.00000000 0.00 0.00 0.00 0.09 0.11 -0.11 0.02 -0.01 0.00 30.00 30.00 30.00 
0 0 0 50.00 0.00000000 0.00000000 0.00 0.00 0.00 0.08 0.12 -0.04 0.01 -0.01 0.00 30.00 30.00 30.00 
0 0 0 50.11 0.00000000 0.00000000 0.00 0.00 0.00 0.08 0.12 -0.07 0.02 -0.01 0.00 30.00 30.00 30.00 
0 0 0 50.21 0.00000000 0.00000000 0.00 0.00 0.00 0.09 0.12 -0.08 0.02 -0.02 0.00 30.00 30.00 30.00 
0 0 0 50.31 0.00000000 0.00000000 0.00 0.00 0.00 0.08 0.12 -0.04 0.01 -0.01 0.00 30.00 30.00 30.00 
0 0 0 50.41 0.00000000 0.00000000 0.00 0.00 0.00 0.10 0.12 -0.11 0.01 -0.01 0.00 30.00 30.00 30.00 
0 0 0 50.51 0.00000000 0.00000000 0.00 0.00 0.00 0.08 0.12 -0.02 0.01 -0.01 0.01 30.00 30.00 30.00 
0 0 0 50.61 0.00000000 0.00000000 0.00 0.00 0.00 0.09 0.12 -0.05 0.02 -0.01 0.00 30.00 30.00 30.00 
0 0 0 50.71 0.00000000 0.00000000 0.00 0.00 0.00 0.09 0.12 -0.05 0.01 -0.01 0.00 30.00 30.00 30.00 
0 0 0 50.81 0.00000000 0.00000000 0.00 0.00 0.00 0.08 0.12 0.02 0.02 -0.02 0.01 30.00 30.00 30.00 
0 0 0 50.91 0.00000000 0.00000000 0.00 0.00 0.00 0.09 0.12 -0.12 0.02 -0.01 0.00 30.00 30.00 30.00 
0 0 0 51.02 0.00000000 0.00000000 0.00 0.00 0.00 0.08 0.12 -0.08 0.02 -0.01 0.01 30.00 30.00 30.00 
