0:0:0 1.19 0 0.00000000 0.00000000 0.00 0.00 0.00 -53.82 -14.00 -31.84 0.00 -0.02 -0.14 -1.14 1.33 10.79
 0:0:0 1.31 0 0.00000000 0.00000000 0.00 0.00 0.00 -53.55 -14.55 -31.94 0.02 -0.01 -0.04 -0.98 0.55 10.28
 0:0:0 1.41 0 0.00000000 0.00000000 0.00 0.00 0.00 -53.36 -14.73 -31.84 0.01 -0.01 0.00 -0.90 0.39 10.16
 0:0:0 1.51 0 0.00000000 0.00000000 0.00 0.00 0.00 -53.45 -14.73 -32.14 0.01 -0.01 0.01 -1.02 0.27 10.24
 0:0:0 1.61 0 0.00000000 0.00000000 0.00 0.00 0.00 -53.36 -14.73 -32.04 0.02 -0.01 0.00 -1.02 0.39 10.24
 0:5:18 1.71 0 0.00000000 0.00000000 0.00 0.00 0.00 -53.45 -14.73 -32.04 0.01 -0.01 0.01 -0.94 0.43 10.28
 0:5:18 1.82 0 0.00000000 0.00000000 0.00 0.00 0.00 -53.36 -14.64 -32.04 0.01 -0.01 0.00 -0.90 0.35 10.28
 0:5:18 1.92 0 0.00000000 0.00000000 0.00 0.00 0.00 -53.45 -14.73 -32.24 0.02 -0.01 0.00 -1.02 0.35 10.24
 0:5:18 2.02 0 0.00000000 0.00000000 0.00 0.00 0.00 -53.36 -14.82 -32.04 0.01 -0.01 0.00 -0.98 0.43 10.24
 0:5:18 2.12 0 0.00000000 0.00000000 0.00 0.00 0.00 -53.45 -14.55 -32.14 0.01 -0.01 0.01 -0.94 0.31 10.16
 0:5:18 2.22 0 0.00000000 0.00000000 0.00 0.00 0.00 -53.18 -14.64 -32.04 0.01 -0.01 0.01 -1.02 0.43 10.20
 0:5:18 2.32 0 0.00000000 0.00000000 0.00 0.00 0.00 -53.55 -14.73 -32.04 0.01 -0.01 0.00 -0.94 0.35 10.20
 0:5:18 2.42 0 0.00000000 0.00000000 0.00 0.00 0.00 -53.55 -14.73 -32.04 0.01 -0.01 0.00 -0.98 0.35 10.32
 0:5:18 2.52 0 0.00000000 0.00000000 0.00 0.00 0.00 -53.36 -14.64 -32.24 0.01 -0.01 0.00 -0.94 0.39 10.28
 0:5:18 2.62 0 0.00000000 0.00000000 0.00 0.00 0.00 -53.45 -14.64 -31.94 0.01 -0.01 0.00 -0.90 0.35 10.08
 0:5:19 2.72 0 0.00000000 0.00000000 0.00 0.00 0.00 -53.55 -14.73 -32.24 0.00 -0.01 0.00 -0.98 0.35 10.24
 0:5:19 2.82 0 0.00000000 0.00000000 0.00 0.00 0.00 -53.55 -14.64 -32.04 0.01 -0.01 0.01 -0.94 0.35 10.28
 0:5:19 2.92 0 0.00000000 0.00000000 0.00 0.00 0.00 -53.27 -14.64 -32.14 0.01 -0.01 0.00 -0.90 0.35 10.32
 0:5:19 3.02 0 0.00000000 0.00000000 0.00 0.00 0.00 -53.36 -14.91 -32.14 0.01 -0.01 0.00 -0.90 0.43 10.20
 0:5:19 3.12 0 0.00000000 0.00000000 0.00 0.00 0.00 -53.45 -14.73 -32.14 0.01 -0.01 0.00 -0.94 0.35 10.24
 0:5:19 3.23 0 0.00000000 0.00000000 0.00 0.00 0.00 -53.55 -14.45 -32.14 0.01 -0.01 0.01 -0.94 0.39 10.24
 0:5:19 3.33 0 0.00000000 0.00000000 0.00 0.00 0.00 -53.27 -14.45 -32.04 0.01 -0.01 0.00 -0.98 0.35 10.24
 0:5:19 3.43 0 0.00000000 0.00000000 0.00 0.00 0.00 -53.55 -14.45 -32.04 0.01 -0.01 0.01 -0.98 0.43 10.16
 0:5:19 3.53 0 0.00000000 0.00000000 0.00 0.00 0.00 -53.64 -14.55 -31.94 0.01 -0.01 0.00 -0.94 0.43 10.28
 0:5:19 3.63 0 0.00000000 0.00000000 0.00 0.00 0.00 -53.55 -14.64 -32.04 0.02 -0.01 0.00 -0.98 0.39 10.24
 0:5:20 3.73 0 0.00000000 0.00000000 0.00 0.00 0.00 -53.55 -14.73 -32.04 0.01 -0.01 0.00 -0.90 0.39 10.16
 0:5:20 3.83 0 0.00000000 0.00000000 0.00 0.00 0.00 -53.18 -14.55 -31.84 0.02 -0.01 0.00 -0.98 0.43 10.24
 0:5:20 3.93 0 0.00000000 0.00000000 0.00 0.00 0.00 -53.36 -14.64 -32.14 0.02 -0.00 0.00 -1.02 0.43 10.28
 0:5:20 4.03 0 0.00000000 0.00000000 0.00 0.00 0.00 -53.45 -14.45 -32.04 0.01 -0.01 0.00 -0.98 0.39 10.20
 0:5:20 4.13 0 0.00000000 0.00000000 0.00 0.00 0.00 -53.36 -14.55 -32.24 0.01 -0.01 0.01 -0.98 0.43 10.24
 0:5:20 4.23 0 0.00000000 0.00000000 0.00 0.00 0.00 -53.27 -14.82 -31.94 0.01 -0.01 0.00 -0.90 0.31 10.16
 0:5:20 4.33 0 0.00000000 0.00000000 0.00 0.00 0.00 -53.27 -14.45 -31.94 0.01 -0.01 0.00 -0.98 0.35 10.24
 0:5:20 4.43 0 0.00000000 0.00000000 0.00 0.00 0.00 -53.36 -14.55 -32.14 0.01 -0.01 0.00 -0.94 0.35 10.32
 0:5:20 4.53 0 0.00000000 0.00000000 0.00 0.00 0.00 -53.36 -14.73 -31.94 0.01 -0.01 0.00 -0.98 0.39 10.20
 0:5:21 4.64 0 0.00000000 0.00000000 0.00 0.00 0.00 -53.64 -14.55 -32.04 0.01 -0.01 0.00 -0.90 0.31 10.28
 0:5:21 4.74 0 0.00000000 0.00000000 0.00 0.00 0.00 -53.27 -14.73 -32.14 0.01 -0.01 0.00 -0.90 0.31 10.32
 0:5:21 4.84 0 0.00000000 0.00000000 0.00 0.00 0.00 -53.73 -14.55 -32.04 0.02 -0.00 0.08 -1.14 0.43 10.12
 0:5:21 4.94 0 0.00000000 0.00000000 0.00 0.00 0.00 -53.55 -13.73 -32.35 -0.07 -0.01 0.15 -1.06 0.71 11.89
 0:5:21 5.04 0 0.00000000 0.00000000 0.00 0.00 0.00 -54.09 -7.91 -34.18 -1.83 -0.18 0.38 -1.18 -2.43 13.57
 0:5:21 5.14 0 0.00000000 0.00000000 0.00 0.00 0.00 -53.82 -0.73 -36.12 -2.43 -0.01 0.03 -1.77 -3.30 10.79
 0:5:21 5.24 0 0.00000000 0.00000000 0.00 0.00 0.00 -51.09 14.45 -38.88 -3.19 0.39 -0.06 -0.94 -3.84 5.49
 0:5:21 5.34 0 0.00000000 0.00000000 0.00 0.00 0.00 -49.09 23.55 -38.06 -2.87 0.26 -0.16 -1.65 -7.57 8.04
 0:5:21 5.44 0 0.00000000 0.00000000 0.00 0.00 0.00 -47.18 36.45 -32.86 -1.45 -0.10 -0.09 -1.18 -9.02 4.67
 0:5:21 5.54 0 0.00000000 0.00000000 0.00 0.00 0.00 -47.27 39.55 -29.80 -0.83 0.03 -0.09 -1.06 -9.38 3.10
 0:5:22 5.64 0 0.00000000 0.00000000 0.00 0.00 0.00 -47.00 42.55 -26.73 -0.79 -0.03 -0.04 -1.18 -9.57 2.28
 0:5:22 5.75 0 0.00000000 0.00000000 0.00 0.00 0.00 -47.00 43.45 -25.71 -0.86 -0.02 -0.06 -1.10 -9.73 1.73
 0:5:22 5.85 0 0.00000000 0.00000000 0.00 0.00 0.00 -47.09 45.45 -23.37 -0.40 -0.02 -0.03 -1.14 -9.85 1.65
 0:5:22 5.95 0 0.00000000 0.00000000 0.00 0.00 0.00 -46.82 46.00 -22.24 -0.11 0.01 -0.01 -1.10 -9.77 1.73
 0:5:22 6.05 0 0.00000000 0.00000000 0.00 0.00 0.00 -46.82 46.18 -22.04 -0.20 -0.03 -0.01 -1.10 -9.85 1.37
 0:5:22 6.15 0 0.00000000 0.00000000 0.00 0.00 0.00 -46.73 46.73 -20.92 -0.10 -0.01 -0.01 -0.98 -9.89 1.37
 0:5:22 6.25 0 0.00000000 0.00000000 0.00 0.00 0.00 -46.91 47.00 -20.41 -0.31 -0.02 -0.02 -0.98 -9.85 1.33
 0:5:22 6.35 0 0.00000000 0.00000000 0.00 0.00 0.00 -46.73 48.00 -18.88 -0.29 -0.02 -0.01 -0.86 -9.92 0.71
 0:5:22 6.45 0 0.00000000 0.00000000 0.00 0.00 0.00 -46.91 48.36 -18.06 -0.13 -0.01 -0.02 -0.94 -9.89 0.43
 0:5:22 6.55 0 0.00000000 0.00000000 0.00 0.00 0.00 -46.73 48.64 -17.55 0.02 -0.01 -0.00 -0.82 -9.92 0.39
 0:5:23 6.65 0 0.00000000 0.00000000 0.00 0.00 0.00 -46.64 48.55 -17.45 0.00 -0.00 0.00 -0.90 -9.92 0.20
 0:5:23 6.75 0 0.00000000 0.00000000 0.00 0.00 0.00 -46.91 48.82 -17.04 0.01 -0.01 -0.00 -0.75 -9.92 0.08
 0:5:23 6.86 0 0.00000000 0.00000000 0.00 0.00 0.00 -46.91 48.64 -17.14 -0.02 -0.02 0.00 -0.82 -9.96 0.39
 0:5:23 6.96 0 0.00000000 0.00000000 0.00 0.00 0.00 -47.00 48.82 -17.04 0.07 -0.00 0.01 -0.90 -9.81 0.20
 0:5:23 7.06 0 0.00000000 0.00000000 0.00 0.00 0.00 -46.91 48.55 -16.94 0.04 -0.00 0.01 -0.86 -9.92 0.20
 0:5:23 7.16 0 0.00000000 0.00000000 0.00 0.00 0.00 -46.91 48.82 -16.94 0.03 -0.01 0.01 -0.94 -9.81 0.35
 0:5:23 7.26 0 0.00000000 0.00000000 0.00 0.00 0.00 -46.91 48.91 -16.63 -0.02 -0.01 0.00 -0.86 -9.92 0.08
 0:5:23 7.36 0 0.00000000 0.00000000 0.00 0.00 0.00 -47.00 49.00 -17.04 0.02 -0.01 0.01 -0.90 -9.96 0.27
 0:5:23 7.46 0 0.00000000 0.00000000 0.00 0.00 0.00 -47.00 49.09 -16.33 -0.05 -0.02 -0.01 -0.86 -9.92 -0.04
 0:5:23 7.56 0 0.00000000 0.00000000 0.00 0.00 0.00 -47.09 49.09 -16.02 0.07 0.00 0.01 -0.90 -9.92 -0.12
 0:5:24 7.66 0 0.00000000 0.00000000 0.00 0.00 0.00 -47.00 49.18 -15.92 -0.01 -0.01 -0.00 -0.78 -9.92 -0.35
 0:5:24 7.76 0 0.00000000 0.00000000 0.00 0.00 0.00 -47.00 48.73 -16.94 0.07 -0.01 0.01 -0.86 -9.89 0.20
 0:5:24 7.86 0 0.00000000 0.00000000 0.00 0.00 0.00 -46.91 48.82 -16.63 -0.25 -0.06 -0.05 -0.82 -9.92 -0.31
 0:5:24 7.96 0 0.00000000 0.00000000 0.00 0.00 0.00 -46.91 48.91 -16.43 0.24 0.01 0.04 -0.94 -9.89 0.55
 0:5:24 8.06 0 0.00000000 0.00000000 0.00 0.00 0.00 -47.09 48.91 -16.43 0.28 0.01 0.04 -0.86 -10.00 0.27
 0:5:24 8.17 0 0.00000000 0.00000000 0.00 0.00 0.00 -47.18 47.91 -18.06 0.91 0.09 0.02 -0.75 -9.85 -0.04
 0:5:24 8.27 0 0.00000000 0.00000000 0.00 0.00 0.00 -47.27 46.27 -20.71 0.81 0.09 0.04 -0.71 -9.89 0.55
 0:5:24 8.37 0 0.00000000 0.00000000 0.00 0.00 0.00 -46.73 42.82 -26.22 1.06 0.05 -0.01 -1.45 -9.81 2.51
 0:5:24 8.47 0 0.00000000 0.00000000 0.00 0.00 0.00 -47.82 36.73 -31.73 1.78 0.02 -0.03 -0.90 -9.02 3.65
 0:5:24 8.57 0 0.00000000 0.00000000 0.00 0.00 0.00 -48.36 30.91 -34.90 2.20 -0.11 -0.02 -0.67 -8.04 6.32
 0:5:25 8.67 0 0.00000000 0.00000000 0.00 0.00 0.00 -49.45 21.45 -38.16 1.29 0.04 -0.10 -0.47 -6.75 7.06
 0:5:25 8.77 0 0.00000000 0.00000000 0.00 0.00 0.00 -49.36 17.91 -39.69 1.23 -0.02 0.05 -1.26 -6.55 8.39
 0:5:25 8.87 0 0.00000000 0.00000000 0.00 0.00 0.00 -49.64 10.27 -40.71 1.45 0.06 -0.03 -0.04 -5.22 8.28
 0:5:25 8.97 0 0.00000000 0.00000000 0.00 0.00 0.00 -50.00 4.45 -40.41 2.58 0.04 0.02 -1.14 -3.18 11.77
 0:5:25 9.07 0 0.00000000 0.00000000 0.00 0.00 0.00 -51.64 -12.45 -35.71 3.12 0.26 -0.13 1.10 0.24 2.86
 0:5:25 9.18 0 0.00000000 0.00000000 0.00 0.00 0.00 -51.45 -17.09 -33.37 0.54 0.03 0.04 -0.82 -0.51 10.00
 0:5:25 9.28 0 0.00000000 0.00000000 0.00 0.00 0.00 -51.73 -18.18 -32.45 0.09 -0.00 -0.00 -0.94 0.75 10.59
 0:5:25 9.38 0 0.00000000 0.00000000 0.00 0.00 0.00 -51.55 -18.45 -32.55 0.01 -0.02 -0.08 -1.14 1.73 10.71
 0:5:25 9.48 0 0.00000000 0.00000000 0.00 0.00 0.00 -51.36 -18.55 -32.55 0.00 -0.01 0.00 -0.94 0.24 10.16
 0:5:25 9.58 0 0.00000000 0.00000000 0.00 0.00 0.00 -51.36 -18.64 -32.35 -0.00 -0.02 -0.03 -0.90 0.35 10.24
 0:5:26 9.68 0 0.00000000 0.00000000 0.00 0.00 0.00 -51.09 -18.64 -32.65 0.01 -0.01 0.00 -0.98 0.35 10.24
 0:5:26 9.78 0 0.00000000 0.00000000 0.00 0.00 0.00 -51.45 -18.82 -32.76 0.01 -0.01 0.01 -0.98 0.35 10.28
 0:5:26 9.88 0 0.00000000 0.00000000 0.00 0.00 0.00 -51.45 -18.64 -32.35 0.01 -0.01 0.00 -0.90 0.35 10.24
 0:5:26 9.98 0 0.00000000 0.00000000 0.00 0.00 0.00 -51.27 -18.36 -32.45 0.01 -0.01 0.00 -0.94 0.39 10.24
 0:5:26 10.09 0 0.00000000 0.00000000 0.00 0.00 0.00 -51.09 -18.55 -32.45 0.01 -0.01 0.00 -0.90 0.39 10.36
 0:5:26 10.19 0 0.00000000 0.00000000 0.00 0.00 0.00 -51.36 -18.73 -32.65 0.01 -0.01 0.01 -0.90 0.24 10.32
 0:5:26 10.29 0 0.00000000 0.00000000 0.00 0.00 0.00 -51.18 -18.73 -32.14 0.01 -0.01 0.00 -1.14 0.47 10.32
 0:5:26 10.39 0 0.00000000 0.00000000 0.00 0.00 0.00 -51.18 -18.82 -32.24 0.01 -0.01 0.01 -0.94 0.39 10.20
 0:5:26 10.49 0 0.00000000 0.00000000 0.00 0.00 0.00 -51.36 -18.64 -32.35 0.01 -0.01 0.00 -0.94 0.31 10.28
 0:5:26 10.59 0 0.00000000 0.00000000 0.00 0.00 0.00 -51.36 -18.36 -32.45 0.01 -0.01 0.00 -0.98 0.35 10.24
 0:5:27 10.69 0 0.00000000 0.00000000 0.00 0.00 0.00 -51.09 -18.55 -32.35 0.01 -0.01 0.00 -0.90 0.39 10.36
 0:5:27 10.79 0 0.00000000 0.00000000 0.00 0.00 0.00 -51.18 -18.55 -32.35 0.01 -0.01 0.00 -0.98 0.39 10.24
 0:5:27 10.89 0 0.00000000 0.00000000 0.00 0.00 0.00 -51.27 -18.55 -32.35 0.01 -0.00 0.00 -0.94 0.31 10.32
 0:5:27 10.99 0 0.00000000 0.00000000 0.00 0.00 0.00 -51.27 -18.55 -32.45 0.02 -0.01 0.00 -0.90 0.31 10.24
 0:5:27 11.10 0 0.00000000 0.00000000 0.00 0.00 0.00 -51.36 -18.64 -32.45 0.01 -0.01 0.00 -0.94 0.35 10.20
 0:5:27 11.20 0 0.00000000 0.00000000 0.00 0.00 0.00 -51.36 -18.55 -32.35 0.01 -0.01 0.00 -0.90 0.43 10.24
 0:5:27 11.30 0 0.00000000 0.00000000 0.00 0.00 0.00 -51.45 -18.55 -32.65 0.01 -0.01 0.00 -0.98 0.39 10.28
 0:5:27 11.40 0 0.00000000 0.00000000 0.00 0.00 0.00 -51.36 -18.82 -32.55 0.01 -0.01 0.00 -0.90 0.35 10.24
 0:5:27 11.50 0 0.00000000 0.00000000 0.00 0.00 0.00 -51.36 -18.82 -32.55 0.01 -0.01 0.00 -0.94 0.39 10.28
 0:5:27 11.60 0 0.00000000 0.00000000 0.00 0.00 0.00 -51.27 -18.45 -32.65 0.01 -0.01 0.00 -0.90 0.39 10.24
 0:5:28 11.70 0 0.00000000 0.00000000 0.00 0.00 0.00 -51.18 -18.64 -32.14 0.01 -0.01 0.00 -0.98 0.39 10.24
 0:5:28 11.80 0 0.00000000 0.00000000 0.00 0.00 0.00 -51.45 -18.64 -32.65 0.01 -0.01 0.00 -0.90 0.43 10.32
 0:5:28 11.90 0 0.00000000 0.00000000 0.00 0.00 0.00 -51.27 -18.64 -32.65 0.01 -0.01 0.00 -0.94 0.43 10.28
 0:5:28 12.01 0 0.00000000 0.00000000 0.00 0.00 0.00 -51.18 -18.55 -32.45 0.01 -0.01 0.00 -0.90 0.43 10.24
 0:5:28 12.11 0 0.00000000 0.00000000 0.00 0.00 0.00 -51.18 -18.64 -32.35 0.01 -0.01 0.01 -1.02 0.43 10.28
 0:5:28 12.21 0 0.00000000 0.00000000 0.00 0.00 0.00 -51.09 -18.73 -32.45 0.01 -0.01 0.00 -0.94 0.39 10.32
 0:5:28 12.31 0 0.00000000 0.00000000 0.00 0.00 0.00 -51.18 -18.45 -32.14 0.01 -0.01 0.01 -0.82 0.39 10.20
 0:5:28 12.41 0 0.00000000 0.00000000 0.00 0.00 0.00 -51.45 -18.64 -32.35 0.01 -0.01 0.01 -0.94 0.35 10.16
 0:5:28 12.51 0 0.00000000 0.00000000 0.00 0.00 0.00 -51.09 -18.73 -32.35 0.01 -0.01 0.00 -0.86 0.35 10.32
 0:5:28 12.61 0 0.00000000 0.00000000 0.00 0.00 0.00 -51.00 -18.73 -32.45 0.01 -0.01 0.00 -0.94 0.39 10.32
 0:5:29 12.71 0 0.00000000 0.00000000 0.00 0.00 0.00 -51.36 -18.45 -32.24 0.01 -0.01 0.00 -0.98 0.39 10.28
 0:5:29 12.81 0 0.00000000 0.00000000 0.00 0.00 0.00 -51.27 -18.64 -32.24 0.01 -0.01 0.00 -0.98 0.39 10.32
 0:5:29 12.91 0 0.00000000 0.00000000 0.00 0.00 0.00 -51.27 -18.55 -32.35 0.01 -0.01 0.00 -0.98 0.39 10.24
 0:5:29 13.02 0 0.00000000 0.00000000 0.00 0.00 0.00 -51.27 -18.73 -32.65 0.01 -0.01 0.00 -0.98 0.31 10.24
 0:5:29 13.12 0 0.00000000 0.00000000 0.00 0.00 0.00 -51.36 -18.73 -32.45 0.01 -0.01 0.00 -0.90 0.35 10.36
 0:5:29 13.22 0 0.00000000 0.00000000 0.00 0.00 0.00 -51.36 -18.27 -32.45 0.00 -0.01 0.00 -0.98 0.35 10.24
 0:5:29 13.32 0 0.00000000 0.00000000 0.00 0.00 0.00 -51.18 -18.82 -32.24 0.01 -0.01 0.00 -0.98 0.39 10.32
 0:5:29 13.42 0 0.00000000 0.00000000 0.00 0.00 0.00 -51.36 -18.64 -32.55 0.01 -0.01 0.00 -0.90 0.39 10.24
 0:5:29 13.52 0 0.00000000 0.00000000 0.00 0.00 0.00 -51.18 -18.73 -32.45 0.01 -0.01 0.01 -1.02 0.35 10.24
 0:5:29 13.62 0 0.00000000 0.00000000 0.00 0.00 0.00 -51.36 -18.64 -32.86 0.01 -0.01 0.00 -0.98 0.35 10.24
 0:5:30 13.72 0 0.00000000 0.00000000 0.00 0.00 0.00 -51.55 -18.73 -32.76 0.01 -0.01 0.01 -0.78 0.39 10.36
 0:5:30 13.82 0 0.00000000 0.00000000 0.00 0.00 0.00 -51.36 -18.55 -32.55 0.01 -0.01 0.01 -0.94 0.39 10.24
 0:5:30 13.93 0 0.00000000 0.00000000 0.00 0.00 0.00 -51.27 -18.55 -32.55 0.01 -0.01 0.00 -0.98 0.39 10.28
 0:5:30 14.03 0 0.00000000 0.00000000 0.00 0.00 0.00 -51.18 -18.82 -32.65 0.01 -0.01 0.00 -0.90 0.39 10.24
 0:5:30 14.13 0 0.00000000 0.00000000 0.00 0.00 0.00 -51.27 -18.55 -32.35 0.02 -0.01 0.00 -0.98 0.35 10.20
 0:5:30 14.23 0 0.00000000 0.00000000 0.00 0.00 0.00 -51.09 -18.36 -32.35 0.02 -0.00 0.00 -0.94 0.43 10.16
 0:5:30 14.33 0 0.00000000 0.00000000 0.00 0.00 0.00 -51.55 -18.45 -32.45 0.01 -0.00 0.01 -0.90 0.35 10.28
 0:5:30 14.43 0 0.00000000 0.00000000 0.00 0.00 0.00 -51.27 -18.64 -32.35 0.01 -0.01 0.00 -0.90 0.35 10.20
 0:5:30 14.53 0 0.00000000 0.00000000 0.00 0.00 0.00 -51.18 -18.64 -32.35 0.01 -0.01 0.00 -0.90 0.35 10.20
 0:5:31 14.63 0 0.00000000 0.00000000 0.00 0.00 0.00 -51.27 -18.64 -32.55 0.01 -0.01 0.01 -0.94 0.43 10.20
 0:5:31 14.73 0 0.00000000 0.00000000 0.00 0.00 0.00 -51.18 -18.73 -32.45 0.02 -0.01 0.00 -0.90 0.39 10.16
 0:5:31 14.83 0 0.00000000 0.00000000 0.00 0.00 0.00 -51.55 -18.82 -32.45 0.01 -0.01 0.00 -0.90 0.35 10.32
 0:5:31 14.94 0 0.00000000 0.00000000 0.00 0.00 0.00 -51.36 -19.00 -32.35 0.01 -0.01 0.00 -0.98 0.35 10.24
 0:5:31 15.04 0 0.00000000 0.00000000 0.00 0.00 0.00 -51.36 -18.55 -32.14 0.01 -0.01 0.00 -0.94 0.35 10.16
 0:5:31 15.14 0 0.00000000 0.00000000 0.00 0.00 0.00 -51.36 -18.55 -32.45 0.01 -0.01 0.00 -0.90 0.39 10.28
 0:5:31 15.24 0 0.00000000 0.00000000 0.00 0.00 0.00 -51.45 -18.73 -32.35 0.01 -0.01 0.00 -0.90 0.39 10.28
 0:5:31 15.34 0 0.00000000 0.00000000 0.00 0.00 0.00 -51.45 -18.64 -32.76 0.01 -0.01 0.00 -0.94 0.39 10.32
 0:5:31 15.44 0 0.00000000 0.00000000 0.00 0.00 0.00 -51.36 -18.73 -32.45 0.01 -0.01 0.00 -0.98 0.39 10.20
 0:5:31 15.54 0 0.00000000 0.00000000 0.00 0.00 0.00 -51.45 -18.91 -32.35 0.01 -0.01 0.00 -0.94 0.39 10.20
 0:5:32 15.64 0 0.00000000 0.00000000 0.00 0.00 0.00 -51.36 -18.73 -32.14 0.01 -0.01 0.00 -0.90 0.43 10.28
 0:5:32 15.74 0 0.00000000 0.00000000 0.00 0.00 0.00 -51.18 -18.55 -32.45 0.01 -0.01 0.00 -0.94 0.39 10.20
 0:5:32 15.85 0 0.00000000 0.00000000 0.00 0.00 0.00 -51.36 -18.82 -32.35 0.01 -0.01 0.00 -0.94 0.31 10.28
 0:5:32 15.95 0 0.00000000 0.00000000 0.00 0.00 0.00 -51.36 -18.82 -32.45 0.01 -0.01 0.00 -0.94 0.39 10.24
 0:5:32 16.05 0 0.00000000 0.00000000 0.00 0.00 0.00 -51.45 -18.73 -32.35 0.01 -0.01 0.00 -0.94 0.43 10.20
 0:5:32 16.15 0 0.00000000 0.00000000 0.00 0.00 0.00 -51.18 -18.73 -32.45 0.02 -0.01 0.00 -0.90 0.31 10.28
 0:5:32 16.25 0 0.00000000 0.00000000 0.00 0.00 0.00 -51.18 -19.00 -32.55 0.01 -0.01 0.00 -0.90 0.39 10.20
 0:5:32 16.35 0 0.00000000 0.00000000 0.00 0.00 0.00 -51.27 -18.64 -32.35 0.01 -0.01 0.00 -0.94 0.39 10.20
 0:5:32 16.45 0 0.00000000 0.00000000 0.00 0.00 0.00 -51.27 -18.36 -32.45 0.01 -0.01 0.00 -0.90 0.43 10.24
 0:5:32 16.55 0 0.00000000 0.00000000 0.00 0.00 0.00 -51.09 -18.73 -32.45 0.01 -0.01 0.00 -0.98 0.35 10.28
 0:5:33 16.65 0 0.00000000 0.00000000 0.00 0.00 0.00 -51.18 -18.82 -32.35 0.01 -0.01 0.00 -0.94 0.43 10.20
 0:5:33 16.75 0 0.00000000 0.00000000 0.00 0.00 0.00 -51.45 -18.73 -32.55 0.01 -0.01 0.00 -0.94 0.39 10.36
 0:5:33 16.85 0 0.00000000 0.00000000 0.00 0.00 0.00 -51.09 -18.64 -32.65 0.01 -0.01 0.01 -0.94 0.43 10.36
 0:5:33 16.96 0 0.00000000 0.00000000 0.00 0.00 0.00 -51.45 -18.91 -32.45 0.01 -0.01 0.00 -0.86 0.35 10.24
 0:5:33 17.06 0 0.00000000 0.00000000 0.00 0.00 0.00 -51.45 -18.64 -32.35 0.01 -0.01 0.00 -0.94 0.39 10.28
 0:5:33 17.16 0 0.00000000 0.00000000 0.00 0.00 0.00 -51.36 -18.73 -32.24 0.02 -0.01 0.00 -0.94 0.43 10.28
 0:5:33 17.26 0 0.00000000 0.00000000 0.00 0.00 0.00 -51.55 -18.64 -32.35 0.01 -0.01 0.01 -0.94 0.39 10.24
 0:5:33 17.36 0 0.00000000 0.00000000 0.00 0.00 0.00 -51.27 -18.91 -32.35 0.02 -0.01 0.00 -0.98 0.39 10.28
 0:5:33 17.46 0 0.00000000 0.00000000 0.00 0.00 0.00 -51.27 -18.64 -32.65 0.02 -0.01 0.00 -1.02 0.39 10.20
 0:5:33 17.56 0 0.00000000 0.00000000 0.00 0.00 0.00 -51.36 -18.55 -32.14 0.01 -0.01 0.00 -0.86 0.35 10.20
 0:5:34 17.66 0 0.00000000 0.00000000 0.00 0.00 0.00 -51.36 -18.73 -32.45 0.01 -0.01 0.00 -1.02 0.39 10.28
 0:5:34 17.76 0 0.00000000 0.00000000 0.00 0.00 0.00 -51.27 -18.73 -32.24 0.02 -0.01 0.00 -0.90 0.35 10.20
 0:5:34 17.87 0 0.00000000 0.00000000 0.00 0.00 0.00 -51.27 -18.55 -32.35 0.01 -0.01 0.00 -0.98 0.39 10.28
 0:5:34 17.97 0 0.00000000 0.00000000 0.00 0.00 0.00 -51.27 -18.55 -32.24 0.01 -0.01 0.00 -0.98 0.43 10.24
 0:5:34 18.07 0 0.00000000 0.00000000 0.00 0.00 0.00 -51.27 -18.82 -32.45 0.01 -0.01 0.01 -0.98 0.39 10.32
 0:5:34 18.17 0 0.00000000 0.00000000 0.00 0.00 0.00 -51.27 -18.73 -32.55 0.01 -0.01 0.00 -0.94 0.39 10.28
 0:5:34 18.27 0 0.00000000 0.00000000 0.00 0.00 0.00 -51.55 -18.73 -32.35 0.01 -0.01 0.00 -0.90 0.35 10.28
 0:5:34 18.37 0 0.00000000 0.00000000 0.00 0.00 0.00 -51.36 -18.64 -32.14 0.01 -0.01 0.00 -0.90 0.39 10.32
 0:5:34 18.47 0 0.00000000 0.00000000 0.00 0.00 0.00 -51.18 -18.64 -32.35 0.01 -0.00 0.00 -0.90 0.24 10.20
 0:5:34 18.57 0 0.00000000 0.00000000 0.00 0.00 0.00 -51.18 -18.73 -32.35 0.01 -0.01 0.00 -0.90 0.43 10.32
 0:5:35 18.67 0 0.00000000 0.00000000 0.00 0.00 0.00 -51.18 -18.82 -32.24 0.01 -0.01 0.00 -0.94 0.43 10.32
 0:5:35 18.77 0 0.00000000 0.00000000 0.00 0.00 0.00 -51.27 -18.82 -32.45 0.01 -0.01 0.01 -1.02 0.35 10.28
 0:5:35 18.88 0 0.00000000 0.00000000 0.00 0.00 0.00 -51.18 -18.73 -32.55 0.01 -0.01 0.00 -0.94 0.35 10.32
 0:5:35 18.98 0 0.00000000 0.00000000 0.00 0.00 0.00 -51.45 -18.73 -32.24 0.01 -0.01 0.00 -0.94 0.43 10.20
 0:5:35 19.08 0 0.00000000 0.00000000 0.00 0.00 0.00 -51.64 -18.45 -32.86 0.01 -0.01 0.00 -0.90 0.39 10.16
 0:5:35 19.18 0 0.00000000 0.00000000 0.00 0.00 0.00 -51.45 -18.09 -32.86 0.01 -0.01 0.00 -0.98 0.43 10.28
 0:5:35 19.28 0 0.00000000 0.00000000 0.00 0.00 0.00 -51.55 -18.36 -32.45 0.01 -0.01 0.00 -0.98 0.31 10.24
 0:5:35 19.38 0 0.00000000 0.00000000 0.00 0.00 0.00 -51.36 -18.09 -32.45 0.01 -0.01 0.00 -0.94 0.35 10.20
 0:5:35 19.48 0 0.00000000 0.00000000 0.00 0.00 0.00 -51.18 -18.27 -32.55 0.01 -0.01 -0.01 -0.94 0.47 10.12
 0:5:35 19.58 0 0.00000000 0.00000000 0.00 0.00 0.00 -51.45 -18.73 -32.55 0.00 -0.02 -0.06 -0.94 0.31 10.32
 0:5:36 19.68 0 0.00000000 0.00000000 0.00 0.00 0.00 -51.27 -18.55 -32.45 0.01 -0.01 0.00 -0.94 0.39 10.24
 0:5:36 19.79 0 0.00000000 0.00000000 0.00 0.00 0.00 -51.18 -18.73 -32.24 0.01 -0.01 0.00 -0.94 0.35 10.28
 0:5:36 19.89 0 0.00000000 0.00000000 0.00 0.00 0.00 -51.36 -18.45 -32.35 0.02 -0.00 0.05 -0.98 0.67 10.16
 0:5:36 19.99 0 0.00000000 0.00000000 0.00 0.00 0.00 -51.27 -18.45 -32.45 -0.09 -0.03 0.10 -0.90 -1.53 9.22
 0:5:36 20.09 0 0.00000000 0.00000000 0.00 0.00 0.00 -51.55 -17.64 -32.45 -0.04 -0.01 0.18 -0.94 0.67 9.53
 0:5:36 20.19 0 0.00000000 0.00000000 0.00 0.00 0.00 -51.82 -16.73 -32.45 0.52 0.04 0.34 -0.71 0.63 10.28
 0:5:36 20.29 0 0.00000000 0.00000000 0.00 0.00 0.00 -52.55 -18.27 -29.49 1.93 0.12 0.61 2.31 2.20 1.61
 0:5:36 20.39 0 0.00000000 0.00000000 0.00 0.00 0.00 -53.09 -20.36 -25.82 2.77 0.16 0.41 0.31 2.67 16.91
 0:5:36 20.49 0 0.00000000 0.00000000 0.00 0.00 0.00 -53.09 -25.18 -17.14 1.05 0.16 0.20 -2.08 4.55 7.65
 0:5:36 20.59 0 0.00000000 0.00000000 0.00 0.00 0.00 -53.36 -26.55 -14.90 0.47 0.04 0.06 -0.47 6.47 7.61
 0:5:37 20.69 0 0.00000000 0.00000000 0.00 0.00 0.00 -53.00 -27.09 -14.08 0.60 -0.01 0.04 -0.59 7.06 6.94
 0:5:37 20.80 0 0.00000000 0.00000000 0.00 0.00 0.00 -53.18 -27.64 -10.41 1.23 -0.09 0.20 -0.63 7.49 5.57
 0:5:37 20.90 0 0.00000000 0.00000000 0.00 0.00 0.00 -53.82 -27.82 -7.35 1.81 -0.16 0.09 -0.27 8.04 2.59
 0:5:37 21.00 0 0.00000000 0.00000000 0.00 0.00 0.00 -53.64 -28.45 -0.41 1.24 0.04 -0.02 0.59 10.24 3.61
 0:5:37 21.10 0 0.00000000 0.00000000 0.00 0.00 0.00 -53.64 -29.18 2.04 0.56 -0.01 0.02 -0.08 10.36 3.92
 0:5:37 21.20 0 0.00000000 0.00000000 0.00 0.00 0.00 -53.91 -28.45 7.55 0.98 -0.22 0.07 -0.75 10.79 3.92
 0:5:37 21.30 0 0.00000000 0.00000000 0.00 0.00 0.00 -54.18 -27.73 9.90 0.18 -0.06 0.01 0.00 10.04 1.88
 0:5:37 21.40 0 0.00000000 0.00000000 0.00 0.00 0.00 -54.00 -27.45 11.22 -0.02 0.05 0.01 -0.27 9.65 2.16
 0:5:37 21.50 0 0.00000000 0.00000000 0.00 0.00 0.00 -54.00 -27.27 11.22 -0.00 0.02 -0.01 -0.43 9.69 2.39
 0:5:37 21.60 0 0.00000000 0.00000000 0.00 0.00 0.00 -54.27 -27.55 11.63 0.22 -0.02 0.02 -0.35 9.77 1.92
 0:5:38 21.71 0 0.00000000 0.00000000 0.00 0.00 0.00 -54.18 -27.00 11.94 0.13 -0.05 0.01 -0.63 9.61 2.55
 0:5:38 21.81 0 0.00000000 0.00000000 0.00 0.00 0.00 -54.27 -26.91 12.45 0.11 -0.09 0.00 -0.43 9.73 1.96
 0:5:38 21.91 0 0.00000000 0.00000000 0.00 0.00 0.00 -54.09 -27.00 12.76 -0.03 -0.02 -0.01 -0.39 9.85 1.92
 0:5:38 22.01 0 0.00000000 0.00000000 0.00 0.00 0.00 -54.00 -26.82 12.96 -0.00 -0.02 -0.00 -0.39 9.81 1.77
 0:5:38 22.11 0 0.00000000 0.00000000 0.00 0.00 0.00 -54.00 -26.91 12.76 0.01 -0.03 -0.01 -0.35 9.81 1.92
 0:5:38 22.21 0 0.00000000 0.00000000 0.00 0.00 0.00 -53.91 -27.00 12.76 0.00 -0.01 0.00 -0.35 9.77 1.84
 0:5:38 22.31 0 0.00000000 0.00000000 0.00 0.00 0.00 -53.82 -27.00 12.96 0.01 -0.01 0.00 -0.39 9.81 1.84
 0:5:38 22.41 0 0.00000000 0.00000000 0.00 0.00 0.00 -54.09 -27.09 12.76 -0.01 -0.01 -0.00 -0.43 9.81 1.92
 0:5:38 22.51 0 0.00000000 0.00000000 0.00 0.00 0.00 -54.00 -27.09 12.76 -0.04 -0.02 -0.00 -0.39 9.89 1.80
 0:5:38 22.61 0 0.00000000 0.00000000 0.00 0.00 0.00 -53.82 -27.27 12.14 -0.02 -0.02 -0.00 -0.35 9.89 1.96
 0:5:39 22.72 0 0.00000000 0.00000000 0.00 0.00 0.00 -53.82 -27.27 12.65 -0.06 -0.02 -0.01 -0.39 9.85 2.00
 0:5:39 22.82 0 0.00000000 0.00000000 0.00 0.00 0.00 -53.55 -27.64 12.14 -0.05 -0.02 -0.00 -0.43 9.77 2.12
 0:5:39 22.92 0 0.00000000 0.00000000 0.00 0.00 0.00 -53.73 -27.55 12.04 -0.07 -0.03 -0.00 -0.43 9.85 2.20
 0:5:39 23.02 0 0.00000000 0.00000000 0.00 0.00 0.00 -53.64 -27.73 11.73 -0.19 -0.05 -0.02 -0.43 9.69 2.28
 0:5:39 23.12 0 0.00000000 0.00000000 0.00 0.00 0.00 -53.27 -28.55 10.61 -0.25 -0.03 -0.03 -0.55 9.61 2.63
 0:5:39 23.22 0 0.00000000 0.00000000 0.00 0.00 0.00 -53.00 -28.64 10.41 -0.37 -0.12 -0.06 -0.59 9.69 2.59
 0:5:39 23.32 0 0.00000000 0.00000000 0.00 0.00 0.00 -52.64 -29.73 8.47 -0.77 -0.05 -0.11 -0.51 9.45 3.14
 0:5:39 23.42 0 0.00000000 0.00000000 0.00 0.00 0.00 -52.00 -30.91 5.82 -1.02 -0.17 -0.22 -0.43 9.26 4.12
 0:5:39 23.52 0 0.00000000 0.00000000 0.00 0.00 0.00 -50.91 -32.45 1.73 -0.39 0.01 -0.02 -0.86 8.63 5.26
 0:5:40 23.63 0 0.00000000 0.00000000 0.00 0.00 0.00 -50.64 -32.55 0.20 -0.87 -0.16 -0.08 -0.75 8.28 6.00
 0:5:40 23.73 0 0.00000000 0.00000000 0.00 0.00 0.00 -50.18 -32.36 -6.63 -1.95 0.07 0.09 0.12 6.86 7.41
 0:5:40 23.83 0 0.00000000 0.00000000 0.00 0.00 0.00 -50.45 -31.36 -10.51 -1.62 -0.09 -0.07 -0.86 6.90 7.92
 0:5:40 23.93 0 0.00000000 0.00000000 0.00 0.00 0.00 -50.27 -28.27 -17.14 -0.90 0.03 -0.04 -1.06 4.63 9.57
 0:5:40 24.03 0 0.00000000 0.00000000 0.00 0.00 0.00 -50.00 -23.82 -23.47 -1.28 0.02 0.03 -0.98 4.04 10.43
 0:5:40 24.13 0 0.00000000 0.00000000 0.00 0.00 0.00 -50.00 -21.27 -26.02 -1.68 0.08 0.21 -2.63 0.51 20.01
 0:5:40 24.23 0 0.00000000 0.00000000 0.00 0.00 0.00 -50.45 -14.55 -31.02 -1.16 0.01 0.03 -1.18 0.59 10.55
 0:5:40 24.33 0 0.00000000 0.00000000 0.00 0.00 0.00 -50.45 -12.55 -32.45 -0.09 -0.02 0.00 -0.82 -0.51 10.55
 0:5:40 24.43 0 0.00000000 0.00000000 0.00 0.00 0.00 -50.36 -11.82 -32.86 -0.03 -0.02 0.00 -0.98 0.71 10.40
 0:5:40 24.53 0 0.00000000 0.00000000 0.00 0.00 0.00 -50.64 -11.45 -32.86 -0.04 -0.02 0.00 -0.94 0.59 10.32
 0:5:41 24.64 0 0.00000000 0.00000000 0.00 0.00 0.00 -50.55 -12.09 -32.86 -0.00 -0.01 0.01 -1.02 0.51 10.24
 0:5:41 24.74 0 0.00000000 0.00000000 0.00 0.00 0.00 -50.36 -12.00 -32.55 0.01 -0.01 0.00 -0.94 0.55 10.24
 0:5:41 24.84 0 0.00000000 0.00000000 0.00 0.00 0.00 -50.45 -11.82 -32.65 0.01 -0.00 0.00 -1.02 0.47 10.24
 0:5:41 24.94 0 0.00000000 0.00000000 0.00 0.00 0.00 -50.27 -12.09 -32.76 -0.00 -0.01 0.00 -0.98 0.47 10.24
 0:5:41 25.04 0 0.00000000 0.00000000 0.00 0.00 0.00 -50.45 -11.82 -33.06 -0.02 -0.02 0.01 -0.98 0.43 10.28
 0:5:41 25.18 0 0.00000000 0.00000000 0.00 0.00 0.00 -50.55 -11.73 -32.65 0.01 -0.01 0.00 -0.98 0.43 10.20
 0:5:41 25.31 0 0.00000000 0.00000000 0.00 0.00 0.00 -50.36 -12.09 -32.65 0.01 -0.01 0.00 -1.02 0.39 10.24
 0:5:41 25.45 0 0.00000000 0.00000000 0.00 0.00 0.00 -50.36 -11.73 -32.86 0.01 -0.01 0.00 -0.90 0.51 10.28
 0:5:41 25.59 0 0.00000000 0.00000000 0.00 0.00 0.00 -50.45 -11.55 -32.65 0.01 -0.01 0.00 -0.90 0.39 10.20
 0:5:41 25.69 0 0.00000000 0.00000000 0.00 0.00 0.00 -50.45 -11.55 -32.65 0.01 -0.01 0.01 -0.98 0.39 10.20
 0:5:42 25.79 0 0.00000000 0.00000000 0.00 0.00 0.00 -50.73 -11.82 -32.76 0.01 -0.01 0.00 -0.94 0.47 10.20
 0:5:42 25.89 0 0.00000000 0.00000000 0.00 0.00 0.00 -50.64 -11.64 -33.06 0.02 -0.01 0.00 -0.90 0.43 10.24
 0:5:42 25.99 0 0.00000000 0.00000000 0.00 0.00 0.00 -50.45 -12.09 -32.76 0.01 -0.01 0.01 -1.02 0.47 10.20
 0:5:42 26.09 0 0.00000000 0.00000000 0.00 0.00 0.00 -50.55 -11.91 -32.65 0.02 -0.01 0.00 -0.90 0.43 10.20
 0:5:42 26.19 0 0.00000000 0.00000000 0.00 0.00 0.00 -50.55 -11.82 -32.86 0.01 -0.00 0.00 -0.98 0.43 10.24
 0:5:42 26.29 0 0.00000000 0.00000000 0.00 0.00 0.00 -50.36 -11.73 -33.06 0.01 -0.01 0.00 -0.94 0.47 10.24
 0:5:42 26.39 0 0.00000000 0.00000000 0.00 0.00 0.00 -50.45 -11.55 -32.86 -0.01 -0.01 0.00 -0.98 0.39 10.16
 0:5:42 26.50 0 0.00000000 0.00000000 0.00 0.00 0.00 -50.55 -11.64 -32.76 0.00 -0.01 0.00 -0.94 0.43 10.20
 0:5:42 26.60 0 0.00000000 0.00000000 0.00 0.00 0.00 -50.27 -11.91 -32.76 0.02 -0.01 0.00 -0.98 0.43 10.36
 0:5:43 26.70 0 0.00000000 0.00000000 0.00 0.00 0.00 -50.36 -11.82 -32.65 0.01 -0.01 0.00 -0.98 0.43 10.24
 0:5:43 26.80 0 0.00000000 0.00000000 0.00 0.00 0.00 -50.27 -11.64 -32.55 0.01 -0.01 0.01 -1.02 0.43 10.24
 0:5:43 26.90 0 0.00000000 0.00000000 0.00 0.00 0.00 -50.64 -11.55 -32.76 0.01 -0.01 0.00 -0.98 0.35 10.24
 0:5:43 27.00 0 0.00000000 0.00000000 0.00 0.00 0.00 -50.36 -11.64 -32.76 0.02 -0.01 0.00 -0.98 0.35 10.32
 0:5:43 27.10 0 0.00000000 0.00000000 0.00 0.00 0.00 -50.27 -11.91 -32.76 0.01 -0.01 0.01 -1.02 0.39 10.24
 0:5:43 27.20 0 0.00000000 0.00000000 0.00 0.00 0.00 -50.45 -11.64 -32.76 0.01 -0.01 0.00 -1.02 0.31 10.16
 0:5:43 27.30 0 0.00000000 0.00000000 0.00 0.00 0.00 -50.45 -11.73 -32.86 0.01 -0.01 0.00 -0.98 0.39 10.28
 0:5:43 27.40 0 0.00000000 0.00000000 0.00 0.00 0.00 -50.73 -11.73 -32.76 0.01 -0.01 0.01 -0.98 0.39 10.24
 0:5:43 27.51 0 0.00000000 0.00000000 0.00 0.00 0.00 -50.27 -11.73 -32.65 0.01 -0.01 0.00 -0.90 0.39 10.24
 0:5:44 27.61 0 0.00000000 0.00000000 0.00 0.00 0.00 -50.36 -11.73 -32.86 0.01 -0.01 0.00 -0.94 0.39 10.24
 0:5:44 27.71 0 0.00000000 0.00000000 0.00 0.00 0.00 -50.36 -11.64 -32.76 0.01 -0.01 0.00 -0.90 0.35 10.28
 0:5:44 27.81 0 0.00000000 0.00000000 0.00 0.00 0.00 -50.55 -12.00 -32.86 0.02 -0.01 0.00 -0.98 0.39 10.32
 0:5:44 27.91 0 0.00000000 0.00000000 0.00 0.00 0.00 -50.36 -11.73 -32.76 0.01 -0.01 0.00 -0.94 0.47 10.20
 0:5:44 28.01 0 0.00000000 0.00000000 0.00 0.00 0.00 -50.73 -11.82 -32.76 0.01 -0.01 0.00 -0.94 0.47 10.20
 0:5:44 28.11 0 0.00000000 0.00000000 0.00 0.00 0.00 -50.45 -11.45 -33.06 0.01 -0.01 0.01 -0.94 0.43 10.24
 0:5:44 28.21 0 0.00000000 0.00000000 0.00 0.00 0.00 -50.36 -11.82 -32.76 0.01 -0.01 0.00 -0.98 0.43 10.28
 0:5:44 28.31 0 0.00000000 0.00000000 0.00 0.00 0.00 -50.36 -11.91 -32.65 0.01 -0.00 0.00 -0.98 0.43 10.24
 0:5:44 28.42 0 0.00000000 0.00000000 0.00 0.00 0.00 -50.45 -11.82 -32.96 0.02 -0.01 0.01 -0.98 0.39 10.24
 0:5:44 28.52 0 0.00000000 0.00000000 0.00 0.00 0.00 -50.45 -12.00 -32.76 0.01 -0.01 0.00 -0.98 0.47 10.28
 0:5:44 28.62 0 0.00000000 0.00000000 0.00 0.00 0.00 -50.36 -11.73 -32.86 0.01 -0.01 0.00 -0.94 0.43 10.32
 0:5:45 28.72 0 0.00000000 0.00000000 0.00 0.00 0.00 -50.27 -11.64 -33.06 0.01 -0.01 0.00 -0.98 0.39 10.24
 0:5:45 28.82 0 0.00000000 0.00000000 0.00 0.00 0.00 -50.45 -11.45 -32.86 0.02 -0.01 0.00 -0.98 0.39 10.20
 0:5:45 28.92 0 0.00000000 0.00000000 0.00 0.00 0.00 -50.45 -11.64 -32.65 0.01 -0.01 0.00 -1.02 0.43 10.24
 0:5:45 29.02 0 0.00000000 0.00000000 0.00 0.00 0.00 -50.18 -11.91 -32.45 0.00 -0.01 0.00 -1.06 0.43 10.28
 0:5:45 29.12 0 0.00000000 0.00000000 0.00 0.00 0.00 -50.27 -11.73 -32.65 0.01 -0.01 0.00 -0.98 0.39 10.24
 0:5:45 29.22 0 0.00000000 0.00000000 0.00 0.00 0.00 -50.55 -11.64 -32.86 0.01 -0.01 0.00 -0.86 0.43 10.28
 0:5:45 29.32 0 0.00000000 0.00000000 0.00 0.00 0.00 -50.64 -11.73 -32.86 0.01 -0.01 0.00 -0.94 0.43 10.16
 0:5:45 29.43 0 0.00000000 0.00000000 0.00 0.00 0.00 -50.64 -11.55 -32.96 0.01 -0.01 0.00 -0.98 0.39 10.16
 0:5:45 29.53 0 0.00000000 0.00000000 0.00 0.00 0.00 -50.18 -11.91 -32.86 0.01 -0.01 0.00 -0.90 0.39 10.28
 0:5:46 29.63 0 0.00000000 0.00000000 0.00 0.00 0.00 -50.36 -11.91 -32.65 0.01 -0.01 0.00 -0.94 0.39 10.28
 0:5:46 29.73 0 0.00000000 0.00000000 0.00 0.00 0.00 -50.45 -11.64 -32.76 0.01 -0.01 0.00 -0.94 0.35 10.20
 0:5:46 29.83 0 0.00000000 0.00000000 0.00 0.00 0.00 -50.27 -11.73 -33.06 0.01 -0.01 0.00 -0.98 0.43 10.24
 0:5:46 29.93 0 0.00000000 0.00000000 0.00 0.00 0.00 -50.55 -11.73 -32.76 0.01 -0.01 0.00 -0.94 0.43 10.12
 0:5:46 30.03 0 0.00000000 0.00000000 0.00 0.00 0.00 -50.45 -11.64 -32.86 0.01 -0.01 0.01 -0.94 0.39 10.20
 0:5:46 30.13 0 0.00000000 0.00000000 0.00 0.00 0.00 -50.45 -11.91 -32.76 0.01 -0.01 0.00 -0.98 0.43 10.20
 0:5:46 30.23 0 0.00000000 0.00000000 0.00 0.00 0.00 -50.36 -11.64 -32.86 0.01 -0.01 0.01 -0.94 0.43 10.24
 0:5:46 30.34 0 0.00000000 0.00000000 0.00 0.00 0.00 -50.45 -11.82 -32.76 0.00 -0.01 0.01 -0.90 0.31 10.24
 0:5:46 30.44 0 0.00000000 0.00000000 0.00 0.00 0.00 -50.55 -11.73 -32.76 0.01 -0.01 0.00 -0.94 0.39 10.20
 0:5:46 30.54 0 0.00000000 0.00000000 0.00 0.00 0.00 -50.64 -11.64 -32.86 0.01 -0.00 0.00 -0.98 0.39 10.28
 0:5:47 30.64 0 0.00000000 0.00000000 0.00 0.00 0.00 -50.45 -11.82 -32.86 0.01 -0.01 0.00 -0.86 0.43 10.20
 0:5:47 30.74 0 0.00000000 0.00000000 0.00 0.00 0.00 -50.64 -11.27 -32.65 0.01 -0.01 0.00 -0.94 0.39 10.28
 0:5:47 30.84 0 0.00000000 0.00000000 0.00 0.00 0.00 -50.73 -11.73 -32.86 0.01 -0.01 0.00 -0.98 0.43 10.20
 0:5:47 30.94 0 0.00000000 0.00000000 0.00 0.00 0.00 -50.36 -11.82 -32.65 0.01 -0.01 0.01 -0.90 0.39 10.28
 0:5:47 31.04 0 0.00000000 0.00000000 0.00 0.00 0.00 -50.36 -11.45 -32.55 0.01 -0.01 0.00 -0.90 0.43 10.28
 0:5:47 31.14 0 0.00000000 0.00000000 0.00 0.00 0.00 -50.55 -11.73 -32.55 0.01 -0.01 0.00 -0.94 0.39 10.28
 0:5:47 31.25 0 0.00000000 0.00000000 0.00 0.00 0.00 -50.73 -11.64 -32.76 0.02 -0.01 0.00 -0.90 0.51 10.24
 0:5:47 31.35 0 0.00000000 0.00000000 0.00 0.00 0.00 -50.64 -11.82 -33.06 0.01 -0.01 0.00 -0.98 0.47 10.24
 0:5:47 31.45 0 0.00000000 0.00000000 0.00 0.00 0.00 -50.27 -11.73 -33.06 0.01 -0.01 0.00 -0.98 0.39 10.32
 0:5:47 31.55 0 0.00000000 0.00000000 0.00 0.00 0.00 -50.36 -11.82 -32.76 0.01 -0.01 0.00 -0.98 0.47 10.20
 0:5:48 31.65 0 0.00000000 0.00000000 0.00 0.00 0.00 -50.55 -11.64 -32.86 0.01 -0.01 0.00 -0.98 0.39 10.28
 0:5:48 31.75 0 0.00000000 0.00000000 0.00 0.00 0.00 -50.55 -11.55 -32.86 0.02 -0.01 0.00 -1.02 0.39 10.28
 0:5:48 31.85 0 0.00000000 0.00000000 0.00 0.00 0.00 -50.18 -11.55 -32.96 0.02 -0.01 0.00 -1.02 0.43 10.24
 0:5:48 31.95 0 0.00000000 0.00000000 0.00 0.00 0.00 -50.55 -11.64 -32.96 0.01 -0.01 0.00 -0.94 0.39 10.24
 0:5:48 32.05 0 0.00000000 0.00000000 0.00 0.00 0.00 -50.64 -11.73 -32.65 0.01 -0.01 0.00 -0.94 0.43 10.20
 0:5:48 32.15 0 0.00000000 0.00000000 0.00 0.00 0.00 -50.27 -11.36 -32.55 0.01 -0.01 0.01 -0.98 0.39 10.28
 0:5:48 32.25 0 0.00000000 0.00000000 0.00 0.00 0.00 -50.45 -11.55 -32.76 0.02 -0.00 0.00 -0.94 0.39 10.28
 0:5:48 32.36 0 0.00000000 0.00000000 0.00 0.00 0.00 -50.45 -11.55 -32.76 0.01 -0.01 0.00 -0.94 0.39 10.16
 0:5:48 32.46 0 0.00000000 0.00000000 0.00 0.00 0.00 -50.55 -11.55 -32.76 0.01 -0.01 0.01 -0.94 0.43 10.20
 0:5:48 32.56 0 0.00000000 0.00000000 0.00 0.00 0.00 -50.64 -11.64 -32.65 0.01 -0.01 0.01 -0.94 0.39 10.20
 0:5:49 32.66 0 0.00000000 0.00000000 0.00 0.00 0.00 -50.45 -11.91 -32.76 0.01 -0.01 0.00 -0.98 0.43 10.24
 0:5:49 32.76 0 0.00000000 0.00000000 0.00 0.00 0.00 -50.45 -11.82 -32.76 0.01 -0.01 0.00 -0.98 0.39 10.20
 0:5:49 32.86 0 0.00000000 0.00000000 0.00 0.00 0.00 -50.55 -11.73 -32.65 0.02 -0.01 0.00 -1.02 0.35 10.24
 0:5:49 32.96 0 0.00000000 0.00000000 0.00 0.00 0.00 -50.55 -11.64 -32.76 0.01 -0.01 0.00 -0.90 0.47 10.36
 0:5:49 33.06 0 0.00000000 0.00000000 0.00 0.00 0.00 -50.45 -11.45 -32.76 0.00 -0.00 0.09 -0.98 -0.27 10.16
 0:5:49 33.16 0 0.00000000 0.00000000 0.00 0.00 0.00 -50.36 -11.45 -32.76 0.02 -0.01 0.00 -0.98 0.39 10.08
 0:5:49 33.26 0 0.00000000 0.00000000 0.00 0.00 0.00 -50.64 -11.73 -33.06 0.01 -0.01 0.00 -0.98 0.39 10.24
 0:5:49 33.36 0 0.00000000 0.00000000 0.00 0.00 0.00 -50.36 -11.45 -32.86 0.01 -0.01 0.00 -0.90 0.39 10.28
 0:5:49 33.46 0 0.00000000 0.00000000 0.00 0.00 0.00 -50.27 -11.82 -32.96 0.01 -0.01 0.00 -0.94 0.31 10.24
 0:5:49 33.56 0 0.00000000 0.00000000 0.00 0.00 0.00 -50.64 -11.45 -32.65 0.01 -0.01 0.00 -0.90 0.39 10.28
 0:5:50 33.66 0 0.00000000 0.00000000 0.00 0.00 0.00 -50.55 -11.64 -32.76 0.01 -0.01 0.00 -0.98 0.31 10.20
 0:5:50 33.77 0 0.00000000 0.00000000 0.00 0.00 0.00 -50.45 -11.45 -32.65 0.01 -0.01 0.00 -0.98 0.35 10.28
 0:5:50 33.87 0 0.00000000 0.00000000 0.00 0.00 0.00 -50.36 -11.64 -32.86 0.01 -0.01 0.00 -0.94 0.47 10.28
 0:5:50 33.97 0 0.00000000 0.00000000 0.00 0.00 0.00 -50.55 -11.73 -32.86 0.01 -0.01 0.01 -0.90 0.39 10.32
 0:5:50 34.07 0 0.00000000 0.00000000 0.00 0.00 0.00 -50.55 -11.45 -32.55 0.01 -0.01 0.00 -0.90 0.39 10.20
 0:5:50 34.17 0 0.00000000 0.00000000 0.00 0.00 0.00 -50.55 -11.55 -32.86 0.01 -0.01 0.00 -0.98 0.31 10.28
 0:5:50 34.27 0 0.00000000 0.00000000 0.00 0.00 0.00 -50.27 -11.55 -32.86 0.01 -0.01 0.01 -0.90 0.86 10.43
 0:5:50 34.37 0 0.00000000 0.00000000 0.00 0.00 0.00 -50.36 -11.45 -32.76 0.02 -0.00 0.01 -0.86 0.82 10.24
 0:5:50 34.47 0 0.00000000 0.00000000 0.00 0.00 0.00 -50.55 -10.55 -32.65 0.03 0.06 0.13 -0.78 1.10 10.04
 0:5:50 34.57 0 0.00000000 0.00000000 0.00 0.00 0.00 -50.45 -9.55 -33.27 -0.36 0.30 -0.07 -1.69 0.08 10.24
 0:5:51 34.67 0 0.00000000 0.00000000 0.00 0.00 0.00 -47.45 -9.18 -36.84 0.00 0.56 -0.18 -1.53 -0.04 11.30
 0:5:51 34.77 0 0.00000000 0.00000000 0.00 0.00 0.00 -46.00 -9.09 -38.06 0.10 0.38 0.18 -1.26 0.94 10.00
 0:5:51 34.87 0 0.00000000 0.00000000 0.00 0.00 0.00 -44.09 -8.91 -39.29 -0.15 0.29 -0.02 -0.90 -1.02 9.53
 0:5:51 34.97 0 0.00000000 0.00000000 0.00 0.00 0.00 -43.27 -8.00 -40.61 -0.42 0.65 -0.27 -1.41 -1.14 9.38
 0:5:51 35.07 0 0.00000000 0.00000000 0.00 0.00 0.00 -40.73 -7.00 -45.61 -0.79 1.24 0.19 -6.16 -4.47 16.59
 0:5:51 35.17 0 0.00000000 0.00000000 0.00 0.00 0.00 -36.91 -5.55 -49.18 -0.21 0.33 -0.45 -4.16 -1.41 9.30
 0:5:51 35.28 0 0.00000000 0.00000000 0.00 0.00 0.00 -33.91 -6.55 -52.35 -0.42 0.22 -0.63 -4.28 -2.43 9.61
 0:5:51 35.38 0 0.00000000 0.00000000 0.00 0.00 0.00 -35.27 -4.09 -53.78 -0.50 -0.95 -0.53 -4.79 -4.63 9.89
 0:5:51 35.48 0 0.00000000 0.00000000 0.00 0.00 0.00 -38.18 -2.73 -52.35 -0.32 -1.22 0.03 -1.41 -3.18 9.34
 0:5:51 35.58 0 0.00000000 0.00000000 0.00 0.00 0.00 -47.36 1.73 -45.10 -0.12 -0.16 0.31 -1.06 -3.92 9.81
 0:5:52 35.68 0 0.00000000 0.00000000 0.00 0.00 0.00 -49.00 4.64 -43.27 -0.08 0.19 0.82 -3.22 -3.65 8.94
 0:5:52 35.78 0 0.00000000 0.00000000 0.00 0.00 0.00 -48.00 11.82 -42.65 -0.17 0.89 0.64 -3.02 -3.18 8.79
 0:5:52 35.88 0 0.00000000 0.00000000 0.00 0.00 0.00 -46.73 14.64 -43.37 -0.13 0.99 0.67 -2.94 -2.98 9.38
 0:5:52 35.98 0 0.00000000 0.00000000 0.00 0.00 0.00 -41.27 20.18 -45.61 -0.37 0.79 0.75 -4.59 -2.75 7.53
 0:5:52 36.08 0 0.00000000 0.00000000 0.00 0.00 0.00 -38.82 22.55 -46.33 0.09 1.41 0.25 -8.00 0.08 7.81
 0:5:52 36.18 0 0.00000000 0.00000000 0.00 0.00 0.00 -26.09 21.36 -53.88 1.05 2.31 0.73 -8.83 -1.22 6.75
 0:5:52 36.28 0 0.00000000 0.00000000 0.00 0.00 0.00 -4.09 12.55 -63.16 0.57 1.98 0.26 -7.92 -1.29 5.73
 0:5:52 36.38 0 0.00000000 0.00000000 0.00 0.00 0.00 7.45 8.64 -64.59 0.82 2.11 0.62 -7.26 -1.88 4.79
 0:5:52 36.48 0 0.00000000 0.00000000 0.00 0.00 0.00 29.00 -1.91 -60.10 0.36 1.54 0.21 -10.00 -1.84 3.10
 0:5:52 36.58 0 0.00000000 0.00000000 0.00 0.00 0.00 37.18 -4.64 -56.12 0.12 1.23 0.09 -11.06 -2.12 2.28
 0:5:53 36.69 0 0.00000000 0.00000000 0.00 0.00 0.00 47.64 -6.09 -49.49 -0.19 0.85 -0.08 -11.02 -3.18 0.27
 0:5:53 36.79 0 0.00000000 0.00000000 0.00 0.00 0.00 51.27 -4.82 -47.45 -0.23 0.50 -0.30 -10.63 -0.55 -0.71
 0:5:53 36.89 0 0.00000000 0.00000000 0.00 0.00 0.00 54.55 -5.64 -45.71 0.06 0.02 -0.00 -11.57 -1.77 -0.47
 0:5:53 36.99 0 0.00000000 0.00000000 0.00 0.00 0.00 54.55 -5.55 -45.82 0.06 -0.11 0.32 -11.10 -2.71 -0.94
 0:5:53 37.09 0 0.00000000 0.00000000 0.00 0.00 0.00 54.45 -7.09 -46.02 -0.06 0.03 0.16 -10.12 -0.39 -0.90
 0:5:53 37.19 0 0.00000000 0.00000000 0.00 0.00 0.00 54.73 -7.36 -46.63 0.00 -0.03 0.08 -10.51 -0.55 -1.02
 0:5:53 37.29 0 0.00000000 0.00000000 0.00 0.00 0.00 54.18 -7.36 -47.14 -0.02 0.02 -0.11 -10.36 -0.71 -0.90
 0:5:53 37.39 0 0.00000000 0.00000000 0.00 0.00 0.00 54.09 -7.27 -46.84 -0.02 0.02 0.00 -10.67 -0.86 -1.06
 0:5:53 37.49 0 0.00000000 0.00000000 0.00 0.00 0.00 54.36 -7.45 -47.04 0.01 -0.02 -0.02 -10.79 -0.94 -0.86
 0:5:53 37.59 0 0.00000000 0.00000000 0.00 0.00 0.00 54.00 -7.36 -47.04 0.01 -0.04 -0.07 -10.98 -1.02 -0.71
 0:5:54 37.69 0 0.00000000 0.00000000 0.00 0.00 0.00 54.27 -6.82 -47.04 0.02 -0.03 -0.04 -10.79 -1.18 -0.94
 0:5:54 37.79 0 0.00000000 0.00000000 0.00 0.00 0.00 54.27 -6.09 -46.84 0.02 0.01 -0.05 -10.55 -0.86 -0.98
 0:5:54 37.89 0 0.00000000 0.00000000 0.00 0.00 0.00 54.36 -5.91 -46.73 0.01 -0.01 -0.02 -10.55 -1.10 -0.98
 0:5:54 37.99 0 0.00000000 0.00000000 0.00 0.00 0.00 54.45 -5.45 -46.73 0.01 -0.01 -0.00 -10.79 -1.06 -0.94
 0:5:54 38.09 0 0.00000000 0.00000000 0.00 0.00 0.00 54.55 -5.64 -46.94 0.00 -0.01 0.00 -10.43 -1.02 -1.02
 0:5:54 38.20 0 0.00000000 0.00000000 0.00 0.00 0.00 54.64 -5.45 -46.73 0.04 -0.01 -0.04 -10.63 -1.26 -0.82
 0:5:54 38.30 0 0.00000000 0.00000000 0.00 0.00 0.00 54.73 -5.36 -46.84 0.04 -0.01 0.03 -10.40 -1.02 -0.94
 0:5:54 38.40 0 0.00000000 0.00000000 0.00 0.00 0.00 54.27 -5.55 -46.84 0.00 0.00 0.03 -10.47 -1.14 -0.82
 0:5:54 38.50 0 0.00000000 0.00000000 0.00 0.00 0.00 54.36 -6.27 -47.45 0.06 -0.11 -0.08 -10.63 -0.47 -0.51
 0:5:54 38.60 0 0.00000000 0.00000000 0.00 0.00 0.00 53.27 -7.55 -47.55 0.22 -0.26 0.19 -10.90 -1.14 -0.51
 0:5:55 38.70 0 0.00000000 0.00000000 0.00 0.00 0.00 51.73 -9.36 -48.78 -0.08 -0.05 -0.17 -10.67 -0.63 -0.08
 0:5:55 38.80 0 0.00000000 0.00000000 0.00 0.00 0.00 52.18 -9.09 -49.08 -0.03 0.02 -0.04 -10.63 -0.71 -0.43
 0:5:55 38.90 0 0.00000000 0.00000000 0.00 0.00 0.00 52.09 -8.55 -48.78 -0.04 -0.00 -0.03 -10.71 -0.94 -0.51
 0:5:55 39.00 0 0.00000000 0.00000000 0.00 0.00 0.00 52.18 -8.36 -48.98 -0.02 -0.02 -0.03 -10.79 -0.75 -0.43
 0:5:55 39.10 0 0.00000000 0.00000000 0.00 0.00 0.00 52.27 -8.09 -49.39 0.00 0.01 -0.01 -10.51 -0.90 -0.59
 0:5:55 39.20 0 0.00000000 0.00000000 0.00 0.00 0.00 52.27 -7.91 -48.78 -0.02 0.02 -0.05 -10.59 -0.90 -0.59
 0:5:55 39.30 0 0.00000000 0.00000000 0.00 0.00 0.00 52.18 -8.00 -48.98 0.01 -0.01 -0.01 -10.87 -0.94 -0.43
 0:5:55 39.40 0 0.00000000 0.00000000 0.00 0.00 0.00 52.36 -7.82 -49.18 0.03 -0.05 0.03 -10.90 -1.14 -0.35
 0:5:55 39.50 0 0.00000000 0.00000000 0.00 0.00 0.00 52.45 -7.55 -49.18 0.02 -0.01 0.00 -10.59 -0.90 -0.55
 0:5:56 39.61 0 0.00000000 0.00000000 0.00 0.00 0.00 52.45 -7.55 -49.18 -0.00 -0.00 -0.02 -10.63 -0.94 -0.59
 0:5:56 39.71 0 0.00000000 0.00000000 0.00 0.00 0.00 52.45 -7.73 -49.18 0.00 0.01 -0.02 -10.59 -0.82 -0.39
 0:5:56 39.81 0 0.00000000 0.00000000 0.00 0.00 0.00 52.45 -7.55 -49.18 0.00 0.00 -0.00 -10.55 -0.82 -0.51
 0:5:56 39.91 0 0.00000000 0.00000000 0.00 0.00 0.00 52.36 -7.55 -49.39 -0.00 -0.00 0.00 -10.63 -0.82 -0.59
 0:5:56 40.01 0 0.00000000 0.00000000 0.00 0.00 0.00 52.45 -7.36 -49.39 0.01 -0.00 0.02 -10.63 -1.14 -0.51
 0:5:56 40.11 0 0.00000000 0.00000000 0.00 0.00 0.00 52.36 -7.36 -49.29 0.02 -0.02 -0.02 -10.71 -0.94 -0.39
 0:5:56 40.21 0 0.00000000 0.00000000 0.00 0.00 0.00 52.45 -7.09 -48.98 -0.01 -0.04 0.00 -10.79 -1.02 -0.47
 0:5:56 40.31 0 0.00000000 0.00000000 0.00 0.00 0.00 52.45 -7.09 -49.39 0.02 -0.02 0.00 -10.71 -1.33 -0.31
 0:5:56 40.41 0 0.00000000 0.00000000 0.00 0.00 0.00 52.64 -6.73 -49.29 -0.01 -0.02 0.00 -10.63 -1.02 -0.47
 0:5:56 40.51 0 0.00000000 0.00000000 0.00 0.00 0.00 52.73 -7.18 -49.59 0.02 -0.01 0.03 -10.71 -0.98 -0.47
 0:5:57 40.61 0 0.00000000 0.00000000 0.00 0.00 0.00 52.45 -7.18 -48.88 -0.00 -0.01 0.00 -10.87 -1.10 -0.43
 0:5:57 40.75 0 0.00000000 0.00000000 0.00 0.00 0.00 52.36 -6.91 -49.39 0.01 -0.03 0.01 -10.87 -1.06 -0.43
 0:5:57 40.89 0 0.00000000 0.00000000 0.00 0.00 0.00 52.36 -6.91 -48.98 0.01 -0.02 0.00 -10.79 -1.06 -0.47
 0:5:57 41.02 0 0.00000000 0.00000000 0.00 0.00 0.00 52.27 -6.91 -49.29 0.02 -0.01 0.01 -10.71 -1.06 -0.51
 0:5:57 41.16 0 0.00000000 0.00000000 0.00 0.00 0.00 52.64 -6.82 -49.18 0.00 -0.01 -0.00 -10.67 -0.94 -0.51
 0:5:57 41.26 0 0.00000000 0.00000000 0.00 0.00 0.00 52.36 -6.82 -49.18 -0.01 -0.00 -0.01 -10.67 -0.94 -0.55
 0:5:57 41.36 0 0.00000000 0.00000000 0.00 0.00 0.00 52.64 -6.91 -49.39 0.01 -0.02 0.00 -10.94 -0.98 -0.43
 0:5:57 41.46 0 0.00000000 0.00000000 0.00 0.00 0.00 52.55 -6.82 -49.29 0.01 -0.02 0.01 -10.79 -0.94 -0.59
 0:5:57 41.56 0 0.00000000 0.00000000 0.00 0.00 0.00 52.64 -6.64 -49.29 -0.00 -0.01 -0.02 -10.67 -0.98 -0.51
 0:5:58 41.66 0 0.00000000 0.00000000 0.00 0.00 0.00 52.55 -6.73 -49.39 0.01 -0.01 -0.01 -10.67 -1.10 -0.47
 0:5:58 41.77 0 0.00000000 0.00000000 0.00 0.00 0.00 52.64 -6.73 -49.39 0.01 -0.02 0.01 -10.67 -1.06 -0.63
 0:5:58 41.87 0 0.00000000 0.00000000 0.00 0.00 0.00 52.36 -6.27 -49.29 0.01 -0.02 0.01 -10.67 -1.02 -0.47
 0:5:58 41.97 0 0.00000000 0.00000000 0.00 0.00 0.00 52.45 -6.91 -49.18 0.02 -0.02 0.00 -10.71 -0.98 -0.47
 0:5:58 42.07 0 0.00000000 0.00000000 0.00 0.00 0.00 52.91 -6.36 -49.08 0.01 -0.02 -0.00 -10.55 -1.14 -0.47
 0:5:58 42.17 0 0.00000000 0.00000000 0.00 0.00 0.00 52.27 -6.64 -49.29 0.00 -0.02 -0.02 -10.71 -0.94 -0.47
 0:5:58 42.27 0 0.00000000 0.00000000 0.00 0.00 0.00 52.45 -6.64 -49.49 0.01 -0.01 -0.00 -10.71 -1.02 -0.47
 0:5:58 42.37 0 0.00000000 0.00000000 0.00 0.00 0.00 52.27 -6.27 -49.39 0.01 -0.00 -0.00 -10.63 -0.98 -0.39
 0:5:58 42.47 0 0.00000000 0.00000000 0.00 0.00 0.00 52.64 -6.27 -49.08 -0.00 -0.01 -0.02 -10.59 -1.02 -0.51
 0:5:58 42.57 0 0.00000000 0.00000000 0.00 0.00 0.00 52.82 -6.27 -49.49 -0.00 0.00 -0.01 -10.43 -0.98 -0.51
 0:5:59 42.67 0 0.00000000 0.00000000 0.00 0.00 0.00 52.45 -6.27 -49.49 -0.00 0.00 0.00 -10.63 -1.18 -0.55
 0:5:59 42.77 0 0.00000000 0.00000000 0.00 0.00 0.00 52.64 -6.27 -49.29 0.01 -0.02 -0.00 -10.67 -1.02 -0.51
 0:5:59 42.87 0 0.00000000 0.00000000 0.00 0.00 0.00 52.73 -6.36 -49.18 0.02 -0.01 -0.01 -10.67 -1.10 -0.47
 0:5:59 42.97 0 0.00000000 0.00000000 0.00 0.00 0.00 52.55 -6.09 -49.29 0.02 0.00 -0.00 -10.59 -1.06 -0.39
 0:5:59 43.07 0 0.00000000 0.00000000 0.00 0.00 0.00 52.82 -5.82 -49.29 0.01 -0.01 0.01 -10.63 -1.14 -0.51
 0:5:59 43.17 0 0.00000000 0.00000000 0.00 0.00 0.00 52.73 -6.09 -49.39 0.02 -0.02 0.02 -10.87 -1.10 -0.51
 0:5:59 43.28 0 0.00000000 0.00000000 0.00 0.00 0.00 52.64 -5.91 -49.39 0.02 -0.02 0.01 -10.67 -1.14 -0.43
 0:5:59 43.38 0 0.00000000 0.00000000 0.00 0.00 0.00 52.64 -5.73 -49.59 0.02 -0.02 -0.00 -10.63 -0.94 -0.47
 0:5:59 43.48 0 0.00000000 0.00000000 0.00 0.00 0.00 52.73 -6.36 -49.49 0.01 -0.01 -0.00 -10.67 -1.02 -0.51
 0:5:59 43.58 0 0.00000000 0.00000000 0.00 0.00 0.00 52.55 -5.91 -49.59 0.01 -0.02 0.00 -10.83 -1.14 -0.39
 0:6:0 43.68 0 0.00000000 0.00000000 0.00 0.00 0.00 52.73 -5.64 -49.49 0.01 -0.01 0.01 -10.67 -0.98 -0.47
 0:6:0 43.78 0 0.00000000 0.00000000 0.00 0.00 0.00 52.73 -5.82 -49.69 0.01 -0.01 0.01 -10.75 -1.10 -0.43
 0:6:0 43.88 0 0.00000000 0.00000000 0.00 0.00 0.00 52.82 -5.82 -49.80 0.01 -0.01 0.00 -10.67 -1.02 -0.43
 0:6:0 43.98 0 0.00000000 0.00000000 0.00 0.00 0.00 52.73 -6.09 -49.59 0.02 -0.01 0.01 -10.79 -0.98 -0.39
 0:6:0 44.08 0 0.00000000 0.00000000 0.00 0.00 0.00 52.82 -5.91 -49.69 0.01 -0.01 0.01 -10.59 -1.10 -0.39
 0:6:0 44.18 0 0.00000000 0.00000000 0.00 0.00 0.00 52.73 -6.00 -49.49 0.00 0.00 -0.01 -10.67 -1.10 -0.55
 0:6:0 44.28 0 0.00000000 0.00000000 0.00 0.00 0.00 52.64 -5.73 -49.69 -0.00 0.00 -0.02 -10.63 -1.10 -0.55
 0:6:0 44.38 0 0.00000000 0.00000000 0.00 0.00 0.00 52.82 -5.64 -49.59 0.01 -0.01 0.00 -10.71 -1.10 -0.63
 0:6:0 44.48 0 0.00000000 0.00000000 0.00 0.00 0.00 52.36 -5.82 -49.59 0.01 -0.00 -0.01 -10.59 -1.10 -0.43
 0:6:0 44.58 0 0.00000000 0.00000000 0.00 0.00 0.00 52.45 -5.82 -49.69 0.01 -0.02 0.02 -10.79 -1.18 -0.43
 0:6:1 44.69 0 0.00000000 0.00000000 0.00 0.00 0.00 52.55 -5.64 -49.69 0.02 -0.03 0.02 -10.75 -1.14 -0.47
 0:6:1 44.79 0 0.00000000 0.00000000 0.00 0.00 0.00 52.64 -6.00 -49.80 0.00 -0.03 0.00 -10.87 -1.14 -0.31
 0:6:1 44.89 0 0.00000000 0.00000000 0.00 0.00 0.00 52.55 -5.55 -49.59 0.02 -0.01 0.05 -10.75 -1.26 -0.51
 0:6:1 44.99 0 0.00000000 0.00000000 0.00 0.00 0.00 52.64 -5.82 -49.69 0.01 -0.01 0.02 -10.79 -1.14 -0.47
 0:6:1 45.09 0 0.00000000 0.00000000 0.00 0.00 0.00 52.64 -5.36 -49.90 0.01 -0.00 0.02 -10.75 -1.02 -0.47
 0:6:1 45.19 0 0.00000000 0.00000000 0.00 0.00 0.00 52.45 -5.45 -49.49 0.01 0.01 0.01 -10.67 -1.10 -0.39
 0:6:1 45.29 0 0.00000000 0.00000000 0.00 0.00 0.00 52.82 -5.55 -49.69 0.02 -0.00 0.01 -10.59 -1.22 -0.47
 0:6:1 45.39 0 0.00000000 0.00000000 0.00 0.00 0.00 52.55 -5.82 -49.59 0.02 -0.02 0.01 -10.71 -1.26 -0.55
 0:6:1 45.49 0 0.00000000 0.00000000 0.00 0.00 0.00 52.55 -5.73 -49.69 0.03 -0.02 0.01 -10.63 -1.22 -0.51
 0:6:2 45.59 0 0.00000000 0.00000000 0.00 0.00 0.00 52.73 -5.82 -49.90 0.02 -0.01 0.02 -10.83 -1.29 -0.35
 0:6:2 45.69 0 0.00000000 0.00000000 0.00 0.00 0.00 52.55 -5.91 -49.90 0.00 -0.03 -0.00 -10.90 -1.18 -0.27
 0:6:2 45.79 0 0.00000000 0.00000000 0.00 0.00 0.00 52.36 -5.36 -49.69 0.31 -0.50 -0.26 -14.36 -1.14 3.77
 0:6:2 45.89 0 0.00000000 0.00000000 0.00 0.00 0.00 41.82 3.64 -53.78 0.17 -3.23 -1.00 -10.04 -3.77 1.57
 0:6:2 46.00 0 0.00000000 0.00000000 0.00 0.00 0.00 26.73 6.18 -59.18 1.49 -3.43 1.44 -8.47 -2.24 4.16
 0:6:2 46.10 0 0.00000000 0.00000000 0.00 0.00 0.00 -4.55 -2.09 -60.10 1.28 -2.31 0.92 -5.49 0.94 4.63
 0:6:2 46.20 0 0.00000000 0.00000000 0.00 0.00 0.00 -24.36 -6.82 -55.41 0.44 -1.14 0.59 -5.49 0.27 7.45
 0:6:2 46.30 0 0.00000000 0.00000000 0.00 0.00 0.00 -31.91 -7.73 -52.14 -0.06 -1.01 0.07 -4.35 1.77 9.96
 0:6:2 46.40 0 0.00000000 0.00000000 0.00 0.00 0.00 -43.82 -7.27 -45.20 -0.30 -1.52 -0.25 -4.08 1.80 10.63
 0:6:2 46.50 0 0.00000000 0.00000000 0.00 0.00 0.00 -47.91 -6.45 -42.04 -0.33 -1.10 -0.14 -2.71 1.29 10.24
 0:6:3 46.60 0 0.00000000 0.00000000 0.00 0.00 0.00 -53.64 -5.64 -37.04 -0.16 -0.60 -0.14 -1.84 1.06 10.28
 0:6:3 46.70 0 0.00000000 0.00000000 0.00 0.00 0.00 -55.09 -6.09 -35.92 0.17 0.00 0.12 -1.26 0.59 10.24
 0:6:3 46.80 0 0.00000000 0.00000000 0.00 0.00 0.00 -55.55 -6.18 -35.71 0.09 0.07 -0.00 -1.29 0.35 10.04
 0:6:3 46.90 0 0.00000000 0.00000000 0.00 0.00 0.00 -55.91 -6.45 -35.61 0.08 -0.42 0.11 -1.06 0.86 10.08
 0:6:3 47.00 0 0.00000000 0.00000000 0.00 0.00 0.00 -56.73 -6.82 -34.80 -0.11 -0.25 -0.05 -1.37 0.90 10.12
 0:6:3 47.10 0 0.00000000 0.00000000 0.00 0.00 0.00 -57.91 -6.64 -33.06 -0.05 -0.37 0.01 -1.02 0.98 10.28
 0:6:3 47.20 0 0.00000000 0.00000000 0.00 0.00 0.00 -57.82 -6.27 -33.16 0.00 -0.01 -0.04 -1.14 0.51 10.20
 0:6:3 47.30 0 0.00000000 0.00000000 0.00 0.00 0.00 -57.91 -6.64 -32.76 0.08 -0.00 -0.00 -1.18 0.31 10.28
 0:6:3 47.40 0 0.00000000 0.00000000 0.00 0.00 0.00 -57.91 -6.45 -33.06 0.02 -0.01 0.00 -0.94 0.55 10.12
 0:6:3 47.50 0 0.00000000 0.00000000 0.00 0.00 0.00 -57.73 -7.64 -33.27 -0.68 0.06 -0.32 -2.98 -4.71 14.04
 0:6:3 47.61 0 0.00000000 0.00000000 0.00 0.00 0.00 -57.18 -8.36 -32.96 0.28 -0.01 -0.22 -1.06 0.90 10.55
 0:6:4 47.71 0 0.00000000 0.00000000 0.00 0.00 0.00 -56.82 -9.91 -32.86 -0.01 -0.02 -0.04 -0.98 0.51 10.28
 0:6:4 47.81 0 0.00000000 0.00000000 0.00 0.00 0.00 -56.82 -10.00 -32.55 -0.04 -0.02 -0.06 -0.94 0.75 10.28
 0:6:4 47.91 0 0.00000000 0.00000000 0.00 0.00 0.00 -56.73 -10.36 -32.55 -0.00 -0.01 -0.05 -1.18 0.39 10.08
 0:6:4 48.01 0 0.00000000 0.00000000 0.00 0.00 0.00 -56.64 -10.36 -32.86 0.01 -0.02 -0.03 -0.90 0.51 10.24
 0:6:4 48.11 0 0.00000000 0.00000000 0.00 0.00 0.00 -56.27 -10.73 -32.55 0.01 -0.02 -0.03 -1.02 0.55 10.20
 0:6:4 48.21 0 0.00000000 0.00000000 0.00 0.00 0.00 -56.36 -10.73 -32.76 0.01 -0.01 -0.03 -1.10 0.59 10.16
 0:6:4 48.31 0 0.00000000 0.00000000 0.00 0.00 0.00 -56.18 -11.18 -32.45 0.01 -0.01 -0.03 -1.02 0.55 10.24
 0:6:4 48.41 0 0.00000000 0.00000000 0.00 0.00 0.00 -56.45 -11.55 -32.35 0.01 -0.01 -0.03 -1.06 0.43 10.32
 0:6:4 48.51 0 0.00000000 0.00000000 0.00 0.00 0.00 -56.09 -11.27 -32.55 0.01 -0.01 -0.01 -0.98 0.51 10.32
 0:6:5 48.61 0 0.00000000 0.00000000 0.00 0.00 0.00 -56.18 -11.27 -32.76 0.01 -0.01 -0.02 -0.98 0.51 10.24
 0:6:5 48.71 0 0.00000000 0.00000000 0.00 0.00 0.00 -56.18 -11.73 -32.35 0.00 -0.02 -0.02 -0.98 0.51 10.24
 0:6:5 48.81 0 0.00000000 0.00000000 0.00 0.00 0.00 -56.09 -11.64 -32.76 0.01 -0.00 -0.01 -0.98 0.55 10.20
 0:6:5 48.91 0 0.00000000 0.00000000 0.00 0.00 0.00 -56.18 -11.91 -32.04 -0.01 -0.02 -0.02 -0.98 0.43 10.28
 0:6:5 49.02 0 0.00000000 0.00000000 0.00 0.00 0.00 -55.73 -11.91 -32.45 0.08 -0.00 -0.05 -0.98 0.67 10.32
 0:6:5 49.12 0 0.00000000 0.00000000 0.00 0.00 0.00 -55.91 -12.27 -32.76 0.22 0.02 -0.01 -0.75 0.78 10.20
 0:6:5 49.22 0 0.00000000 0.00000000 0.00 0.00 0.00 -55.82 -12.45 -32.35 -0.11 -0.03 -0.01 -1.02 1.10 10.28
 0:6:5 49.32 0 0.00000000 0.00000000 0.00 0.00 0.00 -55.82 -12.27 -32.76 0.01 -0.00 0.01 -1.10 0.55 10.24
 0:6:5 49.42 0 0.00000000 0.00000000 0.00 0.00 0.00 -55.91 -11.45 -32.96 0.01 0.00 0.15 -1.29 1.02 11.18
 0:6:5 49.52 0 0.00000000 0.00000000 0.00 0.00 0.00 -55.55 -9.36 -32.86 -1.02 -0.09 0.21 -1.10 -0.43 11.57
 0:6:6 49.62 0 0.00000000 0.00000000 0.00 0.00 0.00 -55.55 -5.18 -34.18 -2.60 0.02 0.23 -0.39 -1.73 10.24
 0:6:6 49.72 0 0.00000000 0.00000000 0.00 0.00 0.00 -52.36 9.91 -37.76 -2.90 0.33 0.09 -1.49 -3.96 8.47
 0:6:6 49.82 0 0.00000000 0.00000000 0.00 0.00 0.00 -51.09 18.91 -37.96 -2.69 0.36 -0.20 -2.00 -7.65 6.67
 0:6:6 49.92 0 0.00000000 0.00000000 0.00 0.00 0.00 -47.36 32.91 -35.31 -2.55 0.52 -0.17 -3.02 -12.47 10.20
 0:6:6 50.02 0 0.00000000 0.00000000 0.00 0.00 0.00 -45.91 40.91 -30.71 -1.72 0.18 -0.18 -1.73 -8.83 2.98
 0:6:6 50.12 0 0.00000000 0.00000000 0.00 0.00 0.00 -45.64 42.55 -28.88 -0.12 0.09 -0.04 -1.49 -9.49 3.53
 0:6:6 50.22 0 0.00000000 0.00000000 0.00 0.00 0.00 -46.00 43.36 -28.47 -0.21 0.02 -0.03 -1.37 -9.34 3.10
 0:6:6 50.32 0 0.00000000 0.00000000 0.00 0.00 0.00 -45.73 44.09 -28.06 0.09 0.05 0.02 -1.73 -9.53 3.22
 0:6:6 50.42 0 0.00000000 0.00000000 0.00 0.00 0.00 -45.36 43.82 -28.47 0.09 -0.02 0.01 -1.73 -9.53 3.14
 0:6:6 50.53 0 0.00000000 0.00000000 0.00 0.00 0.00 -45.73 43.82 -28.16 -0.08 0.01 -0.02 -1.69 -9.49 2.79
 0:6:7 50.63 0 0.00000000 0.00000000 0.00 0.00 0.00 -45.45 44.27 -27.86 -0.02 0.02 -0.00 -1.57 -9.49 2.94
 0:6:7 50.73 0 0.00000000 0.00000000 0.00 0.00 0.00 -45.64 44.45 -27.76 -0.05 -0.01 -0.03 -1.61 -9.02 3.26
 0:6:7 50.83 0 0.00000000 0.00000000 0.00 0.00 0.00 -45.45 44.27 -27.76 0.08 -0.01 -0.03 -1.61 -9.49 3.41
 0:6:7 50.93 0 0.00000000 0.00000000 0.00 0.00 0.00 -45.64 44.09 -28.27 0.14 0.02 0.02 -1.57 -9.61 2.75
 0:6:7 51.03 0 0.00000000 0.00000000 0.00 0.00 0.00 -45.91 43.36 -28.47 -0.02 0.03 0.01 -1.57 -9.38 2.71
 0:6:7 51.13 0 0.00000000 0.00000000 0.00 0.00 0.00 -45.73 43.73 -28.27 -0.08 0.01 -0.01 -1.45 -9.69 2.98
 0:6:7 51.23 0 0.00000000 0.00000000 0.00 0.00 0.00 -46.00 43.55 -28.06 -0.19 -0.00 0.00 -1.69 -9.45 2.90
 0:6:7 51.33 0 0.00000000 0.00000000 0.00 0.00 0.00 -46.00 44.36 -27.04 -0.43 -0.00 -0.00 -1.65 -9.85 2.55
 0:6:7 51.43 0 0.00000000 0.00000000 0.00 0.00 0.00 -45.73 45.18 -26.33 -0.10 0.01 0.03 -1.65 -9.61 2.79
 0:6:7 51.53 0 0.00000000 0.00000000 0.00 0.00 0.00 -45.73 45.73 -26.33 -0.16 -0.03 0.01 -1.73 -9.73 2.59
 0:6:8 51.63 0 0.00000000 0.00000000 0.00 0.00 0.00 -45.27 46.09 -25.92 -0.10 -0.02 -0.01 -1.61 -9.57 2.43
 0:6:8 51.73 0 0.00000000 0.00000000 0.00 0.00 0.00 -45.36 46.09 -25.51 -0.05 -0.01 -0.00 -1.53 -9.65 2.04
 0:6:8 51.83 0 0.00000000 0.00000000 0.00 0.00 0.00 -45.45 46.27 -25.51 -0.01 -0.00 0.01 -1.69 -9.61 2.24
 0:6:8 51.94 0 0.00000000 0.00000000 0.00 0.00 0.00 -45.36 46.09 -25.61 -0.04 -0.01 0.00 -1.61 -9.65 2.35
 0:6:8 52.04 0 0.00000000 0.00000000 0.00 0.00 0.00 -45.64 46.18 -25.71 0.05 -0.00 0.01 -1.65 -9.65 2.59
 0:6:8 52.14 0 0.00000000 0.00000000 0.00 0.00 0.00 -45.55 46.55 -25.61 0.06 -0.01 0.01 -1.65 -9.69 2.59
 0:6:8 52.24 0 0.00000000 0.00000000 0.00 0.00 0.00 -45.36 46.45 -25.20 0.02 -0.00 0.01 -1.57 -9.53 2.59
 0:6:8 52.34 0 0.00000000 0.00000000 0.00 0.00 0.00 -45.36 46.27 -25.20 -0.02 -0.01 -0.00 -1.53 -9.69 2.31
 0:6:8 52.44 0 0.00000000 0.00000000 0.00 0.00 0.00 -45.45 46.45 -25.10 -0.01 -0.01 0.00 -1.61 -9.65 2.35
 0:6:8 52.54 0 0.00000000 0.00000000 0.00 0.00 0.00 -45.45 46.45 -25.31 0.01 -0.01 0.00 -1.57 -9.65 2.28
 0:6:9 52.64 0 0.00000000 0.00000000 0.00 0.00 0.00 -45.36 46.55 -25.20 -0.03 -0.01 -0.00 -1.61 -9.69 2.35
 0:6:9 52.74 0 0.00000000 0.00000000 0.00 0.00 0.00 -45.55 46.73 -25.20 0.03 -0.01 0.00 -1.45 -9.65 2.12
 0:6:9 52.84 0 0.00000000 0.00000000 0.00 0.00 0.00 -45.45 46.64 -24.80 -0.08 -0.01 -0.00 -1.45 -9.73 1.92
 0:6:9 52.94 0 0.00000000 0.00000000 0.00 0.00 0.00 -45.36 46.91 -24.80 -0.03 -0.01 -0.00 -1.53 -9.73 2.16
 0:6:9 53.04 0 0.00000000 0.00000000 0.00 0.00 0.00 -45.55 46.82 -24.39 -0.01 -0.01 -0.00 -1.61 -9.69 2.28
 0:6:9 53.14 0 0.00000000 0.00000000 0.00 0.00 0.00 -45.45 46.91 -24.49 0.01 -0.01 0.00 -1.61 -9.81 1.96
 0:6:9 53.24 0 0.00000000 0.00000000 0.00 0.00 0.00 -45.45 46.91 -24.49 0.03 -0.02 0.01 -1.69 -9.73 2.12
 0:6:9 53.34 0 0.00000000 0.00000000 0.00 0.00 0.00 -45.64 46.82 -24.69 0.05 -0.01 0.00 -1.61 -9.69 2.08
 0:6:9 53.45 0 0.00000000 0.00000000 0.00 0.00 0.00 -45.27 47.09 -24.59 0.01 -0.01 -0.00 -1.61 -9.73 1.96
 0:6:9 53.55 0 0.00000000 0.00000000 0.00 0.00 0.00 -45.45 46.82 -24.69 0.18 0.00 0.02 -1.53 -9.73 1.92
 0:6:10 53.65 0 0.00000000 0.00000000 0.00 0.00 0.00 -45.36 45.82 -26.22 0.51 0.05 0.02 -1.57 -9.81 2.04
 0:6:10 53.75 0 0.00000000 0.00000000 0.00 0.00 0.00 -45.82 44.09 -27.96 1.32 -0.08 -0.09 -1.61 -9.38 2.79
 0:6:10 53.85 0 0.00000000 0.00000000 0.00 0.00 0.00 -47.27 35.27 -34.49 2.09 -0.02 -0.15 -1.14 -8.98 4.31
 0:6:10 53.95 0 0.00000000 0.00000000 0.00 0.00 0.00 -48.18 27.36 -38.27 3.03 -0.44 -0.19 -1.53 -6.94 8.24
 0:6:10 54.05 0 0.00000000 0.00000000 0.00 0.00 0.00 -50.18 12.18 -40.71 1.45 -0.02 -0.09 -0.86 -6.08 8.51
 0:6:10 54.15 0 0.00000000 0.00000000 0.00 0.00 0.00 -50.91 6.36 -40.61 1.59 0.01 0.01 -0.75 -2.90 9.06
 0:6:10 54.25 0 0.00000000 0.00000000 0.00 0.00 0.00 -52.00 -4.00 -39.29 1.67 0.09 -0.16 0.20 -3.69 9.85
 0:6:10 54.35 0 0.00000000 0.00000000 0.00 0.00 0.00 -52.18 -10.18 -38.16 2.01 0.17 0.03 -1.49 1.18 8.87
 0:6:10 54.45 0 0.00000000 0.00000000 0.00 0.00 0.00 -52.36 -19.64 -33.67 0.10 -0.00 -0.02 -1.53 -1.61 17.10
 0:6:10 54.55 0 0.00000000 0.00000000 0.00 0.00 0.00 -52.45 -20.00 -33.67 0.00 -0.02 -0.03 -1.06 0.55 10.32
 0:6:11 54.65 0 0.00000000 0.00000000 0.00 0.00 0.00 -52.36 -20.00 -33.57 -0.02 -0.03 -0.10 -0.31 0.31 12.98
 0:6:11 54.75 0 0.00000000 0.00000000 0.00 0.00 0.00 -51.91 -20.55 -33.47 0.01 -0.02 -0.04 -0.98 0.43 10.24
 0:6:11 54.86 0 0.00000000 0.00000000 0.00 0.00 0.00 -51.91 -20.91 -33.47 0.01 -0.01 0.00 -0.94 0.31 10.28
 0:6:11 54.96 0 0.00000000 0.00000000 0.00 0.00 0.00 -52.00 -20.64 -33.37 0.01 -0.01 0.00 -0.90 0.39 10.28
 0:6:11 55.06 0 0.00000000 0.00000000 0.00 0.00 0.00 -51.73 -20.82 -33.37 0.01 -0.01 0.00 -0.94 0.43 10.20
 0:6:11 55.16 0 0.00000000 0.00000000 0.00 0.00 0.00 -51.55 -20.82 -33.16 0.01 -0.01 0.00 -0.94 0.35 10.28
 0:6:11 55.26 0 0.00000000 0.00000000 0.00 0.00 0.00 -51.91 -20.73 -33.16 0.01 -0.02 0.00 -0.86 0.35 10.24
 0:6:11 55.36 0 0.00000000 0.00000000 0.00 0.00 0.00 -51.91 -20.55 -33.47 0.01 -0.01 0.00 -0.94 0.43 10.24
 0:6:11 55.46 0 0.00000000 0.00000000 0.00 0.00 0.00 -51.91 -20.73 -33.57 0.01 -0.01 0.01 -0.98 0.43 10.28
 0:6:11 55.56 0 0.00000000 0.00000000 0.00 0.00 0.00 -52.09 -20.91 -33.27 0.02 -0.01 0.00 -0.98 0.39 10.32
 0:6:12 55.66 0 0.00000000 0.00000000 0.00 0.00 0.00 -51.64 -20.91 -33.47 0.01 -0.01 0.00 -0.90 0.43 10.20
 0:6:12 55.76 0 0.00000000 0.00000000 0.00 0.00 0.00 -51.82 -21.27 -33.57 0.01 -0.01 0.00 -0.90 0.35 10.16
 0:6:12 55.86 0 0.00000000 0.00000000 0.00 0.00 0.00 -51.82 -20.82 -33.37 0.01 -0.01 0.00 -0.94 0.35 10.24
 0:6:12 55.96 0 0.00000000 0.00000000 0.00 0.00 0.00 -51.82 -20.91 -33.37 0.01 -0.01 0.00 -0.90 0.43 10.16
 0:6:12 56.06 0 0.00000000 0.00000000 0.00 0.00 0.00 -51.91 -21.00 -33.37 0.01 -0.01 0.00 -0.98 0.43 10.24
 0:6:12 56.16 0 0.00000000 0.00000000 0.00 0.00 0.00 -51.91 -20.64 -33.37 0.01 -0.01 0.01 -0.94 0.31 10.12
 0:6:12 56.27 0 0.00000000 0.00000000 0.00 0.00 0.00 -52.09 -20.82 -33.47 0.01 -0.00 0.00 -1.02 0.35 10.28
 0:6:12 56.40 0 0.00000000 0.00000000 0.00 0.00 0.00 -51.73 -21.00 -33.16 0.00 -0.01 0.01 -0.94 0.39 10.24
 0:6:12 56.54 0 0.00000000 0.00000000 0.00 0.00 0.00 -51.73 -20.73 -33.27 0.01 -0.01 0.00 -0.90 0.39 10.16
 0:6:12 56.68 0 0.00000000 0.00000000 0.00 0.00 0.00 -51.82 -20.82 -33.47 0.02 -0.01 0.00 -0.94 0.39 10.20
 0:6:12 56.81 0 0.00000000 0.00000000 0.00 0.00 0.00 -51.82 -20.82 -33.37 0.01 -0.01 0.00 -0.94 0.35 10.28
 0:6:12 56.92 0 0.00000000 0.00000000 0.00 0.00 0.00 -52.09 -20.91 -33.27 0.01 -0.01 0.00 -1.02 0.35 10.20
 0:6:13 57.02 0 0.00000000 0.00000000 0.00 0.00 0.00 -52.00 -20.91 -33.27 0.02 -0.01 0.00 -0.90 0.39 10.20
 0:6:13 57.12 0 0.00000000 0.00000000 0.00 0.00 0.00 -52.09 -20.73 -33.37 0.02 -0.01 0.00 -0.86 0.35 10.24
 0:6:13 57.22 0 0.00000000 0.00000000 0.00 0.00 0.00 -51.73 -20.91 -33.16 0.01 -0.01 0.00 -1.02 0.39 10.28
 0:6:13 57.32 0 0.00000000 0.00000000 0.00 0.00 0.00 -51.82 -20.82 -33.57 -0.03 -0.02 0.00 -0.98 1.22 10.63
 0:6:13 57.42 0 0.00000000 0.00000000 0.00 0.00 0.00 -51.82 -20.64 -33.37 -0.10 -0.01 -0.01 -1.37 -0.08 10.32
 0:6:13 57.52 0 0.00000000 0.00000000 0.00 0.00 0.00 -51.55 -20.55 -34.08 -0.30 0.55 -0.08 -2.04 0.12 8.87
 0:6:13 57.62 0 0.00000000 0.00000000 0.00 0.00 0.00 -47.64 -19.82 -39.80 -0.30 0.30 -0.10 -1.14 -0.39 10.83
 0:6:14 57.72 0 0.00000000 0.00000000 0.00 0.00 0.00 -46.82 -18.91 -40.41 -0.27 0.14 0.00 -1.57 -0.39 10.43
 0:6:14 57.82 0 0.00000000 0.00000000 0.00 0.00 0.00 -45.27 -16.82 -41.94 -0.50 0.20 -0.26 -1.49 -0.63 9.89
 0:6:14 57.92 0 0.00000000 0.00000000 0.00 0.00 0.00 -44.09 -15.82 -43.06 -0.25 1.39 0.20 -2.86 -3.26 14.04
 0:6:14 58.02 0 0.00000000 0.00000000 0.00 0.00 0.00 -36.73 -16.00 -48.16 0.10 0.25 -0.39 -1.92 -0.04 9.65
 0:6:14 58.12 0 0.00000000 0.00000000 0.00 0.00 0.00 -37.27 -16.55 -47.45 0.03 -0.26 0.02 -2.20 0.12 10.47
 0:6:14 58.22 0 0.00000000 0.00000000 0.00 0.00 0.00 -40.64 -14.73 -44.90 -0.41 -0.64 -0.09 -2.24 -1.29 9.81
 0:6:14 58.32 0 0.00000000 0.00000000 0.00 0.00 0.00 -44.91 -10.55 -41.53 -0.01 -0.39 0.31 -1.18 -2.71 10.47
 0:6:14 58.42 0 0.00000000 0.00000000 0.00 0.00 0.00 -46.91 -7.73 -40.31 -1.13 0.06 0.41 -1.22 -2.28 10.08
 0:6:14 58.53 0 0.00000000 0.00000000 0.00 0.00 0.00 -50.00 -0.18 -38.67 -0.74 0.24 0.66 -2.16 -3.18 10.47
 0:6:15 58.63 0 0.00000000 0.00000000 0.00 0.00 0.00 -50.36 4.27 -38.47 -0.37 0.59 0.73 -1.41 -2.98 9.22
 0:6:15 58.73 0 0.00000000 0.00000000 0.00 0.00 0.00 -48.55 11.36 -39.59 0.05 0.43 0.54 -3.84 -2.31 9.45
 0:6:15 58.83 0 0.00000000 0.00000000 0.00 0.00 0.00 -47.64 13.73 -40.41 0.14 0.71 0.34 -7.57 -1.10 9.34
 0:6:15 58.93 0 0.00000000 0.00000000 0.00 0.00 0.00 -39.27 16.45 -46.53 0.40 2.12 0.18 -10.16 -0.08 7.85
 0:6:15 59.03 0 0.00000000 0.00000000 0.00 0.00 0.00 0.00 0.00 0.00 -0.15 2.29 -0.41 -10.55 -1.96 5.69
 0:6:15 59.13 0 0.00000000 0.00000000 0.00 0.00 0.00 -5.27 11.64 -62.65 -0.05 1.85 -0.24 -10.16 -2.90 5.22
 0:6:15 59.23 0 0.00000000 0.00000000 0.00 0.00 0.00 17.73 7.27 -61.94 0.32 1.61 -0.05 -7.69 -1.65 2.31
 0:6:15 59.33 0 0.00000000 0.00000000 0.00 0.00 0.00 27.73 3.82 -59.49 0.69 1.84 0.51 -7.81 -2.20 2.86
 0:6:15 59.43 0 0.00000000 0.00000000 0.00 0.00 0.00 45.09 -12.27 -47.96 1.27 1.73 1.22 -10.59 -1.69 1.77
 0:6:15 59.53 0 0.00000000 0.00000000 0.00 0.00 0.00 49.64 -20.82 -40.10 0.83 1.34 1.47 -11.57 -0.20 0.59
 0:6:16 59.63 0 0.00000000 0.00000000 0.00 0.00 0.00 50.27 -31.64 -29.39 0.41 0.19 0.21 -11.41 0.59 -0.55
 0:6:16 59.73 0 0.00000000 0.00000000 0.00 0.00 0.00 50.45 -31.27 -28.37 0.23 -0.37 -0.36 -10.87 -0.27 -0.94
 0:6:16 59.84 0 0.00000000 0.00000000 0.00 0.00 0.00 51.00 -29.91 -29.39 0.12 -0.56 -0.61 -10.98 -0.12 -1.06
 0:6:16 59.94 0 0.00000000 0.00000000 0.00 0.00 0.00 51.91 -28.18 -30.92 0.27 -0.34 -0.18 -10.87 -0.35 -0.98
 0:6:16 60.04 0 0.00000000 0.00000000 0.00 0.00 0.00 52.09 -27.45 -32.14 0.18 -0.17 0.01 -10.63 0.00 -0.59
 0:6:16 60.14 0 0.00000000 0.00000000 0.00 0.00 0.00 50.73 -29.64 -31.94 0.50 -0.32 0.21 -11.18 -0.51 -0.94
 0:6:16 60.24 0 0.00000000 0.00000000 0.00 0.00 0.00 49.82 -31.91 -30.92 0.74 -0.56 0.13 -10.83 0.08 0.12
 0:6:16 60.34 0 0.00000000 0.00000000 0.00 0.00 0.00 47.45 -34.45 -30.31 0.69 -0.24 0.12 -10.79 -0.51 0.90
 0:6:16 60.44 0 0.00000000 0.00000000 0.00 0.00 0.00 47.00 -35.64 -29.69 0.07 0.02 0.02 -10.87 -0.43 0.55
 0:6:16 60.54 0 0.00000000 0.00000000 0.00 0.00 0.00 46.91 -36.09 -29.08 -0.06 0.20 0.02 -10.75 -0.08 0.31
 0:6:17 60.64 0 0.00000000 0.00000000 0.00 0.00 0.00 47.55 -35.82 -28.37 -0.01 0.17 0.07 -10.47 -0.27 0.12
 0:6:17 60.74 0 0.00000000 0.00000000 0.00 0.00 0.00 48.09 -36.09 -27.35 0.07 0.15 0.23 -10.94 -0.04 0.20
 0:6:17 60.84 0 0.00000000 0.00000000 0.00 0.00 0.00 47.73 -36.91 -27.04 -0.06 0.03 -0.03 -10.90 0.04 -0.08
 0:6:17 60.94 0 0.00000000 0.00000000 0.00 0.00 0.00 47.91 -36.45 -27.04 -0.03 -0.01 -0.02 -10.83 -0.04 -0.20
 0:6:17 61.04 0 0.00000000 0.00000000 0.00 0.00 0.00 48.27 -36.18 -27.04 -0.03 0.02 -0.07 -10.59 -0.08 0.00
 0:6:17 61.14 0 0.00000000 0.00000000 0.00 0.00 0.00 48.18 -36.09 -27.04 0.00 0.02 0.01 -10.71 0.08 -0.04
 0:6:17 61.24 0 0.00000000 0.00000000 0.00 0.00 0.00 48.36 -36.18 -27.14 0.01 -0.00 -0.00 -10.83 -0.08 -0.04
 0:6:17 61.34 0 0.00000000 0.00000000 0.00 0.00 0.00 48.36 -36.00 -27.45 -0.05 -0.05 -0.05 -10.79 0.08 -0.12
 0:6:17 61.45 0 0.00000000 0.00000000 0.00 0.00 0.00 48.18 -35.82 -27.35 -0.02 -0.05 -0.05 -10.87 -0.04 -0.24
 0:6:17 61.55 0 0.00000000 0.00000000 0.00 0.00 0.00 48.55 -35.55 -27.96 0.01 -0.08 -0.05 -10.71 0.20 -0.16
 0:6:18 61.65 0 0.00000000 0.00000000 0.00 0.00 0.00 48.00 -36.36 -27.86 0.23 -0.11 0.13 -10.36 0.47 -0.27
 0:6:18 61.75 0 0.00000000 0.00000000 0.00 0.00 0.00 46.82 -37.55 -26.94 1.11 -0.22 1.76 -10.24 3.45 -0.31
 0:6:18 61.85 0 0.00000000 0.00000000 0.00 0.00 0.00 28.73 -51.09 -19.18 1.84 -1.27 3.69 -9.89 4.04 1.02
 0:6:18 61.95 0 0.00000000 0.00000000 0.00 0.00 0.00 -7.82 -56.55 -7.76 1.67 0.02 3.93 -6.71 8.63 1.26
 0:6:18 62.05 0 0.00000000 0.00000000 0.00 0.00 0.00 -26.09 -51.27 -0.51 1.20 -1.15 2.74 -4.20 7.14 -1.77
 0:6:18 62.15 0 0.00000000 0.00000000 0.00 0.00 0.00 -40.91 -42.45 4.29 -0.67 -0.21 0.43 -2.71 10.63 -1.10
 0:6:18 62.25 0 0.00000000 0.00000000 0.00 0.00 0.00 -43.45 -41.18 3.16 0.35 -0.34 0.92 -3.37 7.57 -1.53
 0:6:18 62.35 0 0.00000000 0.00000000 0.00 0.00 0.00 -47.73 -38.00 4.39 0.19 -0.27 0.76 -2.35 8.55 -1.96
 0:6:18 62.45 0 0.00000000 0.00000000 0.00 0.00 0.00 -49.73 -36.45 4.90 -0.00 0.27 0.43 -1.22 9.81 -0.51
 0:6:18 62.55 0 0.00000000 0.00000000 0.00 0.00 0.00 -53.64 -32.27 5.71 0.12 -0.39 0.25 -0.78 7.53 -2.94
 0:6:19 62.65 0 0.00000000 0.00000000 0.00 0.00 0.00 -53.55 -32.55 4.29 -0.58 0.59 0.19 -1.65 10.55 -0.35
 0:6:19 62.75 0 0.00000000 0.00000000 0.00 0.00 0.00 -54.09 -31.45 -0.31 -0.07 0.13 0.69 -0.90 9.45 -0.71
 0:6:19 62.86 0 0.00000000 0.00000000 0.00 0.00 0.00 -55.09 -29.64 -1.02 -0.04 -0.13 0.11 -0.75 9.85 -0.43
 0:6:19 62.96 0 0.00000000 0.00000000 0.00 0.00 0.00 -55.18 -29.36 -0.51 0.05 -0.04 -0.04 -0.51 9.89 -0.51
 0:6:19 63.06 0 0.00000000 0.00000000 0.00 0.00 0.00 -55.18 -29.55 -0.10 0.13 -0.03 0.02 -0.75 9.92 -0.55
 0:6:19 63.16 0 0.00000000 0.00000000 0.00 0.00 0.00 -55.09 -29.73 0.20 0.07 -0.04 0.01 -0.78 10.00 -0.55
 0:6:19 63.26 0 0.00000000 0.00000000 0.00 0.00 0.00 -55.18 -29.36 0.51 0.04 -0.04 0.02 -0.59 9.96 -0.51
 0:6:19 63.36 0 0.00000000 0.00000000 0.00 0.00 0.00 -55.45 -29.27 0.41 0.02 -0.04 0.05 -0.59 9.77 -0.63
 0:6:19 63.46 0 0.00000000 0.00000000 0.00 0.00 0.00 -55.45 -29.09 0.92 0.07 -0.02 0.05 -0.55 9.89 -0.71
 0:6:19 63.56 0 0.00000000 0.00000000 0.00 0.00 0.00 -55.55 -29.00 1.02 0.02 -0.01 -0.03 -0.47 9.85 -0.59
 0:6:20 63.66 0 0.00000000 0.00000000 0.00 0.00 0.00 -55.64 -29.09 1.33 0.03 -0.00 0.01 -0.51 9.89 -0.71
 0:6:20 63.76 0 0.00000000 0.00000000 0.00 0.00 0.00 -55.73 -29.18 0.92 -0.05 -0.02 -0.03 -0.67 9.96 -0.55
 0:6:20 63.86 0 0.00000000 0.00000000 0.00 0.00 0.00 -55.45 -29.55 1.22 0.01 -0.04 -0.09 -0.51 10.12 -0.59
 0:6:20 63.96 0 0.00000000 0.00000000 0.00 0.00 0.00 -55.27 -29.45 1.33 -0.40 -0.08 -0.06 -0.59 10.12 -0.59
 0:6:20 64.06 0 0.00000000 0.00000000 0.00 0.00 0.00 -55.00 -29.55 0.20 -0.27 -0.01 -0.05 -0.59 10.00 -0.08
 0:6:20 64.16 0 0.00000000 0.00000000 0.00 0.00 0.00 -54.91 -29.73 -0.41 -0.31 -0.07 0.02 -0.94 9.26 0.43
 0:6:20 64.26 0 0.00000000 0.00000000 0.00 0.00 0.00 -54.27 -30.64 -2.65 -2.68 -0.43 -1.10 -1.80 9.26 1.92
 0:6:20 64.37 0 0.00000000 0.00000000 0.00 0.00 0.00 -50.73 -31.82 -17.76 -3.97 0.19 -0.21 -0.98 5.45 2.31
 0:6:20 64.47 0 0.00000000 0.00000000 0.00 0.00 0.00 -49.91 -27.27 -27.24 -2.69 -0.19 -0.10 -2.86 7.81 7.34
 0:6:20 64.57 0 0.00000000 0.00000000 0.00 0.00 0.00 -48.27 -16.27 -36.12 -2.64 -0.62 -0.36 -3.26 3.45 8.32
 0:6:21 64.67 0 0.00000000 0.00000000 0.00 0.00 0.00 -48.55 -3.09 -38.37 -2.63 -0.70 -0.76 -2.24 2.94 8.20
 0:6:21 64.77 0 0.00000000 0.00000000 0.00 0.00 0.00 -51.45 -1.18 -38.78 -0.58 -0.23 -0.34 -1.41 -0.27 9.61
 0:6:21 64.87 0 0.00000000 0.00000000 0.00 0.00 0.00 -53.91 -2.00 -37.55 -0.12 -0.40 -0.34 -1.22 0.63 10.51
 0:6:21 64.97 0 0.00000000 0.00000000 0.00 0.00 0.00 -55.09 -2.18 -36.84 -0.29 -0.33 -0.26 -0.90 0.00 10.47
 0:6:21 65.07 0 0.00000000 0.00000000 0.00 0.00 0.00 -55.91 -3.64 -36.53 0.13 0.11 -0.24 -0.94 0.08 10.40
 0:6:21 65.17 0 0.00000000 0.00000000 0.00 0.00 0.00 -55.91 -4.82 -36.94 0.12 0.06 -0.14 -1.14 0.08 10.28
 0:6:21 65.27 0 0.00000000 0.00000000 0.00 0.00 0.00 -55.91 -6.55 -37.35 0.01 0.16 -0.18 -1.29 0.27 10.43
 0:6:21 65.37 0 0.00000000 0.00000000 0.00 0.00 0.00 -55.73 -7.45 -37.45 -0.01 0.14 -0.23 -1.41 0.27 10.20
 0:6:21 65.47 0 0.00000000 0.00000000 0.00 0.00 0.00 -55.18 -9.55 -38.27 0.18 -0.08 0.02 -1.77 1.57 7.96
 0:6:21 65.57 0 0.00000000 0.00000000 0.00 0.00 0.00 -55.09 -10.09 -37.86 0.11 -0.05 -0.09 -1.49 0.47 9.77
 0:6:22 65.68 0 0.00000000 0.00000000 0.00 0.00 0.00 -55.09 -11.91 -37.35 0.24 -0.13 -0.10 -1.77 0.39 10.71
 0:6:22 65.78 0 0.00000000 0.00000000 0.00 0.00 0.00 -55.45 -14.09 -35.82 0.06 -0.11 -0.14 -1.41 0.94 10.32
 0:6:22 65.88 0 0.00000000 0.00000000 0.00 0.00 0.00 -55.55 -14.73 -35.71 0.05 -0.12 -0.18 -1.29 0.78 10.24
 0:6:22 65.98 0 0.00000000 0.00000000 0.00 0.00 0.00 -55.64 -15.45 -35.10 -0.04 -0.10 -0.17 -1.14 0.59 10.20
 0:6:22 66.08 0 0.00000000 0.00000000 0.00 0.00 0.00 -55.64 -16.45 -34.39 0.01 -0.03 -0.11 -0.90 0.82 10.24
 0:6:22 66.18 0 0.00000000 0.00000000 0.00 0.00 0.00 -55.36 -17.27 -34.29 0.03 -0.02 -0.12 -1.41 0.78 10.40
 0:6:22 66.28 0 0.00000000 0.00000000 0.00 0.00 0.00 -54.91 -17.27 -34.18 0.17 -0.01 -0.07 -0.86 1.18 9.92
 0:6:22 66.38 0 0.00000000 0.00000000 0.00 0.00 0.00 -54.91 -17.55 -34.18 -0.10 -0.02 -0.05 -0.39 0.71 9.53
 0:6:22 66.48 0 0.00000000 0.00000000 0.00 0.00 0.00 -54.73 -17.91 -34.18 0.01 -0.01 -0.03 -0.90 0.51 10.24
 0:6:23 66.58 0 0.00000000 0.00000000 0.00 0.00 0.00 -54.73 -17.73 -34.08 0.02 -0.01 -0.03 -0.86 0.63 10.32
 0:6:23 66.68 0 0.00000000 0.00000000 0.00 0.00 0.00 -54.45 -18.27 -34.29 0.01 -0.01 -0.03 -0.98 0.59 10.28
 0:6:23 66.79 0 0.00000000 0.00000000 0.00 0.00 0.00 -54.36 -18.18 -34.08 0.01 -0.01 -0.02 -0.98 0.51 10.20
 0:6:23 66.89 0 0.00000000 0.00000000 0.00 0.00 0.00 -54.27 -18.55 -34.18 0.01 -0.01 -0.00 -0.98 0.51 10.32
 0:6:23 66.99 0 0.00000000 0.00000000 0.00 0.00 0.00 -54.55 -18.55 -34.08 0.01 -0.01 -0.03 -0.98 0.51 10.16
 0:6:23 67.09 0 0.00000000 0.00000000 0.00 0.00 0.00 -54.00 -18.64 -34.29 0.01 -0.01 -0.02 -1.02 0.51 10.20
 0:6:23 67.19 0 0.00000000 0.00000000 0.00 0.00 0.00 -54.18 -18.73 -33.98 0.01 -0.02 -0.04 -0.94 0.47 10.51
 0:6:23 67.29 0 0.00000000 0.00000000 0.00 0.00 0.00 -54.00 -19.18 -34.08 0.02 -0.01 -0.01 -0.94 0.43 10.32
 0:6:23 67.39 0 0.00000000 0.00000000 0.00 0.00 0.00 -54.09 -19.00 -34.08 -0.11 -0.02 -0.00 -0.98 0.47 10.24
 0:6:23 67.49 0 0.00000000 0.00000000 0.00 0.00 0.00 -54.09 -18.82 -34.29 -0.13 -0.03 -0.03 -1.02 0.67 10.36
 0:6:23 67.59 0 0.00000000 0.00000000 0.00 0.00 0.00 -53.73 -19.00 -34.39 -0.00 -0.01 -0.00 -1.02 0.47 10.24
 0:6:24 67.69 0 0.00000000 0.00000000 0.00 0.00 0.00 -53.82 -19.00 -34.18 -0.00 -0.02 -0.02 -0.98 0.39 10.08
 0:6:24 67.79 0 0.00000000 0.00000000 0.00 0.00 0.00 -53.55 -19.18 -34.18 0.19 0.02 -0.03 -1.10 0.67 10.28
 0:6:24 67.89 0 0.00000000 0.00000000 0.00 0.00 0.00 -53.18 -19.64 -34.80 0.04 -0.04 0.01 -0.82 0.82 10.40
 0:6:24 67.99 0 0.00000000 0.00000000 0.00 0.00 0.00 -53.18 -19.55 -34.69 -0.04 0.05 -0.01 -1.06 0.51 10.32
 0:6:24 68.10 0 0.00000000 0.00000000 0.00 0.00 0.00 -52.91 -19.82 -34.69 0.03 0.03 -0.03 -1.18 0.35 10.12
 0:6:24 68.20 0 0.00000000 0.00000000 0.00 0.00 0.00 -52.64 -19.09 -34.90 0.02 0.02 -0.01 -1.14 0.51 10.20
 0:6:24 68.30 0 0.00000000 0.00000000 0.00 0.00 0.00 -52.09 -20.00 -35.20 0.02 -0.01 -0.09 -1.10 0.43 10.28
 