0:0:0 1.30 0 0.00000000 0.00000000 0.00 0.00 0.00 -44.36 -37.18 -34.59 0.01 -0.01 0.01 -0.86 0.31 10.24
 0:0:0 1.44 0 0.00000000 0.00000000 0.00 0.00 0.00 -44.36 -37.00 -34.69 0.01 -0.01 0.01 -0.78 0.27 10.24
 0:0:0 1.54 0 0.00000000 0.00000000 0.00 0.00 0.00 -44.27 -36.91 -34.80 0.01 -0.01 0.00 -0.86 0.31 10.28
 0:0:4 1.64 0 0.00000000 0.00000000 0.00 0.00 0.00 -44.27 -37.36 -34.69 0.01 -0.01 0.00 -0.86 0.31 10.28
 0:0:4 1.74 0 0.00000000 0.00000000 0.00 0.00 0.00 -44.45 -37.09 -34.69 0.01 -0.01 0.01 -0.82 0.27 10.28
 0:0:4 1.84 0 0.00000000 0.00000000 0.00 0.00 0.00 -44.09 -37.27 -34.29 0.01 -0.01 0.01 -0.86 0.31 10.32
 0:0:4 1.94 0 0.00000000 0.00000000 0.00 0.00 0.00 -44.45 -37.18 -34.69 0.01 -0.01 0.01 -0.90 0.31 10.20
 0:0:4 2.04 0 0.00000000 0.00000000 0.00 0.00 0.00 -44.18 -37.00 -34.69 0.01 -0.01 0.00 -0.78 0.35 10.32
 0:0:4 2.14 0 0.00000000 0.00000000 0.00 0.00 0.00 -44.27 -37.36 -34.49 0.02 -0.01 0.00 -0.86 0.39 10.28
 0:0:4 2.24 0 0.00000000 0.00000000 0.00 0.00 0.00 -44.18 -37.36 -34.59 0.01 -0.01 0.01 -0.86 0.35 10.20
 0:0:4 2.34 0 0.00000000 0.00000000 0.00 0.00 0.00 -44.36 -37.18 -34.29 0.02 -0.01 0.00 -0.78 0.35 10.28
 0:0:4 2.45 0 0.00000000 0.00000000 0.00 0.00 0.00 -44.36 -36.82 -34.69 0.01 -0.01 0.00 -0.86 0.24 10.28
 0:0:5 2.55 0 0.00000000 0.00000000 0.00 0.00 0.00 -44.55 -37.27 -34.39 0.02 -0.01 0.01 -0.82 0.27 10.20
 0:0:5 2.65 0 0.00000000 0.00000000 0.00 0.00 0.00 -44.27 -37.09 -34.90 0.02 -0.01 0.01 -0.82 0.31 10.28
 0:0:5 2.75 0 0.00000000 0.00000000 0.00 0.00 0.00 -44.45 -37.18 -34.39 0.01 -0.01 0.00 -0.82 0.27 10.24
 0:0:5 2.85 0 0.00000000 0.00000000 0.00 0.00 0.00 -44.36 -37.09 -34.49 0.01 -0.01 0.00 -0.82 0.31 10.24
 0:0:5 2.95 0 0.00000000 0.00000000 0.00 0.00 0.00 -44.36 -37.18 -34.49 0.01 -0.01 0.00 -0.86 0.35 10.20
 0:0:5 3.05 0 0.00000000 0.00000000 0.00 0.00 0.00 -44.36 -37.18 -34.49 0.02 -0.01 0.00 -0.86 0.27 10.24
 0:0:5 3.15 0 0.00000000 0.00000000 0.00 0.00 0.00 -44.27 -37.27 -34.49 0.01 -0.01 0.00 -0.90 0.31 10.20
 0:0:5 3.25 0 0.00000000 0.00000000 0.00 0.00 0.00 -44.27 -37.27 -34.49 0.01 -0.01 0.00 -0.82 0.31 10.24
 0:0:5 3.35 0 0.00000000 0.00000000 0.00 0.00 0.00 -44.45 -37.27 -34.69 0.01 -0.01 0.00 -0.86 0.35 10.28
 0:0:5 3.45 0 0.00000000 0.00000000 0.00 0.00 0.00 -44.36 -37.18 -34.59 0.01 -0.01 0.00 -0.82 0.35 10.20
 0:0:6 3.55 0 0.00000000 0.00000000 0.00 0.00 0.00 -44.55 -36.91 -34.49 0.01 -0.01 0.01 -0.86 0.24 10.20
 0:0:6 3.65 0 0.00000000 0.00000000 0.00 0.00 0.00 -44.45 -37.00 -34.49 0.01 -0.01 0.00 -0.82 0.35 10.36
 0:0:6 3.75 0 0.00000000 0.00000000 0.00 0.00 0.00 -44.45 -37.18 -34.59 0.01 -0.01 0.00 -0.78 0.35 10.28
 0:0:6 3.85 0 0.00000000 0.00000000 0.00 0.00 0.00 -44.27 -37.18 -34.59 0.02 -0.01 0.00 -0.86 0.31 10.24
 0:0:6 3.95 0 0.00000000 0.00000000 0.00 0.00 0.00 -44.18 -37.36 -34.39 0.01 -0.01 0.00 -0.86 0.35 10.12
 0:0:6 4.05 0 0.00000000 0.00000000 0.00 0.00 0.00 -44.55 -37.45 -34.59 0.01 -0.01 0.00 -0.71 0.27 10.32
 0:0:6 4.16 0 0.00000000 0.00000000 0.00 0.00 0.00 -44.36 -37.27 -34.69 0.01 -0.01 0.01 -0.90 0.27 10.20
 0:0:6 4.26 0 0.00000000 0.00000000 0.00 0.00 0.00 -44.45 -37.09 -34.39 0.02 -0.01 0.00 -0.82 0.35 10.24
 0:0:6 4.36 0 0.00000000 0.00000000 0.00 0.00 0.00 -44.27 -37.09 -34.49 0.02 -0.01 0.01 -0.90 0.31 10.28
 0:0:6 4.46 0 0.00000000 0.00000000 0.00 0.00 0.00 -44.36 -37.36 -34.69 0.01 -0.01 0.00 -0.82 0.31 10.32
 0:0:7 4.56 0 0.00000000 0.00000000 0.00 0.00 0.00 -44.36 -37.18 -34.80 0.01 -0.01 0.00 -0.86 0.31 10.32
 0:0:7 4.66 0 0.00000000 0.00000000 0.00 0.00 0.00 -44.27 -37.27 -34.18 0.01 -0.01 0.00 -0.90 0.27 10.24
 0:0:7 4.76 0 0.00000000 0.00000000 0.00 0.00 0.00 -44.55 -36.91 -34.69 0.01 -0.01 0.00 -0.78 0.31 10.24
 0:0:7 4.86 0 0.00000000 0.00000000 0.00 0.00 0.00 -44.36 -37.27 -34.59 0.02 -0.01 0.00 -0.90 0.39 10.20
 0:0:7 4.96 0 0.00000000 0.00000000 0.00 0.00 0.00 -44.64 -37.18 -34.59 0.01 -0.01 0.00 -0.90 0.35 10.28
 0:0:7 5.06 0 0.00000000 0.00000000 0.00 0.00 0.00 -44.45 -37.27 -34.49 0.01 -0.01 0.01 -0.86 0.27 10.40
 0:0:7 5.16 0 0.00000000 0.00000000 0.00 0.00 0.00 -44.36 -37.27 -34.69 0.01 -0.01 0.00 -0.86 0.27 10.28
 0:0:7 5.26 0 0.00000000 0.00000000 0.00 0.00 0.00 -44.45 -37.27 -34.59 0.01 -0.01 0.00 -0.78 0.31 10.24
 0:0:7 5.37 0 0.00000000 0.00000000 0.00 0.00 0.00 -44.45 -37.09 -34.59 0.01 -0.01 0.01 -0.86 0.31 10.32
 0:0:7 5.47 0 0.00000000 0.00000000 0.00 0.00 0.00 -44.45 -36.91 -34.59 0.01 -0.01 0.00 -0.90 0.31 10.16
 0:0:8 5.57 0 0.00000000 0.00000000 0.00 0.00 0.00 -44.36 -37.18 -34.80 0.01 -0.01 0.01 -0.86 0.35 10.16
 0:0:8 5.67 0 0.00000000 0.00000000 0.00 0.00 0.00 -44.09 -37.36 -34.80 0.01 -0.01 0.00 -0.86 0.31 10.28
 0:0:8 5.77 0 0.00000000 0.00000000 0.00 0.00 0.00 -44.45 -37.27 -34.39 0.01 -0.01 0.01 -0.86 0.31 10.16
 0:0:8 5.87 0 0.00000000 0.00000000 0.00 0.00 0.00 -44.27 -37.00 -34.59 0.02 -0.01 0.00 -0.90 0.27 10.20
 0:0:8 5.97 0 0.00000000 0.00000000 0.00 0.00 0.00 -44.09 -37.55 -34.80 0.01 -0.01 0.00 -0.86 0.31 10.28
 0:0:8 6.07 0 0.00000000 0.00000000 0.00 0.00 0.00 -44.36 -37.00 -34.39 0.01 -0.01 0.01 -0.82 0.27 10.20
 0:0:8 6.17 0 0.00000000 0.00000000 0.00 0.00 0.00 -44.45 -37.00 -34.59 0.01 -0.01 0.01 -0.86 0.39 10.20
 0:0:8 6.27 0 0.00000000 0.00000000 0.00 0.00 0.00 -44.36 -37.18 -34.49 0.02 -0.01 0.00 -0.86 0.31 10.20
 0:0:8 6.38 0 0.00000000 0.00000000 0.00 0.00 0.00 -44.27 -37.27 -34.69 0.01 -0.01 0.00 -0.82 0.35 10.24
 0:0:8 6.48 0 0.00000000 0.00000000 0.00 0.00 0.00 -44.27 -37.09 -34.29 0.01 -0.01 0.00 -0.86 0.31 10.32
 0:0:9 6.58 0 0.00000000 0.00000000 0.00 0.00 0.00 -44.64 -37.36 -34.80 0.01 -0.01 0.00 -0.90 0.31 10.24
 0:0:9 6.68 0 0.00000000 0.00000000 0.00 0.00 0.00 -44.36 -37.27 -34.69 0.01 -0.01 0.00 -0.82 0.35 10.24
 0:0:9 6.78 0 0.00000000 0.00000000 0.00 0.00 0.00 0.00 0.00 0.00 0.02 -0.01 0.00 -0.86 0.35 10.16
 0:0:9 6.88 0 0.00000000 0.00000000 0.00 0.00 0.00 -44.36 -36.82 -34.69 0.01 -0.01 0.01 -0.86 0.31 10.32
 0:0:9 6.98 0 0.00000000 0.00000000 0.00 0.00 0.00 -44.45 -37.18 -34.69 0.01 -0.01 0.00 -0.86 0.31 10.24
 0:0:9 7.08 0 0.00000000 0.00000000 0.00 0.00 0.00 -44.36 -37.36 -34.80 0.01 -0.01 0.01 -0.82 0.27 10.28
 0:0:9 7.18 0 0.00000000 0.00000000 0.00 0.00 0.00 -44.45 -37.09 -34.59 0.01 -0.01 0.00 -0.82 0.31 10.28
 0:0:9 7.28 0 0.00000000 0.00000000 0.00 0.00 0.00 -44.55 -37.18 -34.49 0.01 -0.01 0.01 -0.86 0.27 10.20
 0:0:9 7.38 0 0.00000000 0.00000000 0.00 0.00 0.00 -44.27 -37.36 -34.80 0.01 -0.01 0.00 -0.82 0.35 10.24
 0:0:9 7.48 0 0.00000000 0.00000000 0.00 0.00 0.00 -44.36 -37.18 -34.59 0.01 -0.01 0.01 -0.71 0.24 10.20
 0:0:10 7.59 0 0.00000000 0.00000000 0.00 0.00 0.00 -44.36 -37.36 -34.29 0.02 -0.01 0.00 -0.82 0.35 10.16
 0:0:10 7.69 0 0.00000000 0.00000000 0.00 0.00 0.00 -44.45 -37.27 -34.80 0.01 -0.01 0.00 -0.86 0.35 10.28
 0:0:10 7.79 0 0.00000000 0.00000000 0.00 0.00 0.00 -44.45 -36.91 -34.80 0.01 -0.01 0.00 -0.86 0.31 10.24
 0:0:10 7.89 0 0.00000000 0.00000000 0.00 0.00 0.00 -44.36 -37.18 -34.49 0.01 -0.01 0.00 -0.90 0.27 10.28
 0:0:10 7.99 0 0.00000000 0.00000000 0.00 0.00 0.00 -44.64 -37.27 -34.39 0.01 -0.01 0.00 -0.86 0.31 10.24
 0:0:10 8.09 0 0.00000000 0.00000000 0.00 0.00 0.00 -44.36 -37.27 -34.29 0.01 -0.01 0.00 -0.82 0.31 10.32
 0:0:10 8.19 0 0.00000000 0.00000000 0.00 0.00 0.00 -44.45 -37.27 -34.59 0.01 -0.01 0.00 -0.82 0.39 10.32
 0:0:10 8.29 0 0.00000000 0.00000000 0.00 0.00 0.00 -44.36 -37.18 -34.49 0.01 -0.01 0.00 -0.82 0.31 10.28
 0:0:10 8.39 0 0.00000000 0.00000000 0.00 0.00 0.00 -44.36 -37.27 -34.59 0.01 -0.01 0.01 -0.86 0.35 10.32
 0:0:10 8.50 0 0.00000000 0.00000000 0.00 0.00 0.00 -44.55 -37.27 -34.49 0.01 -0.01 0.01 -0.86 0.27 10.08
 0:0:11 8.60 0 0.00000000 0.00000000 0.00 0.00 0.00 -44.55 -37.27 -34.49 0.01 -0.01 0.01 -0.86 0.31 10.24
 0:0:11 8.70 0 0.00000000 0.00000000 0.00 0.00 0.00 -44.36 -37.09 -34.49 0.02 -0.01 0.00 -0.82 0.24 10.36
 0:0:11 8.80 0 0.00000000 0.00000000 0.00 0.00 0.00 -44.27 -37.27 -34.49 0.01 -0.01 0.00 -0.86 0.35 10.28
 0:0:11 8.90 0 0.00000000 0.00000000 0.00 0.00 0.00 -44.45 -37.18 -34.59 0.01 -0.01 0.00 -0.90 0.31 10.24
 0:0:11 9.00 0 0.00000000 0.00000000 0.00 0.00 0.00 -44.55 -37.18 -34.49 0.02 -0.01 0.00 -0.82 0.27 10.32
 0:0:11 9.10 0 0.00000000 0.00000000 0.00 0.00 0.00 -44.55 -37.36 -34.59 0.01 -0.01 0.00 -0.90 0.31 10.24
 0:0:11 9.20 0 0.00000000 0.00000000 0.00 0.00 0.00 -44.36 -37.18 -34.80 0.01 -0.01 0.00 -0.90 0.35 10.08
 0:0:11 9.30 0 0.00000000 0.00000000 0.00 0.00 0.00 -44.55 -37.36 -34.59 0.02 -0.01 0.01 -0.86 0.27 10.24
 0:0:11 9.40 0 0.00000000 0.00000000 0.00 0.00 0.00 -44.55 -37.27 -34.49 0.02 -0.01 0.00 -0.82 0.24 10.16
 0:0:11 9.51 0 0.00000000 0.00000000 0.00 0.00 0.00 -44.36 -37.45 -34.49 0.01 -0.01 0.00 -0.86 0.31 10.20
 0:0:12 9.61 0 0.00000000 0.00000000 0.00 0.00 0.00 -44.73 -37.09 -34.69 0.01 -0.01 0.00 -0.82 0.31 10.24
 0:0:12 9.71 0 0.00000000 0.00000000 0.00 0.00 0.00 -44.18 -37.09 -34.39 0.02 -0.01 0.00 -0.86 0.35 10.24
 0:0:12 9.81 0 0.00000000 0.00000000 0.00 0.00 0.00 -44.64 -37.45 -34.49 0.01 -0.01 0.00 -0.82 0.35 10.20
 0:0:12 9.91 0 0.00000000 0.00000000 0.00 0.00 0.00 -44.36 -37.00 -34.39 0.00 -0.01 0.00 -0.82 0.31 10.24
 0:0:12 10.01 0 0.00000000 0.00000000 0.00 0.00 0.00 -44.27 -37.18 -34.59 0.01 -0.01 0.00 -0.86 0.27 10.32
 0:0:12 10.11 0 0.00000000 0.00000000 0.00 0.00 0.00 -44.55 -37.27 -34.39 0.02 -0.01 0.01 -0.78 0.27 10.16
 0:0:12 10.21 0 0.00000000 0.00000000 0.00 0.00 0.00 -44.45 -37.09 -34.29 0.02 -0.01 0.01 -0.86 0.35 10.28
 0:0:12 10.31 0 0.00000000 0.00000000 0.00 0.00 0.00 -44.55 -36.91 -34.69 0.01 -0.01 0.00 -0.86 0.27 10.24
 0:0:12 10.42 0 0.00000000 0.00000000 0.00 0.00 0.00 -44.00 -37.27 -34.39 0.01 -0.01 0.00 -0.90 0.31 10.20
 0:0:12 10.52 0 0.00000000 0.00000000 0.00 0.00 0.00 -44.36 -37.00 -34.49 0.01 -0.01 0.00 -0.90 0.31 10.20
 0:0:13 10.62 0 0.00000000 0.00000000 0.00 0.00 0.00 -44.64 -37.27 -34.49 0.02 -0.01 0.01 -0.86 0.31 10.28
 0:0:13 10.72 0 0.00000000 0.00000000 0.00 0.00 0.00 -44.27 -37.36 -34.39 0.01 -0.01 0.00 -0.90 0.27 10.24
 0:0:13 10.82 0 0.00000000 0.00000000 0.00 0.00 0.00 -44.36 -37.18 -34.49 0.01 -0.01 0.00 -0.86 0.35 10.28
 0:0:13 10.92 0 0.00000000 0.00000000 0.00 0.00 0.00 -44.45 -37.09 -34.49 0.01 -0.01 0.01 -0.82 0.35 10.32
 0:0:13 11.02 0 0.00000000 0.00000000 0.00 0.00 0.00 -44.36 -37.18 -34.39 0.01 -0.01 0.00 -0.78 0.27 10.28
 0:0:13 11.12 0 0.00000000 0.00000000 0.00 0.00 0.00 -44.36 -37.27 -34.59 0.01 -0.01 0.01 -0.78 0.35 10.20
 0:0:13 11.22 0 0.00000000 0.00000000 0.00 0.00 0.00 -44.55 -37.00 -34.80 0.02 -0.01 0.00 -0.90 0.31 10.28
 0:0:13 11.32 0 0.00000000 0.00000000 0.00 0.00 0.00 -44.00 -37.00 -34.49 0.02 -0.01 0.00 -0.78 0.27 10.24
 0:0:13 11.43 0 0.00000000 0.00000000 0.00 0.00 0.00 -44.45 -37.09 -34.59 0.01 -0.01 0.00 -0.86 0.27 10.16
 0:0:14 11.53 0 0.00000000 0.00000000 0.00 0.00 0.00 -44.55 -37.18 -34.39 0.02 -0.01 0.00 -0.82 0.31 10.20
 0:0:14 11.63 0 0.00000000 0.00000000 0.00 0.00 0.00 -44.45 -37.00 -34.49 0.01 -0.01 0.01 -0.94 0.35 10.24
 