0 0 0 2.66 0.00000000 0.00000000 0.00 0.00 0.00 0.09 0.12 -0.02 0.02 -0.01 0.00 30.00 30.00 30.00 
0 0 0 2.83 0.00000000 0.00000000 0.00 0.00 0.00 0.08 0.13 0.05 0.01 -0.00 0.00 30.00 30.00 30.00 
0 0 0 2.93 0.00000000 0.00000000 0.00 0.00 0.00 0.08 0.12 -0.02 0.02 -0.01 0.00 30.00 30.00 30.00 
0 0 0 3.03 0.00000000 0.00000000 0.00 0.00 0.00 0.08 0.13 0.05 0.01 -0.00 0.00 30.00 30.00 30.00 
0 0 0 3.13 0.00000000 0.00000000 0.00 0.00 0.00 0.08 0.13 0.04 0.02 -0.01 0.00 30.00 30.00 30.00 
0 0 0 3.23 0.00000000 0.00000000 0.00 0.00 0.00 0.09 0.13 -0.02 0.02 -0.01 0.01 30.00 30.00 30.00 
0 0 0 3.34 0.00000000 0.00000000 0.00 0.00 0.00 0.08 0.13 0.03 0.01 -0.00 0.00 30.00 30.00 30.00 
0 0 0 3.44 0.00000000 0.00000000 0.00 0.00 0.00 0.07 0.13 0.09 0.01 -0.01 0.00 30.00 30.00 30.00 
0 0 0 3.54 0.00000000 0.00000000 0.00 0.00 0.00 0.08 0.13 0.05 0.01 -0.01 0.00 30.00 30.00 30.00 
0 0 0 3.64 0.00000000 0.00000000 0.00 0.00 0.00 0.09 0.11 -0.04 0.02 -0.01 0.01 30.00 30.00 30.00 
0 0 0 3.74 0.00000000 0.00000000 0.00 0.00 0.00 0.09 0.13 -0.01 0.01 -0.01 0.00 30.00 30.00 30.00 
0 0 0 3.84 0.00000000 0.00000000 0.00 0.00 0.00 0.08 0.13 0.04 0.02 -0.01 0.00 30.00 30.00 30.00 
0 0 0 3.94 0.00000000 0.00000000 0.00 0.00 0.00 0.09 0.12 -0.05 0.01 -0.01 0.00 30.00 30.00 30.00 
0 0 0 4.04 0.00000000 0.00000000 0.00 0.00 0.00 0.08 0.13 0.02 0.01 -0.01 0.01 30.00 30.00 30.00 
0 0 0 4.14 0.00000000 0.00000000 0.00 0.00 0.00 0.08 0.12 0.02 0.01 -0.00 0.00 30.00 30.00 30.00 
0 0 0 4.25 0.00000000 0.00000000 0.00 0.00 0.00 0.08 0.12 0.02 0.02 -0.01 0.00 30.00 30.00 30.00 
0 0 0 4.35 0.00000000 0.00000000 0.00 0.00 0.00 0.09 0.12 -0.01 0.01 -0.02 0.01 30.00 30.00 30.00 
0 0 0 4.45 0.00000000 0.00000000 0.00 0.00 0.00 0.08 0.13 0.02 0.01 -0.00 0.00 30.00 30.00 30.00 
0 0 0 4.55 0.00000000 0.00000000 0.00 0.00 0.00 0.08 0.13 0.02 0.01 -0.01 0.00 30.00 30.00 30.00 
0 0 0 4.65 0.00000000 0.00000000 0.00 0.00 0.00 0.09 0.13 0.01 0.02 -0.02 0.00 30.00 30.00 30.00 
0 0 0 4.75 0.00000000 0.00000000 0.00 0.00 0.00 0.08 0.13 -0.00 0.01 -0.01 0.00 30.00 30.00 30.00 
0 0 0 4.85 0.00000000 0.00000000 0.00 0.00 0.00 0.08 0.12 0.03 0.01 -0.01 0.00 30.00 30.00 30.00 
0 0 0 4.95 0.00000000 0.00000000 0.00 0.00 0.00 0.09 0.12 -0.01 0.01 -0.01 0.01 30.00 30.00 30.00 
0 0 0 5.05 0.00000000 0.00000000 0.00 0.00 0.00 0.09 0.12 -0.02 0.01 -0.01 0.01 30.00 30.00 30.00 
0 0 0 5.15 0.00000000 0.00000000 0.00 0.00 0.00 0.08 0.13 -0.01 0.01 -0.00 0.00 30.00 30.00 30.00 
0 0 0 5.25 0.00000000 0.00000000 0.00 0.00 0.00 0.09 0.13 -0.00 0.02 -0.02 0.01 30.00 30.00 30.00 
0 0 0 5.36 0.00000000 0.00000000 0.00 0.00 0.00 0.09 0.12 -0.06 0.02 -0.01 0.01 30.00 30.00 30.00 
0 0 0 5.46 0.00000000 0.00000000 0.00 0.00 0.00 0.07 0.13 0.11 -0.01 0.01 0.00 30.00 30.00 30.00 
0 0 0 5.56 0.00000000 0.00000000 0.00 0.00 0.00 0.07 0.13 0.09 0.01 -0.00 0.00 30.00 30.00 30.00 
0 0 0 5.66 0.00000000 0.00000000 0.00 0.00 0.00 0.09 0.12 -0.06 0.03 -0.02 0.01 30.00 30.00 30.00 
0 0 0 5.76 0.00000000 0.00000000 0.00 0.00 0.00 0.08 0.11 -0.02 0.01 -0.02 0.00 30.00 30.00 30.00 
0 0 0 5.87 0.00000000 0.00000000 0.00 0.00 0.00 0.08 0.13 -0.00 0.01 -0.00 0.00 30.00 30.00 30.00 
0 0 0 5.97 0.00000000 0.00000000 0.00 0.00 0.00 0.08 0.12 0.01 0.02 -0.01 0.00 30.00 30.00 30.00 
0 0 0 6.07 0.00000000 0.00000000 0.00 0.00 0.00 0.10 0.15 0.06 0.02 -0.01 0.00 30.00 30.00 30.00 
0 0 0 6.17 0.00000000 0.00000000 0.00 0.00 0.00 0.08 0.12 -0.01 0.06 -0.03 0.01 30.00 30.00 30.00 
0 0 0 6.27 0.00000000 0.00000000 0.00 0.00 0.00 0.09 0.10 -0.09 0.03 -0.02 0.00 30.00 30.00 30.00 
0 0 0 6.37 0.00000000 0.00000000 0.00 0.00 0.00 0.09 0.12 -0.11 -0.01 0.00 0.00 30.00 30.00 30.00 
0 0 0 6.47 0.00000000 0.00000000 0.00 0.00 0.00 0.09 0.12 -0.07 0.01 -0.01 0.00 30.00 30.00 30.00 
0 0 0 6.57 0.00000000 0.00000000 0.00 0.00 0.00 0.06 0.13 0.10 0.00 0.00 0.00 30.00 30.00 30.00 
0 0 0 6.67 0.00000000 0.00000000 0.00 0.00 0.00 0.09 0.13 0.04 0.02 -0.02 0.01 30.00 30.00 30.00 
0 0 0 6.77 0.00000000 0.00000000 0.00 0.00 0.00 0.07 0.13 0.03 0.03 -0.02 0.01 30.00 30.00 30.00 
0 0 0 6.88 0.00000000 0.00000000 0.00 0.00 0.00 0.08 0.12 0.01 0.01 -0.01 0.00 30.00 30.00 30.00 
0 0 0 6.98 0.00000000 0.00000000 0.00 0.00 0.00 0.09 0.12 -0.09 0.01 -0.01 0.00 30.00 30.00 30.00 
0 0 0 7.08 0.00000000 0.00000000 0.00 0.00 0.00 0.07 0.13 0.09 0.01 -0.01 0.01 30.00 30.00 30.00 
0 0 0 7.18 0.00000000 0.00000000 0.00 0.00 0.00 0.09 0.13 0.06 0.01 -0.01 0.00 30.00 30.00 30.00 
0 0 0 7.28 0.00000000 0.00000000 0.00 0.00 0.00 0.07 0.12 0.01 0.01 -0.01 0.00 30.00 30.00 30.00 
0 0 0 7.38 0.00000000 0.00000000 0.00 0.00 0.00 0.09 0.13 -0.02 0.03 -0.02 0.00 30.00 30.00 30.00 
0 0 0 7.48 0.00000000 0.00000000 0.00 0.00 0.00 0.07 0.12 0.07 -0.00 -0.00 0.00 30.00 30.00 30.00 
0 0 0 7.58 0.00000000 0.00000000 0.00 0.00 0.00 -0.03 0.27 0.85 0.05 -0.00 -0.01 30.00 30.00 30.00 
0 0 0 7.68 0.00000000 0.00000000 0.00 0.00 0.00 0.23 0.09 -0.86 -0.00 -0.01 -0.28 30.00 30.00 30.00 
0 0 0 7.78 0.00000000 0.00000000 0.00 0.00 0.00 0.04 0.18 0.35 -0.46 0.10 -0.34 30.00 30.00 30.00 
0 0 0 7.88 0.00000000 0.00000000 0.00 0.00 0.00 0.11 0.17 -0.65 -0.26 -0.14 -0.32 30.00 30.00 30.00 
0 0 0 7.98 0.00000000 0.00000000 0.00 0.00 0.00 0.09 -0.02 -0.71 -0.03 -0.08 -0.01 30.00 30.00 30.00 
0 0 0 8.09 0.00000000 0.00000000 0.00 0.00 0.00 -0.08 0.10 0.06 -0.23 -0.20 0.20 30.00 30.00 30.00 
0 0 0 8.19 0.00000000 0.00000000 0.00 0.00 0.00 -0.02 0.12 -0.10 -0.04 0.03 -0.08 30.00 30.00 30.00 
0 0 0 8.29 0.00000000 0.00000000 0.00 0.00 0.00 0.00 0.19 0.02 -0.13 0.55 -0.02 30.00 30.00 30.00 
0 0 0 8.39 0.00000000 0.00000000 0.00 0.00 0.00 0.03 0.18 -0.62 0.09 1.24 -0.24 30.00 30.00 30.00 
0 0 0 8.49 0.00000000 0.00000000 0.00 0.00 0.00 0.03 0.27 -0.60 0.14 0.70 -0.11 30.00 30.00 30.00 
0 0 0 8.59 0.00000000 0.00000000 0.00 0.00 0.00 -0.05 0.33 -0.31 0.06 0.88 -0.07 30.00 30.00 30.00 
0 0 0 8.69 0.00000000 0.00000000 0.00 0.00 0.00 -0.04 0.47 -0.16 0.20 0.95 -0.24 30.00 30.00 30.00 
0 0 0 8.79 0.00000000 0.00000000 0.00 0.00 0.00 0.00 0.56 -0.38 0.42 0.75 -0.26 30.00 30.00 30.00 
0 0 0 8.89 0.00000000 0.00000000 0.00 0.00 0.00 0.00 0.65 -0.20 0.32 0.29 -0.15 30.00 30.00 30.00 
0 0 0 8.99 0.00000000 0.00000000 0.00 0.00 0.00 0.04 0.62 -0.46 0.04 -0.03 -0.04 30.00 30.00 30.00 
0 0 0 9.09 0.00000000 0.00000000 0.00 0.00 0.00 -0.02 0.60 -0.33 0.02 -0.02 -0.01 30.00 30.00 30.00 
0 0 0 9.19 0.00000000 0.00000000 0.00 0.00 0.00 0.01 0.59 -0.42 -0.01 -0.03 -0.07 30.00 30.00 30.00 
0 0 0 9.29 0.00000000 0.00000000 0.00 0.00 0.00 -0.00 0.56 -0.45 0.03 0.16 0.00 30.00 30.00 30.00 
0 0 0 9.39 0.00000000 0.00000000 0.00 0.00 0.00 0.00 0.62 -0.36 0.03 0.05 0.05 30.00 30.00 30.00 
0 0 0 9.50 0.00000000 0.00000000 0.00 0.00 0.00 0.05 0.62 -0.50 0.05 -0.28 0.10 30.00 30.00 30.00 
0 0 0 9.60 0.00000000 0.00000000 0.00 0.00 0.00 0.08 0.59 -0.56 -0.04 -0.31 0.07 30.00 30.00 30.00 
0 0 0 9.70 0.00000000 0.00000000 0.00 0.00 0.00 0.09 0.55 -0.64 -0.15 -0.83 0.13 30.00 30.00 30.00 
0 0 0 9.80 0.00000000 0.00000000 0.00 0.00 0.00 0.04 0.42 -0.42 -0.20 -1.76 0.30 30.00 30.00 30.00 
0 0 0 9.90 0.00000000 0.00000000 0.00 0.00 0.00 0.05 0.24 -0.52 0.11 -1.30 0.24 30.00 30.00 30.00 
0 0 0 10.00 0.00000000 0.00000000 0.00 0.00 0.00 0.07 0.11 -0.30 0.31 -1.15 0.08 30.00 30.00 30.00 
0 0 0 10.10 0.00000000 0.00000000 0.00 0.00 0.00 0.12 -0.03 -0.56 0.38 -1.03 0.20 30.00 30.00 30.00 
0 0 0 10.20 0.00000000 0.00000000 0.00 0.00 0.00 0.11 -0.25 -0.13 0.33 -0.82 0.08 30.00 30.00 30.00 
0 0 0 10.31 0.00000000 0.00000000 0.00 0.00 0.00 0.08 -0.37 -0.11 0.08 -0.12 -0.17 30.00 30.00 30.00 
0 0 0 10.41 0.00000000 0.00000000 0.00 0.00 0.00 0.15 -0.23 0.74 -0.31 0.52 -0.31 30.00 30.00 30.00 
0 0 0 10.51 0.00000000 0.00000000 0.00 0.00 0.00 0.03 -0.22 0.72 -0.28 -0.11 -0.05 30.00 30.00 30.00 
0 0 0 10.61 0.00000000 0.00000000 0.00 0.00 0.00 0.06 -0.28 -0.03 -0.17 -0.19 0.04 30.00 30.00 30.00 
0 0 0 10.71 0.00000000 0.00000000 0.00 0.00 0.00 0.04 -0.24 0.09 -0.11 -0.05 -0.01 30.00 30.00 30.00 
0 0 0 10.81 0.00000000 0.00000000 0.00 0.00 0.00 0.03 -0.24 0.04 -0.07 0.07 0.03 30.00 30.00 30.00 
0 0 0 10.92 0.00000000 0.00000000 0.00 0.00 0.00 0.02 -0.21 0.14 -0.07 0.36 0.01 30.00 30.00 30.00 
0 0 0 11.02 0.00000000 0.00000000 0.00 0.00 0.00 0.02 -0.16 0.17 -0.08 0.94 -0.05 30.00 30.00 30.00 
0 0 0 11.12 0.00000000 0.00000000 0.00 0.00 0.00 -0.03 -0.03 0.15 -0.02 1.21 -0.14 30.00 30.00 30.00 
0 0 0 11.22 0.00000000 0.00000000 0.00 0.00 0.00 0.00 0.24 1.30 -0.10 2.07 -0.20 30.00 30.00 30.00 
0 0 0 11.32 0.00000000 0.00000000 0.00 0.00 0.00 0.03 0.40 -0.56 -0.13 2.31 -0.16 30.00 30.00 30.00 
0 0 0 11.42 0.00000000 0.00000000 0.00 0.00 0.00 -0.02 0.47 -0.47 0.09 1.51 0.08 30.00 30.00 30.00 
0 0 0 11.52 0.00000000 0.00000000 0.00 0.00 0.00 -0.02 0.47 -0.54 0.31 0.48 0.08 30.00 30.00 30.00 
0 0 0 11.63 0.00000000 0.00000000 0.00 0.00 0.00 0.01 0.63 -0.48 0.12 -0.04 -0.08 30.00 30.00 30.00 
0 0 0 11.76 0.00000000 0.00000000 0.00 0.00 0.00 -0.03 0.71 -0.13 -0.07 -0.46 -0.05 30.00 30.00 30.00 
0 0 0 11.90 0.00000000 0.00000000 0.00 0.00 0.00 -0.00 0.56 -0.56 -0.01 0.48 -0.04 30.00 30.00 30.00 
0 0 0 12.03 0.00000000 0.00000000 0.00 0.00 0.00 0.04 0.66 -0.64 0.03 -0.65 0.08 30.00 30.00 30.00 
0 0 0 12.17 0.00000000 0.00000000 0.00 0.00 0.00 0.02 0.58 -0.61 0.09 0.11 0.03 30.00 30.00 30.00 
0 0 0 12.27 0.00000000 0.00000000 0.00 0.00 0.00 0.01 0.59 -0.48 -0.01 0.05 0.02 30.00 30.00 30.00 
0 0 0 12.37 0.00000000 0.00000000 0.00 0.00 0.00 0.03 0.58 -0.55 0.01 -0.08 -0.02 30.00 30.00 30.00 
0 0 0 12.47 0.00000000 0.00000000 0.00 0.00 0.00 0.03 0.56 -0.60 -0.07 -0.18 0.03 30.00 30.00 30.00 
0 0 0 12.57 0.00000000 0.00000000 0.00 0.00 0.00 0.00 0.49 -0.58 -0.17 -1.11 -0.02 30.00 30.00 30.00 
0 0 0 12.68 0.00000000 0.00000000 0.00 0.00 0.00 -0.01 0.39 -0.68 -0.38 -1.60 -0.07 30.00 30.00 30.00 
0 0 0 12.78 0.00000000 0.00000000 0.00 0.00 0.00 -0.05 0.37 -0.52 -0.36 -1.82 0.21 30.00 30.00 30.00 
0 0 0 12.88 0.00000000 0.00000000 0.00 0.00 0.00 -0.12 0.04 -0.53 -0.02 -1.17 0.27 30.00 30.00 30.00 
0 0 0 12.98 0.00000000 0.00000000 0.00 0.00 0.00 -0.10 0.03 0.03 0.60 -1.58 0.06 30.00 30.00 30.00 
0 0 0 13.08 0.00000000 0.00000000 0.00 0.00 0.00 -0.09 -0.10 -0.05 0.45 -1.18 0.10 30.00 30.00 30.00 
0 0 0 13.18 0.00000000 0.00000000 0.00 0.00 0.00 -0.02 -0.18 0.02 0.14 -0.55 0.05 30.00 30.00 30.00 
0 0 0 13.28 0.00000000 0.00000000 0.00 0.00 0.00 -0.01 -0.17 0.27 -0.23 0.01 -0.01 30.00 30.00 30.00 
0 0 0 13.38 0.00000000 0.00000000 0.00 0.00 0.00 -0.06 -0.13 0.67 -0.16 0.02 -0.06 30.00 30.00 30.00 
0 0 0 13.48 0.00000000 0.00000000 0.00 0.00 0.00 -0.04 -0.22 -0.12 0.07 -0.18 -0.01 30.00 30.00 30.00 
0 0 0 13.58 0.00000000 0.00000000 0.00 0.00 0.00 -0.03 -0.19 0.07 0.08 -0.08 -0.03 30.00 30.00 30.00 
0 0 0 13.68 0.00000000 0.00000000 0.00 0.00 0.00 -0.01 -0.18 0.14 0.02 -0.07 -0.00 30.00 30.00 30.00 
0 0 0 13.78 0.00000000 0.00000000 0.00 0.00 0.00 -0.03 -0.17 0.18 -0.04 0.11 0.02 30.00 30.00 30.00 
0 0 0 13.88 0.00000000 0.00000000 0.00 0.00 0.00 -0.04 -0.12 0.38 0.02 0.30 0.06 30.00 30.00 30.00 
0 0 0 13.98 0.00000000 0.00000000 0.00 0.00 0.00 -0.01 -0.12 -0.03 0.10 0.39 0.02 30.00 30.00 30.00 
0 0 0 14.09 0.00000000 0.00000000 0.00 0.00 0.00 -0.02 -0.01 0.15 0.01 0.63 -0.02 30.00 30.00 30.00 
0 0 0 14.19 0.00000000 0.00000000 0.00 0.00 0.00 -0.04 0.08 0.35 0.10 1.24 -0.04 30.00 30.00 30.00 
0 0 0 14.29 0.00000000 0.00000000 0.00 0.00 0.00 0.05 0.26 -0.51 0.29 1.83 -0.24 30.00 30.00 30.00 
0 0 0 14.39 0.00000000 0.00000000 0.00 0.00 0.00 0.08 0.35 -0.66 0.18 1.34 -0.26 30.00 30.00 30.00 
0 0 0 14.49 0.00000000 0.00000000 0.00 0.00 0.00 0.07 0.56 -0.59 0.07 0.29 -0.15 30.00 30.00 30.00 
0 0 0 14.59 0.00000000 0.00000000 0.00 0.00 0.00 0.00 0.61 -0.28 -0.07 -0.22 -0.02 30.00 30.00 30.00 
0 0 0 14.69 0.00000000 0.00000000 0.00 0.00 0.00 0.06 0.61 -0.58 0.14 0.09 -0.06 30.00 30.00 30.00 
0 0 0 14.79 0.00000000 0.00000000 0.00 0.00 0.00 -0.04 0.67 -0.77 0.19 0.04 0.04 30.00 30.00 30.00 
0 0 0 14.89 0.00000000 0.00000000 0.00 0.00 0.00 0.10 0.73 -0.44 0.20 0.18 -0.05 30.00 30.00 30.00 
0 0 0 14.99 0.00000000 0.00000000 0.00 0.00 0.00 0.04 0.73 -0.20 -0.04 0.20 0.01 30.00 30.00 30.00 
0 0 0 15.09 0.00000000 0.00000000 0.00 0.00 0.00 0.01 0.68 -0.26 -0.13 0.28 -0.05 30.00 30.00 30.00 
0 0 0 15.19 0.00000000 0.00000000 0.00 0.00 0.00 0.04 0.64 -0.45 0.03 0.26 0.02 30.00 30.00 30.00 
0 0 0 15.29 0.00000000 0.00000000 0.00 0.00 0.00 0.10 0.68 -0.55 0.08 0.05 -0.01 30.00 30.00 30.00 
0 0 0 15.39 0.00000000 0.00000000 0.00 0.00 0.00 0.13 0.64 -0.64 0.02 -0.05 0.08 30.00 30.00 30.00 
0 0 0 15.49 0.00000000 0.00000000 0.00 0.00 0.00 0.10 0.66 -0.57 0.06 0.11 -0.01 30.00 30.00 30.00 
0 0 0 15.60 0.00000000 0.00000000 0.00 0.00 0.00 0.09 0.67 -0.52 -0.01 -0.04 0.03 30.00 30.00 30.00 
0 0 0 15.70 0.00000000 0.00000000 0.00 0.00 0.00 0.11 0.69 -0.59 0.06 -0.02 0.01 30.00 30.00 30.00 
0 0 0 15.80 0.00000000 0.00000000 0.00 0.00 0.00 0.11 0.67 -0.60 0.04 -0.05 0.08 30.00 30.00 30.00 
0 0 0 15.90 0.00000000 0.00000000 0.00 0.00 0.00 0.09 0.66 -0.55 0.11 -0.04 0.05 30.00 30.00 30.00 
0 0 0 16.00 0.00000000 0.00000000 0.00 0.00 0.00 0.11 0.73 -0.56 0.01 -0.12 -0.01 30.00 30.00 30.00 
0 0 0 16.10 0.00000000 0.00000000 0.00 0.00 0.00 0.09 0.69 -0.50 -0.06 0.02 0.02 30.00 30.00 30.00 
0 0 0 16.20 0.00000000 0.00000000 0.00 0.00 0.00 0.09 0.64 -0.56 -0.07 -0.35 0.05 30.00 30.00 30.00 
0 0 0 16.31 0.00000000 0.00000000 0.00 0.00 0.00 0.06 0.53 -0.52 -0.09 -1.43 0.12 30.00 30.00 30.00 
0 0 0 16.41 0.00000000 0.00000000 0.00 0.00 0.00 0.04 0.44 -0.05 -0.18 -2.03 0.31 30.00 30.00 30.00 
0 0 0 16.51 0.00000000 0.00000000 0.00 0.00 0.00 -0.01 0.18 -0.23 -0.32 -0.97 0.19 30.00 30.00 30.00 
0 0 0 16.61 0.00000000 0.00000000 0.00 0.00 0.00 -0.03 0.09 0.15 -0.12 -0.81 0.18 30.00 30.00 30.00 
0 0 0 16.72 0.00000000 0.00000000 0.00 0.00 0.00 -0.08 -0.12 -0.12 0.13 -0.83 0.06 30.00 30.00 30.00 
0 0 0 16.82 0.00000000 0.00000000 0.00 0.00 0.00 -0.00 -0.13 0.06 0.17 -0.35 -0.00 30.00 30.00 30.00 
0 0 0 16.92 0.00000000 0.00000000 0.00 0.00 0.00 -0.03 -0.12 0.76 -0.17 -0.21 -0.06 30.00 30.00 30.00 
0 0 0 17.02 0.00000000 0.00000000 0.00 0.00 0.00 0.02 -0.22 -0.16 -0.23 -0.15 0.05 30.00 30.00 30.00 
0 0 0 17.12 0.00000000 0.00000000 0.00 0.00 0.00 -0.04 -0.20 0.43 -0.09 -0.10 -0.01 30.00 30.00 30.00 
0 0 0 17.23 0.00000000 0.00000000 0.00 0.00 0.00 -0.04 -0.21 0.17 0.03 0.01 0.01 30.00 30.00 30.00 
0 0 0 17.33 0.00000000 0.00000000 0.00 0.00 0.00 -0.03 -0.22 0.07 -0.00 -0.01 0.01 30.00 30.00 30.00 
0 0 0 17.43 0.00000000 0.00000000 0.00 0.00 0.00 -0.02 -0.22 -0.07 -0.05 -0.08 -0.02 30.00 30.00 30.00 
0 0 0 17.53 0.00000000 0.00000000 0.00 0.00 0.00 -0.05 -0.21 0.07 -0.09 -0.00 0.01 30.00 30.00 30.00 
0 0 0 17.63 0.00000000 0.00000000 0.00 0.00 0.00 -0.04 -0.17 0.37 -0.09 -0.08 0.03 30.00 30.00 30.00 
0 0 0 17.73 0.00000000 0.00000000 0.00 0.00 0.00 -0.06 -0.18 0.14 -0.05 0.01 0.01 30.00 30.00 30.00 
0 0 0 17.83 0.00000000 0.00000000 0.00 0.00 0.00 -0.07 -0.17 0.19 -0.01 -0.05 0.01 30.00 30.00 30.00 
0 0 0 17.93 0.00000000 0.00000000 0.00 0.00 0.00 -0.07 -0.20 -0.04 0.02 -0.07 0.05 30.00 30.00 30.00 
0 0 0 18.03 0.00000000 0.00000000 0.00 0.00 0.00 -0.06 -0.13 0.28 -0.01 0.30 -0.06 30.00 30.00 30.00 
0 0 0 18.14 0.00000000 0.00000000 0.00 0.00 0.00 -0.08 -0.10 0.28 -0.02 0.51 -0.01 30.00 30.00 30.00 
0 0 0 18.24 0.00000000 0.00000000 0.00 0.00 0.00 -0.08 -0.01 -0.05 -0.09 1.23 -0.05 30.00 30.00 30.00 
0 0 0 18.34 0.00000000 0.00000000 0.00 0.00 0.00 -0.09 0.17 0.38 -0.12 1.15 -0.20 30.00 30.00 30.00 
0 0 0 18.44 0.00000000 0.00000000 0.00 0.00 0.00 -0.08 0.21 -0.56 -0.00 1.06 -0.02 30.00 30.00 30.00 
0 0 0 18.54 0.00000000 0.00000000 0.00 0.00 0.00 -0.13 0.32 -0.10 0.16 1.10 -0.16 30.00 30.00 30.00 
0 0 0 18.65 0.00000000 0.00000000 0.00 0.00 0.00 -0.02 0.44 -0.78 0.36 1.17 0.09 30.00 30.00 30.00 
0 0 0 18.75 0.00000000 0.00000000 0.00 0.00 0.00 -0.03 0.46 -0.51 0.46 0.76 0.06 30.00 30.00 30.00 
0 0 0 18.85 0.00000000 0.00000000 0.00 0.00 0.00 0.02 0.55 -0.40 0.34 0.60 0.02 30.00 30.00 30.00 
0 0 0 18.95 0.00000000 0.00000000 0.00 0.00 0.00 0.08 0.56 -0.60 0.01 -0.04 0.06 30.00 30.00 30.00 
0 0 0 19.05 0.00000000 0.00000000 0.00 0.00 0.00 0.09 0.59 -0.64 -0.01 0.09 -0.04 30.00 30.00 30.00 
0 0 0 19.15 0.00000000 0.00000000 0.00 0.00 0.00 0.05 0.58 -0.56 -0.05 0.05 0.03 30.00 30.00 30.00 
0 0 0 19.26 0.00000000 0.00000000 0.00 0.00 0.00 0.04 0.55 -0.56 0.02 0.03 0.04 30.00 30.00 30.00 
0 0 0 19.36 0.00000000 0.00000000 0.00 0.00 0.00 0.03 0.55 -0.55 -0.01 -0.07 0.04 30.00 30.00 30.00 
0 0 0 19.46 0.00000000 0.00000000 0.00 0.00 0.00 0.12 0.58 -0.83 0.04 -0.07 0.02 30.00 30.00 30.00 
0 0 0 19.56 0.00000000 0.00000000 0.00 0.00 0.00 0.10 0.57 -0.79 0.08 0.02 0.02 30.00 30.00 30.00 
0 0 0 19.66 0.00000000 0.00000000 0.00 0.00 0.00 0.05 0.59 -0.53 0.01 -0.10 0.00 30.00 30.00 30.00 
0 0 0 19.76 0.00000000 0.00000000 0.00 0.00 0.00 0.02 0.59 -0.41 -0.02 -0.19 0.01 30.00 30.00 30.00 
0 0 0 19.86 0.00000000 0.00000000 0.00 0.00 0.00 0.04 0.49 -0.59 -0.11 -0.82 0.03 30.00 30.00 30.00 
0 0 0 19.96 0.00000000 0.00000000 0.00 0.00 0.00 -0.05 0.31 -0.44 -0.19 -2.31 -0.05 30.00 30.00 30.00 
0 0 0 20.06 0.00000000 0.00000000 0.00 0.00 0.00 -0.03 0.29 0.10 0.02 -0.77 -0.07 30.00 30.00 30.00 
0 0 0 20.17 0.00000000 0.00000000 0.00 0.00 0.00 -0.07 0.26 1.00 0.10 -1.30 0.49 30.00 30.00 30.00 
0 0 0 20.27 0.00000000 0.00000000 0.00 0.00 0.00 0.01 -0.06 -0.41 0.02 -0.35 0.24 30.00 30.00 30.00 
0 0 0 20.37 0.00000000 0.00000000 0.00 0.00 0.00 -0.04 -0.18 -0.23 -0.03 -0.02 0.09 30.00 30.00 30.00 
0 0 0 20.47 0.00000000 0.00000000 0.00 0.00 0.00 -0.03 -0.10 0.12 -0.05 -0.28 -0.04 30.00 30.00 30.00 
0 0 0 20.57 0.00000000 0.00000000 0.00 0.00 0.00 0.00 -0.09 0.16 0.02 -0.11 0.05 30.00 30.00 30.00 
0 0 0 20.67 0.00000000 0.00000000 0.00 0.00 0.00 -0.03 -0.13 0.25 0.00 0.13 -0.04 30.00 30.00 30.00 
0 0 0 20.77 0.00000000 0.00000000 0.00 0.00 0.00 -0.01 -0.15 -0.08 -0.02 -0.05 0.05 30.00 30.00 30.00 
0 0 0 20.87 0.00000000 0.00000000 0.00 0.00 0.00 -0.04 -0.14 0.23 0.01 -0.12 0.02 30.00 30.00 30.00 
0 0 0 20.97 0.00000000 0.00000000 0.00 0.00 0.00 -0.04 -0.14 0.26 -0.01 -0.12 0.05 30.00 30.00 30.00 
0 0 0 21.08 0.00000000 0.00000000 0.00 0.00 0.00 -0.04 -0.18 0.12 0.04 -0.16 -0.00 30.00 30.00 30.00 
0 0 0 21.18 0.00000000 0.00000000 0.00 0.00 0.00 -0.04 -0.13 0.47 0.01 -0.22 0.07 30.00 30.00 30.00 
0 0 0 21.28 0.00000000 0.00000000 0.00 0.00 0.00 -0.03 -0.16 0.26 0.02 -0.28 0.11 30.00 30.00 30.00 
0 0 0 21.38 0.00000000 0.00000000 0.00 0.00 0.00 -0.03 -0.20 0.11 0.10 -0.14 0.02 30.00 30.00 30.00 
0 0 0 21.48 0.00000000 0.00000000 0.00 0.00 0.00 -0.03 -0.18 0.46 0.09 -0.26 -0.01 30.00 30.00 30.00 
0 0 0 21.58 0.00000000 0.00000000 0.00 0.00 0.00 -0.02 -0.21 0.22 -0.01 -0.07 0.01 30.00 30.00 30.00 
0 0 0 21.69 0.00000000 0.00000000 0.00 0.00 0.00 -0.03 -0.23 0.20 0.06 0.03 0.01 30.00 30.00 30.00 
0 0 0 21.79 0.00000000 0.00000000 0.00 0.00 0.00 -0.01 -0.20 -0.19 -0.03 1.06 -0.23 30.00 30.00 30.00 
0 0 0 21.90 0.00000000 0.00000000 0.00 0.00 0.00 0.02 0.08 1.93 0.01 1.69 -0.18 30.00 30.00 30.00 
0 0 0 22.00 0.00000000 0.00000000 0.00 0.00 0.00 0.03 0.17 -0.49 0.18 2.45 -0.22 30.00 30.00 30.00 
0 0 0 22.10 0.00000000 0.00000000 0.00 0.00 0.00 0.04 0.40 -0.06 0.29 2.01 -0.16 30.00 30.00 30.00 
0 0 0 22.20 0.00000000 0.00000000 0.00 0.00 0.00 0.05 0.54 -0.15 0.08 0.94 0.09 30.00 30.00 30.00 
0 0 0 22.30 0.00000000 0.00000000 0.00 0.00 0.00 0.03 0.51 -0.48 -0.08 0.64 0.07 30.00 30.00 30.00 
0 0 0 22.40 0.00000000 0.00000000 0.00 0.00 0.00 0.00 0.55 -0.38 -0.06 0.39 -0.05 30.00 30.00 30.00 
0 0 0 22.50 0.00000000 0.00000000 0.00 0.00 0.00 0.14 0.62 -0.85 0.12 0.07 -0.02 30.00 30.00 30.00 
0 0 0 22.60 0.00000000 0.00000000 0.00 0.00 0.00 0.13 0.65 -0.72 0.28 0.06 0.04 30.00 30.00 30.00 
0 0 0 22.70 0.00000000 0.00000000 0.00 0.00 0.00 0.12 0.71 -0.47 0.12 -0.06 0.08 30.00 30.00 30.00 
0 0 0 22.80 0.00000000 0.00000000 0.00 0.00 0.00 0.09 0.69 -0.40 0.05 0.01 0.04 30.00 30.00 30.00 
0 0 0 22.90 0.00000000 0.00000000 0.00 0.00 0.00 0.07 0.66 -0.40 -0.10 -0.02 0.02 30.00 30.00 30.00 
0 0 0 23.01 0.00000000 0.00000000 0.00 0.00 0.00 0.07 0.64 -0.46 -0.01 0.11 0.02 30.00 30.00 30.00 
0 0 0 23.11 0.00000000 0.00000000 0.00 0.00 0.00 0.08 0.64 -0.49 0.07 -0.07 0.06 30.00 30.00 30.00 
0 0 0 23.21 0.00000000 0.00000000 0.00 0.00 0.00 0.09 0.68 -0.48 0.08 -0.03 0.00 30.00 30.00 30.00 
0 0 0 23.31 0.00000000 0.00000000 0.00 0.00 0.00 0.10 0.68 -0.47 0.01 -0.18 -0.01 30.00 30.00 30.00 
0 0 0 23.42 0.00000000 0.00000000 0.00 0.00 0.00 0.07 0.68 -0.39 0.03 0.03 0.02 30.00 30.00 30.00 
0 0 0 23.52 0.00000000 0.00000000 0.00 0.00 0.00 0.03 0.70 -0.20 -0.01 -0.02 0.02 30.00 30.00 30.00 
0 0 0 23.62 0.00000000 0.00000000 0.00 0.00 0.00 0.06 0.67 -0.36 -0.04 0.11 -0.01 30.00 30.00 30.00 
0 0 0 23.72 0.00000000 0.00000000 0.00 0.00 0.00 0.05 0.67 -0.31 0.02 0.03 0.02 30.00 30.00 30.00 
0 0 0 23.82 0.00000000 0.00000000 0.00 0.00 0.00 0.12 0.67 -0.52 0.08 0.04 0.02 30.00 30.00 30.00 
0 0 0 23.92 0.00000000 0.00000000 0.00 0.00 0.00 0.12 0.68 -0.53 0.11 0.00 0.05 30.00 30.00 30.00 
0 0 0 24.03 0.00000000 0.00000000 0.00 0.00 0.00 0.14 0.76 -0.39 0.18 0.50 0.06 30.00 30.00 30.00 
0 0 0 24.13 0.00000000 0.00000000 0.00 0.00 0.00 0.17 0.79 -0.39 0.56 1.01 0.16 30.00 30.00 30.00 
0 0 0 24.23 0.00000000 0.00000000 0.00 0.00 0.00 0.18 0.84 -0.31 0.45 0.38 0.15 30.00 30.00 30.00 
0 0 0 24.33 0.00000000 0.00000000 0.00 0.00 0.00 0.24 0.95 -0.17 -0.03 0.04 -0.06 30.00 30.00 30.00 
0 0 0 24.43 0.00000000 0.00000000 0.00 0.00 0.00 0.31 0.96 -0.30 -0.18 -0.12 -0.10 30.00 30.00 30.00 
0 0 0 24.53 0.00000000 0.00000000 0.00 0.00 0.00 0.23 0.90 -0.30 -0.13 -0.14 -0.06 30.00 30.00 30.00 
0 0 0 24.63 0.00000000 0.00000000 0.00 0.00 0.00 0.16 0.89 -0.24 -0.11 -0.07 -0.02 30.00 30.00 30.00 
0 0 0 24.73 0.00000000 0.00000000 0.00 0.00 0.00 0.15 0.88 -0.25 -0.02 -0.04 -0.03 30.00 30.00 30.00 
0 0 0 24.84 0.00000000 0.00000000 0.00 0.00 0.00 0.18 0.87 -0.32 -0.03 -0.08 0.01 30.00 30.00 30.00 
0 0 0 24.94 0.00000000 0.00000000 0.00 0.00 0.00 0.23 0.88 -0.39 -0.08 -0.13 0.01 30.00 30.00 30.00 
0 0 0 25.05 0.00000000 0.00000000 0.00 0.00 0.00 0.17 0.86 -0.34 0.03 0.06 0.00 30.00 30.00 30.00 
0 0 0 25.15 0.00000000 0.00000000 0.00 0.00 0.00 0.15 0.88 -0.24 0.04 -0.01 0.00 30.00 30.00 30.00 
0 0 0 25.25 0.00000000 0.00000000 0.00 0.00 0.00 0.17 0.85 -0.33 -0.02 -0.02 -0.01 30.00 30.00 30.00 
0 0 0 25.35 0.00000000 0.00000000 0.00 0.00 0.00 0.17 0.87 -0.30 0.04 -0.02 0.05 30.00 30.00 30.00 
0 0 0 25.45 0.00000000 0.00000000 0.00 0.00 0.00 0.19 0.84 -0.38 0.07 0.01 0.04 30.00 30.00 30.00 
0 0 0 25.55 0.00000000 0.00000000 0.00 0.00 0.00 0.24 0.83 -0.49 0.01 0.03 0.02 30.00 30.00 30.00 
0 0 0 25.65 0.00000000 0.00000000 0.00 0.00 0.00 0.25 0.88 -0.43 0.03 -0.14 0.01 30.00 30.00 30.00 
0 0 0 25.75 0.00000000 0.00000000 0.00 0.00 0.00 0.25 0.88 -0.46 -0.00 -0.17 0.01 30.00 30.00 30.00 
0 0 0 25.85 0.00000000 0.00000000 0.00 0.00 0.00 0.20 0.87 -0.35 -0.01 -0.00 -0.01 30.00 30.00 30.00 
0 0 0 25.95 0.00000000 0.00000000 0.00 0.00 0.00 0.15 0.87 -0.29 -0.01 -0.05 -0.01 30.00 30.00 30.00 
0 0 0 26.05 0.00000000 0.00000000 0.00 0.00 0.00 0.16 0.85 -0.33 0.03 0.03 0.00 30.00 30.00 30.00 
0 0 0 26.15 0.00000000 0.00000000 0.00 0.00 0.00 0.17 0.83 -0.36 0.06 -0.04 0.04 30.00 30.00 30.00 
0 0 0 26.25 0.00000000 0.00000000 0.00 0.00 0.00 0.22 0.84 -0.46 0.06 -0.11 0.03 30.00 30.00 30.00 
0 0 0 26.35 0.00000000 0.00000000 0.00 0.00 0.00 0.27 0.84 -0.57 0.08 -0.05 0.04 30.00 30.00 30.00 
0 0 0 26.45 0.00000000 0.00000000 0.00 0.00 0.00 0.25 0.84 -0.50 0.02 -0.19 0.03 30.00 30.00 30.00 
0 0 0 26.55 0.00000000 0.00000000 0.00 0.00 0.00 0.17 0.85 -0.29 -0.17 -0.87 0.03 30.00 30.00 30.00 
0 0 0 26.65 0.00000000 0.00000000 0.00 0.00 0.00 0.13 0.74 -0.17 -0.27 -1.43 0.01 30.00 30.00 30.00 
0 0 0 26.76 0.00000000 0.00000000 0.00 0.00 0.00 0.01 0.57 -0.17 -0.52 -1.73 -0.07 30.00 30.00 30.00 
0 0 0 26.86 0.00000000 0.00000000 0.00 0.00 0.00 0.02 0.43 -0.19 -0.22 -1.38 -0.03 30.00 30.00 30.00 
0 0 0 26.97 0.00000000 0.00000000 0.00 0.00 0.00 0.02 0.32 -0.15 0.01 -1.40 0.03 30.00 30.00 30.00 
0 0 0 27.07 0.00000000 0.00000000 0.00 0.00 0.00 -0.04 0.17 -0.02 -0.26 -1.59 0.36 30.00 30.00 30.00 
0 0 0 27.17 0.00000000 0.00000000 0.00 0.00 0.00 -0.03 -0.06 -0.22 -0.13 -1.15 0.36 30.00 30.00 30.00 
0 0 0 27.27 0.00000000 0.00000000 0.00 0.00 0.00 -0.03 -0.12 -0.28 -0.04 -0.57 0.10 30.00 30.00 30.00 
0 0 0 27.38 0.00000000 0.00000000 0.00 0.00 0.00 -0.04 -0.04 0.20 0.17 -0.04 -0.13 30.00 30.00 30.00 
0 0 0 27.48 0.00000000 0.00000000 0.00 0.00 0.00 0.05 -0.14 -0.59 0.00 0.35 -0.14 30.00 30.00 30.00 
0 0 0 27.58 0.00000000 0.00000000 0.00 0.00 0.00 0.09 0.06 -0.89 0.07 0.59 -0.26 30.00 30.00 30.00 
0 0 0 27.68 0.00000000 0.00000000 0.00 0.00 0.00 0.06 0.21 -0.19 0.20 0.47 0.03 30.00 30.00 30.00 
0 0 0 27.78 0.00000000 0.00000000 0.00 0.00 0.00 0.00 0.15 -0.12 0.08 0.66 0.01 30.00 30.00 30.00 
0 0 0 27.88 0.00000000 0.00000000 0.00 0.00 0.00 0.06 0.21 -0.46 0.05 -0.02 0.01 30.00 30.00 30.00 
0 0 0 27.98 0.00000000 0.00000000 0.00 0.00 0.00 0.05 0.13 -0.48 0.21 -0.19 0.27 30.00 30.00 30.00 
0 0 0 28.09 0.00000000 0.00000000 0.00 0.00 0.00 0.02 0.17 0.10 -0.18 -0.46 0.37 30.00 30.00 30.00 
0 0 0 28.19 0.00000000 0.00000000 0.00 0.00 0.00 0.55 0.43 -2.73 -0.69 0.14 0.31 30.00 30.00 30.00 
0 0 0 28.29 0.00000000 0.00000000 0.00 0.00 0.00 -0.21 0.09 0.37 0.55 -0.20 0.14 30.00 30.00 30.00 
0 0 0 28.42 0.00000000 0.00000000 0.00 0.00 0.00 0.15 0.04 -0.93 0.01 0.07 0.19 30.00 30.00 30.00 
0 0 0 28.56 0.00000000 0.00000000 0.00 0.00 0.00 0.40 0.00 -1.65 0.35 -0.16 -0.05 30.00 30.00 30.00 
0 0 0 28.69 0.00000000 0.00000000 0.00 0.00 0.00 0.02 0.09 0.41 -0.52 0.39 -0.05 30.00 30.00 30.00 
0 0 0 28.83 0.00000000 0.00000000 0.00 0.00 0.00 0.36 -0.08 -1.37 0.29 -0.22 0.04 30.00 30.00 30.00 
0 0 0 28.93 0.00000000 0.00000000 0.00 0.00 0.00 0.09 0.03 -0.11 0.11 -0.07 0.01 30.00 30.00 30.00 
0 0 0 29.03 0.00000000 0.00000000 0.00 0.00 0.00 0.16 0.02 -0.59 0.09 -0.11 0.01 30.00 30.00 30.00 
0 0 0 29.13 0.00000000 0.00000000 0.00 0.00 0.00 0.10 0.08 0.01 0.06 -0.07 0.01 30.00 30.00 30.00 
0 0 0 29.23 0.00000000 0.00000000 0.00 0.00 0.00 0.11 0.03 -0.22 0.04 -0.04 0.01 30.00 30.00 30.00 
0 0 0 29.34 0.00000000 0.00000000 0.00 0.00 0.00 0.10 0.04 -0.09 0.01 -0.01 0.00 30.00 30.00 30.00 
0 0 0 29.44 0.00000000 0.00000000 0.00 0.00 0.00 0.11 0.04 -0.18 0.00 0.01 0.00 30.00 30.00 30.00 
0 0 0 29.54 0.00000000 0.00000000 0.00 0.00 0.00 0.10 0.03 -0.12 -0.01 -0.00 0.00 30.00 30.00 30.00 
0 0 0 29.64 0.00000000 0.00000000 0.00 0.00 0.00 0.09 0.04 -0.12 0.01 -0.01 0.01 30.00 30.00 30.00 
0 0 0 29.74 0.00000000 0.00000000 0.00 0.00 0.00 0.09 0.04 -0.09 0.03 -0.02 0.00 30.00 30.00 30.00 
0 0 0 29.84 0.00000000 0.00000000 0.00 0.00 0.00 0.09 0.03 -0.10 0.02 -0.02 0.01 30.00 30.00 30.00 
0 0 0 29.94 0.00000000 0.00000000 0.00 0.00 0.00 0.09 0.05 -0.04 0.01 -0.01 0.00 30.00 30.00 30.00 
0 0 0 30.04 0.00000000 0.00000000 0.00 0.00 0.00 0.10 0.04 -0.18 0.02 -0.01 0.01 30.00 30.00 30.00 
0 0 0 30.14 0.00000000 0.00000000 0.00 0.00 0.00 0.10 0.04 -0.11 0.01 -0.01 0.00 30.00 30.00 30.00 
0 0 0 30.24 0.00000000 0.00000000 0.00 0.00 0.00 0.10 0.04 -0.10 0.02 -0.01 0.01 30.00 30.00 30.00 
0 0 0 30.34 0.00000000 0.00000000 0.00 0.00 0.00 0.10 0.04 -0.12 0.01 -0.01 0.01 30.00 30.00 30.00 
0 0 0 30.44 0.00000000 0.00000000 0.00 0.00 0.00 0.10 0.05 -0.07 0.01 -0.01 0.01 30.00 30.00 30.00 
0 0 0 30.54 0.00000000 0.00000000 0.00 0.00 0.00 0.09 0.03 -0.11 0.02 -0.02 0.00 30.00 30.00 30.00 
0 0 0 30.64 0.00000000 0.00000000 0.00 0.00 0.00 0.09 0.05 -0.01 0.01 -0.01 0.01 30.00 30.00 30.00 
0 0 0 30.75 0.00000000 0.00000000 0.00 0.00 0.00 0.09 0.05 -0.08 0.02 -0.01 0.00 30.00 30.00 30.00 
0 0 0 30.85 0.00000000 0.00000000 0.00 0.00 0.00 0.10 0.03 -0.16 0.01 -0.01 0.00 30.00 30.00 30.00 
0 0 0 30.95 0.00000000 0.00000000 0.00 0.00 0.00 0.09 0.04 -0.13 0.02 -0.01 0.00 30.00 30.00 30.00 
0 0 0 31.05 0.00000000 0.00000000 0.00 0.00 0.00 0.09 0.04 -0.12 0.01 -0.02 0.00 30.00 30.00 30.00 
0 0 0 31.15 0.00000000 0.00000000 0.00 0.00 0.00 0.10 0.05 -0.06 0.01 -0.02 0.01 30.00 30.00 30.00 
0 0 0 31.25 0.00000000 0.00000000 0.00 0.00 0.00 0.10 0.04 -0.15 0.01 -0.01 0.00 30.00 30.00 30.00 
0 0 0 31.35 0.00000000 0.00000000 0.00 0.00 0.00 0.08 0.05 -0.06 0.01 -0.00 0.00 30.00 30.00 30.00 
0 0 0 31.45 0.00000000 0.00000000 0.00 0.00 0.00 0.10 0.04 -0.14 0.03 -0.01 0.01 30.00 30.00 30.00 
0 0 0 31.55 0.00000000 0.00000000 0.00 0.00 0.00 0.10 0.04 -0.12 0.01 -0.01 0.00 30.00 30.00 30.00 
0 0 0 31.65 0.00000000 0.00000000 0.00 0.00 0.00 0.10 0.03 -0.14 0.02 -0.01 0.00 30.00 30.00 30.00 
0 0 0 31.76 0.00000000 0.00000000 0.00 0.00 0.00 0.09 0.04 -0.03 0.00 -0.01 0.00 30.00 30.00 30.00 
0 0 0 31.86 0.00000000 0.00000000 0.00 0.00 0.00 0.10 0.05 -0.06 0.02 -0.01 0.00 30.00 30.00 30.00 
0 0 0 31.96 0.00000000 0.00000000 0.00 0.00 0.00 0.09 0.05 -0.04 0.00 -0.00 0.00 30.00 30.00 30.00 
0 0 0 32.06 0.00000000 0.00000000 0.00 0.00 0.00 0.09 0.05 -0.07 0.01 -0.00 0.00 30.00 30.00 30.00 
0 0 0 32.16 0.00000000 0.00000000 0.00 0.00 0.00 0.10 0.04 -0.14 0.03 -0.01 0.00 30.00 30.00 30.00 
0 0 0 32.26 0.00000000 0.00000000 0.00 0.00 0.00 0.10 0.03 -0.17 0.02 -0.01 0.01 30.00 30.00 30.00 
0 0 0 32.36 0.00000000 0.00000000 0.00 0.00 0.00 0.10 0.04 -0.15 0.01 -0.01 0.00 30.00 30.00 30.00 
0 0 0 32.46 0.00000000 0.00000000 0.00 0.00 0.00 0.09 0.04 -0.11 0.02 -0.01 0.01 30.00 30.00 30.00 
0 0 0 32.56 0.00000000 0.00000000 0.00 0.00 0.00 0.23 0.03 -1.06 -0.05 0.04 -0.04 30.00 30.00 30.00 
0 0 0 32.67 0.00000000 0.00000000 0.00 0.00 0.00 0.06 0.04 0.01 0.08 -0.01 0.02 30.00 30.00 30.00 
0 0 0 32.77 0.00000000 0.00000000 0.00 0.00 0.00 0.00 0.05 0.27 -0.04 0.01 0.05 30.00 30.00 30.00 
0 0 0 32.87 0.00000000 0.00000000 0.00 0.00 0.00 0.18 -0.01 -0.74 0.04 -0.04 0.00 30.00 30.00 30.00 
0 0 0 32.97 0.00000000 0.00000000 0.00 0.00 0.00 0.12 0.04 -0.22 -0.01 -0.03 0.00 30.00 30.00 30.00 
0 0 0 33.07 0.00000000 0.00000000 0.00 0.00 0.00 0.09 0.06 -0.05 -0.10 0.09 0.00 30.00 30.00 30.00 
0 0 0 33.17 0.00000000 0.00000000 0.00 0.00 0.00 0.06 0.06 0.15 0.12 -0.12 0.03 30.00 30.00 30.00 
0 0 0 33.27 0.00000000 0.00000000 0.00 0.00 0.00 0.12 -0.04 -0.40 -0.10 0.03 0.15 30.00 30.00 30.00 
0 0 0 33.37 0.00000000 0.00000000 0.00 0.00 0.00 0.16 0.02 -0.58 -0.49 0.22 0.15 30.00 30.00 30.00 
0 0 0 33.47 0.00000000 0.00000000 0.00 0.00 0.00 0.01 0.08 0.29 0.12 -0.13 0.04 30.00 30.00 30.00 
0 0 0 33.57 0.00000000 0.00000000 0.00 0.00 0.00 0.05 0.08 0.28 -0.16 0.12 0.03 30.00 30.00 30.00 
0 0 0 33.67 0.00000000 0.00000000 0.00 0.00 0.00 0.03 0.05 -0.02 0.06 -0.06 0.01 30.00 30.00 30.00 
0 0 0 33.77 0.00000000 0.00000000 0.00 0.00 0.00 0.04 0.03 -0.16 -0.03 -0.00 0.01 30.00 30.00 30.00 
0 0 0 33.87 0.00000000 0.00000000 0.00 0.00 0.00 0.10 0.09 -0.28 0.01 0.07 0.00 30.00 30.00 30.00 
0 0 0 33.97 0.00000000 0.00000000 0.00 0.00 0.00 0.03 0.06 -0.02 -0.04 0.08 0.01 30.00 30.00 30.00 
0 0 0 34.07 0.00000000 0.00000000 0.00 0.00 0.00 0.04 0.05 -0.17 -0.02 0.04 0.04 30.00 30.00 30.00 
0 0 0 34.17 0.00000000 0.00000000 0.00 0.00 0.00 0.06 -0.39 -0.66 -0.02 0.01 0.06 30.00 30.00 30.00 
0 0 0 34.28 0.00000000 0.00000000 0.00 0.00 0.00 0.05 0.06 -0.26 0.02 -0.01 0.01 30.00 30.00 30.00 
