0:0:0 1.23 0 0.00000000 0.00000000 0.00 0.00 0.00 24.09 7.18 -41.22 0.03 0.01 -0.02 -1.26 0.90 10.28
 0:0:0 1.36 0 0.00000000 0.00000000 0.00 0.00 0.00 24.00 7.00 -41.63 -0.01 0.02 -0.01 -1.22 0.78 10.00
 0:0:0 1.46 0 0.00000000 0.00000000 0.00 0.00 0.00 24.18 6.73 -41.53 0.02 -0.01 -0.01 -1.18 0.82 10.28
 0:0:0 1.56 0 0.00000000 0.00000000 0.00 0.00 0.00 24.27 6.82 -41.43 0.01 -0.02 0.01 -1.22 0.90 10.16
 0:0:0 1.66 0 0.00000000 0.00000000 0.00 0.00 0.00 24.27 7.09 -41.33 0.02 -0.01 -0.01 -1.29 0.98 10.08
 0:0:0 1.76 0 0.00000000 0.00000000 0.00 0.00 0.00 24.18 7.00 -41.33 0.02 -0.01 0.01 -1.22 0.86 10.16
 0:0:0 1.86 0 0.00000000 0.00000000 0.00 0.00 0.00 24.18 6.82 -41.33 0.02 0.00 -0.02 -1.26 0.94 10.08
 0:0:0 1.96 0 0.00000000 0.00000000 0.00 0.00 0.00 24.18 6.82 -41.12 -0.01 -0.02 -0.01 -1.22 0.82 10.00
 0:0:0 2.07 0 0.00000000 0.00000000 0.00 0.00 0.00 24.18 6.91 -41.73 0.00 -0.01 0.00 -1.26 0.90 9.92
 0:0:25 2.17 0 0.00000000 0.00000000 0.00 0.00 0.00 24.27 7.18 -41.22 0.00 -0.01 0.01 -1.22 0.86 10.16
 0:0:25 2.27 0 0.00000000 0.00000000 0.00 0.00 0.00 24.36 6.73 -41.43 0.02 -0.02 0.01 -1.18 1.06 10.08
 0:0:25 2.37 0 0.00000000 0.00000000 0.00 0.00 0.00 24.36 7.00 -41.43 0.04 -0.02 0.00 -1.18 0.94 10.24
 0:0:25 2.47 0 0.00000000 0.00000000 0.00 0.00 0.00 24.18 6.64 -41.43 0.02 -0.02 0.01 -1.29 0.98 10.40
 0:0:25 2.57 0 0.00000000 0.00000000 0.00 0.00 0.00 24.36 6.91 -41.43 -0.01 0.01 -0.01 -1.18 0.94 10.20
 0:0:25 2.67 0 0.00000000 0.00000000 0.00 0.00 0.00 24.36 7.09 -41.43 -0.08 0.01 -0.02 -1.41 0.82 10.12
 0:0:25 2.77 0 0.00000000 0.00000000 0.00 0.00 0.00 24.45 8.36 -41.33 -0.34 0.12 -0.12 -1.53 0.78 10.20
 0:0:25 2.87 0 0.00000000 0.00000000 0.00 0.00 0.00 25.18 11.18 -40.82 -0.92 -0.08 -0.18 -1.45 -0.16 9.92
 0:0:25 2.97 0 0.00000000 0.00000000 0.00 0.00 0.00 22.45 19.73 -39.29 -1.83 -0.50 -0.06 -1.29 -2.24 9.49
 0:0:26 3.07 0 0.00000000 0.00000000 0.00 0.00 0.00 21.36 24.00 -37.55 -2.21 -0.57 0.39 0.20 -3.80 9.61
 0:0:26 3.17 0 0.00000000 0.00000000 0.00 0.00 0.00 20.27 34.18 -32.45 -2.53 0.89 -0.02 0.75 -4.71 7.37
 0:0:26 3.27 0 0.00000000 0.00000000 0.00 0.00 0.00 23.09 39.45 -26.53 -3.56 1.36 0.40 -2.71 -9.10 6.35
 0:0:26 3.37 0 0.00000000 0.00000000 0.00 0.00 0.00 24.91 47.73 -11.94 -1.74 -0.05 -0.44 -1.92 -9.65 5.02
 0:0:26 3.48 0 0.00000000 0.00000000 0.00 0.00 0.00 21.82 49.82 -9.59 -1.42 -0.27 -0.20 -0.67 -11.49 4.28
 0:0:26 3.58 0 0.00000000 0.00000000 0.00 0.00 0.00 19.55 52.36 -3.78 -0.79 -0.12 0.15 -1.02 -9.41 2.35
 0:0:26 3.68 0 0.00000000 0.00000000 0.00 0.00 0.00 19.82 53.36 -1.84 -0.23 -0.30 0.02 -1.57 -13.42 1.92
 0:0:26 3.78 0 0.00000000 0.00000000 0.00 0.00 0.00 19.55 54.64 -1.33 0.16 -0.18 -0.39 -0.27 -8.63 1.65
 0:0:26 3.88 0 0.00000000 0.00000000 0.00 0.00 0.00 18.27 55.09 -1.84 0.04 -0.09 -0.24 0.35 -9.57 1.92
 0:0:26 3.98 0 0.00000000 0.00000000 0.00 0.00 0.00 18.00 55.27 -1.84 -0.06 0.02 -0.11 -0.16 -9.77 2.16
 0:0:27 4.08 0 0.00000000 0.00000000 0.00 0.00 0.00 18.00 55.45 -1.84 0.02 -0.05 -0.08 -0.55 -9.85 1.84
 0:0:27 4.18 0 0.00000000 0.00000000 0.00 0.00 0.00 17.45 55.45 -1.12 -0.01 -0.01 0.01 -0.20 -9.92 1.65
 0:0:27 4.28 0 0.00000000 0.00000000 0.00 0.00 0.00 16.91 55.45 -1.33 0.01 0.02 0.06 -0.20 -9.85 1.88
 0:0:27 4.38 0 0.00000000 0.00000000 0.00 0.00 0.00 17.18 55.55 -1.63 -0.07 0.02 0.01 -0.20 -9.41 1.88
 0:0:27 4.48 0 0.00000000 0.00000000 0.00 0.00 0.00 17.00 55.55 -0.92 -0.05 -0.02 -0.04 -0.35 -9.77 1.80
 0:0:27 4.58 0 0.00000000 0.00000000 0.00 0.00 0.00 16.82 55.73 -0.82 -0.02 -0.04 -0.04 -0.04 -9.81 1.84
 0:0:27 4.68 0 0.00000000 0.00000000 0.00 0.00 0.00 16.82 55.82 -0.82 0.05 -0.00 -0.00 -0.04 -9.61 1.84
 0:0:27 4.78 0 0.00000000 0.00000000 0.00 0.00 0.00 16.73 55.82 -1.22 0.07 0.01 -0.03 0.04 -9.73 1.88
 0:0:27 4.89 0 0.00000000 0.00000000 0.00 0.00 0.00 16.73 55.73 -1.22 -0.00 0.01 -0.04 -0.31 -9.89 1.92
 0:0:27 4.99 0 0.00000000 0.00000000 0.00 0.00 0.00 17.00 56.00 -1.22 -0.04 0.01 0.03 -0.24 -9.81 1.77
 0:0:28 5.09 0 0.00000000 0.00000000 0.00 0.00 0.00 16.64 55.91 -1.33 0.02 -0.01 -0.02 0.04 -9.77 1.77
 0:0:28 5.19 0 0.00000000 0.00000000 0.00 0.00 0.00 16.45 56.00 -1.33 0.02 -0.01 0.00 0.00 -9.96 1.88
 0:0:28 5.29 0 0.00000000 0.00000000 0.00 0.00 0.00 16.36 56.00 -1.22 -0.01 -0.03 -0.04 -0.04 -9.53 1.88
 0:0:28 5.39 0 0.00000000 0.00000000 0.00 0.00 0.00 16.73 55.91 -1.12 0.00 -0.03 0.01 0.00 -9.81 1.65
 0:0:28 5.49 0 0.00000000 0.00000000 0.00 0.00 0.00 16.73 56.27 -0.92 0.04 -0.02 -0.01 0.08 -9.96 1.77
 0:0:28 5.59 0 0.00000000 0.00000000 0.00 0.00 0.00 16.45 56.00 -1.12 0.01 0.01 -0.01 -0.12 -9.77 1.92
 0:0:28 5.69 0 0.00000000 0.00000000 0.00 0.00 0.00 16.55 55.91 -1.02 -0.01 -0.03 0.01 -0.08 -9.92 1.77
 0:0:28 5.79 0 0.00000000 0.00000000 0.00 0.00 0.00 16.45 55.91 -1.22 0.03 0.01 0.01 -0.20 -9.77 1.69
 0:0:28 5.89 0 0.00000000 0.00000000 0.00 0.00 0.00 16.73 56.00 -1.33 0.02 -0.01 0.04 -0.04 -10.08 1.73
 0:0:28 6.00 0 0.00000000 0.00000000 0.00 0.00 0.00 16.64 55.91 -1.43 0.03 0.01 -0.00 -0.04 -9.61 1.96
 0:0:29 6.10 0 0.00000000 0.00000000 0.00 0.00 0.00 16.55 56.00 -1.43 -0.03 -0.01 -0.08 0.00 -9.81 1.96
 0:0:29 6.20 0 0.00000000 0.00000000 0.00 0.00 0.00 16.45 55.91 -1.53 -0.04 -0.03 0.03 -0.08 -10.00 1.77
 0:0:29 6.30 0 0.00000000 0.00000000 0.00 0.00 0.00 16.55 56.09 -1.22 -0.10 0.01 0.02 -0.08 -9.89 1.77
 0:0:29 6.40 0 0.00000000 0.00000000 0.00 0.00 0.00 16.36 56.09 -1.02 -0.20 -0.04 -0.06 -0.12 -9.89 1.65
 0:0:29 6.50 0 0.00000000 0.00000000 0.00 0.00 0.00 16.27 56.55 0.61 -0.29 -0.07 -0.02 0.24 -9.65 1.14
 0:0:29 6.60 0 0.00000000 0.00000000 0.00 0.00 0.00 16.55 56.82 1.73 -0.34 -0.01 0.10 -0.78 -10.79 1.10
 0:0:29 6.70 0 0.00000000 0.00000000 0.00 0.00 0.00 16.82 56.64 2.65 -0.13 0.04 0.09 -0.71 -9.92 0.71
 0:0:29 6.80 0 0.00000000 0.00000000 0.00 0.00 0.00 16.91 56.45 2.76 0.13 0.09 0.02 -0.24 -10.20 0.71
 0:0:29 6.91 0 0.00000000 0.00000000 0.00 0.00 0.00 16.45 56.91 2.35 0.21 -0.07 -0.17 0.71 -9.69 1.33
 0:0:29 7.01 0 0.00000000 0.00000000 0.00 0.00 0.00 16.55 56.55 2.24 -0.09 -0.01 0.08 -0.16 -9.89 0.90
 0:0:30 7.11 0 0.00000000 0.00000000 0.00 0.00 0.00 16.73 56.36 2.65 0.03 -0.02 -0.04 0.16 -9.73 1.10
 0:0:30 7.21 0 0.00000000 0.00000000 0.00 0.00 0.00 16.73 56.55 2.24 0.02 -0.03 0.06 -0.04 -9.92 1.02
 0:0:30 7.31 0 0.00000000 0.00000000 0.00 0.00 0.00 16.91 56.73 2.35 -0.03 0.01 0.05 -0.24 -10.08 0.90
 0:0:30 7.41 0 0.00000000 0.00000000 0.00 0.00 0.00 16.82 56.36 2.24 -0.02 0.03 0.05 -0.35 -10.04 0.86
 0:0:30 7.51 0 0.00000000 0.00000000 0.00 0.00 0.00 16.73 56.55 2.04 0.01 -0.02 0.02 -0.08 -10.04 0.90
 0:0:30 7.61 0 0.00000000 0.00000000 0.00 0.00 0.00 17.18 56.45 2.04 0.02 -0.00 0.01 -0.08 -9.73 1.06
 0:0:30 7.71 0 0.00000000 0.00000000 0.00 0.00 0.00 17.18 56.27 2.14 0.03 -0.01 0.00 -0.16 -9.96 1.06
 0:0:30 7.81 0 0.00000000 0.00000000 0.00 0.00 0.00 17.18 56.45 2.14 0.02 0.01 0.03 -0.24 -9.96 1.02
 0:0:30 7.91 0 0.00000000 0.00000000 0.00 0.00 0.00 17.09 56.73 2.14 -0.00 -0.00 0.02 -0.08 -9.89 1.02
 0:0:30 8.02 0 0.00000000 0.00000000 0.00 0.00 0.00 17.27 56.73 1.94 0.02 -0.00 -0.00 -0.08 -9.81 1.10
 0:0:31 8.12 0 0.00000000 0.00000000 0.00 0.00 0.00 17.27 56.45 1.94 0.03 0.00 0.00 -0.16 -9.81 1.26
 0:0:31 8.22 0 0.00000000 0.00000000 0.00 0.00 0.00 17.09 56.45 1.94 -0.01 -0.03 -0.02 -0.04 -9.81 0.90
 0:0:31 8.32 0 0.00000000 0.00000000 0.00 0.00 0.00 17.36 56.36 2.04 0.01 -0.00 0.03 -0.24 -9.77 0.90
 0:0:31 8.42 0 0.00000000 0.00000000 0.00 0.00 0.00 17.36 56.27 1.94 0.01 -0.02 -0.01 0.04 -9.77 1.22
 0:0:31 8.52 0 0.00000000 0.00000000 0.00 0.00 0.00 17.18 56.55 1.73 0.02 -0.01 0.01 -0.12 -9.73 1.10
 0:0:31 8.62 0 0.00000000 0.00000000 0.00 0.00 0.00 17.27 56.55 1.94 -0.00 0.02 0.06 -0.39 -10.04 1.10
 0:0:31 8.72 0 0.00000000 0.00000000 0.00 0.00 0.00 17.36 56.45 1.94 0.02 -0.00 0.01 -0.12 -9.89 1.10
 0:0:31 8.82 0 0.00000000 0.00000000 0.00 0.00 0.00 17.45 56.36 1.94 0.08 0.01 0.04 -0.20 -9.96 1.14
 0:0:31 8.92 0 0.00000000 0.00000000 0.00 0.00 0.00 17.64 56.45 1.53 0.56 -0.09 0.11 -0.98 -10.00 1.22
 0:0:31 9.02 0 0.00000000 0.00000000 0.00 0.00 0.00 18.36 55.64 -1.63 1.02 0.02 0.13 -0.71 -9.26 1.53
 0:0:32 9.13 0 0.00000000 0.00000000 0.00 0.00 0.00 19.64 54.73 -4.69 1.36 0.13 0.36 -0.71 -9.22 3.69
 0:0:32 9.23 0 0.00000000 0.00000000 0.00 0.00 0.00 22.27 51.55 -11.33 1.27 0.08 0.09 -0.12 -7.96 4.55
 0:0:32 9.33 0 0.00000000 0.00000000 0.00 0.00 0.00 23.36 47.73 -17.65 1.39 0.12 0.40 -1.88 -8.28 5.69
 0:0:32 9.43 0 0.00000000 0.00000000 0.00 0.00 0.00 23.27 44.82 -22.24 1.73 -1.17 -0.28 -2.35 -8.04 7.77
 0:0:32 9.53 0 0.00000000 0.00000000 0.00 0.00 0.00 15.09 37.36 -32.55 1.92 -1.81 -0.44 0.39 -5.18 7.53
 0:0:32 9.63 0 0.00000000 0.00000000 0.00 0.00 0.00 11.18 31.82 -36.43 2.76 -0.77 0.07 1.88 -3.22 6.94
 0:0:32 9.73 0 0.00000000 0.00000000 0.00 0.00 0.00 10.91 20.27 -41.43 1.19 0.27 0.26 0.47 -2.79 9.65
 0:0:32 9.83 0 0.00000000 0.00000000 0.00 0.00 0.00 13.00 17.09 -41.73 0.83 0.04 -0.41 1.96 0.00 8.75
 0:0:32 9.94 0 0.00000000 0.00000000 0.00 0.00 0.00 16.27 13.91 -42.14 0.45 0.42 -0.41 0.90 -0.55 10.28
 0:0:32 10.04 0 0.00000000 0.00000000 0.00 0.00 0.00 17.73 13.45 -41.73 0.30 0.36 -0.10 0.67 -1.06 10.51
 0:0:33 10.14 0 0.00000000 0.00000000 0.00 0.00 0.00 20.73 13.55 -40.51 0.08 0.47 -0.40 0.08 0.59 10.20
 0:0:33 10.24 0 0.00000000 0.00000000 0.00 0.00 0.00 21.55 13.55 -40.31 -0.21 0.03 0.10 0.00 -0.04 9.92
 0:0:33 10.34 0 0.00000000 0.00000000 0.00 0.00 0.00 22.00 14.18 -40.41 -0.08 0.03 0.10 -0.20 -0.59 10.32
 0:0:33 10.44 0 0.00000000 0.00000000 0.00 0.00 0.00 21.64 13.91 -40.20 0.04 0.01 0.04 -0.55 -0.63 10.16
 0:0:33 10.54 0 0.00000000 0.00000000 0.00 0.00 0.00 21.45 13.55 -40.41 0.09 0.09 -0.02 -0.31 -0.27 10.20
 0:0:33 10.64 0 0.00000000 0.00000000 0.00 0.00 0.00 21.64 13.27 -40.31 0.06 0.02 -0.02 -0.24 -0.08 10.16
 0:0:33 10.74 0 0.00000000 0.00000000 0.00 0.00 0.00 21.64 13.36 -40.31 -0.01 0.05 -0.02 -0.27 -0.24 10.20
 0:0:33 10.84 0 0.00000000 0.00000000 0.00 0.00 0.00 21.82 13.27 -40.31 0.02 0.01 -0.00 -0.24 -0.12 10.24
 0:0:33 10.94 0 0.00000000 0.00000000 0.00 0.00 0.00 22.00 13.27 -40.51 0.19 0.00 -0.11 0.08 -1.14 10.16
 0:0:33 11.05 0 0.00000000 0.00000000 0.00 0.00 0.00 23.45 13.00 -39.69 0.19 0.69 -0.33 -0.55 0.27 11.38
 0:0:34 11.15 0 0.00000000 0.00000000 0.00 0.00 0.00 31.91 16.55 -33.57 -0.92 2.27 -0.39 -3.14 -0.35 10.90
 0:0:34 11.25 0 0.00000000 0.00000000 0.00 0.00 0.00 35.00 17.64 -30.20 0.79 1.16 -0.48 -4.51 -0.24 9.34
 0:0:34 11.35 0 0.00000000 0.00000000 0.00 0.00 0.00 41.00 17.55 -22.14 0.07 2.35 -0.36 -6.16 -0.35 8.94
 0:0:34 11.45 0 0.00000000 0.00000000 0.00 0.00 0.00 43.09 17.45 -16.02 -0.01 2.29 -0.45 -7.65 -0.08 6.08
 0:0:34 11.55 0 0.00000000 0.00000000 0.00 0.00 0.00 45.45 18.82 -4.69 -0.03 1.28 -0.24 -8.51 -1.61 5.26
 0:0:34 11.65 0 0.00000000 0.00000000 0.00 0.00 0.00 45.82 19.45 -1.94 -0.26 1.19 0.10 -9.10 -0.51 4.39
 0:0:34 11.75 0 0.00000000 0.00000000 0.00 0.00 0.00 45.73 18.64 2.55 0.27 0.34 0.17 -9.69 -0.63 4.20
 0:0:34 11.85 0 0.00000000 0.00000000 0.00 0.00 0.00 45.82 18.18 2.86 0.14 0.02 0.21 -9.81 -0.55 4.24
 0:0:34 11.96 0 0.00000000 0.00000000 0.00 0.00 0.00 45.91 17.09 2.96 0.30 -0.23 0.20 -9.89 -0.51 4.63
 0:0:35 12.06 0 0.00000000 0.00000000 0.00 0.00 0.00 46.55 16.45 2.35 0.19 0.09 0.07 -9.61 0.00 4.47
 0:0:35 12.16 0 0.00000000 0.00000000 0.00 0.00 0.00 46.18 16.73 2.35 -0.07 0.18 -0.03 -10.08 -0.27 4.20
 0:0:35 12.26 0 0.00000000 0.00000000 0.00 0.00 0.00 46.27 16.64 2.76 0.17 0.10 0.04 -10.04 -0.20 4.20
 0:0:35 12.36 0 0.00000000 0.00000000 0.00 0.00 0.00 46.18 16.36 2.55 -0.04 0.05 -0.01 -9.73 -0.47 4.12
 0:0:35 12.46 0 0.00000000 0.00000000 0.00 0.00 0.00 46.55 16.45 2.76 -0.05 0.13 0.01 -9.81 -0.35 4.24
 0:0:35 12.56 0 0.00000000 0.00000000 0.00 0.00 0.00 46.27 16.45 2.96 0.01 0.08 -0.02 -9.89 -0.67 4.08
 0:0:35 12.66 0 0.00000000 0.00000000 0.00 0.00 0.00 45.91 16.27 3.47 -0.00 -0.01 -0.02 -9.85 -0.67 4.43
 0:0:35 12.76 0 0.00000000 0.00000000 0.00 0.00 0.00 46.18 16.64 3.27 0.08 0.02 0.03 -10.00 -0.27 4.16
 0:0:35 12.86 0 0.00000000 0.00000000 0.00 0.00 0.00 46.09 16.09 3.67 0.06 -0.02 0.03 -9.92 -0.55 4.16
 0:0:35 12.97 0 0.00000000 0.00000000 0.00 0.00 0.00 46.18 16.27 3.78 0.02 0.00 -0.01 -9.96 -0.43 4.35
 0:0:36 13.07 0 0.00000000 0.00000000 0.00 0.00 0.00 46.55 16.55 3.57 0.05 -0.06 0.01 -9.77 -0.55 4.20
 0:0:36 13.17 0 0.00000000 0.00000000 0.00 0.00 0.00 46.27 16.36 3.27 0.04 -0.06 0.01 -9.85 -0.55 4.08
 0:0:36 13.27 0 0.00000000 0.00000000 0.00 0.00 0.00 46.18 16.27 3.67 -0.02 -0.00 -0.01 -10.12 -0.43 4.28
 0:0:36 13.37 0 0.00000000 0.00000000 0.00 0.00 0.00 46.45 16.09 3.67 -0.02 0.03 -0.01 -10.00 -0.43 4.04
 0:0:36 13.47 0 0.00000000 0.00000000 0.00 0.00 0.00 46.27 16.45 3.78 -0.04 -0.02 0.06 -10.04 -0.31 4.20
 0:0:36 13.57 0 0.00000000 0.00000000 0.00 0.00 0.00 46.55 16.09 3.57 0.04 -0.00 0.05 -10.00 -0.16 4.24
 0:0:36 13.67 0 0.00000000 0.00000000 0.00 0.00 0.00 46.18 15.91 3.78 -0.10 0.05 -0.05 -10.00 -0.67 3.96
 0:0:36 13.77 0 0.00000000 0.00000000 0.00 0.00 0.00 46.36 16.09 3.67 0.00 -0.05 -0.09 -9.89 -0.63 4.16
 0:0:36 13.88 0 0.00000000 0.00000000 0.00 0.00 0.00 46.18 16.18 3.78 0.03 -0.09 0.05 -9.92 -0.55 4.24
 0:0:36 13.98 0 0.00000000 0.00000000 0.00 0.00 0.00 46.36 16.27 3.37 -0.03 -0.05 -0.01 -9.92 -0.51 4.39
 0:0:37 14.08 0 0.00000000 0.00000000 0.00 0.00 0.00 46.36 16.27 3.37 0.02 -0.03 -0.02 -9.77 -0.24 4.35
 0:0:37 14.18 0 0.00000000 0.00000000 0.00 0.00 0.00 46.45 16.00 3.16 0.01 -0.05 -0.01 -9.89 -0.31 4.20
 0:0:37 14.28 0 0.00000000 0.00000000 0.00 0.00 0.00 46.45 16.18 2.86 0.05 -0.05 0.04 -9.65 -0.39 4.43
 0:0:37 14.38 0 0.00000000 0.00000000 0.00 0.00 0.00 46.18 16.36 2.76 0.04 -0.08 0.01 -9.89 -0.47 4.35
 0:0:37 14.48 0 0.00000000 0.00000000 0.00 0.00 0.00 46.18 16.18 2.35 0.10 -0.11 -0.02 -9.77 -0.24 4.67
 0:0:37 14.58 0 0.00000000 0.00000000 0.00 0.00 0.00 46.18 16.09 1.73 0.09 -0.02 -0.00 -9.96 -0.31 4.35
 0:0:37 14.68 0 0.00000000 0.00000000 0.00 0.00 0.00 46.09 15.82 1.63 -0.01 -0.07 -0.01 -9.53 -0.43 4.79
 0:0:37 14.78 0 0.00000000 0.00000000 0.00 0.00 0.00 46.18 16.18 1.63 0.00 -0.01 -0.01 -9.65 -0.27 4.43
 0:0:37 14.89 0 0.00000000 0.00000000 0.00 0.00 0.00 46.36 16.18 1.33 -0.00 -0.01 -0.01 -9.73 -0.12 4.51
 0:0:37 14.99 0 0.00000000 0.00000000 0.00 0.00 0.00 46.55 16.27 1.22 0.08 -0.06 0.03 -9.57 -0.04 4.75
 0:0:38 15.09 0 0.00000000 0.00000000 0.00 0.00 0.00 46.45 15.91 1.12 0.04 -0.03 0.06 -9.69 -0.08 4.55
 0:0:38 15.19 0 0.00000000 0.00000000 0.00 0.00 0.00 46.36 16.00 0.82 0.06 -0.07 0.01 -9.69 -0.12 4.86
 0:0:38 15.29 0 0.00000000 0.00000000 0.00 0.00 0.00 46.18 16.18 0.82 0.02 -0.08 -0.04 -9.77 -0.24 4.67
 0:0:38 15.39 0 0.00000000 0.00000000 0.00 0.00 0.00 46.36 16.36 0.20 0.04 -0.10 -0.00 -9.57 -0.20 4.94
 0:0:38 15.49 0 0.00000000 0.00000000 0.00 0.00 0.00 0.00 0.00 0.00 0.06 -0.10 -0.02 -9.41 -0.04 4.90
 0:0:38 15.59 0 0.00000000 0.00000000 0.00 0.00 0.00 46.18 16.45 -0.61 -0.01 -0.10 -0.04 -9.34 -0.20 5.10
 0:0:38 15.69 0 0.00000000 0.00000000 0.00 0.00 0.00 46.18 16.55 -1.53 0.08 -0.15 0.01 -9.22 0.00 5.22
 0:0:38 15.80 0 0.00000000 0.00000000 0.00 0.00 0.00 46.09 16.45 -1.84 0.03 -0.09 0.03 -9.38 -0.16 5.06
 0:0:38 15.90 0 0.00000000 0.00000000 0.00 0.00 0.00 46.64 16.09 -1.94 0.10 -0.09 0.09 -9.34 0.27 5.45
 0:0:38 16.00 0 0.00000000 0.00000000 0.00 0.00 0.00 46.36 15.82 -2.14 -0.01 -0.04 0.06 -9.18 -0.35 5.45
 0:0:39 16.10 0 0.00000000 0.00000000 0.00 0.00 0.00 46.18 15.91 -2.55 0.06 -0.06 0.03 -9.30 0.27 5.49
 0:0:39 16.20 0 0.00000000 0.00000000 0.00 0.00 0.00 46.36 15.82 -2.45 -0.01 -0.01 -0.01 -9.22 0.00 5.22
 0:0:39 16.30 0 0.00000000 0.00000000 0.00 0.00 0.00 46.36 16.09 -2.55 0.05 -0.05 -0.04 -9.22 0.00 5.37
 0:0:39 16.40 0 0.00000000 0.00000000 0.00 0.00 0.00 46.45 16.36 -2.35 -0.01 -0.03 -0.00 -9.30 -0.12 5.22
 0:0:39 16.50 0 0.00000000 0.00000000 0.00 0.00 0.00 46.27 16.09 -2.24 -0.03 -0.03 0.01 -9.22 0.00 5.49
 0:0:39 16.60 0 0.00000000 0.00000000 0.00 0.00 0.00 46.27 16.00 -2.24 -0.07 -0.01 -0.03 -9.38 -0.04 5.41
 0:0:39 16.70 0 0.00000000 0.00000000 0.00 0.00 0.00 46.36 16.27 -2.55 -0.00 -0.06 -0.01 -9.30 -0.08 5.45
 0:0:39 16.81 0 0.00000000 0.00000000 0.00 0.00 0.00 46.18 16.09 -2.65 0.06 -0.04 0.01 -9.18 0.16 5.57
 0:0:39 16.91 0 0.00000000 0.00000000 0.00 0.00 0.00 46.27 15.91 -2.35 0.05 -0.06 0.05 -9.14 0.08 5.30
 0:0:39 17.01 0 0.00000000 0.00000000 0.00 0.00 0.00 46.45 16.00 -2.76 -0.01 0.04 -0.01 -9.22 0.20 5.37
 0:0:40 17.11 0 0.00000000 0.00000000 0.00 0.00 0.00 46.27 15.91 -2.65 0.09 0.01 0.03 -9.22 0.12 5.33
 0:0:40 17.21 0 0.00000000 0.00000000 0.00 0.00 0.00 46.18 15.64 -3.06 -0.01 0.00 0.02 -9.18 0.27 5.61
 0:0:40 17.31 0 0.00000000 0.00000000 0.00 0.00 0.00 46.45 15.36 -2.86 -0.01 0.00 -0.01 -9.34 0.24 5.30
 0:0:40 17.41 0 0.00000000 0.00000000 0.00 0.00 0.00 46.27 15.45 -2.86 -0.02 -0.05 -0.01 -9.14 0.12 5.61
 0:0:40 17.51 0 0.00000000 0.00000000 0.00 0.00 0.00 46.36 15.45 -3.06 0.00 -0.05 -0.01 -9.14 0.12 5.37
 0:0:40 17.61 0 0.00000000 0.00000000 0.00 0.00 0.00 46.36 15.64 -3.06 0.01 -0.05 0.01 -9.18 0.20 5.69
 0:0:40 17.72 0 0.00000000 0.00000000 0.00 0.00 0.00 46.36 15.64 -3.06 -0.01 -0.03 -0.01 -9.30 0.16 5.53
 0:0:40 17.82 0 0.00000000 0.00000000 0.00 0.00 0.00 46.45 15.73 -3.06 -0.02 -0.02 0.02 -9.14 0.24 5.49
 0:0:40 17.92 0 0.00000000 0.00000000 0.00 0.00 0.00 46.09 15.64 -3.16 0.01 0.00 0.03 -9.22 0.20 5.57
 0:0:40 18.02 0 0.00000000 0.00000000 0.00 0.00 0.00 46.45 15.64 -3.37 0.00 0.01 0.02 -9.18 0.27 5.45
 0:0:41 18.12 0 0.00000000 0.00000000 0.00 0.00 0.00 46.36 15.55 -3.16 -0.03 0.00 0.00 -8.98 0.12 5.57
 0:0:41 18.22 0 0.00000000 0.00000000 0.00 0.00 0.00 46.45 15.82 -3.47 0.03 -0.06 0.01 -9.18 0.04 5.53
 0:0:41 18.32 0 0.00000000 0.00000000 0.00 0.00 0.00 46.36 15.73 -3.27 0.03 -0.05 0.01 -9.02 0.12 5.69
 0:0:41 18.42 0 0.00000000 0.00000000 0.00 0.00 0.00 46.27 15.73 -3.47 0.05 -0.06 -0.02 -9.10 0.04 5.49
 0:0:41 18.52 0 0.00000000 0.00000000 0.00 0.00 0.00 46.18 15.64 -3.47 0.02 -0.06 -0.00 -8.94 0.20 5.61
 0:0:41 18.62 0 0.00000000 0.00000000 0.00 0.00 0.00 46.45 15.64 -3.57 0.02 -0.04 0.00 -9.18 0.00 5.69
 0:0:41 18.73 0 0.00000000 0.00000000 0.00 0.00 0.00 46.00 15.82 -3.57 0.02 -0.05 0.02 -9.06 0.20 5.77
 0:0:41 18.83 0 0.00000000 0.00000000 0.00 0.00 0.00 46.55 15.73 -3.78 -0.02 0.03 -0.03 -9.14 0.24 5.41
 0:0:41 18.93 0 0.00000000 0.00000000 0.00 0.00 0.00 46.27 15.64 -3.47 0.03 -0.06 -0.00 -9.14 0.24 5.49
 0:0:41 19.03 0 0.00000000 0.00000000 0.00 0.00 0.00 46.18 15.64 -4.08 0.05 -0.07 0.04 -9.22 0.31 5.81
 0:0:42 19.13 0 0.00000000 0.00000000 0.00 0.00 0.00 46.18 15.55 -4.39 0.01 -0.02 0.02 -9.02 0.67 6.08
 0:0:42 19.23 0 0.00000000 0.00000000 0.00 0.00 0.00 46.18 15.36 -4.18 0.00 0.05 -0.02 -9.02 0.16 5.65
 0:0:42 19.33 0 0.00000000 0.00000000 0.00 0.00 0.00 46.27 15.73 -4.29 -0.01 -0.01 -0.04 -9.14 0.16 5.69
 0:0:42 19.43 0 0.00000000 0.00000000 0.00 0.00 0.00 46.27 15.55 -4.08 0.01 0.02 -0.02 -8.90 0.16 5.73
 0:0:42 19.53 0 0.00000000 0.00000000 0.00 0.00 0.00 46.00 15.73 -4.08 0.01 -0.03 -0.02 -9.10 0.31 5.65
 0:0:42 19.64 0 0.00000000 0.00000000 0.00 0.00 0.00 46.09 15.73 -4.29 0.01 -0.01 -0.01 -9.18 0.20 5.77
 0:0:42 19.74 0 0.00000000 0.00000000 0.00 0.00 0.00 46.36 15.91 -4.08 0.03 0.01 -0.02 -9.06 0.20 5.92
 0:0:42 19.84 0 0.00000000 0.00000000 0.00 0.00 0.00 46.09 15.82 -4.29 0.03 -0.07 0.03 -9.18 0.24 5.81
 0:0:42 19.94 0 0.00000000 0.00000000 0.00 0.00 0.00 46.45 15.82 -4.39 0.04 -0.03 0.02 -8.98 0.27 5.88
 0:0:42 20.04 0 0.00000000 0.00000000 0.00 0.00 0.00 46.27 15.91 -4.49 -0.03 -0.06 -0.02 -8.98 0.08 5.65
 0:0:43 20.14 0 0.00000000 0.00000000 0.00 0.00 0.00 46.09 15.91 -4.59 0.02 -0.02 -0.02 -8.90 0.27 5.88
 0:0:43 20.24 0 0.00000000 0.00000000 0.00 0.00 0.00 46.00 15.91 -4.69 -0.01 0.02 0.00 -9.18 -0.08 5.73
 0:0:43 20.34 0 0.00000000 0.00000000 0.00 0.00 0.00 46.27 15.91 -4.59 -0.22 -0.09 0.05 -9.06 0.43 6.08
 0:0:43 20.44 0 0.00000000 0.00000000 0.00 0.00 0.00 46.00 16.00 -5.61 0.16 -0.60 0.11 -8.90 1.22 6.71
 0:0:43 20.54 0 0.00000000 0.00000000 0.00 0.00 0.00 45.73 15.00 -7.55 -0.68 -0.48 0.53 -9.26 2.08 7.57
 0:0:43 20.65 0 0.00000000 0.00000000 0.00 0.00 0.00 42.55 9.91 -16.02 -1.62 -2.72 0.65 -8.39 -1.88 9.10
 0:0:43 20.75 0 0.00000000 0.00000000 0.00 0.00 0.00 34.82 8.73 -24.90 -1.64 -5.00 1.86 -4.04 -2.12 9.34
 0:0:43 20.85 0 0.00000000 0.00000000 0.00 0.00 0.00 7.27 8.36 -35.92 0.36 0.32 0.11 2.51 -0.94 10.32
 0:0:43 20.95 0 0.00000000 0.00000000 0.00 0.00 0.00 6.09 7.64 -35.00 -0.26 -0.48 0.62 0.00 -1.69 9.30
 0:0:44 21.05 0 0.00000000 0.00000000 0.00 0.00 0.00 5.09 7.00 -34.80 0.35 0.24 -0.15 1.06 -1.96 9.02
 0:0:44 21.15 0 0.00000000 0.00000000 0.00 0.00 0.00 7.91 7.55 -35.41 -0.63 0.83 -0.66 0.75 -1.88 10.43
 0:0:44 21.25 0 0.00000000 0.00000000 0.00 0.00 0.00 10.00 9.18 -35.41 -0.19 0.47 -0.43 -0.24 -1.49 11.22
 0:0:44 21.35 0 0.00000000 0.00000000 0.00 0.00 0.00 11.09 9.55 -35.20 0.17 -0.17 0.22 -0.31 -1.61 9.77
 0:0:44 21.45 0 0.00000000 0.00000000 0.00 0.00 0.00 10.64 9.00 -35.31 0.27 -0.03 0.12 0.04 -1.96 9.81
 0:0:44 21.56 0 0.00000000 0.00000000 0.00 0.00 0.00 10.45 8.18 -35.10 0.05 0.02 0.03 -0.24 -1.45 10.00
 0:0:44 21.66 0 0.00000000 0.00000000 0.00 0.00 0.00 11.00 8.45 -35.00 -0.18 0.29 -0.51 -0.67 -1.18 9.89
 0:0:44 21.76 0 0.00000000 0.00000000 0.00 0.00 0.00 13.09 9.82 -34.49 -0.75 0.39 -0.44 -0.75 -1.49 9.85
 0:0:44 21.86 0 0.00000000 0.00000000 0.00 0.00 0.00 16.09 20.27 -32.35 -3.14 1.39 -0.90 -0.35 -3.53 7.45
 0:0:44 21.96 0 0.00000000 0.00000000 0.00 0.00 0.00 18.55 30.27 -26.84 -2.61 0.66 -0.25 -0.71 -8.90 4.86
 0:0:45 22.06 0 0.00000000 0.00000000 0.00 0.00 0.00 22.36 42.18 -15.92 -2.87 0.30 -0.15 -3.69 -9.14 5.57
 0:0:45 22.16 0 0.00000000 0.00000000 0.00 0.00 0.00 23.00 46.09 -9.29 -3.46 1.64 -0.11 -2.86 -8.55 2.28
 0:0:45 22.26 0 0.00000000 0.00000000 0.00 0.00 0.00 25.55 48.91 7.35 -0.70 0.43 0.85 -4.67 -9.77 -0.20
 0:0:45 22.36 0 0.00000000 0.00000000 0.00 0.00 0.00 27.82 49.45 7.04 -0.00 -0.45 0.30 -3.57 -9.26 -0.31
 0:0:45 22.46 0 0.00000000 0.00000000 0.00 0.00 0.00 32.82 51.09 5.92 -0.31 -0.27 0.20 -4.00 -10.47 -0.12
 0:0:45 22.57 0 0.00000000 0.00000000 0.00 0.00 0.00 33.73 52.64 6.02 0.17 -0.23 0.18 -5.02 -9.96 -0.20
 0:0:45 22.67 0 0.00000000 0.00000000 0.00 0.00 0.00 34.18 54.55 4.08 0.25 -0.27 0.03 -4.75 -10.20 -0.31
 0:0:45 22.77 0 0.00000000 0.00000000 0.00 0.00 0.00 33.73 56.09 1.22 0.09 -0.28 0.01 -4.28 -9.49 0.27
 0:0:45 22.87 0 0.00000000 0.00000000 0.00 0.00 0.00 33.36 56.64 1.33 -0.06 -0.15 -0.21 -4.24 -9.77 0.78
 0:0:45 22.97 0 0.00000000 0.00000000 0.00 0.00 0.00 31.64 57.73 -0.31 0.35 -0.13 -0.17 -3.92 -8.36 0.47
 0:0:46 23.07 0 0.00000000 0.00000000 0.00 0.00 0.00 31.45 57.55 -0.51 0.24 -0.04 -0.15 -3.69 -9.02 0.98
 0:0:46 23.17 0 0.00000000 0.00000000 0.00 0.00 0.00 30.00 57.36 -1.12 0.17 0.11 -0.24 -3.92 -8.71 0.90
 0:0:46 23.27 0 0.00000000 0.00000000 0.00 0.00 0.00 29.36 57.18 -1.63 -0.09 0.12 -0.22 -4.00 -8.90 0.94
 0:0:46 23.37 0 0.00000000 0.00000000 0.00 0.00 0.00 27.45 57.18 -1.22 -0.03 -0.27 -0.12 -2.86 -9.57 0.75
 0:0:46 23.48 0 0.00000000 0.00000000 0.00 0.00 0.00 27.45 57.36 -1.22 0.21 -0.08 -0.01 -3.41 -9.30 0.94
 0:0:46 23.58 0 0.00000000 0.00000000 0.00 0.00 0.00 27.00 56.27 -2.04 0.06 -0.08 0.04 -2.94 -9.14 1.06
 0:0:46 23.68 0 0.00000000 0.00000000 0.00 0.00 0.00 28.45 56.09 -5.00 0.94 0.01 0.41 -5.81 -11.38 2.08
 0:0:46 23.78 0 0.00000000 0.00000000 0.00 0.00 0.00 27.18 52.64 -9.18 2.37 -0.96 -0.03 -3.92 -10.00 3.57
 0:0:46 23.88 0 0.00000000 0.00000000 0.00 0.00 0.00 23.91 37.00 -22.35 3.92 -0.50 -0.23 -5.77 -8.51 5.26
 0:0:46 23.98 0 0.00000000 0.00000000 0.00 0.00 0.00 21.82 31.45 -26.73 4.11 -1.30 0.15 -0.78 -2.79 7.65
 0:0:47 24.08 0 0.00000000 0.00000000 0.00 0.00 0.00 20.36 17.82 -35.20 2.25 -0.27 0.58 1.84 -0.47 9.57
 0:0:47 24.18 0 0.00000000 0.00000000 0.00 0.00 0.00 21.45 14.36 -36.12 -0.15 0.87 0.88 -1.45 -1.41 8.83
 0:0:47 24.28 0 0.00000000 0.00000000 0.00 0.00 0.00 26.73 16.00 -37.24 0.54 0.38 0.74 -4.39 -7.02 16.48
 0:0:47 24.38 0 0.00000000 0.00000000 0.00 0.00 0.00 28.82 16.00 -36.33 -0.20 0.27 -0.83 -1.84 -1.06 7.02
 0:0:47 24.49 0 0.00000000 0.00000000 0.00 0.00 0.00 32.36 19.82 -31.94 -0.25 0.83 -0.53 -4.59 -1.96 7.88
 0:0:47 24.59 0 0.00000000 0.00000000 0.00 0.00 0.00 37.73 20.09 -26.63 0.98 0.32 0.49 -2.20 -1.80 14.20
 0:0:47 24.69 0 0.00000000 0.00000000 0.00 0.00 0.00 38.91 20.64 -24.29 -0.47 0.52 -0.79 -4.90 -1.69 9.26
 0:0:47 24.79 0 0.00000000 0.00000000 0.00 0.00 0.00 39.91 23.55 -20.41 0.14 1.43 -0.61 -4.55 -2.43 9.53
 0:0:47 24.89 0 0.00000000 0.00000000 0.00 0.00 0.00 40.91 26.00 -16.43 -0.37 0.41 -0.36 -4.24 -0.98 8.79
 0:0:47 24.99 0 0.00000000 0.00000000 0.00 0.00 0.00 40.73 29.09 -14.49 -0.96 -0.06 -0.71 -3.77 0.43 5.57
 0:0:48 25.09 0 0.00000000 0.00000000 0.00 0.00 0.00 41.00 29.73 -14.39 0.67 -1.04 1.12 -13.65 -13.69 18.40
 0:0:48 25.19 0 0.00000000 0.00000000 0.00 0.00 0.00 42.18 23.09 -20.51 0.37 -0.43 0.66 -4.51 7.61 -8.47
 0:0:48 25.29 0 0.00000000 0.00000000 0.00 0.00 0.00 40.82 17.64 -26.73 1.55 -1.63 1.39 3.65 -15.85 17.02
 0:0:48 25.40 0 0.00000000 0.00000000 0.00 0.00 0.00 39.45 11.27 -30.00 -1.06 -1.76 -0.05 -4.16 7.34 -2.31
 0:0:48 25.50 0 0.00000000 0.00000000 0.00 0.00 0.00 37.09 10.00 -31.94 -0.32 0.09 0.19 0.82 9.77 -16.59
 0:0:48 25.60 0 0.00000000 0.00000000 0.00 0.00 0.00 34.09 9.91 -36.02 -1.32 -0.59 0.14 12.87 -6.12 3.88
 0:0:48 25.70 0 0.00000000 0.00000000 0.00 0.00 0.00 31.64 9.00 -39.59 -0.37 0.06 -0.00 4.55 3.33 6.59
 0:0:48 25.83 0 0.00000000 0.00000000 0.00 0.00 0.00 31.27 9.00 -39.59 -0.09 -0.02 0.00 -0.55 0.31 10.12
 0:0:48 25.97 0 0.00000000 0.00000000 0.00 0.00 0.00 31.00 9.27 -39.69 -0.00 -0.02 0.00 -0.55 0.71 10.04
 0:0:48 26.11 0 0.00000000 0.00000000 0.00 0.00 0.00 31.00 9.36 -39.49 -0.00 -0.01 -0.00 -0.59 0.75 10.16
 0:0:48 26.25 0 0.00000000 0.00000000 0.00 0.00 0.00 31.27 9.09 -39.69 0.01 -0.01 0.00 -0.59 0.78 10.20
 0:0:48 26.35 0 0.00000000 0.00000000 0.00 0.00 0.00 31.18 9.55 -39.80 0.00 -0.01 0.00 -0.63 0.59 10.08
 0:0:49 26.45 0 0.00000000 0.00000000 0.00 0.00 0.00 31.00 9.09 -39.69 0.01 -0.01 0.00 -0.59 0.71 10.16
 0:0:49 26.55 0 0.00000000 0.00000000 0.00 0.00 0.00 31.09 8.91 -39.49 0.01 -0.01 0.00 -0.51 0.71 10.12
 0:0:49 26.65 0 0.00000000 0.00000000 0.00 0.00 0.00 31.18 9.27 -39.49 0.00 -0.01 0.00 -0.63 0.71 10.24
 0:0:49 26.75 0 0.00000000 0.00000000 0.00 0.00 0.00 31.09 9.27 -39.90 0.01 -0.01 0.00 -0.55 0.75 10.20
 0:0:49 26.85 0 0.00000000 0.00000000 0.00 0.00 0.00 31.27 9.18 -39.59 0.01 -0.01 0.00 -0.59 0.75 10.20
 0:0:49 26.95 0 0.00000000 0.00000000 0.00 0.00 0.00 31.09 9.09 -39.80 0.01 -0.01 0.00 -0.59 0.67 10.12
 0:0:49 27.05 0 0.00000000 0.00000000 0.00 0.00 0.00 31.18 9.18 -39.69 0.01 -0.01 -0.00 -0.59 0.78 10.08
 0:0:50 27.16 0 0.00000000 0.00000000 0.00 0.00 0.00 31.18 9.00 -39.69 0.01 -0.01 -0.00 -0.63 0.71 10.28
 0:0:50 27.26 0 0.00000000 0.00000000 0.00 0.00 0.00 31.00 9.00 -39.80 0.00 -0.01 0.00 -0.59 0.75 10.24
 0:0:50 27.36 0 0.00000000 0.00000000 0.00 0.00 0.00 31.09 8.82 -39.59 0.01 -0.01 0.00 -0.59 0.67 10.16
 0:0:50 27.46 0 0.00000000 0.00000000 0.00 0.00 0.00 31.27 9.45 -39.59 0.01 -0.01 0.00 -0.63 0.71 10.20
 0:0:50 27.56 0 0.00000000 0.00000000 0.00 0.00 0.00 31.27 8.82 -39.90 0.00 -0.01 0.01 -0.59 0.71 10.28
 0:0:50 27.66 0 0.00000000 0.00000000 0.00 0.00 0.00 31.18 9.09 -39.80 0.01 -0.01 0.00 -0.55 0.71 10.16
 0:0:50 27.76 0 0.00000000 0.00000000 0.00 0.00 0.00 30.91 9.18 -39.49 0.01 -0.01 -0.00 -0.59 0.71 10.12
 0:0:50 27.86 0 0.00000000 0.00000000 0.00 0.00 0.00 31.18 9.09 -39.69 0.01 -0.01 -0.00 -0.71 0.75 10.08
 0:0:50 27.96 0 0.00000000 0.00000000 0.00 0.00 0.00 31.18 9.18 -39.69 0.01 -0.01 0.00 -0.63 0.63 10.16
 0:0:51 28.06 0 0.00000000 0.00000000 0.00 0.00 0.00 31.18 9.00 -39.59 0.00 -0.01 -0.00 -0.59 0.71 10.12
 0:0:51 28.17 0 0.00000000 0.00000000 0.00 0.00 0.00 31.27 8.82 -39.59 0.01 -0.01 -0.00 -0.51 0.75 10.20
 0:0:51 28.27 0 0.00000000 0.00000000 0.00 0.00 0.00 31.27 9.18 -40.00 0.01 -0.01 -0.00 -0.59 0.71 10.20
 0:0:51 28.37 0 0.00000000 0.00000000 0.00 0.00 0.00 31.27 9.09 -39.90 0.01 -0.01 -0.00 -0.55 0.71 10.24
 0:0:51 28.47 0 0.00000000 0.00000000 0.00 0.00 0.00 31.45 8.91 -39.80 0.01 -0.01 -0.00 -0.63 0.67 10.16
 0:0:51 28.57 0 0.00000000 0.00000000 0.00 0.00 0.00 31.18 9.00 -39.59 0.00 -0.01 -0.00 -0.59 0.67 10.12
 0:0:51 28.67 0 0.00000000 0.00000000 0.00 0.00 0.00 31.27 9.09 -39.59 0.01 -0.01 -0.00 -0.71 0.63 10.20
 0:0:51 28.77 0 0.00000000 0.00000000 0.00 0.00 0.00 31.09 9.00 -39.90 0.01 -0.01 0.00 -0.51 0.82 10.20
 0:0:51 28.87 0 0.00000000 0.00000000 0.00 0.00 0.00 31.36 9.00 -40.00 0.01 -0.01 -0.00 -0.59 0.67 10.16
 0:0:51 28.97 0 0.00000000 0.00000000 0.00 0.00 0.00 31.09 9.27 -39.39 0.01 -0.01 0.00 -0.51 0.98 10.00
 0:0:52 29.08 0 0.00000000 0.00000000 0.00 0.00 0.00 31.00 9.09 -39.49 0.01 -0.01 -0.00 -0.35 1.14 10.28
 0:0:52 29.18 0 0.00000000 0.00000000 0.00 0.00 0.00 31.27 9.00 -40.00 0.01 -0.01 0.00 -0.63 0.71 10.28
 0:0:52 29.28 0 0.00000000 0.00000000 0.00 0.00 0.00 31.36 8.82 -39.59 0.01 -0.01 -0.00 -0.59 0.71 10.32
 0:0:52 29.38 0 0.00000000 0.00000000 0.00 0.00 0.00 31.18 9.27 -39.39 0.01 -0.01 0.00 -0.59 0.67 10.20
 0:0:52 29.48 0 0.00000000 0.00000000 0.00 0.00 0.00 31.36 9.00 -39.80 0.01 -0.01 0.00 -0.59 0.71 10.20
 0:0:52 29.58 0 0.00000000 0.00000000 0.00 0.00 0.00 31.45 9.00 -39.90 0.01 -0.01 -0.00 -0.59 0.94 10.20
 0:0:52 29.68 0 0.00000000 0.00000000 0.00 0.00 0.00 31.27 9.27 -39.59 0.01 -0.01 -0.00 -0.59 0.78 10.16
 0:0:52 29.78 0 0.00000000 0.00000000 0.00 0.00 0.00 31.27 9.09 -39.80 0.01 -0.01 -0.00 -0.63 0.71 10.16
 0:0:52 29.88 0 0.00000000 0.00000000 0.00 0.00 0.00 31.27 9.09 -39.59 0.00 -0.01 -0.00 -0.63 0.67 10.12
 0:0:52 29.98 0 0.00000000 0.00000000 0.00 0.00 0.00 31.45 9.09 -39.59 0.01 -0.01 -0.00 -0.55 0.71 10.24
 0:0:53 30.09 0 0.00000000 0.00000000 0.00 0.00 0.00 31.18 9.00 -39.39 0.00 -0.01 -0.00 -0.63 0.75 10.24
 0:0:53 30.19 0 0.00000000 0.00000000 0.00 0.00 0.00 31.09 9.09 -39.69 0.01 -0.01 -0.00 -0.59 0.75 10.12
 0:0:53 30.29 0 0.00000000 0.00000000 0.00 0.00 0.00 31.36 9.00 -39.29 0.01 -0.01 0.00 -0.55 0.75 10.20
 0:0:53 30.39 0 0.00000000 0.00000000 0.00 0.00 0.00 31.27 9.00 -39.90 0.01 -0.01 -0.00 -0.67 0.71 10.20
 0:0:53 30.49 0 0.00000000 0.00000000 0.00 0.00 0.00 31.18 9.00 -39.69 0.00 -0.01 -0.00 -0.63 0.71 10.28
 0:0:53 30.59 0 0.00000000 0.00000000 0.00 0.00 0.00 31.27 9.18 -39.49 0.01 -0.01 -0.00 -0.59 0.82 10.24
 0:0:53 30.69 0 0.00000000 0.00000000 0.00 0.00 0.00 31.36 9.00 -39.80 0.01 -0.01 -0.00 -0.63 0.78 10.16
 0:0:53 30.79 0 0.00000000 0.00000000 0.00 0.00 0.00 31.27 8.91 -39.80 0.01 -0.01 -0.00 -0.55 0.67 10.04
 0:0:53 30.89 0 0.00000000 0.00000000 0.00 0.00 0.00 31.18 9.00 -39.69 0.01 -0.01 0.00 -0.59 0.67 10.04
 0:0:53 31.00 0 0.00000000 0.00000000 0.00 0.00 0.00 31.09 9.09 -39.69 0.01 -0.01 -0.00 -0.59 0.67 10.08
 0:0:54 31.10 0 0.00000000 0.00000000 0.00 0.00 0.00 31.45 8.82 -39.69 0.00 -0.02 -0.00 -0.55 0.71 10.20
 0:0:54 31.20 0 0.00000000 0.00000000 0.00 0.00 0.00 31.09 8.82 -39.69 0.00 -0.01 0.00 -0.63 0.78 10.16
 0:0:54 31.30 0 0.00000000 0.00000000 0.00 0.00 0.00 31.09 9.09 -39.69 0.00 -0.01 -0.00 -0.63 0.67 10.16
 0:0:54 31.40 0 0.00000000 0.00000000 0.00 0.00 0.00 31.18 9.18 -40.10 0.01 -0.01 -0.00 -0.51 0.75 10.16
 0:0:54 31.50 0 0.00000000 0.00000000 0.00 0.00 0.00 31.18 9.00 -39.59 0.01 -0.01 -0.00 -0.55 0.63 10.24
 0:0:54 31.60 0 0.00000000 0.00000000 0.00 0.00 0.00 30.91 8.82 -39.59 0.01 -0.01 0.00 -0.63 0.75 10.16
 0:0:54 31.70 0 0.00000000 0.00000000 0.00 0.00 0.00 31.18 9.00 -39.69 0.01 -0.01 -0.00 -0.59 0.71 10.08
 0:0:54 31.80 0 0.00000000 0.00000000 0.00 0.00 0.00 31.09 9.09 -39.69 0.00 -0.01 0.00 -0.63 0.71 10.12
 0:0:54 31.90 0 0.00000000 0.00000000 0.00 0.00 0.00 31.18 9.09 -39.39 0.01 -0.01 -0.00 -0.63 0.75 10.20
 0:0:54 32.01 0 0.00000000 0.00000000 0.00 0.00 0.00 31.27 9.18 -39.80 0.01 -0.01 0.00 -0.55 0.71 10.20
 0:0:55 32.11 0 0.00000000 0.00000000 0.00 0.00 0.00 31.09 9.00 -39.69 0.01 -0.02 -0.00 -0.59 0.71 10.24
 0:0:55 32.21 0 0.00000000 0.00000000 0.00 0.00 0.00 31.45 8.91 -39.49 0.01 -0.01 -0.00 -0.51 0.71 10.12
 0:0:55 32.31 0 0.00000000 0.00000000 0.00 0.00 0.00 31.18 9.18 -39.69 0.01 -0.01 -0.00 -0.55 0.71 10.24
 0:0:55 32.41 0 0.00000000 0.00000000 0.00 0.00 0.00 31.36 9.09 -39.80 0.00 -0.01 -0.00 -0.59 0.63 10.20
 0:0:55 32.51 0 0.00000000 0.00000000 0.00 0.00 0.00 31.36 9.00 -39.80 0.01 -0.01 -0.00 -0.59 0.71 10.16
 0:0:55 32.61 0 0.00000000 0.00000000 0.00 0.00 0.00 31.09 9.00 -39.59 0.00 -0.01 -0.00 -0.63 0.71 10.24
 0:0:55 32.71 0 0.00000000 0.00000000 0.00 0.00 0.00 31.36 8.91 -39.39 0.01 -0.01 -0.00 -0.55 0.67 10.24
 0:0:55 32.81 0 0.00000000 0.00000000 0.00 0.00 0.00 31.18 9.18 -39.49 0.01 -0.01 0.00 -0.55 0.63 10.16
 0:0:55 32.91 0 0.00000000 0.00000000 0.00 0.00 0.00 31.00 8.82 -39.69 0.00 -0.01 -0.00 -0.55 0.67 10.24
 0:0:55 33.01 0 0.00000000 0.00000000 0.00 0.00 0.00 31.09 8.91 -39.69 0.00 -0.01 -0.00 -0.59 0.71 10.08
 0:0:56 33.11 0 0.00000000 0.00000000 0.00 0.00 0.00 31.36 9.09 -39.59 0.01 -0.01 -0.00 -0.63 0.71 10.04
 0:0:56 33.21 0 0.00000000 0.00000000 0.00 0.00 0.00 31.36 9.09 -39.80 0.01 -0.01 -0.00 -0.51 0.78 10.24
 0:0:56 33.31 0 0.00000000 0.00000000 0.00 0.00 0.00 31.18 8.91 -39.59 0.01 -0.01 -0.00 -0.59 0.75 10.16
 0:0:56 33.41 0 0.00000000 0.00000000 0.00 0.00 0.00 31.18 9.09 -39.80 0.00 -0.01 0.00 -0.55 0.78 10.24
 0:0:56 33.52 0 0.00000000 0.00000000 0.00 0.00 0.00 31.27 9.00 -39.80 0.01 -0.01 -0.00 -0.67 0.71 10.20
 0:0:56 33.62 0 0.00000000 0.00000000 0.00 0.00 0.00 31.27 9.18 -39.69 0.00 -0.01 -0.00 -0.67 0.67 10.12
 0:0:56 33.72 0 0.00000000 0.00000000 0.00 0.00 0.00 31.18 9.00 -39.59 0.00 -0.02 -0.00 -0.55 0.78 10.16
 0:0:56 33.82 0 0.00000000 0.00000000 0.00 0.00 0.00 31.36 9.09 -39.49 0.00 -0.01 -0.00 -0.47 0.47 9.96
 0:0:56 33.92 0 0.00000000 0.00000000 0.00 0.00 0.00 31.18 9.00 -39.80 0.00 -0.01 0.00 -0.55 0.78 10.12
 0:0:56 34.02 0 0.00000000 0.00000000 0.00 0.00 0.00 31.55 9.18 -39.69 0.01 -0.01 -0.00 -0.59 0.75 10.16
 0:0:57 34.12 0 0.00000000 0.00000000 0.00 0.00 0.00 31.00 9.00 -39.80 0.00 -0.01 -0.00 -0.59 0.67 10.12
 0:0:57 34.22 0 0.00000000 0.00000000 0.00 0.00 0.00 31.27 8.91 -39.59 0.01 -0.02 -0.00 -0.67 0.78 10.16
 