3.32 0.08 0.06 0.07 0.06 0.08 0.09 0.01 -0.01 0.01 93.51 93.16 90.18 
3.50 0.07 0.06 0.07 0.06 0.01 0.07 0.01 -0.01 0.00 93.66 93.38 90.03 
3.60 0.07 0.07 0.07 0.07 -0.02 -0.01 0.01 -0.01 0.00 93.75 93.75 90.03 
3.70 0.06 0.07 0.06 0.07 0.06 0.05 0.01 -0.01 0.00 93.77 93.93 90.03 
3.80 0.08 0.07 0.06 0.07 0.01 0.01 0.01 -0.01 0.00 94.01 93.85 90.02 
3.90 0.08 0.07 0.06 0.07 0.01 0.02 0.01 -0.01 -0.00 93.96 94.03 89.97 
4.00 0.08 0.06 0.09 0.06 0.04 0.05 0.01 -0.01 0.00 93.47 93.66 90.05 
4.11 0.07 0.07 0.07 0.07 0.01 0.03 0.01 -0.00 0.00 93.77 93.73 90.05 
4.21 0.07 0.07 0.07 0.07 0.04 0.04 0.02 -0.01 0.00 93.81 93.96 90.05 
4.34 0.07 0.07 0.07 0.07 0.05 0.04 0.01 -0.01 0.00 93.87 94.00 90.01 
4.48 0.07 0.07 0.07 0.07 0.03 0.04 0.01 -0.01 -0.02 93.90 94.04 89.81 
4.61 0.01 0.06 0.07 0.07 0.04 0.03 -0.01 -0.58 -0.02 93.42 94.02 89.73 
4.74 0.07 0.06 -0.11 0.04 0.08 0.04 0.11 -1.78 -0.11 93.54 92.43 88.65 
4.84 0.07 0.06 -0.15 -0.01 1.57 2.14 0.07 -0.79 -0.07 93.63 90.58 88.80 
4.95 0.20 0.11 -0.40 -0.25 0.17 0.12 0.24 -0.72 -0.02 95.54 76.97 89.76 
5.05 0.13 0.14 -0.64 -0.40 0.04 0.04 0.21 -0.98 -0.08 97.98 67.35 89.10 
5.15 0.23 0.17 -0.53 -0.46 -0.02 0.06 0.11 -1.12 -0.06 99.08 64.60 89.18 
5.25 0.12 0.16 -0.56 -0.55 0.20 0.16 0.02 -0.79 0.04 98.94 58.54 90.47 
5.36 0.21 0.20 -0.75 -0.68 0.01 0.01 0.04 -0.61 0.13 101.59 51.53 91.56 
5.46 0.15 0.19 -0.72 -0.71 0.23 0.20 0.08 -0.57 0.07 100.73 49.06 90.83 
5.56 0.02 0.18 -0.97 -0.81 0.17 0.06 0.06 -0.50 0.04 100.39 43.55 90.42 
5.66 0.20 0.15 -0.87 -0.79 0.43 0.47 0.08 -0.29 0.07 98.14 45.30 91.00 
5.76 0.15 0.19 -0.83 -0.87 0.14 0.11 0.08 0.19 -0.01 100.81 40.17 89.83 
5.86 0.18 0.21 -0.81 -0.86 -0.01 -0.03 0.13 0.58 0.02 102.37 40.55 90.24 
5.96 0.24 0.20 -0.75 -0.79 0.08 0.09 0.13 0.20 -0.08 101.72 44.75 89.06 
6.07 0.23 0.20 -0.67 -0.71 0.15 0.17 0.08 0.05 0.03 101.32 49.20 90.05 
6.17 0.18 0.29 -0.81 -0.81 -0.18 -0.24 -0.06 1.63 0.25 107.93 43.70 92.75 
6.27 0.06 0.18 -0.44 -0.60 -0.00 -0.06 -0.29 2.74 0.36 100.16 55.60 94.29 
6.38 0.11 0.10 -0.24 -0.35 0.00 0.14 -0.45 1.11 0.02 95.68 68.85 90.82 
6.48 0.01 0.06 -0.08 -0.17 -0.01 -0.04 -0.29 0.09 -0.16 93.51 79.98 88.07 
6.58 0.15 0.05 -0.07 -0.09 -0.09 -0.01 0.06 0.11 0.03 91.97 84.62 90.04 
6.69 0.14 0.04 -0.19 -0.09 -0.06 0.01 0.25 0.61 0.19 91.47 85.59 91.91 
6.79 -0.02 0.01 -0.04 -0.07 0.26 0.24 0.11 0.37 0.16 90.52 85.64 92.19 
6.90 -0.04 0.04 0.02 -0.03 0.16 0.12 0.07 0.05 -0.15 92.82 87.88 88.39 
7.00 -0.00 0.04 0.03 0.02 0.13 0.10 -0.03 0.09 0.07 92.87 91.07 90.48 
7.11 0.09 0.05 0.04 0.02 0.13 0.16 -0.01 0.08 0.10 92.28 91.13 91.36 
7.21 0.04 0.06 -0.01 0.01 0.07 0.06 0.14 0.05 -0.01 93.25 90.31 89.91 
7.31 0.03 0.07 0.04 0.03 0.14 0.11 -0.02 0.17 0.02 94.12 91.51 90.21 
7.41 0.03 0.05 0.01 0.02 0.13 0.14 -0.11 0.03 -0.02 93.37 91.55 89.90 
7.51 0.07 0.06 0.05 0.04 0.12 0.12 -0.04 -0.12 -0.09 93.24 92.22 88.95 
7.61 0.08 0.07 0.02 0.04 0.04 0.05 0.11 -0.03 0.05 93.74 92.59 90.41 
7.72 0.06 0.07 0.03 0.03 0.09 0.08 -0.02 0.21 0.04 93.90 91.52 90.59 
7.82 0.05 0.05 0.07 0.05 0.13 0.12 0.03 0.18 0.02 93.07 92.64 90.19 
7.92 0.04 0.05 0.04 0.05 0.14 0.14 0.05 -0.09 -0.04 92.64 92.60 89.50 
8.02 0.05 0.05 0.02 0.04 0.10 0.10 -0.10 0.07 -0.05 93.10 92.30 89.42 
8.13 0.02 0.04 0.04 0.06 0.16 0.16 0.06 0.00 0.00 92.19 93.87 89.95 
8.23 0.05 0.05 0.05 0.06 0.11 0.11 0.04 -0.00 -0.05 92.74 93.21 89.61 
8.34 0.09 0.06 0.05 0.06 0.03 0.04 -0.01 -0.01 -0.01 93.47 93.55 89.86 
8.44 0.14 0.08 0.08 0.07 0.04 0.08 0.01 -0.04 -0.01 93.86 93.79 89.87 
8.54 0.06 0.06 0.07 0.07 0.07 0.07 0.01 -0.02 -0.01 93.46 93.80 89.86 
8.65 0.08 0.06 0.07 0.07 0.12 0.13 0.03 -0.00 0.00 93.21 93.94 90.43 
8.75 0.03 0.05 0.07 0.06 0.07 0.06 0.01 0.02 -0.06 93.04 93.15 89.22 
8.85 0.11 0.07 0.10 0.06 0.07 0.09 0.01 -0.14 -0.16 93.44 93.00 88.10 
8.95 0.01 0.03 0.00 0.07 0.19 0.18 -0.01 -0.04 0.06 92.19 94.68 90.71 
9.06 0.05 0.05 0.06 0.07 0.11 0.11 -0.05 -0.03 0.05 92.99 93.77 90.61 
9.16 0.05 0.06 0.06 0.05 0.07 0.01 0.06 -0.00 -0.00 93.24 92.99 89.95 
9.26 0.02 0.05 0.03 0.05 0.08 0.06 0.07 0.07 -0.01 93.17 93.16 89.97 
9.37 0.06 0.04 0.03 0.07 0.11 0.13 -0.07 -0.03 -0.02 92.25 94.44 89.81 
9.47 -0.01 0.02 0.06 0.06 0.20 0.18 0.02 -0.64 -0.06 91.34 93.21 89.31 
9.57 0.15 0.06 -0.03 0.00 0.14 0.21 0.15 -0.31 -0.08 93.25 90.10 89.06 
9.67 0.09 0.10 0.07 0.03 -0.02 -0.03 -0.57 0.26 0.20 95.83 90.95 92.17 
9.77 -0.01 0.02 -0.03 -0.03 0.01 -0.00 -0.82 -0.37 -0.00 91.14 88.53 90.52 
9.88 -0.15 -0.05 -0.08 -0.07 -0.33 -0.17 -0.61 -1.76 -0.42 87.97 86.00 85.34 
9.98 -0.14 -0.13 -0.24 -0.17 0.04 0.01 -0.14 -1.15 -0.30 82.89 80.69 86.05 
10.09 -0.04 -0.12 -0.53 -0.36 0.04 0.19 0.32 -0.88 -0.12 82.10 71.36 88.33 
10.19 -0.10 -0.12 -0.45 -0.45 0.16 0.18 0.11 -0.67 0.02 83.24 64.38 90.22 
10.29 -0.08 -0.08 -0.58 -0.57 -0.17 -0.17 -0.10 -0.82 -0.04 85.67 57.71 89.45 
10.40 -0.25 -0.12 -0.73 -0.64 0.23 0.06 0.06 -1.15 -0.06 84.24 54.14 89.15 
10.50 -0.09 -0.12 -0.86 -0.78 0.21 0.25 0.21 -0.78 -0.00 82.48 46.23 90.10 
10.60 -0.10 -0.12 -0.89 -0.85 0.22 0.25 0.14 -0.41 0.03 83.09 41.45 90.30 
10.71 0.02 -0.11 -1.01 -0.93 0.18 0.27 0.14 0.30 0.03 82.31 37.86 90.27 
10.81 -0.11 -0.09 -0.69 -0.92 0.15 0.13 0.18 2.24 0.18 84.58 37.17 92.22 
10.91 -0.02 -0.11 -0.41 -0.63 0.42 0.42 0.39 2.07 0.10 82.68 51.80 91.67 
11.01 0.17 -0.02 -0.39 -0.45 0.25 0.35 0.77 1.33 -0.15 86.63 63.85 88.40 
11.12 0.14 0.06 -0.13 -0.24 0.44 0.46 1.06 1.00 -0.01 92.36 75.42 89.60 
11.22 0.24 0.15 -0.07 -0.12 0.48 0.52 1.24 1.11 0.17 97.61 82.55 92.04 
11.32 0.29 0.26 -0.09 -0.06 0.62 0.63 1.09 0.16 0.14 104.93 86.59 92.02 
11.43 0.42 0.35 -0.04 -0.04 0.80 0.69 0.90 -0.19 0.06 109.54 87.95 90.56 
11.53 0.46 0.44 0.05 -0.01 0.78 0.77 0.75 0.20 0.06 115.01 89.37 90.77 
11.63 0.58 0.53 -0.05 -0.04 0.79 0.63 0.54 -0.03 -0.00 120.20 87.98 90.06 
11.73 0.58 0.59 -0.03 -0.08 0.63 0.62 0.27 0.04 -0.06 123.74 85.18 89.42 
11.84 0.63 0.62 -0.05 -0.05 0.67 0.68 0.09 0.07 -0.05 125.34 87.08 89.44 
11.94 0.68 0.63 -0.07 -0.02 0.68 0.71 0.05 -0.12 -0.00 125.56 89.01 89.86 
12.05 0.79 0.70 -0.04 -0.02 0.44 0.49 0.02 -0.13 0.04 129.16 88.96 90.56 
12.15 0.63 0.64 0.05 -0.02 0.73 0.66 0.12 -0.10 -0.02 126.64 88.39 89.83 
12.25 0.67 0.66 -0.07 -0.03 0.63 0.65 -0.27 0.10 -0.01 127.62 88.42 89.84 
12.35 0.52 0.61 0.00 -0.04 0.46 0.40 -1.01 0.25 -0.01 126.02 87.51 89.87 
12.46 0.44 0.52 0.04 -0.03 0.47 0.42 -1.55 0.55 -0.02 120.39 87.68 89.71 
12.56 0.18 0.34 0.02 0.02 0.18 0.08 -2.09 -0.20 -0.17 111.37 91.16 88.24 
12.66 -0.04 0.15 -0.09 -0.03 -0.43 0.07 -1.86 -1.01 -0.29 100.23 89.10 86.47 
12.77 -0.08 0.02 -0.09 -0.03 -0.55 -0.67 -1.35 -0.66 0.05 91.95 88.95 90.05 
12.87 -0.23 -0.13 -0.11 -0.07 -0.62 -0.75 -0.74 -0.09 0.49 83.85 86.30 95.19 
12.97 -0.30 -0.25 -0.12 -0.09 -0.11 -0.18 -0.53 0.18 0.56 75.82 84.58 96.70 
13.07 -0.48 -0.36 -0.13 -0.10 0.28 0.18 -0.69 -0.02 0.30 70.43 84.61 94.11 
13.18 -0.46 -0.41 -0.08 -0.07 0.41 0.36 -0.78 0.02 0.11 66.80 85.79 91.33 
13.28 -0.53 -0.49 -0.09 -0.06 0.27 0.24 -0.80 -0.16 0.07 62.16 87.01 90.85 
13.39 -0.59 -0.56 0.00 -0.04 -0.00 -0.05 -0.68 -0.11 0.09 58.45 87.02 90.88 
13.49 -0.62 -0.62 -0.02 -0.06 0.07 0.07 -0.60 0.08 0.09 54.21 86.38 91.28 
13.59 -0.72 -0.68 -0.04 -0.07 0.14 0.09 -0.25 0.06 -0.00 51.57 85.74 90.13 
13.69 -0.70 -0.69 -0.06 -0.05 0.18 0.16 -0.06 -0.06 0.03 50.58 87.02 90.32 
13.80 -0.70 -0.70 -0.04 -0.04 0.24 0.25 -0.01 -0.10 0.06 49.84 87.50 90.71 
13.90 -0.74 -0.73 -0.08 -0.07 0.38 0.37 0.04 -0.08 0.00 48.61 86.40 90.24 
14.01 -0.67 -0.70 -0.08 -0.07 0.24 0.27 0.35 -0.09 -0.10 49.69 86.12 88.75 
14.11 -0.65 -0.67 -0.07 -0.08 0.45 0.47 0.97 -0.04 -0.19 51.37 85.48 87.82 
14.21 -0.57 -0.62 -0.09 -0.09 0.48 0.54 1.15 0.21 -0.20 53.83 84.95 87.65 
14.31 -0.46 -0.50 -0.08 -0.07 0.75 0.78 1.18 -0.23 -0.25 60.72 86.00 87.22 
14.42 -0.27 -0.38 -0.10 -0.07 0.74 0.55 1.28 -0.01 -0.43 68.09 85.90 84.85 
14.52 -0.12 -0.25 -0.08 -0.07 0.48 0.59 1.37 0.23 -0.23 74.22 85.98 86.96 
14.62 -0.11 -0.13 0.05 -0.07 0.65 0.62 1.38 0.43 -0.16 82.13 85.02 88.06 
14.73 0.19 0.05 0.06 0.02 0.44 0.53 1.53 0.36 0.04 91.50 90.54 90.14 
14.83 0.30 0.20 0.10 0.00 0.71 0.72 1.18 0.52 0.13 100.74 89.27 91.39 
14.93 0.21 0.25 -0.03 -0.01 0.76 0.65 0.95 0.26 0.09 105.04 89.91 91.43 
15.04 0.45 0.39 -0.00 0.01 0.62 0.65 0.74 -0.05 -0.09 111.84 90.41 88.83 
15.14 0.55 0.46 0.06 0.04 0.76 0.79 0.64 0.03 -0.04 115.30 91.48 89.36 
15.25 0.25 0.49 0.15 0.09 0.86 0.75 0.16 0.03 0.01 120.23 94.26 90.27 
15.35 0.70 0.66 0.12 0.05 0.60 0.60 0.26 0.05 0.01 127.28 92.10 90.06 
15.45 0.66 0.57 0.04 0.06 0.82 0.86 0.27 -0.33 -0.01 122.02 93.92 89.86 
15.56 0.69 0.59 0.01 0.06 0.77 0.82 0.31 -0.20 0.02 122.98 93.97 90.25 
15.66 0.68 0.65 0.06 0.05 0.75 0.75 0.01 0.08 0.05 126.84 92.73 90.57 
15.77 0.68 0.69 0.09 0.05 0.56 0.54 -0.42 0.24 0.04 129.70 92.27 90.25 
15.87 0.55 0.60 0.09 0.07 0.64 0.61 -0.81 -0.30 0.03 124.23 93.94 90.42 
15.97 0.43 0.53 0.04 0.06 0.37 0.62 -1.34 -0.44 0.16 121.41 93.90 91.83 
16.07 0.18 0.35 -0.09 0.00 0.62 0.56 -1.81 -0.26 0.13 111.56 91.02 91.74 
16.18 0.07 0.19 0.03 -0.02 -0.10 -0.20 -2.20 0.01 -0.12 102.36 88.62 88.92 
16.28 -0.17 -0.03 -0.02 -0.00 0.26 0.12 -1.87 -0.45 -0.18 89.83 89.90 87.70 
16.39 -0.31 -0.19 -0.10 -0.04 -0.45 -0.60 -1.57 -0.26 0.16 80.51 88.41 91.70 
16.49 -0.45 -0.36 -0.08 -0.07 -0.47 0.05 -1.03 -0.39 0.15 70.53 86.03 91.98 
16.59 -0.49 -0.46 -0.07 -0.10 -0.09 -0.13 -0.60 -0.18 -0.06 63.90 84.20 89.34 
16.69 -0.50 -0.50 -0.11 -0.10 -0.37 -0.07 -0.11 -0.05 -0.01 61.42 84.01 89.83 
16.79 -0.45 -0.48 -0.06 -0.10 -0.22 -0.16 0.90 0.21 -0.00 62.01 84.18 89.63 
16.90 -0.43 -0.44 -0.11 -0.09 0.71 0.73 1.83 0.14 0.21 64.57 84.99 92.28 
17.00 -0.23 -0.30 -0.09 -0.11 0.53 0.58 1.94 0.49 0.12 71.95 83.59 91.42 
17.10 -0.12 -0.12 -0.11 -0.05 0.84 0.87 1.69 0.26 0.20 82.84 87.41 92.41 
17.20 0.21 0.04 -0.04 -0.02 0.70 0.80 1.49 0.26 0.16 92.40 88.72 91.94 
17.31 0.28 0.19 0.02 0.00 0.90 0.92 1.19 0.23 0.03 100.20 89.81 90.83 
17.41 0.49 0.33 0.03 0.02 0.88 0.92 0.87 0.05 -0.13 107.16 90.87 88.53 
17.51 0.58 0.46 0.06 0.05 0.80 0.85 0.56 0.21 -0.14 114.95 92.57 88.26 
17.62 0.45 0.46 0.08 0.08 0.91 0.91 0.54 -0.08 -0.06 116.53 94.38 89.09 
17.72 0.65 0.54 0.06 0.07 0.89 0.84 0.45 -0.05 -0.04 119.88 93.79 89.56 
17.82 0.51 0.58 0.07 0.06 0.81 0.78 -0.30 0.19 -0.08 123.67 93.22 89.08 
17.92 0.47 0.53 0.12 0.09 0.55 0.77 -1.25 -0.20 -0.13 120.58 94.99 88.39 
18.02 0.37 0.41 0.08 0.09 0.62 0.60 -1.82 -0.34 -0.12 114.03 95.52 88.67 
18.12 0.46 0.30 0.01 0.08 -0.30 -0.15 -1.89 -0.39 -0.15 105.53 95.21 88.21 
18.23 -0.14 0.05 -0.01 0.04 0.31 0.16 -1.94 -0.34 -0.17 94.45 93.13 88.06 
18.33 -0.35 -0.10 0.00 0.01 -0.33 -0.54 -1.81 -0.08 -0.14 86.58 90.78 88.19 
18.43 -0.33 -0.26 0.01 0.01 -0.90 -0.42 -1.20 -0.43 -0.02 75.65 90.82 89.75 
18.53 -0.53 -0.41 -0.05 -0.04 -0.27 -0.41 -0.53 -0.25 0.08 67.91 87.79 90.87 
18.63 -0.47 -0.47 -0.04 -0.06 -0.11 0.15 -0.22 0.18 0.01 62.88 86.64 90.08 
18.74 -0.43 -0.45 -0.01 -0.03 -0.30 -0.27 0.73 -0.01 0.03 63.79 88.24 90.30 
18.84 -0.39 -0.44 -0.01 -0.03 0.55 0.58 1.47 0.15 0.20 64.41 88.03 92.31 
18.94 -0.20 -0.34 -0.05 -0.05 0.51 0.60 1.54 0.24 0.17 69.20 87.28 92.00 
19.04 -0.08 -0.20 -0.05 -0.04 0.78 0.83 1.47 -0.08 0.05 77.02 87.54 90.68 
19.14 0.02 -0.06 -0.01 -0.02 0.79 0.83 1.42 0.27 0.06 85.70 88.43 90.67 
19.24 0.13 0.07 0.01 0.01 0.84 0.86 1.16 0.26 0.07 94.04 90.78 90.89 
19.34 0.35 0.21 0.07 0.03 0.68 0.73 1.06 0.03 0.08 102.18 91.62 90.99 
19.44 0.27 0.30 0.03 0.03 0.72 0.71 0.89 0.12 0.10 107.17 92.01 91.19 
19.55 0.49 0.41 0.07 0.04 0.81 0.82 0.56 0.31 -0.02 112.33 91.73 89.85 
19.65 0.49 0.47 0.12 0.08 0.75 0.74 -0.11 0.31 -0.07 116.95 94.20 89.19 
19.75 0.37 0.42 0.12 0.10 0.82 0.80 -0.45 -0.75 -0.16 114.60 95.47 88.22 
19.86 0.37 0.37 0.00 0.04 1.11 0.91 -0.56 -1.74 -0.22 111.01 92.95 87.19 
19.96 0.34 0.37 -0.17 -0.09 0.87 0.94 -0.52 -1.63 -0.02 111.45 85.89 89.59 
20.06 0.34 0.33 -0.39 -0.25 1.40 0.80 -0.56 -1.81 0.03 109.14 75.55 90.39 
20.16 0.32 0.32 -0.56 -0.41 0.53 0.80 -0.50 -1.64 0.06 107.97 68.07 90.47 
20.27 0.39 0.29 -0.80 -0.62 0.24 0.78 -0.30 -1.03 0.17 105.62 56.06 92.05 
20.37 0.17 0.23 -0.71 -0.69 0.70 0.65 -0.06 -0.72 0.19 103.55 50.53 92.32 
20.48 0.39 0.27 -0.89 -0.81 0.23 0.40 0.03 -0.57 0.16 104.27 44.08 91.79 
20.58 0.37 0.32 -1.08 -0.97 -0.16 -0.06 -0.06 0.34 0.20 108.26 34.71 92.44 
20.68 0.17 0.23 -0.77 -0.90 0.13 0.08 -0.07 1.60 0.10 103.65 36.83 91.20 
20.78 0.02 0.16 -0.71 -0.79 0.26 0.26 0.13 1.45 -0.03 100.75 44.11 90.03 
20.88 0.12 0.13 -0.38 -0.58 0.49 0.43 0.07 2.35 -0.18 97.63 54.93 87.75 
20.98 0.18 0.15 -0.06 -0.29 0.28 0.26 -0.11 2.19 -0.01 98.22 71.27 89.85 
21.09 0.18 0.14 -0.04 -0.12 0.29 0.31 0.01 1.64 0.05 97.37 82.37 90.73 
21.19 0.15 0.12 0.15 0.06 0.33 0.33 0.19 1.06 0.13 96.40 92.38 91.42 
21.29 0.11 0.15 0.22 0.16 0.28 0.27 0.11 1.02 0.07 98.89 98.50 90.93 
21.40 0.17 0.15 0.31 0.23 0.31 0.31 0.02 0.67 -0.06 98.50 102.12 89.29 
21.50 0.15 0.15 0.30 0.28 0.26 0.25 -0.16 0.75 -0.12 98.36 106.07 88.53 
21.60 0.12 0.12 0.40 0.36 0.35 0.34 -0.14 0.28 -0.09 96.73 110.40 88.81 
21.70 0.07 0.09 0.35 0.38 0.35 0.35 0.11 -0.85 -0.09 95.62 112.05 89.06 
21.81 0.22 0.13 0.31 0.33 0.78 0.40 0.14 -1.96 -0.18 96.39 108.86 87.62 
21.91 0.12 0.13 0.08 0.18 0.50 0.57 -0.07 -1.79 -0.11 97.65 101.10 88.59 
22.01 0.11 0.11 -0.09 -0.00 1.35 1.55 0.01 -1.97 -0.08 96.26 90.84 89.01 
22.12 0.22 0.15 -0.32 -0.19 0.56 0.86 0.11 -1.88 0.03 97.61 80.53 90.47 
22.22 0.08 0.14 -0.50 -0.38 1.70 1.98 0.15 -1.71 -0.01 98.01 68.24 89.87 
22.32 0.24 0.16 -0.66 -0.58 0.70 0.86 -0.05 -1.40 0.07 98.59 57.63 90.45 
22.42 0.17 0.19 -0.84 -0.76 0.59 0.67 -0.11 -1.12 0.17 100.96 47.34 92.02 
22.52 0.13 0.25 -1.11 -0.97 -0.03 -0.11 -0.07 -0.03 0.08 104.58 34.16 90.96 
22.62 0.12 0.24 -0.93 -0.99 -0.09 -0.14 0.00 1.52 -0.06 104.74 32.49 89.36 
22.73 0.21 0.27 -0.73 -0.84 -0.17 -0.19 0.12 2.02 -0.10 106.13 41.07 88.77 
22.83 0.07 0.17 -0.30 -0.48 0.21 0.09 -0.04 2.47 -0.03 100.76 60.50 89.40 
22.93 0.11 0.14 -0.05 -0.22 0.16 0.13 -0.01 2.48 0.03 98.29 77.12 90.35 
23.03 0.08 0.13 0.18 0.03 0.01 0.20 0.06 1.85 0.12 98.05 90.44 91.32 
23.14 0.04 0.11 0.27 0.19 0.35 0.30 -0.01 1.01 0.10 96.87 100.13 91.31 
23.24 0.12 0.13 0.29 0.28 0.27 0.30 0.02 0.50 -0.05 97.58 105.98 89.45 
23.34 0.11 0.15 0.36 0.36 0.26 0.23 -0.14 0.45 0.05 98.79 110.31 90.50 
23.45 0.10 0.13 0.39 0.38 0.31 0.30 -0.13 0.04 -0.12 97.51 111.69 88.83 
23.55 0.12 0.10 0.33 0.35 0.26 0.27 0.08 -1.45 -0.18 95.42 110.24 87.99 
23.65 0.12 0.11 0.21 0.29 0.24 0.26 0.15 -1.98 -0.16 96.10 106.40 88.06 
23.75 0.18 0.13 -0.00 0.11 0.81 0.42 0.08 -1.64 -0.05 97.20 97.50 89.22 
23.86 0.12 0.12 -0.21 -0.08 0.58 0.69 0.09 -1.77 -0.05 96.87 87.03 89.35 
23.96 0.12 0.12 -0.33 -0.23 1.58 1.75 0.22 -1.84 -0.05 96.72 77.93 89.45 
24.06 0.51 0.28 -0.69 -0.49 -0.31 -0.09 0.28 -1.65 -0.02 103.84 64.27 89.71 
24.17 0.27 0.26 -0.69 -0.64 0.62 0.71 0.03 -1.41 0.06 104.54 53.92 90.60 
24.27 0.45 0.31 -1.06 -0.86 0.09 0.32 -0.09 -0.74 0.16 106.22 43.02 91.89 
24.37 0.08 0.29 -0.97 -0.99 0.01 -0.08 -0.09 0.64 0.03 106.68 33.26 90.34 
24.47 0.12 0.17 -0.76 -0.84 0.30 0.27 -0.06 1.63 -0.07 100.02 41.25 89.18 
24.58 0.09 0.15 -0.51 -0.60 0.50 0.42 -0.03 1.49 -0.05 99.20 54.61 89.34 
24.68 0.23 0.19 -0.24 -0.42 0.10 0.11 -0.02 1.88 -0.03 100.71 63.89 89.39 
24.78 0.16 0.18 -0.10 -0.25 0.12 0.12 0.09 1.98 0.09 100.47 74.11 91.05 
24.88 0.16 0.16 0.06 -0.07 0.20 0.19 0.06 1.84 0.08 99.33 86.13 90.95 
24.99 0.23 0.17 0.21 0.12 0.14 0.22 -0.16 1.27 -0.00 99.16 95.82 90.10 
25.09 0.09 0.13 0.26 0.22 0.29 0.26 -0.13 0.81 -0.02 97.67 102.43 89.72 
25.19 0.10 0.11 0.39 0.30 0.29 0.27 0.05 0.15 -0.09 96.38 106.33 89.08 
25.29 0.05 0.11 0.35 0.35 0.26 0.23 -0.07 0.02 -0.05 97.05 110.17 89.32 
25.40 0.14 0.10 0.29 0.32 0.31 0.34 -0.01 -1.31 -0.17 95.06 108.69 88.25 
25.50 0.12 0.10 0.13 0.24 0.84 0.40 0.15 -1.97 -0.17 95.76 105.10 87.90 
25.60 0.12 0.12 -0.05 0.08 0.54 0.66 0.18 -1.95 -0.08 97.18 95.71 89.01 
25.70 0.13 0.13 -0.20 -0.11 1.72 1.89 0.27 -1.96 -0.06 97.19 84.64 89.14 
25.80 0.20 0.19 -0.42 -0.31 0.70 0.93 0.41 -1.91 -0.01 100.92 72.25 89.88 
25.91 0.41 0.28 -0.69 -0.56 0.67 1.11 0.19 -1.52 0.08 104.47 59.09 90.77 
26.01 0.35 0.38 -0.87 -0.80 -0.09 -0.11 0.03 -0.75 0.13 111.79 44.75 91.46 
26.11 0.54 0.43 -1.04 -0.94 -0.28 -0.24 -0.03 0.29 0.07 113.58 37.27 90.94 
26.22 0.27 0.36 -0.82 -0.91 -0.08 -0.09 -0.10 1.46 -0.09 111.66 37.15 88.99 
26.32 0.17 0.30 -0.43 -0.62 -0.04 -0.11 -0.23 2.34 -0.07 108.66 52.53 88.98 
26.42 0.18 0.21 -0.05 -0.32 0.17 0.14 -0.19 1.91 0.08 101.98 69.06 90.75 
26.52 0.22 0.20 -0.03 -0.12 -0.02 0.00 -0.06 1.52 0.05 101.36 82.30 90.63 
26.63 0.20 0.17 0.18 0.04 0.12 0.12 -0.07 1.84 0.03 99.48 90.97 90.01 
26.73 0.03 0.13 0.28 0.21 0.29 0.21 -0.20 1.52 0.12 98.58 101.31 91.54 
26.83 0.10 0.12 0.30 0.30 0.20 0.19 0.06 0.11 -0.06 97.12 107.43 89.39 
26.93 0.17 0.15 0.40 0.36 0.11 0.12 0.09 0.24 0.00 98.09 110.33 89.86 
27.03 0.07 0.12 0.37 0.38 0.23 0.21 -0.18 0.08 -0.07 97.38 111.98 89.35 
27.14 -0.01 0.08 0.32 0.35 0.26 0.23 0.03 -1.39 -0.24 95.36 110.58 87.38 
27.27 0.11 0.08 0.18 0.33 0.93 0.36 0.09 -2.05 -0.21 94.80 108.78 87.49 
27.40 0.12 0.09 -0.09 0.27 2.88 1.22 0.07 -1.85 0.02 95.12 105.23 90.23 
27.54 0.16 0.10 -0.35 0.17 2.93 2.89 0.30 -1.77 -0.03 95.72 99.90 89.68 
27.67 0.25 0.12 -0.65 0.05 2.93 2.93 0.20 -1.43 -0.00 97.05 92.79 89.99 
27.77 0.31 0.17 -0.85 -0.19 2.92 2.91 -0.15 -0.97 0.10 98.24 85.74 91.22 
27.87 0.12 0.16 -0.93 -0.67 1.55 1.98 -0.09 -0.59 0.12 99.52 54.24 91.53 
27.98 0.14 0.32 -0.95 -0.91 -0.24 -0.36 0.02 -0.02 0.01 110.44 38.50 90.28 
28.08 0.05 0.46 -0.67 -0.92 -0.60 -0.67 0.15 0.35 -0.03 120.40 34.50 89.70 
28.18 0.16 0.50 -0.76 -0.94 -0.50 -0.57 0.17 1.19 -0.07 121.81 34.41 89.14 
28.28 0.91 0.67 -0.69 -0.76 -1.10 -1.02 0.04 1.83 -0.09 126.05 45.54 88.74 
28.39 0.12 0.33 -0.24 -0.46 -0.31 -0.39 0.06 1.73 -0.04 111.37 61.22 89.33 
28.49 0.14 0.17 -0.16 -0.25 0.42 0.38 -0.01 1.48 -0.01 100.02 74.72 89.84 
28.59 0.20 0.20 -0.01 -0.11 0.32 0.29 0.09 1.16 0.01 101.63 83.57 90.16 
28.69 0.25 0.23 0.05 -0.01 0.12 0.13 0.03 1.23 -0.03 103.02 89.18 89.60 
28.79 0.13 0.22 0.17 0.13 0.22 0.16 -0.28 1.34 -0.05 103.37 97.10 89.33 
28.90 0.04 0.19 0.31 0.27 0.14 0.06 -0.22 1.03 -0.05 102.38 105.38 89.41 
29.00 0.20 0.22 0.40 0.36 -0.01 -0.02 0.17 0.17 0.04 102.55 110.15 90.50 
29.10 0.18 0.20 0.37 0.37 0.06 0.05 0.01 -0.05 0.06 101.75 111.25 90.70 
29.20 0.11 0.16 0.26 0.33 0.29 0.27 -0.04 -1.90 -0.17 99.44 109.49 88.10 
29.31 0.20 0.16 0.14 0.22 0.35 0.44 -0.03 -1.96 -0.10 98.63 103.56 88.50 
29.41 0.19 0.20 -0.08 0.04 -0.46 -1.26 -0.01 -1.76 -0.03 101.55 92.11 89.64 
29.51 0.22 0.21 -0.33 -0.18 -0.06 -0.06 -0.03 -1.58 -0.05 102.10 81.08 89.42 
29.61 0.22 0.18 -0.46 -0.34 0.33 0.64 -0.09 -1.34 -0.05 100.45 70.74 89.40 
29.71 0.11 0.16 -0.60 -0.50 0.33 0.30 -0.06 -1.21 0.01 99.97 62.52 90.17 
29.81 0.08 0.15 -0.83 -0.64 0.48 0.55 0.09 -0.85 -0.00 99.04 55.15 90.02 
29.92 0.23 0.22 -1.00 -0.80 0.11 0.15 0.33 -0.51 -0.00 102.27 46.08 90.09 
30.02 0.34 0.25 -1.02 -0.95 0.12 0.17 0.34 1.02 -0.05 103.32 36.36 89.52 
30.12 0.41 0.35 -0.63 -0.79 -0.12 -0.09 -0.08 2.27 -0.08 109.90 44.62 89.05 
30.22 0.42 0.29 -0.40 -0.48 -0.11 -0.01 -0.27 2.01 0.03 105.54 61.93 90.34 
30.32 0.15 0.21 -0.15 -0.25 0.03 -0.01 0.02 1.50 0.10 102.70 74.79 91.11 
30.43 0.26 0.20 -0.00 -0.09 0.19 0.16 0.32 1.17 0.13 100.66 83.82 91.60 
30.53 0.16 0.18 0.11 0.03 0.37 0.34 0.24 1.00 0.13 100.56 90.90 91.72 
30.63 0.30 0.24 0.20 0.11 0.19 0.21 -0.11 1.10 0.02 102.86 95.59 90.21 
30.74 0.12 0.16 0.26 0.20 0.39 0.35 -0.45 0.73 -0.19 99.66 100.54 87.88 
30.84 0.12 0.11 0.28 0.24 0.27 0.27 -0.28 -1.25 -0.29 96.52 103.78 86.50 
30.94 0.12 0.10 0.09 0.18 0.32 0.36 0.20 -1.83 -0.06 95.28 101.11 89.15 
31.04 0.14 0.12 -0.11 0.01 0.64 0.77 0.23 -1.75 -0.09 96.59 91.70 89.15 
31.15 0.10 0.15 -0.27 -0.15 1.38 0.58 0.13 -1.58 -0.06 98.76 82.88 89.21 
31.25 0.26 0.21 -0.41 -0.31 0.19 0.41 0.03 -1.54 0.03 101.49 73.55 90.27 
31.35 0.11 0.20 -0.65 -0.50 0.86 1.10 0.07 -1.48 0.09 102.63 62.97 91.09 
31.45 0.17 0.19 -0.78 -0.68 0.47 0.51 0.06 -1.21 0.10 101.37 52.43 91.08 
31.56 0.64 0.36 -1.14 -0.95 -0.19 -0.07 0.10 -0.09 0.02 108.01 37.44 90.33 
31.66 0.20 0.27 -0.89 -0.91 0.08 0.08 0.08 1.16 -0.06 106.19 37.75 89.37 
31.76 0.21 0.32 -0.57 -0.78 -0.05 -0.09 -0.02 1.89 -0.06 109.70 43.43 89.01 
31.87 0.15 0.26 -0.37 -0.49 -0.02 -0.08 -0.05 1.38 0.06 106.00 60.82 90.69 
31.97 0.20 0.22 -0.22 -0.36 0.14 0.11 0.09 1.59 0.04 102.44 69.58 90.49 
32.07 0.18 0.20 -0.10 -0.18 0.27 0.24 0.17 1.47 0.06 101.48 78.51 90.56 
32.18 0.30 0.22 0.08 -0.02 0.22 0.26 0.08 1.55 0.05 102.01 87.89 90.43 
32.28 0.20 0.19 0.16 0.09 0.28 0.27 -0.07 1.06 0.01 101.00 94.40 90.35 
32.38 0.18 0.19 0.27 0.24 0.18 0.29 -0.18 1.02 -0.02 100.94 103.11 89.68 
32.48 0.10 0.13 0.34 0.30 0.33 0.31 -0.27 0.20 -0.10 97.46 107.10 88.86 
32.59 0.07 0.09 0.29 0.30 0.38 0.37 0.10 -1.94 -0.18 95.67 107.56 87.66 
32.69 0.16 0.13 0.11 0.22 0.49 0.58 0.21 -2.06 -0.04 97.25 102.71 89.50 
32.79 0.23 0.18 -0.13 0.02 0.92 1.36 0.15 -2.03 -0.01 99.65 92.48 90.01 
32.89 0.21 0.17 -0.18 -0.15 0.82 0.92 0.03 -1.93 -0.04 100.03 81.25 89.49 
32.99 0.17 0.21 -0.52 -0.38 1.21 1.58 -0.01 -1.83 -0.01 102.02 68.08 89.84 
33.09 0.24 0.28 -0.89 -0.66 0.02 -0.03 -0.05 -1.56 0.10 106.43 54.49 90.99 
33.20 0.24 0.29 -1.07 -0.85 0.04 0.00 -0.11 -1.00 0.16 106.61 41.33 91.95 
33.30 0.41 0.29 -0.96 -0.95 -0.02 0.05 0.04 0.33 0.00 106.89 35.39 90.01 
33.40 0.30 0.27 -0.95 -0.99 0.08 0.09 0.17 1.85 -0.16 105.37 33.37 88.12 
33.50 0.29 0.28 -0.46 -0.70 -0.01 0.00 0.03 2.55 -0.14 105.83 49.64 88.30 
33.60 0.05 0.20 -0.02 -0.31 0.52 0.20 -0.11 2.00 0.04 103.29 69.02 90.38 
33.70 0.11 0.16 -0.01 -0.14 0.36 0.29 -0.05 1.63 0.08 99.41 82.15 91.00 
33.81 0.19 0.18 0.06 -0.00 0.12 0.29 -0.06 1.50 -0.03 99.92 89.33 89.82 
33.91 0.12 0.14 0.17 0.12 0.22 0.20 -0.10 0.28 0.01 98.13 96.16 90.25 
34.01 0.14 0.10 0.13 0.13 0.39 0.42 0.12 -0.52 -0.09 95.63 97.68 88.69 
34.12 0.22 0.15 0.11 0.10 0.16 0.21 -0.06 0.12 -0.01 98.09 95.69 89.64 
34.22 0.18 0.20 0.14 0.13 -0.08 -0.10 -0.27 0.46 0.08 101.59 97.67 90.98 
34.32 0.07 0.10 0.13 0.16 0.14 0.17 -0.04 -0.13 0.02 96.38 99.31 90.11 
34.42 0.08 0.08 0.08 0.15 0.34 0.35 0.29 -0.83 0.07 94.77 98.43 90.81 
34.53 0.14 0.18 0.11 0.10 -0.03 -0.07 -0.20 -0.45 -0.18 100.68 95.61 87.85 
34.63 0.10 0.17 0.14 0.09 -0.20 -0.24 -0.34 0.44 -0.07 100.66 94.66 88.72 
34.74 0.08 0.08 0.12 0.11 -0.06 -0.06 -0.10 0.19 0.02 94.86 96.15 90.35 
34.84 0.27 0.19 0.43 0.13 -0.44 -0.33 0.08 -0.06 0.07 100.61 97.51 90.89 
34.94 0.04 0.14 0.10 0.08 -0.20 -0.25 -0.20 -0.30 0.18 98.70 94.51 92.15 
35.05 -0.01 0.08 0.05 0.06 -0.06 -0.11 -0.07 -0.14 0.03 95.82 93.37 90.51 
35.15 0.09 0.09 0.15 0.09 -0.14 -0.13 0.12 0.06 0.06 95.12 94.91 90.67 
35.25 0.08 0.10 0.15 0.09 -0.08 -0.09 0.23 -0.02 0.07 95.83 95.25 90.85 
35.35 0.20 0.10 -0.14 0.04 -0.08 -0.03 -0.24 -0.16 0.01 94.83 94.18 90.12 
35.45 -0.02 0.13 0.05 0.04 -0.23 -0.31 0.01 -0.03 -0.11 97.58 92.42 88.74 
35.56 -0.03 0.03 0.14 0.08 0.11 0.09 0.01 -0.01 -0.05 92.45 93.67 88.91 
35.66 0.28 0.10 0.01 0.08 -0.21 -0.11 0.00 -0.04 0.00 94.10 95.06 90.05 
35.76 0.11 0.08 0.22 0.09 -0.07 -0.04 -0.01 -0.03 0.00 94.29 94.16 90.04 
35.87 0.11 0.08 0.08 0.07 -0.03 -0.02 0.01 -0.01 0.00 94.14 93.74 90.05 
35.97 0.07 0.06 0.10 0.08 -0.00 0.00 0.02 -0.02 0.00 93.32 94.35 90.05 
36.08 0.17 0.08 0.00 0.06 -0.05 0.00 0.01 -0.01 0.00 93.40 94.24 90.05 
36.18 0.00 0.06 0.11 0.07 -0.03 -0.07 0.01 -0.03 0.00 93.86 93.48 90.05 
36.29 -0.01 0.05 0.13 0.08 0.05 0.01 0.01 -0.03 0.00 93.59 94.20 90.08 
36.39 0.05 0.05 0.09 0.08 0.02 -0.03 0.01 -0.00 0.01 93.07 94.19 90.03 
36.50 0.12 0.09 0.07 0.03 -0.09 -0.07 0.01 -0.01 -0.09 94.58 91.41 89.30 
36.60 0.15 0.10 0.08 0.07 -0.15 -0.12 0.02 -0.01 0.03 95.58 94.05 90.34 
36.70 0.22 0.14 0.04 0.07 -0.31 -0.27 -0.00 0.00 0.19 97.24 94.33 92.27 
36.81 -0.11 0.02 0.07 0.08 0.18 0.10 -0.01 0.02 0.20 92.20 94.68 92.62 
36.91 0.00 0.03 0.07 0.07 0.08 0.06 -0.01 0.01 0.00 91.49 93.97 90.01 
37.01 0.05 0.05 0.08 0.08 0.03 0.03 -0.00 0.01 0.00 92.72 94.34 90.03 
37.11 0.06 0.05 0.08 0.07 0.05 0.06 0.02 -0.02 0.00 93.05 94.29 90.04 
37.22 0.06 0.06 0.08 0.07 0.03 0.03 0.02 -0.02 0.00 93.45 94.27 90.03 
37.32 0.08 0.08 0.12 0.08 -0.10 -0.10 0.02 -0.01 0.00 94.61 94.83 90.03 
37.42 0.04 0.07 0.03 0.07 -0.02 -0.03 0.02 -0.02 0.01 93.76 94.28 90.07 
37.52 0.07 0.07 0.08 0.07 -0.05 -0.05 0.01 -0.01 0.00 93.67 94.10 90.05 
37.62 0.08 0.06 0.08 0.08 0.01 0.02 0.02 -0.01 0.00 93.36 94.49 90.02 
37.73 0.06 0.06 0.07 0.07 -0.02 -0.02 0.02 -0.02 0.00 93.54 94.34 90.02 
37.83 0.06 0.06 0.08 0.07 -0.04 -0.04 0.01 -0.01 0.00 93.64 94.07 90.04 
37.94 0.04 0.05 0.07 0.07 0.01 0.01 0.01 0.00 0.00 93.13 94.33 90.03 
38.04 0.06 0.06 0.07 0.07 0.02 0.01 0.01 -0.01 0.00 93.34 94.26 90.01 
38.14 0.06 0.06 0.07 0.07 -0.01 0.01 0.01 -0.02 0.00 93.50 94.11 90.06 
38.25 0.07 0.06 0.07 0.07 0.01 0.01 0.01 -0.01 0.00 93.60 94.03 90.06 
38.35 0.07 0.06 0.07 0.07 0.00 -0.00 0.01 -0.01 0.00 93.63 94.02 90.05 
38.45 0.05 0.06 0.08 0.07 0.01 0.01 0.01 -0.00 0.00 93.66 93.93 90.05 
38.56 0.06 0.07 0.10 0.08 -0.01 -0.01 0.01 -0.01 0.00 93.96 94.14 90.03 
38.66 0.07 0.07 0.08 0.08 0.01 0.01 0.01 -0.01 0.00 93.78 94.43 90.05 
38.76 0.07 0.06 0.07 0.08 -0.00 0.00 0.02 -0.02 0.00 93.69 94.31 90.05 
38.86 0.07 0.06 0.07 0.07 0.02 0.01 0.01 -0.01 0.00 93.56 94.09 90.03 
38.97 0.09 0.07 0.12 0.07 -0.03 -0.02 0.01 -0.01 0.00 93.78 93.73 90.03 
39.07 0.07 0.07 0.09 0.07 -0.06 -0.05 0.01 -0.01 0.00 94.09 94.04 90.04 
39.18 0.08 0.07 0.07 0.07 -0.05 -0.05 0.01 -0.02 0.00 94.08 94.25 90.02 
39.28 0.07 0.07 0.07 0.07 -0.03 -0.03 0.02 -0.02 0.00 93.75 94.18 90.04 
39.38 0.05 0.06 0.07 0.07 0.01 0.03 0.01 -0.01 0.00 93.46 94.01 90.04 
39.48 0.07 0.06 0.07 0.07 -0.01 -0.01 0.01 -0.01 0.01 93.53 94.02 90.04 
39.58 0.06 0.06 0.07 0.07 -0.03 -0.03 0.02 -0.00 0.00 93.76 94.18 90.07 
39.69 0.07 0.06 0.08 0.07 -0.02 -0.01 0.02 -0.01 0.00 93.45 94.00 90.05 
39.79 0.06 0.06 0.08 0.07 -0.03 -0.04 0.01 -0.02 0.00 93.76 93.99 90.06 
39.89 0.06 0.06 0.06 0.07 0.16 0.16 0.01 -0.01 0.00 93.39 94.29 90.04 
40.00 0.07 0.06 0.07 0.07 0.01 0.01 0.01 -0.01 0.00 93.51 94.16 90.05 
40.10 0.06 0.06 0.07 0.07 -0.03 -0.04 0.01 -0.00 0.00 93.74 94.08 90.04 
40.20 0.08 0.06 0.07 0.07 0.00 0.02 0.01 -0.01 0.00 93.37 94.17 90.05 
40.31 0.05 0.06 0.06 0.07 -0.03 -0.04 0.01 -0.01 0.00 93.83 94.26 90.03 
40.41 0.07 0.07 0.07 0.07 -0.00 -0.00 0.01 -0.01 0.00 93.78 94.15 90.05 
40.51 0.06 0.07 0.06 0.07 -0.04 -0.04 0.01 -0.01 0.01 93.77 94.18 90.05 
40.61 0.05 0.07 0.05 0.07 -0.06 -0.06 0.01 -0.00 0.00 94.01 93.99 90.09 
40.71 0.07 0.07 0.07 0.07 -0.01 -0.01 0.01 -0.01 0.00 93.77 94.06 90.05 
40.82 0.06 0.07 0.09 0.07 -0.03 -0.03 0.01 -0.01 0.00 93.86 93.97 90.04 
40.92 0.02 0.05 0.06 0.07 0.02 -0.01 0.02 -0.02 0.00 93.08 94.01 90.04 
41.02 0.02 0.05 0.03 0.07 0.05 0.03 0.01 -0.01 0.00 93.24 94.28 90.05 
41.12 0.06 0.06 0.06 0.07 0.01 0.01 0.01 -0.01 0.00 93.27 93.84 90.04 
41.23 0.11 0.07 0.10 0.07 -0.01 0.02 0.01 -0.01 0.00 93.32 93.94 90.02 
41.33 0.06 0.06 0.08 0.07 -0.02 0.00 0.01 -0.01 0.00 93.70 94.12 90.03 
41.43 0.04 0.06 0.05 0.07 0.00 -0.02 0.01 -0.02 0.00 93.44 93.89 90.03 
41.53 0.06 0.07 0.07 0.07 -0.01 -0.01 0.01 -0.01 0.00 93.81 94.01 90.05 
41.63 0.05 0.06 0.06 0.07 -0.01 -0.01 0.01 -0.01 0.01 93.39 94.02 90.06 
41.74 0.06 0.06 0.07 0.07 -0.02 -0.02 0.01 -0.00 0.00 93.65 94.17 90.03 
41.84 0.06 0.06 0.08 0.07 -0.02 -0.02 0.02 -0.01 0.00 93.67 94.09 90.02 
41.95 0.06 0.06 0.07 0.07 -0.02 -0.02 0.01 -0.01 0.00 93.72 94.03 90.04 
42.05 0.06 0.07 0.07 0.07 -0.03 -0.03 0.02 -0.01 0.00 93.73 94.12 90.02 
42.15 0.05 0.07 0.06 0.06 -0.04 -0.05 0.02 -0.00 0.00 94.00 93.54 90.04 
42.26 0.06 0.06 0.07 0.07 -0.01 -0.01 0.01 -0.01 0.00 93.31 93.75 90.01 
42.36 0.07 0.06 0.08 0.07 -0.02 -0.01 0.02 -0.01 0.00 93.57 93.97 90.03 
42.46 0.08 0.07 0.07 0.07 -0.07 -0.07 0.01 -0.01 0.00 94.03 93.99 90.02 
42.56 0.07 0.07 0.07 0.07 0.00 0.00 0.01 -0.01 0.00 93.93 94.06 90.04 
42.67 0.07 0.07 0.08 0.07 -0.01 -0.01 0.01 -0.01 0.00 93.82 94.20 90.03 
42.77 0.06 0.06 0.07 0.07 0.06 0.06 0.01 -0.01 0.01 93.43 94.13 90.05 
42.87 0.08 0.06 0.08 0.08 0.02 0.03 0.01 -0.02 0.00 93.56 94.38 90.05 
42.98 0.06 0.06 0.07 0.07 0.02 0.02 0.01 -0.01 0.00 93.71 94.25 90.02 
43.08 0.08 0.07 0.08 0.08 -0.02 -0.01 0.01 -0.01 0.00 94.15 94.44 90.04 
43.18 0.07 0.07 0.08 0.07 -0.01 -0.01 0.02 -0.01 0.00 93.77 94.10 90.04 
43.28 0.06 0.06 0.07 0.07 0.03 0.03 0.01 -0.01 0.00 93.56 94.14 90.05 
43.39 0.06 0.06 0.08 0.07 0.01 0.00 0.01 -0.01 0.00 93.73 94.11 90.04 
43.49 0.06 0.06 0.07 0.07 0.02 0.02 0.01 -0.02 0.00 93.65 94.23 90.04 
43.59 0.07 0.07 0.06 0.07 0.01 0.01 0.01 -0.01 0.00 93.72 94.09 90.06 
43.70 0.11 0.06 0.13 0.08 0.02 0.04 0.01 -0.02 0.00 93.30 94.21 90.05 
43.80 0.05 0.06 0.07 0.07 0.05 0.05 0.02 0.00 0.00 93.36 94.21 90.01 
43.90 0.06 0.06 0.09 0.07 0.03 0.03 0.01 -0.00 0.00 93.44 94.12 90.02 
44.01 0.05 0.07 0.05 0.07 -0.02 -0.03 0.01 -0.02 0.00 94.36 94.42 90.04 
44.11 0.06 0.07 0.07 0.07 0.02 -0.00 0.01 -0.01 0.00 94.03 94.15 90.04 
44.21 0.06 0.06 0.07 0.07 0.01 0.01 0.02 -0.01 0.00 93.70 94.23 90.04 
44.31 0.07 0.07 0.10 0.07 -0.01 -0.01 0.01 -0.00 0.00 93.71 93.93 90.03 
44.42 0.07 0.07 0.07 0.08 0.02 0.02 0.01 -0.01 0.00 93.72 94.51 90.04 
44.52 0.06 0.06 0.08 0.08 0.00 0.00 0.02 -0.01 0.00 93.56 94.30 90.05 
44.62 0.06 0.06 0.07 0.07 0.03 0.03 0.01 -0.02 0.01 93.40 94.20 90.06 
44.73 0.06 0.06 0.06 0.07 -0.01 -0.01 0.01 -0.01 0.00 93.69 94.27 90.05 
44.83 0.06 0.07 0.08 0.07 -0.01 -0.02 0.01 -0.00 0.00 94.03 93.81 90.04 
44.94 0.06 0.06 0.09 0.07 -0.02 -0.02 0.01 -0.01 0.00 93.59 93.94 90.03 
45.04 0.06 0.06 0.07 0.07 -0.01 -0.01 0.01 -0.02 0.00 93.65 94.11 90.05 
45.14 0.07 0.06 0.08 0.07 0.02 0.02 0.02 -0.01 0.01 93.65 94.23 90.08 
45.25 0.07 0.07 0.05 0.07 0.00 0.00 0.01 -0.01 0.00 93.93 94.22 90.03 
45.35 0.07 0.07 0.07 0.07 -0.01 0.01 0.01 -0.01 0.00 93.73 94.03 90.03 
45.45 0.06 0.06 0.08 0.07 0.01 0.01 0.01 -0.01 0.00 93.66 93.81 90.04 
45.56 0.03 0.06 0.03 0.06 0.05 0.04 0.02 -0.02 0.00 93.56 94.04 90.05 
45.66 0.07 0.06 0.08 0.07 0.01 0.01 0.02 -0.01 0.00 93.26 93.87 90.01 
45.77 0.06 0.06 0.07 0.07 0.02 0.02 0.00 -0.01 0.01 93.37 94.17 90.04 
45.87 0.05 0.06 0.07 0.07 -0.02 -0.03 0.02 -0.02 0.01 93.64 94.15 90.07 
45.97 0.06 0.06 0.08 0.07 -0.02 -0.02 0.01 -0.00 0.00 93.71 94.28 90.05 
46.07 0.07 0.07 0.07 0.07 -0.12 -0.12 0.02 -0.01 0.00 93.89 94.05 90.05 
46.18 0.06 0.07 0.08 0.07 -0.04 -0.05 0.01 -0.01 0.00 94.00 94.01 90.05 
46.28 0.06 0.06 0.07 0.07 -0.00 -0.01 0.01 -0.01 0.00 93.73 94.08 90.02 
46.38 0.08 0.07 0.15 0.08 -0.02 -0.01 0.01 -0.01 0.00 93.82 94.58 90.05 
46.48 0.06 0.07 0.07 0.08 -0.03 -0.04 0.01 -0.01 0.00 93.90 94.43 90.04 
46.59 0.07 0.07 0.08 0.07 -0.01 -0.00 0.01 -0.00 0.00 93.78 94.22 90.01 
46.69 0.07 0.07 0.07 0.07 -0.02 -0.02 0.02 -0.01 0.01 93.87 94.10 90.03 
46.79 0.07 0.07 0.07 0.07 -0.01 -0.01 0.01 -0.02 0.00 93.75 94.16 90.05 
46.89 0.06 0.06 0.07 0.07 0.01 0.01 0.01 -0.01 0.00 93.66 93.90 90.05 
47.00 0.06 0.07 0.07 0.07 0.02 0.01 0.01 -0.01 0.01 93.78 94.13 90.07 
47.10 0.07 0.06 0.07 0.07 0.01 0.02 0.01 -0.01 0.00 93.65 94.03 90.01 
47.20 0.07 0.06 0.07 0.07 0.02 0.02 0.01 -0.01 0.01 93.68 93.92 90.08 
47.30 0.06 0.06 0.07 0.07 0.01 0.00 0.01 -0.02 0.00 93.71 94.12 90.05 
47.40 0.06 0.06 0.06 0.07 0.02 0.02 0.01 -0.02 0.00 93.58 93.99 90.05 
47.50 0.07 0.06 0.07 0.07 0.01 0.02 0.01 -0.02 0.00 93.70 94.04 90.03 
47.61 0.07 0.07 0.08 0.07 -0.04 0.01 0.01 0.00 0.00 93.84 94.12 90.06 
47.71 0.07 0.06 0.08 0.07 0.01 0.01 0.01 -0.02 0.01 93.62 94.15 90.05 
47.81 0.06 0.06 0.07 0.07 -0.01 -0.01 0.01 -0.01 0.00 93.65 94.30 90.03 
47.92 0.06 0.06 0.08 0.07 0.01 0.00 0.01 -0.01 0.00 93.67 94.22 90.03 
48.02 0.05 0.06 0.05 0.06 0.02 0.01 0.01 -0.02 0.00 93.52 93.36 90.05 
48.12 0.07 0.06 0.08 0.07 -0.00 -0.00 0.01 -0.00 0.00 93.70 93.86 90.06 
48.22 0.05 0.06 0.03 0.07 0.04 0.04 0.01 -0.01 0.00 93.29 94.06 90.03 
48.33 0.06 0.06 0.05 0.06 0.03 0.03 0.01 -0.02 0.01 93.19 93.72 90.05 
48.43 0.05 0.06 0.08 0.07 0.02 0.01 0.01 -0.01 0.00 93.56 93.70 90.05 
48.54 0.07 0.06 0.07 0.07 -0.01 -0.01 0.01 -0.01 0.00 93.57 93.96 90.05 
48.64 0.07 0.06 0.08 0.07 -0.01 -0.01 0.01 -0.01 0.01 93.64 94.06 90.07 
48.74 0.08 0.07 0.07 0.07 -0.03 -0.02 0.01 -0.00 0.00 93.93 93.93 90.05 
48.84 0.06 0.07 0.08 0.07 -0.01 -0.00 0.01 -0.02 0.00 93.85 94.03 90.05 
48.94 0.06 0.06 0.07 0.07 0.02 0.02 0.01 -0.02 0.00 93.61 94.03 90.04 
49.04 0.07 0.06 0.07 0.07 -0.00 0.00 0.00 -0.01 0.00 93.52 94.01 90.04 
49.15 0.09 0.07 0.07 0.08 -0.08 -0.07 0.01 -0.01 0.00 94.11 94.35 90.05 
49.25 0.06 0.07 0.07 0.07 -0.01 -0.02 0.01 -0.01 0.00 93.88 94.19 90.02 
49.35 0.07 0.07 0.08 0.07 0.01 0.01 0.01 -0.01 0.00 93.73 94.01 90.05 
49.46 0.06 0.06 0.07 0.07 0.02 0.02 0.01 -0.01 0.00 93.68 94.13 90.05 
49.56 0.07 0.07 0.06 0.07 -0.00 -0.01 0.02 -0.01 0.00 93.73 94.06 90.04 
49.66 0.08 0.07 0.04 0.06 -0.01 -0.00 0.01 -0.00 0.00 93.65 93.78 90.02 
49.76 0.07 0.07 0.07 0.07 -0.03 0.01 0.02 0.00 0.00 93.79 93.93 90.04 
49.86 0.07 0.07 0.07 0.07 -0.03 -0.03 0.01 -0.01 0.00 93.78 94.05 90.02 
49.97 0.02 0.06 0.04 0.08 -0.00 -0.04 0.02 -0.01 0.00 94.10 94.63 90.03 
50.07 0.07 0.06 0.08 0.07 -0.00 0.01 0.01 -0.02 0.00 93.60 94.14 90.03 
50.18 0.07 0.06 0.07 0.07 0.02 0.02 0.01 -0.02 0.00 93.64 94.19 90.04 
50.28 0.07 0.06 0.07 0.07 0.01 0.01 0.01 -0.00 0.00 93.68 94.13 90.05 
50.38 0.07 0.07 0.09 0.07 -0.03 -0.02 0.01 -0.01 0.00 93.84 94.17 90.05 
50.49 0.07 0.06 0.07 0.07 0.02 0.03 0.01 -0.02 0.00 93.62 94.12 90.07 
50.62 0.06 0.06 0.07 0.07 -0.03 0.01 0.01 -0.01 -0.00 93.65 94.13 90.00 
50.75 0.07 0.06 0.07 0.07 -0.02 -0.03 0.01 -0.01 0.00 93.67 94.08 90.03 
50.88 0.06 0.06 0.08 0.07 -0.02 -0.02 0.01 -0.01 0.00 93.65 94.13 90.03 
51.02 0.06 0.06 0.07 0.07 -0.01 -0.02 0.01 -0.01 0.00 93.63 94.11 90.04 
51.12 0.07 0.06 0.07 0.07 -0.04 -0.04 0.01 -0.01 0.00 93.66 94.06 90.02 
51.22 0.06 0.06 0.08 0.07 -0.02 -0.02 0.01 -0.01 0.01 93.64 94.13 90.06 
51.32 0.06 0.06 0.07 0.07 -0.03 -0.03 0.01 -0.01 0.00 93.67 94.10 90.03 
51.42 0.07 0.06 0.07 0.07 -0.03 -0.02 0.01 -0.00 0.00 93.72 94.12 90.02 
51.53 0.06 0.07 0.07 0.07 -0.04 -0.04 0.01 -0.01 0.00 93.76 94.07 90.02 
51.63 0.03 0.06 0.03 0.07 -0.01 -0.03 0.01 -0.01 0.00 93.86 94.47 90.05 
51.73 0.05 0.07 0.07 0.06 -0.01 -0.02 0.01 -0.00 0.00 93.84 93.67 90.06 
51.83 0.06 0.07 0.07 0.07 -0.03 -0.01 0.01 -0.01 0.01 93.74 94.04 90.06 
51.93 0.06 0.06 0.07 0.07 -0.02 -0.02 0.01 -0.02 0.00 93.76 94.22 90.04 
52.03 0.07 0.07 0.07 0.07 -0.05 -0.05 0.02 -0.01 0.00 94.00 94.21 90.03 
52.14 0.07 0.07 0.08 0.08 0.01 0.01 0.01 -0.01 0.01 93.79 94.32 90.04 
52.24 0.07 0.06 0.07 0.07 -0.03 -0.03 0.01 -0.00 0.00 93.59 94.26 90.05 
52.34 0.07 0.06 0.07 0.07 -0.04 -0.04 0.01 -0.00 0.00 93.66 94.13 90.04 
52.45 0.07 0.06 0.07 0.07 -0.02 -0.02 0.01 -0.01 0.00 93.57 94.19 90.01 
52.55 0.06 0.06 0.07 0.07 -0.03 -0.03 0.01 -0.01 0.00 93.64 94.21 90.06 
52.65 0.07 0.07 0.07 0.07 -0.03 -0.03 0.02 -0.01 0.00 93.82 93.96 90.03 
52.75 0.07 0.07 0.09 0.07 -0.04 -0.04 0.01 -0.01 0.00 93.82 93.88 90.04 
52.86 0.02 0.05 0.02 0.06 0.07 0.05 0.02 -0.01 0.00 92.97 93.84 90.04 
52.96 0.05 0.06 0.07 0.07 -0.01 -0.01 0.01 -0.01 0.00 93.46 93.83 90.00 
53.06 0.08 0.07 0.08 0.07 -0.03 -0.02 0.01 -0.01 0.00 93.75 94.09 90.03 
53.16 0.06 0.06 0.07 0.07 0.01 0.01 0.02 -0.01 0.00 93.35 93.97 90.03 
53.26 0.06 0.06 0.07 0.07 -0.02 -0.03 0.01 -0.01 0.00 93.74 93.91 90.03 
53.36 0.05 0.06 0.09 0.07 -0.00 -0.01 0.01 -0.00 0.00 93.35 94.06 89.98 
53.46 0.08 0.07 0.07 0.07 -0.01 -0.00 0.01 -0.01 0.00 93.80 93.95 90.02 
53.57 0.06 0.07 0.07 0.07 -0.05 -0.06 0.01 -0.01 0.00 94.02 93.91 90.02 
53.67 0.06 0.07 0.08 0.07 -0.05 -0.05 0.01 -0.01 0.00 93.75 94.14 90.03 
53.78 0.05 0.06 0.07 0.07 -0.02 -0.04 0.01 -0.02 0.00 93.75 94.11 90.05 
53.88 0.04 0.06 0.06 0.07 0.01 -0.00 0.02 -0.01 0.00 93.47 94.26 90.04 
53.98 0.06 0.06 0.07 0.07 -0.01 -0.00 0.01 -0.02 0.01 93.41 94.18 90.07 
54.09 0.05 0.06 0.07 0.07 0.06 0.05 0.00 -0.01 0.00 93.68 94.08 90.02 
54.19 0.07 0.07 0.08 0.07 0.01 0.01 0.01 -0.01 0.01 93.87 94.17 90.07 
54.29 0.08 0.07 0.07 0.07 0.00 -0.01 0.02 -0.01 0.00 93.95 94.15 90.04 
54.40 0.07 0.06 0.06 0.07 0.03 0.03 0.01 -0.02 0.00 93.38 94.20 90.04 
54.50 0.07 0.06 0.08 0.07 0.03 0.03 0.02 -0.01 0.00 93.50 94.21 90.04 
54.60 0.06 0.06 0.07 0.07 0.06 0.06 0.02 -0.00 0.00 93.56 94.10 90.04 
54.70 0.06 0.06 0.07 0.07 0.01 0.01 0.01 -0.01 0.00 93.73 94.06 90.05 
54.81 0.07 0.08 0.06 0.07 -0.04 -0.04 0.02 -0.01 0.00 94.48 94.06 90.04 
54.91 0.07 0.07 0.07 0.07 -0.01 -0.01 0.01 -0.02 0.00 93.94 94.08 90.04 
55.01 0.06 0.06 0.08 0.07 0.03 0.03 0.02 -0.01 0.00 93.64 94.20 90.04 
55.11 0.06 0.06 0.08 0.07 0.01 0.01 0.01 -0.01 0.00 93.67 94.11 90.04 
55.21 0.07 0.07 0.07 0.07 0.01 0.01 0.01 -0.00 0.00 93.82 94.03 90.05 
55.32 0.07 0.06 0.06 0.07 0.03 0.03 0.01 -0.01 0.00 93.59 94.33 90.03 
55.42 0.09 0.07 0.11 0.08 -0.02 -0.01 0.01 -0.02 0.00 93.91 94.31 90.02 
55.52 0.05 0.07 0.07 0.07 0.00 -0.01 0.01 -0.01 0.01 93.94 94.25 90.06 
55.62 0.06 0.07 0.07 0.07 0.01 0.01 0.01 -0.02 0.00 94.00 94.07 90.03 
55.73 0.06 0.07 0.08 0.07 0.03 0.03 0.01 -0.02 0.00 93.92 93.83 90.02 
55.83 0.08 0.07 0.07 0.07 0.00 0.01 0.01 -0.01 0.00 93.87 93.92 90.06 
55.93 0.06 0.07 0.07 0.07 0.02 0.02 0.02 -0.02 0.00 93.77 94.04 90.05 
56.04 0.07 0.06 0.07 0.07 -0.02 0.02 0.01 -0.02 0.00 93.67 94.05 90.04 
56.14 0.06 0.06 0.08 0.07 -0.00 -0.01 0.01 -0.01 0.01 93.75 94.06 90.03 
56.24 0.07 0.07 0.07 0.07 0.02 0.03 0.01 -0.01 0.00 93.80 94.11 90.04 
56.34 0.07 0.07 0.08 0.07 0.02 0.02 0.01 -0.01 0.00 93.73 94.22 90.04 
56.44 0.07 0.06 0.08 0.07 0.01 0.02 0.01 -0.01 0.00 93.68 94.11 90.03 
56.55 0.07 0.06 0.06 0.07 0.02 0.02 0.02 -0.01 0.00 93.66 94.08 90.04 
56.65 0.06 0.06 0.07 0.07 0.02 0.02 0.01 -0.02 0.00 93.64 94.08 90.03 
56.75 0.07 0.07 0.07 0.07 0.01 0.02 0.01 -0.01 0.00 93.73 93.97 90.05 
56.86 0.07 0.07 0.07 0.07 0.03 0.04 0.01 -0.01 0.00 93.75 94.18 90.00 
56.96 0.07 0.07 0.07 0.07 0.03 0.04 0.01 -0.01 0.00 93.67 94.15 90.01 
57.06 0.08 0.06 0.07 0.07 0.05 0.06 0.00 -0.01 0.00 93.52 94.30 90.03 
57.16 0.07 0.06 0.07 0.07 0.02 0.03 0.02 -0.02 0.00 93.53 94.17 90.04 
57.27 0.03 0.05 0.09 0.08 0.05 0.05 0.01 -0.00 0.00 93.36 94.21 90.05 
57.37 0.06 0.06 0.07 0.07 0.04 0.04 0.01 -0.01 0.00 93.43 94.11 90.04 
57.48 0.06 0.06 0.09 0.08 0.02 0.02 0.01 -0.01 0.00 93.52 94.33 90.05 
57.58 0.07 0.06 0.07 0.07 0.02 0.03 0.01 -0.01 0.00 93.50 94.31 90.02 
57.68 0.06 0.06 0.07 0.07 0.02 0.02 0.02 -0.01 0.00 93.56 94.15 90.04 
57.78 0.06 0.06 0.08 0.07 0.04 0.03 0.01 -0.01 0.00 93.74 94.09 90.04 
57.88 0.06 0.06 0.07 0.07 0.02 0.02 0.01 -0.02 0.01 93.65 94.07 90.08 
57.98 0.06 0.06 0.08 0.07 -0.00 -0.00 0.01 0.00 0.00 93.56 94.12 90.02 
58.09 0.06 0.06 0.07 0.07 0.01 0.01 0.01 -0.02 0.00 93.66 94.14 90.02 
58.19 0.07 0.06 0.06 0.07 0.01 0.01 0.02 -0.02 0.00 93.68 94.06 90.04 
58.29 0.06 0.06 0.07 0.07 0.03 0.03 0.01 -0.01 0.00 93.73 94.07 90.04 
58.40 0.06 0.06 0.07 0.07 0.03 0.03 0.02 -0.01 0.00 93.62 94.09 90.04 
58.50 0.06 0.07 0.07 0.07 0.02 0.01 0.01 -0.01 0.00 93.73 94.04 90.03 
58.60 0.07 0.07 0.08 0.07 0.04 0.04 0.00 -0.01 0.00 93.73 94.29 90.04 
58.70 0.07 0.07 0.06 0.07 0.01 0.03 0.01 -0.02 0.00 93.73 94.16 90.06 
58.80 0.07 0.06 0.06 0.07 0.04 0.05 0.01 -0.01 0.00 93.64 94.12 90.03 
58.91 0.06 0.06 0.08 0.07 0.05 0.04 0.01 -0.00 0.00 93.57 94.07 90.04 
59.01 0.06 0.06 0.07 0.07 0.02 0.02 0.01 -0.00 0.00 93.72 94.19 90.03 
59.11 0.06 0.07 0.07 0.07 0.01 0.01 0.01 -0.01 0.00 93.75 94.20 90.05 
59.22 0.07 0.06 0.07 0.07 0.03 0.04 0.02 -0.01 0.00 93.66 94.03 90.03 
59.32 0.08 0.07 0.06 0.07 -0.01 0.00 0.02 -0.01 0.01 93.76 93.99 90.07 
59.42 0.07 0.06 0.04 0.07 0.02 0.03 0.01 -0.00 0.00 93.57 94.19 90.04 
59.53 0.06 0.06 0.09 0.07 0.05 0.05 0.01 -0.00 0.00 93.44 94.09 90.04 
59.63 0.05 0.06 0.07 0.07 0.06 0.05 0.01 -0.02 0.00 93.45 94.21 90.04 
59.73 0.07 0.06 0.07 0.07 0.03 0.02 0.01 -0.01 0.00 93.56 94.19 90.06 
59.84 0.06 0.06 0.07 0.07 0.02 0.02 0.01 -0.01 0.00 93.62 94.03 90.05 
59.94 0.06 0.06 0.07 0.07 0.02 0.02 0.01 -0.01 0.00 93.72 93.99 90.05 
60.04 0.08 0.06 0.04 0.06 0.03 0.04 0.01 -0.00 0.00 93.39 93.60 90.05 
60.15 0.07 0.06 0.07 0.07 0.04 0.04 0.01 -0.01 0.00 93.46 93.98 90.03 
60.25 0.11 0.07 0.11 0.08 0.00 0.03 0.01 -0.01 0.00 93.93 94.38 90.04 
60.35 0.06 0.06 0.07 0.07 0.04 0.04 0.01 -0.01 0.01 93.67 94.05 90.05 
60.45 0.05 0.06 0.07 0.07 0.02 0.01 0.01 -0.01 0.00 93.83 94.00 90.06 
60.55 0.07 0.06 0.08 0.07 0.04 0.04 0.01 -0.00 0.00 93.63 94.09 90.03 
60.66 0.07 0.06 0.07 0.07 0.03 0.03 0.01 -0.00 0.00 93.60 94.19 90.04 
60.76 0.06 0.06 0.08 0.07 0.02 0.02 0.01 -0.00 0.00 93.56 94.19 90.05 
60.86 0.06 0.06 0.06 0.07 0.01 0.01 0.01 -0.01 0.00 93.69 94.11 90.02 
60.97 0.07 0.07 0.07 0.07 0.02 0.03 0.01 -0.01 0.00 93.69 94.10 90.05 
61.07 0.06 0.06 0.07 0.07 -0.02 -0.02 0.01 -0.01 0.00 93.66 94.21 90.04 
61.17 0.06 0.06 0.07 0.07 0.03 0.03 0.01 -0.01 0.00 93.66 94.16 90.03 
61.28 0.07 0.06 0.07 0.07 0.01 0.01 0.02 -0.02 0.00 93.71 94.18 90.05 
61.38 0.07 0.06 0.08 0.07 0.01 0.01 0.01 -0.01 0.00 93.66 94.23 90.05 
61.48 0.05 0.06 0.07 0.07 0.01 0.00 0.01 -0.00 0.00 93.57 94.04 90.05 
61.58 0.05 0.06 0.07 0.07 0.02 0.02 0.01 -0.01 0.00 93.83 94.17 90.03 
61.69 0.07 0.07 0.07 0.07 -0.02 -0.02 0.01 -0.01 0.00 93.71 94.13 90.02 
61.79 0.04 0.06 0.08 0.08 0.01 -0.01 0.01 -0.02 0.00 93.90 94.39 90.04 
61.90 0.08 0.06 0.07 0.07 0.03 0.04 0.02 -0.01 0.00 93.52 94.01 90.05 
62.00 0.03 0.06 0.06 0.07 0.04 0.02 0.00 -0.01 0.01 93.37 94.00 90.07 
62.10 0.08 0.06 0.07 0.07 0.05 0.06 0.01 -0.01 0.00 93.34 94.10 90.05 
62.20 0.08 0.07 0.07 0.07 0.03 0.00 0.01 -0.01 0.00 93.61 94.04 90.03 
62.30 0.06 0.06 0.06 0.07 0.03 0.03 0.02 -0.01 0.00 93.71 94.01 90.05 
62.41 0.06 0.06 0.07 0.07 0.00 -0.00 0.01 -0.01 0.00 93.79 94.12 90.03 
62.51 0.03 0.06 0.10 0.08 0.05 0.03 0.01 0.00 0.00 93.83 94.12 90.03 
62.62 0.08 0.06 0.07 0.07 0.05 0.06 0.01 -0.01 0.00 93.45 94.25 90.03 
62.72 0.06 0.06 0.07 0.07 0.02 0.04 0.01 -0.01 0.00 93.67 94.16 90.05 
62.82 0.07 0.06 0.07 0.07 0.02 0.02 0.01 -0.01 0.00 93.69 94.16 90.02 
62.93 0.07 0.06 0.07 0.07 0.04 0.04 0.02 -0.02 0.00 93.60 94.21 90.04 
63.03 0.06 0.07 0.08 0.07 0.01 -0.00 0.01 -0.02 0.00 93.83 94.22 90.04 
63.13 0.05 0.06 0.09 0.08 0.03 0.02 0.01 -0.00 0.00 93.79 94.22 90.05 
63.23 0.07 0.06 0.08 0.07 0.05 0.06 0.01 -0.01 0.00 93.35 94.20 90.02 
63.34 0.06 0.06 0.08 0.07 0.04 0.04 0.00 -0.01 0.00 93.63 94.24 90.06 
63.44 0.05 0.06 0.03 0.07 0.03 0.03 0.01 -0.01 0.00 93.69 94.35 90.03 
63.54 0.06 0.06 0.06 0.08 0.03 0.03 0.01 -0.02 0.01 93.36 94.32 90.06 
63.64 0.07 0.06 0.07 0.07 0.04 0.05 0.01 -0.01 0.00 93.41 94.32 90.03 
63.74 0.06 0.06 0.07 0.07 0.04 0.04 0.01 0.00 0.00 93.54 94.15 90.06 
63.85 0.07 0.06 0.07 0.07 0.03 0.03 0.01 -0.01 0.00 93.62 94.11 90.03 
63.95 0.07 0.06 0.07 0.07 0.03 0.02 0.01 -0.01 0.00 93.63 94.19 90.03 
64.05 0.08 0.06 0.06 0.07 0.02 0.03 0.01 -0.01 0.00 93.65 93.88 90.03 
64.15 0.06 0.06 0.07 0.07 0.06 0.06 0.02 -0.01 0.00 93.44 94.29 90.05 
64.26 0.07 0.06 0.07 0.07 0.02 0.02 0.01 -0.02 0.00 93.64 94.12 90.03 
64.36 0.07 0.07 0.07 0.07 0.03 0.03 0.01 -0.01 0.00 93.67 94.14 90.04 
64.46 0.07 0.06 0.07 0.07 0.02 0.03 0.01 -0.00 0.00 93.72 94.10 90.05 
64.56 0.07 0.07 0.07 0.07 0.00 0.00 0.01 -0.02 0.00 93.81 94.06 90.02 
64.66 0.07 0.07 0.07 0.07 0.03 0.02 0.01 -0.01 0.00 93.77 94.03 90.07 
64.77 0.06 0.06 0.07 0.07 0.02 0.02 0.01 -0.00 0.00 93.68 94.06 90.03 
64.87 0.05 0.06 0.07 0.07 0.02 0.01 0.01 -0.02 0.00 93.58 94.14 90.03 
64.98 0.06 0.06 0.08 0.07 0.02 0.02 0.01 -0.01 0.00 93.61 94.13 90.04 
65.08 0.07 0.06 0.07 0.07 0.02 0.02 0.01 -0.01 0.00 93.62 94.11 90.03 
65.18 0.07 0.07 0.07 0.07 0.01 0.02 0.01 -0.01 0.00 93.69 94.30 90.02 
65.29 0.09 0.07 0.10 0.08 0.01 0.03 0.01 -0.01 0.00 93.81 94.33 90.05 
65.39 0.06 0.07 0.08 0.07 0.01 0.01 0.01 -0.02 0.00 93.78 94.26 90.07 
65.49 0.06 0.06 0.07 0.07 0.01 0.01 0.02 -0.01 0.00 93.74 94.17 90.03 
65.60 0.06 0.06 0.07 0.07 0.02 0.02 0.01 -0.01 0.00 93.72 94.11 90.06 
65.70 0.06 0.06 0.07 0.07 0.01 0.01 0.01 -0.02 0.01 93.69 94.15 90.07 
65.80 0.07 0.07 0.08 0.07 0.03 0.03 0.02 -0.01 0.00 93.75 94.15 90.03 
65.91 0.02 0.06 0.05 0.07 0.05 0.03 0.01 0.00 0.00 93.59 94.20 90.04 
66.01 0.09 0.06 0.09 0.07 0.14 0.15 0.01 -0.01 0.00 93.54 93.88 90.02 
66.11 0.06 0.06 0.08 0.07 0.00 0.00 0.02 -0.01 0.00 93.52 94.19 90.01 
66.21 0.07 0.06 0.07 0.08 0.02 0.03 0.02 -0.02 0.00 93.09 94.40 90.01 
66.32 0.07 0.06 0.07 0.08 -0.01 -0.01 0.02 -0.02 0.01 93.34 94.39 90.03 
66.42 0.07 0.06 0.08 0.07 0.01 0.01 0.02 -0.00 0.00 93.36 94.24 90.06 
66.52 0.06 0.06 0.07 0.07 -0.02 -0.02 0.01 -0.00 0.00 93.64 94.03 90.03 
66.62 0.03 0.06 0.07 0.07 0.01 -0.01 0.01 -0.02 0.01 93.68 94.28 90.04 
66.72 0.07 0.06 0.09 0.07 -0.06 -0.05 0.02 -0.01 0.00 93.71 94.28 90.05 
66.83 0.07 0.06 0.07 0.07 -0.02 -0.01 0.02 -0.01 0.00 93.54 94.12 90.04 
66.93 0.04 0.05 0.02 0.06 0.01 0.03 0.01 -0.02 0.00 92.95 94.09 90.02 
67.04 0.07 0.06 0.07 0.07 -0.00 0.00 0.01 -0.01 0.00 93.30 93.97 90.04 
67.14 0.06 0.06 0.06 0.07 0.00 0.00 0.02 -0.01 0.00 93.51 94.10 90.03 
67.24 0.07 0.06 0.08 0.07 0.00 0.00 0.01 -0.01 0.00 93.61 94.06 90.05 
67.35 0.05 0.06 0.07 0.07 -0.01 -0.01 0.02 -0.00 0.00 93.63 94.04 90.03 
67.45 0.07 0.06 0.08 0.07 0.00 0.01 0.01 -0.00 0.00 93.57 93.97 90.04 
67.55 0.06 0.06 0.07 0.07 -0.03 -0.03 0.02 -0.01 0.00 93.67 94.06 90.01 
67.65 0.07 0.06 0.07 0.07 -0.01 -0.01 0.01 -0.01 0.00 93.60 94.08 90.03 
67.76 0.06 0.06 0.08 0.07 -0.04 -0.04 0.01 -0.01 0.00 93.74 94.11 90.02 
67.86 0.07 0.07 0.06 0.07 0.00 0.00 0.01 -0.01 0.01 93.81 94.03 90.07 
67.96 0.07 0.07 0.10 0.08 -0.07 -0.07 0.01 -0.01 0.00 94.27 94.22 90.07 
68.07 0.05 0.07 0.05 0.07 -0.06 -0.07 0.01 -0.01 0.00 94.13 94.29 90.05 
68.17 0.05 0.06 0.08 0.07 -0.00 0.01 0.02 -0.00 0.00 93.51 94.12 90.03 
68.27 0.07 0.06 0.07 0.07 -0.00 0.00 0.01 -0.01 0.00 93.60 94.19 90.03 
68.37 0.07 0.07 0.07 0.07 -0.03 -0.03 0.01 -0.02 0.00 93.76 94.07 90.06 
68.48 0.08 0.07 0.05 0.07 -0.03 -0.02 0.01 -0.00 0.00 93.79 94.39 90.05 
68.58 0.05 0.06 0.07 0.07 0.02 0.02 0.01 -0.01 0.00 93.45 94.09 90.06 
68.69 0.07 0.06 0.08 0.07 -0.01 0.00 0.01 -0.01 0.00 93.58 94.11 90.06 
68.79 0.06 0.07 0.06 0.07 -0.02 -0.02 0.01 -0.02 0.00 93.73 94.18 90.04 
68.89 0.07 0.06 0.07 0.07 -0.00 -0.00 0.01 -0.02 0.00 93.50 94.08 90.05 
68.99 0.09 0.07 0.07 0.07 -0.05 -0.04 0.01 -0.01 0.00 94.24 94.16 90.05 
69.09 0.06 0.07 0.08 0.08 -0.03 -0.04 0.01 -0.01 0.00 93.96 94.33 90.05 
69.20 0.05 0.07 0.06 0.08 -0.01 -0.03 0.01 -0.01 0.00 94.01 94.43 90.00 
69.30 0.09 0.06 0.09 0.07 -0.01 0.01 0.01 -0.01 0.00 93.30 94.13 90.03 
69.40 0.07 0.06 0.07 0.07 -0.02 -0.02 0.01 -0.02 0.00 93.63 94.31 90.04 
69.51 0.06 0.06 0.07 0.07 0.01 0.01 0.01 -0.02 0.00 93.61 94.14 90.06 
69.61 0.06 0.07 0.07 0.07 -0.03 -0.03 0.01 -0.01 0.00 93.78 94.08 90.04 
69.71 0.07 0.07 0.07 0.07 -0.02 -0.02 0.01 -0.00 0.01 93.77 94.03 90.04 
69.81 0.07 0.06 0.08 0.07 -0.01 -0.01 0.02 -0.01 0.00 93.68 94.07 90.03 
69.92 0.06 0.07 0.07 0.07 -0.04 -0.01 0.01 -0.02 0.00 93.75 94.06 90.05 
70.02 0.11 0.08 0.09 0.07 -0.09 -0.06 0.02 -0.01 0.00 94.03 94.07 90.02 
70.12 0.04 0.06 0.08 0.07 -0.02 -0.04 0.01 -0.00 0.00 93.97 94.03 90.04 
70.23 0.07 0.07 0.07 0.07 -0.06 -0.06 0.01 -0.00 0.00 93.73 94.01 90.04 
70.33 0.06 0.06 0.07 0.07 0.01 0.00 0.01 -0.02 0.00 93.68 94.11 90.03 
70.43 0.07 0.06 0.07 0.07 -0.04 -0.03 0.01 -0.02 0.00 93.64 94.17 90.05 
70.53 0.04 0.06 0.05 0.07 -0.01 -0.02 0.01 -0.01 0.00 93.65 94.08 90.05 
70.64 0.04 0.05 0.05 0.07 0.02 0.01 0.01 0.00 0.00 93.32 94.48 90.03 
70.74 0.07 0.07 0.12 0.08 -0.06 -0.05 0.01 -0.01 0.00 93.70 94.12 90.05 
70.84 0.08 0.07 0.06 0.08 -0.05 -0.04 0.00 -0.01 0.00 93.89 94.45 90.03 
70.94 0.07 0.07 0.05 0.07 -0.05 -0.05 0.01 -0.01 0.00 93.82 94.22 90.04 
71.04 0.07 0.06 0.09 0.07 -0.02 -0.01 0.01 -0.02 0.00 93.54 94.11 90.04 
71.15 -0.02 0.05 0.05 0.07 0.08 0.03 0.01 -0.01 0.00 93.27 94.03 90.04 
71.25 0.04 0.05 0.08 0.06 0.03 0.02 0.01 -0.00 0.00 93.14 93.61 90.03 
71.36 0.08 0.06 0.08 0.07 0.01 0.02 0.01 -0.01 0.00 93.50 93.67 90.03 
71.46 0.08 0.06 0.08 0.07 -0.01 -0.00 0.01 -0.02 0.00 93.54 94.00 90.05 
71.56 0.07 0.06 0.07 0.07 -0.01 -0.01 0.01 -0.01 0.00 93.54 94.13 90.03 
71.67 0.05 0.06 0.08 0.08 0.03 -0.02 0.01 0.00 0.00 93.76 94.52 90.05 
71.77 0.06 0.06 0.07 0.07 -0.01 -0.01 0.01 -0.00 0.00 93.71 94.19 90.04 
71.87 0.06 0.06 0.09 0.08 -0.03 -0.03 0.00 -0.00 0.00 93.56 94.46 90.04 
71.97 0.06 0.06 0.07 0.07 0.00 -0.00 0.01 -0.02 0.00 93.71 94.32 90.04 
72.08 0.07 0.07 0.06 0.07 -0.03 -0.02 0.02 -0.02 0.01 93.68 94.25 90.04 
72.18 0.05 0.07 0.07 0.08 -0.05 -0.04 0.02 0.01 0.00 94.09 94.68 90.04 
72.29 0.06 0.06 0.07 0.07 -0.07 -0.07 0.01 -0.00 0.01 93.75 94.21 90.06 
72.39 0.07 0.06 0.07 0.07 -0.00 -0.00 0.01 -0.01 0.00 93.55 94.29 90.03 
72.49 0.06 0.06 0.08 0.07 0.02 0.02 0.01 -0.02 0.00 93.65 94.14 90.04 
72.59 0.07 0.06 0.07 0.07 -0.04 -0.04 0.01 -0.01 0.00 93.70 94.04 90.02 
72.70 0.08 0.07 0.08 0.07 -0.01 0.00 0.01 -0.01 0.00 93.75 94.03 90.05 
72.80 0.03 0.06 0.07 0.07 -0.01 -0.02 0.01 -0.00 0.00 93.71 93.93 90.04 
72.90 0.07 0.06 0.09 0.07 -0.02 -0.01 0.01 -0.01 0.00 93.53 93.89 90.03 
73.01 0.05 0.06 0.08 0.07 -0.02 -0.03 0.01 -0.01 0.00 93.51 94.15 90.03 
73.11 0.07 0.06 0.07 0.07 -0.02 -0.02 0.01 -0.01 0.00 93.65 94.14 90.02 
73.21 0.10 0.07 0.06 0.07 -0.06 -0.04 0.01 -0.00 0.00 93.70 93.80 90.05 
73.31 0.09 0.07 0.08 0.07 -0.04 -0.03 0.01 -0.00 0.00 93.66 94.12 90.04 
73.41 0.08 0.07 0.07 0.07 -0.02 -0.02 0.02 -0.01 0.00 93.75 94.13 90.06 
73.52 0.07 0.06 0.07 0.07 -0.02 -0.01 0.01 -0.01 0.00 93.53 94.11 90.03 
73.62 0.06 0.06 0.07 0.07 -0.02 -0.02 0.02 -0.02 0.00 93.67 94.13 90.05 
73.72 0.06 0.06 0.08 0.06 -0.01 -0.00 0.02 -0.01 0.00 93.41 93.44 90.04 
73.83 0.07 0.06 0.08 0.07 -0.03 -0.03 0.02 -0.01 0.00 93.66 93.84 90.05 
73.93 0.07 0.06 0.08 0.07 -0.03 -0.02 0.02 -0.00 0.00 93.61 94.07 90.03 
74.03 0.06 0.06 0.08 0.07 -0.02 -0.02 0.02 -0.01 0.00 93.70 94.09 90.01 
74.16 0.07 0.07 0.07 0.07 -0.04 -0.03 0.01 -0.01 0.00 93.73 94.13 90.01 
74.30 0.07 0.07 0.08 0.07 -0.04 -0.04 0.01 -0.01 0.00 93.74 94.21 90.03 
74.43 0.07 0.07 0.07 0.07 -0.04 -0.04 0.01 -0.01 0.00 93.74 94.20 90.05 
74.56 0.07 0.07 0.08 0.07 -0.04 -0.04 0.01 -0.01 0.00 93.74 94.23 90.03 
74.66 0.07 0.07 0.07 0.07 -0.02 -0.02 0.01 -0.01 0.00 93.74 94.15 90.02 
74.77 0.06 0.06 0.08 0.07 -0.01 -0.01 0.01 -0.01 0.00 93.63 94.16 90.05 
74.87 0.06 0.06 0.08 0.07 -0.02 -0.02 0.01 -0.00 0.00 93.63 94.12 90.05 
74.97 0.06 0.06 0.08 0.07 -0.01 -0.02 0.01 -0.01 0.00 93.62 94.16 90.02 
75.07 0.07 0.07 0.07 0.07 -0.01 -0.01 0.02 -0.02 0.00 93.70 94.13 90.03 
75.18 0.07 0.06 0.07 0.07 -0.02 -0.01 0.01 -0.02 0.00 93.64 94.15 90.03 
75.28 0.07 0.07 0.07 0.07 -0.03 -0.03 0.01 -0.00 0.00 93.70 94.05 90.04 
75.39 0.06 0.06 0.07 0.07 -0.03 -0.04 0.02 -0.00 0.00 93.66 94.09 90.01 
75.49 0.06 0.06 0.05 0.07 -0.02 -0.01 0.01 -0.01 0.00 93.52 94.46 89.99 
75.59 0.04 0.06 0.11 0.08 0.00 -0.01 0.02 -0.02 0.01 93.42 94.56 90.06 
75.69 0.06 0.06 0.07 0.07 0.02 0.02 0.01 0.00 0.00 93.70 94.28 90.05 
75.80 0.07 0.06 0.08 0.07 -0.01 -0.01 0.01 -0.01 0.00 93.64 94.15 90.03 
75.90 0.07 0.06 0.07 0.07 0.01 0.01 0.01 -0.01 0.00 93.63 94.20 90.02 
76.00 0.06 0.06 0.07 0.07 -0.01 -0.01 0.01 -0.02 0.00 93.68 94.07 90.02 
76.10 0.07 0.06 0.07 0.07 -0.02 -0.02 0.01 -0.02 0.00 93.69 94.08 90.04 
76.21 0.06 0.07 0.07 0.07 0.00 -0.02 0.01 -0.01 0.00 93.77 94.13 90.07 
76.31 0.06 0.06 0.07 0.07 0.00 0.00 0.01 -0.01 0.00 93.63 94.12 90.04 
76.41 0.06 0.06 0.07 0.07 0.00 0.00 0.01 -0.01 0.00 93.62 94.21 90.03 
76.52 0.07 0.06 0.07 0.07 0.01 0.01 0.01 -0.01 0.00 93.65 94.11 90.01 
76.62 0.06 0.06 0.13 0.08 -0.00 -0.00 0.01 -0.01 0.00 93.72 93.95 90.03 
76.72 0.05 0.06 0.06 0.08 -0.02 -0.01 0.01 -0.01 0.00 93.76 94.52 90.02 
76.83 0.07 0.06 0.07 0.07 -0.02 -0.02 0.01 -0.00 0.00 93.65 94.14 90.05 
76.93 0.07 0.06 0.07 0.07 -0.01 -0.01 0.01 -0.00 0.00 93.61 94.07 90.07 
77.03 0.06 0.06 0.08 0.08 -0.02 -0.02 0.01 -0.01 0.00 93.59 94.33 90.01 
77.13 0.06 0.06 0.07 0.07 -0.03 -0.03 0.01 -0.01 0.00 93.72 94.33 90.04 
77.24 0.06 0.07 0.08 0.07 -0.05 -0.03 0.02 -0.01 0.00 93.77 94.11 90.06 
77.34 0.07 0.07 0.07 0.07 -0.02 -0.02 0.01 -0.01 0.00 93.77 94.14 90.03 
77.44 0.08 0.06 0.06 0.07 -0.03 -0.01 0.01 -0.01 0.00 93.49 94.07 90.04 
77.55 0.05 0.06 0.06 0.07 0.01 0.01 0.01 -0.01 0.00 93.48 93.89 90.02 
77.65 0.09 0.07 0.09 0.07 -0.04 -0.02 0.01 -0.02 0.00 93.58 94.11 90.04 
77.75 0.06 0.06 0.07 0.07 -0.01 -0.01 0.01 -0.02 0.00 93.56 94.29 90.02 
77.85 0.06 0.07 0.07 0.07 -0.03 -0.03 0.01 -0.01 0.00 93.80 94.16 90.02 
77.96 0.04 0.06 0.08 0.07 -0.02 -0.02 0.01 -0.01 0.00 93.76 94.16 90.04 
78.06 0.06 0.06 0.07 0.07 -0.01 -0.01 0.01 -0.01 0.00 93.68 93.90 90.05 
78.16 0.06 0.07 0.08 0.07 -0.03 -0.03 0.01 -0.01 0.01 93.79 94.00 90.06 
78.27 0.09 0.07 0.07 0.07 -0.03 -0.01 0.01 -0.02 0.00 93.54 93.95 90.03 
78.37 0.06 0.07 0.07 0.07 -0.04 -0.04 0.01 -0.02 0.00 93.75 94.10 90.06 
78.47 0.07 0.07 0.07 0.07 -0.03 -0.03 0.02 -0.01 0.00 93.76 94.00 90.01 
78.57 0.07 0.06 0.07 0.07 -0.01 -0.01 0.01 -0.00 0.00 93.63 94.07 90.01 
78.67 0.06 0.07 0.10 0.08 -0.02 -0.03 0.01 -0.01 0.00 94.20 94.30 90.01 
78.77 0.08 0.06 0.05 0.07 0.01 0.02 0.01 -0.00 0.00 93.49 94.27 90.04 
78.88 0.06 0.06 0.06 0.07 -0.01 -0.01 0.01 -0.03 0.00 93.58 94.22 90.06 
78.98 0.07 0.06 0.07 0.07 0.01 0.01 0.02 -0.02 0.00 93.62 94.14 90.04 
79.08 0.06 0.06 0.06 0.07 -0.02 -0.02 0.01 0.00 0.00 93.75 93.99 90.06 
79.19 0.02 0.05 0.05 0.07 0.03 0.01 0.01 -0.00 0.00 93.42 94.16 90.00 
79.29 0.04 0.06 0.04 0.07 0.03 0.02 0.02 -0.02 0.00 93.68 94.06 90.02 
79.39 0.05 0.06 0.07 0.07 0.00 -0.01 0.02 -0.02 0.01 93.66 94.22 90.06 
79.50 0.06 0.06 0.08 0.07 -0.02 -0.02 0.01 -0.01 0.00 93.55 94.03 90.04 
79.60 0.06 0.06 0.08 0.07 0.01 0.01 0.01 -0.01 0.00 93.57 94.03 90.03 
79.70 0.07 0.06 0.07 0.07 0.03 0.01 0.02 -0.01 0.00 93.45 94.19 90.01 
79.81 0.06 0.07 0.06 0.07 -0.03 -0.03 0.01 -0.02 0.00 93.90 94.20 90.05 
79.91 0.07 0.07 0.07 0.07 -0.03 -0.01 0.02 -0.02 0.00 93.73 94.11 90.05 
80.01 0.07 0.07 0.08 0.07 -0.01 -0.01 0.02 -0.01 0.00 93.79 94.20 90.03 
80.11 0.06 0.07 0.07 0.07 -0.02 -0.03 0.01 -0.01 0.00 93.91 94.19 90.03 
80.21 0.06 0.06 0.11 0.08 -0.03 -0.03 0.01 -0.01 0.00 93.68 94.44 90.05 
80.32 0.06 0.06 0.08 0.07 -0.00 -0.01 0.01 0.00 0.00 93.62 94.15 90.02 
80.42 0.05 0.06 0.06 0.07 0.02 0.02 0.01 -0.03 0.00 93.40 94.44 90.03 
80.52 0.07 0.06 0.07 0.07 -0.01 -0.01 0.01 -0.01 0.00 93.57 94.26 90.05 
80.62 0.06 0.06 0.07 0.07 -0.00 -0.00 0.01 -0.01 0.01 93.56 93.97 90.06 
80.73 0.07 0.06 0.07 0.07 -0.02 -0.02 0.02 -0.01 0.00 93.67 94.19 90.03 
80.83 0.07 0.06 0.07 0.07 -0.03 -0.02 0.02 -0.00 0.00 93.65 94.21 90.05 
80.94 0.03 0.04 0.08 0.07 0.11 0.07 0.01 -0.00 0.00 92.52 93.70 90.08 
81.04 0.05 0.06 0.09 0.08 0.09 0.08 0.02 0.01 0.00 93.60 94.16 90.02 
81.14 0.07 0.07 0.08 0.07 -0.02 -0.01 0.00 -0.03 0.00 93.68 94.21 90.05 
81.25 0.11 0.07 0.06 0.07 -0.02 0.01 0.01 -0.01 0.00 93.47 94.05 90.04 
81.35 0.06 0.06 0.07 0.07 -0.00 -0.01 0.01 -0.01 0.00 93.61 94.04 90.02 
81.45 0.08 0.06 0.06 0.07 -0.02 0.01 0.01 -0.01 0.00 93.49 94.18 90.05 
81.55 0.03 0.06 0.07 0.07 0.01 -0.01 0.01 -0.01 0.00 93.59 94.23 90.06 
81.66 0.05 0.06 0.07 0.07 -0.02 -0.02 0.01 -0.01 0.00 93.70 94.28 90.05 
81.76 0.07 0.06 0.08 0.08 -0.02 -0.01 0.01 -0.00 0.00 93.60 94.24 90.03 
81.86 0.09 0.06 0.07 0.07 -0.02 -0.00 0.01 -0.01 0.00 93.43 94.08 90.03 
81.97 0.06 0.06 0.07 0.07 -0.01 -0.01 0.01 -0.01 0.00 93.56 94.15 90.04 
82.07 0.06 0.06 0.07 0.07 -0.02 -0.02 0.01 -0.02 0.00 93.71 94.13 90.05 
82.17 0.05 0.06 0.08 0.07 0.01 0.01 0.01 -0.01 0.00 93.62 94.08 90.06 
82.28 0.07 0.07 0.07 0.07 -0.03 -0.03 0.01 -0.01 0.00 93.69 94.10 90.03 
82.38 0.07 0.06 0.08 0.07 -0.04 -0.03 0.01 -0.01 0.00 93.58 94.02 90.00 
82.48 0.06 0.06 0.07 0.07 0.01 0.01 0.02 -0.02 0.00 93.78 94.23 90.01 
82.59 0.07 0.06 0.07 0.07 -0.01 -0.01 0.01 -0.00 0.00 93.56 93.97 90.04 
82.69 0.06 0.06 0.07 0.07 -0.03 -0.03 0.01 0.00 0.00 93.73 93.99 90.05 
82.79 0.06 0.06 0.08 0.07 -0.02 -0.02 0.01 -0.01 0.00 93.65 94.19 90.06 
82.90 0.07 0.06 0.06 0.07 -0.02 -0.01 0.02 -0.02 0.00 93.61 94.09 90.02 
83.00 0.06 0.06 0.07 0.07 0.00 -0.00 0.01 -0.01 0.00 93.57 94.07 90.06 
83.10 0.06 0.07 0.08 0.07 -0.02 -0.02 0.01 -0.01 0.00 93.78 94.10 90.04 
83.21 0.07 0.06 0.07 0.07 0.00 -0.01 0.02 -0.01 0.00 93.59 94.10 90.04 
83.31 0.07 0.06 0.08 0.07 -0.03 -0.02 0.00 -0.00 0.00 93.69 94.04 90.03 
83.41 0.06 0.06 0.08 0.07 -0.02 -0.02 0.01 -0.01 0.00 93.68 94.17 90.02 
83.52 0.07 0.07 0.07 0.07 0.00 0.00 0.02 -0.02 0.00 93.68 94.36 90.03 
83.62 0.06 0.06 0.07 0.07 -0.00 -0.01 0.01 -0.01 0.00 93.71 94.15 90.04 
83.72 0.06 0.06 0.07 0.07 -0.02 0.01 0.02 -0.01 0.00 93.53 94.14 90.04 
83.82 0.06 0.06 0.07 0.07 0.00 -0.00 0.02 -0.01 0.00 93.67 94.15 90.06 
83.93 0.07 0.07 0.07 0.07 0.02 0.02 0.01 -0.01 0.01 93.81 94.00 90.03 
84.03 0.06 0.06 0.06 0.07 -0.04 -0.04 0.01 -0.02 0.00 93.68 93.96 90.06 
84.14 0.07 0.07 0.07 0.07 -0.03 -0.03 0.01 -0.01 0.00 93.74 94.14 90.08 
84.24 0.05 0.06 0.08 0.07 -0.01 -0.03 0.01 0.00 0.00 93.68 94.08 90.05 
84.34 0.06 0.06 0.08 0.07 0.00 -0.00 0.02 -0.00 0.00 93.53 94.27 90.04 
84.44 0.07 0.06 0.07 0.07 -0.01 -0.00 0.02 -0.01 0.00 93.60 94.25 90.02 
84.55 0.07 0.06 0.08 0.07 0.09 0.09 0.01 -0.02 0.00 93.64 93.67 90.02 
84.65 0.06 0.06 0.06 0.07 0.02 0.02 0.01 -0.01 0.00 93.36 93.85 90.01 
84.75 0.06 0.06 0.07 0.07 0.02 0.02 0.01 0.00 0.00 93.55 94.12 90.03 
84.86 0.03 0.05 0.03 0.06 0.08 0.07 0.01 -0.01 0.00 92.89 93.77 90.05 
84.96 0.07 0.06 0.07 0.07 -0.04 -0.03 0.02 -0.02 0.00 93.53 94.33 90.04 
85.06 0.07 0.06 0.07 0.07 0.02 0.03 0.01 -0.01 0.00 93.26 94.27 90.03 
85.16 0.06 0.06 0.07 0.07 -0.01 -0.01 0.02 -0.01 0.00 93.56 94.17 90.03 
85.27 0.06 0.06 0.06 0.07 -0.01 -0.01 0.02 -0.02 0.00 93.58 94.22 90.06 
85.37 0.06 0.06 0.08 0.07 -0.07 -0.07 0.01 0.00 0.00 93.47 93.83 90.04 
85.47 0.07 0.06 0.07 0.07 -0.03 -0.02 0.01 -0.01 0.00 93.33 93.95 90.04 
85.58 0.07 0.06 0.06 0.07 -0.01 -0.01 0.01 -0.01 0.00 93.66 93.93 90.05 
85.68 0.07 0.07 0.07 0.07 -0.01 -0.00 0.01 -0.02 0.00 93.69 94.14 90.04 
85.78 0.07 0.06 0.06 0.07 -0.02 -0.02 0.02 -0.02 0.00 93.69 94.03 90.04 
85.89 0.06 0.07 0.06 0.07 0.10 0.10 0.01 -0.00 0.00 93.81 94.19 90.05 
85.99 0.06 0.06 0.07 0.07 0.00 0.02 0.01 -0.00 0.00 93.61 94.17 90.03 
86.09 0.06 0.06 0.08 0.07 0.01 0.02 0.01 -0.02 0.00 93.64 94.19 90.03 
86.20 0.06 0.06 0.06 0.07 0.01 0.00 0.02 -0.02 0.00 93.69 94.21 90.03 
86.30 0.07 0.06 0.07 0.07 -0.02 -0.02 0.01 -0.01 0.00 93.68 94.06 90.04 
86.40 0.06 0.06 0.06 0.07 0.03 0.03 0.00 -0.02 0.00 93.54 93.79 90.03 
86.50 0.07 0.06 0.08 0.07 0.03 0.03 0.01 -0.01 0.00 93.67 94.06 90.05 
86.61 0.06 0.06 0.08 0.07 0.03 0.02 0.01 -0.00 0.00 93.65 94.16 90.03 
86.71 0.06 0.06 0.07 0.07 -0.01 0.01 0.02 -0.01 0.00 93.61 94.09 90.03 
86.81 0.07 0.07 0.07 0.07 -0.00 0.00 0.02 -0.01 0.00 93.74 94.07 90.05 
86.91 0.07 0.07 0.07 0.07 -0.02 -0.02 0.01 -0.01 0.00 93.77 93.95 90.03 
87.01 0.06 0.06 0.08 0.07 0.01 0.01 0.01 -0.00 0.00 93.67 94.10 90.05 
87.12 0.06 0.06 0.07 0.07 0.04 0.04 0.02 -0.01 0.00 93.57 94.14 90.04 
87.22 0.06 0.06 0.06 0.07 0.01 0.01 0.01 -0.02 0.00 93.57 94.08 90.04 
87.32 0.07 0.07 0.07 0.07 0.01 0.01 0.01 -0.01 0.00 93.68 94.04 90.05 
87.42 0.07 0.06 0.07 0.07 0.02 0.01 0.01 -0.01 0.00 93.53 94.15 90.04 
87.53 0.06 0.06 0.07 0.07 0.00 0.00 0.01 -0.00 0.00 93.53 94.06 90.03 
87.63 0.06 0.06 0.07 0.07 -0.02 -0.02 0.02 -0.01 0.00 93.61 94.07 90.04 
87.73 0.06 0.07 0.07 0.07 -0.00 -0.01 0.01 -0.02 0.00 93.73 94.13 90.04 
87.84 0.07 0.07 0.07 0.07 -0.01 -0.01 0.02 -0.01 0.00 93.69 94.02 90.01 
87.94 0.08 0.06 0.07 0.07 -0.01 0.01 0.01 -0.01 0.00 93.69 94.12 90.03 
88.04 0.06 0.06 0.07 0.07 0.03 0.03 0.01 -0.02 0.00 93.60 94.18 90.04 
88.14 0.07 0.07 0.08 0.07 -0.03 -0.02 0.01 -0.01 0.00 93.62 94.11 90.05 
88.24 0.07 0.07 0.08 0.07 0.00 0.00 0.01 0.00 0.00 93.73 94.06 90.04 
88.35 0.06 0.06 0.07 0.07 0.01 0.01 0.01 -0.02 0.00 93.65 94.07 90.00 
88.45 0.06 0.06 0.07 0.07 0.01 0.01 0.01 -0.01 0.00 93.64 94.12 90.05 
88.55 0.07 0.06 0.07 0.07 0.02 0.02 0.01 -0.01 0.00 93.61 94.16 90.05 
88.65 0.07 0.06 0.07 0.07 -0.00 -0.01 0.02 -0.01 0.00 93.69 94.17 90.03 
88.76 0.06 0.06 0.08 0.07 -0.01 -0.01 0.01 -0.01 0.00 93.69 94.23 90.05 
88.86 0.07 0.06 0.07 0.07 0.02 0.02 0.01 -0.01 0.00 93.51 94.17 90.01 
88.97 0.06 0.06 0.06 0.07 0.02 0.02 0.01 -0.02 0.00 93.62 94.18 90.02 
89.07 0.06 0.06 0.08 0.07 0.02 0.01 0.01 -0.01 0.01 93.69 94.07 90.03 
89.17 0.05 0.06 0.07 0.07 0.02 0.01 0.01 -0.01 0.00 93.69 94.11 90.03 
89.27 0.07 0.06 0.06 0.07 -0.00 -0.00 0.01 -0.01 0.00 93.66 94.21 90.03 
89.38 0.06 0.06 0.07 0.07 0.04 0.04 0.01 -0.01 0.00 93.49 94.15 90.06 
89.48 0.06 0.06 0.08 0.07 0.00 -0.00 0.01 -0.01 0.00 93.66 93.94 90.05 
89.58 0.06 0.06 0.06 0.07 0.01 0.01 0.01 -0.02 0.00 93.72 94.25 90.07 
89.68 0.06 0.06 0.08 0.07 0.00 0.00 0.02 0.00 0.01 93.64 94.16 90.06 
89.79 0.06 0.06 0.07 0.07 0.01 0.01 0.01 -0.00 0.00 93.66 94.18 90.00 
89.89 0.00 0.05 0.04 0.07 0.08 0.04 0.02 -0.01 0.00 93.38 94.48 90.04 
89.99 0.05 0.05 0.10 0.07 0.01 0.00 0.01 -0.00 0.00 93.13 94.07 90.03 
90.09 0.07 0.06 0.08 0.07 -0.01 -0.01 0.01 -0.02 0.00 93.54 94.09 90.02 
90.19 0.07 0.07 0.07 0.07 -0.02 -0.02 0.02 -0.01 0.00 93.78 94.04 90.04 
90.30 0.07 0.06 0.07 0.07 -0.02 -0.01 0.00 -0.01 0.00 93.65 93.99 90.04 
90.40 0.05 0.06 0.08 0.07 -0.01 -0.03 0.01 -0.01 0.00 93.62 94.01 90.02 
90.51 0.06 0.06 0.08 0.07 0.01 0.01 0.01 -0.01 0.00 93.65 93.96 90.05 
90.61 0.04 0.06 0.07 0.07 0.01 0.00 0.01 -0.01 0.00 93.58 94.14 90.05 
90.71 0.07 0.06 0.08 0.07 -0.01 -0.01 0.00 -0.01 0.00 93.66 94.12 90.05 
90.81 0.06 0.06 0.06 0.07 -0.02 -0.02 0.01 -0.02 0.00 93.72 94.15 90.02 
90.92 0.05 0.06 0.08 0.08 0.02 0.02 0.01 -0.01 0.00 93.37 94.27 90.05 
91.02 0.13 0.08 0.11 0.08 0.10 0.14 0.01 -0.02 0.00 93.85 94.02 90.01 
91.12 0.06 0.06 0.07 0.07 0.04 0.03 0.01 -0.03 0.00 93.51 93.83 90.05 
91.23 0.06 0.06 0.09 0.07 -0.02 -0.03 0.00 0.00 0.00 93.62 93.99 90.05 
91.33 0.07 0.07 0.08 0.07 -0.03 -0.03 0.00 0.00 0.00 93.80 93.79 90.05 
91.43 0.07 0.07 0.08 0.08 -0.03 -0.03 0.02 -0.00 0.00 93.70 94.43 90.03 
91.54 0.06 0.06 0.08 0.08 -0.00 -0.00 0.02 -0.01 0.01 93.61 94.34 90.07 
91.64 0.06 0.07 0.09 0.07 0.01 -0.02 0.01 -0.00 -0.00 93.82 94.19 89.99 
91.74 0.10 0.07 0.08 0.06 -0.05 -0.03 0.01 -0.01 0.00 93.95 93.52 90.05 
91.84 0.01 0.06 0.10 0.07 0.05 0.01 0.01 0.00 0.00 94.23 93.74 90.05 
91.95 0.05 0.06 0.08 0.07 0.02 0.01 0.02 -0.02 0.00 93.59 94.07 90.05 
92.05 0.06 0.07 0.05 0.07 -0.04 -0.04 0.02 -0.02 0.01 94.01 94.58 90.04 
92.15 0.05 0.07 0.06 0.06 -0.01 -0.08 0.01 -0.01 0.00 94.10 93.71 90.02 
92.26 0.03 0.06 0.06 0.07 0.01 -0.01 0.01 -0.00 0.00 93.81 94.02 90.03 
92.36 0.05 0.06 0.09 0.07 -0.00 -0.01 0.01 -0.02 0.00 93.52 94.09 90.05 
92.46 0.07 0.06 0.08 0.07 0.01 0.01 0.01 -0.01 0.00 93.46 93.98 90.04 
92.56 0.06 0.07 0.07 0.07 -0.02 -0.02 0.02 -0.01 0.00 93.91 94.04 90.02 
92.67 0.07 0.07 0.07 0.07 0.01 0.01 0.01 -0.01 0.00 93.76 94.01 90.02 
92.77 0.06 0.06 0.07 0.07 -0.00 -0.01 0.01 -0.01 0.00 93.73 94.08 90.06 
92.87 0.07 0.06 0.08 0.07 -0.01 -0.01 0.02 -0.01 0.00 93.66 94.27 90.05 
92.98 0.06 0.06 0.07 0.07 0.03 0.03 0.01 -0.01 0.00 93.44 94.10 90.04 
93.08 0.06 0.06 0.08 0.07 0.01 0.01 0.01 -0.01 0.00 93.51 94.08 90.03 
93.18 0.06 0.06 0.07 0.07 0.03 0.03 0.01 -0.01 0.00 93.58 94.07 90.06 
93.28 0.06 0.06 0.07 0.07 0.02 0.01 0.01 -0.01 0.00 93.68 94.10 90.04 
93.38 0.06 0.06 0.07 0.07 0.00 -0.02 0.01 -0.01 0.00 93.63 94.13 90.05 
93.49 0.07 0.07 0.07 0.07 -0.00 -0.00 0.01 -0.01 0.00 93.75 94.01 90.02 
93.59 0.03 0.07 0.07 0.06 0.01 -0.01 0.02 -0.01 0.00 94.07 93.69 90.06 
93.69 0.07 0.07 0.09 0.07 -0.00 -0.00 0.00 -0.01 0.00 93.77 93.90 90.03 
93.79 0.05 0.07 0.07 0.08 -0.02 -0.03 0.01 -0.01 0.00 93.80 94.48 90.05 
93.90 0.07 0.06 0.07 0.07 -0.01 -0.01 0.01 -0.02 0.00 93.68 94.28 90.05 
94.00 0.08 0.07 0.06 0.06 -0.01 -0.00 0.01 -0.01 0.00 93.63 93.68 90.06 
94.10 0.07 0.07 0.07 0.07 -0.01 -0.01 0.01 -0.01 0.00 93.75 93.95 90.05 
94.21 0.04 0.07 0.07 0.06 -0.01 -0.03 0.01 -0.01 0.01 93.80 93.70 90.06 
94.31 0.07 0.07 0.07 0.07 0.02 0.02 0.01 -0.01 0.00 93.75 93.90 90.05 
94.41 0.07 0.07 0.07 0.07 -0.03 -0.02 0.01 -0.01 0.00 93.74 94.14 90.07 
94.52 0.07 0.06 0.07 0.07 -0.00 -0.00 0.01 -0.01 0.00 93.68 94.13 90.03 
94.62 0.06 0.06 0.08 0.07 -0.01 0.00 0.01 0.00 0.00 93.69 94.06 90.05 
94.72 0.07 0.06 0.07 0.07 -0.01 -0.01 0.01 -0.00 0.00 93.71 94.18 90.05 
94.82 0.07 0.06 0.07 0.07 -0.01 -0.01 0.01 -0.01 0.01 93.67 94.06 90.07 
94.93 0.06 0.06 0.08 0.07 -0.00 -0.00 0.01 -0.01 0.00 93.67 94.09 90.05 
95.03 0.06 0.06 0.08 0.07 0.00 0.00 0.01 -0.01 0.00 93.62 94.15 90.02 
95.14 0.06 0.06 0.08 0.07 -0.01 -0.00 0.01 -0.00 0.00 93.75 94.04 90.01 
95.24 0.07 0.06 0.07 0.07 0.01 0.01 0.01 -0.01 0.00 93.67 94.05 90.04 
95.34 0.06 0.06 0.07 0.07 -0.00 -0.00 0.01 -0.01 0.00 93.60 94.12 90.05 
95.44 0.07 0.06 0.07 0.07 -0.01 -0.01 0.01 -0.01 0.00 93.72 94.25 90.03 
95.55 0.07 0.07 0.07 0.07 -0.03 -0.03 0.01 -0.01 0.00 93.85 94.10 90.02 
95.65 0.03 0.06 0.02 0.06 0.04 0.01 0.01 -0.01 0.00 93.50 94.08 90.02 
95.75 0.07 0.07 0.07 0.07 -0.00 -0.00 0.02 -0.01 0.00 93.95 94.07 90.05 
95.85 0.07 0.07 0.08 0.07 -0.03 -0.03 0.01 -0.01 0.00 93.76 94.25 90.02 
95.95 0.07 0.07 0.08 0.07 -0.01 -0.00 0.01 -0.01 0.00 93.82 94.21 90.04 
96.06 0.06 0.06 0.06 0.07 -0.01 -0.01 0.00 -0.01 0.00 93.53 93.85 90.06 
96.16 0.07 0.07 0.08 0.07 -0.01 -0.01 0.01 -0.01 0.01 93.74 93.96 90.07 
96.26 0.07 0.06 0.07 0.07 -0.02 -0.02 0.01 -0.01 0.00 93.66 94.03 90.05 
96.37 0.06 0.06 0.08 0.07 0.02 0.02 0.02 -0.01 0.00 93.61 94.02 90.04 
96.47 0.06 0.06 0.07 0.07 -0.03 -0.03 0.01 -0.01 0.00 93.55 93.92 90.03 
96.57 0.07 0.07 0.07 0.07 -0.01 -0.01 0.01 -0.01 0.00 93.68 94.04 90.05 
96.68 0.06 0.06 0.08 0.07 -0.01 -0.01 0.01 -0.01 0.00 93.64 94.04 90.05 
96.78 0.07 0.07 0.07 0.07 -0.02 -0.02 0.01 -0.00 0.00 93.75 94.14 90.05 
96.88 0.07 0.07 0.07 0.07 0.03 -0.00 0.01 -0.01 0.00 93.76 94.17 90.06 
96.99 0.07 0.07 0.09 0.07 -0.01 -0.00 0.02 -0.01 0.00 93.69 94.18 90.03 
97.09 0.07 0.07 0.07 0.07 -0.00 -0.00 0.01 -0.01 0.00 93.75 94.15 90.04 
97.19 0.06 0.06 0.08 0.07 0.00 0.00 0.01 -0.01 0.00 93.64 94.11 90.05 
97.30 0.06 0.06 0.07 0.07 0.01 0.00 0.01 -0.01 0.00 93.69 94.18 90.05 
97.40 0.06 0.06 0.07 0.06 0.03 0.03 0.01 -0.01 0.00 93.37 93.67 90.03 
97.50 0.12 0.07 0.10 0.07 -0.02 0.02 0.01 -0.01 0.00 93.54 93.94 90.03 
97.63 0.07 0.07 0.07 0.07 -0.02 -0.02 0.01 -0.01 0.00 94.00 94.17 90.02 
97.77 0.07 0.07 0.07 0.07 -0.01 -0.02 0.01 -0.01 0.00 93.96 94.14 90.02 
97.90 0.07 0.07 0.07 0.07 0.00 -0.01 0.01 -0.01 0.00 93.92 94.11 90.03 
98.03 0.06 0.07 0.07 0.07 -0.02 -0.00 0.01 -0.01 0.00 93.89 94.08 90.05 
98.13 0.07 0.07 0.07 0.07 -0.01 -0.01 0.01 -0.01 0.00 93.87 94.06 90.05 
98.23 0.02 0.06 0.07 0.06 0.03 0.01 0.02 -0.01 0.00 93.87 93.35 90.05 
98.34 0.03 0.06 0.12 0.08 0.01 -0.01 0.02 -0.00 0.01 93.65 94.73 90.06 
98.44 0.08 0.06 0.08 0.07 0.01 0.01 0.01 -0.02 0.00 93.42 93.98 90.05 
98.54 0.06 0.05 0.04 0.07 0.08 0.09 0.01 -0.02 0.00 92.44 94.24 90.05 
98.65 0.06 0.06 0.06 0.08 0.01 0.01 0.01 -0.01 0.00 93.37 94.48 90.04 
98.75 0.06 0.06 0.07 0.07 0.00 -0.00 0.01 -0.01 0.01 93.65 94.15 90.01 
98.85 0.07 0.06 0.07 0.07 -0.00 -0.00 0.01 -0.01 0.00 93.64 94.21 90.04 
98.96 0.07 0.07 0.07 0.07 -0.01 -0.01 0.01 -0.02 0.00 93.73 94.09 90.04 
99.06 0.06 0.06 0.07 0.07 0.00 -0.00 0.02 -0.01 0.00 93.62 94.09 90.02 
99.16 -0.00 0.06 0.06 0.07 0.05 0.01 0.01 -0.00 0.00 93.80 94.40 90.05 
99.27 0.07 0.06 0.08 0.07 -0.00 -0.00 0.01 -0.00 0.00 93.46 94.02 90.05 
99.37 0.07 0.06 0.07 0.07 0.01 0.01 0.02 -0.01 0.00 93.62 94.06 90.05 
99.47 0.08 0.06 0.06 0.07 0.01 -0.00 0.01 -0.01 0.00 93.47 93.84 90.03 
99.58 0.07 0.07 0.07 0.07 -0.01 -0.00 0.01 -0.01 0.00 93.68 93.94 90.06 
99.68 0.09 0.07 -0.04 0.05 -0.02 0.00 0.01 -0.01 0.00 93.64 94.02 90.03 
99.78 0.07 0.06 0.06 0.06 -0.03 -0.03 0.01 -0.01 0.00 93.71 93.56 90.05 
99.89 0.05 0.06 0.06 0.07 0.01 0.00 0.01 -0.02 0.00 93.62 93.98 90.03 
99.99 0.06 0.06 0.07 0.07 -0.01 -0.01 0.01 -0.01 0.00 93.61 93.99 90.04 
100.09 0.11 0.07 0.08 0.07 -0.04 -0.02 0.01 -0.00 0.00 93.75 94.16 90.06 
100.20 0.07 0.06 0.07 0.07 -0.05 -0.05 0.01 -0.01 0.00 93.63 94.20 90.04 
100.30 0.07 0.07 0.07 0.07 0.04 0.04 0.01 -0.01 0.00 93.72 94.09 90.06 
100.40 0.07 0.07 0.07 0.07 0.02 0.03 0.01 -0.02 0.00 93.69 94.07 90.05 
100.50 0.01 0.06 0.08 0.07 0.07 0.04 0.02 -0.01 0.00 93.61 93.97 90.02 
100.61 0.05 0.06 0.06 0.07 0.05 0.05 0.01 -0.02 0.01 93.32 94.09 90.05 
100.71 0.06 0.06 0.08 0.07 0.02 0.01 0.01 -0.01 0.00 93.56 94.14 90.04 
100.81 0.06 0.06 0.07 0.07 0.04 0.04 0.01 -0.01 0.00 93.57 93.97 90.05 
100.92 0.06 0.06 0.08 0.07 0.04 0.04 0.01 -0.01 0.00 93.49 94.13 90.05 
101.02 0.08 0.07 0.08 0.07 0.02 0.03 0.01 -0.01 0.00 93.65 93.98 90.04 
101.12 0.07 0.07 0.07 0.07 0.01 0.01 0.01 -0.02 0.00 93.78 93.98 90.05 
101.22 0.07 0.07 0.06 0.07 0.03 0.00 0.01 -0.01 0.00 93.79 94.04 90.05 
101.33 0.07 0.07 0.08 0.07 0.03 0.03 0.02 -0.01 0.00 93.72 94.10 90.03 
101.43 0.07 0.07 0.08 0.07 0.02 0.02 0.01 -0.01 0.00 93.73 94.10 90.02 
101.53 0.07 0.06 0.07 0.07 0.03 0.03 0.01 -0.01 0.00 93.66 94.10 90.04 
101.64 0.09 0.07 0.08 0.07 -0.07 -0.06 0.02 -0.02 0.00 93.83 94.18 90.05 
101.74 0.09 0.07 0.07 0.07 -0.05 -0.04 0.01 -0.01 0.00 94.07 93.77 90.02 
101.84 0.01 0.06 0.08 0.07 0.05 0.02 0.00 -0.01 0.00 93.78 93.94 90.05 
101.94 0.05 0.06 0.08 0.07 0.01 0.03 0.01 -0.00 0.00 93.38 93.95 90.05 
102.05 0.06 0.06 0.07 0.07 -0.01 -0.01 0.02 -0.01 0.00 93.48 94.09 90.03 
102.15 0.07 0.07 0.11 0.08 -0.02 -0.02 0.02 -0.01 0.00 93.93 94.22 90.04 
102.25 0.07 0.07 0.08 0.06 -0.06 -0.06 0.01 -0.01 0.00 94.28 93.52 90.03 
102.36 -0.04 0.05 0.04 0.07 0.00 -0.06 0.01 -0.00 0.00 93.96 94.00 90.02 
102.46 0.05 0.06 0.07 0.07 0.02 0.01 0.01 -0.01 0.00 93.60 93.87 90.05 
102.56 0.07 0.06 0.07 0.07 0.01 0.01 0.02 -0.01 0.00 93.65 94.12 90.04 
102.67 0.06 0.06 0.07 0.07 -0.01 -0.01 0.02 -0.02 0.00 93.68 94.15 90.03 
102.77 0.05 0.06 0.07 0.07 0.01 0.01 0.01 -0.01 0.00 93.65 94.06 90.05 
102.87 0.07 0.07 0.07 0.07 0.02 0.02 0.01 -0.00 0.00 93.77 94.00 90.05 
102.97 0.05 0.07 0.05 0.07 0.01 0.00 0.01 -0.01 0.01 93.84 94.06 90.05 
103.07 0.06 0.06 0.08 0.07 0.00 0.00 0.01 -0.01 0.00 93.71 94.08 90.02 
103.18 0.07 0.06 0.06 0.07 0.01 0.01 0.01 -0.02 0.00 93.56 94.23 90.02 
103.28 0.06 0.07 0.08 0.07 -0.01 -0.01 0.01 -0.02 0.00 93.77 94.22 90.02 
103.39 0.07 0.07 0.07 0.07 -0.03 -0.03 0.01 -0.01 0.00 93.73 94.06 90.05 
103.49 0.07 0.07 0.07 0.07 -0.04 -0.04 0.01 -0.00 0.00 93.76 94.18 90.04 
103.59 0.04 0.06 0.05 0.07 0.01 -0.00 0.01 -0.01 0.00 93.71 94.22 90.05 
103.70 0.04 0.05 0.07 0.06 0.09 0.07 0.01 -0.02 0.01 92.99 93.58 90.04 
103.80 0.07 0.08 0.07 0.07 -0.09 -0.09 0.01 -0.01 0.00 94.65 93.98 90.02 
103.90 0.08 0.07 0.08 0.07 -0.07 -0.07 0.01 -0.02 0.00 94.11 93.83 90.01 
104.00 0.11 0.07 0.05 0.07 -0.05 -0.03 0.01 -0.01 0.00 93.71 94.01 90.08 
104.11 0.04 0.06 0.05 0.07 -0.01 -0.03 0.01 -0.01 0.00 93.80 94.31 90.03 
104.21 0.06 0.06 0.06 0.07 0.02 -0.06 0.01 -0.02 0.00 93.67 94.00 90.01 
104.32 0.06 0.07 0.07 0.07 0.00 -0.00 0.01 0.00 0.00 93.79 94.17 90.04 
104.42 0.06 0.08 0.09 0.07 -0.04 -0.05 0.01 -0.01 0.00 94.53 93.83 90.01 
104.52 0.07 0.07 0.10 0.07 -0.06 -0.06 0.01 -0.02 0.00 94.23 93.79 90.04 
104.63 0.06 0.06 0.08 0.07 -0.03 -0.04 0.01 -0.01 0.00 93.77 93.98 90.02 
104.73 0.08 0.06 0.07 0.07 0.00 0.02 0.02 -0.02 0.01 93.49 94.04 90.07 
104.83 0.07 0.06 0.06 0.07 -0.01 -0.01 0.02 -0.02 0.01 93.59 94.08 90.06 
104.94 0.06 0.07 0.06 0.08 -0.03 -0.04 0.01 -0.01 0.00 94.03 94.63 90.04 
105.04 0.07 0.07 0.08 0.07 -0.01 -0.01 0.00 -0.01 0.00 93.79 94.00 90.04 
105.14 0.06 0.07 0.08 0.07 -0.01 -0.01 0.01 -0.02 0.00 93.82 94.16 90.04 
105.25 0.07 0.07 0.07 0.07 0.01 0.01 0.02 -0.01 0.00 93.68 94.07 90.03 
105.35 0.06 0.06 0.07 0.07 0.00 0.00 0.01 -0.01 0.00 93.64 94.07 90.05 
105.45 0.07 0.06 0.07 0.07 -0.03 -0.02 0.01 -0.01 0.00 93.67 94.11 90.04 
105.55 0.06 0.06 0.07 0.07 0.02 0.02 0.01 -0.01 0.00 93.67 94.01 90.02 
105.65 0.06 0.06 0.09 0.07 0.03 0.03 0.00 -0.01 0.00 93.47 93.96 90.04 
105.76 0.06 0.06 0.06 0.07 -0.00 -0.00 0.02 -0.02 0.00 93.68 94.14 90.05 
105.86 0.05 0.06 0.02 0.06 0.00 -0.00 0.01 -0.01 0.00 93.69 94.11 90.06 
105.96 0.07 0.07 0.06 0.07 -0.05 -0.05 0.01 -0.00 0.00 94.01 93.85 90.05 
106.07 0.06 0.07 0.07 0.07 -0.01 -0.02 0.01 -0.00 0.00 93.77 94.01 90.02 
106.17 0.06 0.07 0.06 0.07 -0.00 -0.01 0.01 -0.02 0.00 93.85 94.10 90.03 
106.27 0.07 0.07 0.07 0.07 -0.02 -0.02 0.02 -0.01 0.00 93.90 94.01 90.02 
106.37 0.06 0.07 0.07 0.07 -0.01 -0.01 0.01 -0.02 0.00 93.80 94.10 90.02 
106.48 0.06 0.06 0.08 0.07 -0.00 0.01 0.01 -0.02 0.00 93.72 94.05 90.06 
106.58 0.07 0.07 0.07 0.07 0.01 0.01 0.01 -0.01 0.00 93.74 94.15 90.05 
106.69 0.06 0.07 0.07 0.07 0.01 0.00 0.01 -0.01 0.01 93.80 93.96 90.05 
106.79 0.07 0.07 0.07 0.07 -0.01 -0.01 0.01 -0.01 0.00 93.81 94.10 90.02 
106.89 0.07 0.07 0.07 0.07 0.01 0.01 0.01 -0.02 0.00 93.74 94.13 90.04 
106.99 0.06 0.06 0.06 0.07 -0.01 -0.01 0.01 -0.02 0.00 93.70 94.00 90.05 
107.10 0.07 0.06 0.07 0.07 0.01 0.01 0.01 -0.00 0.00 93.62 94.06 90.05 
107.20 0.07 0.06 0.07 0.07 -0.00 -0.00 0.01 -0.00 0.00 93.66 94.17 90.03 
107.30 0.07 0.07 0.07 0.07 0.01 0.01 0.02 -0.02 0.00 93.76 93.98 90.05 
107.41 0.07 0.07 0.07 0.07 -0.00 -0.00 0.01 -0.01 0.00 93.79 94.03 90.05 
107.51 0.06 0.06 0.06 0.07 0.01 0.01 0.01 -0.02 0.00 93.69 93.90 90.06 
107.61 0.07 0.06 0.07 0.07 0.02 0.02 0.01 -0.01 0.00 93.53 94.08 90.04 
107.71 0.06 0.06 0.07 0.07 -0.02 0.02 0.01 -0.00 0.00 93.62 94.06 90.03 
107.82 0.06 0.06 0.07 0.07 -0.00 -0.00 0.01 -0.02 0.01 93.59 94.09 90.06 
107.92 0.06 0.06 0.06 0.07 0.01 0.01 0.02 -0.02 0.00 93.64 94.01 90.01 
108.03 0.07 0.06 0.07 0.07 0.01 0.01 0.01 -0.01 0.00 93.62 93.97 90.04 
108.13 0.07 0.07 0.07 0.07 0.02 0.02 0.01 -0.01 0.00 93.78 94.13 90.07 
108.23 0.07 0.07 0.11 0.07 0.01 -0.02 0.01 -0.01 0.01 93.99 93.65 90.04 
108.33 0.06 0.07 0.07 0.07 0.01 0.01 0.01 -0.01 0.00 93.78 94.15 90.02 
108.43 0.06 0.07 0.08 0.07 0.00 0.01 0.01 -0.02 0.00 93.75 94.12 90.04 
108.54 0.07 0.07 0.07 0.07 -0.02 -0.02 0.00 -0.01 0.00 93.68 94.09 90.03 
108.64 0.07 0.06 0.10 0.08 0.03 0.03 0.01 0.00 0.00 93.63 94.17 90.04 
108.75 0.04 0.06 0.12 0.08 -0.00 -0.01 0.01 -0.01 0.00 93.98 94.32 90.04 
108.85 0.07 0.07 0.07 0.07 -0.01 -0.00 0.01 -0.01 0.00 93.69 94.31 90.03 
108.95 0.06 0.07 0.08 0.07 0.01 0.01 0.01 -0.02 0.00 93.84 94.08 90.02 
109.06 0.07 0.06 0.07 0.07 0.00 0.00 0.01 -0.01 0.00 93.61 94.10 90.06 
109.16 0.07 0.06 0.08 0.07 -0.01 -0.01 0.01 0.00 0.00 93.64 93.99 90.03 
109.27 0.07 0.06 0.08 0.07 0.02 0.01 0.01 -0.01 0.00 93.68 94.01 90.03 
109.37 0.06 0.06 0.07 0.07 0.00 0.00 0.02 -0.02 0.00 93.72 94.08 90.03 
109.47 0.07 0.07 0.07 0.07 0.01 0.01 0.01 -0.01 0.00 93.71 94.00 90.02 
109.58 0.07 0.06 0.07 0.07 0.01 0.01 0.01 -0.00 0.00 93.67 94.02 90.01 
109.68 0.06 0.06 0.07 0.07 0.02 0.02 0.00 -0.01 0.01 93.65 94.09 90.05 
109.78 0.07 0.06 0.07 0.07 0.00 0.02 0.01 -0.00 0.00 93.69 94.17 90.07 
109.88 0.06 0.06 0.07 0.07 0.00 0.00 0.01 -0.02 0.00 93.69 94.03 90.02 
109.99 0.06 0.06 0.06 0.07 0.01 0.01 0.02 -0.02 0.00 93.71 94.12 90.03 
110.09 0.07 0.06 0.08 0.07 -0.00 -0.00 0.01 -0.00 0.00 93.58 94.04 90.06 
110.19 0.06 0.06 0.07 0.07 0.01 0.01 0.01 -0.00 0.00 93.57 94.11 90.04 
110.30 0.03 0.06 0.07 0.07 0.02 0.01 0.02 -0.02 0.01 93.95 94.14 90.04 
110.40 0.07 0.07 0.06 0.07 0.01 0.01 0.01 -0.01 0.00 93.87 94.08 90.02 
110.50 0.05 0.05 0.04 0.06 0.06 0.08 0.01 -0.02 0.00 92.60 93.67 90.04 
110.60 0.08 0.06 0.06 0.06 0.02 0.03 0.02 -0.01 0.00 93.63 93.38 90.05 
110.71 0.06 0.06 0.07 0.07 0.01 0.01 0.02 0.00 0.00 93.71 93.80 90.04 
110.81 0.07 0.07 0.07 0.07 0.02 0.02 0.02 -0.02 0.00 93.74 94.08 90.05 
110.91 0.07 0.06 0.07 0.07 -0.02 -0.02 0.01 -0.02 0.00 93.47 94.23 90.06 
111.02 0.06 0.06 0.08 0.07 -0.01 -0.00 0.01 -0.00 0.00 93.67 94.25 90.06 
111.12 0.06 0.06 0.08 0.07 0.01 0.01 0.01 -0.01 0.00 93.62 94.12 90.04 
111.23 0.06 0.06 0.06 0.07 0.03 0.03 0.01 -0.01 0.00 93.58 94.18 90.04 
111.33 0.07 0.06 0.08 0.07 0.01 0.02 0.01 -0.01 0.00 93.67 94.08 90.06 
111.43 0.04 0.06 0.09 0.07 0.05 0.04 0.01 -0.01 0.00 93.48 94.11 90.02 
111.54 0.06 0.06 0.05 0.07 0.04 0.05 0.02 -0.02 0.01 93.33 94.15 90.07 
111.64 0.05 0.06 0.08 0.07 -0.00 -0.01 0.01 -0.00 0.00 93.84 94.03 90.02 
111.74 0.07 0.07 0.06 0.07 -0.02 -0.02 0.01 -0.01 0.00 93.91 94.08 90.03 
111.85 0.06 0.07 0.03 0.07 -0.01 -0.01 0.02 -0.01 0.00 93.81 94.08 90.04 
111.95 0.07 0.06 0.06 0.07 0.02 0.03 0.02 -0.01 0.00 93.37 94.08 90.03 
112.05 0.06 0.06 0.07 0.07 0.02 0.02 0.02 -0.02 0.00 93.51 94.20 90.02 
112.15 0.06 0.06 0.08 0.07 0.01 0.00 0.01 -0.01 0.00 93.70 94.08 90.07 
112.26 0.06 0.07 0.07 0.07 -0.03 -0.03 0.01 -0.00 0.00 93.88 94.04 90.03 
112.36 0.07 0.07 0.06 0.07 -0.01 -0.01 0.01 -0.01 0.01 93.79 94.13 90.04 
112.46 0.08 0.07 0.09 0.07 -0.00 0.00 0.02 -0.01 0.00 93.83 94.11 90.03 
112.57 0.08 0.07 0.08 0.07 -0.02 -0.01 0.02 -0.01 0.00 93.66 94.03 90.05 
112.67 0.06 0.06 0.08 0.08 0.03 0.02 0.01 -0.01 0.00 93.77 94.21 90.03 
112.77 0.07 0.07 0.07 0.07 0.02 0.00 0.00 0.00 0.00 93.90 94.10 90.02 
112.87 0.08 0.07 0.07 0.07 -0.00 0.00 0.01 -0.00 0.00 93.89 94.16 90.04 
112.98 0.09 0.07 0.08 0.08 -0.03 -0.01 0.02 -0.02 0.00 93.79 94.61 90.04 
113.08 0.07 0.07 0.07 0.07 0.02 0.02 0.01 -0.01 0.00 93.73 94.38 90.07 
113.18 0.05 0.06 0.08 0.07 0.03 0.02 0.01 -0.00 0.00 93.73 94.23 90.03 
113.29 0.07 0.07 0.07 0.07 0.02 0.01 0.01 -0.01 0.00 93.69 94.15 90.03 
113.39 0.06 0.06 0.07 0.07 0.01 0.01 0.01 -0.00 0.00 93.75 94.11 90.04 
113.49 0.07 0.06 0.07 0.07 0.03 0.04 0.01 -0.01 0.00 93.57 94.21 90.04 
113.59 0.07 0.06 0.06 0.07 0.01 0.01 0.01 -0.02 0.00 93.62 94.14 90.03 
113.69 0.07 0.06 0.07 0.07 0.02 0.02 0.02 -0.01 0.00 93.62 94.13 90.05 
113.80 0.06 0.05 0.08 0.07 0.05 0.05 0.01 -0.01 0.00 93.11 94.16 90.03 
113.90 0.06 0.06 0.07 0.07 0.03 0.03 0.01 -0.01 0.00 93.59 94.20 90.03 
114.00 0.06 0.07 0.08 0.07 0.01 -0.02 0.01 -0.01 0.00 93.74 94.01 90.03 
114.11 0.06 0.06 0.07 0.07 0.01 0.01 0.02 -0.01 0.00 93.66 94.19 90.03 
114.21 0.07 0.06 0.06 0.07 0.01 0.01 0.01 -0.01 0.00 93.64 94.17 90.05 
114.31 0.07 0.07 0.07 0.07 0.01 0.01 0.01 -0.01 0.00 93.78 93.95 90.04 
114.41 0.06 0.06 0.07 0.07 0.03 0.03 0.01 -0.00 0.00 93.38 93.88 90.03 
114.52 0.03 0.06 0.08 0.07 0.05 0.02 0.01 -0.01 0.00 93.63 94.17 90.03 
114.62 0.06 0.06 0.06 0.07 0.02 0.02 0.01 -0.02 0.00 93.71 94.34 90.05 
114.73 0.07 0.06 0.06 0.07 0.01 0.01 0.01 -0.01 0.00 93.66 94.13 90.03 
114.83 0.10 0.07 0.12 0.07 -0.02 0.00 0.01 -0.02 0.00 93.65 93.60 90.03 
114.93 0.05 0.06 0.09 0.07 0.04 0.04 0.02 0.00 0.00 93.48 94.15 90.07 
115.04 0.06 0.06 0.06 0.07 0.02 0.03 0.01 -0.02 0.00 93.53 94.13 90.03 
115.14 0.07 0.06 0.06 0.07 0.03 0.03 0.01 -0.01 0.00 93.61 94.14 90.05 
115.25 0.07 0.06 0.07 0.07 0.02 0.03 0.01 -0.01 0.00 93.61 94.02 90.00 
115.35 0.06 0.06 0.07 0.07 0.03 0.03 0.02 -0.01 0.00 93.59 94.02 90.07 
115.45 0.05 0.06 0.08 0.07 0.02 0.01 0.01 -0.00 0.00 93.71 94.05 90.04 
115.56 0.06 0.06 0.08 0.07 0.03 0.03 0.01 -0.02 0.01 93.61 94.02 90.03 
115.66 0.06 0.06 0.07 0.07 0.02 0.02 0.02 -0.01 0.00 93.59 94.01 90.01 
115.76 0.06 0.06 0.06 0.07 0.01 0.02 0.02 -0.02 0.00 93.57 94.11 90.03 
115.87 0.07 0.06 0.07 0.07 0.05 0.05 0.01 -0.01 0.00 93.54 94.15 90.04 
115.97 0.06 0.06 0.07 0.07 0.03 0.03 0.01 -0.01 0.00 93.56 94.16 90.04 
116.07 0.06 0.06 0.08 0.07 0.03 0.00 0.02 -0.02 0.00 93.72 94.05 90.03 
116.18 0.07 0.06 0.07 0.07 0.02 0.02 0.01 -0.01 0.00 93.57 94.18 90.04 
116.28 0.07 0.06 0.07 0.07 0.01 0.01 0.01 -0.01 0.00 93.68 94.13 90.00 
116.39 0.07 0.07 0.07 0.07 0.02 0.02 0.01 -0.00 -0.00 93.71 93.99 90.05 
116.49 0.07 0.06 0.07 0.07 0.01 0.01 0.01 -0.01 0.00 93.68 94.05 90.05 
116.59 0.06 0.06 0.06 0.07 -0.01 0.02 0.01 -0.01 0.00 93.75 93.92 90.00 
116.69 0.06 0.06 0.07 0.07 0.01 0.01 0.01 -0.02 0.00 93.74 94.09 90.05 
116.80 0.05 0.06 0.07 0.07 0.01 0.01 0.01 -0.00 0.00 93.68 94.00 90.05 
116.90 0.07 0.07 0.08 0.07 -0.03 -0.03 0.02 -0.01 0.00 93.71 94.08 90.00 
117.00 0.07 0.06 0.07 0.07 -0.00 -0.00 0.01 -0.00 0.00 93.70 94.19 90.04 
117.11 0.07 0.06 0.06 0.07 -0.03 -0.03 0.02 -0.02 0.00 93.64 94.11 90.03 
117.21 0.06 0.06 0.06 0.07 -0.03 -0.03 0.01 -0.02 0.00 93.69 94.14 90.04 
117.31 0.07 0.06 0.08 0.07 0.00 0.01 0.02 -0.00 0.00 93.59 94.00 90.00 
117.41 0.07 0.07 0.07 0.07 0.01 0.01 0.02 -0.01 0.00 93.77 94.00 90.03 
117.52 0.07 0.05 0.01 0.06 0.02 0.03 0.01 -0.01 0.00 92.95 93.68 90.02 
117.62 0.05 0.06 0.08 0.07 0.02 0.01 0.01 -0.00 0.00 93.46 93.86 90.04 
117.72 0.07 0.06 0.07 0.07 0.05 0.06 0.01 -0.02 0.00 93.17 93.66 90.03 
117.83 0.18 0.09 0.07 0.08 -0.09 -0.06 0.01 -0.01 0.01 93.90 94.31 90.05 
117.93 0.10 0.07 0.06 0.07 -0.07 -0.05 0.01 -0.01 0.00 94.20 94.17 90.03 
118.03 0.02 0.07 0.05 0.07 -0.04 -0.07 0.01 -0.00 0.00 94.29 94.12 90.02 
118.14 -0.03 0.06 0.07 0.07 0.02 -0.03 0.01 -0.01 0.00 94.15 94.02 90.04 
118.24 0.12 0.08 0.09 0.08 0.07 0.09 0.01 -0.01 0.00 94.28 94.63 90.02 
118.34 0.09 0.07 0.09 0.08 -0.08 -0.08 0.02 -0.02 0.00 94.15 94.19 90.02 
118.45 0.08 0.07 0.14 0.08 -0.03 -0.02 0.02 -0.00 0.00 93.96 93.86 90.03 
118.55 0.06 0.07 0.07 0.07 -0.02 -0.03 0.01 -0.01 0.00 93.96 94.08 90.04 
118.65 0.07 0.07 0.07 0.07 -0.04 -0.04 0.01 -0.00 0.00 93.80 93.86 90.04 
118.76 0.03 0.06 0.04 0.06 -0.02 -0.04 0.01 0.00 0.00 93.42 93.46 90.00 
118.86 0.04 0.06 0.06 0.06 0.03 0.00 0.02 -0.01 0.00 93.70 93.59 90.03 
118.96 0.06 0.07 0.07 0.07 -0.02 -0.02 0.02 -0.02 0.00 93.98 93.88 90.04 
119.07 0.05 0.06 0.07 0.07 -0.01 -0.02 0.01 -0.00 0.00 93.79 93.93 90.04 
119.17 0.07 0.07 0.08 0.07 -0.03 -0.03 0.01 -0.00 0.00 93.71 93.88 90.04 
119.27 0.06 0.07 0.07 0.07 -0.02 -0.02 0.02 -0.02 0.00 93.83 94.23 90.03 
119.38 0.06 0.06 0.07 0.07 -0.01 -0.01 0.01 -0.02 0.00 93.61 94.17 90.06 
119.48 0.05 0.07 0.05 0.07 -0.04 -0.05 0.01 -0.01 0.00 93.78 93.83 90.05 
119.58 0.06 0.06 0.07 0.07 -0.01 -0.03 0.01 -0.01 0.00 93.79 93.83 90.02 
119.68 0.07 0.07 0.08 0.07 0.00 0.01 0.01 -0.00 0.00 93.69 94.21 90.05 
119.79 0.06 0.06 0.07 0.07 0.03 0.03 0.01 -0.01 0.00 93.61 94.08 90.03 
119.89 0.06 0.06 0.06 0.07 -0.00 -0.00 0.01 -0.01 0.00 93.65 94.11 90.05 
119.99 0.07 0.07 0.07 0.07 -0.01 -0.02 0.01 -0.00 0.00 93.85 94.10 90.03 
120.09 0.07 0.07 0.07 0.07 -0.02 0.01 0.01 -0.00 0.00 93.76 94.03 90.01 
120.19 0.06 0.06 0.08 0.07 -0.00 -0.01 0.02 -0.01 0.00 93.73 94.13 90.04 
120.30 0.07 0.06 0.07 0.07 0.02 0.02 0.01 -0.01 0.00 93.71 94.17 90.03 
120.40 0.08 0.07 0.06 0.07 -0.01 -0.00 0.02 -0.02 0.00 93.72 94.21 90.03 
