3.06 0.06 0.07 0.07 0.08 0.03 0.01 0.01 -0.01 0.01 93.59 93.96 90.05 
3.24 0.06 0.06 0.07 0.07 0.04 0.03 0.01 -0.01 0.00 93.51 94.16 90.05 
3.34 0.06 0.06 0.07 0.08 0.00 0.02 0.01 -0.01 0.01 93.53 94.47 90.07 
3.44 0.07 0.07 0.08 0.08 0.00 -0.02 0.01 -0.00 0.00 94.09 94.37 90.05 
3.54 0.06 0.07 0.07 0.07 0.05 0.02 0.01 -0.00 0.00 93.91 94.16 90.02 
3.64 0.06 0.06 0.07 0.07 0.09 0.07 0.01 -0.01 0.01 93.50 94.19 90.07 
3.74 0.07 0.06 0.07 0.07 0.02 0.04 0.01 -0.01 0.01 93.58 94.20 90.07 
3.84 0.06 0.06 0.07 0.07 0.04 0.04 0.02 -0.01 0.00 93.57 94.15 90.05 
3.95 0.07 0.06 0.08 0.07 0.00 0.07 0.02 -0.02 0.01 93.55 94.16 90.07 
4.05 0.06 0.06 0.07 0.07 0.04 0.04 0.01 -0.01 0.01 93.51 94.13 90.07 
4.15 0.06 0.06 0.07 0.07 0.06 0.07 0.02 -0.00 0.00 93.63 93.69 90.07 
4.25 0.06 0.06 0.09 0.08 0.04 0.05 0.02 0.00 0.01 93.84 94.33 90.06 
4.36 0.06 0.06 0.07 0.07 0.03 0.04 0.01 -0.02 0.00 93.60 94.23 90.05 
4.46 0.06 0.07 0.07 0.06 0.09 0.02 0.01 -0.02 0.01 93.86 94.32 90.05 
4.57 0.06 0.06 0.07 0.07 0.06 0.05 0.01 -0.01 0.00 93.70 93.91 90.07 
4.67 0.06 0.06 0.07 0.07 0.06 0.05 0.02 0.00 0.01 93.66 93.90 90.07 
4.77 0.05 0.07 0.08 0.08 0.15 0.04 -0.01 -0.03 0.00 92.61 93.92 90.07 
4.87 0.07 0.09 0.09 0.09 0.01 -0.07 -0.07 -0.09 0.00 94.93 95.42 90.05 
4.98 0.04 0.02 0.06 0.05 0.11 0.18 -0.01 -0.03 -0.04 91.84 93.10 89.66 
5.08 0.02 0.02 0.03 0.06 0.16 0.19 -0.10 -0.09 -0.11 89.77 93.74 88.63 
5.18 -0.03 0.02 0.06 0.05 0.34 0.04 -0.20 -0.28 -0.11 91.96 92.80 88.70 
5.28 0.07 0.06 0.03 0.07 -0.27 -0.26 -0.19 -0.30 -0.04 93.59 93.97 89.51 
5.39 -0.02 -0.01 -0.02 0.01 0.02 0.01 -0.14 -0.19 -0.00 89.33 90.55 89.96 
5.49 -0.03 -0.01 -0.03 -0.02 0.05 -0.05 -0.08 -0.47 -0.09 89.24 89.12 88.94 
5.59 -0.02 -0.02 -0.09 -0.08 -0.06 -0.05 -0.07 -0.54 -0.09 88.72 85.55 88.90 
5.69 -0.06 -0.04 -0.15 -0.15 0.15 0.02 0.08 -0.56 -0.10 87.77 81.54 88.91 
5.80 -0.02 -0.02 -0.23 -0.20 -0.02 -0.00 0.06 -0.72 -0.16 89.22 79.02 88.02 
5.90 0.00 -0.01 -0.28 -0.29 -0.11 -0.05 -0.02 -0.70 -0.11 89.38 73.57 88.72 
6.00 0.00 0.00 -0.37 -0.36 -0.10 -0.10 -0.05 -0.67 -0.09 89.60 70.00 88.89 
6.10 -0.02 -0.01 -0.41 -0.42 0.04 0.01 0.09 -0.73 -0.08 89.24 66.14 89.00 
6.21 0.00 0.01 -0.54 -0.56 -0.07 -0.08 0.06 -0.61 -0.03 90.09 59.95 89.50 
6.31 0.00 -0.02 -0.59 -0.61 -0.05 0.04 -0.09 -0.25 -0.00 89.07 53.47 89.92 
6.42 -0.02 -0.03 -0.57 -0.57 0.02 0.04 -0.06 -0.18 -0.01 87.74 57.21 89.83 
6.52 -0.02 -0.02 -0.60 -0.59 0.02 0.02 0.09 -0.25 -0.02 88.90 55.99 89.80 
6.62 -0.01 -0.01 -0.66 -0.66 0.02 0.04 0.02 -0.21 -0.01 88.64 53.60 89.86 
6.73 -0.01 -0.02 -0.62 -0.64 -0.03 0.05 0.01 -0.14 -0.01 88.20 53.85 89.92 
6.83 -0.01 -0.01 -0.64 -0.66 0.07 0.06 0.03 -0.24 -0.00 89.15 52.29 89.97 
6.93 0.00 -0.03 -0.69 -0.69 -0.00 0.15 -0.04 -0.21 -0.01 88.46 50.43 89.87 
7.03 -0.03 -0.02 -0.70 -0.67 0.10 0.07 -0.03 -0.15 -0.01 88.89 51.31 89.80 
7.14 0.02 0.00 -0.72 -0.69 -0.15 -0.04 0.11 -0.19 0.03 90.18 50.40 90.32 
7.24 -0.01 -0.04 -0.76 -0.80 0.07 0.15 0.01 -0.06 0.00 89.11 45.67 90.18 
7.34 -0.03 -0.03 -0.73 -0.75 0.18 0.14 0.01 -0.02 0.00 88.43 47.07 90.01 
7.44 0.00 0.00 -0.71 -0.72 0.05 -0.00 0.07 -0.09 0.00 89.03 48.49 90.04 
7.54 0.00 0.00 -0.76 -0.73 0.06 0.08 0.00 -0.06 0.02 90.00 48.12 90.19 
7.65 -0.02 -0.01 -0.76 -0.74 0.10 0.06 0.04 0.02 0.00 89.42 48.11 90.00 
7.75 -0.02 -0.03 -0.74 -0.76 0.12 0.15 0.09 0.13 0.01 88.95 46.02 90.15 
7.86 0.01 0.00 -0.74 -0.77 0.02 0.05 0.01 0.36 0.04 90.28 46.54 90.50 
7.96 0.02 0.01 -0.71 -0.71 -0.05 -0.01 -0.13 0.82 0.09 90.99 46.61 90.89 
8.07 -0.08 -0.07 -0.54 -0.56 0.44 0.32 -0.30 1.26 0.06 85.53 56.53 90.84 
8.17 -0.08 -0.07 -0.34 -0.37 0.18 0.06 -0.10 1.23 0.06 85.81 67.84 90.79 
8.27 -0.04 -0.05 -0.22 -0.24 -0.24 -0.06 0.13 0.90 0.05 86.97 76.38 90.65 
8.37 -0.04 -0.04 -0.19 -0.18 -0.09 -0.09 0.23 0.66 0.10 87.29 79.08 91.20 
8.48 -0.02 -0.03 -0.15 -0.16 -0.15 -0.10 -0.21 0.74 0.00 87.73 81.02 90.17 
8.58 -0.11 0.24 0.12 -0.24 0.92 -0.51 0.11 0.29 -0.01 108.89 85.03 89.86 
8.68 -0.02 -0.01 0.02 -0.07 -0.17 -0.18 0.12 0.48 -0.04 87.27 90.69 89.41 
8.79 -0.05 -0.02 0.05 0.05 -0.03 -0.21 0.16 0.53 0.02 88.38 93.16 90.12 
8.89 -0.03 -0.03 0.09 0.10 -0.00 -0.01 0.13 0.02 -0.03 88.69 94.11 90.09 
8.99 -0.02 -0.02 0.07 0.06 -0.02 -0.04 -0.06 0.01 -0.04 89.28 92.88 89.58 
9.09 -0.02 -0.03 0.06 0.05 -0.09 -0.05 -0.18 0.28 -0.12 87.56 93.12 88.57 
9.20 -0.01 -0.01 0.12 0.10 -0.21 -0.23 0.03 1.11 -0.17 89.73 92.23 88.02 
9.30 0.05 0.02 0.25 0.21 -0.48 -0.32 0.21 0.35 -0.14 88.52 100.11 88.42 
9.40 -0.08 -0.01 0.28 0.28 0.02 -0.22 -0.12 0.31 -0.14 87.48 106.55 88.27 
9.51 -0.07 -0.09 0.29 0.30 -0.06 0.02 0.05 0.58 -0.14 84.75 108.50 88.30 
9.61 -0.06 -0.03 0.36 0.32 -0.07 -0.14 0.29 0.75 0.02 88.44 108.55 90.18 
9.71 0.00 0.01 0.45 0.45 -0.06 -0.21 0.43 0.67 0.14 89.45 117.18 91.69 
9.82 0.10 0.11 0.53 0.52 -0.24 -0.26 0.36 0.41 0.21 95.63 117.01 92.39 
9.92 0.11 0.10 0.51 0.51 -0.03 -0.02 0.06 0.12 0.08 95.08 119.42 91.23 
10.02 0.08 0.08 0.52 0.52 -0.00 0.02 -0.01 -0.02 -0.03 94.65 119.46 89.57 
10.12 0.10 0.08 0.51 0.52 -0.04 0.01 0.08 0.02 -0.00 94.38 119.63 89.95 
10.23 0.12 0.11 0.54 0.54 -0.07 -0.04 0.10 0.04 0.02 96.43 119.99 90.40 
10.33 0.11 0.12 0.55 0.55 -0.04 -0.06 0.02 0.02 -0.01 96.81 121.33 89.85 
10.43 0.10 0.09 0.53 0.53 -0.00 0.02 0.03 -0.01 0.01 95.89 120.58 90.13 
10.53 0.12 0.11 0.52 0.54 -0.05 -0.04 0.05 -0.04 -0.00 96.54 120.35 89.97 
10.63 0.12 0.11 0.53 0.51 -0.02 -0.01 0.00 -0.04 0.01 96.91 120.28 90.07 
10.73 0.11 0.12 0.55 0.55 -0.00 -0.01 0.03 -0.02 0.00 96.44 120.90 90.07 
10.84 0.11 0.11 0.55 0.54 -0.02 -0.00 0.03 0.05 -0.01 95.78 120.81 89.91 
10.94 0.11 0.11 0.55 0.54 0.00 -0.03 0.04 0.11 0.01 96.69 121.30 90.12 
11.04 0.13 0.12 0.56 0.56 -0.06 -0.02 0.03 0.12 -0.02 96.65 122.13 89.77 
11.15 0.12 0.13 0.57 0.57 -0.05 -0.05 -0.02 0.00 -0.01 96.91 122.62 89.88 
11.25 0.11 0.12 0.57 0.58 -0.02 -0.03 0.02 -0.02 -0.02 96.68 122.73 89.74 
11.35 0.12 0.12 0.57 0.56 -0.06 -0.06 0.03 -0.02 -0.01 96.73 121.83 89.91 
11.46 0.12 0.12 0.54 0.55 -0.06 -0.05 -0.00 -0.15 0.01 96.67 121.82 90.17 
11.56 0.13 0.11 0.46 0.49 -0.07 -0.04 0.10 -0.96 -0.07 97.65 118.13 89.27 
11.67 0.06 0.06 0.41 0.41 0.03 0.03 -0.21 -0.90 -0.11 93.25 114.54 88.74 
11.77 0.03 0.07 0.31 0.31 0.02 -0.09 -0.16 -0.65 -0.06 94.12 107.53 89.27 
11.87 0.06 0.05 0.26 0.27 -0.17 -0.15 -0.07 -1.02 -0.11 94.22 104.34 88.42 
11.97 0.03 0.03 0.15 0.17 -0.04 -0.09 0.01 -1.49 0.01 92.77 100.87 89.87 
12.08 0.06 0.04 0.01 0.01 -0.21 -0.11 -0.00 -0.14 0.06 91.34 91.18 90.67 
12.18 0.04 0.04 0.08 0.09 -0.14 -0.14 0.10 0.01 0.15 91.73 95.25 91.87 
12.29 0.05 0.05 0.03 0.03 -0.12 -0.13 0.03 0.07 0.02 92.92 91.80 90.40 
12.39 0.03 0.03 0.06 0.05 -0.01 0.00 0.27 -0.10 0.00 91.43 93.00 90.05 
12.49 0.07 0.10 0.06 0.05 -0.07 -0.18 0.71 0.05 0.07 95.73 93.09 90.81 
12.60 0.20 0.19 0.12 0.10 -0.04 0.02 1.19 0.52 0.28 99.45 95.49 93.09 
12.70 0.35 0.33 0.14 0.15 -0.27 -0.19 1.14 0.28 0.39 107.32 98.05 94.67 
12.80 0.47 0.44 0.10 0.12 0.07 0.23 0.59 -0.50 0.35 114.24 97.96 94.38 
12.90 0.48 0.50 -0.00 -0.00 0.27 0.23 0.16 -0.39 0.17 117.86 90.81 92.26 
13.01 0.45 0.47 -0.03 -0.03 0.33 0.30 0.09 -0.12 0.09 117.24 89.38 91.23 
13.11 0.47 0.46 0.00 0.00 0.46 0.50 0.07 0.18 0.01 115.88 89.84 90.13 
13.21 0.48 0.47 0.02 0.03 0.46 0.51 0.02 0.18 -0.08 117.10 91.55 89.04 
13.32 0.44 0.44 0.08 0.07 0.63 0.60 0.00 0.13 -0.10 115.49 93.95 88.83 
13.42 0.45 0.47 0.10 0.09 0.57 0.51 0.03 0.07 -0.05 116.61 95.62 89.25 
13.53 0.46 0.47 0.11 0.10 0.53 0.50 -0.00 0.03 0.01 116.54 96.10 90.09 
13.63 0.46 0.45 0.08 0.08 0.46 0.49 -0.02 -0.13 0.02 116.31 94.82 90.22 
13.73 0.46 0.46 0.09 0.10 0.46 0.50 -0.12 -0.05 0.03 116.33 95.39 90.25 
13.84 0.44 0.45 0.05 0.04 0.44 0.39 -0.27 -0.02 0.01 115.95 93.22 90.18 
13.94 0.40 0.43 0.08 0.07 0.39 0.27 -0.62 0.34 0.01 114.77 94.13 90.11 
14.04 0.24 0.24 0.09 0.11 0.64 0.71 -1.29 -0.05 -0.10 104.59 96.49 89.05 
14.15 0.13 0.15 0.08 0.08 0.38 0.30 -1.34 -0.17 -0.23 99.98 94.51 87.25 
14.25 -0.03 -0.01 0.14 0.14 0.12 0.53 -1.36 0.25 -0.29 91.04 97.19 86.33 
14.35 -0.13 -0.12 0.13 0.14 0.14 0.08 -1.27 -0.56 -0.05 84.19 98.45 88.70 
14.46 -0.23 -0.23 0.07 0.06 -0.22 -0.25 -1.01 -0.36 0.04 78.05 92.76 90.59 
14.56 -0.33 -0.31 0.04 0.04 -0.04 -0.10 -0.55 -0.13 0.04 71.15 92.76 90.49 
14.66 -0.37 -0.35 0.03 0.03 -0.18 -0.28 -0.25 -0.03 0.05 70.10 91.04 90.59 
14.77 -0.40 -0.38 0.04 0.04 -0.14 -0.23 -0.17 -0.06 0.10 69.47 92.38 91.16 
14.87 -0.41 -0.41 0.05 0.04 -0.12 -0.13 -0.23 -0.04 0.05 66.85 91.68 90.70 
14.97 -0.42 -0.42 0.04 0.04 -0.30 -0.28 -0.24 -0.06 -0.01 65.65 91.89 89.93 
15.07 -0.43 -0.44 0.03 0.03 -0.29 -0.23 -0.11 -0.04 -0.03 64.89 91.51 89.67 
15.18 -0.44 -0.45 0.03 0.03 -0.33 -0.31 -0.00 0.04 0.00 64.38 91.37 89.99 
15.28 -0.44 -0.44 0.03 0.04 -0.04 -0.32 -0.04 0.00 0.02 64.43 91.84 90.24 
15.38 -0.47 -0.46 0.02 0.01 -0.20 -0.24 -0.10 -0.05 -0.00 63.66 90.70 89.97 
15.48 -0.47 -0.47 0.02 0.02 -0.35 -0.25 -0.10 -0.04 -0.01 62.95 91.13 89.89 
15.59 -0.47 -0.51 0.02 0.04 -0.28 -0.10 0.04 0.09 0.02 69.38 94.02 90.17 
15.69 -0.49 -0.48 0.02 0.03 -0.18 -0.24 0.05 -0.01 0.02 62.25 91.52 90.19 
15.80 -0.47 -0.48 0.02 0.03 -0.30 -0.30 0.05 -0.00 0.00 62.68 92.31 90.08 
15.90 -0.45 -0.44 0.03 0.03 -0.42 -0.43 0.19 0.02 -0.03 64.20 91.35 89.64 
16.00 -0.43 -0.43 0.05 0.04 -0.30 -0.46 0.63 -0.00 0.04 66.00 92.45 90.37 
16.10 -0.38 -0.38 0.06 0.06 -0.32 -0.33 0.84 0.30 0.12 68.46 93.61 91.46 
16.20 -0.28 -0.28 0.10 0.09 -0.18 -0.16 0.94 0.40 0.05 73.15 93.89 90.67 
16.31 -0.18 -0.18 0.08 0.07 -0.30 -0.27 1.00 -0.01 -0.05 79.63 94.30 89.71 
16.41 -0.12 -0.12 0.09 0.09 -0.00 0.03 0.99 0.12 -0.12 83.00 95.66 88.53 
16.51 0.03 0.01 0.15 0.14 0.00 -0.26 1.03 0.38 -0.06 89.69 97.85 89.14 
16.61 0.10 0.11 0.17 0.18 -0.00 -0.04 0.96 0.18 0.09 95.11 100.16 90.87 
16.72 0.25 0.26 0.17 0.18 0.02 -0.01 0.89 0.01 0.09 102.61 100.36 91.08 
16.82 0.30 0.30 0.18 0.18 0.08 0.08 0.66 0.10 0.14 107.04 100.10 91.72 
16.92 0.37 0.37 0.17 0.18 0.22 0.24 0.52 0.01 0.16 110.18 100.31 91.85 
17.03 0.40 0.41 0.16 0.16 0.25 0.19 0.32 0.02 0.18 113.05 99.76 92.15 
17.13 0.41 0.42 0.16 0.16 0.38 0.36 0.16 0.10 0.12 114.44 98.22 91.46 
17.23 0.42 0.43 0.16 0.15 0.42 0.39 0.16 0.15 0.08 114.45 98.43 91.00 
17.34 0.46 0.46 0.16 0.16 0.40 0.40 0.14 0.13 0.05 115.67 99.35 90.73 
17.44 0.44 0.44 0.18 0.18 0.48 0.51 0.04 0.04 -0.00 114.75 99.62 89.97 
17.54 0.45 0.44 0.18 0.17 0.45 0.49 0.03 -0.04 -0.03 115.04 99.92 89.68 
17.64 0.46 0.47 0.17 0.16 0.41 0.38 0.11 0.01 -0.03 116.70 98.99 89.76 
17.75 0.47 0.47 0.20 0.20 0.44 0.47 0.09 -0.13 -0.07 116.24 101.50 89.17 
17.85 0.49 0.50 0.20 0.19 0.36 0.31 0.07 -0.01 -0.07 117.86 101.04 89.14 
17.95 0.48 0.48 0.22 0.21 0.45 0.44 -0.03 0.09 0.00 118.39 102.14 89.95 
18.06 0.46 0.46 0.19 0.20 0.48 0.50 0.01 -0.01 0.04 116.17 100.66 90.43 
18.16 0.47 0.46 0.19 0.18 0.43 0.44 0.03 0.00 0.03 116.62 100.76 90.33 
18.26 0.48 0.47 0.18 0.18 0.37 0.41 -0.04 -0.08 0.01 117.07 100.39 90.18 
18.36 0.47 0.46 0.16 0.16 0.39 0.40 -0.21 -0.20 -0.02 117.18 99.15 89.84 
18.46 0.44 0.45 0.15 0.15 0.31 0.35 -0.37 -0.14 -0.01 115.82 98.34 89.87 
18.57 0.36 0.36 0.15 0.15 0.50 0.47 -0.63 -0.09 -0.07 112.00 98.10 89.21 
18.67 0.26 0.28 0.16 0.16 0.40 0.36 -0.91 -0.17 -0.10 105.56 99.72 88.90 
18.78 0.20 0.21 0.09 0.09 0.31 0.25 -0.79 -0.45 -0.14 102.13 95.35 88.33 
18.88 0.12 0.12 0.09 0.08 0.16 0.13 -0.69 -0.17 -0.07 97.46 95.00 89.01 
18.98 0.04 0.04 0.09 0.07 -0.03 0.21 -0.76 -0.00 -0.05 92.18 94.08 89.42 
19.08 -0.03 -0.03 0.08 0.08 0.07 0.04 -0.62 -0.06 -0.10 88.87 93.91 88.78 
19.18 -0.08 -0.07 0.05 0.05 -0.10 -0.13 -0.30 -0.04 -0.05 87.19 93.56 89.29 
19.29 -0.09 -0.08 0.08 0.08 -0.18 -0.23 -0.25 0.10 0.08 85.25 94.36 90.77 
19.39 -0.14 -0.13 0.10 0.10 -0.21 -0.26 -0.81 -0.06 0.12 83.22 96.18 91.47 
19.49 1.94 -0.43 0.16 -0.16 -1.19 0.57 -0.35 -0.06 0.03 71.54 90.41 90.31 
19.59 -0.28 -0.29 0.04 0.10 -0.27 -0.32 -0.67 -0.19 0.08 73.38 95.65 90.98 
19.69 -0.34 -0.40 0.04 0.06 -0.34 0.16 -0.48 -0.33 0.06 67.21 93.38 90.68 
19.79 -0.43 -0.41 -0.00 0.01 -0.01 -0.15 -0.44 -0.48 -0.00 69.01 91.83 89.98 
19.89 -0.41 -0.47 -0.02 -0.03 -0.43 -0.02 -0.37 -0.15 -0.02 63.33 88.05 89.73 
20.00 -0.47 -0.49 -0.06 -0.06 -0.15 -0.09 -0.18 -0.24 0.01 62.02 85.97 90.14 
20.10 -0.48 -0.48 -0.06 -0.05 -0.25 -0.28 -0.06 -0.02 0.03 62.15 86.73 90.35 
20.20 -0.47 -0.48 -0.03 -0.03 -0.38 -0.31 0.00 0.14 0.05 62.00 87.05 90.63 
20.30 -0.47 -0.46 -0.01 -0.01 -0.39 -0.45 0.01 0.12 0.04 63.22 89.01 90.50 
20.41 -0.48 -0.47 -0.03 -0.02 -0.31 -0.33 -0.01 0.02 0.03 63.11 89.46 90.31 
20.51 -0.49 -0.49 -0.02 -0.02 -0.28 -0.25 -0.03 -0.01 0.02 62.68 88.92 90.30 
20.61 -0.50 -0.51 -0.04 -0.04 -0.21 -0.14 -0.02 0.04 0.01 61.67 87.90 90.16 
20.72 -0.48 -0.48 -0.00 -0.00 -0.33 -0.34 0.00 -0.00 0.02 61.58 89.44 90.32 
20.82 -0.48 -0.46 0.00 0.00 -0.37 -0.47 -0.00 -0.05 0.00 62.54 90.03 89.99 
20.93 -0.49 -0.48 -0.01 -0.00 -0.36 -0.43 -0.04 -0.05 0.01 62.65 89.63 90.03 
21.03 -0.48 -0.48 -0.03 -0.02 -0.34 -0.38 -0.14 -0.08 0.04 62.30 89.84 90.50 
21.16 -0.52 -0.49 -0.04 -0.03 -0.29 -0.33 -0.22 -0.40 0.19 62.03 88.20 92.24 
21.29 -0.56 -0.53 -0.06 -0.04 -0.14 -0.26 -0.19 -0.18 0.03 59.71 87.62 90.40 
21.43 -0.60 -0.57 -0.06 -0.06 -0.05 -0.12 -0.12 -0.09 -0.02 57.41 86.65 89.74 
21.56 -0.64 -0.61 -0.06 -0.06 0.10 -0.03 -0.19 -0.16 0.03 55.24 86.59 90.35 
21.66 -0.62 -0.61 -0.06 -0.04 -0.32 -0.39 -0.10 -0.08 -0.00 53.62 86.55 90.07 
21.76 -0.66 -0.67 -0.10 -0.10 0.06 0.11 0.20 0.11 -0.04 51.78 84.31 89.46 
21.86 -0.63 -0.59 -0.08 -0.07 0.01 -0.24 0.57 0.13 -0.03 56.22 86.25 89.50 
21.96 -0.43 -0.47 -0.01 -0.01 -0.82 -0.92 0.76 0.34 -0.06 62.63 88.80 89.18 
22.07 -0.36 -0.39 0.03 -0.03 -1.06 -0.64 0.96 0.35 -0.12 63.63 88.07 88.66 
22.17 -0.46 -0.29 0.06 0.02 0.58 -0.48 1.02 0.62 -0.01 75.49 94.94 89.62 
22.27 -0.29 -0.36 0.08 0.04 -0.24 0.16 0.99 0.43 0.01 69.03 92.77 90.34 
22.37 -0.14 -0.16 0.12 0.12 -0.27 -0.20 0.93 0.24 -0.13 81.19 97.58 88.51 
22.47 -0.06 -0.07 0.14 0.15 -0.10 -0.31 0.89 -0.09 -0.12 86.10 98.88 88.53 
22.58 0.04 0.01 0.17 0.16 -0.28 -0.12 1.07 0.02 -0.06 90.77 98.20 89.27 
22.68 0.19 0.18 0.20 0.20 -0.21 -0.06 1.02 0.47 0.27 99.90 100.89 92.80 
22.78 0.26 0.26 0.21 0.21 -0.10 -0.09 0.80 0.46 0.41 104.57 102.49 94.98 
22.88 0.29 0.28 0.17 0.17 0.28 0.29 0.54 0.12 0.25 106.30 99.73 92.96 
22.98 0.36 0.35 0.19 0.19 0.21 0.24 0.33 -0.00 0.03 110.13 100.49 90.54 
23.08 0.38 0.38 0.21 0.20 0.33 0.32 0.14 0.03 -0.05 111.65 101.72 89.44 
23.18 0.37 0.37 0.24 0.23 0.42 0.39 0.03 -0.06 -0.06 111.47 103.42 89.28 
23.28 0.36 0.36 0.22 0.23 0.40 0.40 -0.04 -0.08 0.00 110.70 103.43 90.03 
23.39 0.38 0.38 0.20 0.19 0.32 0.30 0.10 0.05 -0.01 111.66 100.61 89.92 
23.49 0.41 0.42 0.20 0.21 0.20 0.19 -0.12 -0.00 0.01 113.35 102.09 90.18 
23.59 0.34 0.35 0.18 0.19 0.27 0.23 -0.62 -0.32 -0.11 109.81 101.57 88.95 
23.70 0.24 0.27 0.17 0.16 0.42 0.30 -1.08 -0.25 -0.20 106.17 98.28 87.71 
23.80 0.11 0.12 0.09 0.10 0.21 0.20 -1.17 -0.88 -0.21 97.78 96.37 87.50 
23.90 0.02 -0.00 0.01 0.02 -0.09 0.23 -1.02 -0.74 -0.08 89.93 90.93 89.02 
24.00 -0.09 -0.09 -0.05 -0.06 0.31 0.33 -0.95 -0.43 0.08 85.18 86.99 90.73 
24.11 -0.22 -0.21 -0.09 -0.08 0.14 0.10 -0.83 -0.38 0.22 79.44 86.51 92.44 
24.21 -0.27 -0.25 -0.10 -0.09 0.05 -0.08 -0.88 -0.44 0.25 75.96 85.81 92.90 
24.32 -0.37 -0.34 -0.12 -0.12 -0.05 -0.21 -0.73 -0.36 0.16 70.50 83.17 91.99 
24.42 -0.45 -0.43 -0.16 -0.16 -0.03 0.03 -0.42 -0.18 0.11 66.33 81.90 91.24 
24.52 -0.48 -0.47 -0.14 -0.15 0.02 -0.01 -0.30 -0.17 0.09 63.68 81.81 91.10 
24.62 -0.50 -0.50 -0.15 -0.15 -0.12 0.02 -0.30 -0.12 0.06 61.08 81.41 90.68 
24.72 -0.53 -0.53 -0.17 -0.18 -0.05 -0.03 -0.22 -0.06 0.04 60.56 79.70 90.56 
24.83 -0.03 -0.47 -0.06 -0.17 -1.56 -0.29 0.02 0.06 0.03 59.00 79.66 90.38 
24.93 -0.56 -0.54 -0.19 -0.17 0.01 -0.11 0.12 0.02 0.04 60.04 82.31 90.45 
25.03 -0.53 -0.48 -0.17 -0.09 -0.08 -0.72 0.31 0.20 0.00 59.97 79.95 90.10 
25.14 -0.49 -0.50 -0.09 -0.10 -0.09 -0.42 0.47 0.32 -0.04 61.77 83.66 89.55 
25.24 -0.43 -0.44 -0.07 -0.07 -0.28 -0.20 0.66 0.40 -0.07 64.90 84.85 89.10 
25.34 -0.34 -0.36 -0.03 -0.01 -0.66 -0.58 0.78 0.32 -0.07 69.17 89.41 89.10 
25.44 -0.25 -0.25 0.01 0.00 -1.19 -1.19 0.79 0.30 -0.15 75.64 90.03 88.18 
25.54 -0.17 -0.17 -0.04 -0.03 -0.32 -0.30 0.81 0.26 -0.06 79.45 87.38 89.22 
25.65 -0.09 -0.09 0.03 0.03 -0.45 -0.47 0.61 -0.15 -0.06 84.37 90.28 89.38 
25.75 0.05 0.03 -0.07 -0.01 -0.54 -0.56 0.38 0.32 -0.08 90.18 90.79 88.72 
25.85 0.03 -0.01 0.08 0.07 -0.41 -0.39 0.38 0.29 0.14 90.20 93.93 91.39 
25.95 0.04 0.04 0.04 0.07 -0.33 -0.36 0.14 0.25 0.17 91.91 93.62 92.10 
26.05 -0.02 -0.06 0.08 0.09 0.09 0.32 0.18 0.05 0.26 90.91 94.36 93.23 
26.15 0.04 -0.01 0.08 0.08 -0.14 0.13 0.31 -0.02 0.14 92.00 93.09 91.74 
26.26 0.17 0.19 0.12 0.02 -0.62 -0.50 0.05 -0.02 0.00 95.58 95.00 90.13 
26.36 -0.03 0.08 0.10 0.09 0.44 -0.15 -0.00 0.01 0.11 91.81 97.85 91.63 
26.46 0.07 0.06 0.07 0.07 -0.07 -0.03 -0.00 -0.01 0.01 93.34 94.19 90.08 
26.56 0.06 0.06 0.07 0.07 0.01 -0.03 0.01 -0.01 0.01 93.52 94.35 90.06 
26.66 0.07 0.07 0.08 0.08 -0.05 -0.06 0.01 -0.02 0.00 93.87 94.51 90.05 
26.76 0.06 0.07 0.08 0.07 -0.06 -0.09 0.02 -0.01 0.00 93.71 94.10 90.05 
26.87 0.06 0.07 0.08 0.08 -0.04 -0.07 0.01 0.00 0.00 93.75 94.07 90.05 
26.97 0.06 0.06 0.08 0.07 -0.01 0.00 0.01 -0.00 0.00 93.56 94.59 90.05 
27.07 0.07 0.07 0.08 0.07 -0.11 -0.04 0.02 -0.02 0.01 93.58 94.58 90.08 
27.18 0.07 0.06 0.07 0.07 -0.05 -0.01 0.01 -0.01 0.00 93.70 94.53 90.06 
27.28 0.05 0.06 0.07 0.07 -0.03 -0.07 0.01 -0.01 0.00 93.70 93.91 90.06 
27.38 0.07 0.07 0.07 0.07 -0.06 -0.05 0.01 -0.01 0.00 93.76 94.01 90.05 
27.48 0.06 0.07 0.08 0.08 -0.02 -0.04 0.01 -0.01 0.00 93.74 94.42 90.04 
27.58 0.07 0.07 0.08 0.08 -0.06 -0.06 0.01 -0.02 0.00 93.81 94.47 90.05 
27.69 0.06 0.06 0.07 0.08 -0.07 -0.06 0.02 -0.02 0.01 93.79 94.30 90.05 
27.79 0.07 0.07 0.08 0.07 -0.05 -0.06 0.01 -0.01 0.01 93.55 93.70 90.06 
27.89 0.07 0.06 0.08 0.07 -0.07 -0.04 0.01 -0.00 0.00 93.65 93.78 90.06 
28.00 0.06 0.06 0.08 0.08 -0.03 -0.01 0.01 -0.01 0.01 93.33 94.28 90.07 
28.10 0.06 0.06 0.07 0.09 -0.02 -0.01 0.02 -0.02 0.01 93.20 94.57 90.06 
28.21 0.07 0.06 0.07 0.08 -0.09 -0.04 0.01 -0.02 0.01 93.51 94.64 90.05 
28.31 0.07 0.06 0.07 0.07 -0.04 -0.04 0.01 -0.00 0.00 93.69 94.30 90.07 
28.41 0.06 0.07 0.07 0.07 -0.05 -0.08 0.01 -0.00 0.00 93.91 93.93 90.08 
28.51 0.06 0.06 0.08 0.08 -0.03 -0.02 0.01 -0.01 0.01 93.51 94.45 90.06 
28.61 0.06 0.04 0.12 0.10 -0.00 0.08 -0.01 0.02 0.14 93.74 95.32 91.52 
28.71 0.05 0.08 0.09 0.09 0.00 -0.14 -0.03 0.04 -0.03 94.54 94.87 89.59 
28.82 0.10 -0.01 -0.01 0.08 -0.18 0.34 -0.01 -0.01 -0.05 97.65 92.94 89.41 
28.92 0.08 0.05 0.05 0.06 -0.15 -0.04 -0.03 -0.02 -0.17 94.36 93.77 87.78 
29.02 0.04 0.03 0.09 0.08 -0.05 0.04 -0.16 -0.00 -0.08 91.65 94.87 89.07 
29.12 -1.02 -0.26 -0.28 -0.12 1.10 0.44 -0.09 -1.24 -0.03 111.13 81.94 89.65 
29.23 -0.01 -0.01 -0.02 0.02 -0.07 -0.06 -0.06 -0.52 0.03 87.81 93.16 90.15 
29.33 0.00 0.01 -0.07 -0.07 0.01 -0.05 0.58 -1.60 0.03 90.69 88.84 90.28 
29.43 0.16 0.03 -0.29 -0.21 -0.38 0.87 0.62 -2.30 -0.04 93.10 78.40 89.55 
29.53 0.27 0.22 -0.50 -0.57 -0.58 -0.30 0.14 -1.81 0.16 102.54 57.60 91.95 
29.64 0.16 0.14 -0.71 -0.69 -0.04 0.10 -0.03 -1.21 0.31 98.77 50.49 93.75 
29.74 0.08 0.09 -0.88 -0.81 0.22 0.30 -0.01 -1.22 0.17 97.39 39.96 92.01 
29.84 0.05 0.04 -1.05 -1.04 0.24 0.28 -0.18 -0.76 0.13 92.72 31.82 91.55 
29.95 0.01 0.01 -1.00 -1.03 0.44 0.39 -0.22 -0.34 0.04 90.82 31.07 90.60 
30.05 0.02 0.02 -1.03 -1.05 0.28 0.24 -0.05 -0.15 0.02 90.91 29.84 90.27 
30.15 0.01 0.01 -1.02 -1.01 0.36 0.38 -0.03 0.05 0.01 90.91 31.09 90.23 
30.25 0.06 0.04 -0.95 -0.95 0.30 0.47 0.04 -0.00 -0.03 92.46 35.85 89.69 
30.35 0.07 0.10 -1.01 -1.00 0.05 -0.14 -0.07 -0.06 0.04 96.05 32.80 90.32 
30.45 -0.01 -0.01 -1.03 -1.01 0.31 0.41 0.01 -0.11 0.05 92.04 34.26 90.64 
30.56 -0.01 -0.02 -1.03 -1.06 0.32 0.31 0.01 0.04 -0.01 90.57 29.44 90.01 
30.66 0.02 0.01 -0.95 -0.97 0.50 0.44 -0.00 0.05 -0.01 89.37 33.58 89.90 
30.76 0.06 0.03 -1.00 -0.99 0.05 0.26 0.02 -0.01 -0.01 89.82 31.26 89.85 
30.87 0.03 0.05 -1.03 -1.00 0.15 0.09 0.03 0.05 0.00 91.92 32.92 89.94 
30.97 -0.05 0.01 -1.02 -1.00 0.48 0.31 0.04 0.13 -0.03 90.34 32.42 89.60 
31.07 0.01 0.03 -1.02 -1.01 0.23 0.17 -0.01 0.19 -0.05 92.42 34.78 89.38 
31.17 0.04 0.02 -0.97 -0.97 0.24 0.33 0.05 0.25 -0.02 91.82 34.62 89.76 
31.27 0.04 0.03 -0.91 -0.97 0.26 0.20 0.00 0.39 -0.04 91.63 34.21 89.68 
31.37 0.06 0.04 -0.85 -0.86 0.13 0.30 0.03 0.45 -0.04 90.26 38.51 89.50 
31.48 0.05 0.06 -0.83 -0.84 0.15 0.07 0.01 0.60 -0.01 93.34 39.96 89.80 
31.58 0.01 0.02 -0.79 -0.74 0.39 0.51 -0.16 0.65 -0.03 92.56 48.63 89.62 
31.68 0.02 0.02 -0.68 -0.68 0.14 0.35 -0.07 0.77 0.01 90.63 52.63 90.07 
31.78 0.00 -0.01 -0.56 -0.56 0.50 0.53 -0.10 0.85 -0.03 90.88 55.92 89.76 
31.89 0.00 -0.01 -0.51 -0.48 0.10 0.21 -0.11 0.90 -0.02 89.92 62.59 89.74 
31.99 0.00 -0.01 -0.38 -0.39 0.08 0.20 -0.21 1.06 0.05 88.99 66.26 90.65 
32.09 -0.04 -0.03 -0.23 -0.25 0.09 0.03 -0.10 0.99 0.01 87.55 75.32 90.29 
32.19 -0.06 -0.02 -0.20 -0.22 0.09 -0.14 0.14 1.21 -0.11 88.79 77.66 88.68 
32.29 -0.03 -0.02 0.05 0.01 0.13 0.02 0.46 2.16 -0.17 89.32 89.52 87.99 
32.40 0.05 0.08 0.23 0.23 0.01 -0.51 0.56 2.08 -0.24 94.69 103.40 87.06 
32.50 0.19 0.15 0.39 0.37 -0.41 -0.25 0.32 0.60 -0.31 98.89 110.19 86.51 
32.60 0.22 0.08 0.39 0.45 -0.36 0.03 0.03 0.81 -0.40 94.64 115.51 85.20 
32.70 -0.01 0.03 0.55 0.55 0.30 0.15 -0.14 0.33 -0.09 92.38 118.28 88.60 
32.80 0.10 0.08 0.59 0.59 -0.17 -0.12 -0.11 0.42 0.11 94.62 123.75 91.31 
32.91 0.09 0.11 0.63 0.66 -0.10 -0.20 -0.07 0.33 0.22 95.89 126.52 92.56 
33.01 0.06 0.06 0.55 0.54 -0.02 -0.02 -0.04 0.10 0.21 92.49 121.26 92.61 
33.12 0.09 0.07 0.59 0.58 -0.04 -0.01 0.00 -0.04 0.01 94.23 123.23 90.15 
33.22 0.09 0.10 0.64 0.65 -0.03 -0.05 -0.00 0.13 -0.11 95.99 126.67 88.82 
33.32 0.08 0.09 0.65 0.65 -0.06 -0.06 -0.04 0.10 -0.09 94.88 127.36 88.93 
33.42 0.08 0.07 0.64 0.64 -0.11 -0.08 0.01 -0.01 -0.05 93.80 126.62 89.44 
33.52 0.07 0.07 0.68 0.67 -0.09 -0.09 0.00 0.01 -0.05 93.88 128.16 89.36 
33.63 0.07 0.05 0.65 0.65 -0.11 -0.07 -0.05 0.00 -0.04 93.41 128.09 89.42 
33.73 0.05 0.05 0.64 0.64 -0.09 -0.09 0.00 0.05 -0.04 92.67 126.92 89.55 
33.83 0.06 0.05 0.67 0.67 -0.12 -0.11 0.02 0.05 -0.03 93.08 128.19 89.66 
33.93 0.04 0.05 0.68 0.68 -0.08 -0.10 0.04 0.05 0.01 93.14 128.24 90.16 
34.04 0.05 0.06 0.68 0.68 -0.11 -0.13 -0.00 0.05 -0.03 93.75 128.08 89.61 
34.14 0.05 0.07 0.66 0.68 -0.11 -0.15 -0.05 0.09 -0.01 93.97 128.70 89.85 
34.24 0.04 0.03 0.69 0.69 -0.10 -0.07 -0.00 0.13 0.03 90.90 129.86 90.57 
34.34 0.05 0.06 0.72 0.72 -0.13 -0.16 0.03 0.03 -0.00 93.51 131.14 89.99 
34.45 0.04 0.05 0.68 0.68 -0.13 -0.15 -0.06 -0.01 -0.02 92.05 128.70 89.86 
34.55 0.05 0.06 0.69 0.69 -0.14 -0.15 -0.03 0.13 -0.05 93.17 129.55 89.35 
34.65 0.04 0.04 0.76 0.74 -0.16 -0.15 0.05 0.02 -0.02 91.50 132.23 89.65 
34.75 0.01 0.01 0.71 0.71 -0.06 -0.05 0.08 -0.09 0.03 90.60 130.73 90.32 
34.86 0.01 0.04 0.69 0.70 -0.06 -0.12 0.09 -0.05 0.01 92.67 129.58 90.26 
34.96 0.04 0.06 0.71 0.70 -0.11 -0.14 0.18 -0.11 -0.07 94.22 129.88 89.12 
35.06 0.06 0.05 0.61 0.62 -0.10 -0.10 0.13 -0.34 -0.17 93.14 125.75 87.97 
35.17 0.07 0.07 0.64 0.65 -0.16 -0.16 0.21 -0.53 -0.04 93.79 126.97 89.47 
35.27 0.08 0.08 0.58 0.59 -0.16 -0.17 0.32 -0.31 0.19 92.61 124.00 92.32 
35.38 0.11 0.10 0.52 0.48 -0.06 -0.10 0.05 -1.12 0.19 94.66 120.17 92.35 
35.48 0.06 0.09 0.31 0.33 0.04 -0.04 -0.10 -1.54 -0.05 97.96 111.17 89.82 
35.58 0.11 0.13 0.26 0.24 -0.18 -0.23 0.07 -1.16 -0.09 97.36 103.66 88.87 
35.69 0.18 0.17 0.20 0.20 -0.41 -0.37 0.21 -0.12 0.04 99.02 101.77 90.21 
35.79 0.15 0.15 0.22 0.22 -0.26 -0.25 -0.01 0.25 0.26 98.66 103.54 93.08 
35.89 0.14 0.16 0.25 0.24 -0.25 -0.29 -0.36 -0.29 0.41 99.28 103.58 94.87 
35.99 0.07 0.07 0.23 0.25 0.06 0.01 -0.40 -0.24 0.78 94.10 104.21 99.39 
36.09 0.03 0.05 0.22 0.20 0.28 0.10 -0.21 0.45 1.28 92.23 102.51 104.85 
36.19 0.02 0.02 0.23 0.23 0.51 0.54 -0.11 0.24 1.57 90.88 103.43 108.78 
36.30 0.03 0.01 0.20 0.22 0.72 0.87 -0.10 0.07 1.54 90.65 104.03 108.63 
36.40 0.07 0.04 0.08 0.10 0.43 0.58 -0.17 -0.26 1.25 91.66 97.52 105.04 
36.50 -0.02 0.01 0.09 0.08 1.03 0.92 -0.28 -0.16 0.96 86.79 94.90 101.80 
36.60 -0.04 -0.05 0.01 0.00 0.94 0.89 -0.17 -0.15 0.57 87.23 90.25 96.82 
36.70 -0.05 -0.05 -0.02 -0.01 0.92 0.95 0.10 -0.18 0.14 87.35 89.46 91.65 
36.81 -0.01 -0.00 -0.01 -0.01 0.96 0.94 0.14 0.01 -0.37 89.59 89.52 86.23 
36.91 0.00 0.00 0.01 0.02 0.91 0.94 0.04 -0.06 -0.86 90.00 90.87 79.72 
37.01 0.04 0.03 0.07 0.08 0.73 0.83 -0.09 -0.15 -1.42 92.00 95.20 73.63 
37.12 -0.07 -0.07 0.14 0.15 1.13 1.19 -0.33 -0.27 -1.84 88.20 99.32 68.18 
37.22 -0.10 -0.11 0.11 0.14 0.55 0.73 -0.23 -0.25 -2.01 83.66 98.05 65.93 
37.32 -0.11 -0.12 0.21 0.20 0.02 0.65 0.07 0.90 -1.82 84.17 99.56 67.53 
37.42 0.00 -0.02 0.22 0.21 -0.74 -0.64 0.27 0.06 -1.49 86.53 102.14 71.85 
37.53 0.00 0.00 0.22 0.22 -0.88 -0.91 0.11 -0.20 -0.88 90.80 103.01 78.54 
37.63 0.01 0.03 0.24 0.22 -0.98 -0.93 0.05 0.31 -0.39 93.66 100.83 84.77 
37.73 0.00 0.02 0.16 0.15 -0.69 -0.70 -0.04 -0.05 -0.08 91.04 98.27 88.81 
37.84 -0.04 -0.04 0.14 0.12 -0.54 -0.53 0.18 -0.04 0.12 87.96 96.24 91.48 
37.94 -0.01 -0.02 0.12 0.13 -0.55 -0.56 0.10 -0.06 0.15 89.13 97.57 91.83 
38.04 -0.01 -0.00 0.12 0.11 -0.54 -0.54 -0.04 -0.05 0.14 89.93 96.54 91.71 
38.14 0.00 -0.00 0.12 0.12 -0.56 -0.55 0.01 -0.15 0.19 89.78 96.58 92.18 
38.24 0.01 0.01 0.13 0.13 -0.58 -0.60 0.05 -0.09 0.36 90.85 97.44 94.30 
38.34 0.03 0.00 0.13 0.14 -0.65 -0.57 -0.12 -0.20 0.69 88.83 98.87 97.94 
38.45 0.04 0.00 0.16 0.13 -0.74 -0.52 -0.09 0.41 1.03 89.13 96.24 102.15 
38.55 0.01 -0.02 0.14 0.13 -0.48 -0.38 -0.11 0.29 1.10 86.93 96.70 103.37 
38.66 -0.01 -0.00 0.11 0.09 -0.24 -0.23 0.26 0.03 1.06 89.03 94.65 102.77 
38.76 0.04 0.06 0.17 0.16 -0.13 -0.33 0.12 -0.18 1.11 93.40 99.13 103.32 
38.86 -0.03 0.02 0.17 0.15 1.02 0.44 -0.14 -0.03 1.11 91.00 98.79 103.33 
38.96 -0.09 -0.09 0.09 0.13 1.03 1.21 -0.27 -0.26 0.97 87.08 98.42 101.60 
39.07 -0.11 -0.09 -0.04 -0.00 0.72 0.77 -0.09 -0.36 0.74 86.51 91.72 99.16 
39.17 -0.13 -0.12 -0.13 -0.11 0.60 0.63 0.15 -0.08 0.14 83.52 84.72 92.52 
39.28 -0.09 -0.11 -0.16 -0.15 0.52 0.58 0.35 0.01 -0.58 83.09 82.31 83.93 
39.38 -0.04 -0.06 0.00 -0.04 0.71 0.65 0.30 0.14 -1.11 86.24 85.97 77.41 
39.48 -0.03 -0.04 0.10 0.09 0.78 0.77 -0.02 0.07 -1.35 87.89 95.15 73.85 
39.58 -0.04 -0.04 0.14 0.13 0.39 0.59 -0.14 0.05 -1.30 87.57 98.01 74.27 
39.69 0.01 0.01 0.11 0.09 -0.13 -0.14 0.07 0.30 -1.14 88.97 96.38 76.17 
39.79 0.06 0.03 0.31 0.28 -1.30 -0.91 0.08 0.10 -0.85 88.13 108.88 79.19 
39.89 0.06 0.06 0.30 0.30 -1.07 -1.08 -0.07 0.11 -0.30 93.54 107.01 86.41 
40.00 0.03 0.17 0.17 0.21 -0.56 -1.00 0.25 0.31 0.17 94.87 105.81 91.62 
40.10 0.16 0.12 0.21 0.19 -0.93 -0.79 0.09 -0.32 0.20 96.74 101.68 92.19 
40.20 0.18 0.13 0.16 0.15 -0.92 -0.76 0.05 0.40 0.48 97.29 98.78 95.75 
40.31 3.11 0.97 0.16 0.42 -0.05 -1.53 0.04 -0.46 0.55 97.86 95.72 96.56 
40.41 0.07 0.07 0.13 0.13 -0.54 -0.54 0.47 -0.12 0.27 91.03 95.81 93.54 
40.51 -0.37 -0.04 -1.52 -0.08 0.38 0.22 -0.35 -0.41 0.03 87.70 85.37 90.38 
40.62 0.13 0.20 0.04 -0.10 -0.38 -0.42 -0.02 -0.03 0.00 89.25 98.99 90.01 
40.72 0.01 0.03 0.08 0.06 0.09 0.02 -0.02 0.03 0.00 91.51 93.70 90.02 
40.82 0.08 0.07 0.06 0.08 -0.19 -0.16 0.01 -0.01 0.00 93.04 95.09 90.06 
40.92 0.09 0.06 0.07 0.07 -0.22 -0.12 0.01 -0.02 0.01 93.48 94.25 90.07 
41.03 0.07 0.07 0.07 0.07 -0.16 -0.18 0.05 -0.03 0.00 93.73 93.94 90.07 
41.13 0.07 0.07 0.08 0.06 -0.18 -0.15 0.02 -0.01 0.01 93.54 93.87 90.11 
41.23 0.07 0.07 0.07 0.07 -0.16 -0.14 0.00 -0.00 0.00 93.32 93.32 90.05 
41.33 0.06 0.06 0.08 0.07 -0.20 -0.19 -0.00 0.00 0.00 93.58 94.24 90.04 
41.44 0.15 0.07 -0.11 0.04 -0.31 -0.15 0.01 0.00 0.01 93.30 94.14 90.04 
41.54 0.06 0.06 0.07 0.07 -0.14 -0.13 0.01 -0.00 0.00 93.50 93.93 90.05 
41.64 0.05 0.06 0.07 0.08 -0.09 -0.12 0.02 -0.02 0.01 93.41 94.45 90.06 
41.74 0.06 0.06 0.07 0.07 -0.13 -0.15 0.03 -0.02 0.01 93.52 93.99 90.08 
41.84 0.05 0.06 0.06 0.08 -0.07 -0.11 0.02 -0.02 0.01 93.85 94.40 90.06 
41.95 0.06 0.07 0.06 0.07 -0.16 -0.18 0.01 -0.01 0.00 93.66 94.00 90.05 
42.05 0.06 0.06 0.07 0.08 -0.15 -0.13 0.01 -0.01 0.00 93.32 94.49 90.05 
42.15 0.06 0.06 0.07 0.07 -0.13 -0.14 0.02 -0.00 0.00 93.49 93.92 90.06 
42.26 0.06 0.06 0.07 0.08 -0.12 -0.13 0.02 -0.00 0.01 93.48 94.15 90.06 
42.36 0.07 0.06 0.07 0.08 -0.17 -0.14 0.02 -0.01 0.00 93.60 94.37 90.05 
42.46 0.06 0.06 0.07 0.07 -0.15 -0.19 0.01 -0.01 0.01 93.78 94.40 90.06 
42.57 0.06 0.06 0.08 0.07 -0.13 -0.13 0.02 -0.01 0.00 93.73 94.35 90.03 
42.67 0.07 0.07 0.06 0.06 -0.13 -0.17 0.02 -0.01 0.00 94.25 93.62 90.05 
42.77 0.06 0.07 0.08 0.08 -0.15 -0.17 0.01 0.01 0.01 94.07 94.34 90.08 
42.88 0.06 0.07 0.08 0.08 -0.14 -0.16 0.01 -0.01 0.01 93.76 94.63 90.07 
42.98 0.06 0.06 0.08 0.08 -0.18 -0.16 0.02 -0.01 0.00 93.36 94.64 90.05 
43.08 0.07 0.06 0.06 0.07 -0.15 -0.11 0.02 -0.02 0.00 93.77 94.84 90.04 
43.18 0.06 0.06 0.07 0.07 -0.16 -0.16 0.01 -0.01 0.00 93.57 94.16 90.04 
43.28 0.07 0.06 0.07 0.07 -0.17 -0.13 0.01 -0.00 0.00 93.65 93.74 90.07 
43.38 0.06 0.06 0.08 0.06 -0.13 -0.12 0.02 0.00 0.00 93.48 93.60 90.04 
43.48 0.06 0.06 0.09 0.07 -0.16 -0.13 0.01 -0.00 0.00 93.33 94.08 90.05 
43.59 0.07 0.06 0.06 0.07 -0.16 -0.11 0.02 -0.01 0.00 94.28 94.40 90.08 
43.69 0.07 0.07 0.07 0.07 -0.13 -0.15 0.01 -0.01 0.01 93.62 94.41 90.07 
43.79 0.07 0.06 0.07 0.07 -0.16 -0.14 0.01 -0.01 0.00 93.88 94.09 90.06 
43.93 0.06 0.07 0.07 0.07 -0.15 -0.16 0.01 -0.02 0.00 93.75 94.19 90.06 
44.06 0.06 0.06 0.07 0.07 -0.10 -0.15 0.02 -0.02 0.00 93.61 94.10 90.04 
44.19 0.06 0.06 0.09 0.07 -0.15 -0.11 0.01 -0.01 0.00 93.33 94.30 90.04 
44.32 0.06 0.06 0.09 0.09 -0.15 -0.15 0.01 0.00 0.00 93.55 95.09 90.05 
44.42 0.07 0.06 0.08 0.07 -0.16 -0.11 0.01 -0.01 0.01 93.52 95.01 90.06 
44.53 0.07 0.06 0.07 0.07 -0.19 -0.15 0.01 -0.01 0.00 93.37 94.56 90.03 
44.63 0.06 0.06 0.06 0.07 -0.12 -0.14 0.01 -0.02 0.01 93.70 94.07 90.08 
44.73 0.06 0.07 0.08 0.06 -0.15 -0.17 0.01 -0.02 0.00 93.78 94.05 90.05 
44.84 0.06 0.06 0.07 0.07 -0.12 -0.16 0.01 0.00 0.00 93.31 93.92 90.06 
44.94 0.06 0.06 0.07 0.08 -0.15 -0.14 0.02 -0.01 0.00 93.87 94.02 90.04 
45.04 0.06 0.07 0.08 0.08 -0.17 -0.18 0.02 -0.02 0.00 93.64 94.69 90.05 
45.15 0.07 0.06 0.08 0.07 -0.15 -0.13 0.01 -0.02 0.01 93.52 94.29 90.03 
45.25 0.06 0.07 0.06 0.07 -0.13 -0.18 0.02 -0.02 0.00 94.02 94.01 90.04 
45.35 0.06 0.06 0.07 0.06 -0.16 -0.17 0.01 0.01 0.00 93.65 93.71 90.01 
45.45 0.06 0.06 0.08 0.07 -0.12 -0.14 0.01 -0.01 0.00 93.68 93.87 90.05 
45.55 0.05 0.02 0.08 0.09 -0.12 0.03 0.01 -0.02 0.01 92.83 95.12 90.07 
45.66 0.08 0.06 0.07 0.10 -0.20 -0.14 0.03 0.01 0.00 92.15 91.92 90.06 
45.76 0.09 0.09 0.07 0.05 -0.28 -0.25 0.01 -0.01 0.01 93.19 93.64 90.05 
45.86 0.05 0.06 0.06 0.08 -0.09 -0.16 0.01 -0.00 0.01 93.71 94.81 90.07 
45.97 0.05 0.05 0.06 0.05 -0.08 -0.09 -0.01 -0.08 0.00 93.21 93.93 90.07 
46.07 0.08 0.09 0.07 0.06 -0.22 -0.25 0.01 -0.02 0.00 94.88 93.60 90.06 
46.17 0.06 0.06 0.07 0.06 -0.16 -0.14 0.02 -0.02 0.01 93.15 93.79 90.10 
46.27 0.07 0.06 0.06 0.07 -0.21 -0.20 -0.01 -0.03 0.01 93.01 93.45 90.09 
46.38 0.05 0.05 0.07 0.06 -0.11 -0.11 0.00 -0.01 0.00 93.29 93.27 90.04 
46.48 0.06 0.05 0.06 0.07 -0.12 -0.10 0.01 -0.02 0.01 92.85 93.53 90.04 
46.59 0.06 0.05 0.07 0.07 -0.17 -0.11 0.01 -0.00 -0.00 92.77 94.11 90.04 
