0 0 0 2.60 0.00000000 0.00000000 0.00 0.00 0.00 -0.08 0.09 0.32 0.00 -0.00 0.01 30.00 30.00 30.00 
0 0 0 2.76 0.00000000 0.00000000 0.00 0.00 0.00 0.06 0.06 -0.05 0.02 -0.01 0.00 30.00 30.00 30.00 
0 0 0 2.86 0.00000000 0.00000000 0.00 0.00 0.00 0.07 0.08 -0.08 0.01 -0.01 0.00 30.00 30.00 30.00 
0 0 0 2.97 0.00000000 0.00000000 0.00 0.00 0.00 0.05 0.07 0.02 0.00 -0.01 0.01 30.00 30.00 30.00 
0 0 0 3.07 0.00000000 0.00000000 0.00 0.00 0.00 0.05 0.07 0.04 0.01 -0.01 0.00 30.00 30.00 30.00 
0 0 0 3.17 0.00000000 0.00000000 0.00 0.00 0.00 0.04 0.07 0.03 0.02 -0.00 0.00 30.00 30.00 30.00 
0 0 0 3.27 0.00000000 0.00000000 0.00 0.00 0.00 0.05 0.06 -0.03 0.01 -0.01 0.01 30.00 30.00 30.00 
0 0 0 3.40 0.00000000 0.00000000 0.00 0.00 0.00 0.05 0.07 -0.01 0.01 -0.01 0.01 30.00 30.00 30.00 
0 0 0 3.53 0.00000000 0.00000000 0.00 0.00 0.00 0.06 0.08 0.01 0.01 -0.01 0.00 30.00 30.00 30.00 
0 0 0 3.67 0.00000000 0.00000000 0.00 0.00 0.00 0.06 0.06 -0.06 0.01 -0.01 0.01 30.00 30.00 30.00 
0 0 0 3.80 0.00000000 0.00000000 0.00 0.00 0.00 0.05 0.06 -0.02 0.01 -0.01 0.00 30.00 30.00 30.00 
0 0 0 3.90 0.00000000 0.00000000 0.00 0.00 0.00 0.04 0.07 0.01 0.01 -0.01 0.00 30.00 30.00 30.00 
0 0 0 4.00 0.00000000 0.00000000 0.00 0.00 0.00 0.05 0.07 -0.06 0.01 -0.01 0.01 30.00 30.00 30.00 
0 0 0 4.11 0.00000000 0.00000000 0.00 0.00 0.00 0.07 0.08 0.00 0.01 -0.01 0.01 30.00 30.00 30.00 
0 0 0 4.21 0.00000000 0.00000000 0.00 0.00 0.00 0.05 0.07 0.03 0.02 -0.01 0.01 30.00 30.00 30.00 
0 0 0 4.31 0.00000000 0.00000000 0.00 0.00 0.00 0.06 0.08 0.08 0.02 -0.01 0.01 30.00 30.00 30.00 
0 0 0 4.41 0.00000000 0.00000000 0.00 0.00 0.00 0.06 0.06 -0.11 0.02 -0.01 0.01 30.00 30.00 30.00 
0 0 0 4.51 0.00000000 0.00000000 0.00 0.00 0.00 0.06 0.07 -0.02 0.01 -0.01 0.00 30.00 30.00 30.00 
0 0 0 4.61 0.00000000 0.00000000 0.00 0.00 0.00 0.07 0.06 -0.07 0.01 -0.01 0.01 30.00 30.00 30.00 
0 0 0 4.71 0.00000000 0.00000000 0.00 0.00 0.00 0.07 0.07 -0.04 0.02 -0.01 0.01 30.00 30.00 30.00 
0 0 0 4.81 0.00000000 0.00000000 0.00 0.00 0.00 0.06 0.07 -0.05 0.01 -0.01 0.01 30.00 30.00 30.00 
0 0 0 4.91 0.00000000 0.00000000 0.00 0.00 0.00 0.06 0.07 -0.01 0.02 -0.01 0.01 30.00 30.00 30.00 
0 0 0 5.01 0.00000000 0.00000000 0.00 0.00 0.00 0.06 0.07 0.01 0.01 -0.02 0.01 30.00 30.00 30.00 
0 0 0 5.11 0.00000000 0.00000000 0.00 0.00 0.00 0.05 0.07 0.00 0.02 -0.01 0.00 30.00 30.00 30.00 
0 0 0 5.21 0.00000000 0.00000000 0.00 0.00 0.00 0.05 0.07 0.00 0.02 -0.01 0.00 30.00 30.00 30.00 
0 0 0 5.32 0.00000000 0.00000000 0.00 0.00 0.00 0.05 0.07 -0.02 0.02 -0.01 0.00 30.00 30.00 30.00 
0 0 0 5.42 0.00000000 0.00000000 0.00 0.00 0.00 0.05 0.07 0.07 0.01 -0.01 0.01 30.00 30.00 30.00 
0 0 0 5.52 0.00000000 0.00000000 0.00 0.00 0.00 0.05 0.08 0.00 0.02 -0.01 0.01 30.00 30.00 30.00 
0 0 0 5.62 0.00000000 0.00000000 0.00 0.00 0.00 0.06 0.07 -0.09 0.02 -0.01 0.00 30.00 30.00 30.00 
0 0 0 5.72 0.00000000 0.00000000 0.00 0.00 0.00 0.08 0.08 -0.04 0.01 -0.01 0.00 30.00 30.00 30.00 
0 0 0 5.82 0.00000000 0.00000000 0.00 0.00 0.00 0.06 0.06 -0.03 0.02 -0.01 0.01 30.00 30.00 30.00 
0 0 0 5.93 0.00000000 0.00000000 0.00 0.00 0.00 0.07 0.07 -0.05 0.01 -0.01 0.00 30.00 30.00 30.00 
0 0 0 6.03 0.00000000 0.00000000 0.00 0.00 0.00 0.05 0.06 -0.03 0.01 0.00 0.00 30.00 30.00 30.00 
0 0 0 6.13 0.00000000 0.00000000 0.00 0.00 0.00 0.07 0.07 -0.13 0.01 -0.01 0.00 30.00 30.00 30.00 
0 0 0 6.23 0.00000000 0.00000000 0.00 0.00 0.00 0.05 0.07 0.01 0.01 -0.01 0.01 30.00 30.00 30.00 
0 0 0 6.33 0.00000000 0.00000000 0.00 0.00 0.00 0.05 0.07 -0.04 0.02 -0.01 0.00 30.00 30.00 30.00 
0 0 0 6.43 0.00000000 0.00000000 0.00 0.00 0.00 0.05 0.07 -0.04 0.01 -0.01 0.01 30.00 30.00 30.00 
0 0 0 6.53 0.00000000 0.00000000 0.00 0.00 0.00 0.05 0.08 0.03 0.01 -0.01 0.00 30.00 30.00 30.00 
0 0 0 6.64 0.00000000 0.00000000 0.00 0.00 0.00 0.05 0.07 -0.03 0.02 -0.01 0.01 30.00 30.00 30.00 
0 0 0 6.74 0.00000000 0.00000000 0.00 0.00 0.00 0.06 0.07 -0.08 0.02 -0.01 0.00 30.00 30.00 30.00 
0 0 0 6.84 0.00000000 0.00000000 0.00 0.00 0.00 0.06 0.07 -0.04 0.01 -0.02 0.00 30.00 30.00 30.00 
0 0 0 6.94 0.00000000 0.00000000 0.00 0.00 0.00 0.06 0.06 -0.05 0.02 -0.01 0.00 30.00 30.00 30.00 
0 0 0 7.04 0.00000000 0.00000000 0.00 0.00 0.00 0.06 0.07 0.00 0.01 -0.01 0.00 30.00 30.00 30.00 
0 0 0 7.14 0.00000000 0.00000000 0.00 0.00 0.00 0.05 0.07 -0.01 0.01 -0.01 0.01 30.00 30.00 30.00 
0 0 0 7.24 0.00000000 0.00000000 0.00 0.00 0.00 0.05 0.07 -0.04 0.01 -0.01 0.00 30.00 30.00 30.00 
0 0 0 7.34 0.00000000 0.00000000 0.00 0.00 0.00 0.06 0.06 -0.04 0.01 -0.01 0.01 30.00 30.00 30.00 
0 0 0 7.45 0.00000000 0.00000000 0.00 0.00 0.00 0.00 0.06 0.08 0.01 0.13 0.20 30.00 30.00 30.00 
0 0 0 7.55 0.00000000 0.00000000 0.00 0.00 0.00 0.04 0.01 -0.14 0.01 0.03 0.01 30.00 30.00 30.00 
0 0 0 7.65 0.00000000 0.00000000 0.00 0.00 0.00 0.07 0.05 -0.13 -0.01 0.06 -0.00 30.00 30.00 30.00 
0 0 0 7.75 0.00000000 0.00000000 0.00 0.00 0.00 0.05 0.06 -0.03 0.00 0.00 0.00 30.00 30.00 30.00 
0 0 0 7.85 0.00000000 0.00000000 0.00 0.00 0.00 0.04 0.13 0.26 -0.03 0.20 -0.08 30.00 30.00 30.00 
0 0 0 7.95 0.00000000 0.00000000 0.00 0.00 0.00 0.03 0.10 0.08 -0.11 0.16 -0.12 30.00 30.00 30.00 
0 0 0 8.05 0.00000000 0.00000000 0.00 0.00 0.00 -0.02 0.10 -0.00 -0.08 0.11 -0.15 30.00 30.00 30.00 
0 0 0 8.15 0.00000000 0.00000000 0.00 0.00 0.00 0.02 0.13 0.04 0.21 -0.08 -0.23 30.00 30.00 30.00 
0 0 0 8.26 0.00000000 0.00000000 0.00 0.00 0.00 0.11 0.11 -0.24 0.33 -0.43 -0.16 30.00 30.00 30.00 
0 0 0 8.36 0.00000000 0.00000000 0.00 0.00 0.00 0.12 0.09 -0.24 0.29 -0.12 -0.06 30.00 30.00 30.00 
0 0 0 8.46 0.00000000 0.00000000 0.00 0.00 0.00 0.13 0.05 0.02 0.42 -0.02 0.01 30.00 30.00 30.00 
0 0 0 8.56 0.00000000 0.00000000 0.00 0.00 0.00 0.16 0.02 -0.01 0.47 0.14 -0.00 30.00 30.00 30.00 
0 0 0 8.66 0.00000000 0.00000000 0.00 0.00 0.00 0.21 0.02 0.07 0.59 0.20 -0.03 30.00 30.00 30.00 
0 0 0 8.76 0.00000000 0.00000000 0.00 0.00 0.00 0.24 0.07 0.28 0.48 0.11 -0.06 30.00 30.00 30.00 
0 0 0 8.86 0.00000000 0.00000000 0.00 0.00 0.00 0.28 0.09 0.31 0.17 -0.22 -0.07 30.00 30.00 30.00 
0 0 0 8.96 0.00000000 0.00000000 0.00 0.00 0.00 0.28 0.09 0.43 -0.11 -0.13 0.02 30.00 30.00 30.00 
0 0 0 9.07 0.00000000 0.00000000 0.00 0.00 0.00 0.25 0.05 0.30 -0.09 -0.05 0.12 30.00 30.00 30.00 
0 0 0 9.17 0.00000000 0.00000000 0.00 0.00 0.00 0.23 0.01 0.28 -0.04 -0.07 0.11 30.00 30.00 30.00 
0 0 0 9.27 0.00000000 0.00000000 0.00 0.00 0.00 0.23 0.02 0.29 -0.05 -0.03 0.05 30.00 30.00 30.00 
0 0 0 9.37 0.00000000 0.00000000 0.00 0.00 0.00 0.21 0.02 0.31 -0.29 0.01 -0.01 30.00 30.00 30.00 
0 0 0 9.48 0.00000000 0.00000000 0.00 0.00 0.00 0.19 -0.03 0.06 -0.79 -0.15 -0.21 30.00 30.00 30.00 
0 0 0 9.58 0.00000000 0.00000000 0.00 0.00 0.00 0.09 0.02 0.29 -0.70 -0.68 -0.38 30.00 30.00 30.00 
0 0 0 9.68 0.00000000 0.00000000 0.00 0.00 0.00 0.06 0.06 0.65 -0.47 0.04 -0.25 30.00 30.00 30.00 
0 0 0 9.78 0.00000000 0.00000000 0.00 0.00 0.00 0.02 0.03 0.31 -0.52 -0.18 -0.07 30.00 30.00 30.00 
0 0 0 9.89 0.00000000 0.00000000 0.00 0.00 0.00 -0.02 -0.08 -0.27 -0.50 -0.82 -0.12 30.00 30.00 30.00 
0 0 0 9.99 0.00000000 0.00000000 0.00 0.00 0.00 -0.05 -0.17 -0.05 -0.06 -1.57 -0.13 30.00 30.00 30.00 
0 0 0 10.09 0.00000000 0.00000000 0.00 0.00 0.00 -0.06 -0.32 -0.23 0.58 -0.82 0.02 30.00 30.00 30.00 
0 0 0 10.19 0.00000000 0.00000000 0.00 0.00 0.00 0.04 -0.27 0.92 0.55 -0.16 0.05 30.00 30.00 30.00 
0 0 0 10.29 0.00000000 0.00000000 0.00 0.00 0.00 0.09 -0.37 0.32 0.05 -0.11 0.11 30.00 30.00 30.00 
0 0 0 10.39 0.00000000 0.00000000 0.00 0.00 0.00 0.01 -0.35 0.77 -0.20 -0.10 0.11 30.00 30.00 30.00 
0 0 0 10.49 0.00000000 0.00000000 0.00 0.00 0.00 0.02 -0.51 -0.19 -0.17 -0.42 0.07 30.00 30.00 30.00 
0 0 0 10.59 0.00000000 0.00000000 0.00 0.00 0.00 -0.00 -0.43 0.52 0.10 0.03 0.03 30.00 30.00 30.00 
0 0 0 10.69 0.00000000 0.00000000 0.00 0.00 0.00 0.01 -0.43 0.44 0.09 0.03 0.01 30.00 30.00 30.00 
0 0 0 10.79 0.00000000 0.00000000 0.00 0.00 0.00 0.00 -0.45 0.34 -0.02 -0.08 0.05 30.00 30.00 30.00 
0 0 0 10.90 0.00000000 0.00000000 0.00 0.00 0.00 -0.00 -0.44 0.32 -0.01 -0.06 0.03 30.00 30.00 30.00 
0 0 0 11.01 0.00000000 0.00000000 0.00 0.00 0.00 0.00 -0.43 0.41 0.05 0.05 0.03 30.00 30.00 30.00 
0 0 0 11.11 0.00000000 0.00000000 0.00 0.00 0.00 0.00 -0.40 0.58 0.03 0.10 0.05 30.00 30.00 30.00 
0 0 0 11.21 0.00000000 0.00000000 0.00 0.00 0.00 -0.00 -0.39 0.56 -0.00 0.05 0.02 30.00 30.00 30.00 
0 0 0 11.31 0.00000000 0.00000000 0.00 0.00 0.00 0.00 -0.40 0.54 0.00 0.03 0.00 30.00 30.00 30.00 
0 0 0 11.41 0.00000000 0.00000000 0.00 0.00 0.00 0.02 -0.40 0.42 0.04 -0.01 -0.01 30.00 30.00 30.00 
0 0 0 11.52 0.00000000 0.00000000 0.00 0.00 0.00 0.03 -0.39 0.35 0.02 0.09 0.02 30.00 30.00 30.00 
0 0 0 11.62 0.00000000 0.00000000 0.00 0.00 0.00 0.00 -0.37 0.76 0.03 0.07 0.01 30.00 30.00 30.00 
0 0 0 11.72 0.00000000 0.00000000 0.00 0.00 0.00 0.01 -0.37 0.49 0.02 0.12 0.02 30.00 30.00 30.00 
0 0 0 11.82 0.00000000 0.00000000 0.00 0.00 0.00 0.00 -0.36 0.49 0.02 0.14 0.03 30.00 30.00 30.00 
0 0 0 11.93 0.00000000 0.00000000 0.00 0.00 0.00 0.00 -0.38 0.37 0.02 0.08 0.03 30.00 30.00 30.00 
0 0 0 12.03 0.00000000 0.00000000 0.00 0.00 0.00 0.00 -0.34 0.48 0.02 0.19 0.01 30.00 30.00 30.00 
0 0 0 12.13 0.00000000 0.00000000 0.00 0.00 0.00 0.01 -0.34 0.47 0.03 0.14 0.00 30.00 30.00 30.00 
0 0 0 12.23 0.00000000 0.00000000 0.00 0.00 0.00 0.01 -0.33 0.29 0.02 0.06 0.02 30.00 30.00 30.00 
0 0 0 12.33 0.00000000 0.00000000 0.00 0.00 0.00 0.00 -0.31 0.36 0.02 0.03 0.01 30.00 30.00 30.00 
0 0 0 12.43 0.00000000 0.00000000 0.00 0.00 0.00 0.01 -0.31 0.47 0.02 0.15 -0.00 30.00 30.00 30.00 
0 0 0 12.53 0.00000000 0.00000000 0.00 0.00 0.00 0.00 -0.28 0.39 0.03 0.11 -0.01 30.00 30.00 30.00 
0 0 0 12.63 0.00000000 0.00000000 0.00 0.00 0.00 0.02 -0.27 0.38 0.03 0.17 0.02 30.00 30.00 30.00 
0 0 0 12.74 0.00000000 0.00000000 0.00 0.00 0.00 0.01 -0.23 0.38 -0.03 0.29 0.03 30.00 30.00 30.00 
0 0 0 12.84 0.00000000 0.00000000 0.00 0.00 0.00 0.01 -0.22 -0.00 0.01 0.26 -0.03 30.00 30.00 30.00 
0 0 0 12.94 0.00000000 0.00000000 0.00 0.00 0.00 0.01 -0.16 0.21 0.02 0.38 -0.08 30.00 30.00 30.00 
0 0 0 13.04 0.00000000 0.00000000 0.00 0.00 0.00 0.04 -0.09 0.11 -0.06 0.15 -0.04 30.00 30.00 30.00 
0 0 0 13.14 0.00000000 0.00000000 0.00 0.00 0.00 0.02 -0.09 0.12 -0.04 0.45 0.02 30.00 30.00 30.00 
0 0 0 13.24 0.00000000 0.00000000 0.00 0.00 0.00 0.01 -0.08 -0.04 -0.04 0.43 -0.02 30.00 30.00 30.00 
0 0 0 13.35 0.00000000 0.00000000 0.00 0.00 0.00 -0.01 -0.02 0.04 -0.00 0.22 -0.06 30.00 30.00 30.00 
0 0 0 13.45 0.00000000 0.00000000 0.00 0.00 0.00 -0.01 0.02 -0.12 0.04 0.34 -0.01 30.00 30.00 30.00 
0 0 0 13.55 0.00000000 0.00000000 0.00 0.00 0.00 0.00 0.02 -0.27 -0.01 0.18 -0.01 30.00 30.00 30.00 
0 0 0 13.65 0.00000000 0.00000000 0.00 0.00 0.00 0.00 0.05 -0.23 -0.01 0.25 -0.07 30.00 30.00 30.00 
0 0 0 13.75 0.00000000 0.00000000 0.00 0.00 0.00 -0.01 0.08 -0.33 -0.02 -0.00 -0.03 30.00 30.00 30.00 
0 0 0 13.85 0.00000000 0.00000000 0.00 0.00 0.00 0.01 0.13 -0.23 0.29 -0.13 0.04 30.00 30.00 30.00 
0 0 0 13.95 0.00000000 0.00000000 0.00 0.00 0.00 0.00 0.12 -0.10 0.05 0.02 0.04 30.00 30.00 30.00 
0 0 0 14.06 0.00000000 0.00000000 0.00 0.00 0.00 0.05 0.04 -0.70 0.01 0.03 0.04 30.00 30.00 30.00 
0 0 0 14.16 0.00000000 0.00000000 0.00 0.00 0.00 0.01 0.12 -0.02 0.26 -0.01 0.09 30.00 30.00 30.00 
0 0 0 14.26 0.00000000 0.00000000 0.00 0.00 0.00 0.04 0.08 -0.24 0.34 -0.01 0.37 30.00 30.00 30.00 
0 0 0 14.36 0.00000000 0.00000000 0.00 0.00 0.00 0.77 0.12 -2.36 0.39 -0.17 0.04 30.00 30.00 30.00 
0 0 0 14.46 0.00000000 0.00000000 0.00 0.00 0.00 0.07 0.09 0.05 -0.03 -0.01 -0.01 30.00 30.00 30.00 
0 0 0 14.56 0.00000000 0.00000000 0.00 0.00 0.00 0.11 0.04 -0.28 0.08 -0.03 0.03 30.00 30.00 30.00 
0 0 0 14.66 0.00000000 0.00000000 0.00 0.00 0.00 0.11 0.06 -0.17 0.06 -0.02 0.00 30.00 30.00 30.00 
0 0 0 14.76 0.00000000 0.00000000 0.00 0.00 0.00 0.11 0.07 -0.13 0.02 -0.02 0.00 30.00 30.00 30.00 
0 0 0 14.86 0.00000000 0.00000000 0.00 0.00 0.00 0.12 0.07 -0.20 0.03 -0.01 0.01 30.00 30.00 30.00 
0 0 0 14.97 0.00000000 0.00000000 0.00 0.00 0.00 0.11 0.06 -0.13 0.03 -0.01 0.01 30.00 30.00 30.00 
0 0 0 15.07 0.00000000 0.00000000 0.00 0.00 0.00 0.12 0.06 -0.19 0.02 -0.00 0.00 30.00 30.00 30.00 
0 0 0 15.17 0.00000000 0.00000000 0.00 0.00 0.00 0.14 0.06 -0.29 0.04 -0.01 0.00 30.00 30.00 30.00 
0 0 0 15.27 0.00000000 0.00000000 0.00 0.00 0.00 0.11 0.06 -0.13 0.02 -0.01 0.01 30.00 30.00 30.00 
0 0 0 15.37 0.00000000 0.00000000 0.00 0.00 0.00 0.10 0.06 -0.13 0.00 -0.01 0.00 30.00 30.00 30.00 
0 0 0 15.47 0.00000000 0.00000000 0.00 0.00 0.00 0.11 0.05 -0.23 0.01 -0.01 0.00 30.00 30.00 30.00 
0 0 0 15.57 0.00000000 0.00000000 0.00 0.00 0.00 0.11 0.06 -0.14 0.02 -0.00 0.01 30.00 30.00 30.00 
0 0 0 15.67 0.00000000 0.00000000 0.00 0.00 0.00 0.08 0.08 -0.07 -0.03 0.01 -0.01 30.00 30.00 30.00 
0 0 0 15.77 0.00000000 0.00000000 0.00 0.00 0.00 0.13 0.06 -0.21 0.06 -0.03 0.01 30.00 30.00 30.00 
0 0 0 15.88 0.00000000 0.00000000 0.00 0.00 0.00 0.09 0.06 -0.08 -0.04 0.00 0.00 30.00 30.00 30.00 
0 0 0 15.98 0.00000000 0.00000000 0.00 0.00 0.00 0.11 0.07 -0.11 -0.01 -0.00 0.00 30.00 30.00 30.00 
0 0 0 16.07 0.00000000 0.00000000 0.00 0.00 0.00 0.11 0.05 -0.18 0.05 -0.04 0.01 30.00 30.00 30.00 
0 0 0 16.18 0.00000000 0.00000000 0.00 0.00 0.00 0.11 0.09 -0.01 0.02 -0.02 -0.00 30.00 30.00 30.00 
0 0 0 16.28 0.00000000 0.00000000 0.00 0.00 0.00 0.12 0.07 -0.07 0.04 -0.03 0.02 30.00 30.00 30.00 
0 0 0 16.38 0.00000000 0.00000000 0.00 0.00 0.00 0.12 0.06 -0.13 0.02 -0.02 0.00 30.00 30.00 30.00 
0 0 0 16.49 0.00000000 0.00000000 0.00 0.00 0.00 0.10 0.05 -0.18 0.04 -0.03 0.02 30.00 30.00 30.00 
0 0 0 16.59 0.00000000 0.00000000 0.00 0.00 0.00 0.11 0.04 -0.19 -0.01 -0.00 0.01 30.00 30.00 30.00 
0 0 0 16.70 0.00000000 0.00000000 0.00 0.00 0.00 0.12 0.10 0.04 0.03 -0.00 0.03 30.00 30.00 30.00 
0 0 0 16.80 0.00000000 0.00000000 0.00 0.00 0.00 0.11 0.06 -0.18 0.02 -0.01 0.02 30.00 30.00 30.00 
0 0 0 16.90 0.00000000 0.00000000 0.00 0.00 0.00 0.10 0.09 0.03 0.04 -0.03 -0.00 30.00 30.00 30.00 
0 0 0 17.01 0.00000000 0.00000000 0.00 0.00 0.00 0.09 0.09 0.08 -0.02 0.02 -0.00 30.00 30.00 30.00 
0 0 0 17.11 0.00000000 0.00000000 0.00 0.00 0.00 0.09 0.08 0.03 -0.02 0.01 -0.01 30.00 30.00 30.00 
0 0 0 17.21 0.00000000 0.00000000 0.00 0.00 0.00 0.08 0.04 -0.10 -0.03 0.00 -0.03 30.00 30.00 30.00 
0 0 0 17.31 0.00000000 0.00000000 0.00 0.00 0.00 0.10 0.11 0.02 0.03 -0.02 -0.02 30.00 30.00 30.00 
0 0 0 17.41 0.00000000 0.00000000 0.00 0.00 0.00 0.12 0.04 -0.21 0.03 0.01 0.05 30.00 30.00 30.00 
0 0 0 17.51 0.00000000 0.00000000 0.00 0.00 0.00 0.12 0.06 -0.16 0.09 -0.06 0.00 30.00 30.00 30.00 
0 0 0 17.61 0.00000000 0.00000000 0.00 0.00 0.00 0.12 0.04 -0.31 -0.01 0.02 0.01 30.00 30.00 30.00 
0 0 0 17.71 0.00000000 0.00000000 0.00 0.00 0.00 0.11 0.04 -0.18 0.00 0.01 0.02 30.00 30.00 30.00 
0 0 0 17.82 0.00000000 0.00000000 0.00 0.00 0.00 0.10 0.06 -0.11 -0.01 -0.01 -0.01 30.00 30.00 30.00 
0 0 0 17.92 0.00000000 0.00000000 0.00 0.00 0.00 0.12 0.06 -0.12 0.04 -0.01 0.00 30.00 30.00 30.00 
0 0 0 18.02 0.00000000 0.00000000 0.00 0.00 0.00 0.12 0.04 -0.25 0.05 -0.02 0.05 30.00 30.00 30.00 
0 0 0 18.12 0.00000000 0.00000000 0.00 0.00 0.00 0.10 0.06 -0.17 0.01 -0.02 0.01 30.00 30.00 30.00 
0 0 0 18.23 0.00000000 0.00000000 0.00 0.00 0.00 0.11 0.08 -0.05 0.02 -0.03 0.06 30.00 30.00 30.00 
0 0 0 18.33 0.00000000 0.00000000 0.00 0.00 0.00 0.12 0.08 -0.06 0.04 -0.02 0.02 30.00 30.00 30.00 
0 0 0 18.43 0.00000000 0.00000000 0.00 0.00 0.00 0.07 0.10 0.11 -0.11 0.10 -0.00 30.00 30.00 30.00 
0 0 0 18.53 0.00000000 0.00000000 0.00 0.00 0.00 0.07 0.08 0.09 0.01 -0.00 0.01 30.00 30.00 30.00 
0 0 0 18.63 0.00000000 0.00000000 0.00 0.00 0.00 0.12 0.06 -0.18 0.05 -0.02 0.01 30.00 30.00 30.00 
0 0 0 18.74 0.00000000 0.00000000 0.00 0.00 0.00 0.08 0.04 -0.12 0.02 -0.03 -0.01 30.00 30.00 30.00 
0 0 0 18.84 0.00000000 0.00000000 0.00 0.00 0.00 0.12 0.02 -0.27 0.07 -0.07 0.05 30.00 30.00 30.00 
0 0 0 18.94 0.00000000 0.00000000 0.00 0.00 0.00 0.10 0.02 -0.23 -0.05 0.03 0.02 30.00 30.00 30.00 
0 0 0 19.04 0.00000000 0.00000000 0.00 0.00 0.00 0.11 0.08 -0.05 -0.00 0.01 0.01 30.00 30.00 30.00 
0 0 0 19.14 0.00000000 0.00000000 0.00 0.00 0.00 0.05 0.07 0.08 0.06 -0.04 0.02 30.00 30.00 30.00 
0 0 0 19.24 0.00000000 0.00000000 0.00 0.00 0.00 0.08 0.08 -0.01 -0.16 0.10 -0.10 30.00 30.00 30.00 
0 0 0 19.34 0.00000000 0.00000000 0.00 0.00 0.00 0.12 0.07 -0.12 0.07 -0.06 0.02 30.00 30.00 30.00 
0 0 0 19.45 0.00000000 0.00000000 0.00 0.00 0.00 0.13 0.04 -0.35 -0.05 0.01 0.02 30.00 30.00 30.00 
0 0 0 19.55 0.00000000 0.00000000 0.00 0.00 0.00 0.08 0.10 0.08 -0.01 0.00 0.00 30.00 30.00 30.00 
0 0 0 19.65 0.00000000 0.00000000 0.00 0.00 0.00 0.15 0.10 -0.24 -0.05 0.05 0.25 30.00 30.00 30.00 
0 0 0 19.76 0.00000000 0.00000000 0.00 0.00 0.00 0.25 0.00 -0.97 -0.15 0.09 0.37 30.00 30.00 30.00 
0 0 0 19.86 0.00000000 0.00000000 0.00 0.00 0.00 -0.07 0.28 0.87 -0.36 0.64 -0.05 30.00 30.00 30.00 
0 0 0 19.96 0.00000000 0.00000000 0.00 0.00 0.00 0.03 0.06 -0.13 0.34 -0.07 0.03 30.00 30.00 30.00 
0 0 0 20.06 0.00000000 0.00000000 0.00 0.00 0.00 -0.03 0.13 0.20 -0.48 0.07 -0.01 30.00 30.00 30.00 
0 0 0 20.20 0.00000000 0.00000000 0.00 0.00 0.00 0.20 0.11 -0.82 0.17 -0.01 0.01 30.00 30.00 30.00 
0 0 0 20.33 0.00000000 0.00000000 0.00 0.00 0.00 0.04 0.11 -0.01 -0.06 -0.00 0.00 30.00 30.00 30.00 
0 0 0 20.47 0.00000000 0.00000000 0.00 0.00 0.00 0.10 0.05 -0.40 0.03 -0.02 0.01 30.00 30.00 30.00 
0 0 0 20.60 0.00000000 0.00000000 0.00 0.00 0.00 0.08 0.10 -0.16 0.05 -0.01 0.01 30.00 30.00 30.00 
0 0 0 20.70 0.00000000 0.00000000 0.00 0.00 0.00 0.09 0.10 -0.17 0.07 -0.02 0.01 30.00 30.00 30.00 
0 0 0 20.81 0.00000000 0.00000000 0.00 0.00 0.00 0.08 0.10 -0.17 -0.01 -0.01 0.01 30.00 30.00 30.00 
0 0 0 20.91 0.00000000 0.00000000 0.00 0.00 0.00 0.08 0.10 -0.16 0.03 -0.01 0.00 30.00 30.00 30.00 
0 0 0 21.01 0.00000000 0.00000000 0.00 0.00 0.00 0.08 0.10 -0.09 0.03 -0.01 0.01 30.00 30.00 30.00 
0 0 0 21.11 0.00000000 0.00000000 0.00 0.00 0.00 0.08 0.10 -0.13 0.02 -0.01 0.00 30.00 30.00 30.00 
0 0 0 21.21 0.00000000 0.00000000 0.00 0.00 0.00 0.07 0.10 -0.08 0.05 -0.01 0.01 30.00 30.00 30.00 
0 0 0 21.31 0.00000000 0.00000000 0.00 0.00 0.00 0.10 0.10 -0.18 0.05 -0.01 0.01 30.00 30.00 30.00 
0 0 0 21.42 0.00000000 0.00000000 0.00 0.00 0.00 0.06 0.10 -0.09 -0.03 -0.00 0.00 30.00 30.00 30.00 
0 0 0 21.52 0.00000000 0.00000000 0.00 0.00 0.00 0.06 0.10 -0.07 -0.01 -0.01 0.00 30.00 30.00 30.00 
0 0 0 21.62 0.00000000 0.00000000 0.00 0.00 0.00 0.08 0.10 -0.09 0.02 -0.01 0.00 30.00 30.00 30.00 
0 0 0 21.72 0.00000000 0.00000000 0.00 0.00 0.00 0.08 0.10 -0.10 0.03 -0.01 0.01 30.00 30.00 30.00 
0 0 0 21.82 0.00000000 0.00000000 0.00 0.00 0.00 0.07 0.10 -0.10 0.00 -0.01 0.01 30.00 30.00 30.00 
0 0 0 21.93 0.00000000 0.00000000 0.00 0.00 0.00 0.08 0.11 -0.08 -0.00 -0.01 0.01 30.00 30.00 30.00 
0 0 0 22.03 0.00000000 0.00000000 0.00 0.00 0.00 0.06 0.11 -0.03 -0.04 -0.00 0.00 30.00 30.00 30.00 
0 0 0 22.14 0.00000000 0.00000000 0.00 0.00 0.00 0.08 0.11 -0.08 0.01 -0.01 0.01 30.00 30.00 30.00 
0 0 0 22.24 0.00000000 0.00000000 0.00 0.00 0.00 0.09 0.11 -0.14 0.04 -0.01 0.00 30.00 30.00 30.00 
0 0 0 22.34 0.00000000 0.00000000 0.00 0.00 0.00 0.08 0.10 -0.12 0.02 -0.01 0.01 30.00 30.00 30.00 
0 0 0 22.44 0.00000000 0.00000000 0.00 0.00 0.00 0.09 0.10 -0.14 0.03 -0.02 0.00 30.00 30.00 30.00 
0 0 0 22.54 0.00000000 0.00000000 0.00 0.00 0.00 0.07 0.10 -0.09 0.00 -0.01 0.01 30.00 30.00 30.00 
0 0 0 22.64 0.00000000 0.00000000 0.00 0.00 0.00 0.08 0.11 -0.10 0.01 -0.01 0.01 30.00 30.00 30.00 
0 0 0 22.75 0.00000000 0.00000000 0.00 0.00 0.00 0.07 0.11 -0.08 0.04 -0.01 0.01 30.00 30.00 30.00 
0 0 0 22.85 0.00000000 0.00000000 0.00 0.00 0.00 0.09 0.11 -0.10 0.05 -0.01 0.01 30.00 30.00 30.00 
0 0 0 22.95 0.00000000 0.00000000 0.00 0.00 0.00 0.09 0.10 -0.15 0.05 -0.01 0.01 30.00 30.00 30.00 
0 0 0 23.05 0.00000000 0.00000000 0.00 0.00 0.00 0.08 0.11 -0.10 0.01 -0.00 0.00 30.00 30.00 30.00 
0 0 0 23.15 0.00000000 0.00000000 0.00 0.00 0.00 0.07 0.10 -0.11 -0.00 -0.01 0.01 30.00 30.00 30.00 
0 0 0 23.26 0.00000000 0.00000000 0.00 0.00 0.00 0.06 0.11 -0.06 0.00 -0.01 0.00 30.00 30.00 30.00 
0 0 0 23.36 0.00000000 0.00000000 0.00 0.00 0.00 0.06 0.11 -0.04 0.01 -0.00 0.00 30.00 30.00 30.00 
0 0 0 23.46 0.00000000 0.00000000 0.00 0.00 0.00 0.09 0.10 -0.13 0.04 -0.01 0.01 30.00 30.00 30.00 
0 0 0 23.56 0.00000000 0.00000000 0.00 0.00 0.00 0.08 0.11 -0.06 0.02 -0.01 0.00 30.00 30.00 30.00 
0 0 0 23.66 0.00000000 0.00000000 0.00 0.00 0.00 0.08 0.11 -0.06 -0.01 -0.00 0.01 30.00 30.00 30.00 
0 0 0 23.76 0.00000000 0.00000000 0.00 0.00 0.00 0.07 0.11 -0.06 -0.01 -0.01 0.00 30.00 30.00 30.00 
0 0 0 23.86 0.00000000 0.00000000 0.00 0.00 0.00 0.07 0.11 -0.06 -0.00 -0.01 0.00 30.00 30.00 30.00 
0 0 0 23.97 0.00000000 0.00000000 0.00 0.00 0.00 0.07 0.11 -0.10 0.01 -0.01 0.01 30.00 30.00 30.00 
0 0 0 24.07 0.00000000 0.00000000 0.00 0.00 0.00 0.08 0.11 -0.09 0.02 -0.01 0.00 30.00 30.00 30.00 
0 0 0 24.18 0.00000000 0.00000000 0.00 0.00 0.00 0.09 0.16 0.11 -0.01 -0.01 0.01 30.00 30.00 30.00 
0 0 0 24.28 0.00000000 0.00000000 0.00 0.00 0.00 0.07 0.10 -0.10 -0.01 -0.01 0.01 30.00 30.00 30.00 
0 0 0 24.38 0.00000000 0.00000000 0.00 0.00 0.00 0.07 0.09 -0.12 -0.03 -0.00 0.00 30.00 30.00 30.00 
0 0 0 24.48 0.00000000 0.00000000 0.00 0.00 0.00 0.08 0.10 -0.11 0.03 -0.01 0.01 30.00 30.00 30.00 
0 0 0 24.59 0.00000000 0.00000000 0.00 0.00 0.00 0.08 0.11 -0.06 0.04 -0.01 0.01 30.00 30.00 30.00 
0 0 0 24.69 0.00000000 0.00000000 0.00 0.00 0.00 0.09 0.11 -0.12 0.03 -0.02 0.01 30.00 30.00 30.00 
0 0 0 24.79 0.00000000 0.00000000 0.00 0.00 0.00 0.07 0.10 -0.11 0.00 -0.01 0.01 30.00 30.00 30.00 
0 0 0 24.89 0.00000000 0.00000000 0.00 0.00 0.00 0.07 0.11 -0.08 -0.01 -0.01 0.00 30.00 30.00 30.00 
0 0 0 25.00 0.00000000 0.00000000 0.00 0.00 0.00 0.07 0.10 -0.11 -0.01 -0.01 0.01 30.00 30.00 30.00 
0 0 0 25.10 0.00000000 0.00000000 0.00 0.00 0.00 0.07 0.10 -0.06 0.01 -0.01 0.01 30.00 30.00 30.00 
0 0 0 25.20 0.00000000 0.00000000 0.00 0.00 0.00 0.09 0.11 -0.11 0.03 -0.01 0.01 30.00 30.00 30.00 
0 0 0 25.30 0.00000000 0.00000000 0.00 0.00 0.00 0.07 0.10 -0.10 0.02 -0.01 0.01 30.00 30.00 30.00 
0 0 0 25.40 0.00000000 0.00000000 0.00 0.00 0.00 0.06 0.10 -0.94 -0.01 -0.01 0.00 30.00 30.00 30.00 
0 0 0 25.51 0.00000000 0.00000000 0.00 0.00 0.00 0.06 0.10 -0.05 -0.02 -0.00 0.00 30.00 30.00 30.00 
0 0 0 25.61 0.00000000 0.00000000 0.00 0.00 0.00 0.06 0.10 -0.06 -0.01 -0.01 0.01 30.00 30.00 30.00 
0 0 0 25.72 0.00000000 0.00000000 0.00 0.00 0.00 0.09 0.10 -0.13 0.03 -0.01 0.01 30.00 30.00 30.00 
0 0 0 25.82 0.00000000 0.00000000 0.00 0.00 0.00 0.08 0.10 -0.13 0.01 -0.01 0.00 30.00 30.00 30.00 
0 0 0 25.92 0.00000000 0.00000000 0.00 0.00 0.00 0.07 0.11 -0.06 0.01 -0.01 0.00 30.00 30.00 30.00 
0 0 0 26.02 0.00000000 0.00000000 0.00 0.00 0.00 0.07 0.11 -0.10 0.00 -0.01 0.00 30.00 30.00 30.00 
0 0 0 26.12 0.00000000 0.00000000 0.00 0.00 0.00 0.07 0.10 -0.06 -0.01 -0.01 0.00 30.00 30.00 30.00 
0 0 0 26.22 0.00000000 0.00000000 0.00 0.00 0.00 0.08 0.10 -0.11 0.01 -0.01 0.01 30.00 30.00 30.00 
0 0 0 26.32 0.00000000 0.00000000 0.00 0.00 0.00 0.09 0.11 -0.11 0.03 -0.01 0.01 30.00 30.00 30.00 
0 0 0 26.42 0.00000000 0.00000000 0.00 0.00 0.00 0.08 0.09 -0.11 0.04 -0.04 0.00 30.00 30.00 30.00 
0 0 0 26.52 0.00000000 0.00000000 0.00 0.00 0.00 0.08 0.10 -0.09 -0.00 -0.02 0.01 30.00 30.00 30.00 
0 0 0 26.62 0.00000000 0.00000000 0.00 0.00 0.00 0.08 0.10 -0.13 0.03 -0.01 0.01 30.00 30.00 30.00 
0 0 0 26.73 0.00000000 0.00000000 0.00 0.00 0.00 0.07 0.11 -0.08 -0.00 -0.01 0.01 30.00 30.00 30.00 
0 0 0 26.83 0.00000000 0.00000000 0.00 0.00 0.00 0.06 0.10 -0.06 0.02 -0.01 0.01 30.00 30.00 30.00 
0 0 0 26.93 0.00000000 0.00000000 0.00 0.00 0.00 0.07 0.11 -0.08 0.03 -0.01 0.01 30.00 30.00 30.00 
0 0 0 27.03 0.00000000 0.00000000 0.00 0.00 0.00 0.08 0.12 -0.04 0.03 -0.01 0.01 30.00 30.00 30.00 
0 0 0 27.13 0.00000000 0.00000000 0.00 0.00 0.00 0.09 0.09 -0.20 0.03 -0.01 0.01 30.00 30.00 30.00 
0 0 0 27.23 0.00000000 0.00000000 0.00 0.00 0.00 0.08 0.10 -0.10 0.02 -0.01 0.01 30.00 30.00 30.00 
0 0 0 27.33 0.00000000 0.00000000 0.00 0.00 0.00 0.07 0.10 -0.07 0.02 -0.01 0.01 30.00 30.00 30.00 
0 0 0 27.43 0.00000000 0.00000000 0.00 0.00 0.00 0.08 0.11 -0.09 0.02 -0.01 0.01 30.00 30.00 30.00 
0 0 0 27.53 0.00000000 0.00000000 0.00 0.00 0.00 0.07 0.11 -0.02 0.02 -0.01 0.01 30.00 30.00 30.00 
0 0 0 27.64 0.00000000 0.00000000 0.00 0.00 0.00 0.08 0.10 -0.14 0.03 -0.02 0.01 30.00 30.00 30.00 
0 0 0 27.74 0.00000000 0.00000000 0.00 0.00 0.00 0.08 0.11 -0.09 0.03 -0.01 0.01 30.00 30.00 30.00 
0 0 0 27.84 0.00000000 0.00000000 0.00 0.00 0.00 0.08 0.10 -0.09 0.02 -0.01 0.01 30.00 30.00 30.00 
0 0 0 27.94 0.00000000 0.00000000 0.00 0.00 0.00 0.07 0.11 -0.07 -0.00 -0.01 0.01 30.00 30.00 30.00 
0 0 0 28.04 0.00000000 0.00000000 0.00 0.00 0.00 0.06 0.10 -0.05 -0.03 -0.01 0.01 30.00 30.00 30.00 
0 0 0 28.15 0.00000000 0.00000000 0.00 0.00 0.00 0.06 0.09 -0.09 0.01 -0.01 0.00 30.00 30.00 30.00 
0 0 0 28.25 0.00000000 0.00000000 0.00 0.00 0.00 0.07 0.10 -0.10 0.03 -0.01 0.01 30.00 30.00 30.00 
0 0 0 28.35 0.00000000 0.00000000 0.00 0.00 0.00 0.08 0.11 -0.07 0.04 -0.01 0.01 30.00 30.00 30.00 
0 0 0 28.45 0.00000000 0.00000000 0.00 0.00 0.00 0.09 0.11 -0.10 0.05 -0.01 0.00 30.00 30.00 30.00 
0 0 0 28.55 0.00000000 0.00000000 0.00 0.00 0.00 0.08 0.11 -0.15 0.00 -0.01 0.00 30.00 30.00 30.00 
0 0 0 28.65 0.00000000 0.00000000 0.00 0.00 0.00 0.07 0.10 -0.08 -0.01 -0.01 0.00 30.00 30.00 30.00 
0 0 0 28.75 0.00000000 0.00000000 0.00 0.00 0.00 0.07 0.09 -0.11 -0.00 -0.00 0.00 30.00 30.00 30.00 
0 0 0 28.85 0.00000000 0.00000000 0.00 0.00 0.00 0.08 0.10 -0.16 0.03 -0.01 0.01 30.00 30.00 30.00 
0 0 0 28.95 0.00000000 0.00000000 0.00 0.00 0.00 0.09 0.11 -0.12 0.03 -0.02 0.01 30.00 30.00 30.00 
0 0 0 29.05 0.00000000 0.00000000 0.00 0.00 0.00 0.08 0.10 -0.11 0.01 -0.01 0.00 30.00 30.00 30.00 
0 0 0 29.15 0.00000000 0.00000000 0.00 0.00 0.00 0.06 0.10 -0.07 0.00 -0.00 0.00 30.00 30.00 30.00 
0 0 0 29.26 0.00000000 0.00000000 0.00 0.00 0.00 0.06 0.10 -0.08 -0.01 -0.01 0.00 30.00 30.00 30.00 
0 0 0 29.36 0.00000000 0.00000000 0.00 0.00 0.00 0.07 0.12 -0.03 0.02 -0.01 0.01 30.00 30.00 30.00 
0 0 0 29.46 0.00000000 0.00000000 0.00 0.00 0.00 0.05 0.11 -0.03 -0.04 -0.00 0.00 30.00 30.00 30.00 
0 0 0 29.56 0.00000000 0.00000000 0.00 0.00 0.00 0.09 0.10 -0.13 0.04 -0.01 0.01 30.00 30.00 30.00 
0 0 0 29.66 0.00000000 0.00000000 0.00 0.00 0.00 0.10 0.10 -0.20 0.05 -0.02 0.01 30.00 30.00 30.00 
0 0 0 29.76 0.00000000 0.00000000 0.00 0.00 0.00 0.09 0.11 -0.09 0.03 -0.01 0.00 30.00 30.00 30.00 
0 0 0 29.87 0.00000000 0.00000000 0.00 0.00 0.00 0.07 0.11 -0.02 0.01 -0.01 0.00 30.00 30.00 30.00 
0 0 0 29.97 0.00000000 0.00000000 0.00 0.00 0.00 0.09 0.11 -0.15 0.04 -0.01 0.01 30.00 30.00 30.00 
0 0 0 30.07 0.00000000 0.00000000 0.00 0.00 0.00 0.08 0.10 -0.11 0.03 -0.01 0.01 30.00 30.00 30.00 
0 0 0 30.17 0.00000000 0.00000000 0.00 0.00 0.00 0.09 0.10 -0.18 0.04 -0.01 0.00 30.00 30.00 30.00 
0 0 0 30.27 0.00000000 0.00000000 0.00 0.00 0.00 0.08 0.10 -0.14 0.03 -0.01 0.01 30.00 30.00 30.00 
0 0 0 30.37 0.00000000 0.00000000 0.00 0.00 0.00 0.08 0.11 -0.08 0.02 -0.01 0.01 30.00 30.00 30.00 
0 0 0 30.48 0.00000000 0.00000000 0.00 0.00 0.00 0.07 0.10 -0.12 0.02 -0.01 0.00 30.00 30.00 30.00 
0 0 0 30.58 0.00000000 0.00000000 0.00 0.00 0.00 0.07 0.10 -0.10 0.03 -0.01 0.01 30.00 30.00 30.00 
0 0 0 30.68 0.00000000 0.00000000 0.00 0.00 0.00 0.09 0.11 -0.15 0.05 -0.01 0.01 30.00 30.00 30.00 
0 0 0 30.78 0.00000000 0.00000000 0.00 0.00 0.00 0.09 0.11 -0.15 0.05 -0.01 0.01 30.00 30.00 30.00 
0 0 0 30.88 0.00000000 0.00000000 0.00 0.00 0.00 0.09 0.10 -0.16 0.05 -0.01 0.01 30.00 30.00 30.00 
0 0 0 30.99 0.00000000 0.00000000 0.00 0.00 0.00 0.08 0.11 -0.11 0.01 -0.01 0.01 30.00 30.00 30.00 
0 0 0 31.09 0.00000000 0.00000000 0.00 0.00 0.00 0.07 0.09 -0.12 -0.01 -0.01 0.01 30.00 30.00 30.00 
0 0 0 31.19 0.00000000 0.00000000 0.00 0.00 0.00 0.06 0.10 -0.09 -0.00 -0.01 0.00 30.00 30.00 30.00 
0 0 0 31.29 0.00000000 0.00000000 0.00 0.00 0.00 0.08 0.10 -0.15 0.01 -0.01 0.01 30.00 30.00 30.00 
0 0 0 31.39 0.00000000 0.00000000 0.00 0.00 0.00 0.06 0.10 -0.08 0.01 -0.01 0.00 30.00 30.00 30.00 
0 0 0 31.49 0.00000000 0.00000000 0.00 0.00 0.00 0.07 0.10 -0.11 0.04 -0.01 0.01 30.00 30.00 30.00 
0 0 0 31.59 0.00000000 0.00000000 0.00 0.00 0.00 0.08 0.10 -0.16 0.02 -0.01 0.01 30.00 30.00 30.00 
0 0 0 31.69 0.00000000 0.00000000 0.00 0.00 0.00 0.07 0.10 -0.10 0.01 -0.01 0.01 30.00 30.00 30.00 
0 0 0 31.79 0.00000000 0.00000000 0.00 0.00 0.00 0.07 0.11 -0.07 -0.00 -0.01 0.01 30.00 30.00 30.00 
0 0 0 31.90 0.00000000 0.00000000 0.00 0.00 0.00 0.07 0.10 -0.10 0.02 -0.01 0.00 30.00 30.00 30.00 
0 0 0 32.00 0.00000000 0.00000000 0.00 0.00 0.00 0.08 0.11 -0.10 0.04 -0.01 0.01 30.00 30.00 30.00 
0 0 0 32.10 0.00000000 0.00000000 0.00 0.00 0.00 0.07 0.11 -0.08 0.02 -0.00 0.00 30.00 30.00 30.00 
0 0 0 32.20 0.00000000 0.00000000 0.00 0.00 0.00 0.08 0.10 -0.14 0.03 -0.01 0.00 30.00 30.00 30.00 
0 0 0 32.30 0.00000000 0.00000000 0.00 0.00 0.00 0.09 0.11 -0.15 0.02 -0.01 0.00 30.00 30.00 30.00 
0 0 0 32.40 0.00000000 0.00000000 0.00 0.00 0.00 0.06 0.10 -0.06 0.00 -0.01 0.00 30.00 30.00 30.00 
0 0 0 32.50 0.00000000 0.00000000 0.00 0.00 0.00 0.07 0.10 -0.07 -0.02 -0.01 0.00 30.00 30.00 30.00 
0 0 0 32.60 0.00000000 0.00000000 0.00 0.00 0.00 0.08 0.11 -0.07 0.01 -0.01 0.00 30.00 30.00 30.00 
0 0 0 32.70 0.00000000 0.00000000 0.00 0.00 0.00 0.09 0.11 -0.12 0.03 -0.01 0.01 30.00 30.00 30.00 
0 0 0 32.80 0.00000000 0.00000000 0.00 0.00 0.00 0.07 0.11 -0.12 0.01 -0.01 0.00 30.00 30.00 30.00 
0 0 0 32.90 0.00000000 0.00000000 0.00 0.00 0.00 0.07 0.10 -0.07 0.01 -0.01 0.00 30.00 30.00 30.00 
0 0 0 33.00 0.00000000 0.00000000 0.00 0.00 0.00 0.08 0.11 -0.08 -0.00 -0.01 0.01 30.00 30.00 30.00 
0 0 0 33.11 0.00000000 0.00000000 0.00 0.00 0.00 0.05 0.10 -0.03 -0.02 -0.01 0.00 30.00 30.00 30.00 
0 0 0 33.21 0.00000000 0.00000000 0.00 0.00 0.00 0.07 0.10 -0.12 0.02 -0.01 0.00 30.00 30.00 30.00 
0 0 0 33.31 0.00000000 0.00000000 0.00 0.00 0.00 0.06 0.11 -0.05 0.04 -0.01 0.01 30.00 30.00 30.00 
0 0 0 33.41 0.00000000 0.00000000 0.00 0.00 0.00 0.08 0.11 -0.12 0.03 -0.01 0.01 30.00 30.00 30.00 
0 0 0 33.51 0.00000000 0.00000000 0.00 0.00 0.00 0.08 0.11 -0.13 0.03 -0.01 0.00 30.00 30.00 30.00 
0 0 0 33.61 0.00000000 0.00000000 0.00 0.00 0.00 0.08 0.09 -0.18 0.03 -0.01 0.01 30.00 30.00 30.00 
0 0 0 33.72 0.00000000 0.00000000 0.00 0.00 0.00 0.07 0.10 -0.10 0.00 -0.01 0.00 30.00 30.00 30.00 
0 0 0 33.82 0.00000000 0.00000000 0.00 0.00 0.00 0.06 0.11 -0.07 -0.01 -0.01 0.01 30.00 30.00 30.00 
0 0 0 33.92 0.00000000 0.00000000 0.00 0.00 0.00 0.08 0.10 -0.14 0.04 -0.02 0.01 30.00 30.00 30.00 
0 0 0 34.02 0.00000000 0.00000000 0.00 0.00 0.00 0.08 0.10 -0.13 0.03 -0.02 0.01 30.00 30.00 30.00 
0 0 0 34.12 0.00000000 0.00000000 0.00 0.00 0.00 0.08 0.11 -0.09 0.02 -0.01 0.00 30.00 30.00 30.00 
0 0 0 34.22 0.00000000 0.00000000 0.00 0.00 0.00 0.09 0.11 -0.13 0.03 -0.01 0.01 30.00 30.00 30.00 
0 0 0 34.32 0.00000000 0.00000000 0.00 0.00 0.00 0.08 0.10 -0.16 0.03 -0.01 0.01 30.00 30.00 30.00 
0 0 0 34.42 0.00000000 0.00000000 0.00 0.00 0.00 0.07 0.11 -0.07 -0.00 -0.00 0.00 30.00 30.00 30.00 
0 0 0 34.52 0.00000000 0.00000000 0.00 0.00 0.00 0.05 0.11 -0.02 -0.00 -0.00 0.00 30.00 30.00 30.00 
0 0 0 34.62 0.00000000 0.00000000 0.00 0.00 0.00 0.07 0.10 -0.08 0.02 -0.01 0.01 30.00 30.00 30.00 
0 0 0 34.72 0.00000000 0.00000000 0.00 0.00 0.00 0.09 0.11 -0.15 0.03 -0.01 0.01 30.00 30.00 30.00 
0 0 0 34.82 0.00000000 0.00000000 0.00 0.00 0.00 0.06 0.10 -0.08 0.00 -0.01 0.00 30.00 30.00 30.00 
0 0 0 34.93 0.00000000 0.00000000 0.00 0.00 0.00 0.08 0.11 -0.10 0.03 -0.01 0.01 30.00 30.00 30.00 
0 0 0 35.03 0.00000000 0.00000000 0.00 0.00 0.00 0.07 0.10 -0.08 -0.01 -0.00 0.00 30.00 30.00 30.00 
0 0 0 35.13 0.00000000 0.00000000 0.00 0.00 0.00 0.06 0.10 -0.08 -0.02 -0.00 0.00 30.00 30.00 30.00 
0 0 0 35.23 0.00000000 0.00000000 0.00 0.00 0.00 0.06 0.10 -0.07 0.01 -0.01 0.00 30.00 30.00 30.00 
0 0 0 35.33 0.00000000 0.00000000 0.00 0.00 0.00 0.09 0.10 -0.16 0.04 -0.01 0.00 30.00 30.00 30.00 
0 0 0 35.43 0.00000000 0.00000000 0.00 0.00 0.00 0.08 0.10 -0.11 0.03 -0.01 0.00 30.00 30.00 30.00 
0 0 0 35.53 0.00000000 0.00000000 0.00 0.00 0.00 0.08 0.11 -0.09 0.01 -0.01 0.00 30.00 30.00 30.00 
0 0 0 35.63 0.00000000 0.00000000 0.00 0.00 0.00 0.08 0.11 -0.09 0.03 -0.01 0.01 30.00 30.00 30.00 
0 0 0 35.73 0.00000000 0.00000000 0.00 0.00 0.00 0.08 0.10 -0.14 0.03 -0.01 0.01 30.00 30.00 30.00 
0 0 0 35.83 0.00000000 0.00000000 0.00 0.00 0.00 0.06 0.10 -0.11 0.01 -0.01 0.00 30.00 30.00 30.00 
0 0 0 35.94 0.00000000 0.00000000 0.00 0.00 0.00 0.06 0.10 -0.06 0.01 -0.01 0.00 30.00 30.00 30.00 
0 0 0 36.04 0.00000000 0.00000000 0.00 0.00 0.00 0.09 0.10 -0.15 0.02 -0.01 0.01 30.00 30.00 30.00 
0 0 0 36.14 0.00000000 0.00000000 0.00 0.00 0.00 0.08 0.11 -0.14 0.00 -0.01 0.01 30.00 30.00 30.00 
0 0 0 36.24 0.00000000 0.00000000 0.00 0.00 0.00 0.08 0.12 -0.07 0.01 -0.01 0.01 30.00 30.00 30.00 
0 0 0 36.34 0.00000000 0.00000000 0.00 0.00 0.00 0.08 0.11 -0.11 0.03 -0.02 0.01 30.00 30.00 30.00 
0 0 0 36.44 0.00000000 0.00000000 0.00 0.00 0.00 0.07 0.11 -0.09 -0.00 -0.00 0.00 30.00 30.00 30.00 
0 0 0 36.54 0.00000000 0.00000000 0.00 0.00 0.00 0.06 0.10 -0.07 -0.01 -0.01 0.01 30.00 30.00 30.00 
0 0 0 36.64 0.00000000 0.00000000 0.00 0.00 0.00 0.10 0.11 -0.16 0.05 -0.01 0.01 30.00 30.00 30.00 
0 0 0 36.74 0.00000000 0.00000000 0.00 0.00 0.00 0.09 0.11 -0.11 0.06 -0.01 0.01 30.00 30.00 30.00 
0 0 0 36.84 0.00000000 0.00000000 0.00 0.00 0.00 0.08 0.10 -0.10 -0.01 -0.00 0.01 30.00 30.00 30.00 
0 0 0 36.98 0.00000000 0.00000000 0.00 0.00 0.00 0.08 0.11 -0.08 0.01 -0.01 0.00 30.00 30.00 30.00 
0 0 0 37.11 0.00000000 0.00000000 0.00 0.00 0.00 0.07 0.10 -0.09 0.01 -0.01 0.01 30.00 30.00 30.00 
0 0 0 37.25 0.00000000 0.00000000 0.00 0.00 0.00 0.07 0.10 -0.11 0.00 -0.01 0.00 30.00 30.00 30.00 
0 0 0 37.38 0.00000000 0.00000000 0.00 0.00 0.00 0.06 0.10 -0.06 -0.01 -0.01 0.00 30.00 30.00 30.00 
0 0 0 37.48 0.00000000 0.00000000 0.00 0.00 0.00 0.08 0.10 -0.12 0.03 -0.02 0.01 30.00 30.00 30.00 
0 0 0 37.58 0.00000000 0.00000000 0.00 0.00 0.00 0.07 0.12 -0.08 0.04 -0.01 0.01 30.00 30.00 30.00 
0 0 0 37.69 0.00000000 0.00000000 0.00 0.00 0.00 0.09 0.11 -0.11 0.03 -0.01 0.00 30.00 30.00 30.00 
0 0 0 37.79 0.00000000 0.00000000 0.00 0.00 0.00 0.06 0.09 -0.10 0.01 -0.01 0.00 30.00 30.00 30.00 
0 0 0 37.89 0.00000000 0.00000000 0.00 0.00 0.00 0.08 0.11 -0.11 0.01 -0.01 0.01 30.00 30.00 30.00 
0 0 0 37.99 0.00000000 0.00000000 0.00 0.00 0.00 0.07 0.10 -0.10 -0.03 -0.01 0.00 30.00 30.00 30.00 
0 0 0 38.09 0.00000000 0.00000000 0.00 0.00 0.00 0.05 0.09 -0.09 -0.03 -0.01 0.00 30.00 30.00 30.00 
0 0 0 38.19 0.00000000 0.00000000 0.00 0.00 0.00 0.07 0.11 -0.06 -0.00 -0.01 0.01 30.00 30.00 30.00 
0 0 0 38.29 0.00000000 0.00000000 0.00 0.00 0.00 0.03 0.13 0.12 -0.08 0.01 0.01 30.00 30.00 30.00 
0 0 0 38.39 0.00000000 0.00000000 0.00 0.00 0.00 0.06 0.11 -0.05 -0.04 -0.01 0.00 30.00 30.00 30.00 
0 0 0 38.49 0.00000000 0.00000000 0.00 0.00 0.00 0.09 0.08 -0.26 -0.09 0.00 0.01 30.00 30.00 30.00 
0 0 0 38.60 0.00000000 0.00000000 0.00 0.00 0.00 0.02 0.12 0.08 -0.06 0.00 -0.00 30.00 30.00 30.00 
0 0 0 38.70 0.00000000 0.00000000 0.00 0.00 0.00 0.06 0.10 -0.10 -0.02 -0.01 0.01 30.00 30.00 30.00 
0 0 0 38.80 0.00000000 0.00000000 0.00 0.00 0.00 0.08 0.09 -0.16 0.02 -0.01 0.01 30.00 30.00 30.00 
0 0 0 38.90 0.00000000 0.00000000 0.00 0.00 0.00 0.09 0.10 -0.20 0.02 -0.01 0.00 30.00 30.00 30.00 
0 0 0 39.00 0.00000000 0.00000000 0.00 0.00 0.00 0.07 0.10 -0.11 -0.01 -0.01 0.01 30.00 30.00 30.00 
0 0 0 39.10 0.00000000 0.00000000 0.00 0.00 0.00 0.08 0.11 -0.11 -0.01 -0.02 0.00 30.00 30.00 30.00 
0 0 0 39.20 0.00000000 0.00000000 0.00 0.00 0.00 0.04 0.13 0.11 0.01 -0.00 0.01 30.00 30.00 30.00 
0 0 0 39.30 0.00000000 0.00000000 0.00 0.00 0.00 0.06 0.09 -0.11 -0.07 0.01 0.00 30.00 30.00 30.00 
0 0 0 39.40 0.00000000 0.00000000 0.00 0.00 0.00 0.06 0.07 -0.14 -0.05 -0.01 0.01 30.00 30.00 30.00 
0 0 0 39.50 0.00000000 0.00000000 0.00 0.00 0.00 0.08 0.12 -0.06 0.03 -0.01 0.00 30.00 30.00 30.00 
0 0 0 39.61 0.00000000 0.00000000 0.00 0.00 0.00 0.08 0.12 -0.05 0.03 -0.01 0.01 30.00 30.00 30.00 
0 0 0 39.71 0.00000000 0.00000000 0.00 0.00 0.00 0.07 0.11 -0.09 0.01 -0.01 0.01 30.00 30.00 30.00 
0 0 0 39.81 0.00000000 0.00000000 0.00 0.00 0.00 0.08 0.11 -0.10 0.00 -0.00 0.00 30.00 30.00 30.00 
0 0 0 39.91 0.00000000 0.00000000 0.00 0.00 0.00 0.07 0.09 -0.15 -0.01 -0.00 0.00 30.00 30.00 30.00 
0 0 0 40.01 0.00000000 0.00000000 0.00 0.00 0.00 0.08 0.09 -0.15 -0.01 -0.00 0.00 30.00 30.00 30.00 
0 0 0 40.11 0.00000000 0.00000000 0.00 0.00 0.00 0.07 0.10 -0.14 0.02 -0.01 0.01 30.00 30.00 30.00 
0 0 0 40.21 0.00000000 0.00000000 0.00 0.00 0.00 0.09 0.10 -0.20 0.04 -0.02 0.01 30.00 30.00 30.00 
0 0 0 40.31 0.00000000 0.00000000 0.00 0.00 0.00 0.09 0.13 -0.04 0.03 -0.01 0.01 30.00 30.00 30.00 
0 0 0 40.42 0.00000000 0.00000000 0.00 0.00 0.00 0.06 0.10 -0.10 0.01 -0.01 0.01 30.00 30.00 30.00 
0 0 0 40.52 0.00000000 0.00000000 0.00 0.00 0.00 0.07 0.11 -0.10 -0.02 -0.00 0.01 30.00 30.00 30.00 
0 0 0 40.62 0.00000000 0.00000000 0.00 0.00 0.00 0.09 0.11 -0.15 -0.00 -0.00 0.00 30.00 30.00 30.00 
0 0 0 40.72 0.00000000 0.00000000 0.00 0.00 0.00 0.08 0.09 -0.15 0.01 -0.01 0.00 30.00 30.00 30.00 
0 0 0 40.82 0.00000000 0.00000000 0.00 0.00 0.00 0.07 0.12 -0.06 -0.01 -0.01 0.00 30.00 30.00 30.00 
0 0 0 40.92 0.00000000 0.00000000 0.00 0.00 0.00 0.07 0.12 -0.03 -0.01 -0.01 0.01 30.00 30.00 30.00 
0 0 0 41.02 0.00000000 0.00000000 0.00 0.00 0.00 0.05 0.11 -0.04 0.00 -0.00 0.00 30.00 30.00 30.00 
0 0 0 41.12 0.00000000 0.00000000 0.00 0.00 0.00 0.09 0.10 -0.22 0.03 -0.01 0.00 30.00 30.00 30.00 
0 0 0 41.22 0.00000000 0.00000000 0.00 0.00 0.00 0.10 0.11 -0.17 0.03 -0.01 0.01 30.00 30.00 30.00 
0 0 0 41.32 0.00000000 0.00000000 0.00 0.00 0.00 0.07 0.11 -0.09 0.01 -0.01 0.00 30.00 30.00 30.00 
0 0 0 41.42 0.00000000 0.00000000 0.00 0.00 0.00 0.06 0.11 -0.02 -0.03 -0.01 0.00 30.00 30.00 30.00 
0 0 0 41.52 0.00000000 0.00000000 0.00 0.00 0.00 0.07 0.12 -0.03 -0.01 -0.00 0.00 30.00 30.00 30.00 
0 0 0 41.62 0.00000000 0.00000000 0.00 0.00 0.00 0.09 0.10 -0.17 0.05 -0.01 0.00 30.00 30.00 30.00 
0 0 0 41.72 0.00000000 0.00000000 0.00 0.00 0.00 0.09 0.10 -0.17 0.01 -0.01 0.01 30.00 30.00 30.00 
0 0 0 41.82 0.00000000 0.00000000 0.00 0.00 0.00 0.09 0.09 -0.21 0.03 -0.01 0.01 30.00 30.00 30.00 
0 0 0 41.92 0.00000000 0.00000000 0.00 0.00 0.00 0.06 0.10 -0.06 0.03 -0.01 0.01 30.00 30.00 30.00 
0 0 0 42.03 0.00000000 0.00000000 0.00 0.00 0.00 0.07 0.11 -0.05 0.02 -0.01 0.01 30.00 30.00 30.00 
0 0 0 42.13 0.00000000 0.00000000 0.00 0.00 0.00 0.05 0.09 -0.08 -0.01 -0.01 0.00 30.00 30.00 30.00 
0 0 0 42.23 0.00000000 0.00000000 0.00 0.00 0.00 0.08 0.13 -0.05 -0.02 -0.00 0.00 30.00 30.00 30.00 
0 0 0 42.33 0.00000000 0.00000000 0.00 0.00 0.00 0.08 0.10 -0.10 -0.01 -0.00 0.00 30.00 30.00 30.00 
0 0 0 42.43 0.00000000 0.00000000 0.00 0.00 0.00 0.04 0.09 -0.06 -0.03 -0.00 0.00 30.00 30.00 30.00 
0 0 0 42.53 0.00000000 0.00000000 0.00 0.00 0.00 0.08 0.10 -0.13 -0.01 -0.01 0.00 30.00 30.00 30.00 
0 0 0 42.63 0.00000000 0.00000000 0.00 0.00 0.00 0.07 0.08 -0.19 0.02 -0.01 0.01 30.00 30.00 30.00 
0 0 0 42.73 0.00000000 0.00000000 0.00 0.00 0.00 0.07 0.11 -0.07 0.01 -0.01 0.00 30.00 30.00 30.00 
0 0 0 42.84 0.00000000 0.00000000 0.00 0.00 0.00 0.04 0.11 0.01 -0.01 -0.01 0.00 30.00 30.00 30.00 
0 0 0 42.94 0.00000000 0.00000000 0.00 0.00 0.00 0.06 0.09 -0.14 0.01 0.00 0.01 30.00 30.00 30.00 
0 0 0 43.04 0.00000000 0.00000000 0.00 0.00 0.00 0.09 0.09 -0.17 0.04 -0.01 0.00 30.00 30.00 30.00 
0 0 0 43.14 0.00000000 0.00000000 0.00 0.00 0.00 0.07 0.09 -0.11 -0.03 -0.01 0.00 30.00 30.00 30.00 
0 0 0 43.24 0.00000000 0.00000000 0.00 0.00 0.00 0.07 0.10 -0.11 -0.02 -0.01 0.00 30.00 30.00 30.00 
0 0 0 43.34 0.00000000 0.00000000 0.00 0.00 0.00 0.08 0.11 -0.12 0.02 -0.01 0.00 30.00 30.00 30.00 
0 0 0 43.44 0.00000000 0.00000000 0.00 0.00 0.00 0.06 0.09 -0.11 0.01 -0.01 0.00 30.00 30.00 30.00 
0 0 0 43.54 0.00000000 0.00000000 0.00 0.00 0.00 0.06 0.12 0.00 -0.02 -0.00 0.01 30.00 30.00 30.00 
0 0 0 43.64 0.00000000 0.00000000 0.00 0.00 0.00 0.09 0.10 -0.19 0.06 -0.02 0.01 30.00 30.00 30.00 
0 0 0 43.74 0.00000000 0.00000000 0.00 0.00 0.00 0.09 0.10 -0.16 0.03 -0.01 0.01 30.00 30.00 30.00 
0 0 0 43.85 0.00000000 0.00000000 0.00 0.00 0.00 0.09 0.11 -0.12 0.01 -0.01 0.00 30.00 30.00 30.00 
0 0 0 43.95 0.00000000 0.00000000 0.00 0.00 0.00 0.07 0.09 -0.15 0.00 -0.01 0.00 30.00 30.00 30.00 
0 0 0 44.05 0.00000000 0.00000000 0.00 0.00 0.00 0.08 0.11 -0.10 0.00 -0.01 0.00 30.00 30.00 30.00 
0 0 0 44.15 0.00000000 0.00000000 0.00 0.00 0.00 0.07 0.12 -0.04 -0.00 -0.01 0.01 30.00 30.00 30.00 
0 0 0 44.25 0.00000000 0.00000000 0.00 0.00 0.00 0.06 0.10 -0.08 -0.01 -0.00 0.00 30.00 30.00 30.00 
0 0 0 44.35 0.00000000 0.00000000 0.00 0.00 0.00 0.10 0.10 -0.20 0.03 -0.01 0.00 30.00 30.00 30.00 
0 0 0 44.45 0.00000000 0.00000000 0.00 0.00 0.00 0.09 0.09 -0.20 0.00 -0.00 0.00 30.00 30.00 30.00 
0 0 0 44.55 0.00000000 0.00000000 0.00 0.00 0.00 0.08 0.10 -0.18 0.01 -0.01 0.01 30.00 30.00 30.00 
0 0 0 44.65 0.00000000 0.00000000 0.00 0.00 0.00 0.09 0.11 -0.10 0.01 -0.01 0.00 30.00 30.00 30.00 
0 0 0 44.75 0.00000000 0.00000000 0.00 0.00 0.00 0.07 0.10 -0.09 0.02 -0.01 0.01 30.00 30.00 30.00 
0 0 0 44.85 0.00000000 0.00000000 0.00 0.00 0.00 0.08 0.11 -0.10 0.02 -0.00 0.00 30.00 30.00 30.00 
0 0 0 44.95 0.00000000 0.00000000 0.00 0.00 0.00 0.08 0.12 -0.07 0.02 -0.01 0.01 30.00 30.00 30.00 
0 0 0 45.05 0.00000000 0.00000000 0.00 0.00 0.00 0.09 0.10 -0.14 0.04 -0.02 0.01 30.00 30.00 30.00 
0 0 0 45.15 0.00000000 0.00000000 0.00 0.00 0.00 0.08 0.11 -0.13 0.01 -0.01 0.01 30.00 30.00 30.00 
0 0 0 45.25 0.00000000 0.00000000 0.00 0.00 0.00 0.08 0.10 -0.13 0.02 -0.01 0.00 30.00 30.00 30.00 
0 0 0 45.36 0.00000000 0.00000000 0.00 0.00 0.00 0.07 0.09 -0.16 0.01 -0.00 0.00 30.00 30.00 30.00 
0 0 0 45.46 0.00000000 0.00000000 0.00 0.00 0.00 0.07 0.11 -0.07 -0.00 -0.01 0.00 30.00 30.00 30.00 
0 0 0 45.56 0.00000000 0.00000000 0.00 0.00 0.00 0.06 0.10 -0.09 0.02 -0.01 0.01 30.00 30.00 30.00 
0 0 0 45.66 0.00000000 0.00000000 0.00 0.00 0.00 0.08 0.10 -0.13 0.04 -0.01 0.01 30.00 30.00 30.00 
0 0 0 45.76 0.00000000 0.00000000 0.00 0.00 0.00 0.08 0.10 -0.12 0.03 -0.01 0.01 30.00 30.00 30.00 
0 0 0 45.86 0.00000000 0.00000000 0.00 0.00 0.00 0.07 0.10 -0.11 0.01 -0.01 0.01 30.00 30.00 30.00 
0 0 0 45.96 0.00000000 0.00000000 0.00 0.00 0.00 0.07 0.11 -0.03 -0.00 -0.01 0.00 30.00 30.00 30.00 
0 0 0 46.06 0.00000000 0.00000000 0.00 0.00 0.00 0.07 0.11 -0.10 0.01 -0.01 0.00 30.00 30.00 30.00 
0 0 0 46.16 0.00000000 0.00000000 0.00 0.00 0.00 0.07 0.10 -0.09 -0.00 -0.00 0.00 30.00 30.00 30.00 
0 0 0 46.26 0.00000000 0.00000000 0.00 0.00 0.00 0.07 0.11 -0.09 -0.00 -0.01 0.00 30.00 30.00 30.00 
0 0 0 46.36 0.00000000 0.00000000 0.00 0.00 0.00 0.08 0.11 -0.12 0.01 -0.00 0.01 30.00 30.00 30.00 
0 0 0 46.46 0.00000000 0.00000000 0.00 0.00 0.00 0.09 0.11 -0.13 0.01 -0.01 0.01 30.00 30.00 30.00 
0 0 0 46.56 0.00000000 0.00000000 0.00 0.00 0.00 0.07 0.10 -0.10 -0.00 -0.01 0.01 30.00 30.00 30.00 
0 0 0 46.66 0.00000000 0.00000000 0.00 0.00 0.00 0.06 0.10 -0.09 -0.01 -0.00 0.00 30.00 30.00 30.00 
0 0 0 46.77 0.00000000 0.00000000 0.00 0.00 0.00 0.06 0.10 -0.07 -0.00 -0.01 0.00 30.00 30.00 30.00 
0 0 0 46.87 0.00000000 0.00000000 0.00 0.00 0.00 0.08 0.09 -0.12 0.01 -0.01 0.00 30.00 30.00 30.00 
0 0 0 46.97 0.00000000 0.00000000 0.00 0.00 0.00 0.08 0.10 -0.07 0.02 -0.01 0.00 30.00 30.00 30.00 
0 0 0 47.07 0.00000000 0.00000000 0.00 0.00 0.00 0.08 0.11 -0.11 0.04 -0.01 0.00 30.00 30.00 30.00 
0 0 0 47.17 0.00000000 0.00000000 0.00 0.00 0.00 0.09 0.11 -0.16 0.01 -0.01 0.01 30.00 30.00 30.00 
0 0 0 47.27 0.00000000 0.00000000 0.00 0.00 0.00 0.08 0.10 -0.12 0.01 -0.01 0.01 30.00 30.00 30.00 
0 0 0 47.37 0.00000000 0.00000000 0.00 0.00 0.00 0.07 0.09 -0.09 0.01 -0.01 0.00 30.00 30.00 30.00 
0 0 0 47.47 0.00000000 0.00000000 0.00 0.00 0.00 0.07 0.10 -0.14 0.00 -0.01 0.00 30.00 30.00 30.00 
0 0 0 47.57 0.00000000 0.00000000 0.00 0.00 0.00 0.07 0.09 -0.11 0.01 -0.01 0.00 30.00 30.00 30.00 
0 0 0 47.68 0.00000000 0.00000000 0.00 0.00 0.00 0.08 0.10 -0.15 0.04 -0.01 0.01 30.00 30.00 30.00 
0 0 0 47.78 0.00000000 0.00000000 0.00 0.00 0.00 0.07 0.09 -0.15 -0.00 -0.01 0.00 30.00 30.00 30.00 
0 0 0 47.88 0.00000000 0.00000000 0.00 0.00 0.00 0.06 0.10 -0.08 -0.01 -0.01 0.00 30.00 30.00 30.00 
0 0 0 47.98 0.00000000 0.00000000 0.00 0.00 0.00 0.07 0.10 -0.08 -0.01 -0.01 0.00 30.00 30.00 30.00 
0 0 0 48.08 0.00000000 0.00000000 0.00 0.00 0.00 0.06 0.10 -0.07 0.01 -0.01 0.00 30.00 30.00 30.00 
0 0 0 48.18 0.00000000 0.00000000 0.00 0.00 0.00 0.07 0.10 -0.11 0.01 -0.01 0.00 30.00 30.00 30.00 
0 0 0 48.28 0.00000000 0.00000000 0.00 0.00 0.00 0.08 0.10 -0.13 0.02 -0.01 0.01 30.00 30.00 30.00 
0 0 0 48.38 0.00000000 0.00000000 0.00 0.00 0.00 0.08 0.11 -0.13 0.03 -0.01 0.00 30.00 30.00 30.00 
0 0 0 48.49 0.00000000 0.00000000 0.00 0.00 0.00 0.09 0.09 -0.16 -0.00 -0.00 0.01 30.00 30.00 30.00 
0 0 0 48.59 0.00000000 0.00000000 0.00 0.00 0.00 0.08 0.10 -0.15 -0.00 -0.01 0.00 30.00 30.00 30.00 
0 0 0 48.69 0.00000000 0.00000000 0.00 0.00 0.00 0.06 0.12 0.01 -0.01 -0.01 0.01 30.00 30.00 30.00 
0 0 0 48.79 0.00000000 0.00000000 0.00 0.00 0.00 0.05 0.11 -0.01 -0.01 0.00 0.00 30.00 30.00 30.00 
0 0 0 48.89 0.00000000 0.00000000 0.00 0.00 0.00 0.07 0.10 -0.07 -0.01 -0.01 0.00 30.00 30.00 30.00 
0 0 0 48.99 0.00000000 0.00000000 0.00 0.00 0.00 0.09 0.11 -0.13 0.02 -0.01 0.01 30.00 30.00 30.00 
0 0 0 49.09 0.00000000 0.00000000 0.00 0.00 0.00 0.09 0.10 -0.17 0.03 -0.02 0.01 30.00 30.00 30.00 
0 0 0 49.19 0.00000000 0.00000000 0.00 0.00 0.00 0.08 0.10 -0.13 0.04 -0.01 0.01 30.00 30.00 30.00 
0 0 0 49.29 0.00000000 0.00000000 0.00 0.00 0.00 0.07 0.11 -0.08 -0.02 -0.01 0.00 30.00 30.00 30.00 
0 0 0 49.39 0.00000000 0.00000000 0.00 0.00 0.00 0.08 0.10 -0.11 0.01 -0.01 0.00 30.00 30.00 30.00 
0 0 0 49.49 0.00000000 0.00000000 0.00 0.00 0.00 0.08 0.11 -0.12 0.03 -0.01 0.00 30.00 30.00 30.00 
0 0 0 49.59 0.00000000 0.00000000 0.00 0.00 0.00 0.08 0.11 -0.10 0.02 -0.01 0.01 30.00 30.00 30.00 
0 0 0 49.69 0.00000000 0.00000000 0.00 0.00 0.00 0.08 0.10 -0.13 0.03 -0.02 0.01 30.00 30.00 30.00 
0 0 0 49.79 0.00000000 0.00000000 0.00 0.00 0.00 0.09 0.10 -0.17 0.05 -0.01 0.01 30.00 30.00 30.00 
0 0 0 49.89 0.00000000 0.00000000 0.00 0.00 0.00 0.09 0.11 -0.14 0.05 -0.01 0.01 30.00 30.00 30.00 
0 0 0 49.99 0.00000000 0.00000000 0.00 0.00 0.00 0.08 0.10 -0.12 0.01 -0.00 0.01 30.00 30.00 30.00 
0 0 0 50.09 0.00000000 0.00000000 0.00 0.00 0.00 0.06 0.10 -0.05 0.00 -0.01 0.01 30.00 30.00 30.00 
0 0 0 50.20 0.00000000 0.00000000 0.00 0.00 0.00 0.07 0.11 -0.09 0.00 -0.01 0.01 30.00 30.00 30.00 
0 0 0 50.30 0.00000000 0.00000000 0.00 0.00 0.00 0.07 0.10 -0.08 0.02 -0.01 0.00 30.00 30.00 30.00 
0 0 0 50.40 0.00000000 0.00000000 0.00 0.00 0.00 0.09 0.10 -0.16 0.03 -0.02 0.01 30.00 30.00 30.00 
0 0 0 50.50 0.00000000 0.00000000 0.00 0.00 0.00 0.08 0.10 -0.18 0.03 -0.01 0.00 30.00 30.00 30.00 
0 0 0 50.60 0.00000000 0.00000000 0.00 0.00 0.00 0.08 0.10 -0.10 0.03 -0.01 0.01 30.00 30.00 30.00 
0 0 0 50.70 0.00000000 0.00000000 0.00 0.00 0.00 0.08 0.09 -0.16 0.03 -0.01 0.01 30.00 30.00 30.00 
0 0 0 50.80 0.00000000 0.00000000 0.00 0.00 0.00 0.08 0.10 -0.11 0.01 -0.01 0.01 30.00 30.00 30.00 
0 0 0 50.90 0.00000000 0.00000000 0.00 0.00 0.00 0.08 0.10 -0.13 0.02 -0.01 0.01 30.00 30.00 30.00 
0 0 0 51.01 0.00000000 0.00000000 0.00 0.00 0.00 0.09 0.10 -0.14 0.04 -0.01 0.01 30.00 30.00 30.00 
0 0 0 51.11 0.00000000 0.00000000 0.00 0.00 0.00 0.08 0.10 -0.14 0.03 -0.02 0.01 30.00 30.00 30.00 
0 0 0 51.21 0.00000000 0.00000000 0.00 0.00 0.00 0.08 0.11 -0.11 0.00 -0.01 0.01 30.00 30.00 30.00 
0 0 0 51.31 0.00000000 0.00000000 0.00 0.00 0.00 0.07 0.10 -0.09 -0.00 -0.00 0.00 30.00 30.00 30.00 
0 0 0 51.41 0.00000000 0.00000000 0.00 0.00 0.00 0.07 0.10 -0.10 0.01 -0.01 0.01 30.00 30.00 30.00 
0 0 0 51.51 0.00000000 0.00000000 0.00 0.00 0.00 0.07 0.10 -0.09 0.02 -0.01 0.01 30.00 30.00 30.00 
0 0 0 51.61 0.00000000 0.00000000 0.00 0.00 0.00 0.08 0.10 -0.12 0.02 -0.01 0.00 30.00 30.00 30.00 
0 0 0 51.71 0.00000000 0.00000000 0.00 0.00 0.00 0.08 0.11 -0.08 0.03 -0.01 0.00 30.00 30.00 30.00 
0 0 0 51.82 0.00000000 0.00000000 0.00 0.00 0.00 0.07 0.10 -0.10 -0.00 -0.01 0.00 30.00 30.00 30.00 
0 0 0 51.92 0.00000000 0.00000000 0.00 0.00 0.00 0.07 0.10 -0.11 0.00 0.00 0.01 30.00 30.00 30.00 
0 0 0 52.02 0.00000000 0.00000000 0.00 0.00 0.00 0.06 0.10 -0.07 0.01 -0.01 0.00 30.00 30.00 30.00 
0 0 0 52.12 0.00000000 0.00000000 0.00 0.00 0.00 0.07 0.10 -0.11 0.01 -0.01 0.00 30.00 30.00 30.00 
0 0 0 52.22 0.00000000 0.00000000 0.00 0.00 0.00 0.08 0.10 -0.12 0.03 -0.01 0.01 30.00 30.00 30.00 
0 0 0 52.32 0.00000000 0.00000000 0.00 0.00 0.00 0.07 0.11 -0.06 -0.02 -0.01 0.01 30.00 30.00 30.00 
0 0 0 52.42 0.00000000 0.00000000 0.00 0.00 0.00 0.07 0.11 -0.09 -0.01 -0.01 0.00 30.00 30.00 30.00 
0 0 0 52.52 0.00000000 0.00000000 0.00 0.00 0.00 0.07 0.10 -0.08 -0.01 -0.01 0.00 30.00 30.00 30.00 
0 0 0 52.62 0.00000000 0.00000000 0.00 0.00 0.00 0.06 0.09 -0.11 -0.01 -0.01 0.00 30.00 30.00 30.00 
0 0 0 52.72 0.00000000 0.00000000 0.00 0.00 0.00 0.07 0.10 -0.11 0.00 -0.01 0.00 30.00 30.00 30.00 
0 0 0 52.82 0.00000000 0.00000000 0.00 0.00 0.00 0.07 0.10 -0.08 0.02 -0.01 0.01 30.00 30.00 30.00 
0 0 0 52.93 0.00000000 0.00000000 0.00 0.00 0.00 0.08 0.10 -0.11 0.02 -0.01 0.01 30.00 30.00 30.00 
0 0 0 53.03 0.00000000 0.00000000 0.00 0.00 0.00 0.08 0.11 -0.10 0.02 -0.01 0.01 30.00 30.00 30.00 
0 0 0 53.13 0.00000000 0.00000000 0.00 0.00 0.00 0.08 0.10 -0.11 0.04 -0.01 0.00 30.00 30.00 30.00 
0 0 0 53.23 0.00000000 0.00000000 0.00 0.00 0.00 0.08 0.11 -0.12 0.02 -0.01 0.01 30.00 30.00 30.00 
0 0 0 53.33 0.00000000 0.00000000 0.00 0.00 0.00 0.06 0.10 -0.05 0.01 -0.01 0.00 30.00 30.00 30.00 
0 0 0 53.43 0.00000000 0.00000000 0.00 0.00 0.00 0.08 0.10 -0.14 0.00 -0.01 0.01 30.00 30.00 30.00 
0 0 0 53.56 0.00000000 0.00000000 0.00 0.00 0.00 0.08 0.11 -0.14 0.03 -0.01 0.01 30.00 30.00 30.00 
0 0 0 53.70 0.00000000 0.00000000 0.00 0.00 0.00 0.08 0.10 -0.13 0.02 -0.01 0.01 30.00 30.00 30.00 
0 0 0 53.84 0.00000000 0.00000000 0.00 0.00 0.00 0.09 0.11 -0.14 0.03 -0.01 0.01 30.00 30.00 30.00 
0 0 0 53.97 0.00000000 0.00000000 0.00 0.00 0.00 0.07 0.10 -0.11 0.01 -0.01 0.00 30.00 30.00 30.00 
0 0 0 54.07 0.00000000 0.00000000 0.00 0.00 0.00 0.08 0.10 -0.13 -0.03 -0.00 0.00 30.00 30.00 30.00 
0 0 0 54.17 0.00000000 0.00000000 0.00 0.00 0.00 0.06 0.10 -0.06 -0.00 -0.01 0.00 30.00 30.00 30.00 
0 0 0 54.27 0.00000000 0.00000000 0.00 0.00 0.00 0.07 0.11 -0.08 0.01 -0.01 0.00 30.00 30.00 30.00 
0 0 0 54.37 0.00000000 0.00000000 0.00 0.00 0.00 0.08 0.10 -0.13 0.00 -0.01 0.01 30.00 30.00 30.00 
0 0 0 54.47 0.00000000 0.00000000 0.00 0.00 0.00 0.05 0.10 -0.04 -0.03 -0.00 0.00 30.00 30.00 30.00 
0 0 0 54.57 0.00000000 0.00000000 0.00 0.00 0.00 0.08 0.10 -0.13 0.04 -0.01 0.01 30.00 30.00 30.00 
0 0 0 54.68 0.00000000 0.00000000 0.00 0.00 0.00 0.08 0.10 -0.14 0.03 -0.02 0.01 30.00 30.00 30.00 
0 0 0 54.78 0.00000000 0.00000000 0.00 0.00 0.00 0.06 0.10 -0.07 0.01 -0.01 0.01 30.00 30.00 30.00 
0 0 0 54.88 0.00000000 0.00000000 0.00 0.00 0.00 0.06 0.10 -0.08 -0.01 -0.01 0.00 30.00 30.00 30.00 
0 0 0 54.98 0.00000000 0.00000000 0.00 0.00 0.00 0.06 0.11 -0.08 0.01 -0.01 0.01 30.00 30.00 30.00 
0 0 0 55.08 0.00000000 0.00000000 0.00 0.00 0.00 0.06 0.09 -0.12 -0.01 -0.00 0.00 30.00 30.00 30.00 
0 0 0 55.18 0.00000000 0.00000000 0.00 0.00 0.00 0.06 0.11 -0.05 -0.03 -0.01 0.00 30.00 30.00 30.00 
0 0 0 55.28 0.00000000 0.00000000 0.00 0.00 0.00 0.06 0.10 -0.08 0.04 -0.02 0.01 30.00 30.00 30.00 
0 0 0 55.38 0.00000000 0.00000000 0.00 0.00 0.00 0.11 0.10 -0.25 0.06 -0.02 0.01 30.00 30.00 30.00 
0 0 0 55.48 0.00000000 0.00000000 0.00 0.00 0.00 0.07 0.10 -0.12 0.03 -0.01 0.01 30.00 30.00 30.00 
0 0 0 55.58 0.00000000 0.00000000 0.00 0.00 0.00 0.05 0.10 -0.07 -0.01 -0.00 0.01 30.00 30.00 30.00 
0 0 0 55.68 0.00000000 0.00000000 0.00 0.00 0.00 0.08 0.10 -0.11 0.01 -0.01 0.00 30.00 30.00 30.00 
0 0 0 55.78 0.00000000 0.00000000 0.00 0.00 0.00 0.08 0.10 -0.13 0.03 -0.01 0.01 30.00 30.00 30.00 
0 0 0 55.88 0.00000000 0.00000000 0.00 0.00 0.00 0.08 0.10 -0.11 0.01 -0.01 0.01 30.00 30.00 30.00 
0 0 0 55.98 0.00000000 0.00000000 0.00 0.00 0.00 0.06 0.11 -0.10 0.02 -0.01 0.01 30.00 30.00 30.00 
0 0 0 56.08 0.00000000 0.00000000 0.00 0.00 0.00 0.09 0.11 -0.12 0.04 -0.01 0.00 30.00 30.00 30.00 
0 0 0 56.19 0.00000000 0.00000000 0.00 0.00 0.00 0.06 0.10 -0.07 0.00 -0.01 0.00 30.00 30.00 30.00 
0 0 0 56.29 0.00000000 0.00000000 0.00 0.00 0.00 0.06 0.10 -0.07 -0.02 -0.01 0.00 30.00 30.00 30.00 
0 0 0 56.39 0.00000000 0.00000000 0.00 0.00 0.00 0.07 0.10 -0.10 -0.01 -0.01 0.00 30.00 30.00 30.00 
0 0 0 56.49 0.00000000 0.00000000 0.00 0.00 0.00 0.07 0.10 -0.12 0.01 -0.01 0.00 30.00 30.00 30.00 
0 0 0 56.59 0.00000000 0.00000000 0.00 0.00 0.00 0.07 0.11 -0.08 0.00 -0.01 0.00 30.00 30.00 30.00 
0 0 0 56.69 0.00000000 0.00000000 0.00 0.00 0.00 0.08 0.10 -0.13 0.03 -0.01 0.01 30.00 30.00 30.00 
0 0 0 56.79 0.00000000 0.00000000 0.00 0.00 0.00 0.09 0.10 -0.17 0.04 -0.01 0.00 30.00 30.00 30.00 
0 0 0 56.89 0.00000000 0.00000000 0.00 0.00 0.00 0.08 0.10 -0.14 0.03 -0.01 0.00 30.00 30.00 30.00 
0 0 0 56.99 0.00000000 0.00000000 0.00 0.00 0.00 0.07 0.11 -0.09 0.01 -0.01 0.01 30.00 30.00 30.00 
0 0 0 57.09 0.00000000 0.00000000 0.00 0.00 0.00 0.08 0.10 -0.12 0.01 -0.01 0.01 30.00 30.00 30.00 
0 0 0 57.19 0.00000000 0.00000000 0.00 0.00 0.00 0.07 0.10 -0.09 0.01 -0.01 0.01 30.00 30.00 30.00 
0 0 0 57.29 0.00000000 0.00000000 0.00 0.00 0.00 0.06 0.11 -0.07 0.02 -0.01 0.01 30.00 30.00 30.00 
0 0 0 57.39 0.00000000 0.00000000 0.00 0.00 0.00 0.08 0.10 -0.13 0.03 -0.01 0.00 30.00 30.00 30.00 
0 0 0 57.49 0.00000000 0.00000000 0.00 0.00 0.00 0.08 0.11 -0.17 0.02 -0.01 0.01 30.00 30.00 30.00 
0 0 0 57.59 0.00000000 0.00000000 0.00 0.00 0.00 0.08 0.11 -0.11 0.00 -0.01 0.01 30.00 30.00 30.00 
0 0 0 57.70 0.00000000 0.00000000 0.00 0.00 0.00 0.07 0.10 -0.12 -0.01 -0.00 0.00 30.00 30.00 30.00 
0 0 0 57.80 0.00000000 0.00000000 0.00 0.00 0.00 0.07 0.10 -0.16 0.01 -0.01 0.00 30.00 30.00 30.00 
0 0 0 57.90 0.00000000 0.00000000 0.00 0.00 0.00 0.06 0.10 -0.08 -0.01 -0.01 0.00 30.00 30.00 30.00 
0 0 0 58.00 0.00000000 0.00000000 0.00 0.00 0.00 0.06 0.09 -0.11 -0.01 -0.01 0.00 30.00 30.00 30.00 
0 0 0 58.10 0.00000000 0.00000000 0.00 0.00 0.00 0.10 0.11 -0.13 0.05 -0.01 0.01 30.00 30.00 30.00 
0 0 0 58.20 0.00000000 0.00000000 0.00 0.00 0.00 0.08 0.10 -0.15 0.03 -0.01 0.01 30.00 30.00 30.00 
0 0 0 58.30 0.00000000 0.00000000 0.00 0.00 0.00 0.08 0.11 -0.10 0.01 -0.01 0.01 30.00 30.00 30.00 
0 0 0 58.40 0.00000000 0.00000000 0.00 0.00 0.00 0.07 0.11 -0.07 -0.00 -0.01 0.00 30.00 30.00 30.00 
0 0 0 58.50 0.00000000 0.00000000 0.00 0.00 0.00 0.08 0.09 -0.16 0.02 -0.01 0.01 30.00 30.00 30.00 
0 0 0 58.60 0.00000000 0.00000000 0.00 0.00 0.00 0.09 0.10 -0.15 0.03 -0.01 0.00 30.00 30.00 30.00 
0 0 0 58.70 0.00000000 0.00000000 0.00 0.00 0.00 0.08 0.10 -0.12 0.03 -0.01 0.01 30.00 30.00 30.00 
0 0 0 58.80 0.00000000 0.00000000 0.00 0.00 0.00 0.08 0.10 -0.08 0.04 -0.01 0.01 30.00 30.00 30.00 
0 0 0 58.90 0.00000000 0.00000000 0.00 0.00 0.00 0.09 0.12 -0.07 0.03 -0.01 0.01 30.00 30.00 30.00 
0 0 0 59.00 0.00000000 0.00000000 0.00 0.00 0.00 0.06 0.10 -0.04 -0.02 -0.00 0.00 30.00 30.00 30.00 
0 0 0 59.11 0.00000000 0.00000000 0.00 0.00 0.00 0.06 0.11 -0.02 -0.02 -0.01 0.00 30.00 30.00 30.00 
0 0 0 59.21 0.00000000 0.00000000 0.00 0.00 0.00 0.08 0.10 -0.09 0.03 -0.01 0.00 30.00 30.00 30.00 
0 0 0 59.31 0.00000000 0.00000000 0.00 0.00 0.00 0.08 0.11 -0.10 0.01 -0.01 0.01 30.00 30.00 30.00 
0 0 0 59.41 0.00000000 0.00000000 0.00 0.00 0.00 0.07 0.10 -0.08 0.01 -0.01 0.00 30.00 30.00 30.00 
0 0 0 59.51 0.00000000 0.00000000 0.00 0.00 0.00 0.08 0.10 -0.12 0.03 -0.01 0.00 30.00 30.00 30.00 
0 0 0 59.61 0.00000000 0.00000000 0.00 0.00 0.00 0.09 0.11 -0.10 0.01 -0.01 0.00 30.00 30.00 30.00 
0 0 0 59.71 0.00000000 0.00000000 0.00 0.00 0.00 0.06 0.10 -0.06 -0.02 -0.00 0.00 30.00 30.00 30.00 
0 0 0 59.81 0.00000000 0.00000000 0.00 0.00 0.00 0.07 0.11 -0.05 0.01 -0.01 0.00 30.00 30.00 30.00 
0 0 0 59.91 0.00000000 0.00000000 0.00 0.00 0.00 0.13 0.10 -0.34 0.04 -0.01 0.01 30.00 30.00 30.00 
0 0 0 60.01 0.00000000 0.00000000 0.00 0.00 0.00 0.09 0.09 -0.17 0.01 -0.01 0.00 30.00 30.00 30.00 
0 0 0 60.11 0.00000000 0.00000000 0.00 0.00 0.00 0.03 0.10 0.00 -0.06 -0.01 0.01 30.00 30.00 30.00 
0 0 0 60.21 0.00000000 0.00000000 0.00 0.00 0.00 0.06 0.11 -0.03 -0.01 -0.01 0.00 30.00 30.00 30.00 
0 0 0 60.31 0.00000000 0.00000000 0.00 0.00 0.00 0.10 0.11 -0.15 0.05 -0.01 0.00 30.00 30.00 30.00 
0 0 0 60.41 0.00000000 0.00000000 0.00 0.00 0.00 0.07 0.10 -0.10 -0.01 -0.01 0.00 30.00 30.00 30.00 
0 0 0 60.52 0.00000000 0.00000000 0.00 0.00 0.00 0.07 0.10 -0.07 -0.01 -0.00 0.00 30.00 30.00 30.00 
0 0 0 60.62 0.00000000 0.00000000 0.00 0.00 0.00 0.07 0.11 -0.04 0.01 -0.01 0.01 30.00 30.00 30.00 
0 0 0 60.72 0.00000000 0.00000000 0.00 0.00 0.00 0.08 0.11 -0.05 0.02 -0.01 0.00 30.00 30.00 30.00 
0 0 0 60.82 0.00000000 0.00000000 0.00 0.00 0.00 0.07 0.10 -0.08 0.02 -0.01 0.00 30.00 30.00 30.00 
0 0 0 60.92 0.00000000 0.00000000 0.00 0.00 0.00 0.07 0.10 -0.10 0.01 -0.01 0.01 30.00 30.00 30.00 
0 0 0 61.02 0.00000000 0.00000000 0.00 0.00 0.00 0.08 0.11 -0.07 -0.00 -0.02 0.00 30.00 30.00 30.00 
0 0 0 61.12 0.00000000 0.00000000 0.00 0.00 0.00 0.06 0.10 -0.03 -0.01 -0.00 0.00 30.00 30.00 30.00 
0 0 0 61.22 0.00000000 0.00000000 0.00 0.00 0.00 0.07 0.11 -0.04 0.03 -0.01 0.00 30.00 30.00 30.00 
0 0 0 61.32 0.00000000 0.00000000 0.00 0.00 0.00 0.07 0.10 -0.09 0.01 -0.01 0.01 30.00 30.00 30.00 
0 0 0 61.43 0.00000000 0.00000000 0.00 0.00 0.00 0.08 0.12 -0.05 0.01 -0.01 0.01 30.00 30.00 30.00 
0 0 0 61.53 0.00000000 0.00000000 0.00 0.00 0.00 0.08 0.11 -0.07 0.01 -0.01 0.01 30.00 30.00 30.00 
0 0 0 61.63 0.00000000 0.00000000 0.00 0.00 0.00 0.08 0.11 -0.04 0.01 -0.01 0.01 30.00 30.00 30.00 
0 0 0 61.73 0.00000000 0.00000000 0.00 0.00 0.00 0.07 0.09 -0.14 -0.01 -0.00 0.00 30.00 30.00 30.00 
0 0 0 61.83 0.00000000 0.00000000 0.00 0.00 0.00 0.06 0.11 -0.02 -0.01 -0.01 0.00 30.00 30.00 30.00 
0 0 0 61.93 0.00000000 0.00000000 0.00 0.00 0.00 0.07 0.10 -0.07 0.02 -0.01 0.01 30.00 30.00 30.00 
0 0 0 62.03 0.00000000 0.00000000 0.00 0.00 0.00 0.07 0.10 -0.07 0.01 -0.01 0.01 30.00 30.00 30.00 
0 0 0 62.13 0.00000000 0.00000000 0.00 0.00 0.00 0.08 0.10 -0.08 0.01 -0.01 0.00 30.00 30.00 30.00 
0 0 0 62.23 0.00000000 0.00000000 0.00 0.00 0.00 0.09 0.10 -0.14 0.03 -0.01 0.00 30.00 30.00 30.00 
0 0 0 62.33 0.00000000 0.00000000 0.00 0.00 0.00 0.08 0.10 -0.10 0.04 -0.02 0.01 30.00 30.00 30.00 
0 0 0 62.43 0.00000000 0.00000000 0.00 0.00 0.00 0.09 0.11 -0.13 0.03 -0.01 0.01 30.00 30.00 30.00 
0 0 0 62.53 0.00000000 0.00000000 0.00 0.00 0.00 0.07 0.10 -0.05 0.01 -0.00 0.00 30.00 30.00 30.00 
0 0 0 62.63 0.00000000 0.00000000 0.00 0.00 0.00 0.06 0.11 -0.02 0.00 -0.01 0.01 30.00 30.00 30.00 
0 0 0 62.73 0.00000000 0.00000000 0.00 0.00 0.00 0.08 0.11 -0.09 0.02 -0.01 0.00 30.00 30.00 30.00 
0 0 0 62.83 0.00000000 0.00000000 0.00 0.00 0.00 0.08 0.10 -0.14 0.01 -0.01 0.00 30.00 30.00 30.00 
0 0 0 62.94 0.00000000 0.00000000 0.00 0.00 0.00 0.08 0.10 -0.12 0.02 -0.01 0.01 30.00 30.00 30.00 
0 0 0 63.04 0.00000000 0.00000000 0.00 0.00 0.00 0.07 0.10 -0.09 0.01 -0.01 0.00 30.00 30.00 30.00 
0 0 0 63.14 0.00000000 0.00000000 0.00 0.00 0.00 0.06 0.10 -0.06 -0.01 -0.01 0.00 30.00 30.00 30.00 
0 0 0 63.24 0.00000000 0.00000000 0.00 0.00 0.00 0.07 0.09 -0.14 0.00 -0.00 0.00 30.00 30.00 30.00 
0 0 0 63.34 0.00000000 0.00000000 0.00 0.00 0.00 0.07 0.10 -0.08 0.01 -0.01 0.01 30.00 30.00 30.00 
0 0 0 63.44 0.00000000 0.00000000 0.00 0.00 0.00 0.08 0.10 -0.09 0.02 -0.01 0.01 30.00 30.00 30.00 
0 0 0 63.54 0.00000000 0.00000000 0.00 0.00 0.00 0.08 0.10 -0.11 0.03 -0.01 0.01 30.00 30.00 30.00 
0 0 0 63.64 0.00000000 0.00000000 0.00 0.00 0.00 0.09 0.11 -0.10 0.02 -0.01 0.01 30.00 30.00 30.00 
0 0 0 63.75 0.00000000 0.00000000 0.00 0.00 0.00 0.07 0.10 -0.08 0.03 -0.01 0.00 30.00 30.00 30.00 
0 0 0 63.85 0.00000000 0.00000000 0.00 0.00 0.00 0.07 0.10 -0.08 0.03 -0.01 0.01 30.00 30.00 30.00 
0 0 0 63.95 0.00000000 0.00000000 0.00 0.00 0.00 0.08 0.11 -0.09 0.02 -0.01 0.01 30.00 30.00 30.00 
0 0 0 64.05 0.00000000 0.00000000 0.00 0.00 0.00 0.08 0.11 -0.07 0.01 -0.01 0.01 30.00 30.00 30.00 
0 0 0 64.15 0.00000000 0.00000000 0.00 0.00 0.00 0.08 0.11 -0.03 0.02 -0.01 0.01 30.00 30.00 30.00 
0 0 0 64.25 0.00000000 0.00000000 0.00 0.00 0.00 0.09 0.10 -0.11 0.03 -0.01 0.01 30.00 30.00 30.00 
0 0 0 64.35 0.00000000 0.00000000 0.00 0.00 0.00 0.08 0.10 -0.08 0.01 -0.01 0.01 30.00 30.00 30.00 
0 0 0 64.46 0.00000000 0.00000000 0.00 0.00 0.00 0.06 0.10 -0.01 -0.00 -0.01 0.00 30.00 30.00 30.00 
0 0 0 64.56 0.00000000 0.00000000 0.00 0.00 0.00 0.06 0.10 -0.05 -0.00 -0.01 0.00 30.00 30.00 30.00 
0 0 0 64.66 0.00000000 0.00000000 0.00 0.00 0.00 0.07 0.10 -0.05 0.01 -0.01 0.00 30.00 30.00 30.00 
0 0 0 64.76 0.00000000 0.00000000 0.00 0.00 0.00 0.08 0.10 -0.09 0.02 -0.01 0.01 30.00 30.00 30.00 
0 0 0 64.86 0.00000000 0.00000000 0.00 0.00 0.00 0.08 0.11 -0.09 0.02 -0.01 0.01 30.00 30.00 30.00 
0 0 0 64.96 0.00000000 0.00000000 0.00 0.00 0.00 0.07 0.10 -0.08 -0.00 -0.01 0.00 30.00 30.00 30.00 
0 0 0 65.06 0.00000000 0.00000000 0.00 0.00 0.00 0.06 0.09 -0.07 -0.00 -0.01 0.00 30.00 30.00 30.00 
0 0 0 65.17 0.00000000 0.00000000 0.00 0.00 0.00 0.04 0.11 0.07 -0.02 -0.01 0.00 30.00 30.00 30.00 
0 0 0 65.27 0.00000000 0.00000000 0.00 0.00 0.00 0.10 0.11 -0.14 0.07 -0.02 0.01 30.00 30.00 30.00 
0 0 0 65.37 0.00000000 0.00000000 0.00 0.00 0.00 0.09 0.11 -0.10 0.06 -0.02 0.01 30.00 30.00 30.00 
0 0 0 65.47 0.00000000 0.00000000 0.00 0.00 0.00 0.08 0.10 -0.09 0.03 -0.01 0.00 30.00 30.00 30.00 
0 0 0 65.58 0.00000000 0.00000000 0.00 0.00 0.00 0.08 0.10 -0.10 0.01 -0.01 0.01 30.00 30.00 30.00 
0 0 0 65.68 0.00000000 0.00000000 0.00 0.00 0.00 0.07 0.10 -0.05 0.03 -0.01 0.01 30.00 30.00 30.00 
0 0 0 65.78 0.00000000 0.00000000 0.00 0.00 0.00 0.03 0.19 0.42 -0.01 -0.01 0.01 30.00 30.00 30.00 
0 0 0 65.88 0.00000000 0.00000000 0.00 0.00 0.00 0.08 0.10 -0.07 -0.00 -0.01 0.01 30.00 30.00 30.00 
0 0 0 65.98 0.00000000 0.00000000 0.00 0.00 0.00 0.09 0.10 -0.14 0.04 -0.01 0.01 30.00 30.00 30.00 
0 0 0 66.09 0.00000000 0.00000000 0.00 0.00 0.00 0.09 0.10 -0.11 0.01 -0.01 0.00 30.00 30.00 30.00 
0 0 0 66.19 0.00000000 0.00000000 0.00 0.00 0.00 0.08 0.10 -0.10 0.02 -0.01 0.01 30.00 30.00 30.00 
0 0 0 66.29 0.00000000 0.00000000 0.00 0.00 0.00 0.08 0.11 -0.05 0.01 -0.01 0.01 30.00 30.00 30.00 
0 0 0 66.39 0.00000000 0.00000000 0.00 0.00 0.00 0.07 0.10 -0.07 0.02 -0.01 0.00 30.00 30.00 30.00 
0 0 0 66.49 0.00000000 0.00000000 0.00 0.00 0.00 0.08 0.10 -0.10 0.02 -0.01 0.00 30.00 30.00 30.00 
0 0 0 66.60 0.00000000 0.00000000 0.00 0.00 0.00 0.08 0.10 -0.09 0.03 -0.00 0.00 30.00 30.00 30.00 
0 0 0 66.70 0.00000000 0.00000000 0.00 0.00 0.00 0.08 0.10 -0.05 0.01 -0.01 0.00 30.00 30.00 30.00 
0 0 0 66.80 0.00000000 0.00000000 0.00 0.00 0.00 0.08 0.10 -0.14 0.02 -0.01 0.01 30.00 30.00 30.00 
0 0 0 66.90 0.00000000 0.00000000 0.00 0.00 0.00 0.07 0.11 -0.04 0.01 -0.01 0.01 30.00 30.00 30.00 
0 0 0 67.00 0.00000000 0.00000000 0.00 0.00 0.00 0.08 0.10 -0.08 0.02 -0.01 0.01 30.00 30.00 30.00 
0 0 0 67.10 0.00000000 0.00000000 0.00 0.00 0.00 0.07 0.11 -0.02 0.03 -0.01 0.01 30.00 30.00 30.00 
0 0 0 67.20 0.00000000 0.00000000 0.00 0.00 0.00 0.08 0.10 -0.08 0.01 -0.01 0.01 30.00 30.00 30.00 
0 0 0 67.31 0.00000000 0.00000000 0.00 0.00 0.00 0.07 0.11 -0.07 0.00 -0.01 0.00 30.00 30.00 30.00 
0 0 0 67.42 0.00000000 0.00000000 0.00 0.00 0.00 0.08 0.10 -0.11 0.01 -0.01 0.01 30.00 30.00 30.00 
0 0 0 67.52 0.00000000 0.00000000 0.00 0.00 0.00 0.08 0.10 -0.14 0.03 -0.01 0.01 30.00 30.00 30.00 
0 0 0 67.62 0.00000000 0.00000000 0.00 0.00 0.00 0.08 0.10 -0.10 0.03 -0.01 0.01 30.00 30.00 30.00 
0 0 0 67.72 0.00000000 0.00000000 0.00 0.00 0.00 0.08 0.10 -0.12 0.02 -0.01 0.01 30.00 30.00 30.00 
0 0 0 67.82 0.00000000 0.00000000 0.00 0.00 0.00 0.08 0.10 -0.12 0.01 -0.01 0.01 30.00 30.00 30.00 
0 0 0 67.92 0.00000000 0.00000000 0.00 0.00 0.00 0.07 0.10 -0.08 0.01 -0.00 0.00 30.00 30.00 30.00 
0 0 0 68.02 0.00000000 0.00000000 0.00 0.00 0.00 0.06 0.11 -0.01 -0.01 -0.01 0.00 30.00 30.00 30.00 
0 0 0 68.13 0.00000000 0.00000000 0.00 0.00 0.00 0.07 0.11 -0.07 0.01 -0.01 0.00 30.00 30.00 30.00 
0 0 0 68.23 0.00000000 0.00000000 0.00 0.00 0.00 0.09 0.10 -0.13 0.02 -0.01 0.01 30.00 30.00 30.00 
0 0 0 68.33 0.00000000 0.00000000 0.00 0.00 0.00 0.08 0.10 -0.11 0.03 -0.01 0.01 30.00 30.00 30.00 
0 0 0 68.43 0.00000000 0.00000000 0.00 0.00 0.00 0.07 0.10 -0.09 -0.01 -0.01 0.00 30.00 30.00 30.00 
0 0 0 68.53 0.00000000 0.00000000 0.00 0.00 0.00 0.06 0.10 -0.04 -0.02 -0.00 0.00 30.00 30.00 30.00 
0 0 0 68.64 0.00000000 0.00000000 0.00 0.00 0.00 0.08 0.10 -0.09 0.01 -0.01 0.00 30.00 30.00 30.00 
0 0 0 68.74 0.00000000 0.00000000 0.00 0.00 0.00 0.08 0.11 -0.12 0.03 -0.01 0.01 30.00 30.00 30.00 
0 0 0 68.84 0.00000000 0.00000000 0.00 0.00 0.00 0.08 0.10 -0.13 0.01 -0.01 0.01 30.00 30.00 30.00 
0 0 0 68.94 0.00000000 0.00000000 0.00 0.00 0.00 0.09 0.10 -0.10 0.03 -0.01 0.01 30.00 30.00 30.00 
0 0 0 69.04 0.00000000 0.00000000 0.00 0.00 0.00 0.09 0.10 -0.13 0.05 -0.02 0.00 30.00 30.00 30.00 
0 0 0 69.15 0.00000000 0.00000000 0.00 0.00 0.00 0.07 0.11 -0.07 0.02 -0.01 0.01 30.00 30.00 30.00 
0 0 0 69.25 0.00000000 0.00000000 0.00 0.00 0.00 -0.09 0.22 0.58 -0.18 -0.02 -0.00 30.00 30.00 30.00 
0 0 0 69.36 0.00000000 0.00000000 0.00 0.00 0.00 -0.01 0.15 0.28 0.13 -0.04 0.01 30.00 30.00 30.00 
0 0 0 69.46 0.00000000 0.00000000 0.00 0.00 0.00 0.05 0.10 -0.02 -0.01 -0.00 -0.00 30.00 30.00 30.00 
0 0 0 69.56 0.00000000 0.00000000 0.00 0.00 0.00 0.04 0.12 0.09 -0.05 0.00 0.00 30.00 30.00 30.00 
0 0 0 69.66 0.00000000 0.00000000 0.00 0.00 0.00 0.05 0.12 0.07 -0.06 0.00 0.00 30.00 30.00 30.00 
0 0 0 69.76 0.00000000 0.00000000 0.00 0.00 0.00 0.07 0.08 -0.17 0.01 -0.01 0.00 30.00 30.00 30.00 
0 0 0 69.87 0.00000000 0.00000000 0.00 0.00 0.00 0.08 0.10 -0.11 0.03 -0.02 0.01 30.00 30.00 30.00 
0 0 0 69.97 0.00000000 0.00000000 0.00 0.00 0.00 0.08 0.10 -0.04 0.02 -0.02 0.01 30.00 30.00 30.00 
0 0 0 70.07 0.00000000 0.00000000 0.00 0.00 0.00 0.08 0.12 -0.04 0.02 -0.01 0.00 30.00 30.00 30.00 
0 0 0 70.20 0.00000000 0.00000000 0.00 0.00 0.00 0.08 0.11 -0.02 0.03 -0.01 0.01 30.00 30.00 30.00 
0 0 0 70.34 0.00000000 0.00000000 0.00 0.00 0.00 0.07 0.11 -0.02 0.03 -0.01 0.01 30.00 30.00 30.00 
0 0 0 70.47 0.00000000 0.00000000 0.00 0.00 0.00 0.08 0.11 -0.08 0.01 -0.01 0.01 30.00 30.00 30.00 
0 0 0 70.62 0.00000000 0.00000000 0.00 0.00 0.00 0.08 0.10 -0.09 0.01 -0.01 0.01 30.00 30.00 30.00 
0 0 0 70.73 0.00000000 0.00000000 0.00 0.00 0.00 0.09 0.11 -0.12 0.02 -0.02 0.01 30.00 30.00 30.00 
0 0 0 70.83 0.00000000 0.00000000 0.00 0.00 0.00 0.08 0.10 -0.10 0.04 -0.01 0.01 30.00 30.00 30.00 
0 0 0 70.93 0.00000000 0.00000000 0.00 0.00 0.00 0.08 0.11 -0.05 0.01 -0.01 0.01 30.00 30.00 30.00 
0 0 0 71.03 0.00000000 0.00000000 0.00 0.00 0.00 0.07 0.10 -0.08 0.01 -0.01 0.01 30.00 30.00 30.00 
0 0 0 71.13 0.00000000 0.00000000 0.00 0.00 0.00 0.07 0.11 -0.07 0.01 -0.01 0.00 30.00 30.00 30.00 
0 0 0 71.24 0.00000000 0.00000000 0.00 0.00 0.00 0.09 0.11 -0.13 0.02 -0.01 0.00 30.00 30.00 30.00 
0 0 0 71.34 0.00000000 0.00000000 0.00 0.00 0.00 0.08 0.10 -0.12 0.01 -0.01 0.00 30.00 30.00 30.00 
0 0 0 71.44 0.00000000 0.00000000 0.00 0.00 0.00 0.07 0.11 -0.05 -0.00 -0.00 0.01 30.00 30.00 30.00 
0 0 0 71.54 0.00000000 0.00000000 0.00 0.00 0.00 0.06 0.10 -0.03 0.01 -0.01 0.00 30.00 30.00 30.00 
0 0 0 71.65 0.00000000 0.00000000 0.00 0.00 0.00 0.07 0.10 -0.03 0.02 -0.01 0.00 30.00 30.00 30.00 
0 0 0 71.75 0.00000000 0.00000000 0.00 0.00 0.00 0.08 0.10 -0.07 0.02 -0.02 0.01 30.00 30.00 30.00 
0 0 0 71.85 0.00000000 0.00000000 0.00 0.00 0.00 0.09 0.10 -0.16 0.05 -0.01 0.01 30.00 30.00 30.00 
0 0 0 71.95 0.00000000 0.00000000 0.00 0.00 0.00 0.09 0.11 -0.14 0.02 -0.01 0.01 30.00 30.00 30.00 
0 0 0 72.06 0.00000000 0.00000000 0.00 0.00 0.00 0.07 0.10 -0.05 -0.01 -0.01 0.01 30.00 30.00 30.00 
0 0 0 72.16 0.00000000 0.00000000 0.00 0.00 0.00 0.06 0.10 -0.05 -0.02 -0.01 0.00 30.00 30.00 30.00 
0 0 0 72.26 0.00000000 0.00000000 0.00 0.00 0.00 0.08 0.11 -0.10 0.02 -0.01 0.00 30.00 30.00 30.00 
0 0 0 72.36 0.00000000 0.00000000 0.00 0.00 0.00 0.07 0.10 -0.06 0.00 -0.00 0.01 30.00 30.00 30.00 
0 0 0 72.47 0.00000000 0.00000000 0.00 0.00 0.00 0.07 0.10 -0.06 0.00 -0.01 0.01 30.00 30.00 30.00 
0 0 0 72.57 0.00000000 0.00000000 0.00 0.00 0.00 0.08 0.10 -0.12 0.01 -0.01 0.01 30.00 30.00 30.00 
0 0 0 72.67 0.00000000 0.00000000 0.00 0.00 0.00 0.08 0.10 -0.07 0.00 -0.01 0.01 30.00 30.00 30.00 
0 0 0 72.77 0.00000000 0.00000000 0.00 0.00 0.00 0.08 0.10 -0.11 0.02 -0.01 0.01 30.00 30.00 30.00 
0 0 0 72.87 0.00000000 0.00000000 0.00 0.00 0.00 0.09 0.10 -0.14 0.05 -0.01 0.01 30.00 30.00 30.00 
0 0 0 72.98 0.00000000 0.00000000 0.00 0.00 0.00 0.08 0.10 -0.13 0.04 -0.01 0.00 30.00 30.00 30.00 
0 0 0 73.08 0.00000000 0.00000000 0.00 0.00 0.00 0.07 0.10 -0.06 -0.00 -0.01 0.00 30.00 30.00 30.00 
0 0 0 73.18 0.00000000 0.00000000 0.00 0.00 0.00 0.06 0.11 -0.01 -0.00 -0.00 0.00 30.00 30.00 30.00 
0 0 0 73.29 0.00000000 0.00000000 0.00 0.00 0.00 0.06 0.08 -0.12 0.00 -0.01 0.00 30.00 30.00 30.00 
0 0 0 73.39 0.00000000 0.00000000 0.00 0.00 0.00 0.07 0.10 -0.10 0.00 -0.01 0.01 30.00 30.00 30.00 
0 0 0 73.49 0.00000000 0.00000000 0.00 0.00 0.00 0.09 0.10 -0.15 0.03 -0.01 0.01 30.00 30.00 30.00 
0 0 0 73.59 0.00000000 0.00000000 0.00 0.00 0.00 0.08 0.10 -0.08 0.00 -0.01 0.01 30.00 30.00 30.00 
0 0 0 73.70 0.00000000 0.00000000 0.00 0.00 0.00 0.07 0.10 -0.05 -0.01 -0.01 0.00 30.00 30.00 30.00 
0 0 0 73.80 0.00000000 0.00000000 0.00 0.00 0.00 0.06 0.10 -0.01 -0.01 -0.00 0.00 30.00 30.00 30.00 
0 0 0 73.90 0.00000000 0.00000000 0.00 0.00 0.00 0.06 0.10 -0.08 -0.01 -0.00 0.00 30.00 30.00 30.00 
0 0 0 74.00 0.00000000 0.00000000 0.00 0.00 0.00 0.11 0.10 -0.20 0.04 -0.02 0.00 30.00 30.00 30.00 
0 0 0 74.11 0.00000000 0.00000000 0.00 0.00 0.00 0.07 0.09 -0.15 -0.02 -0.00 0.00 30.00 30.00 30.00 
0 0 0 74.21 0.00000000 0.00000000 0.00 0.00 0.00 0.06 0.10 -0.03 -0.03 -0.01 0.00 30.00 30.00 30.00 
0 0 0 74.31 0.00000000 0.00000000 0.00 0.00 0.00 0.05 0.11 0.01 0.01 -0.01 0.00 30.00 30.00 30.00 
0 0 0 74.42 0.00000000 0.00000000 0.00 0.00 0.00 0.09 0.11 -0.05 0.03 -0.01 0.01 30.00 30.00 30.00 
0 0 0 74.52 0.00000000 0.00000000 0.00 0.00 0.00 0.08 0.11 -0.07 0.02 -0.01 0.01 30.00 30.00 30.00 
0 0 0 74.62 0.00000000 0.00000000 0.00 0.00 0.00 0.08 0.11 -0.06 0.02 -0.01 0.01 30.00 30.00 30.00 
0 0 0 74.72 0.00000000 0.00000000 0.00 0.00 0.00 0.09 0.11 -0.12 0.02 -0.01 0.01 30.00 30.00 30.00 
0 0 0 74.82 0.00000000 0.00000000 0.00 0.00 0.00 0.07 0.10 -0.08 -0.01 -0.00 0.00 30.00 30.00 30.00 
0 0 0 74.92 0.00000000 0.00000000 0.00 0.00 0.00 0.06 0.10 -0.05 -0.01 -0.01 0.00 30.00 30.00 30.00 
0 0 0 75.02 0.00000000 0.00000000 0.00 0.00 0.00 0.07 0.10 -0.08 0.01 -0.01 0.01 30.00 30.00 30.00 
0 0 0 75.13 0.00000000 0.00000000 0.00 0.00 0.00 0.07 0.11 -0.06 0.00 -0.01 0.00 30.00 30.00 30.00 
0 0 0 75.23 0.00000000 0.00000000 0.00 0.00 0.00 0.07 0.11 -0.04 0.02 -0.01 0.01 30.00 30.00 30.00 
0 0 0 75.33 0.00000000 0.00000000 0.00 0.00 0.00 0.09 0.10 -0.12 0.04 -0.01 0.01 30.00 30.00 30.00 
0 0 0 75.43 0.00000000 0.00000000 0.00 0.00 0.00 0.09 0.11 -0.09 -0.00 -0.01 0.00 30.00 30.00 30.00 
0 0 0 75.53 0.00000000 0.00000000 0.00 0.00 0.00 0.06 0.10 -0.03 -0.01 -0.01 0.01 30.00 30.00 30.00 
0 0 0 75.64 0.00000000 0.00000000 0.00 0.00 0.00 0.09 0.09 -0.16 0.03 -0.01 0.01 30.00 30.00 30.00 
0 0 0 75.74 0.00000000 0.00000000 0.00 0.00 0.00 0.09 0.10 -0.14 0.04 -0.01 0.01 30.00 30.00 30.00 
0 0 0 75.84 0.00000000 0.00000000 0.00 0.00 0.00 0.06 0.10 -0.05 -0.00 -0.00 0.01 30.00 30.00 30.00 
0 0 0 75.94 0.00000000 0.00000000 0.00 0.00 0.00 0.08 0.11 -0.06 0.03 -0.00 0.00 30.00 30.00 30.00 
0 0 0 76.04 0.00000000 0.00000000 0.00 0.00 0.00 0.07 0.11 -0.07 0.01 -0.01 0.00 30.00 30.00 30.00 
0 0 0 76.15 0.00000000 0.00000000 0.00 0.00 0.00 0.07 0.10 -0.07 0.00 -0.01 0.01 30.00 30.00 30.00 
0 0 0 76.25 0.00000000 0.00000000 0.00 0.00 0.00 0.10 0.09 -0.18 0.05 -0.02 0.01 30.00 30.00 30.00 
0 0 0 76.35 0.00000000 0.00000000 0.00 0.00 0.00 0.09 0.11 -0.12 0.06 -0.01 0.01 30.00 30.00 30.00 
0 0 0 76.46 0.00000000 0.00000000 0.00 0.00 0.00 0.06 0.10 -0.06 -0.01 -0.01 0.00 30.00 30.00 30.00 
0 0 0 76.56 0.00000000 0.00000000 0.00 0.00 0.00 0.07 0.11 -0.04 -0.00 -0.01 0.01 30.00 30.00 30.00 
0 0 0 76.66 0.00000000 0.00000000 0.00 0.00 0.00 0.07 0.12 0.00 0.01 -0.01 0.01 30.00 30.00 30.00 
0 0 0 76.76 0.00000000 0.00000000 0.00 0.00 0.00 0.08 0.11 -0.03 0.01 -0.02 0.01 30.00 30.00 30.00 
0 0 0 76.87 0.00000000 0.00000000 0.00 0.00 0.00 0.10 0.09 -0.19 0.05 -0.01 0.01 30.00 30.00 30.00 
0 0 0 76.97 0.00000000 0.00000000 0.00 0.00 0.00 0.11 0.11 -0.17 0.06 -0.02 0.01 30.00 30.00 30.00 
0 0 0 77.07 0.00000000 0.00000000 0.00 0.00 0.00 0.09 0.09 -0.16 -0.01 -0.01 0.01 30.00 30.00 30.00 
0 0 0 77.17 0.00000000 0.00000000 0.00 0.00 0.00 0.09 0.11 -0.10 0.04 -0.02 0.01 30.00 30.00 30.00 
0 0 0 77.27 0.00000000 0.00000000 0.00 0.00 0.00 0.08 0.10 -0.12 0.05 -0.01 0.01 30.00 30.00 30.00 
0 0 0 77.38 0.00000000 0.00000000 0.00 0.00 0.00 0.08 0.13 0.00 0.07 -0.02 0.01 30.00 30.00 30.00 
0 0 0 77.48 0.00000000 0.00000000 0.00 0.00 0.00 0.08 0.13 0.06 0.03 -0.02 0.01 30.00 30.00 30.00 
0 0 0 77.58 0.00000000 0.00000000 0.00 0.00 0.00 0.09 0.10 -0.14 0.02 -0.00 0.00 30.00 30.00 30.00 
0 0 0 77.69 0.00000000 0.00000000 0.00 0.00 0.00 0.06 0.11 0.01 -0.03 0.00 0.00 30.00 30.00 30.00 
0 0 0 77.79 0.00000000 0.00000000 0.00 0.00 0.00 0.10 0.09 -0.22 0.05 -0.02 0.01 30.00 30.00 30.00 
0 0 0 77.90 0.00000000 0.00000000 0.00 0.00 0.00 0.09 0.09 -0.17 0.03 -0.02 0.00 30.00 30.00 30.00 
0 0 0 78.00 0.00000000 0.00000000 0.00 0.00 0.00 0.06 0.10 -0.06 0.02 -0.02 0.00 30.00 30.00 30.00 
0 0 0 78.10 0.00000000 0.00000000 0.00 0.00 0.00 0.08 0.11 -0.03 0.02 -0.02 0.01 30.00 30.00 30.00 
0 0 0 78.21 0.00000000 0.00000000 0.00 0.00 0.00 0.06 0.10 -0.03 -0.01 -0.01 0.00 30.00 30.00 30.00 
0 0 0 78.31 0.00000000 0.00000000 0.00 0.00 0.00 0.05 0.10 0.02 -0.02 -0.00 0.00 30.00 30.00 30.00 
0 0 0 78.41 0.00000000 0.00000000 0.00 0.00 0.00 0.08 0.11 -0.04 0.04 -0.01 0.01 30.00 30.00 30.00 
0 0 0 78.52 0.00000000 0.00000000 0.00 0.00 0.00 0.09 0.11 -0.10 0.01 -0.01 0.00 30.00 30.00 30.00 
0 0 0 78.62 0.00000000 0.00000000 0.00 0.00 0.00 0.07 0.11 -0.03 0.02 -0.01 0.01 30.00 30.00 30.00 
0 0 0 78.72 0.00000000 0.00000000 0.00 0.00 0.00 0.05 0.10 -0.02 0.03 -0.02 0.01 30.00 30.00 30.00 
0 0 0 78.83 0.00000000 0.00000000 0.00 0.00 0.00 0.06 0.10 -0.01 -0.02 -0.01 0.00 30.00 30.00 30.00 
0 0 0 78.93 0.00000000 0.00000000 0.00 0.00 0.00 0.06 0.11 0.02 -0.02 -0.00 0.00 30.00 30.00 30.00 
0 0 0 79.03 0.00000000 0.00000000 0.00 0.00 0.00 0.09 0.09 -0.15 0.05 -0.01 0.01 30.00 30.00 30.00 
0 0 0 79.13 0.00000000 0.00000000 0.00 0.00 0.00 0.08 0.09 -0.16 0.03 -0.01 0.01 30.00 30.00 30.00 
0 0 0 79.23 0.00000000 0.00000000 0.00 0.00 0.00 0.06 0.11 -0.01 0.00 -0.01 0.00 30.00 30.00 30.00 
0 0 0 79.33 0.00000000 0.00000000 0.00 0.00 0.00 0.07 0.10 -0.07 0.01 -0.00 0.01 30.00 30.00 30.00 
0 0 0 79.43 0.00000000 0.00000000 0.00 0.00 0.00 0.08 0.11 -0.05 0.00 -0.01 0.00 30.00 30.00 30.00 
0 0 0 79.54 0.00000000 0.00000000 0.00 0.00 0.00 0.08 0.09 -0.13 0.01 -0.01 0.00 30.00 30.00 30.00 
0 0 0 79.64 0.00000000 0.00000000 0.00 0.00 0.00 0.06 0.11 -0.01 0.03 -0.01 0.00 30.00 30.00 30.00 
0 0 0 79.74 0.00000000 0.00000000 0.00 0.00 0.00 0.08 0.10 -0.08 0.05 -0.01 0.01 30.00 30.00 30.00 
0 0 0 79.85 0.00000000 0.00000000 0.00 0.00 0.00 0.07 0.10 -0.05 0.00 -0.01 0.00 30.00 30.00 30.00 
0 0 0 79.95 0.00000000 0.00000000 0.00 0.00 0.00 0.07 0.10 -0.06 0.01 -0.01 0.00 30.00 30.00 30.00 
0 0 0 80.05 0.00000000 0.00000000 0.00 0.00 0.00 0.08 0.10 -0.11 0.02 -0.01 0.01 30.00 30.00 30.00 
0 0 0 80.16 0.00000000 0.00000000 0.00 0.00 0.00 0.08 0.09 -0.13 0.01 -0.01 0.01 30.00 30.00 30.00 
0 0 0 80.26 0.00000000 0.00000000 0.00 0.00 0.00 0.08 0.10 -0.09 0.03 -0.01 0.01 30.00 30.00 30.00 
0 0 0 80.36 0.00000000 0.00000000 0.00 0.00 0.00 0.08 0.11 -0.09 0.02 -0.00 0.00 30.00 30.00 30.00 
0 0 0 80.46 0.00000000 0.00000000 0.00 0.00 0.00 0.06 0.10 0.00 -0.01 -0.01 0.00 30.00 30.00 30.00 
0 0 0 80.56 0.00000000 0.00000000 0.00 0.00 0.00 0.09 0.11 -0.10 0.04 -0.01 0.01 30.00 30.00 30.00 
0 0 0 80.67 0.00000000 0.00000000 0.00 0.00 0.00 0.08 0.11 -0.05 0.01 -0.01 0.01 30.00 30.00 30.00 
0 0 0 80.77 0.00000000 0.00000000 0.00 0.00 0.00 0.07 0.09 -0.11 0.02 -0.01 0.01 30.00 30.00 30.00 
0 0 0 80.87 0.00000000 0.00000000 0.00 0.00 0.00 0.09 0.10 -0.12 0.02 -0.01 0.00 30.00 30.00 30.00 
0 0 0 80.97 0.00000000 0.00000000 0.00 0.00 0.00 0.07 0.09 -0.08 0.00 -0.00 0.00 30.00 30.00 30.00 
0 0 0 81.08 0.00000000 0.00000000 0.00 0.00 0.00 0.07 0.09 -0.07 -0.03 -0.00 0.00 30.00 30.00 30.00 
0 0 0 81.18 0.00000000 0.00000000 0.00 0.00 0.00 0.08 0.10 -0.12 0.04 -0.01 0.01 30.00 30.00 30.00 
0 0 0 81.28 0.00000000 0.00000000 0.00 0.00 0.00 0.09 0.10 -0.14 0.03 -0.01 0.01 30.00 30.00 30.00 
0 0 0 81.38 0.00000000 0.00000000 0.00 0.00 0.00 0.07 0.11 -0.02 -0.00 -0.01 0.00 30.00 30.00 30.00 
0 0 0 81.49 0.00000000 0.00000000 0.00 0.00 0.00 0.08 0.11 -0.04 0.01 -0.01 0.01 30.00 30.00 30.00 
0 0 0 81.59 0.00000000 0.00000000 0.00 0.00 0.00 0.08 0.11 -0.05 0.02 -0.01 0.01 30.00 30.00 30.00 
0 0 0 81.69 0.00000000 0.00000000 0.00 0.00 0.00 0.06 0.11 0.00 -0.01 -0.00 0.00 30.00 30.00 30.00 
0 0 0 81.79 0.00000000 0.00000000 0.00 0.00 0.00 0.08 0.11 -0.08 0.04 -0.01 0.01 30.00 30.00 30.00 
0 0 0 81.90 0.00000000 0.00000000 0.00 0.00 0.00 0.08 0.10 -0.07 0.04 -0.01 0.00 30.00 30.00 30.00 
0 0 0 82.00 0.00000000 0.00000000 0.00 0.00 0.00 0.06 0.10 -0.06 -0.01 -0.01 0.00 30.00 30.00 30.00 
0 0 0 82.11 0.00000000 0.00000000 0.00 0.00 0.00 0.09 0.10 -0.12 0.03 -0.01 0.01 30.00 30.00 30.00 
0 0 0 82.21 0.00000000 0.00000000 0.00 0.00 0.00 0.10 0.10 -0.16 0.04 -0.01 0.01 30.00 30.00 30.00 
0 0 0 82.31 0.00000000 0.00000000 0.00 0.00 0.00 0.07 0.10 -0.07 0.01 -0.01 0.01 30.00 30.00 30.00 
0 0 0 82.41 0.00000000 0.00000000 0.00 0.00 0.00 0.09 0.11 -0.07 0.03 -0.01 0.00 30.00 30.00 30.00 
0 0 0 82.52 0.00000000 0.00000000 0.00 0.00 0.00 0.09 0.10 -0.11 0.02 -0.01 0.01 30.00 30.00 30.00 
0 0 0 82.62 0.00000000 0.00000000 0.00 0.00 0.00 0.06 0.10 -0.05 0.01 -0.01 0.00 30.00 30.00 30.00 
0 0 0 82.72 0.00000000 0.00000000 0.00 0.00 0.00 0.09 0.10 -0.13 0.02 -0.01 0.00 30.00 30.00 30.00 
0 0 0 82.82 0.00000000 0.00000000 0.00 0.00 0.00 0.08 0.09 -0.12 0.03 -0.01 0.00 30.00 30.00 30.00 
0 0 0 82.93 0.00000000 0.00000000 0.00 0.00 0.00 0.06 0.10 -0.05 -0.02 -0.01 0.00 30.00 30.00 30.00 
0 0 0 83.03 0.00000000 0.00000000 0.00 0.00 0.00 0.07 0.11 -0.06 0.01 -0.01 0.00 30.00 30.00 30.00 
0 0 0 83.13 0.00000000 0.00000000 0.00 0.00 0.00 0.06 0.10 -0.02 -0.01 -0.01 0.00 30.00 30.00 30.00 
0 0 0 83.24 0.00000000 0.00000000 0.00 0.00 0.00 0.06 0.11 -0.02 -0.02 -0.01 0.00 30.00 30.00 30.00 
0 0 0 83.34 0.00000000 0.00000000 0.00 0.00 0.00 0.06 0.10 -0.04 0.01 -0.00 0.01 30.00 30.00 30.00 
0 0 0 83.44 0.00000000 0.00000000 0.00 0.00 0.00 0.07 0.09 -0.10 0.00 -0.01 0.00 30.00 30.00 30.00 
0 0 0 83.54 0.00000000 0.00000000 0.00 0.00 0.00 0.07 0.10 -0.04 -0.02 -0.00 0.00 30.00 30.00 30.00 
0 0 0 83.65 0.00000000 0.00000000 0.00 0.00 0.00 0.08 0.10 -0.09 0.01 -0.01 0.00 30.00 30.00 30.00 
0 0 0 83.75 0.00000000 0.00000000 0.00 0.00 0.00 0.07 0.11 -0.08 -0.00 -0.01 0.01 30.00 30.00 30.00 
0 0 0 83.85 0.00000000 0.00000000 0.00 0.00 0.00 0.07 0.11 -0.03 0.01 -0.01 0.01 30.00 30.00 30.00 
0 0 0 83.96 0.00000000 0.00000000 0.00 0.00 0.00 0.07 0.10 -0.06 0.03 -0.01 0.01 30.00 30.00 30.00 
0 0 0 84.06 0.00000000 0.00000000 0.00 0.00 0.00 0.06 0.10 -0.00 -0.03 -0.00 0.01 30.00 30.00 30.00 
0 0 0 84.16 0.00000000 0.00000000 0.00 0.00 0.00 0.06 0.11 -0.94 -0.01 -0.00 0.00 30.00 30.00 30.00 
0 0 0 84.26 0.00000000 0.00000000 0.00 0.00 0.00 0.07 0.10 -0.08 0.02 -0.01 0.01 30.00 30.00 30.00 
0 0 0 84.37 0.00000000 0.00000000 0.00 0.00 0.00 0.07 0.10 -0.05 0.03 -0.01 0.01 30.00 30.00 30.00 
0 0 0 84.47 0.00000000 0.00000000 0.00 0.00 0.00 0.06 0.10 -0.04 0.01 -0.01 0.00 30.00 30.00 30.00 
0 0 0 84.57 0.00000000 0.00000000 0.00 0.00 0.00 0.08 0.10 -0.06 0.02 -0.01 0.01 30.00 30.00 30.00 
0 0 0 84.67 0.00000000 0.00000000 0.00 0.00 0.00 0.08 0.10 -0.08 0.01 -0.02 0.00 30.00 30.00 30.00 
0 0 0 84.77 0.00000000 0.00000000 0.00 0.00 0.00 0.08 0.10 -0.06 -0.00 -0.01 0.01 30.00 30.00 30.00 
0 0 0 84.87 0.00000000 0.00000000 0.00 0.00 0.00 0.05 0.10 0.00 -0.00 -0.01 0.01 30.00 30.00 30.00 
0 0 0 84.97 0.00000000 0.00000000 0.00 0.00 0.00 0.08 0.10 -0.08 0.04 -0.01 0.01 30.00 30.00 30.00 
0 0 0 85.08 0.00000000 0.00000000 0.00 0.00 0.00 0.07 0.10 -0.06 0.00 -0.01 0.00 30.00 30.00 30.00 
0 0 0 85.18 0.00000000 0.00000000 0.00 0.00 0.00 0.08 0.10 -0.10 0.02 -0.01 0.01 30.00 30.00 30.00 
0 0 0 85.28 0.00000000 0.00000000 0.00 0.00 0.00 0.09 0.10 -0.15 0.05 -0.02 0.01 30.00 30.00 30.00 
0 0 0 85.38 0.00000000 0.00000000 0.00 0.00 0.00 0.08 0.10 -0.09 -0.01 -0.01 0.01 30.00 30.00 30.00 
0 0 0 85.48 0.00000000 0.00000000 0.00 0.00 0.00 0.07 0.11 -0.06 -0.01 -0.01 0.01 30.00 30.00 30.00 
0 0 0 85.58 0.00000000 0.00000000 0.00 0.00 0.00 0.07 0.10 -0.05 0.02 -0.01 0.01 30.00 30.00 30.00 
0 0 0 85.68 0.00000000 0.00000000 0.00 0.00 0.00 0.08 0.10 -0.07 0.02 -0.02 0.01 30.00 30.00 30.00 
0 0 0 85.79 0.00000000 0.00000000 0.00 0.00 0.00 0.08 0.10 -0.08 0.01 -0.01 0.01 30.00 30.00 30.00 
0 0 0 85.89 0.00000000 0.00000000 0.00 0.00 0.00 0.09 0.10 -0.09 0.01 -0.01 0.00 30.00 30.00 30.00 
0 0 0 86.00 0.00000000 0.00000000 0.00 0.00 0.00 0.07 0.11 -0.02 -0.00 -0.01 0.01 30.00 30.00 30.00 
0 0 0 86.10 0.00000000 0.00000000 0.00 0.00 0.00 0.07 0.11 -0.05 0.01 -0.00 0.00 30.00 30.00 30.00 
0 0 0 86.20 0.00000000 0.00000000 0.00 0.00 0.00 0.09 0.10 -0.13 0.02 -0.01 0.01 30.00 30.00 30.00 
0 0 0 86.31 0.00000000 0.00000000 0.00 0.00 0.00 0.09 0.10 -0.19 0.01 -0.01 0.01 30.00 30.00 30.00 
0 0 0 86.41 0.00000000 0.00000000 0.00 0.00 0.00 0.07 0.10 -0.06 0.01 -0.01 0.00 30.00 30.00 30.00 
0 0 0 86.51 0.00000000 0.00000000 0.00 0.00 0.00 0.07 0.11 -0.01 0.02 -0.01 0.01 30.00 30.00 30.00 
0 0 0 86.61 0.00000000 0.00000000 0.00 0.00 0.00 0.08 0.11 -0.06 -0.00 -0.01 0.01 30.00 30.00 30.00 
