0 0 0 0 0 0 1.58 0 0.00000000 0.00000000 0.00 0.00 0.00 0.00 0.00 0.00 
0 0 0 0 0 0 1.67 0 0.00000000 0.00000000 0.00 0.00 0.00 0.00 0.00 0.00 
0 0 0 0 0 0 1.69 0 0.00000000 0.00000000 0.00 0.00 0.00 0.00 0.00 0.00 
0 0 0 0 0 0 1.71 0 0.00000000 0.00000000 0.00 0.00 0.00 0.00 0.00 0.00 
0 0 0 0 0 0 1.74 0 0.00000000 0.00000000 0.00 0.00 0.00 0.00 0.00 0.00 
0 0 0 0 0 0 1.76 0 0.00000000 0.00000000 0.00 0.00 0.00 0.00 0.00 0.00 
0 0 0 0 0 0 1.78 0 0.00000000 0.00000000 0.00 0.00 0.00 0.00 0.00 0.00 
0 0 0 0 0 0 1.80 0 0.00000000 0.00000000 0.00 0.00 0.00 0.00 0.00 0.00 
0 0 0 0 0 0 1.83 0 0.00000000 0.00000000 0.00 0.00 0.00 0.00 0.00 0.00 
0 0 0 0 0 0 1.85 0 0.00000000 0.00000000 0.00 0.00 0.00 0.00 0.00 0.00 
0 0 0 0 0 0 1.87 0 0.00000000 0.00000000 0.00 0.00 0.00 0.00 0.00 0.00 
0 0 0 0 0 0 1.90 0 0.00000000 0.00000000 0.00 0.00 0.00 0.00 0.00 0.00 
0 0 0 0 0 0 1.92 0 0.00000000 0.00000000 0.00 0.00 0.00 0.00 0.00 0.00 
0 0 0 0 0 0 1.94 0 0.00000000 0.00000000 0.00 0.00 0.00 0.00 0.00 0.00 
0 0 0 0 0 0 1.96 0 0.00000000 0.00000000 0.00 0.00 0.00 0.00 0.00 0.00 
0 0 0 0 0 0 1.99 0 0.00000000 0.00000000 0.00 0.00 0.00 0.00 0.00 0.00 
0 0 0 0 0 0 2.02 0 0.00000000 0.00000000 0.00 0.00 0.00 55.19 42.35 90.00 
0 0 0 0 0 0 2.04 0 0.00000000 0.00000000 0.00 0.00 0.00 55.19 42.35 90.00 
0 0 0 0 0 0 2.06 0 0.00000000 0.00000000 0.00 0.00 0.00 55.19 42.35 90.00 
0 0 0 0 0 0 2.09 0 0.00000000 0.00000000 0.00 0.00 0.00 55.19 42.35 90.00 
0 0 0 0 0 0 2.11 0 0.00000000 0.00000000 0.00 0.00 0.00 55.19 42.35 90.00 
0 0 0 0 0 0 2.13 0 0.00000000 0.00000000 0.00 0.00 0.00 55.19 42.35 90.00 
0 0 0 0 0 0 2.16 0 0.00000000 0.00000000 0.00 0.00 0.00 55.19 42.35 90.00 
0 0 0 0 0 0 2.18 0 0.00000000 0.00000000 0.00 0.00 0.00 55.19 42.35 90.00 
0 0 0 0 0 0 2.20 0 0.00000000 0.00000000 0.00 0.00 0.00 55.19 42.35 90.00 
0 0 0 0 0 0 2.23 0 0.00000000 0.00000000 0.00 0.00 0.00 55.19 42.35 90.00 
0 0 0 0 0 0 2.25 0 0.00000000 0.00000000 0.00 0.00 0.00 55.19 42.35 90.00 
0 0 0 0 0 0 2.27 0 0.00000000 0.00000000 0.00 0.00 0.00 55.19 42.35 90.00 
0 0 0 0 0 0 2.30 0 0.00000000 0.00000000 0.00 0.00 0.00 55.19 42.35 90.00 
0 0 0 0 0 0 2.32 0 0.00000000 0.00000000 0.00 0.00 0.00 55.19 42.35 90.00 
0 0 0 0 0 0 2.34 0 0.00000000 0.00000000 0.00 0.00 0.00 55.19 42.35 90.00 
0 0 0 0 0 0 2.37 0 0.00000000 0.00000000 0.00 0.00 0.00 55.19 42.35 90.00 
0 0 0 0 0 0 2.40 0 0.00000000 0.00000000 0.00 0.00 0.00 55.19 42.35 90.00 
0 0 0 0 0 0 2.44 0 0.00000000 0.00000000 0.00 0.00 0.00 55.19 42.35 90.00 
0 0 0 0 0 0 2.46 0 0.00000000 0.00000000 0.00 0.00 0.00 55.19 42.35 90.00 
0 0 0 0 0 0 2.49 0 0.00000000 0.00000000 0.00 0.00 0.00 55.19 42.35 90.00 
0 0 0 0 0 0 2.51 0 0.00000000 0.00000000 0.00 0.00 0.00 55.19 42.35 90.00 
0 0 0 0 0 0 2.53 0 0.00000000 0.00000000 0.00 0.00 0.00 55.19 42.35 90.00 
0 0 0 0 0 0 2.55 0 0.00000000 0.00000000 0.00 0.00 0.00 55.19 42.35 90.00 
0 0 0 0 0 0 2.58 0 0.00000000 0.00000000 0.00 0.00 0.00 55.19 42.35 90.00 
0 0 0 0 0 0 2.60 0 0.00000000 0.00000000 0.00 0.00 0.00 55.19 42.35 90.00 
0 0 0 0 0 0 2.62 0 0.00000000 0.00000000 0.00 0.00 0.00 55.19 42.35 90.00 
0 0 0 0 0 0 2.65 0 0.00000000 0.00000000 0.00 0.00 0.00 55.19 42.35 90.00 
0 0 0 0 0 0 2.67 0 0.00000000 0.00000000 0.00 0.00 0.00 55.19 42.35 90.00 
0 0 0 0 0 0 2.70 0 0.00000000 0.00000000 0.00 0.00 0.00 55.19 42.35 90.00 
0 0 0 0 0 0 2.72 0 0.00000000 0.00000000 0.00 0.00 0.00 55.19 42.35 90.00 
0 0 0 0 0 0 2.74 0 0.00000000 0.00000000 0.00 0.00 0.00 55.19 42.35 90.00 
0 0 0 0 0 0 2.76 0 0.00000000 0.00000000 0.00 0.00 0.00 55.19 42.35 90.00 
0 0 0 0 0 0 2.79 0 0.00000000 0.00000000 0.00 0.00 0.00 55.19 42.35 90.00 
0 0 0 0 0 0 2.81 0 0.00000000 0.00000000 0.00 0.00 0.00 55.19 42.35 90.00 
0 0 0 0 0 0 2.84 0 0.00000000 0.00000000 0.00 0.00 0.00 55.19 42.35 90.00 
0 0 0 0 0 0 2.86 0 0.00000000 0.00000000 0.00 0.00 0.00 55.19 42.35 90.00 
0 0 0 0 0 0 2.88 0 0.00000000 0.00000000 0.00 0.00 0.00 55.19 42.35 90.00 
0 0 0 0 0 0 2.91 0 0.00000000 0.00000000 0.00 0.00 0.00 55.19 42.35 90.00 
0 0 0 0 0 0 2.93 0 0.00000000 0.00000000 0.00 0.00 0.00 55.19 42.35 90.00 
0 0 0 0 0 0 2.95 0 0.00000000 0.00000000 0.00 0.00 0.00 55.19 42.35 90.00 
0 0 0 0 0 0 2.99 0 0.00000000 0.00000000 0.00 0.00 0.00 55.19 42.35 90.00 
0 0 0 0 0 0 3.02 0 0.00000000 0.00000000 0.00 0.00 0.00 48.66 47.71 90.00 
0 0 0 0 0 0 3.04 0 0.00000000 0.00000000 0.00 0.00 0.00 48.66 47.71 90.00 
0 0 0 0 0 0 3.06 0 0.00000000 0.00000000 0.00 0.00 0.00 48.66 47.71 90.00 
0 0 0 0 0 0 3.09 0 0.00000000 0.00000000 0.00 0.00 0.00 48.66 47.71 90.00 
0 0 0 0 0 0 3.11 0 0.00000000 0.00000000 0.00 0.00 0.00 48.66 47.71 90.00 
0 0 0 0 0 0 3.13 0 0.00000000 0.00000000 0.00 0.00 0.00 48.66 47.71 90.00 
0 0 0 0 0 0 3.17 0 0.00000000 0.00000000 0.00 0.00 0.00 48.66 47.71 90.00 
0 0 0 0 0 0 3.30 0 0.00000000 0.00000000 0.00 0.00 0.00 48.66 47.71 90.00 
0 0 0 0 0 0 3.42 0 0.00000000 0.00000000 0.00 0.00 0.00 48.66 47.71 90.00 
0 0 0 0 0 0 3.55 0 0.00000000 0.00000000 0.00 0.00 0.00 48.66 47.71 90.00 
0 0 0 0 0 0 3.67 0 0.00000000 0.00000000 0.00 0.00 0.00 48.66 47.71 90.00 
0 0 0 0 0 0 3.75 0 0.00000000 0.00000000 0.00 0.00 0.00 48.66 47.71 90.00 
0 0 0 0 0 0 3.78 0 0.00000000 0.00000000 0.00 0.00 0.00 48.66 47.71 90.00 
0 0 0 0 0 0 3.80 0 0.00000000 0.00000000 0.00 0.00 0.00 48.66 47.71 90.00 
0 0 0 0 0 0 3.83 0 0.00000000 0.00000000 0.00 0.00 0.00 48.66 47.71 90.00 
0 0 0 0 0 0 3.85 0 0.00000000 0.00000000 0.00 0.00 0.00 48.66 47.71 90.00 
0 0 0 0 0 0 3.87 0 0.00000000 0.00000000 0.00 0.00 0.00 48.66 47.71 90.00 
0 0 0 0 0 0 3.89 0 0.00000000 0.00000000 0.00 0.00 0.00 48.66 47.71 90.00 
0 0 0 0 0 0 3.92 0 0.00000000 0.00000000 0.00 0.00 0.00 48.66 47.71 90.00 
0 0 0 0 0 0 3.94 0 0.00000000 0.00000000 0.00 0.00 0.00 48.66 47.71 90.00 
0 0 0 0 0 0 3.97 0 0.00000000 0.00000000 0.00 0.00 0.00 48.66 47.71 90.00 
0 0 0 0 0 0 3.99 0 0.00000000 0.00000000 0.00 0.00 0.00 48.66 47.71 90.00 
0 0 0 0 0 0 4.02 0 0.00000000 0.00000000 0.00 0.00 0.00 61.42 44.59 90.00 
0 0 0 0 0 0 4.04 0 0.00000000 0.00000000 0.00 0.00 0.00 61.42 44.59 90.00 
0 0 0 0 0 0 4.06 0 0.00000000 0.00000000 0.00 0.00 0.00 61.42 44.59 90.00 
0 0 0 0 0 0 4.09 0 0.00000000 0.00000000 0.00 0.00 0.00 61.42 44.59 90.00 
0 0 0 0 0 0 4.11 0 0.00000000 0.00000000 0.00 0.00 0.00 61.42 44.59 90.00 
0 0 0 0 0 0 4.14 0 0.00000000 0.00000000 0.00 0.00 0.00 61.42 44.59 90.00 
0 0 0 0 0 0 4.16 0 0.00000000 0.00000000 0.00 0.00 0.00 61.42 44.59 90.00 
0 0 0 0 0 0 4.18 0 0.00000000 0.00000000 0.00 0.00 0.00 61.42 44.59 90.00 
0 0 0 0 0 0 4.20 0 0.00000000 0.00000000 0.00 0.00 0.00 61.42 44.59 90.00 
0 0 0 0 0 0 4.23 0 0.00000000 0.00000000 0.00 0.00 0.00 61.42 44.59 90.00 
0 0 0 0 0 0 4.25 0 0.00000000 0.00000000 0.00 0.00 0.00 61.42 44.59 90.00 
0 0 0 0 0 0 4.28 0 0.00000000 0.00000000 0.00 0.00 0.00 61.42 44.59 90.00 
0 0 0 0 0 0 4.31 0 0.00000000 0.00000000 0.00 0.00 0.00 61.42 44.59 90.00 
0 0 0 0 0 0 4.34 0 0.00000000 0.00000000 0.00 0.00 0.00 61.42 44.59 90.00 
0 0 0 0 0 0 4.37 0 0.00000000 0.00000000 0.00 0.00 0.00 61.42 44.59 90.00 
0 0 0 0 0 0 4.39 0 0.00000000 0.00000000 0.00 0.00 0.00 61.42 44.59 90.00 
0 0 0 0 0 0 4.41 0 0.00000000 0.00000000 0.00 0.00 0.00 61.42 44.59 90.00 
0 0 0 0 0 0 4.44 0 0.00000000 0.00000000 0.00 0.00 0.00 61.42 44.59 90.00 
0 0 0 0 0 0 4.46 0 0.00000000 0.00000000 0.00 0.00 0.00 61.42 44.59 90.00 
0 0 0 0 0 0 4.49 0 0.00000000 0.00000000 0.00 0.00 0.00 61.42 44.59 90.00 
0 0 0 0 0 0 4.51 0 0.00000000 0.00000000 0.00 0.00 0.00 61.42 44.59 90.00 
0 0 0 0 0 0 4.53 0 0.00000000 0.00000000 0.00 0.00 0.00 61.42 44.59 90.00 
0 0 0 0 0 0 4.55 0 0.00000000 0.00000000 0.00 0.00 0.00 61.42 44.59 90.00 
0 0 0 0 0 0 4.58 0 0.00000000 0.00000000 0.00 0.00 0.00 61.42 44.59 90.00 
0 0 0 0 0 0 4.60 0 0.00000000 0.00000000 0.00 0.00 0.00 61.42 44.59 90.00 
0 0 0 0 0 0 4.63 0 0.00000000 0.00000000 0.00 0.00 0.00 61.42 44.59 90.00 
0 0 0 0 0 0 4.65 0 0.00000000 0.00000000 0.00 0.00 0.00 61.42 44.59 90.00 
0 0 0 0 0 0 4.67 0 0.00000000 0.00000000 0.00 0.00 0.00 61.42 44.59 90.00 
0 0 0 0 0 0 4.70 0 0.00000000 0.00000000 0.00 0.00 0.00 61.42 44.59 90.00 
0 0 0 0 0 0 4.72 0 0.00000000 0.00000000 0.00 0.00 0.00 61.42 44.59 90.00 
0 0 0 0 0 0 4.74 0 0.00000000 0.00000000 0.00 0.00 0.00 61.42 44.59 90.00 
0 0 0 0 0 0 4.78 0 0.00000000 0.00000000 0.00 0.00 0.00 61.42 44.59 90.00 
0 0 0 0 0 0 4.80 0 0.00000000 0.00000000 0.00 0.00 0.00 61.42 44.59 90.00 
0 0 0 0 0 0 4.82 0 0.00000000 0.00000000 0.00 0.00 0.00 61.42 44.59 90.00 
0 0 0 0 0 0 4.85 0 0.00000000 0.00000000 0.00 0.00 0.00 61.42 44.59 90.00 
0 0 0 0 0 0 4.87 0 0.00000000 0.00000000 0.00 0.00 0.00 61.42 44.59 90.00 
0 0 0 0 0 0 4.89 0 0.00000000 0.00000000 0.00 0.00 0.00 61.42 44.59 90.00 
0 0 0 0 0 0 4.92 0 0.00000000 0.00000000 0.00 0.00 0.00 61.42 44.59 90.00 
0 0 0 0 0 0 4.94 0 0.00000000 0.00000000 0.00 0.00 0.00 61.42 44.59 90.00 
0 0 0 0 0 0 4.97 0 0.00000000 0.00000000 0.00 0.00 0.00 61.42 44.59 90.00 
0 0 0 0 0 0 4.99 0 0.00000000 0.00000000 0.00 0.00 0.00 61.42 44.59 90.00 
0 0 0 0 0 0 5.02 0 0.00000000 0.00000000 0.00 0.00 0.00 54.67 45.04 90.00 
0 0 0 0 0 0 5.04 0 0.00000000 0.00000000 0.00 0.00 0.00 54.67 45.04 90.00 
0 0 0 0 0 0 5.06 0 0.00000000 0.00000000 0.00 0.00 0.00 54.67 45.04 90.00 
0 0 0 0 0 0 5.09 0 0.00000000 0.00000000 0.00 0.00 0.00 54.67 45.04 90.00 
0 0 0 0 0 0 5.11 0 0.00000000 0.00000000 0.00 0.00 0.00 54.67 45.04 90.00 
0 0 0 0 0 0 5.13 0 0.00000000 0.00000000 0.00 0.00 0.00 54.67 45.04 90.00 
0 0 0 0 0 0 5.16 0 0.00000000 0.00000000 0.00 0.00 0.00 54.67 45.04 90.00 
0 0 0 0 0 0 5.18 0 0.00000000 0.00000000 0.00 0.00 0.00 54.67 45.04 90.00 
0 0 0 0 0 0 5.20 0 0.00000000 0.00000000 0.00 0.00 0.00 54.67 45.04 90.00 
0 0 0 0 0 0 5.23 0 0.00000000 0.00000000 0.00 0.00 0.00 54.67 45.04 90.00 
0 0 0 0 0 0 5.25 0 0.00000000 0.00000000 0.00 0.00 0.00 54.67 45.04 90.00 
0 0 0 0 0 0 5.28 0 0.00000000 0.00000000 0.00 0.00 0.00 54.67 45.04 90.00 
0 0 0 0 0 0 5.30 0 0.00000000 0.00000000 0.00 0.00 0.00 54.67 45.04 90.00 
0 0 0 0 0 0 5.32 0 0.00000000 0.00000000 0.00 0.00 0.00 54.67 45.04 90.00 
0 0 0 0 0 0 5.34 0 0.00000000 0.00000000 0.00 0.00 0.00 54.67 45.04 90.00 
0 0 0 0 0 0 5.37 0 0.00000000 0.00000000 0.00 0.00 0.00 54.67 45.04 90.00 
0 0 0 0 0 0 5.39 0 0.00000000 0.00000000 0.00 0.00 0.00 54.67 45.04 90.00 
0 0 0 0 0 0 5.41 0 0.00000000 0.00000000 0.00 0.00 0.00 54.67 45.04 90.00 
0 0 0 0 0 0 5.44 0 0.00000000 0.00000000 0.00 0.00 0.00 54.67 45.04 90.00 
0 0 0 0 0 0 5.46 0 0.00000000 0.00000000 0.00 0.00 0.00 54.67 45.04 90.00 
0 0 0 0 0 0 5.49 0 0.00000000 0.00000000 0.00 0.00 0.00 54.67 45.04 90.00 
0 0 0 0 0 0 5.51 0 0.00000000 0.00000000 0.00 0.00 0.00 54.67 45.04 90.00 
0 0 0 0 0 0 5.53 0 0.00000000 0.00000000 0.00 0.00 0.00 54.67 45.04 90.00 
0 0 0 0 0 0 5.55 0 0.00000000 0.00000000 0.00 0.00 0.00 54.67 45.04 90.00 
0 0 0 0 0 0 5.58 0 0.00000000 0.00000000 0.00 0.00 0.00 54.67 45.04 90.00 
0 0 0 0 0 0 5.60 0 0.00000000 0.00000000 0.00 0.00 0.00 54.67 45.04 90.00 
0 0 0 0 0 0 5.62 0 0.00000000 0.00000000 0.00 0.00 0.00 54.67 45.04 90.00 
0 0 0 0 0 0 5.64 0 0.00000000 0.00000000 0.00 0.00 0.00 54.67 45.04 90.00 
0 0 0 0 0 0 5.67 0 0.00000000 0.00000000 0.00 0.00 0.00 54.67 45.04 90.00 
0 0 0 0 0 0 5.69 0 0.00000000 0.00000000 0.00 0.00 0.00 54.67 45.04 90.00 
0 0 0 0 0 0 5.71 0 0.00000000 0.00000000 0.00 0.00 0.00 54.67 45.04 90.00 
0 0 0 0 0 0 5.76 0 0.00000000 0.00000000 0.00 0.00 0.00 54.67 45.04 90.00 
0 0 0 0 0 0 5.78 0 0.00000000 0.00000000 0.00 0.00 0.00 54.67 45.04 90.00 
0 0 0 0 0 0 5.81 0 0.00000000 0.00000000 0.00 0.00 0.00 54.67 45.04 90.00 
0 0 0 0 0 0 5.83 0 0.00000000 0.00000000 0.00 0.00 0.00 54.67 45.04 90.00 
0 0 0 0 0 0 5.85 0 0.00000000 0.00000000 0.00 0.00 0.00 54.67 45.04 90.00 
0 0 0 0 0 0 5.88 0 0.00000000 0.00000000 0.00 0.00 0.00 54.67 45.04 90.00 
0 0 0 0 0 0 5.90 0 0.00000000 0.00000000 0.00 0.00 0.00 54.67 45.04 90.00 
0 0 0 0 0 0 5.92 0 0.00000000 0.00000000 0.00 0.00 0.00 54.67 45.04 90.00 
0 0 0 0 0 0 5.95 0 0.00000000 0.00000000 0.00 0.00 0.00 54.67 45.04 90.00 
0 0 0 0 0 0 5.97 0 0.00000000 0.00000000 0.00 0.00 0.00 54.67 45.04 90.00 
0 0 0 0 0 0 5.99 0 0.00000000 0.00000000 0.00 0.00 0.00 54.67 45.04 90.00 
0 0 0 0 0 0 6.02 0 0.00000000 0.00000000 0.00 0.00 0.00 55.67 50.13 90.00 
0 0 0 0 0 0 6.04 0 0.00000000 0.00000000 0.00 0.00 0.00 55.67 50.13 90.00 
0 0 0 0 0 0 6.07 0 0.00000000 0.00000000 0.00 0.00 0.00 55.67 50.13 90.00 
0 0 0 0 0 0 6.10 0 0.00000000 0.00000000 0.00 0.00 0.00 55.67 50.13 90.00 
0 0 0 0 0 0 6.13 0 0.00000000 0.00000000 0.00 0.00 0.00 55.67 50.13 90.00 
0 0 0 0 0 0 6.15 0 0.00000000 0.00000000 0.00 0.00 0.00 55.67 50.13 90.00 
0 0 0 0 0 0 6.17 0 0.00000000 0.00000000 0.00 0.00 0.00 55.67 50.13 90.00 
0 0 0 0 0 0 6.20 0 0.00000000 0.00000000 0.00 0.00 0.00 55.67 50.13 90.00 
0 0 0 0 0 0 6.22 0 0.00000000 0.00000000 0.00 0.00 0.00 55.67 50.13 90.00 
0 0 0 0 0 0 6.24 0 0.00000000 0.00000000 0.00 0.00 0.00 55.67 50.13 90.00 
0 0 0 0 0 0 6.27 0 0.00000000 0.00000000 0.00 0.00 0.00 55.67 50.13 90.00 
0 0 0 0 0 0 6.29 0 0.00000000 0.00000000 0.00 0.00 0.00 55.67 50.13 90.00 
0 0 0 0 0 0 6.31 0 0.00000000 0.00000000 0.00 0.00 0.00 55.67 50.13 90.00 
0 0 0 0 0 0 6.34 0 0.00000000 0.00000000 0.00 0.00 0.00 55.67 50.13 90.00 
0 0 0 0 0 0 6.36 0 0.00000000 0.00000000 0.00 0.00 0.00 55.67 50.13 90.00 
0 0 0 0 0 0 6.38 0 0.00000000 0.00000000 0.00 0.00 0.00 55.67 50.13 90.00 
0 0 0 0 0 0 6.41 0 0.00000000 0.00000000 0.00 0.00 0.00 55.67 50.13 90.00 
0 0 0 0 0 0 6.43 0 0.00000000 0.00000000 0.00 0.00 0.00 55.67 50.13 90.00 
0 0 0 0 0 0 6.46 0 0.00000000 0.00000000 0.00 0.00 0.00 55.67 50.13 90.00 
0 0 0 0 0 0 6.48 0 0.00000000 0.00000000 0.00 0.00 0.00 55.67 50.13 90.00 
0 0 0 0 0 0 6.50 0 0.00000000 0.00000000 0.00 0.00 0.00 55.67 50.13 90.00 
0 0 0 0 0 0 6.52 0 0.00000000 0.00000000 0.00 0.00 0.00 55.67 50.13 90.00 
0 0 0 0 0 0 6.55 0 0.00000000 0.00000000 0.00 0.00 0.00 55.67 50.13 90.00 
0 0 0 0 0 0 6.57 0 0.00000000 0.00000000 0.00 0.00 0.00 55.67 50.13 90.00 
0 0 0 0 0 0 6.60 0 0.00000000 0.00000000 0.00 0.00 0.00 55.67 50.13 90.00 
0 0 0 0 0 0 6.62 0 0.00000000 0.00000000 0.00 0.00 0.00 55.67 50.13 90.00 
0 0 0 0 0 0 6.64 0 0.00000000 0.00000000 0.00 0.00 0.00 55.67 50.13 90.00 
0 0 0 0 0 0 6.67 0 0.00000000 0.00000000 0.00 0.00 0.00 55.67 50.13 90.00 
0 0 0 0 0 0 6.69 0 0.00000000 0.00000000 0.00 0.00 0.00 55.67 50.13 90.00 
0 0 0 0 0 0 6.71 0 0.00000000 0.00000000 0.00 0.00 0.00 55.67 50.13 90.00 
0 0 0 0 0 0 6.74 0 0.00000000 0.00000000 0.00 0.00 0.00 55.67 50.13 90.00 
0 0 0 0 0 0 6.76 0 0.00000000 0.00000000 0.00 0.00 0.00 55.67 50.13 90.00 
0 0 0 0 0 0 6.78 0 0.00000000 0.00000000 0.00 0.00 0.00 55.67 50.13 90.00 
0 0 0 0 0 0 6.81 0 0.00000000 0.00000000 0.00 0.00 0.00 55.67 50.13 90.00 
0 0 0 0 0 0 6.83 0 0.00000000 0.00000000 0.00 0.00 0.00 55.67 50.13 90.00 
0 0 0 0 0 0 6.85 0 0.00000000 0.00000000 0.00 0.00 0.00 55.67 50.13 90.00 
0 0 0 0 0 0 6.88 0 0.00000000 0.00000000 0.00 0.00 0.00 55.67 50.13 90.00 
0 0 0 0 0 0 6.90 0 0.00000000 0.00000000 0.00 0.00 0.00 55.67 50.13 90.00 
0 0 0 0 0 0 6.93 0 0.00000000 0.00000000 0.00 0.00 0.00 55.67 50.13 90.00 
0 0 0 0 0 0 6.95 0 0.00000000 0.00000000 0.00 0.00 0.00 55.67 50.13 90.00 
0 0 0 0 0 0 6.97 0 0.00000000 0.00000000 0.00 0.00 0.00 55.67 50.13 90.00 
0 0 0 0 0 0 6.99 0 0.00000000 0.00000000 0.00 0.00 0.00 55.67 50.13 90.00 
0 0 0 0 0 0 7.02 0 0.00000000 0.00000000 0.00 0.00 0.00 55.94 52.33 90.00 
0 0 0 0 0 0 7.05 0 0.00000000 0.00000000 0.00 0.00 0.00 55.94 52.33 90.00 
0 0 0 0 0 0 7.07 0 0.00000000 0.00000000 0.00 0.00 0.00 55.94 52.33 90.00 
0 0 0 0 0 0 7.09 0 0.00000000 0.00000000 0.00 0.00 0.00 55.94 52.33 90.00 
0 0 0 0 0 0 7.12 0 0.00000000 0.00000000 0.00 0.00 0.00 55.94 52.33 90.00 
0 0 0 0 0 0 7.15 0 0.00000000 0.00000000 0.00 0.00 0.00 55.94 52.33 90.00 
0 0 0 0 0 0 7.18 0 0.00000000 0.00000000 0.00 0.00 0.00 55.94 52.33 90.00 
0 0 0 0 0 0 7.21 0 0.00000000 0.00000000 0.00 0.00 0.00 55.94 52.33 90.00 
0 0 0 0 0 0 7.23 0 0.00000000 0.00000000 0.00 0.00 0.00 55.94 52.33 90.00 
0 0 0 0 0 0 7.26 0 0.00000000 0.00000000 0.00 0.00 0.00 55.94 52.33 90.00 
0 0 0 0 0 0 7.28 0 0.00000000 0.00000000 0.00 0.00 0.00 55.94 52.33 90.00 
0 0 0 0 0 0 7.30 0 0.00000000 0.00000000 0.00 0.00 0.00 55.94 52.33 90.00 
0 0 0 0 0 0 7.32 0 0.00000000 0.00000000 0.00 0.00 0.00 55.94 52.33 90.00 
0 0 0 0 0 0 7.35 0 0.00000000 0.00000000 0.00 0.00 0.00 55.94 52.33 90.00 
0 0 0 0 0 0 7.37 0 0.00000000 0.00000000 0.00 0.00 0.00 55.94 52.33 90.00 
0 0 0 0 0 0 7.39 0 0.00000000 0.00000000 0.00 0.00 0.00 55.94 52.33 90.00 
0 0 0 0 0 0 7.43 0 0.00000000 0.00000000 0.00 0.00 0.00 55.94 52.33 90.00 
0 0 0 0 0 0 7.45 0 0.00000000 0.00000000 0.00 0.00 0.00 55.94 52.33 90.00 
0 0 0 0 0 0 7.48 0 0.00000000 0.00000000 0.00 0.00 0.00 55.94 52.33 90.00 
0 0 0 0 0 0 7.50 0 0.00000000 0.00000000 0.00 0.00 0.00 55.94 52.33 90.00 
0 0 0 0 0 0 7.52 0 0.00000000 0.00000000 0.00 0.00 0.00 55.94 52.33 90.00 
0 0 0 0 0 0 7.55 0 0.00000000 0.00000000 0.00 0.00 0.00 55.94 52.33 90.00 
0 0 0 0 0 0 7.57 0 0.00000000 0.00000000 0.00 0.00 0.00 55.94 52.33 90.00 
0 0 0 0 0 0 7.59 0 0.00000000 0.00000000 0.00 0.00 0.00 55.94 52.33 90.00 
0 0 0 0 0 0 7.62 0 0.00000000 0.00000000 0.00 0.00 0.00 55.94 52.33 90.00 
0 0 0 0 0 0 7.64 0 0.00000000 0.00000000 0.00 0.00 0.00 55.94 52.33 90.00 
0 0 0 0 0 0 7.66 0 0.00000000 0.00000000 0.00 0.00 0.00 55.94 52.33 90.00 
0 0 0 0 0 0 7.69 0 0.00000000 0.00000000 0.00 0.00 0.00 55.94 52.33 90.00 
0 0 0 0 0 0 7.71 0 0.00000000 0.00000000 0.00 0.00 0.00 55.94 52.33 90.00 
0 0 0 0 0 0 7.74 0 0.00000000 0.00000000 0.00 0.00 0.00 55.94 52.33 90.00 
0 0 0 0 0 0 7.76 0 0.00000000 0.00000000 0.00 0.00 0.00 55.94 52.33 90.00 
0 0 0 0 0 0 7.78 0 0.00000000 0.00000000 0.00 0.00 0.00 55.94 52.33 90.00 
0 0 0 0 0 0 7.80 0 0.00000000 0.00000000 0.00 0.00 0.00 55.94 52.33 90.00 
0 0 0 0 0 0 7.83 0 0.00000000 0.00000000 0.00 0.00 0.00 55.94 52.33 90.00 
0 0 0 0 0 0 7.85 0 0.00000000 0.00000000 0.00 0.00 0.00 55.94 52.33 90.00 
0 0 0 0 0 0 7.87 0 0.00000000 0.00000000 0.00 0.00 0.00 55.94 52.33 90.00 
0 0 0 0 0 0 7.90 0 0.00000000 0.00000000 0.00 0.00 0.00 55.94 52.33 90.00 
0 0 0 0 0 0 7.92 0 0.00000000 0.00000000 0.00 0.00 0.00 55.94 52.33 90.00 
0 0 0 0 0 0 7.95 0 0.00000000 0.00000000 0.00 0.00 0.00 55.94 52.33 90.00 
0 0 0 0 0 0 7.97 0 0.00000000 0.00000000 0.00 0.00 0.00 55.94 52.33 90.00 
0 0 0 0 0 0 7.99 0 0.00000000 0.00000000 0.00 0.00 0.00 55.94 52.33 90.00 
0 0 0 0 0 0 8.02 0 0.00000000 0.00000000 0.00 0.00 0.00 54.66 51.83 90.00 
0 0 0 0 0 0 8.04 0 0.00000000 0.00000000 0.00 0.00 0.00 54.66 51.83 90.00 
0 0 0 0 0 0 8.07 0 0.00000000 0.00000000 0.00 0.00 0.00 54.66 51.83 90.00 
0 0 0 0 0 0 8.09 0 0.00000000 0.00000000 0.00 0.00 0.00 54.66 51.83 90.00 
0 0 0 0 0 0 8.12 0 0.00000000 0.00000000 0.00 0.00 0.00 54.66 51.83 90.00 
0 0 0 0 0 0 8.14 0 0.00000000 0.00000000 0.00 0.00 0.00 54.66 51.83 90.00 
0 0 0 0 0 0 8.16 0 0.00000000 0.00000000 0.00 0.00 0.00 54.66 51.83 90.00 
0 0 0 0 0 0 8.18 0 0.00000000 0.00000000 0.00 0.00 0.00 54.66 51.83 90.00 
0 0 0 0 0 0 8.21 0 0.00000000 0.00000000 0.00 0.00 0.00 54.66 51.83 90.00 
0 0 0 0 0 0 8.23 0 0.00000000 0.00000000 0.00 0.00 0.00 54.66 51.83 90.00 
0 0 0 0 0 0 8.26 0 0.00000000 0.00000000 0.00 0.00 0.00 54.66 51.83 90.00 
0 0 0 0 0 0 8.28 0 0.00000000 0.00000000 0.00 0.00 0.00 54.66 51.83 90.00 
0 0 0 0 0 0 8.30 0 0.00000000 0.00000000 0.00 0.00 0.00 54.66 51.83 90.00 
0 0 0 0 0 0 8.33 0 0.00000000 0.00000000 0.00 0.00 0.00 54.66 51.83 90.00 
0 0 0 0 0 0 8.35 0 0.00000000 0.00000000 0.00 0.00 0.00 54.66 51.83 90.00 
0 0 0 0 0 0 8.37 0 0.00000000 0.00000000 0.00 0.00 0.00 54.66 51.83 90.00 
0 0 0 0 0 0 8.40 0 0.00000000 0.00000000 0.00 0.00 0.00 54.66 51.83 90.00 
0 0 0 0 0 0 8.42 0 0.00000000 0.00000000 0.00 0.00 0.00 54.66 51.83 90.00 
0 0 0 0 0 0 8.44 0 0.00000000 0.00000000 0.00 0.00 0.00 54.66 51.83 90.00 
0 0 0 0 0 0 8.47 0 0.00000000 0.00000000 0.00 0.00 0.00 54.66 51.83 90.00 
0 0 0 0 0 0 8.49 0 0.00000000 0.00000000 0.00 0.00 0.00 54.66 51.83 90.00 
0 0 0 0 0 0 8.51 0 0.00000000 0.00000000 0.00 0.00 0.00 54.66 51.83 90.00 
0 0 0 0 0 0 8.54 0 0.00000000 0.00000000 0.00 0.00 0.00 54.66 51.83 90.00 
0 0 0 0 0 0 8.58 0 0.00000000 0.00000000 0.00 0.00 0.00 54.66 51.83 90.00 
0 0 0 0 0 0 8.61 0 0.00000000 0.00000000 0.00 0.00 0.00 54.66 51.83 90.00 
0 0 0 0 0 0 8.63 0 0.00000000 0.00000000 0.00 0.00 0.00 54.66 51.83 90.00 
0 0 0 0 0 0 8.65 0 0.00000000 0.00000000 0.00 0.00 0.00 54.66 51.83 90.00 
0 0 0 0 0 0 8.68 0 0.00000000 0.00000000 0.00 0.00 0.00 54.66 51.83 90.00 
0 0 0 0 0 0 8.70 0 0.00000000 0.00000000 0.00 0.00 0.00 54.66 51.83 90.00 
0 0 0 0 0 0 8.73 0 0.00000000 0.00000000 0.00 0.00 0.00 54.66 51.83 90.00 
0 0 0 0 0 0 8.76 0 0.00000000 0.00000000 0.00 0.00 0.00 54.66 51.83 90.00 
0 0 0 0 0 0 8.78 0 0.00000000 0.00000000 0.00 0.00 0.00 54.66 51.83 90.00 
0 0 0 0 0 0 8.80 0 0.00000000 0.00000000 0.00 0.00 0.00 54.66 51.83 90.00 
0 0 0 0 0 0 8.83 0 0.00000000 0.00000000 0.00 0.00 0.00 54.66 51.83 90.00 
0 0 0 0 0 0 8.85 0 0.00000000 0.00000000 0.00 0.00 0.00 54.66 51.83 90.00 
0 0 0 0 0 0 8.87 0 0.00000000 0.00000000 0.00 0.00 0.00 54.66 51.83 90.00 
0 0 0 0 0 0 8.91 0 0.00000000 0.00000000 0.00 0.00 0.00 54.66 51.83 90.00 
0 0 0 0 0 0 9.04 0 0.00000000 0.00000000 0.00 0.00 0.00 57.50 45.51 90.00 
0 0 0 0 0 0 9.17 0 0.00000000 0.00000000 0.00 0.00 0.00 57.50 45.51 90.00 
0 0 0 0 0 0 9.29 0 0.00000000 0.00000000 0.00 0.00 0.00 57.50 45.51 90.00 
0 0 0 0 0 0 9.42 0 0.00000000 0.00000000 0.00 0.00 0.00 57.50 45.51 90.00 
0 0 0 0 0 0 9.50 0 0.00000000 0.00000000 0.00 0.00 0.00 57.50 45.51 90.00 
0 0 0 0 0 0 9.52 0 0.00000000 0.00000000 0.00 0.00 0.00 57.50 45.51 90.00 
0 0 0 0 0 0 9.55 0 0.00000000 0.00000000 0.00 0.00 0.00 57.50 45.51 90.00 
0 0 0 0 0 0 9.57 0 0.00000000 0.00000000 0.00 0.00 0.00 57.50 45.51 90.00 
0 0 0 0 0 0 9.59 0 0.00000000 0.00000000 0.00 0.00 0.00 57.50 45.51 90.00 
0 0 0 0 0 0 9.62 0 0.00000000 0.00000000 0.00 0.00 0.00 57.50 45.51 90.00 
0 0 0 0 0 0 9.64 0 0.00000000 0.00000000 0.00 0.00 0.00 57.50 45.51 90.00 
0 0 0 0 0 0 9.66 0 0.00000000 0.00000000 0.00 0.00 0.00 57.50 45.51 90.00 
0 0 0 0 0 0 9.69 0 0.00000000 0.00000000 0.00 0.00 0.00 57.50 45.51 90.00 
0 0 0 0 0 0 9.71 0 0.00000000 0.00000000 0.00 0.00 0.00 57.50 45.51 90.00 
0 0 0 0 0 0 9.74 0 0.00000000 0.00000000 0.00 0.00 0.00 57.50 45.51 90.00 
0 0 0 0 0 0 9.76 0 0.00000000 0.00000000 0.00 0.00 0.00 57.50 45.51 90.00 
0 0 0 0 0 0 9.78 0 0.00000000 0.00000000 0.00 0.00 0.00 57.50 45.51 90.00 
0 0 0 0 0 0 9.80 0 0.00000000 0.00000000 0.00 0.00 0.00 57.50 45.51 90.00 
0 0 0 0 0 0 9.83 0 0.00000000 0.00000000 0.00 0.00 0.00 57.50 45.51 90.00 
0 0 0 0 0 0 9.85 0 0.00000000 0.00000000 0.00 0.00 0.00 57.50 45.51 90.00 
0 0 0 0 0 0 9.88 0 0.00000000 0.00000000 0.00 0.00 0.00 57.50 45.51 90.00 
0 0 0 0 0 0 9.90 0 0.00000000 0.00000000 0.00 0.00 0.00 57.50 45.51 90.00 
0 0 0 0 0 0 9.92 0 0.00000000 0.00000000 0.00 0.00 0.00 57.50 45.51 90.00 
0 0 0 0 0 0 9.94 0 0.00000000 0.00000000 0.00 0.00 0.00 57.50 45.51 90.00 
0 0 0 0 0 0 9.97 0 0.00000000 0.00000000 0.00 0.00 0.00 57.50 45.51 90.00 
0 0 0 0 0 0 9.99 0 0.00000000 0.00000000 0.00 0.00 0.00 57.50 45.51 90.00 
0 0 0 0 0 0 10.02 0 0.00000000 0.00000000 0.00 0.00 0.00 55.09 46.41 90.00 
0 0 0 0 0 0 10.05 0 0.00000000 0.00000000 0.00 0.00 0.00 55.09 46.41 90.00 
0 0 0 0 0 0 10.07 0 0.00000000 0.00000000 0.00 0.00 0.00 55.09 46.41 90.00 
0 0 0 0 0 0 10.09 0 0.00000000 0.00000000 0.00 0.00 0.00 55.09 46.41 90.00 
0 0 0 0 0 0 10.11 0 0.00000000 0.00000000 0.00 0.00 0.00 55.09 46.41 90.00 
0 0 0 0 0 0 10.14 0 0.00000000 0.00000000 0.00 0.00 0.00 55.09 46.41 90.00 
0 0 0 0 0 0 10.16 0 0.00000000 0.00000000 0.00 0.00 0.00 55.09 46.41 90.00 
0 0 0 0 0 0 10.19 0 0.00000000 0.00000000 0.00 0.00 0.00 55.09 46.41 90.00 
0 0 0 0 0 0 10.21 0 0.00000000 0.00000000 0.00 0.00 0.00 55.09 46.41 90.00 
0 0 0 0 0 0 10.23 0 0.00000000 0.00000000 0.00 0.00 0.00 55.09 46.41 90.00 
0 0 0 0 0 0 10.26 0 0.00000000 0.00000000 0.00 0.00 0.00 55.09 46.41 90.00 
0 0 0 0 0 0 10.28 0 0.00000000 0.00000000 0.00 0.00 0.00 55.09 46.41 90.00 
0 0 0 0 0 0 10.30 0 0.00000000 0.00000000 0.00 0.00 0.00 55.09 46.41 90.00 
0 0 0 0 0 0 10.33 0 0.00000000 0.00000000 0.00 0.00 0.00 55.09 46.41 90.00 
0 0 0 0 0 0 10.35 0 0.00000000 0.00000000 0.00 0.00 0.00 55.09 46.41 90.00 
0 0 0 0 0 0 10.38 0 0.00000000 0.00000000 0.00 0.00 0.00 55.09 46.41 90.00 
0 0 0 0 0 0 10.40 0 0.00000000 0.00000000 0.00 0.00 0.00 55.09 46.41 90.00 
