0 0 0 2.79 0.00000000 0.00000000 0.00 0.00 0.00 0.07 0.07 0.01 0.01 -0.01 0.00 93.62 94.46 90.03 
0 0 0 3.06 0.00000000 0.00000000 0.00 0.00 0.00 0.16 0.10 -0.50 -0.01 -0.01 0.00 95.12 95.59 90.04 
0 0 0 3.19 0.00000000 0.00000000 0.00 0.00 0.00 0.07 0.09 -0.01 0.00 0.01 0.00 97.95 95.04 90.05 
0 0 0 3.30 0.00000000 0.00000000 0.00 0.00 0.00 0.06 0.09 0.05 0.01 0.01 0.00 94.00 95.18 90.03 
0 0 0 3.40 0.00000000 0.00000000 0.00 0.00 0.00 0.06 0.07 0.04 0.01 -0.01 0.00 93.83 93.73 90.03 
0 0 0 3.50 0.00000000 0.00000000 0.00 0.00 0.00 0.06 0.07 -0.00 0.02 -0.01 0.01 93.56 94.14 90.06 
0 0 0 3.60 0.00000000 0.00000000 0.00 0.00 0.00 0.07 0.08 -0.02 0.01 -0.01 0.00 93.46 94.41 90.06 
0 0 0 3.70 0.00000000 0.00000000 0.00 0.00 0.00 0.06 0.06 0.01 0.01 -0.02 0.00 92.69 93.71 90.05 
0 0 0 3.80 0.00000000 0.00000000 0.00 0.00 0.00 0.05 0.07 0.04 0.01 -0.01 0.00 93.06 93.75 90.05 
0 0 0 3.90 0.00000000 0.00000000 0.00 0.00 0.00 0.05 0.08 0.07 0.01 -0.01 0.00 93.56 94.66 90.05 
0 0 0 4.00 0.00000000 0.00000000 0.00 0.00 0.00 0.06 0.08 0.02 0.01 -0.00 0.00 93.86 94.37 90.05 
0 0 0 4.10 0.00000000 0.00000000 0.00 0.00 0.00 0.07 0.06 -0.03 0.01 -0.02 0.01 94.12 93.72 90.07 
0 0 0 4.20 0.00000000 0.00000000 0.00 0.00 0.00 0.07 0.07 -0.01 0.01 -0.01 0.00 93.89 93.73 90.03 
0 0 0 4.30 0.00000000 0.00000000 0.00 0.00 0.00 0.05 0.08 0.07 0.01 -0.00 0.00 93.05 94.43 90.01 
0 0 0 4.41 0.00000000 0.00000000 0.00 0.00 0.00 0.05 0.08 0.07 0.01 -0.01 0.00 93.24 94.63 90.04 
0 0 0 4.51 0.00000000 0.00000000 0.00 0.00 0.00 0.06 0.07 0.03 0.01 -0.01 0.01 93.61 93.76 90.07 
0 0 0 4.61 0.00000000 0.00000000 0.00 0.00 0.00 0.07 0.07 -0.04 0.01 -0.01 0.00 93.93 94.00 90.05 
0 0 0 4.71 0.00000000 0.00000000 0.00 0.00 0.00 0.07 0.07 -0.00 0.01 -0.00 0.00 93.84 94.14 90.04 
0 0 0 4.81 0.00000000 0.00000000 0.00 0.00 0.00 0.08 0.07 -0.06 0.01 -0.02 0.01 94.19 93.87 90.08 
0 0 0 4.91 0.00000000 0.00000000 0.00 0.00 0.00 0.06 0.08 0.03 0.02 -0.01 0.00 93.61 94.44 90.03 
0 0 0 5.01 0.00000000 0.00000000 0.00 0.00 0.00 0.02 0.06 0.17 0.00 -0.02 -0.12 90.88 93.39 88.59 
0 0 0 5.11 0.00000000 0.00000000 0.00 0.00 0.00 0.15 0.08 -0.53 -0.34 0.13 -0.40 92.35 94.75 85.21 
0 0 0 5.21 0.00000000 0.00000000 0.00 0.00 0.00 0.28 0.09 -1.19 -0.32 -0.15 -0.74 132.43 95.18 81.16 
0 0 0 5.31 0.00000000 0.00000000 0.00 0.00 0.00 -0.02 0.16 0.06 0.09 0.27 -0.13 90.55 99.27 88.43 
0 0 0 5.41 0.00000000 0.00000000 0.00 0.00 0.00 0.08 0.18 -0.58 -0.09 0.23 -0.18 91.91 100.08 87.79 
0 0 0 5.51 0.00000000 0.00000000 0.00 0.00 0.00 0.01 0.36 -3.20 -0.41 -0.22 -0.10 102.82 110.69 88.82 
0 0 0 5.62 0.00000000 0.00000000 0.00 0.00 0.00 -0.10 0.03 -0.06 -0.12 -1.63 0.05 84.51 91.58 90.57 
0 0 0 5.72 0.00000000 0.00000000 0.00 0.00 0.00 -0.12 -0.21 -0.10 -0.05 -2.25 -0.14 83.33 77.93 88.34 
0 0 0 5.82 0.00000000 0.00000000 0.00 0.00 0.00 -0.07 -0.48 -0.35 -0.16 -1.61 -0.05 85.56 62.67 89.42 
0 0 0 5.92 0.00000000 0.00000000 0.00 0.00 0.00 -0.15 -0.62 -0.09 -0.06 -1.13 0.05 80.70 54.23 90.59 
0 0 0 6.02 0.00000000 0.00000000 0.00 0.00 0.00 -0.17 -0.70 0.03 0.04 -0.60 0.12 79.97 49.81 91.42 
0 0 0 6.12 0.00000000 0.00000000 0.00 0.00 0.00 -0.19 -0.69 0.21 0.09 -0.39 0.02 78.92 50.22 90.28 
0 0 0 6.22 0.00000000 0.00000000 0.00 0.00 0.00 -0.17 -0.68 0.62 0.07 -0.23 -0.03 80.26 51.08 89.61 
0 0 0 6.32 0.00000000 0.00000000 0.00 0.00 0.00 -0.15 -0.80 0.04 -0.01 -0.10 0.06 81.21 43.97 90.69 
0 0 0 6.42 0.00000000 0.00000000 0.00 0.00 0.00 -0.17 -0.76 0.20 -0.11 -0.05 0.05 79.79 46.42 90.66 
0 0 0 6.52 0.00000000 0.00000000 0.00 0.00 0.00 -0.16 -0.73 0.08 -0.06 -0.07 0.03 80.03 48.09 90.35 
0 0 0 6.63 0.00000000 0.00000000 0.00 0.00 0.00 -0.19 -0.86 -0.06 0.07 0.45 0.04 79.40 41.00 90.51 
0 0 0 6.73 0.00000000 0.00000000 0.00 0.00 0.00 -0.19 -0.74 -0.01 0.24 1.91 0.08 77.94 47.89 90.99 
0 0 0 6.83 0.00000000 0.00000000 0.00 0.00 0.00 -0.09 0.04 2.76 0.25 4.13 0.34 84.76 92.03 94.08 
0 0 0 6.93 0.00000000 0.00000000 0.00 0.00 0.00 -0.08 0.16 -0.18 0.10 3.07 0.06 86.27 98.97 90.77 
0 0 0 7.03 0.00000000 0.00000000 0.00 0.00 0.00 -0.09 0.25 -0.22 0.01 0.63 0.06 85.02 104.27 90.70 
0 0 0 7.13 0.00000000 0.00000000 0.00 0.00 0.00 -0.07 0.29 -0.27 0.08 0.41 -0.04 86.05 106.44 89.49 
0 0 0 7.23 0.00000000 0.00000000 0.00 0.00 0.00 -0.04 0.36 -0.39 0.18 0.35 -0.11 86.70 108.94 88.81 
0 0 0 7.33 0.00000000 0.00000000 0.00 0.00 0.00 -0.05 0.41 -0.32 0.02 -0.17 -0.05 85.68 113.63 89.44 
0 0 0 7.43 0.00000000 0.00000000 0.00 0.00 0.00 -0.06 0.41 -0.35 -0.12 0.11 -0.02 85.68 113.38 89.80 
0 0 0 7.53 0.00000000 0.00000000 0.00 0.00 0.00 -0.08 0.39 -0.30 -0.07 0.06 0.01 85.38 112.13 90.11 
0 0 0 7.63 0.00000000 0.00000000 0.00 0.00 0.00 -0.06 0.40 -0.40 -0.03 0.03 0.04 86.13 112.83 90.46 
0 0 0 7.73 0.00000000 0.00000000 0.00 0.00 0.00 -0.08 0.27 -0.31 0.02 -1.60 0.05 84.33 105.61 90.59 
0 0 0 7.84 0.00000000 0.00000000 0.00 0.00 0.00 -0.10 0.00 -0.24 -0.17 -2.57 -0.13 82.83 93.20 88.57 
0 0 0 7.94 0.00000000 0.00000000 0.00 0.00 0.00 -0.23 -0.14 0.21 -0.17 -2.63 -0.39 82.08 81.85 85.33 
0 0 0 8.05 0.00000000 0.00000000 0.00 0.00 0.00 -0.22 -0.45 0.18 -0.27 -1.79 -0.22 82.63 74.26 87.22 
0 0 0 8.15 0.00000000 0.00000000 0.00 0.00 0.00 -0.17 -0.55 0.07 0.09 -1.03 -0.02 81.76 58.61 89.76 
0 0 0 8.25 0.00000000 0.00000000 0.00 0.00 0.00 -0.16 -0.66 -0.11 0.34 -0.03 0.08 79.83 54.91 90.91 
0 0 0 8.35 0.00000000 0.00000000 0.00 0.00 0.00 -0.14 -0.59 0.11 0.16 -0.01 0.13 83.28 56.37 91.52 
0 0 0 8.45 0.00000000 0.00000000 0.00 0.00 0.00 -0.16 -0.69 0.02 -0.06 -0.11 0.04 80.85 50.73 90.52 
0 0 0 8.55 0.00000000 0.00000000 0.00 0.00 0.00 -0.16 -0.59 0.12 -0.10 0.01 -0.02 80.77 56.26 89.79 
0 0 0 8.65 0.00000000 0.00000000 0.00 0.00 0.00 -0.16 -0.55 0.28 0.00 0.22 0.01 80.83 58.33 90.10 
0 0 0 8.75 0.00000000 0.00000000 0.00 0.00 0.00 -0.14 -0.53 0.00 0.13 0.89 0.05 81.84 59.91 90.62 
0 0 0 8.85 0.00000000 0.00000000 0.00 0.00 0.00 -0.05 -0.35 -1.78 0.37 2.42 0.28 85.60 69.80 93.38 
0 0 0 8.96 0.00000000 0.00000000 0.00 0.00 0.00 -0.08 0.03 1.18 0.22 2.58 0.48 85.50 88.84 95.88 
0 0 0 9.06 0.00000000 0.00000000 0.00 0.00 0.00 -0.06 0.19 -0.17 0.13 1.65 0.32 85.25 100.96 93.90 
0 0 0 9.16 0.00000000 0.00000000 0.00 0.00 0.00 -0.10 0.32 0.05 0.09 1.26 0.01 86.62 108.60 90.06 
0 0 0 9.26 0.00000000 0.00000000 0.00 0.00 0.00 -0.05 0.41 -0.25 0.08 0.50 -0.24 88.88 113.77 87.10 
0 0 0 9.36 0.00000000 0.00000000 0.00 0.00 0.00 -0.07 0.41 -0.18 0.02 0.15 -0.14 86.69 113.35 88.33 
0 0 0 9.46 0.00000000 0.00000000 0.00 0.00 0.00 0.05 0.39 -0.55 0.02 0.49 -0.10 88.16 112.20 88.82 
0 0 0 9.56 0.00000000 0.00000000 0.00 0.00 0.00 -0.06 0.49 -0.24 0.13 -0.42 -0.02 84.94 118.13 89.73 
0 0 0 9.66 0.00000000 0.00000000 0.00 0.00 0.00 -0.04 0.47 -0.28 0.07 0.18 0.02 88.18 116.74 90.22 
0 0 0 9.76 0.00000000 0.00000000 0.00 0.00 0.00 -0.04 0.48 -0.28 0.02 -0.10 -0.10 86.03 117.71 88.84 
0 0 0 9.86 0.00000000 0.00000000 0.00 0.00 0.00 -0.05 0.50 -0.30 -0.17 -0.04 -0.13 85.18 118.53 88.48 
0 0 0 9.96 0.00000000 0.00000000 0.00 0.00 0.00 -0.10 0.45 -0.24 -0.16 -0.80 -0.08 85.35 115.57 89.06 
0 0 0 10.06 0.00000000 0.00000000 0.00 0.00 0.00 -0.08 0.32 -0.36 -0.00 -1.79 -0.08 85.65 108.20 89.07 
0 0 0 10.17 0.00000000 0.00000000 0.00 0.00 0.00 -0.11 0.18 0.00 0.05 -2.12 -0.10 83.71 100.19 88.74 
0 0 0 10.27 0.00000000 0.00000000 0.00 0.00 0.00 -0.13 -0.18 -0.13 0.09 -2.15 -0.22 81.91 79.56 87.34 
0 0 0 10.37 0.00000000 0.00000000 0.00 0.00 0.00 -0.05 -0.45 -0.30 0.04 -2.26 -0.26 83.77 68.14 86.81 
0 0 0 10.47 0.00000000 0.00000000 0.00 0.00 0.00 -0.02 -0.61 -0.46 -0.13 -1.35 -0.08 87.41 54.93 89.08 
0 0 0 10.57 0.00000000 0.00000000 0.00 0.00 0.00 -0.11 -0.56 0.49 0.01 -0.21 0.17 84.28 57.97 92.04 
0 0 0 10.67 0.00000000 0.00000000 0.00 0.00 0.00 -0.17 -0.66 0.26 0.04 -0.29 0.11 81.57 51.93 91.30 
0 0 0 10.77 0.00000000 0.00000000 0.00 0.00 0.00 -0.15 -0.63 0.51 -0.05 -0.15 -0.05 82.10 54.02 89.40 
0 0 0 10.88 0.00000000 0.00000000 0.00 0.00 0.00 -0.13 -0.73 -0.07 -0.05 -0.34 0.02 82.24 48.24 90.25 
0 0 0 10.98 0.00000000 0.00000000 0.00 0.00 0.00 -0.17 -0.67 0.36 -0.06 0.08 0.03 80.20 51.53 90.34 
0 0 0 11.08 0.00000000 0.00000000 0.00 0.00 0.00 -0.14 -0.66 0.25 0.05 -0.01 -0.02 82.03 52.08 89.76 
0 0 0 11.18 0.00000000 0.00000000 0.00 0.00 0.00 -0.13 -0.69 0.04 0.03 -0.03 0.04 82.12 50.50 90.47 
0 0 0 11.28 0.00000000 0.00000000 0.00 0.00 0.00 -0.15 -0.71 0.10 0.04 0.02 0.01 80.72 49.67 90.15 
0 0 0 11.38 0.00000000 0.00000000 0.00 0.00 0.00 -0.15 -0.73 0.02 0.07 0.07 -0.06 82.61 48.17 89.29 
0 0 0 11.48 0.00000000 0.00000000 0.00 0.00 0.00 -0.16 -0.73 0.11 0.11 0.02 -0.04 81.90 48.20 89.57 
0 0 0 11.58 0.00000000 0.00000000 0.00 0.00 0.00 -0.12 -0.65 0.16 0.02 0.10 -0.03 83.40 52.96 89.61 
0 0 0 11.68 0.00000000 0.00000000 0.00 0.00 0.00 -0.10 -0.60 0.24 0.09 0.30 0.01 84.09 55.46 90.13 
0 0 0 11.78 0.00000000 0.00000000 0.00 0.00 0.00 -0.11 -0.62 0.16 0.31 0.43 -0.10 84.25 54.54 88.77 
0 0 0 11.88 0.00000000 0.00000000 0.00 0.00 0.00 -0.01 -0.49 -0.17 0.34 0.79 -0.16 88.52 61.94 88.04 
0 0 0 11.98 0.00000000 0.00000000 0.00 0.00 0.00 0.03 -0.45 -0.24 0.15 0.30 -0.25 91.73 64.06 86.99 
0 0 0 12.09 0.00000000 0.00000000 0.00 0.00 0.00 0.02 -0.41 -0.09 -0.06 0.50 -0.41 92.29 64.30 85.18 
0 0 0 12.19 0.00000000 0.00000000 0.00 0.00 0.00 -0.04 -0.33 0.36 0.07 0.51 -0.30 87.78 71.09 86.46 
0 0 0 12.29 0.00000000 0.00000000 0.00 0.00 0.00 0.06 -0.37 -0.30 0.27 0.96 -0.47 93.20 68.98 84.37 
0 0 0 12.40 0.00000000 0.00000000 0.00 0.00 0.00 0.16 -0.05 -1.37 0.04 0.31 -0.33 95.34 85.79 85.87 
0 0 0 12.50 0.00000000 0.00000000 0.00 0.00 0.00 0.09 -0.23 -0.46 -0.40 -0.11 0.35 92.82 77.02 94.16 
0 0 0 12.60 0.00000000 0.00000000 0.00 0.00 0.00 -0.01 -0.18 -0.11 0.23 0.44 0.18 90.34 79.86 92.10 
0 0 0 12.70 0.00000000 0.00000000 0.00 0.00 0.00 0.13 -0.24 -0.43 0.60 -0.19 -0.05 95.63 76.53 89.42 
0 0 0 12.80 0.00000000 0.00000000 0.00 0.00 0.00 0.14 -0.15 -0.34 0.08 -0.31 -0.19 99.09 81.33 87.72 
0 0 0 12.90 0.00000000 0.00000000 0.00 0.00 0.00 0.14 -0.17 -0.33 -0.23 -0.42 -0.14 97.64 80.25 88.33 
0 0 0 13.00 0.00000000 0.00000000 0.00 0.00 0.00 0.11 -0.24 -0.27 -0.15 -0.28 -0.06 96.79 76.40 89.31 
0 0 0 13.10 0.00000000 0.00000000 0.00 0.00 0.00 0.10 -0.29 -0.35 -0.06 -0.06 -0.08 95.54 73.29 89.03 
0 0 0 13.20 0.00000000 0.00000000 0.00 0.00 0.00 0.09 -0.21 -0.28 0.07 0.25 -0.14 94.40 77.70 88.27 
0 0 0 13.30 0.00000000 0.00000000 0.00 0.00 0.00 0.13 -0.21 -0.48 0.04 -0.06 -0.06 96.78 78.24 89.27 
0 0 0 13.40 0.00000000 0.00000000 0.00 0.00 0.00 0.11 -0.21 -0.39 -0.03 -0.09 0.04 95.78 77.93 90.52 
0 0 0 13.50 0.00000000 0.00000000 0.00 0.00 0.00 0.09 -0.22 -0.33 -0.02 -0.32 0.04 95.17 77.41 90.49 
0 0 0 13.60 0.00000000 0.00000000 0.00 0.00 0.00 0.08 -0.36 -0.24 -0.03 -1.20 -0.11 93.82 69.13 88.63 
0 0 0 13.70 0.00000000 0.00000000 0.00 0.00 0.00 0.07 -0.37 -0.23 -0.15 -1.27 -0.05 93.48 68.89 89.36 
0 0 0 13.81 0.00000000 0.00000000 0.00 0.00 0.00 0.14 -0.51 -0.65 0.02 -0.48 0.05 98.86 60.51 90.61 
0 0 0 13.91 0.00000000 0.00000000 0.00 0.00 0.00 0.12 -0.58 -0.50 0.03 -0.36 0.21 97.68 56.84 92.55 
0 0 0 14.01 0.00000000 0.00000000 0.00 0.00 0.00 0.06 -0.61 -0.27 -0.14 -0.31 0.22 93.31 55.13 92.63 
0 0 0 14.11 0.00000000 0.00000000 0.00 0.00 0.00 0.02 -0.70 -0.21 -0.11 -0.21 0.08 90.74 49.61 90.93 
0 0 0 14.21 0.00000000 0.00000000 0.00 0.00 0.00 0.00 -0.65 -0.17 -0.02 -0.13 0.01 90.28 52.77 90.16 
0 0 0 14.31 0.00000000 0.00000000 0.00 0.00 0.00 0.01 -0.60 -0.20 -0.02 -0.12 0.01 90.74 55.39 90.08 
0 0 0 14.41 0.00000000 0.00000000 0.00 0.00 0.00 0.01 -0.62 -0.24 0.00 -0.09 0.02 91.04 54.26 90.22 
0 0 0 14.51 0.00000000 0.00000000 0.00 0.00 0.00 0.02 -0.65 -0.39 0.06 -0.03 0.01 90.77 52.96 90.07 
0 0 0 14.61 0.00000000 0.00000000 0.00 0.00 0.00 0.04 -0.64 -0.35 0.07 0.31 0.02 92.08 53.38 90.21 
0 0 0 14.71 0.00000000 0.00000000 0.00 0.00 0.00 0.04 -0.58 -0.35 0.10 1.64 0.25 93.48 56.55 92.96 
0 0 0 14.81 0.00000000 0.00000000 0.00 0.00 0.00 0.07 -0.53 -0.48 0.00 1.41 0.30 90.72 59.64 93.62 
0 0 0 14.91 0.00000000 0.00000000 0.00 0.00 0.00 0.05 -0.11 -0.69 -0.21 1.95 0.16 89.67 83.64 91.97 
0 0 0 15.01 0.00000000 0.00000000 0.00 0.00 0.00 -0.04 0.12 0.86 -0.47 2.60 -0.05 88.14 96.95 89.41 
0 0 0 15.11 0.00000000 0.00000000 0.00 0.00 0.00 -0.10 0.34 -0.29 -0.54 2.35 -0.38 82.16 109.54 85.40 
0 0 0 15.22 0.00000000 0.00000000 0.00 0.00 0.00 -0.16 0.43 -0.59 -0.43 1.47 -0.67 81.20 114.71 82.02 
0 0 0 15.32 0.00000000 0.00000000 0.00 0.00 0.00 -0.18 0.51 -0.74 -0.07 0.35 -0.34 76.50 119.75 85.34 
0 0 0 15.42 0.00000000 0.00000000 0.00 0.00 0.00 -0.20 0.58 -0.80 0.42 0.15 0.04 78.63 123.37 90.54 
0 0 0 15.52 0.00000000 0.00000000 0.00 0.00 0.00 -0.16 0.64 -0.85 0.40 0.34 0.23 80.22 126.86 92.76 
0 0 0 15.62 0.00000000 0.00000000 0.00 0.00 0.00 -0.13 0.61 -0.65 0.10 0.16 0.22 82.32 124.82 92.61 
0 0 0 15.72 0.00000000 0.00000000 0.00 0.00 0.00 -0.13 0.58 -0.59 -0.05 -0.07 0.04 82.79 122.96 90.59 
0 0 0 15.82 0.00000000 0.00000000 0.00 0.00 0.00 -0.14 0.61 -0.62 0.03 -0.04 0.04 83.36 124.22 90.17 
0 0 0 15.92 0.00000000 0.00000000 0.00 0.00 0.00 -0.10 0.59 -0.62 0.18 0.17 0.07 84.03 123.68 90.85 
0 0 0 16.02 0.00000000 0.00000000 0.00 0.00 0.00 -0.09 0.64 -0.65 0.07 0.02 0.03 85.58 126.49 90.36 
0 0 0 16.13 0.00000000 0.00000000 0.00 0.00 0.00 -0.10 0.61 -0.61 -0.06 -0.06 -0.03 84.14 124.48 89.75 
0 0 0 16.23 0.00000000 0.00000000 0.00 0.00 0.00 -0.12 0.62 -0.58 -0.02 -0.07 0.01 82.73 125.29 90.11 
0 0 0 16.33 0.00000000 0.00000000 0.00 0.00 0.00 -0.09 0.61 -0.64 0.05 0.03 0.04 84.52 125.20 90.46 
0 0 0 16.43 0.00000000 0.00000000 0.00 0.00 0.00 -0.09 0.62 -0.62 0.04 0.04 0.03 85.04 124.50 90.43 
0 0 0 16.54 0.00000000 0.00000000 0.00 0.00 0.00 -0.08 0.61 -0.64 0.01 -0.03 -0.02 85.33 124.13 89.93 
0 0 0 16.64 0.00000000 0.00000000 0.00 0.00 0.00 -0.08 0.63 -0.65 -0.00 -0.08 -0.01 85.67 126.35 89.87 
0 0 0 16.74 0.00000000 0.00000000 0.00 0.00 0.00 -0.07 0.56 -0.65 -0.06 -0.81 0.07 86.11 122.22 90.85 
0 0 0 16.84 0.00000000 0.00000000 0.00 0.00 0.00 -0.08 0.41 -0.54 0.23 -3.10 0.09 85.60 113.52 91.07 
0 0 0 16.94 0.00000000 0.00000000 0.00 0.00 0.00 -0.12 0.18 -0.30 0.25 -2.97 -0.03 85.71 100.31 89.62 
0 0 0 17.04 0.00000000 0.00000000 0.00 0.00 0.00 -0.11 -0.25 -0.08 0.44 -2.46 -0.16 83.93 75.64 88.04 
0 0 0 17.15 0.00000000 0.00000000 0.00 0.00 0.00 0.00 -0.29 -0.35 0.57 -1.51 -0.13 88.60 75.88 88.43 
0 0 0 17.25 0.00000000 0.00000000 0.00 0.00 0.00 0.17 -0.61 -0.75 0.25 -1.15 0.01 97.89 57.02 90.10 
0 0 0 17.35 0.00000000 0.00000000 0.00 0.00 0.00 0.11 -0.72 -0.38 0.04 -0.50 0.15 96.26 48.78 91.86 
0 0 0 17.45 0.00000000 0.00000000 0.00 0.00 0.00 0.04 -0.72 -0.17 -0.01 -0.35 0.06 93.09 48.59 90.75 
0 0 0 17.55 0.00000000 0.00000000 0.00 0.00 0.00 0.03 -0.67 -0.09 -0.17 -0.14 0.01 93.40 51.39 90.09 
0 0 0 17.66 0.00000000 0.00000000 0.00 0.00 0.00 0.03 -0.66 -0.16 -0.19 -0.28 0.03 89.70 51.26 90.32 
0 0 0 17.76 0.00000000 0.00000000 0.00 0.00 0.00 0.01 -0.64 -0.21 -0.14 0.06 0.06 91.97 46.67 90.62 
0 0 0 17.86 0.00000000 0.00000000 0.00 0.00 0.00 -0.01 -0.65 -0.05 0.04 -0.01 0.03 89.93 49.64 90.71 
0 0 0 17.96 0.00000000 0.00000000 0.00 0.00 0.00 -0.00 -0.66 0.01 0.07 -0.17 -0.00 91.63 52.16 89.96 
0 0 0 18.06 0.00000000 0.00000000 0.00 0.00 0.00 0.02 -0.74 -0.28 0.03 -0.12 0.03 92.66 47.81 90.36 
0 0 0 18.16 0.00000000 0.00000000 0.00 0.00 0.00 0.02 -0.75 -0.21 0.00 -0.03 0.03 91.43 47.31 90.35 
0 0 0 18.27 0.00000000 0.00000000 0.00 0.00 0.00 0.03 -0.76 -0.30 0.00 -0.02 0.02 91.10 47.12 90.37 
0 0 0 18.37 0.00000000 0.00000000 0.00 0.00 0.00 0.01 -0.77 -0.21 0.01 -0.05 0.02 90.94 46.42 90.34 
0 0 0 18.47 0.00000000 0.00000000 0.00 0.00 0.00 0.04 -0.81 -0.36 -0.01 -0.08 0.03 92.04 43.52 90.34 
0 0 0 18.57 0.00000000 0.00000000 0.00 0.00 0.00 -0.01 -0.77 -0.09 0.04 -0.05 0.03 89.84 45.97 90.42 
0 0 0 18.67 0.00000000 0.00000000 0.00 0.00 0.00 0.05 -0.76 -0.46 0.14 1.08 0.09 92.80 46.27 91.10 
0 0 0 18.77 0.00000000 0.00000000 0.00 0.00 0.00 0.02 -0.51 0.21 0.24 2.05 0.22 90.35 60.81 92.60 
0 0 0 18.87 0.00000000 0.00000000 0.00 0.00 0.00 0.05 -0.31 -0.43 -0.06 3.22 -0.06 91.67 72.41 89.25 
0 0 0 18.97 0.00000000 0.00000000 0.00 0.00 0.00 -0.08 0.02 -0.06 -0.20 2.06 -0.24 86.48 90.87 87.15 
0 0 0 19.07 0.00000000 0.00000000 0.00 0.00 0.00 0.00 0.45 -0.99 -0.47 1.76 -0.35 91.42 116.01 85.81 
0 0 0 19.18 0.00000000 0.00000000 0.00 0.00 0.00 -0.12 0.36 -0.52 -0.61 0.08 -0.18 83.83 110.42 87.89 
0 0 0 19.28 0.00000000 0.00000000 0.00 0.00 0.00 -0.16 0.40 -0.56 -0.02 0.18 -0.01 79.24 113.13 89.90 
0 0 0 19.38 0.00000000 0.00000000 0.00 0.00 0.00 -0.12 0.45 -0.64 0.27 0.23 0.21 81.31 115.91 92.43 
0 0 0 19.48 0.00000000 0.00000000 0.00 0.00 0.00 -0.11 0.48 -0.62 0.13 0.14 0.14 83.42 117.19 91.80 
0 0 0 19.58 0.00000000 0.00000000 0.00 0.00 0.00 -0.12 0.46 -0.52 -0.08 -0.09 0.02 83.54 116.20 90.23 
0 0 0 19.68 0.00000000 0.00000000 0.00 0.00 0.00 -0.13 0.46 -0.51 -0.02 -0.08 -0.04 82.94 116.08 89.56 
0 0 0 19.78 0.00000000 0.00000000 0.00 0.00 0.00 -0.11 0.49 -0.59 0.06 0.05 -0.05 84.01 117.82 89.40 
0 0 0 19.88 0.00000000 0.00000000 0.00 0.00 0.00 -0.09 0.51 -0.68 0.03 0.20 -0.02 84.76 119.18 89.71 
0 0 0 19.98 0.00000000 0.00000000 0.00 0.00 0.00 -0.10 0.48 -0.61 0.04 0.20 -0.00 84.80 117.74 89.96 
0 0 0 20.09 0.00000000 0.00000000 0.00 0.00 0.00 -0.07 0.53 -0.69 0.05 0.13 -0.00 85.40 120.58 89.96 
0 0 0 20.19 0.00000000 0.00000000 0.00 0.00 0.00 -0.09 0.54 -0.68 0.00 -0.03 -0.01 84.89 120.93 89.84 
0 0 0 20.29 0.00000000 0.00000000 0.00 0.00 0.00 -0.09 0.51 -0.65 0.04 -0.23 0.01 84.96 119.06 90.18 
0 0 0 20.39 0.00000000 0.00000000 0.00 0.00 0.00 -0.09 0.46 -0.59 0.16 -0.37 0.03 84.55 116.58 90.33 
0 0 0 20.49 0.00000000 0.00000000 0.00 0.00 0.00 -0.08 0.42 -0.54 0.20 -0.70 0.15 85.11 114.05 91.76 
0 0 0 20.59 0.00000000 0.00000000 0.00 0.00 0.00 -0.04 0.35 -0.62 0.15 -1.35 0.15 88.19 110.11 91.79 
0 0 0 20.69 0.00000000 0.00000000 0.00 0.00 0.00 -0.06 0.11 -0.38 0.05 -2.35 -0.05 86.38 96.09 89.44 
0 0 0 20.79 0.00000000 0.00000000 0.00 0.00 0.00 -0.12 -0.18 -0.11 -0.18 -2.77 -0.23 85.09 79.92 87.19 
0 0 0 20.89 0.00000000 0.00000000 0.00 0.00 0.00 -0.09 -0.37 -0.30 0.06 -1.69 -0.41 84.48 68.79 85.07 
0 0 0 20.99 0.00000000 0.00000000 0.00 0.00 0.00 -0.06 -0.42 0.17 0.34 -1.07 -0.21 91.59 65.92 87.52 
0 0 0 21.09 0.00000000 0.00000000 0.00 0.00 0.00 0.09 -0.74 -0.69 0.32 -0.45 -0.04 94.23 47.86 89.56 
0 0 0 21.19 0.00000000 0.00000000 0.00 0.00 0.00 0.04 -0.81 -0.39 0.18 -0.12 0.05 91.29 43.79 90.61 
0 0 0 21.29 0.00000000 0.00000000 0.00 0.00 0.00 0.02 -0.59 -0.21 -0.07 0.01 -0.03 92.02 55.94 89.63 
0 0 0 21.39 0.00000000 0.00000000 0.00 0.00 0.00 -0.02 -0.63 -0.07 -0.06 -0.02 -0.02 90.37 53.87 89.72 
0 0 0 21.50 0.00000000 0.00000000 0.00 0.00 0.00 0.02 -0.70 -0.35 -0.03 -0.01 0.02 91.45 50.02 90.27 
0 0 0 21.60 0.00000000 0.00000000 0.00 0.00 0.00 0.00 -0.65 -0.27 -0.01 0.27 0.06 90.22 52.95 90.69 
0 0 0 21.70 0.00000000 0.00000000 0.00 0.00 0.00 0.03 -0.71 -0.36 0.04 0.38 0.03 91.85 49.55 90.37 
0 0 0 21.80 0.00000000 0.00000000 0.00 0.00 0.00 -0.03 -0.63 -0.16 0.14 1.89 0.18 91.59 52.03 91.94 
0 0 0 21.91 0.00000000 0.00000000 0.00 0.00 0.00 -0.07 -0.04 1.69 -0.16 2.37 0.06 87.07 84.56 90.88 
0 0 0 22.01 0.00000000 0.00000000 0.00 0.00 0.00 -0.02 -0.13 -0.29 -0.39 -0.08 -0.17 89.67 82.66 87.93 
0 0 0 22.11 0.00000000 0.00000000 0.00 0.00 0.00 0.02 -0.04 -0.93 -0.48 0.39 -0.12 90.77 87.74 88.01 
0 0 0 22.21 0.00000000 0.00000000 0.00 0.00 0.00 -2.45 0.03 0.98 -0.25 1.00 0.04 89.81 91.92 90.49 
0 0 0 22.31 0.00000000 0.00000000 0.00 0.00 0.00 -1.05 -0.32 0.71 0.65 0.03 0.45 75.68 71.68 95.41 
0 0 0 22.42 0.00000000 0.00000000 0.00 0.00 0.00 -0.03 0.04 -0.45 -0.01 -0.11 0.26 74.49 98.30 93.08 
0 0 0 22.52 0.00000000 0.00000000 0.00 0.00 0.00 0.06 -0.20 -0.60 -0.10 0.11 0.47 91.06 78.29 95.67 
0 0 0 22.62 0.00000000 0.00000000 0.00 0.00 0.00 -0.04 0.18 -0.29 0.39 0.16 0.55 85.21 100.17 96.55 
0 0 0 22.72 0.00000000 0.00000000 0.00 0.00 0.00 0.30 0.19 -1.54 0.45 -0.20 0.32 96.71 100.49 93.87 
0 0 0 22.82 0.00000000 0.00000000 0.00 0.00 0.00 0.56 0.32 -1.90 0.25 -0.02 0.16 118.96 108.54 91.97 
0 0 0 22.93 0.00000000 0.00000000 0.00 0.00 0.00 0.12 0.05 -0.53 -0.01 -0.03 0.00 100.75 90.00 90.07 
0 0 0 23.03 0.00000000 0.00000000 0.00 0.00 0.00 -0.00 0.16 0.22 -0.03 0.04 -0.00 88.06 91.55 90.05 
0 0 0 23.13 0.00000000 0.00000000 0.00 0.00 0.00 0.04 0.07 -0.19 0.05 -0.04 0.01 92.89 94.43 90.10 
0 0 0 23.24 0.00000000 0.00000000 0.00 0.00 0.00 0.05 0.07 -0.24 -0.00 -0.00 0.00 94.37 93.65 90.07 
0 0 0 23.34 0.00000000 0.00000000 0.00 0.00 0.00 0.06 0.07 -0.27 -0.01 0.02 0.00 93.66 93.98 90.01 
0 0 0 23.44 0.00000000 0.00000000 0.00 0.00 0.00 0.07 0.08 -0.32 0.02 -0.01 0.00 94.24 94.62 90.05 
0 0 0 23.54 0.00000000 0.00000000 0.00 0.00 0.00 0.07 0.06 -0.31 0.00 -0.01 0.00 93.97 93.62 90.05 
0 0 0 23.64 0.00000000 0.00000000 0.00 0.00 0.00 0.07 0.07 -0.28 0.02 -0.01 0.00 92.94 93.23 90.05 
0 0 0 23.74 0.00000000 0.00000000 0.00 0.00 0.00 0.05 0.07 -0.22 0.02 -0.00 0.00 93.60 94.19 90.03 
0 0 0 23.84 0.00000000 0.00000000 0.00 0.00 0.00 0.05 0.08 -0.19 0.02 -0.02 0.00 93.08 94.77 90.04 
0 0 0 23.94 0.00000000 0.00000000 0.00 0.00 0.00 0.06 0.07 -0.30 0.01 -0.01 0.00 93.55 94.14 90.03 
0 0 0 24.04 0.00000000 0.00000000 0.00 0.00 0.00 0.06 0.07 -0.26 0.02 -0.01 0.00 93.93 93.97 90.04 
0 0 0 24.14 0.00000000 0.00000000 0.00 0.00 0.00 0.06 0.08 -0.23 0.02 -0.01 0.00 93.65 94.63 90.03 
0 0 0 24.24 0.00000000 0.00000000 0.00 0.00 0.00 -0.05 -0.06 0.00 0.02 -0.04 0.01 94.86 86.80 90.08 
0 0 0 24.34 0.00000000 0.00000000 0.00 0.00 0.00 0.05 0.07 -0.22 0.01 -0.01 0.00 92.88 94.29 90.03 
0 0 0 24.44 0.00000000 0.00000000 0.00 0.00 0.00 0.05 0.05 -0.23 0.02 -0.04 0.01 93.16 92.86 90.09 
0 0 0 24.54 0.00000000 0.00000000 0.00 0.00 0.00 0.05 0.08 -0.24 0.01 -0.00 0.00 93.23 94.41 90.03 
0 0 0 24.64 0.00000000 0.00000000 0.00 0.00 0.00 0.06 0.07 -0.26 0.01 -0.01 0.00 93.70 93.75 90.01 
0 0 0 24.75 0.00000000 0.00000000 0.00 0.00 0.00 0.06 0.08 -0.26 0.01 -0.01 0.00 93.65 94.25 90.05 
0 0 0 24.85 0.00000000 0.00000000 0.00 0.00 0.00 0.06 0.06 -0.28 0.01 -0.02 0.00 93.24 93.66 90.05 
0 0 0 24.95 0.00000000 0.00000000 0.00 0.00 0.00 0.06 0.07 -0.25 0.01 -0.00 0.00 93.59 94.08 90.06 
0 0 0 25.05 0.00000000 0.00000000 0.00 0.00 0.00 0.06 0.08 -0.23 0.02 0.00 0.00 93.44 94.72 90.03 
0 0 0 25.15 0.00000000 0.00000000 0.00 0.00 0.00 0.07 0.07 -0.30 0.01 -0.01 0.00 93.31 93.97 90.03 
0 0 0 25.26 0.00000000 0.00000000 0.00 0.00 0.00 0.06 0.07 -0.24 0.01 -0.02 0.01 93.49 94.17 90.08 
0 0 0 25.36 0.00000000 0.00000000 0.00 0.00 0.00 0.07 0.07 -0.32 0.01 -0.01 0.00 93.76 93.97 90.06 
0 0 0 25.46 0.00000000 0.00000000 0.00 0.00 0.00 0.06 0.08 -0.24 0.01 -0.01 0.00 93.66 94.57 90.04 
0 0 0 25.56 0.00000000 0.00000000 0.00 0.00 0.00 0.07 0.07 -0.30 0.01 -0.01 0.00 93.64 93.88 90.04 
0 0 0 25.66 0.00000000 0.00000000 0.00 0.00 0.00 0.06 0.06 -0.29 0.01 -0.01 0.00 93.86 93.44 90.03 
0 0 0 25.76 0.00000000 0.00000000 0.00 0.00 0.00 0.06 0.08 -0.29 0.02 0.00 0.00 93.52 94.49 90.01 
0 0 0 25.86 0.00000000 0.00000000 0.00 0.00 0.00 0.07 0.08 -0.27 0.01 -0.00 0.00 93.59 94.39 90.05 
0 0 0 25.96 0.00000000 0.00000000 0.00 0.00 0.00 0.06 0.07 -0.29 0.01 -0.01 0.00 93.50 93.94 90.03 
0 0 0 26.06 0.00000000 0.00000000 0.00 0.00 0.00 0.06 0.07 -0.27 0.01 -0.01 0.00 93.82 94.17 90.04 
0 0 0 26.16 0.00000000 0.00000000 0.00 0.00 0.00 0.07 0.07 -0.32 0.02 -0.01 0.00 93.93 94.37 90.05 
0 0 0 26.26 0.00000000 0.00000000 0.00 0.00 0.00 0.06 0.08 -0.31 0.01 -0.02 0.00 93.73 94.32 90.03 
0 0 0 26.36 0.00000000 0.00000000 0.00 0.00 0.00 0.06 0.06 -0.28 0.01 -0.01 0.00 93.34 93.72 90.03 
0 0 0 26.47 0.00000000 0.00000000 0.00 0.00 0.00 0.06 0.08 -0.24 0.01 -0.00 0.00 93.90 94.24 90.06 
0 0 0 26.57 0.00000000 0.00000000 0.00 0.00 0.00 0.07 0.06 -0.30 0.01 -0.02 0.00 93.33 94.14 90.06 
0 0 0 26.67 0.00000000 0.00000000 0.00 0.00 0.00 0.06 0.07 -0.26 0.01 -0.00 0.00 93.66 94.22 90.05 
0 0 0 26.78 0.00000000 0.00000000 0.00 0.00 0.00 0.07 0.07 -0.31 0.02 -0.01 0.00 93.56 94.42 90.03 
0 0 0 26.88 0.00000000 0.00000000 0.00 0.00 0.00 0.06 0.06 -0.26 0.01 -0.02 0.01 93.34 93.71 90.08 
0 0 0 26.98 0.00000000 0.00000000 0.00 0.00 0.00 0.07 0.07 -0.29 0.01 -0.01 0.00 93.93 94.15 90.05 
0 0 0 27.08 0.00000000 0.00000000 0.00 0.00 0.00 0.05 0.07 -0.22 0.01 -0.01 0.00 93.47 94.19 90.05 
0 0 0 27.18 0.00000000 0.00000000 0.00 0.00 0.00 0.07 0.07 -0.33 0.01 -0.02 0.00 93.80 93.86 90.06 
0 0 0 27.28 0.00000000 0.00000000 0.00 0.00 0.00 0.06 0.06 -0.28 0.01 -0.01 0.00 93.52 93.66 90.05 
0 0 0 27.38 0.00000000 0.00000000 0.00 0.00 0.00 0.07 0.07 -0.32 0.01 -0.01 0.00 93.78 93.75 90.05 
0 0 0 27.48 0.00000000 0.00000000 0.00 0.00 0.00 0.07 0.08 -0.29 0.01 -0.01 0.01 93.27 94.37 90.07 
0 0 0 27.59 0.00000000 0.00000000 0.00 0.00 0.00 0.06 0.07 -0.29 0.01 -0.02 0.00 93.55 93.91 90.06 
0 0 0 27.69 0.00000000 0.00000000 0.00 0.00 0.00 0.06 0.07 -0.28 0.01 -0.00 0.00 93.27 93.69 90.05 
0 0 0 27.79 0.00000000 0.00000000 0.00 0.00 0.00 0.05 0.08 -0.23 0.01 -0.00 0.00 92.52 94.85 90.03 
0 0 0 27.89 0.00000000 0.00000000 0.00 0.00 0.00 0.07 0.08 -0.30 0.01 -0.02 0.00 93.48 94.54 90.04 
0 0 0 27.99 0.00000000 0.00000000 0.00 0.00 0.00 0.07 0.06 -0.32 0.01 -0.01 0.00 93.79 93.27 90.03 
0 0 0 28.09 0.00000000 0.00000000 0.00 0.00 0.00 0.06 0.07 -0.26 0.01 -0.01 0.00 94.14 93.92 90.05 
0 0 0 28.19 0.00000000 0.00000000 0.00 0.00 0.00 0.07 0.06 -0.30 0.02 -0.01 0.00 94.11 93.46 90.01 
0 0 0 28.29 0.00000000 0.00000000 0.00 0.00 0.00 0.07 0.08 -0.31 0.01 -0.02 0.00 93.75 94.36 90.02 
0 0 0 28.39 0.00000000 0.00000000 0.00 0.00 0.00 0.10 0.08 -0.48 0.01 -0.01 0.00 94.18 94.44 90.03 
0 0 0 28.49 0.00000000 0.00000000 0.00 0.00 0.00 0.05 0.08 -0.21 0.02 -0.00 0.00 93.25 94.65 90.03 
0 0 0 28.59 0.00000000 0.00000000 0.00 0.00 0.00 0.06 0.07 -0.29 0.01 -0.01 0.00 93.43 93.91 90.03 
0 0 0 28.69 0.00000000 0.00000000 0.00 0.00 0.00 0.07 0.07 -0.27 0.02 -0.00 0.00 94.06 94.11 90.05 
0 0 0 28.79 0.00000000 0.00000000 0.00 0.00 0.00 0.07 0.08 -0.30 0.01 -0.00 0.00 93.91 94.64 90.03 
0 0 0 28.89 0.00000000 0.00000000 0.00 0.00 0.00 0.07 0.06 -0.31 0.01 -0.01 0.00 93.84 93.50 90.03 
0 0 0 29.00 0.00000000 0.00000000 0.00 0.00 0.00 0.07 0.07 -0.31 0.02 -0.02 0.01 93.32 94.15 90.06 
0 0 0 29.10 0.00000000 0.00000000 0.00 0.00 0.00 0.05 0.07 -0.25 0.01 -0.00 0.00 93.69 94.24 90.05 
0 0 0 29.20 0.00000000 0.00000000 0.00 0.00 0.00 0.06 0.08 -0.25 0.01 -0.01 0.01 93.36 94.63 90.06 
0 0 0 29.30 0.00000000 0.00000000 0.00 0.00 0.00 0.06 0.08 -0.28 0.01 -0.03 0.01 93.45 94.36 90.06 
0 0 0 29.40 0.00000000 0.00000000 0.00 0.00 0.00 0.06 0.06 -0.26 0.01 -0.02 0.01 93.64 93.91 90.06 
0 0 0 29.50 0.00000000 0.00000000 0.00 0.00 0.00 0.06 0.07 -0.28 0.02 -0.00 0.00 93.42 93.92 90.06 
0 0 0 29.60 0.00000000 0.00000000 0.00 0.00 0.00 0.06 0.07 -0.27 0.01 -0.01 0.00 93.16 93.97 90.05 
0 0 0 29.70 0.00000000 0.00000000 0.00 0.00 0.00 0.08 0.07 -0.33 0.01 -0.01 0.00 93.59 94.42 90.03 
0 0 0 29.80 0.00000000 0.00000000 0.00 0.00 0.00 0.07 0.07 -0.30 0.01 -0.01 0.00 93.86 94.01 90.02 
0 0 0 29.90 0.00000000 0.00000000 0.00 0.00 0.00 0.06 0.08 -0.28 0.01 -0.00 0.00 93.43 94.66 90.00 
0 0 0 30.00 0.00000000 0.00000000 0.00 0.00 0.00 0.06 0.07 -0.30 0.01 -0.02 0.00 93.91 93.88 90.05 
0 0 0 30.10 0.00000000 0.00000000 0.00 0.00 0.00 0.07 0.07 -0.28 0.01 -0.02 0.00 93.71 94.15 90.05 
0 0 0 30.20 0.00000000 0.00000000 0.00 0.00 0.00 0.05 0.09 -0.23 0.01 -0.01 0.00 93.42 95.09 90.03 
0 0 0 30.30 0.00000000 0.00000000 0.00 0.00 0.00 0.06 0.08 -0.25 0.01 -0.01 0.01 93.56 94.61 90.08 
0 0 0 30.40 0.00000000 0.00000000 0.00 0.00 0.00 0.06 0.07 -0.27 0.01 -0.01 0.00 93.59 93.92 90.01 
0 0 0 30.51 0.00000000 0.00000000 0.00 0.00 0.00 0.06 0.07 -0.27 0.01 -0.01 0.00 93.92 94.20 90.05 
0 0 0 30.61 0.00000000 0.00000000 0.00 0.00 0.00 0.06 0.08 -0.25 0.01 -0.01 0.00 93.66 94.64 90.02 
0 0 0 30.72 0.00000000 0.00000000 0.00 0.00 0.00 0.06 0.07 -0.26 0.00 -0.01 0.00 93.51 94.42 90.04 
0 0 0 30.82 0.00000000 0.00000000 0.00 0.00 0.00 0.06 0.07 -0.26 0.01 -0.00 0.00 94.14 94.20 90.04 
0 0 0 30.92 0.00000000 0.00000000 0.00 0.00 0.00 0.07 0.07 -0.30 0.01 -0.02 0.00 93.66 94.59 90.06 
0 0 0 31.02 0.00000000 0.00000000 0.00 0.00 0.00 0.07 0.07 -0.28 0.01 -0.01 0.01 93.64 94.12 90.06 
0 0 0 31.12 0.00000000 0.00000000 0.00 0.00 0.00 0.07 0.07 -0.30 0.01 -0.01 0.00 93.69 93.75 90.03 
0 0 0 31.22 0.00000000 0.00000000 0.00 0.00 0.00 0.05 0.08 -0.23 0.01 -0.00 0.00 93.41 94.63 90.04 
0 0 0 31.32 0.00000000 0.00000000 0.00 0.00 0.00 0.06 0.07 -0.28 0.01 -0.01 0.00 93.71 94.12 90.04 
0 0 0 31.42 0.00000000 0.00000000 0.00 0.00 0.00 0.05 0.07 -0.22 0.01 -0.00 0.00 93.79 94.19 90.04 
0 0 0 31.53 0.00000000 0.00000000 0.00 0.00 0.00 -0.10 0.16 0.55 0.03 -0.04 -0.13 89.55 98.29 89.54 
0 0 0 31.63 0.00000000 0.00000000 0.00 0.00 0.00 -0.03 0.07 0.05 -0.13 0.03 -0.21 80.33 91.41 87.59 
0 0 0 31.73 0.00000000 0.00000000 0.00 0.00 0.00 1.79 -0.35 -1.67 -0.49 -0.46 -0.09 105.56 70.11 88.94 
0 0 0 31.83 0.00000000 0.00000000 0.00 0.00 0.00 0.60 -0.17 -1.27 -0.56 0.01 -0.11 103.36 82.67 88.48 
0 0 0 31.93 0.00000000 0.00000000 0.00 0.00 0.00 -0.07 0.06 -0.28 -0.74 0.04 0.01 84.87 93.67 90.12 
0 0 0 32.03 0.00000000 0.00000000 0.00 0.00 0.00 -0.20 0.04 -0.23 -1.05 -0.01 -0.05 78.90 92.05 89.43 
0 0 0 32.13 0.00000000 0.00000000 0.00 0.00 0.00 -0.30 0.07 -0.42 -1.04 0.03 -0.11 73.16 94.00 88.68 
0 0 0 32.23 0.00000000 0.00000000 0.00 0.00 0.00 -0.40 0.05 -0.18 -0.76 0.06 -0.13 68.12 92.95 88.46 
0 0 0 32.34 0.00000000 0.00000000 0.00 0.00 0.00 -0.43 0.06 -0.51 -0.45 0.04 -0.11 64.04 93.33 88.66 
0 0 0 32.47 0.00000000 0.00000000 0.00 0.00 0.00 -0.52 0.00 -0.27 -0.17 0.00 -0.03 64.00 90.00 89.68 
0 0 0 32.61 0.00000000 0.00000000 0.00 0.00 0.00 -0.48 0.03 -0.54 -0.06 0.04 0.03 60.91 91.67 90.40 
0 0 0 32.74 0.00000000 0.00000000 0.00 0.00 0.00 -0.48 0.02 -0.54 0.02 -0.06 0.01 62.62 91.13 90.16 
0 0 0 32.88 0.00000000 0.00000000 0.00 0.00 0.00 -0.47 0.07 -0.65 0.17 0.03 0.05 62.58 94.25 90.57 
0 0 0 32.98 0.00000000 0.00000000 0.00 0.00 0.00 -0.44 0.07 -0.67 0.32 -0.07 0.04 63.49 93.73 90.46 
0 0 0 33.08 0.00000000 0.00000000 0.00 0.00 0.00 -0.39 0.09 -0.78 0.55 -0.02 0.09 70.99 95.07 91.03 
0 0 0 33.18 0.00000000 0.00000000 0.00 0.00 0.00 -0.30 0.09 -0.80 0.60 0.24 0.18 68.35 94.93 92.15 
0 0 0 33.28 0.00000000 0.00000000 0.00 0.00 0.00 -0.34 0.08 -0.43 0.49 0.14 0.20 70.15 94.85 92.38 
0 0 0 33.38 0.00000000 0.00000000 0.00 0.00 0.00 -0.29 0.10 -0.31 0.61 -0.18 -0.00 73.46 95.69 89.94 
0 0 0 33.48 0.00000000 0.00000000 0.00 0.00 0.00 -0.20 0.12 -0.59 0.42 0.13 -0.09 78.33 97.14 88.92 
0 0 0 33.58 0.00000000 0.00000000 0.00 0.00 0.00 -0.16 0.14 -0.51 0.34 -0.01 -0.04 80.34 97.81 89.47 
0 0 0 33.68 0.00000000 0.00000000 0.00 0.00 0.00 -0.14 0.10 -0.51 0.50 0.02 0.03 81.57 95.70 90.35 
0 0 0 33.78 0.00000000 0.00000000 0.00 0.00 0.00 -0.08 0.11 -0.39 0.77 -0.11 0.05 84.48 96.25 90.57 
0 0 0 33.88 0.00000000 0.00000000 0.00 0.00 0.00 0.02 0.15 -0.24 0.88 0.12 0.26 90.57 98.73 93.07 
0 0 0 33.98 0.00000000 0.00000000 0.00 0.00 0.00 0.10 0.14 -0.34 0.81 0.07 0.33 95.15 97.77 93.95 
0 0 0 34.08 0.00000000 0.00000000 0.00 0.00 0.00 0.17 0.10 -0.06 0.66 0.03 0.29 99.16 95.52 93.42 
0 0 0 34.19 0.00000000 0.00000000 0.00 0.00 0.00 0.23 0.09 -0.10 0.59 -0.10 0.11 102.89 95.36 91.31 
0 0 0 34.29 0.00000000 0.00000000 0.00 0.00 0.00 0.27 0.15 0.18 0.55 0.18 0.08 105.90 98.74 90.95 
0 0 0 34.39 0.00000000 0.00000000 0.00 0.00 0.00 0.33 0.17 0.19 0.55 0.16 0.08 108.77 99.99 91.00 
0 0 0 34.49 0.00000000 0.00000000 0.00 0.00 0.00 0.38 0.15 0.19 0.39 0.03 0.07 111.54 98.86 90.86 
0 0 0 34.59 0.00000000 0.00000000 0.00 0.00 0.00 0.42 0.17 0.22 0.26 0.13 0.00 113.90 99.55 90.05 
0 0 0 34.69 0.00000000 0.00000000 0.00 0.00 0.00 0.43 0.18 0.31 0.18 -0.00 -0.00 114.63 100.53 89.97 
0 0 0 34.79 0.00000000 0.00000000 0.00 0.00 0.00 0.44 0.18 0.32 0.11 0.05 0.03 115.42 100.34 90.41 
0 0 0 34.89 0.00000000 0.00000000 0.00 0.00 0.00 0.46 0.19 0.31 0.06 0.05 0.01 116.34 100.77 90.07 
0 0 0 34.99 0.00000000 0.00000000 0.00 0.00 0.00 0.46 0.19 0.30 -0.06 -0.03 0.02 116.67 101.12 90.27 
0 0 0 35.09 0.00000000 0.00000000 0.00 0.00 0.00 0.42 0.21 0.44 -0.15 0.02 0.02 114.28 101.90 90.30 
0 0 0 35.19 0.00000000 0.00000000 0.00 0.00 0.00 0.42 0.18 0.32 -0.30 -0.09 0.03 114.18 100.33 90.40 
0 0 0 35.29 0.00000000 0.00000000 0.00 0.00 0.00 0.37 0.15 0.27 -0.50 -0.19 -0.04 111.16 98.47 89.49 
0 0 0 35.39 0.00000000 0.00000000 0.00 0.00 0.00 0.30 0.15 0.29 -0.55 -0.12 -0.07 108.52 98.13 89.24 
0 0 0 35.50 0.00000000 0.00000000 0.00 0.00 0.00 0.24 0.14 0.32 -0.50 -0.18 -0.03 104.35 98.58 89.65 
0 0 0 35.60 0.00000000 0.00000000 0.00 0.00 0.00 0.22 0.11 0.09 -0.50 -0.15 -0.04 102.46 96.48 89.52 
0 0 0 35.70 0.00000000 0.00000000 0.00 0.00 0.00 0.17 0.07 -0.12 -0.62 -0.27 -0.11 100.12 93.98 88.66 
0 0 0 35.80 0.00000000 0.00000000 0.00 0.00 0.00 0.09 0.07 0.06 -0.80 -0.23 -0.10 95.08 93.80 88.75 
0 0 0 35.90 0.00000000 0.00000000 0.00 0.00 0.00 0.00 0.05 -0.17 -1.00 -0.25 -0.12 90.82 92.61 88.52 
0 0 0 36.00 0.00000000 0.00000000 0.00 0.00 0.00 -0.12 0.06 0.08 -1.17 -0.32 -0.10 83.77 93.18 88.79 
0 0 0 36.10 0.00000000 0.00000000 0.00 0.00 0.00 -0.19 -0.03 -0.56 -1.32 -0.35 -0.14 77.08 88.24 88.32 
0 0 0 36.20 0.00000000 0.00000000 0.00 0.00 0.00 -0.38 -0.10 -0.12 -1.20 -0.22 -0.33 68.58 84.36 86.00 
0 0 0 36.30 0.00000000 0.00000000 0.00 0.00 0.00 -0.46 -0.06 -0.55 -1.05 -0.36 -0.29 63.66 86.51 86.54 
0 0 0 36.40 0.00000000 0.00000000 0.00 0.00 0.00 -0.47 -0.05 -0.86 -0.19 -0.38 0.03 59.41 86.85 90.39 
0 0 0 36.50 0.00000000 0.00000000 0.00 0.00 0.00 -0.54 -0.12 -0.52 -0.25 0.15 0.08 55.66 83.34 90.91 
0 0 0 36.60 0.00000000 0.00000000 0.00 0.00 0.00 -0.60 -0.14 -0.25 -0.09 -0.06 0.05 61.81 81.79 90.55 
0 0 0 36.70 0.00000000 0.00000000 0.00 0.00 0.00 -0.58 -0.12 -0.41 0.03 0.06 0.05 55.59 83.06 90.58 
0 0 0 36.81 0.00000000 0.00000000 0.00 0.00 0.00 -0.57 -0.12 -0.47 0.03 0.06 0.02 56.41 82.09 90.27 
0 0 0 36.91 0.00000000 0.00000000 0.00 0.00 0.00 -0.58 -0.13 -0.36 0.04 -0.04 0.02 56.30 82.45 90.25 
0 0 0 37.01 0.00000000 0.00000000 0.00 0.00 0.00 -0.55 -0.10 -0.62 0.05 0.05 0.03 58.26 84.27 90.35 
0 0 0 37.11 0.00000000 0.00000000 0.00 0.00 0.00 -0.56 -0.10 -0.51 0.12 0.16 0.09 58.20 84.18 91.04 
0 0 0 37.21 0.00000000 0.00000000 0.00 0.00 0.00 -0.50 -0.04 -0.74 0.50 0.32 0.18 61.74 87.96 92.19 
0 0 0 37.31 0.00000000 0.00000000 0.00 0.00 0.00 -0.45 0.00 -0.89 0.95 0.28 0.19 64.29 90.20 92.26 
0 0 0 37.41 0.00000000 0.00000000 0.00 0.00 0.00 -0.36 0.02 -0.54 1.12 0.29 0.24 68.41 90.87 92.91 
0 0 0 37.51 0.00000000 0.00000000 0.00 0.00 0.00 -0.27 0.04 -0.14 1.15 0.20 0.20 74.47 92.22 92.35 
0 0 0 37.61 0.00000000 0.00000000 0.00 0.00 0.00 -0.14 0.06 -0.45 1.08 0.34 0.11 80.88 93.54 91.33 
0 0 0 37.71 0.00000000 0.00000000 0.00 0.00 0.00 -0.04 0.11 -0.11 0.93 0.31 0.18 87.60 96.21 92.11 
0 0 0 37.81 0.00000000 0.00000000 0.00 0.00 0.00 0.02 0.12 -0.14 0.77 0.19 0.19 91.11 96.72 92.29 
0 0 0 37.91 0.00000000 0.00000000 0.00 0.00 0.00 0.12 0.12 -0.00 0.77 0.11 0.17 94.36 96.78 92.02 
0 0 0 38.02 0.00000000 0.00000000 0.00 0.00 0.00 0.20 0.14 -0.13 0.66 0.10 0.10 100.89 98.07 91.16 
0 0 0 38.12 0.00000000 0.00000000 0.00 0.00 0.00 0.26 0.18 0.13 0.55 0.11 0.11 104.74 100.06 91.30 
0 0 0 38.22 0.00000000 0.00000000 0.00 0.00 0.00 0.28 0.17 0.19 0.43 0.28 0.11 106.80 99.80 91.34 
0 0 0 38.32 0.00000000 0.00000000 0.00 0.00 0.00 0.32 0.17 0.26 0.35 0.15 0.03 107.94 99.87 90.39 
0 0 0 38.42 0.00000000 0.00000000 0.00 0.00 0.00 0.36 0.20 0.35 0.42 0.23 0.01 109.71 101.47 90.17 
0 0 0 38.52 0.00000000 0.00000000 0.00 0.00 0.00 0.43 0.23 0.31 0.47 0.10 0.02 116.35 103.03 90.21 
0 0 0 38.62 0.00000000 0.00000000 0.00 0.00 0.00 0.49 0.23 0.29 0.27 0.02 0.03 117.04 103.38 90.36 
0 0 0 38.72 0.00000000 0.00000000 0.00 0.00 0.00 0.46 0.23 0.38 -0.14 -0.05 -0.03 116.64 102.91 89.62 
0 0 0 38.82 0.00000000 0.00000000 0.00 0.00 0.00 0.40 0.23 0.47 -0.15 -0.07 -0.05 113.06 102.97 89.38 
0 0 0 38.92 0.00000000 0.00000000 0.00 0.00 0.00 0.41 0.23 0.42 0.10 -0.12 0.02 112.93 103.24 90.23 
0 0 0 39.03 0.00000000 0.00000000 0.00 0.00 0.00 0.46 0.21 0.31 0.06 -0.04 0.03 115.38 102.21 90.42 
0 0 0 39.13 0.00000000 0.00000000 0.00 0.00 0.00 0.45 0.20 0.29 -0.67 -0.03 -0.00 117.82 101.53 89.95 
0 0 0 39.23 0.00000000 0.00000000 0.00 0.00 0.00 0.28 0.17 0.34 -1.41 -0.28 -0.21 107.60 99.88 87.45 
0 0 0 39.33 0.00000000 0.00000000 0.00 0.00 0.00 0.07 0.13 0.14 -1.91 -0.58 -0.24 94.98 97.63 87.17 
0 0 0 39.43 0.00000000 0.00000000 0.00 0.00 0.00 -0.12 0.04 0.19 -2.04 -0.48 -0.27 83.70 92.56 86.76 
0 0 0 39.53 0.00000000 0.00000000 0.00 0.00 0.00 -0.31 -0.02 -0.13 -1.73 -0.49 -0.39 72.93 88.74 85.31 
0 0 0 39.63 0.00000000 0.00000000 0.00 0.00 0.00 -0.40 -0.03 -0.19 -1.15 -0.42 -0.35 67.69 88.36 85.77 
0 0 0 39.73 0.00000000 0.00000000 0.00 0.00 0.00 -0.46 0.00 -0.75 -0.69 -0.25 -0.18 63.60 90.00 87.86 
0 0 0 39.83 0.00000000 0.00000000 0.00 0.00 0.00 -0.50 -0.04 -0.67 -0.28 -0.10 0.05 61.40 87.59 90.55 
0 0 0 39.93 0.00000000 0.00000000 0.00 0.00 0.00 -0.52 -0.05 -0.63 0.06 0.00 0.18 59.45 86.95 92.20 
0 0 0 40.03 0.00000000 0.00000000 0.00 0.00 0.00 -0.54 -0.07 -0.42 0.16 0.04 0.17 58.54 85.74 92.04 
0 0 0 40.13 0.00000000 0.00000000 0.00 0.00 0.00 -0.56 -0.07 -0.20 0.10 -0.02 0.07 58.35 85.51 90.92 
0 0 0 40.23 0.00000000 0.00000000 0.00 0.00 0.00 -0.53 -0.05 -0.37 -0.01 -0.07 -0.04 59.90 87.32 89.57 
0 0 0 40.33 0.00000000 0.00000000 0.00 0.00 0.00 -0.52 -0.07 -0.43 0.02 0.01 0.04 59.74 86.18 90.49 
0 0 0 40.44 0.00000000 0.00000000 0.00 0.00 0.00 -0.50 -0.03 -0.56 0.07 0.12 0.05 61.31 88.45 90.56 
0 0 0 40.54 0.00000000 0.00000000 0.00 0.00 0.00 -0.51 -0.01 -0.49 0.09 0.10 0.07 60.75 89.38 90.89 
0 0 0 40.64 0.00000000 0.00000000 0.00 0.00 0.00 -0.47 -0.05 -0.55 0.31 0.14 0.02 62.20 86.97 90.20 
0 0 0 40.74 0.00000000 0.00000000 0.00 0.00 0.00 -0.44 -0.01 -0.60 0.99 -0.08 0.07 64.79 89.18 90.83 
0 0 0 40.84 0.00000000 0.00000000 0.00 0.00 0.00 -0.31 -0.03 -0.33 1.63 0.09 0.19 70.36 88.27 92.32 
0 0 0 40.94 0.00000000 0.00000000 0.00 0.00 0.00 -0.17 0.03 -0.50 1.86 0.36 0.25 79.41 91.59 92.98 
0 0 0 41.04 0.00000000 0.00000000 0.00 0.00 0.00 0.03 0.09 0.00 1.79 0.51 0.26 90.73 95.15 93.12 
0 0 0 41.14 0.00000000 0.00000000 0.00 0.00 0.00 0.24 0.11 0.14 1.42 0.22 0.13 102.78 96.27 91.61 
0 0 0 41.24 0.00000000 0.00000000 0.00 0.00 0.00 0.32 0.12 0.23 0.91 0.28 0.05 108.42 96.91 90.60 
0 0 0 41.34 0.00000000 0.00000000 0.00 0.00 0.00 0.43 0.14 0.26 0.59 0.16 -0.03 113.70 98.17 89.66 
0 0 0 41.44 0.00000000 0.00000000 0.00 0.00 0.00 0.45 0.19 0.43 0.31 0.19 0.03 115.94 100.98 90.42 
0 0 0 41.54 0.00000000 0.00000000 0.00 0.00 0.00 0.45 0.19 0.46 0.05 -0.03 -0.00 115.43 100.89 89.98 
0 0 0 41.64 0.00000000 0.00000000 0.00 0.00 0.00 0.39 0.16 0.51 -0.09 -0.06 -0.02 112.52 99.17 89.76 
0 0 0 41.74 0.00000000 0.00000000 0.00 0.00 0.00 0.41 0.20 0.53 -0.03 -0.06 -0.00 114.08 101.57 89.94 
0 0 0 41.84 0.00000000 0.00000000 0.00 0.00 0.00 0.42 0.18 0.48 -0.03 -0.06 0.05 113.63 100.33 90.55 
0 0 0 41.95 0.00000000 0.00000000 0.00 0.00 0.00 0.40 0.18 0.51 0.02 -0.01 0.01 113.31 100.21 90.07 
0 0 0 42.05 0.00000000 0.00000000 0.00 0.00 0.00 0.42 0.20 0.51 0.02 -0.06 -0.02 114.39 101.32 89.79 
0 0 0 42.15 0.00000000 0.00000000 0.00 0.00 0.00 0.44 0.22 0.53 -0.08 -0.05 0.03 115.46 102.69 90.34 
0 0 0 42.25 0.00000000 0.00000000 0.00 0.00 0.00 0.45 0.21 0.35 -0.47 -0.23 0.06 116.19 101.79 90.77 
0 0 0 42.35 0.00000000 0.00000000 0.00 0.00 0.00 0.31 0.16 0.50 -1.34 -0.34 -0.01 108.37 99.26 89.89 
0 0 0 42.45 0.00000000 0.00000000 0.00 0.00 0.00 0.08 0.09 0.35 -1.94 -0.31 -0.18 96.21 95.26 87.85 
0 0 0 42.55 0.00000000 0.00000000 0.00 0.00 0.00 -0.13 0.01 0.32 -2.20 -0.77 -0.31 83.23 90.43 86.28 
0 0 0 42.65 0.00000000 0.00000000 0.00 0.00 0.00 -0.31 -0.03 -0.09 -2.08 -0.20 -0.37 72.62 88.08 85.56 
0 0 0 42.75 0.00000000 0.00000000 0.00 0.00 0.00 -0.49 -0.01 0.26 -1.56 -0.39 -0.43 62.95 89.18 84.87 
0 0 0 42.85 0.00000000 0.00000000 0.00 0.00 0.00 -0.55 -0.02 -0.61 -0.87 -0.41 -0.23 58.98 88.72 87.27 
0 0 0 42.95 0.00000000 0.00000000 0.00 0.00 0.00 -0.65 -0.08 -0.14 -0.38 0.01 0.03 53.92 85.40 90.39 
0 0 0 43.05 0.00000000 0.00000000 0.00 0.00 0.00 -0.63 -0.09 -0.49 0.11 0.00 0.16 53.75 85.02 91.96 
0 0 0 43.15 0.00000000 0.00000000 0.00 0.00 0.00 -0.63 -0.08 -0.33 0.33 0.12 0.19 54.80 85.37 92.33 
0 0 0 43.25 0.00000000 0.00000000 0.00 0.00 0.00 -0.56 -0.07 -0.59 0.38 0.32 0.21 56.30 85.79 92.52 
0 0 0 43.36 0.00000000 0.00000000 0.00 0.00 0.00 -0.46 -0.02 -0.86 0.97 0.06 0.12 62.63 89.10 91.38 
0 0 0 43.46 0.00000000 0.00000000 0.00 0.00 0.00 -0.44 0.01 -0.37 2.28 0.05 0.08 64.93 90.77 90.92 
0 0 0 43.56 0.00000000 0.00000000 0.00 0.00 0.00 -0.19 0.01 0.29 3.08 0.79 0.32 77.67 90.62 93.84 
0 0 0 43.66 0.00000000 0.00000000 0.00 0.00 0.00 0.16 0.03 -0.34 3.04 0.58 0.43 95.90 91.71 95.22 
0 0 0 43.76 0.00000000 0.00000000 0.00 0.00 0.00 0.58 0.14 -0.14 1.91 0.71 0.32 122.75 97.93 93.86 
0 0 0 43.86 0.00000000 0.00000000 0.00 0.00 0.00 0.78 0.12 -0.64 0.07 -0.38 -0.09 135.26 96.75 88.91 
0 0 0 43.96 0.00000000 0.00000000 0.00 0.00 0.00 0.44 0.16 0.72 -1.54 -0.35 -0.43 117.64 98.97 84.89 
0 0 0 44.06 0.00000000 0.00000000 0.00 0.00 0.00 0.08 0.10 -0.34 -2.07 0.05 -0.54 98.36 95.56 83.54 
0 0 0 44.16 0.00000000 0.00000000 0.00 0.00 0.00 -0.03 0.14 0.42 -1.45 -0.28 -0.83 89.32 97.08 80.21 
0 0 0 44.26 0.00000000 0.00000000 0.00 0.00 0.00 -0.09 0.20 -0.18 -1.03 0.09 -0.71 86.14 101.23 81.49 
0 0 0 44.36 0.00000000 0.00000000 0.00 0.00 0.00 0.09 0.75 -2.95 0.70 -1.38 -0.06 73.25 132.72 89.26 
0 0 0 44.46 0.00000000 0.00000000 0.00 0.00 0.00 -0.04 0.32 -1.99 0.60 -0.43 0.31 96.36 108.12 93.72 
0 0 0 44.56 0.00000000 0.00000000 0.00 0.00 0.00 0.15 0.06 -1.04 0.66 0.30 0.12 96.15 93.61 91.42 
0 0 0 44.66 0.00000000 0.00000000 0.00 0.00 0.00 -0.07 0.07 0.11 0.49 0.53 0.20 114.02 94.12 92.43 
0 0 0 44.77 0.00000000 0.00000000 0.00 0.00 0.00 0.11 0.04 -0.50 0.05 -0.02 0.28 94.21 92.45 93.33 
0 0 0 44.87 0.00000000 0.00000000 0.00 0.00 0.00 -0.14 0.08 0.40 0.00 -0.03 0.13 74.06 94.52 91.57 
0 0 0 44.97 0.00000000 0.00000000 0.00 0.00 0.00 0.06 0.07 -0.30 0.02 -0.02 0.00 93.92 94.17 90.04 
0 0 0 45.07 0.00000000 0.00000000 0.00 0.00 0.00 0.06 0.07 -0.28 0.01 0.00 0.00 93.57 94.19 90.02 
0 0 0 45.17 0.00000000 0.00000000 0.00 0.00 0.00 0.07 0.07 -0.31 0.01 -0.02 0.00 93.62 94.14 90.05 
0 0 0 45.27 0.00000000 0.00000000 0.00 0.00 0.00 0.06 0.08 -0.28 0.01 -0.02 0.00 93.25 94.39 90.03 
0 0 0 45.37 0.00000000 0.00000000 0.00 0.00 0.00 0.06 0.08 -0.25 0.01 -0.00 0.01 93.80 94.72 90.07 
0 0 0 45.47 0.00000000 0.00000000 0.00 0.00 0.00 0.06 0.08 -0.30 0.01 -0.01 0.00 93.58 94.36 90.05 
0 0 0 45.57 0.00000000 0.00000000 0.00 0.00 0.00 0.06 0.07 -0.33 0.02 -0.02 0.00 93.87 93.91 90.06 
0 0 0 45.67 0.00000000 0.00000000 0.00 0.00 0.00 0.06 0.07 -0.28 0.01 0.00 0.00 93.52 94.20 90.02 
0 0 0 45.77 0.00000000 0.00000000 0.00 0.00 0.00 0.05 0.08 -0.25 0.02 -0.00 0.00 93.42 94.46 90.04 
0 0 0 45.87 0.00000000 0.00000000 0.00 0.00 0.00 0.06 0.07 -0.31 0.02 -0.01 0.00 93.47 94.09 90.05 
0 0 0 45.97 0.00000000 0.00000000 0.00 0.00 0.00 0.07 0.08 -0.29 0.01 -0.01 0.00 93.75 94.77 90.03 
0 0 0 46.07 0.00000000 0.00000000 0.00 0.00 0.00 0.07 0.09 -0.32 0.01 -0.00 0.00 94.24 95.34 90.04 
0 0 0 46.17 0.00000000 0.00000000 0.00 0.00 0.00 0.07 0.06 -0.34 -0.00 -0.01 0.00 94.46 93.26 90.03 
0 0 0 46.28 0.00000000 0.00000000 0.00 0.00 0.00 0.06 0.10 -0.26 0.01 -0.02 0.01 93.56 95.76 90.07 
0 0 0 46.38 0.00000000 0.00000000 0.00 0.00 0.00 0.08 0.07 -0.40 0.01 -0.00 0.00 94.18 93.74 90.05 
0 0 0 46.48 0.00000000 0.00000000 0.00 0.00 0.00 0.07 0.06 -0.30 0.01 -0.00 0.00 93.51 93.72 90.03 
0 0 0 46.58 0.00000000 0.00000000 0.00 0.00 0.00 0.05 0.08 -0.26 0.01 -0.02 0.00 93.11 94.59 90.03 
0 0 0 46.68 0.00000000 0.00000000 0.00 0.00 0.00 0.06 0.07 -0.28 0.01 -0.01 0.00 93.77 93.95 90.05 
0 0 0 46.78 0.00000000 0.00000000 0.00 0.00 0.00 0.05 0.08 -0.26 0.01 -0.01 0.00 93.40 94.38 90.05 
0 0 0 46.88 0.00000000 0.00000000 0.00 0.00 0.00 0.06 0.08 -0.32 0.01 0.01 0.00 93.96 94.36 90.02 
0 0 0 46.98 0.00000000 0.00000000 0.00 0.00 0.00 0.07 0.07 -0.32 0.02 -0.02 0.00 93.11 93.91 90.05 
0 0 0 47.08 0.00000000 0.00000000 0.00 0.00 0.00 0.06 0.08 -0.29 0.02 -0.00 0.00 93.21 94.68 90.04 
0 0 0 47.18 0.00000000 0.00000000 0.00 0.00 0.00 0.07 0.09 -0.28 0.01 -0.01 0.01 93.44 95.03 90.06 
0 0 0 47.28 0.00000000 0.00000000 0.00 0.00 0.00 0.07 0.07 -0.34 0.01 -0.02 0.00 94.00 94.08 90.06 
0 0 0 47.38 0.00000000 0.00000000 0.00 0.00 0.00 0.07 0.07 -0.34 0.01 0.03 0.00 93.79 94.19 90.01 
0 0 0 47.48 0.00000000 0.00000000 0.00 0.00 0.00 0.07 0.07 -0.34 0.02 -0.01 0.00 93.54 94.01 90.04 
0 0 0 47.58 0.00000000 0.00000000 0.00 0.00 0.00 0.07 0.08 -0.31 0.01 -0.03 0.00 93.47 94.49 90.04 
0 0 0 47.69 0.00000000 0.00000000 0.00 0.00 0.00 0.06 0.08 -0.29 0.01 -0.00 0.00 93.30 94.61 90.05 
0 0 0 47.79 0.00000000 0.00000000 0.00 0.00 0.00 0.05 0.07 -0.24 0.01 -0.01 0.00 93.53 94.22 90.03 
0 0 0 47.89 0.00000000 0.00000000 0.00 0.00 0.00 0.06 0.08 -0.32 0.01 -0.01 0.00 95.17 94.37 90.04 
0 0 0 47.99 0.00000000 0.00000000 0.00 0.00 0.00 0.07 0.07 -0.32 0.01 -0.02 0.00 93.46 94.27 90.05 
0 0 0 48.09 0.00000000 0.00000000 0.00 0.00 0.00 0.08 0.07 -0.39 0.01 -0.00 0.00 95.24 93.86 90.02 
0 0 0 48.19 0.00000000 0.00000000 0.00 0.00 0.00 0.06 0.08 -0.29 0.00 -0.01 0.00 93.55 94.39 90.04 
0 0 0 48.29 0.00000000 0.00000000 0.00 0.00 0.00 0.06 0.07 -0.31 0.02 -0.01 0.00 94.03 94.17 90.03 
0 0 0 48.39 0.00000000 0.00000000 0.00 0.00 0.00 0.06 0.08 -0.28 0.01 -0.01 0.00 93.35 94.41 90.05 
0 0 0 48.49 0.00000000 0.00000000 0.00 0.00 0.00 0.06 0.07 -0.30 0.01 -0.01 0.00 93.53 94.03 90.04 
0 0 0 48.59 0.00000000 0.00000000 0.00 0.00 0.00 0.07 0.08 -0.32 0.01 -0.01 0.00 93.74 94.37 90.03 
0 0 0 48.69 0.00000000 0.00000000 0.00 0.00 0.00 0.07 0.08 -0.30 0.02 -0.02 0.00 93.77 94.34 90.04 
0 0 0 48.79 0.00000000 0.00000000 0.00 0.00 0.00 0.07 0.07 -0.34 0.01 -0.01 0.00 93.89 93.94 90.05 
0 0 0 48.93 0.00000000 0.00000000 0.00 0.00 0.00 0.06 0.06 -0.31 0.01 -0.00 0.01 93.91 93.70 90.06 
0 0 0 49.06 0.00000000 0.00000000 0.00 0.00 0.00 0.06 0.07 -0.29 0.01 -0.01 0.00 93.62 94.20 90.05 
0 0 0 49.20 0.00000000 0.00000000 0.00 0.00 0.00 0.07 0.07 -0.28 0.01 -0.01 0.01 93.44 94.20 90.07 
0 0 0 49.34 0.00000000 0.00000000 0.00 0.00 0.00 0.07 0.07 -0.32 0.01 -0.00 0.00 93.77 94.19 90.05 
0 0 0 49.44 0.00000000 0.00000000 0.00 0.00 0.00 0.06 0.07 -0.28 0.02 -0.02 0.01 93.68 93.86 90.07 
0 0 0 49.54 0.00000000 0.00000000 0.00 0.00 0.00 0.07 0.07 -0.30 0.01 -0.01 0.00 93.71 93.94 90.03 
0 0 0 49.64 0.00000000 0.00000000 0.00 0.00 0.00 0.06 0.08 -0.28 0.01 -0.00 0.00 93.78 94.83 90.03 
0 0 0 49.74 0.00000000 0.00000000 0.00 0.00 0.00 0.07 0.08 -0.31 0.01 -0.01 0.01 93.73 94.59 90.06 
0 0 0 49.84 0.00000000 0.00000000 0.00 0.00 0.00 0.05 0.09 -0.29 0.01 -0.01 0.00 93.58 95.13 90.04 
0 0 0 49.94 0.00000000 0.00000000 0.00 0.00 0.00 0.07 0.08 -0.30 0.01 0.00 0.00 93.73 94.41 90.03 
0 0 0 50.04 0.00000000 0.00000000 0.00 0.00 0.00 0.06 0.08 -0.28 0.02 -0.01 0.00 93.70 94.63 90.02 
0 0 0 50.14 0.00000000 0.00000000 0.00 0.00 0.00 0.07 0.07 -0.32 0.01 -0.02 0.00 93.61 93.95 90.05 
0 0 0 50.24 0.00000000 0.00000000 0.00 0.00 0.00 0.07 0.06 -0.32 0.01 -0.02 0.01 93.46 93.69 90.08 
0 0 0 50.34 0.00000000 0.00000000 0.00 0.00 0.00 0.06 0.07 -0.26 0.01 -0.01 0.00 93.63 94.19 90.03 
0 0 0 50.44 0.00000000 0.00000000 0.00 0.00 0.00 0.06 0.08 -0.30 0.01 -0.01 0.00 93.54 94.59 90.04 
0 0 0 50.54 0.00000000 0.00000000 0.00 0.00 0.00 0.06 0.06 -0.25 0.02 -0.01 0.00 93.09 93.71 90.05 
0 0 0 50.64 0.00000000 0.00000000 0.00 0.00 0.00 0.06 0.09 -0.27 0.01 0.00 0.00 93.00 95.13 90.02 
0 0 0 50.74 0.00000000 0.00000000 0.00 0.00 0.00 0.06 0.08 -0.29 0.01 -0.01 0.00 93.41 94.41 90.05 
0 0 0 50.84 0.00000000 0.00000000 0.00 0.00 0.00 0.07 0.07 -0.31 0.01 -0.01 0.00 93.83 94.17 90.05 
0 0 0 50.95 0.00000000 0.00000000 0.00 0.00 0.00 0.07 0.06 -0.31 0.01 -0.02 0.00 93.61 93.46 90.05 
0 0 0 51.05 0.00000000 0.00000000 0.00 0.00 0.00 0.07 0.07 -0.35 0.01 -0.01 0.00 93.95 93.73 90.04 
0 0 0 51.15 0.00000000 0.00000000 0.00 0.00 0.00 0.07 0.07 -0.32 0.01 -0.01 0.00 93.76 94.12 90.06 
0 0 0 51.25 0.00000000 0.00000000 0.00 0.00 0.00 0.06 0.06 -0.27 0.02 -0.01 0.00 93.44 93.50 90.04 
0 0 0 51.35 0.00000000 0.00000000 0.00 0.00 0.00 0.06 0.08 -0.26 0.01 -0.01 0.00 93.13 94.68 90.04 
0 0 0 51.45 0.00000000 0.00000000 0.00 0.00 0.00 0.06 0.08 -0.29 0.01 -0.00 0.00 93.40 94.42 90.02 
0 0 0 51.55 0.00000000 0.00000000 0.00 0.00 0.00 0.06 0.07 -0.30 0.02 -0.02 0.00 93.72 93.88 90.00 
0 0 0 51.65 0.00000000 0.00000000 0.00 0.00 0.00 0.06 0.08 -0.28 0.01 -0.02 0.00 93.74 94.36 90.03 
0 0 0 51.75 0.00000000 0.00000000 0.00 0.00 0.00 0.06 0.08 -0.30 0.01 -0.01 0.00 93.37 94.64 90.04 
0 0 0 51.85 0.00000000 0.00000000 0.00 0.00 0.00 0.06 0.07 -0.27 0.02 -0.01 0.01 93.66 94.14 90.06 
0 0 0 51.95 0.00000000 0.00000000 0.00 0.00 0.00 0.06 0.07 -0.27 0.02 -0.02 0.01 93.52 94.16 90.06 
0 0 0 52.05 0.00000000 0.00000000 0.00 0.00 0.00 0.06 0.08 -0.28 0.01 -0.00 0.00 93.28 93.91 90.06 
0 0 0 52.15 0.00000000 0.00000000 0.00 0.00 0.00 0.06 0.07 -0.31 0.02 -0.01 0.00 93.40 94.12 90.02 
0 0 0 52.26 0.00000000 0.00000000 0.00 0.00 0.00 0.07 0.06 -0.32 0.02 -0.02 0.00 93.62 93.68 90.06 
0 0 0 52.36 0.00000000 0.00000000 0.00 0.00 0.00 0.06 0.07 -0.28 0.01 -0.00 0.00 93.32 93.73 90.04 
0 0 0 52.46 0.00000000 0.00000000 0.00 0.00 0.00 0.06 0.08 -0.26 0.01 -0.01 0.00 93.44 94.37 90.03 
0 0 0 52.56 0.00000000 0.00000000 0.00 0.00 0.00 0.05 0.08 -0.20 0.02 -0.01 0.01 93.37 94.19 90.01 
0 0 0 52.66 0.00000000 0.00000000 0.00 0.00 0.00 0.07 0.08 -0.30 0.01 -0.01 0.00 93.58 94.39 90.02 
0 0 0 52.76 0.00000000 0.00000000 0.00 0.00 0.00 0.06 0.07 -0.28 0.01 -0.00 0.00 93.64 94.17 90.03 
0 0 0 52.86 0.00000000 0.00000000 0.00 0.00 0.00 0.06 0.06 -0.31 0.01 -0.02 0.01 93.52 93.72 90.06 
0 0 0 52.96 0.00000000 0.00000000 0.00 0.00 0.00 0.07 0.07 -0.30 0.01 -0.01 0.01 93.89 93.95 90.06 
0 0 0 53.06 0.00000000 0.00000000 0.00 0.00 0.00 0.06 0.07 -0.29 0.02 -0.01 0.00 93.47 94.14 90.05 
0 0 0 53.16 0.00000000 0.00000000 0.00 0.00 0.00 0.07 0.08 -0.31 0.01 -0.01 0.00 93.42 94.41 90.04 
0 0 0 53.26 0.00000000 0.00000000 0.00 0.00 0.00 0.07 0.07 -0.32 0.01 -0.01 0.00 93.58 94.17 90.04 
0 0 0 53.36 0.00000000 0.00000000 0.00 0.00 0.00 0.06 0.07 -0.28 0.01 -0.01 0.01 93.64 94.14 90.06 
0 0 0 53.46 0.00000000 0.00000000 0.00 0.00 0.00 0.05 0.08 -0.26 0.01 -0.01 0.00 93.43 94.46 90.04 
0 0 0 53.56 0.00000000 0.00000000 0.00 0.00 0.00 0.06 0.08 -0.32 0.01 -0.01 0.00 93.62 94.57 90.05 
0 0 0 53.66 0.00000000 0.00000000 0.00 0.00 0.00 0.06 0.06 -0.28 0.02 -0.01 0.00 93.36 93.71 90.04 
0 0 0 53.77 0.00000000 0.00000000 0.00 0.00 0.00 0.06 0.08 -0.29 0.01 -0.01 0.00 93.83 94.36 90.04 
0 0 0 53.87 0.00000000 0.00000000 0.00 0.00 0.00 0.06 0.07 -0.29 0.01 -0.01 0.01 93.68 94.17 90.07 
0 0 0 53.97 0.00000000 0.00000000 0.00 0.00 0.00 0.07 0.07 -0.30 0.01 -0.01 0.00 93.42 93.97 90.05 
0 0 0 54.07 0.00000000 0.00000000 0.00 0.00 0.00 0.05 0.08 -0.23 0.01 -0.00 0.00 93.40 94.38 90.03 
0 0 0 54.17 0.00000000 0.00000000 0.00 0.00 0.00 0.06 0.08 -0.27 0.02 -0.01 0.00 93.29 94.43 90.03 
0 0 0 54.27 0.00000000 0.00000000 0.00 0.00 0.00 0.07 0.08 -0.32 0.01 -0.01 0.00 93.58 94.63 90.03 
0 0 0 54.37 0.00000000 0.00000000 0.00 0.00 0.00 0.06 0.08 -0.28 0.01 -0.01 0.00 93.72 94.41 90.03 
0 0 0 54.47 0.00000000 0.00000000 0.00 0.00 0.00 0.06 0.07 -0.27 0.01 -0.01 0.00 93.84 94.14 90.05 
0 0 0 54.57 0.00000000 0.00000000 0.00 0.00 0.00 0.06 0.07 -0.29 0.01 -0.01 0.00 93.72 94.14 90.02 
0 0 0 54.67 0.00000000 0.00000000 0.00 0.00 0.00 -0.20 0.05 0.46 0.02 0.00 0.00 77.42 92.72 90.05 
0 0 0 54.77 0.00000000 0.00000000 0.00 0.00 0.00 0.06 0.07 -0.30 0.01 -0.00 0.00 92.97 93.95 90.04 
0 0 0 54.87 0.00000000 0.00000000 0.00 0.00 0.00 0.07 0.08 -0.31 0.02 -0.00 0.00 93.76 94.84 90.05 
0 0 0 54.97 0.00000000 0.00000000 0.00 0.00 0.00 0.06 0.06 -0.29 0.01 -0.02 0.00 93.53 93.51 90.05 
0 0 0 55.07 0.00000000 0.00000000 0.00 0.00 0.00 0.06 0.07 -0.29 0.01 -0.01 0.00 93.54 93.75 90.05 
0 0 0 55.17 0.00000000 0.00000000 0.00 0.00 0.00 0.04 0.09 -0.20 0.01 -0.01 0.00 93.02 94.99 90.04 
0 0 0 55.28 0.00000000 0.00000000 0.00 0.00 0.00 0.06 0.07 -0.26 0.02 -0.02 0.00 93.17 93.94 90.05 
0 0 0 55.38 0.00000000 0.00000000 0.00 0.00 0.00 0.06 0.08 -0.29 0.01 -0.01 0.00 93.51 94.59 90.02 
0 0 0 55.48 0.00000000 0.00000000 0.00 0.00 0.00 0.06 0.07 -0.27 0.01 -0.00 0.00 93.31 94.02 90.02 
0 0 0 55.58 0.00000000 0.00000000 0.00 0.00 0.00 0.07 0.07 -0.32 0.01 -0.02 0.00 93.50 94.15 90.06 
0 0 0 55.68 0.00000000 0.00000000 0.00 0.00 0.00 0.07 0.08 -0.33 0.02 -0.01 0.00 93.98 94.82 90.04 
0 0 0 55.78 0.00000000 0.00000000 0.00 0.00 0.00 0.06 0.07 -0.29 0.01 -0.00 0.00 93.44 93.97 90.02 
0 0 0 55.88 0.00000000 0.00000000 0.00 0.00 0.00 0.06 0.07 -0.31 0.02 -0.02 0.00 93.60 94.12 90.04 
0 0 0 55.98 0.00000000 0.00000000 0.00 0.00 0.00 0.06 0.08 -0.27 0.01 -0.02 0.00 93.64 94.54 90.05 
0 0 0 56.08 0.00000000 0.00000000 0.00 0.00 0.00 0.05 0.07 -0.25 0.01 -0.01 0.00 93.22 93.99 90.03 
0 0 0 56.18 0.00000000 0.00000000 0.00 0.00 0.00 0.05 0.08 -0.23 0.01 -0.00 0.00 93.44 94.87 90.04 
0 0 0 56.28 0.00000000 0.00000000 0.00 0.00 0.00 0.07 0.07 -0.33 0.01 -0.00 0.00 93.63 94.17 90.06 
0 0 0 56.38 0.00000000 0.00000000 0.00 0.00 0.00 0.06 0.07 -0.29 0.02 -0.01 0.00 93.72 93.73 90.03 
0 0 0 56.48 0.00000000 0.00000000 0.00 0.00 0.00 0.06 0.08 -0.25 0.01 -0.02 0.00 93.69 94.37 90.03 
0 0 0 56.58 0.00000000 0.00000000 0.00 0.00 0.00 0.06 0.06 -0.29 0.01 -0.01 0.00 93.41 93.70 90.06 
0 0 0 56.69 0.00000000 0.00000000 0.00 0.00 0.00 0.06 0.07 -0.29 0.01 -0.01 0.00 93.56 93.95 90.03 
0 0 0 56.79 0.00000000 0.00000000 0.00 0.00 0.00 0.06 0.07 -0.30 0.01 -0.01 0.00 92.88 94.25 90.06 
0 0 0 56.89 0.00000000 0.00000000 0.00 0.00 0.00 0.06 0.07 -0.27 0.01 -0.00 0.00 93.40 94.24 90.02 
0 0 0 56.99 0.00000000 0.00000000 0.00 0.00 0.00 0.07 0.07 -0.31 0.01 -0.01 0.00 93.81 93.76 90.06 
0 0 0 57.09 0.00000000 0.00000000 0.00 0.00 0.00 0.06 0.07 -0.29 0.02 -0.01 0.01 93.83 94.17 90.07 
0 0 0 57.19 0.00000000 0.00000000 0.00 0.00 0.00 0.06 0.07 -0.28 0.01 -0.01 0.01 93.51 93.94 90.07 
0 0 0 57.29 0.00000000 0.00000000 0.00 0.00 0.00 0.06 0.07 -0.28 0.01 -0.02 0.00 93.50 93.91 90.04 
0 0 0 57.39 0.00000000 0.00000000 0.00 0.00 0.00 0.07 0.06 -0.32 0.02 -0.01 0.00 93.72 93.72 90.03 
0 0 0 57.49 0.00000000 0.00000000 0.00 0.00 0.00 0.06 0.07 -0.27 0.01 -0.01 0.00 93.30 93.97 90.03 
0 0 0 57.59 0.00000000 0.00000000 0.00 0.00 0.00 0.06 0.08 -0.26 0.01 -0.01 0.00 93.52 94.44 90.03 
0 0 0 57.69 0.00000000 0.00000000 0.00 0.00 0.00 0.06 0.06 -0.28 0.01 -0.01 0.00 93.68 93.71 90.03 
0 0 0 57.79 0.00000000 0.00000000 0.00 0.00 0.00 0.06 0.07 -0.28 0.01 -0.01 0.00 93.68 93.91 90.03 
0 0 0 57.89 0.00000000 0.00000000 0.00 0.00 0.00 0.06 0.07 -0.29 0.01 -0.01 0.00 93.72 93.95 90.05 
0 0 0 57.99 0.00000000 0.00000000 0.00 0.00 0.00 0.06 0.07 -0.28 0.01 -0.02 0.00 93.92 93.91 90.03 
0 0 0 58.09 0.00000000 0.00000000 0.00 0.00 0.00 0.08 0.06 -0.37 0.02 -0.01 -0.00 94.35 93.27 90.00 
0 0 0 58.20 0.00000000 0.00000000 0.00 0.00 0.00 0.08 0.06 -0.38 0.01 -0.02 0.01 93.77 93.48 90.12 
0 0 0 58.30 0.00000000 0.00000000 0.00 0.00 0.00 0.04 0.08 -0.21 0.02 -0.00 0.00 92.45 94.76 90.03 
0 0 0 58.40 0.00000000 0.00000000 0.00 0.00 0.00 0.05 0.09 -0.24 0.01 -0.02 0.00 92.73 94.91 90.04 
0 0 0 58.50 0.00000000 0.00000000 0.00 0.00 0.00 0.04 0.07 -0.19 0.00 -0.02 0.00 92.92 93.93 90.06 
0 0 0 58.60 0.00000000 0.00000000 0.00 0.00 0.00 0.06 0.07 -0.30 0.01 -0.01 0.00 94.22 94.14 90.04 
0 0 0 58.70 0.00000000 0.00000000 0.00 0.00 0.00 0.07 0.07 -0.33 0.02 -0.02 0.01 94.16 93.93 90.08 
0 0 0 58.80 0.00000000 0.00000000 0.00 0.00 0.00 0.07 0.06 -0.33 0.02 -0.02 0.00 94.12 93.70 90.05 
0 0 0 58.90 0.00000000 0.00000000 0.00 0.00 0.00 0.06 0.07 -0.32 0.01 -0.01 0.00 93.36 94.00 90.04 
0 0 0 59.00 0.00000000 0.00000000 0.00 0.00 0.00 0.06 0.08 -0.29 0.01 -0.00 0.00 93.39 94.39 90.06 
0 0 0 59.10 0.00000000 0.00000000 0.00 0.00 0.00 0.06 0.07 -0.26 0.02 -0.01 0.00 93.28 94.11 90.05 
0 0 0 59.20 0.00000000 0.00000000 0.00 0.00 0.00 0.05 0.06 -0.25 0.02 -0.01 0.00 93.06 93.72 90.02 
0 0 0 59.31 0.00000000 0.00000000 0.00 0.00 0.00 0.07 0.08 -0.34 0.01 -0.01 0.00 94.29 94.59 90.01 
0 0 0 59.41 0.00000000 0.00000000 0.00 0.00 0.00 0.08 0.06 -0.34 0.02 -0.02 0.00 93.74 93.50 90.03 
0 0 0 59.51 0.00000000 0.00000000 0.00 0.00 0.00 0.06 0.07 -0.30 0.02 -0.01 0.00 93.33 94.16 90.06 
0 0 0 59.61 0.00000000 0.00000000 0.00 0.00 0.00 0.06 0.07 -0.27 0.01 -0.00 0.00 93.16 94.03 90.02 
0 0 0 59.71 0.00000000 0.00000000 0.00 0.00 0.00 0.05 0.09 -0.23 0.01 -0.00 0.00 92.96 94.89 90.04 
0 0 0 59.81 0.00000000 0.00000000 0.00 0.00 0.00 0.06 0.07 -0.30 0.01 -0.02 0.00 93.68 94.12 90.04 
0 0 0 59.91 0.00000000 0.00000000 0.00 0.00 0.00 0.07 0.07 -0.34 0.01 -0.01 0.00 93.88 93.95 90.05 
0 0 0 60.01 0.00000000 0.00000000 0.00 0.00 0.00 0.07 0.07 -0.29 0.02 -0.01 0.00 93.73 93.95 90.05 
0 0 0 60.11 0.00000000 0.00000000 0.00 0.00 0.00 0.06 0.07 -0.30 0.01 -0.01 0.01 93.39 93.89 90.06 
0 0 0 60.21 0.00000000 0.00000000 0.00 0.00 0.00 0.07 0.07 -0.31 0.01 -0.01 0.00 93.23 93.97 90.06 
0 0 0 60.31 0.00000000 0.00000000 0.00 0.00 0.00 0.06 0.10 -0.27 0.01 -0.00 0.00 94.53 95.48 90.05 
0 0 0 60.41 0.00000000 0.00000000 0.00 0.00 0.00 0.06 0.08 -0.28 0.01 -0.01 0.00 93.31 94.56 90.04 
0 0 0 60.51 0.00000000 0.00000000 0.00 0.00 0.00 0.06 0.07 -0.30 0.01 -0.02 0.00 93.53 94.09 90.04 
0 0 0 60.61 0.00000000 0.00000000 0.00 0.00 0.00 0.06 0.08 -0.28 0.01 -0.01 0.00 93.65 94.37 90.04 
0 0 0 60.71 0.00000000 0.00000000 0.00 0.00 0.00 0.05 0.07 -0.24 0.01 -0.01 0.01 93.56 93.92 90.06 
0 0 0 60.81 0.00000000 0.00000000 0.00 0.00 0.00 0.07 0.06 -0.33 0.02 -0.01 0.00 93.45 94.36 90.04 
0 0 0 60.91 0.00000000 0.00000000 0.00 0.00 0.00 0.07 0.07 -0.31 0.01 -0.01 0.00 93.56 94.19 90.04 
0 0 0 61.02 0.00000000 0.00000000 0.00 0.00 0.00 0.05 0.07 -0.22 0.01 -0.01 0.00 93.30 93.93 90.03 
0 0 0 61.12 0.00000000 0.00000000 0.00 0.00 0.00 0.06 0.08 -0.28 0.01 -0.00 0.00 93.71 94.64 90.04 
0 0 0 61.22 0.00000000 0.00000000 0.00 0.00 0.00 0.07 0.08 -0.32 0.01 -0.01 0.01 93.78 94.68 90.07 
0 0 0 61.32 0.00000000 0.00000000 0.00 0.00 0.00 0.06 0.07 -0.26 0.01 -0.01 0.01 93.33 94.16 90.06 
0 0 0 61.42 0.00000000 0.00000000 0.00 0.00 0.00 0.06 0.08 -0.29 0.01 -0.01 0.00 93.50 94.83 90.05 
0 0 0 61.52 0.00000000 0.00000000 0.00 0.00 0.00 0.06 0.07 -0.31 0.01 -0.01 0.00 93.30 94.20 90.03 
0 0 0 61.62 0.00000000 0.00000000 0.00 0.00 0.00 0.06 0.07 -0.29 0.01 -0.01 0.00 93.72 93.92 90.04 
0 0 0 61.72 0.00000000 0.00000000 0.00 0.00 0.00 0.06 0.07 -0.29 0.01 -0.01 0.01 93.83 94.20 90.06 
0 0 0 61.82 0.00000000 0.00000000 0.00 0.00 0.00 0.06 0.08 -0.28 0.01 -0.01 0.01 93.56 94.42 90.07 
0 0 0 61.92 0.00000000 0.00000000 0.00 0.00 0.00 0.06 0.06 -0.28 0.02 -0.02 0.00 93.38 93.66 90.02 
0 0 0 62.02 0.00000000 0.00000000 0.00 0.00 0.00 0.05 0.08 -0.24 0.01 -0.01 0.00 93.39 94.43 90.03 
0 0 0 62.12 0.00000000 0.00000000 0.00 0.00 0.00 0.06 0.08 -0.29 0.01 -0.00 0.00 93.32 94.63 90.03 
0 0 0 62.22 0.00000000 0.00000000 0.00 0.00 0.00 0.06 0.08 -0.27 0.01 -0.02 0.00 93.62 94.36 90.05 
0 0 0 62.32 0.00000000 0.00000000 0.00 0.00 0.00 0.05 0.08 -0.23 0.01 -0.01 0.00 92.96 94.43 90.04 
0 0 0 62.43 0.00000000 0.00000000 0.00 0.00 0.00 0.07 0.08 -0.30 0.01 -0.01 0.00 93.94 94.83 90.05 
0 0 0 62.53 0.00000000 0.00000000 0.00 0.00 0.00 0.07 0.07 -0.31 0.01 -0.01 0.01 93.80 94.11 90.06 
0 0 0 62.63 0.00000000 0.00000000 0.00 0.00 0.00 0.06 0.07 -0.31 0.01 -0.02 0.00 93.90 94.14 90.03 
0 0 0 62.73 0.00000000 0.00000000 0.00 0.00 0.00 0.07 0.07 -0.29 0.01 -0.01 0.00 93.88 93.76 90.05 
0 0 0 62.83 0.00000000 0.00000000 0.00 0.00 0.00 0.06 0.08 -0.26 0.01 -0.01 0.01 93.15 94.61 90.06 
0 0 0 62.93 0.00000000 0.00000000 0.00 0.00 0.00 0.07 0.07 -0.30 0.02 -0.02 0.00 93.50 94.17 90.03 
0 0 0 63.03 0.00000000 0.00000000 0.00 0.00 0.00 0.05 0.07 -0.27 0.01 -0.01 0.00 93.70 93.99 90.05 
0 0 0 63.13 0.00000000 0.00000000 0.00 0.00 0.00 0.06 0.07 -0.32 0.01 -0.00 0.00 93.50 94.22 90.04 
0 0 0 63.23 0.00000000 0.00000000 0.00 0.00 0.00 0.07 0.07 -0.30 0.02 -0.01 0.00 93.49 93.94 90.04 
0 0 0 63.33 0.00000000 0.00000000 0.00 0.00 0.00 0.07 0.08 -0.30 0.01 -0.02 0.00 93.57 94.37 90.04 
0 0 0 63.43 0.00000000 0.00000000 0.00 0.00 0.00 0.06 0.07 -0.29 0.01 -0.01 0.00 93.69 94.20 90.05 
0 0 0 63.53 0.00000000 0.00000000 0.00 0.00 0.00 0.06 0.07 -0.29 0.02 -0.02 0.00 93.50 94.17 90.05 
0 0 0 63.63 0.00000000 0.00000000 0.00 0.00 0.00 0.06 0.07 -0.30 0.02 -0.02 0.00 93.40 94.09 90.04 
0 0 0 63.73 0.00000000 0.00000000 0.00 0.00 0.00 0.06 0.06 -0.29 0.01 -0.02 0.00 93.29 93.71 90.04 
0 0 0 63.83 0.00000000 0.00000000 0.00 0.00 0.00 0.05 0.09 -0.25 0.02 -0.01 0.00 93.10 94.92 90.03 
0 0 0 63.94 0.00000000 0.00000000 0.00 0.00 0.00 0.06 0.07 -0.28 0.02 -0.02 0.00 93.35 94.16 90.04 
0 0 0 64.04 0.00000000 0.00000000 0.00 0.00 0.00 0.07 0.07 -0.31 0.01 -0.01 0.00 93.79 94.09 90.05 
0 0 0 64.14 0.00000000 0.00000000 0.00 0.00 0.00 0.06 0.07 -0.30 0.00 -0.01 0.00 93.66 93.95 90.03 
0 0 0 64.24 0.00000000 0.00000000 0.00 0.00 0.00 0.06 0.07 -0.27 0.02 -0.00 0.01 93.49 94.17 90.06 
0 0 0 64.34 0.00000000 0.00000000 0.00 0.00 0.00 0.06 0.06 -0.28 0.01 -0.01 0.01 93.73 93.27 90.06 
0 0 0 64.44 0.00000000 0.00000000 0.00 0.00 0.00 0.06 0.07 -0.28 0.00 -0.01 0.01 93.64 93.97 90.07 
0 0 0 64.54 0.00000000 0.00000000 0.00 0.00 0.00 0.06 0.08 -0.24 0.01 -0.01 0.00 94.07 94.29 90.02 
0 0 0 64.64 0.00000000 0.00000000 0.00 0.00 0.00 0.06 0.06 -0.31 0.01 -0.02 0.01 93.41 93.70 90.07 
0 0 0 64.74 0.00000000 0.00000000 0.00 0.00 0.00 0.06 0.08 -0.28 0.01 -0.01 0.00 93.62 94.37 90.04 
0 0 0 64.84 0.00000000 0.00000000 0.00 0.00 0.00 0.05 0.08 -0.25 -0.00 -0.01 0.00 93.08 94.43 90.05 
0 0 0 64.95 0.00000000 0.00000000 0.00 0.00 0.00 0.06 0.07 -0.31 0.01 -0.02 0.00 93.60 94.36 90.04 
0 0 0 65.05 0.00000000 0.00000000 0.00 0.00 0.00 0.06 0.07 -0.28 0.00 -0.00 0.00 93.45 93.43 90.04 
0 0 0 65.15 0.00000000 0.00000000 0.00 0.00 0.00 0.06 0.07 -0.29 0.01 -0.00 0.01 93.73 94.20 90.06 
0 0 0 65.26 0.00000000 0.00000000 0.00 0.00 0.00 0.06 0.07 -0.26 0.02 -0.01 0.00 93.65 93.92 90.05 
0 0 0 65.36 0.00000000 0.00000000 0.00 0.00 0.00 0.06 0.07 -0.27 0.01 -0.01 0.01 93.45 93.94 90.07 
0 0 0 65.47 0.00000000 0.00000000 0.00 0.00 0.00 0.06 0.07 -0.31 0.01 -0.01 0.00 93.72 94.17 90.06 
0 0 0 65.60 0.00000000 0.00000000 0.00 0.00 0.00 0.06 0.08 -0.27 0.01 -0.01 0.00 93.34 94.37 90.04 
0 0 0 65.74 0.00000000 0.00000000 0.00 0.00 0.00 0.05 0.07 -0.26 0.01 -0.01 0.00 93.40 93.95 90.04 
0 0 0 65.87 0.00000000 0.00000000 0.00 0.00 0.00 0.07 0.08 -0.32 0.01 -0.01 0.00 93.29 94.34 90.05 
0 0 0 66.01 0.00000000 0.00000000 0.00 0.00 0.00 0.06 0.06 -0.31 0.02 -0.02 0.00 93.81 93.69 90.05 
0 0 0 66.11 0.00000000 0.00000000 0.00 0.00 0.00 0.06 0.07 -0.31 0.01 -0.01 0.00 93.54 93.92 90.05 
0 0 0 66.21 0.00000000 0.00000000 0.00 0.00 0.00 0.06 0.08 -0.24 0.01 -0.01 0.00 93.47 94.65 90.03 
0 0 0 66.32 0.00000000 0.00000000 0.00 0.00 0.00 0.06 0.06 -0.30 0.01 -0.01 0.01 93.87 94.17 90.07 
0 0 0 66.42 0.00000000 0.00000000 0.00 0.00 0.00 0.07 0.07 -0.33 0.01 -0.02 0.00 93.74 94.19 90.06 
0 0 0 66.52 0.00000000 0.00000000 0.00 0.00 0.00 0.06 0.08 -0.30 0.01 -0.00 0.00 93.54 94.86 90.03 
0 0 0 66.62 0.00000000 0.00000000 0.00 0.00 0.00 0.06 0.07 -0.30 0.02 -0.02 0.00 93.56 93.89 90.05 
0 0 0 66.72 0.00000000 0.00000000 0.00 0.00 0.00 0.07 0.07 -0.31 0.01 -0.02 0.01 93.64 93.86 90.06 
0 0 0 66.82 0.00000000 0.00000000 0.00 0.00 0.00 0.07 0.09 -0.31 0.01 -0.01 0.00 93.54 95.04 90.05 
0 0 0 66.93 0.00000000 0.00000000 0.00 0.00 0.00 0.06 0.07 -0.29 0.01 -0.01 0.00 93.72 94.46 90.02 
0 0 0 67.03 0.00000000 0.00000000 0.00 0.00 0.00 0.06 0.08 -0.31 0.02 -0.02 0.00 93.27 94.57 90.05 
0 0 0 67.13 0.00000000 0.00000000 0.00 0.00 0.00 0.07 0.07 -0.32 0.01 -0.00 0.00 93.78 94.22 90.05 
0 0 0 67.23 0.00000000 0.00000000 0.00 0.00 0.00 0.06 0.08 -0.28 0.01 -0.02 0.00 93.72 94.66 90.03 
0 0 0 67.34 0.00000000 0.00000000 0.00 0.00 0.00 0.06 0.07 -0.29 0.01 -0.00 0.00 93.10 94.36 90.08 
0 0 0 67.44 0.00000000 0.00000000 0.00 0.00 0.00 0.06 0.08 -0.30 0.02 0.00 0.00 93.30 94.46 90.03 
0 0 0 67.54 0.00000000 0.00000000 0.00 0.00 0.00 0.06 0.08 -0.26 0.02 -0.01 0.00 93.50 94.39 90.05 
0 0 0 67.65 0.00000000 0.00000000 0.00 0.00 0.00 0.06 0.07 -0.28 0.01 -0.01 0.00 93.60 94.14 90.05 
0 0 0 67.75 0.00000000 0.00000000 0.00 0.00 0.00 0.06 0.07 -0.30 0.02 -0.02 0.00 93.72 94.19 90.05 
0 0 0 67.85 0.00000000 0.00000000 0.00 0.00 0.00 0.06 0.07 -0.26 0.02 -0.02 0.01 93.57 93.95 90.06 
0 0 0 67.95 0.00000000 0.00000000 0.00 0.00 0.00 0.06 0.07 -0.30 0.01 -0.02 0.00 93.48 93.92 90.06 
0 0 0 68.05 0.00000000 0.00000000 0.00 0.00 0.00 0.05 0.07 -0.20 0.01 -0.00 0.00 93.55 94.19 90.03 
0 0 0 68.16 0.00000000 0.00000000 0.00 0.00 0.00 0.07 0.07 -0.30 0.01 -0.02 0.00 93.41 94.46 90.04 
0 0 0 68.26 0.00000000 0.00000000 0.00 0.00 0.00 0.06 0.07 -0.30 0.01 -0.02 0.00 93.71 93.92 90.05 
0 0 0 68.36 0.00000000 0.00000000 0.00 0.00 0.00 0.05 0.08 -0.24 0.01 -0.01 0.00 93.73 94.41 90.05 
0 0 0 68.46 0.00000000 0.00000000 0.00 0.00 0.00 0.07 0.07 -0.30 0.01 -0.01 0.00 93.41 94.15 90.03 
0 0 0 68.56 0.00000000 0.00000000 0.00 0.00 0.00 0.06 0.06 -0.29 0.01 -0.02 0.00 93.61 93.52 90.06 
0 0 0 68.66 0.00000000 0.00000000 0.00 0.00 0.00 0.09 0.08 -0.46 0.00 -0.01 0.00 91.36 94.74 90.05 
0 0 0 68.76 0.00000000 0.00000000 0.00 0.00 0.00 0.06 0.08 -0.28 0.02 -0.01 0.00 93.54 94.65 90.05 
0 0 0 68.87 0.00000000 0.00000000 0.00 0.00 0.00 0.06 0.07 -0.28 0.01 -0.03 0.01 93.74 93.97 90.07 
0 0 0 68.97 0.00000000 0.00000000 0.00 0.00 0.00 0.06 0.06 -0.27 0.01 -0.02 0.01 93.56 93.50 90.06 
0 0 0 69.07 0.00000000 0.00000000 0.00 0.00 0.00 0.06 0.07 -0.28 0.01 -0.00 0.01 93.81 94.20 90.08 
0 0 0 69.17 0.00000000 0.00000000 0.00 0.00 0.00 0.07 0.06 -0.30 0.01 -0.01 0.00 94.02 93.49 90.03 
0 0 0 69.27 0.00000000 0.00000000 0.00 0.00 0.00 0.06 0.07 -0.29 0.00 -0.01 0.00 93.67 93.89 90.05 
0 0 0 69.37 0.00000000 0.00000000 0.00 0.00 0.00 0.07 0.08 -0.36 0.02 0.00 0.00 93.53 94.61 90.04 
0 0 0 69.47 0.00000000 0.00000000 0.00 0.00 0.00 0.07 0.07 -0.31 0.02 -0.01 0.00 93.77 93.95 90.06 
0 0 0 69.58 0.00000000 0.00000000 0.00 0.00 0.00 0.07 0.07 -0.33 0.01 -0.01 0.00 93.84 93.95 90.05 
0 0 0 69.68 0.00000000 0.00000000 0.00 0.00 0.00 0.06 0.07 -0.27 0.01 -0.01 0.00 93.66 94.19 90.00 
0 0 0 69.78 0.00000000 0.00000000 0.00 0.00 0.00 0.05 0.06 -0.25 0.01 -0.01 0.00 93.57 93.57 90.05 
0 0 0 69.88 0.00000000 0.00000000 0.00 0.00 0.00 0.05 0.07 -0.27 0.02 -0.01 0.00 93.76 93.90 90.04 
0 0 0 69.98 0.00000000 0.00000000 0.00 0.00 0.00 0.06 0.08 -0.25 0.01 -0.01 0.01 93.28 94.81 90.07 
0 0 0 70.08 0.00000000 0.00000000 0.00 0.00 0.00 0.07 0.07 -0.31 0.01 -0.01 0.00 93.27 94.03 90.00 
0 0 0 70.18 0.00000000 0.00000000 0.00 0.00 0.00 0.07 0.08 -0.30 0.02 -0.01 0.00 93.42 94.39 90.05 
0 0 0 70.28 0.00000000 0.00000000 0.00 0.00 0.00 0.05 0.07 -0.23 0.01 -0.01 0.00 93.15 94.16 90.04 
0 0 0 70.38 0.00000000 0.00000000 0.00 0.00 0.00 0.06 0.06 -0.28 0.02 -0.01 0.00 93.49 93.66 90.05 
0 0 0 70.48 0.00000000 0.00000000 0.00 0.00 0.00 0.07 0.08 -0.36 0.01 -0.00 0.00 93.62 94.63 90.06 
0 0 0 70.58 0.00000000 0.00000000 0.00 0.00 0.00 0.05 0.07 -0.22 0.01 -0.01 0.00 93.14 93.99 90.04 
0 0 0 70.69 0.00000000 0.00000000 0.00 0.00 0.00 0.06 0.08 -0.28 0.01 -0.00 0.00 93.51 93.50 90.03 
0 0 0 70.79 0.00000000 0.00000000 0.00 0.00 0.00 0.07 0.08 -0.31 0.01 -0.01 0.00 93.77 94.42 90.05 
