0 0 0 0 0 0 1.68 0 0.00000000 0.00000000 0.00 0.00 0.00 0.00 0.00 0.00 
0 0 0 0 0 0 1.78 0 0.00000000 0.00000000 0.00 0.00 0.00 0.00 0.00 0.00 
0 0 0 0 0 0 1.80 0 0.00000000 0.00000000 0.00 0.00 0.00 0.00 0.00 0.00 
0 0 0 0 0 0 1.82 0 0.00000000 0.00000000 0.00 0.00 0.00 0.00 0.00 0.00 
0 0 0 0 0 0 1.85 0 0.00000000 0.00000000 0.00 0.00 0.00 0.00 0.00 0.00 
0 0 0 0 0 0 1.87 0 0.00000000 0.00000000 0.00 0.00 0.00 0.00 0.00 0.00 
0 0 0 0 0 0 1.89 0 0.00000000 0.00000000 0.00 0.00 0.00 0.00 0.00 0.00 
0 0 0 0 0 0 1.91 0 0.00000000 0.00000000 0.00 0.00 0.00 0.00 0.00 0.00 
0 0 0 0 0 0 1.94 0 0.00000000 0.00000000 0.00 0.00 0.00 0.00 0.00 0.00 
0 0 0 0 0 0 1.96 0 0.00000000 0.00000000 0.00 0.00 0.00 0.00 0.00 0.00 
0 0 0 0 0 0 1.98 0 0.00000000 0.00000000 0.00 0.00 0.00 0.00 0.00 0.00 
0 0 0 0 0 0 2.01 0 0.00000000 0.00000000 0.00 0.00 0.00 22.61 51.70 0.00 
0 0 0 0 0 0 2.03 0 0.00000000 0.00000000 0.00 0.00 0.00 22.61 51.70 0.00 
0 0 0 0 0 0 2.06 0 0.00000000 0.00000000 0.00 0.00 0.00 22.61 51.70 0.00 
0 0 0 0 0 0 2.08 0 0.00000000 0.00000000 0.00 0.00 0.00 22.61 51.70 0.00 
0 0 0 0 0 0 2.11 0 0.00000000 0.00000000 0.00 0.00 0.00 22.61 51.70 0.00 
0 0 0 0 0 0 2.13 0 0.00000000 0.00000000 0.00 0.00 0.00 22.61 51.70 0.00 
0 0 0 0 0 0 2.15 0 0.00000000 0.00000000 0.00 0.00 0.00 22.61 51.70 0.00 
0 0 0 0 0 0 2.17 0 0.00000000 0.00000000 0.00 0.00 0.00 22.61 51.70 0.00 
0 0 0 0 0 0 2.20 0 0.00000000 0.00000000 0.00 0.00 0.00 22.61 51.70 0.00 
0 0 0 0 0 0 2.22 0 0.00000000 0.00000000 0.00 0.00 0.00 22.61 51.70 0.00 
0 0 0 0 0 0 2.27 0 0.00000000 0.00000000 0.00 0.00 0.00 22.61 51.70 0.00 
0 0 0 0 0 0 2.29 0 0.00000000 0.00000000 0.00 0.00 0.00 22.61 51.70 0.00 
0 0 0 0 0 0 2.32 0 0.00000000 0.00000000 0.00 0.00 0.00 22.61 51.70 0.00 
0 0 0 0 0 0 2.34 0 0.00000000 0.00000000 0.00 0.00 0.00 22.61 51.70 0.00 
0 0 0 0 0 0 2.36 0 0.00000000 0.00000000 0.00 0.00 0.00 22.61 51.70 0.00 
0 0 0 0 0 0 2.38 0 0.00000000 0.00000000 0.00 0.00 0.00 22.61 51.70 0.00 
0 0 0 0 0 0 2.41 0 0.00000000 0.00000000 0.00 0.00 0.00 22.61 51.70 0.00 
0 0 0 0 0 0 2.43 0 0.00000000 0.00000000 0.00 0.00 0.00 22.61 51.70 0.00 
0 0 0 0 0 0 2.46 0 0.00000000 0.00000000 0.00 0.00 0.00 22.61 51.70 0.00 
0 0 0 0 0 0 2.48 0 0.00000000 0.00000000 0.00 0.00 0.00 22.61 51.70 0.00 
0 0 0 0 0 0 2.50 0 0.00000000 0.00000000 0.00 0.00 0.00 22.61 51.70 0.00 
0 0 0 0 0 0 2.52 0 0.00000000 0.00000000 0.00 0.00 0.00 22.61 51.70 0.00 
0 0 0 0 0 0 2.55 0 0.00000000 0.00000000 0.00 0.00 0.00 22.61 51.70 0.00 
0 0 0 0 0 0 2.57 0 0.00000000 0.00000000 0.00 0.00 0.00 22.61 51.70 0.00 
0 0 0 0 0 0 2.60 0 0.00000000 0.00000000 0.00 0.00 0.00 22.61 51.70 0.00 
0 0 0 0 0 0 2.62 0 0.00000000 0.00000000 0.00 0.00 0.00 22.61 51.70 0.00 
0 0 0 0 0 0 2.64 0 0.00000000 0.00000000 0.00 0.00 0.00 22.61 51.70 0.00 
0 0 0 0 0 0 2.66 0 0.00000000 0.00000000 0.00 0.00 0.00 22.61 51.70 0.00 
0 0 0 0 0 0 2.69 0 0.00000000 0.00000000 0.00 0.00 0.00 22.61 51.70 0.00 
0 0 0 0 0 0 2.71 0 0.00000000 0.00000000 0.00 0.00 0.00 22.61 51.70 0.00 
0 0 0 0 0 0 2.73 0 0.00000000 0.00000000 0.00 0.00 0.00 22.61 51.70 0.00 
0 0 0 0 0 0 2.76 0 0.00000000 0.00000000 0.00 0.00 0.00 22.61 51.70 0.00 
0 0 0 0 0 0 2.78 0 0.00000000 0.00000000 0.00 0.00 0.00 22.61 51.70 0.00 
0 0 0 0 0 0 2.80 0 0.00000000 0.00000000 0.00 0.00 0.00 22.61 51.70 0.00 
0 0 0 0 0 0 2.83 0 0.00000000 0.00000000 0.00 0.00 0.00 22.61 51.70 0.00 
0 0 0 0 0 0 2.85 0 0.00000000 0.00000000 0.00 0.00 0.00 22.61 51.70 0.00 
0 0 0 0 0 0 2.87 0 0.00000000 0.00000000 0.00 0.00 0.00 22.61 51.70 0.00 
0 0 0 0 0 0 2.90 0 0.00000000 0.00000000 0.00 0.00 0.00 22.61 51.70 0.00 
0 0 0 0 0 0 2.92 0 0.00000000 0.00000000 0.00 0.00 0.00 22.61 51.70 0.00 
0 0 0 0 0 0 2.95 0 0.00000000 0.00000000 0.00 0.00 0.00 22.61 51.70 0.00 
0 0 0 0 0 0 2.97 0 0.00000000 0.00000000 0.00 0.00 0.00 22.61 51.70 0.00 
0 0 0 0 0 0 2.99 0 0.00000000 0.00000000 0.00 0.00 0.00 22.61 51.70 0.00 
0 0 0 0 0 0 3.02 0 0.00000000 0.00000000 0.00 0.00 0.00 23.76 48.61 0.00 
0 0 0 0 0 0 3.04 0 0.00000000 0.00000000 0.00 0.00 0.00 23.76 48.61 0.00 
0 0 0 0 0 0 3.06 0 0.00000000 0.00000000 0.00 0.00 0.00 23.76 48.61 0.00 
0 0 0 0 0 0 3.10 0 0.00000000 0.00000000 0.00 0.00 0.00 23.76 48.61 0.00 
0 0 0 0 0 0 3.12 0 0.00000000 0.00000000 0.00 0.00 0.00 23.76 48.61 0.00 
0 0 0 0 0 0 3.15 0 0.00000000 0.00000000 0.00 0.00 0.00 23.76 48.61 0.00 
0 0 0 0 0 0 3.17 0 0.00000000 0.00000000 0.00 0.00 0.00 23.76 48.61 0.00 
0 0 0 0 0 0 3.19 0 0.00000000 0.00000000 0.00 0.00 0.00 23.76 48.61 0.00 
0 0 0 0 0 0 3.21 0 0.00000000 0.00000000 0.00 0.00 0.00 23.76 48.61 0.00 
0 0 0 0 0 0 3.24 0 0.00000000 0.00000000 0.00 0.00 0.00 23.76 48.61 0.00 
0 0 0 0 0 0 3.26 0 0.00000000 0.00000000 0.00 0.00 0.00 23.76 48.61 0.00 
0 0 0 0 0 0 3.29 0 0.00000000 0.00000000 0.00 0.00 0.00 23.76 48.61 0.00 
0 0 0 0 0 0 3.31 0 0.00000000 0.00000000 0.00 0.00 0.00 23.76 48.61 0.00 
0 0 0 0 0 0 3.33 0 0.00000000 0.00000000 0.00 0.00 0.00 23.76 48.61 0.00 
0 0 0 0 0 0 3.36 0 0.00000000 0.00000000 0.00 0.00 0.00 23.76 48.61 0.00 
0 0 0 0 0 0 3.38 0 0.00000000 0.00000000 0.00 0.00 0.00 23.76 48.61 0.00 
0 0 0 0 0 0 3.40 0 0.00000000 0.00000000 0.00 0.00 0.00 23.76 48.61 0.00 
0 0 0 0 0 0 3.43 0 0.00000000 0.00000000 0.00 0.00 0.00 23.76 48.61 0.00 
0 0 0 0 0 0 3.45 0 0.00000000 0.00000000 0.00 0.00 0.00 23.76 48.61 0.00 
0 0 0 0 0 0 3.47 0 0.00000000 0.00000000 0.00 0.00 0.00 23.76 48.61 0.00 
0 0 0 0 0 0 3.50 0 0.00000000 0.00000000 0.00 0.00 0.00 23.76 48.61 0.00 
0 0 0 0 0 0 3.52 0 0.00000000 0.00000000 0.00 0.00 0.00 23.76 48.61 0.00 
0 0 0 0 0 0 3.54 0 0.00000000 0.00000000 0.00 0.00 0.00 23.76 48.61 0.00 
0 0 0 0 0 0 3.56 0 0.00000000 0.00000000 0.00 0.00 0.00 23.76 48.61 0.00 
0 0 0 0 0 0 3.59 0 0.00000000 0.00000000 0.00 0.00 0.00 23.76 48.61 0.00 
0 0 0 0 0 0 3.61 0 0.00000000 0.00000000 0.00 0.00 0.00 23.76 48.61 0.00 
0 0 0 0 0 0 3.65 0 0.00000000 0.00000000 0.00 0.00 0.00 23.76 48.61 0.00 
0 0 0 0 0 0 3.68 0 0.00000000 0.00000000 0.00 0.00 0.00 23.76 48.61 0.00 
0 0 0 0 0 0 3.70 0 0.00000000 0.00000000 0.00 0.00 0.00 23.76 48.61 0.00 
0 0 0 0 0 0 3.73 0 0.00000000 0.00000000 0.00 0.00 0.00 23.76 48.61 0.00 
0 0 0 0 0 0 3.75 0 0.00000000 0.00000000 0.00 0.00 0.00 23.76 48.61 0.00 
0 0 0 0 0 0 3.77 0 0.00000000 0.00000000 0.00 0.00 0.00 23.76 48.61 0.00 
0 0 0 0 0 0 3.80 0 0.00000000 0.00000000 0.00 0.00 0.00 23.76 48.61 0.00 
0 0 0 0 0 0 3.82 0 0.00000000 0.00000000 0.00 0.00 0.00 23.76 48.61 0.00 
0 0 0 0 0 0 3.84 0 0.00000000 0.00000000 0.00 0.00 0.00 23.76 48.61 0.00 
0 0 0 0 0 0 3.87 0 0.00000000 0.00000000 0.00 0.00 0.00 23.76 48.61 0.00 
0 0 0 0 0 0 3.89 0 0.00000000 0.00000000 0.00 0.00 0.00 23.76 48.61 0.00 
0 0 0 0 0 0 3.91 0 0.00000000 0.00000000 0.00 0.00 0.00 23.76 48.61 0.00 
0 0 0 0 0 0 3.94 0 0.00000000 0.00000000 0.00 0.00 0.00 23.76 48.61 0.00 
0 0 0 0 0 0 3.96 0 0.00000000 0.00000000 0.00 0.00 0.00 23.76 48.61 0.00 
0 0 0 0 0 0 3.98 0 0.00000000 0.00000000 0.00 0.00 0.00 23.76 48.61 0.00 
0 0 0 0 0 0 4.01 0 0.00000000 0.00000000 0.00 0.00 0.00 25.14 50.24 0.00 
