0:0:0 1.27 0 0.00000000 0.00000000 0.00 0.00 0.00 28.18 0.36 -50.82 -0.30 0.01 -0.02 -2.90 1.84 11.96
 0:0:0 1.40 0 0.00000000 0.00000000 0.00 0.00 0.00 28.09 1.36 -50.82 -0.18 0.48 -0.09 1.26 6.83 -3.37
 0:0:0 1.50 0 0.00000000 0.00000000 0.00 0.00 0.00 29.09 0.91 -50.92 0.03 -0.00 0.02 -0.35 0.75 9.96
 0:0:0 1.60 0 0.00000000 0.00000000 0.00 0.00 0.00 28.73 1.00 -50.82 0.01 -0.01 0.00 -0.59 0.59 10.20
 0:0:0 1.70 0 0.00000000 0.00000000 0.00 0.00 0.00 29.18 1.09 -51.12 0.01 -0.01 0.00 -0.55 0.35 9.45
 0:0:0 1.80 0 0.00000000 0.00000000 0.00 0.00 0.00 28.91 0.91 -50.92 0.01 -0.01 0.00 -0.63 0.51 10.16
 0:0:0 1.90 0 0.00000000 0.00000000 0.00 0.00 0.00 29.00 1.09 -51.12 0.01 -0.01 0.00 -0.67 0.94 10.40
 0:0:0 2.00 0 0.00000000 0.00000000 0.00 0.00 0.00 28.73 1.00 -50.82 0.01 -0.01 0.00 -0.59 0.59 10.04
 0:0:0 2.10 0 0.00000000 0.00000000 0.00 0.00 0.00 29.00 1.18 -51.02 0.01 -0.00 -0.00 -0.67 0.67 10.24
 0:0:0 2.20 0 0.00000000 0.00000000 0.00 0.00 0.00 28.91 0.91 -50.92 0.01 -0.01 0.00 -0.55 0.59 10.16
 0:0:0 2.30 0 0.00000000 0.00000000 0.00 0.00 0.00 29.09 1.00 -51.02 0.01 -0.01 0.00 -0.55 0.67 10.28
 0:5:3 2.40 0 0.00000000 0.00000000 0.00 0.00 0.00 29.00 1.18 -51.12 0.00 -0.01 0.00 -0.67 0.63 10.16
 0:5:3 2.51 0 0.00000000 0.00000000 0.00 0.00 0.00 28.91 1.09 -51.12 0.01 -0.01 0.00 -0.59 0.67 10.20
 0:5:3 2.61 0 0.00000000 0.00000000 0.00 0.00 0.00 28.73 1.09 -50.92 0.01 -0.01 0.00 -0.63 0.67 10.12
 0:5:3 2.71 0 0.00000000 0.00000000 0.00 0.00 0.00 28.91 1.09 -51.22 0.01 -0.01 0.00 -0.59 0.63 10.24
 0:5:3 2.81 0 0.00000000 0.00000000 0.00 0.00 0.00 29.00 1.00 -50.92 0.01 -0.01 0.00 -0.63 0.67 10.36
 0:5:3 2.91 0 0.00000000 0.00000000 0.00 0.00 0.00 29.09 1.18 -51.12 0.01 -0.01 0.00 -0.59 0.63 10.24
 0:5:3 3.01 0 0.00000000 0.00000000 0.00 0.00 0.00 28.91 1.09 -50.92 0.00 -0.01 0.00 -0.63 0.59 10.16
 0:5:3 3.11 0 0.00000000 0.00000000 0.00 0.00 0.00 28.82 0.91 -51.22 0.00 -0.01 0.00 -0.63 0.63 10.20
 0:5:3 3.21 0 0.00000000 0.00000000 0.00 0.00 0.00 29.00 1.09 -51.12 0.01 -0.01 0.00 -0.59 0.47 10.12
 0:5:3 3.31 0 0.00000000 0.00000000 0.00 0.00 0.00 29.00 1.18 -50.92 0.00 -0.01 0.00 -0.55 0.59 10.12
 0:5:4 3.41 0 0.00000000 0.00000000 0.00 0.00 0.00 28.82 1.27 -50.92 0.01 -0.01 0.00 -0.63 0.63 10.08
 0:5:4 3.51 0 0.00000000 0.00000000 0.00 0.00 0.00 29.00 1.00 -50.71 0.01 -0.01 0.00 -0.63 0.55 10.20
 0:5:4 3.61 0 0.00000000 0.00000000 0.00 0.00 0.00 29.09 1.00 -51.22 0.01 -0.01 0.00 -0.55 0.63 10.24
 0:5:4 3.71 0 0.00000000 0.00000000 0.00 0.00 0.00 29.00 1.00 -50.92 0.01 -0.01 0.00 -0.51 0.63 10.20
 0:5:4 3.81 0 0.00000000 0.00000000 0.00 0.00 0.00 28.64 1.18 -50.92 0.01 -0.00 0.00 -0.51 0.63 10.12
 0:5:4 3.91 0 0.00000000 0.00000000 0.00 0.00 0.00 29.00 1.27 -50.71 0.02 -0.01 0.00 -0.67 0.75 10.20
 0:5:4 4.01 0 0.00000000 0.00000000 0.00 0.00 0.00 29.00 0.91 -50.51 0.01 -0.01 0.00 -0.59 0.67 10.20
 0:5:4 4.11 0 0.00000000 0.00000000 0.00 0.00 0.00 29.09 0.82 -51.12 0.01 -0.01 0.00 -0.67 0.78 10.16
 0:5:4 4.22 0 0.00000000 0.00000000 0.00 0.00 0.00 28.82 1.09 -50.92 0.01 -0.01 0.00 -0.63 0.71 10.20
 0:5:4 4.32 0 0.00000000 0.00000000 0.00 0.00 0.00 28.82 1.00 -50.92 0.01 -0.01 0.00 -0.59 0.67 10.20
 0:5:5 4.42 0 0.00000000 0.00000000 0.00 0.00 0.00 29.00 0.82 -50.92 0.01 -0.01 0.00 -0.59 0.67 10.36
 0:5:5 4.52 0 0.00000000 0.00000000 0.00 0.00 0.00 28.82 1.00 -50.71 0.01 -0.01 0.00 -0.55 0.43 10.12
 0:5:5 4.62 0 0.00000000 0.00000000 0.00 0.00 0.00 28.82 1.09 -50.61 -0.00 -0.01 0.00 -0.59 0.51 10.00
 0:5:5 4.72 0 0.00000000 0.00000000 0.00 0.00 0.00 28.91 1.18 -50.82 0.00 -0.01 0.00 -0.67 0.63 10.12
 0:5:5 4.82 0 0.00000000 0.00000000 0.00 0.00 0.00 29.00 1.00 -51.02 0.00 -0.01 0.00 -0.51 0.51 10.16
 0:5:5 4.92 0 0.00000000 0.00000000 0.00 0.00 0.00 29.09 1.00 -51.02 0.01 -0.01 0.00 -0.55 0.67 10.36
 0:5:5 5.02 0 0.00000000 0.00000000 0.00 0.00 0.00 28.91 1.00 -51.02 0.01 -0.01 0.00 -0.63 0.67 10.20
 0:5:5 5.12 0 0.00000000 0.00000000 0.00 0.00 0.00 28.91 1.45 -51.02 0.00 -0.01 0.00 -0.47 0.75 10.12
 0:5:5 5.22 0 0.00000000 0.00000000 0.00 0.00 0.00 29.00 1.09 -51.02 0.01 -0.01 0.00 -0.59 0.75 10.20
 0:5:5 5.32 0 0.00000000 0.00000000 0.00 0.00 0.00 28.91 0.91 -50.51 0.01 -0.01 0.00 -0.71 0.67 10.24
 0:5:6 5.43 0 0.00000000 0.00000000 0.00 0.00 0.00 28.91 1.09 -51.02 0.01 -0.01 0.00 -0.63 0.71 10.24
 0:5:6 5.53 0 0.00000000 0.00000000 0.00 0.00 0.00 28.91 1.00 -50.82 0.01 -0.01 -0.00 -0.43 0.39 10.16
 0:5:6 5.63 0 0.00000000 0.00000000 0.00 0.00 0.00 29.00 0.91 -50.92 0.01 -0.01 0.04 -0.39 0.59 10.87
 0:5:6 5.73 0 0.00000000 0.00000000 0.00 0.00 0.00 28.36 0.64 -51.33 0.02 -0.01 0.01 -0.55 0.67 10.24
 0:5:6 5.83 0 0.00000000 0.00000000 0.00 0.00 0.00 28.55 0.82 -51.12 0.02 -0.01 0.00 -0.71 0.71 10.28
 0:5:6 5.93 0 0.00000000 0.00000000 0.00 0.00 0.00 28.55 0.64 -51.12 0.01 -0.01 0.00 -0.59 0.63 10.24
 0:5:6 6.03 0 0.00000000 0.00000000 0.00 0.00 0.00 28.73 0.73 -51.53 0.00 -0.01 0.00 -0.59 0.63 10.12
 0:5:6 6.13 0 0.00000000 0.00000000 0.00 0.00 0.00 28.82 1.00 -51.33 0.00 -0.01 0.00 -0.67 0.51 10.12
 0:5:6 6.23 0 0.00000000 0.00000000 0.00 0.00 0.00 28.55 0.82 -51.22 -0.00 -0.01 0.00 -0.51 0.55 10.28
 0:5:7 6.33 0 0.00000000 0.00000000 0.00 0.00 0.00 28.45 0.64 -51.43 -0.04 0.01 0.16 -0.78 -0.08 11.41
 0:5:7 6.43 0 0.00000000 0.00000000 0.00 0.00 0.00 26.91 5.00 -51.53 -0.90 -0.09 0.05 -0.12 -0.35 10.43
 0:5:7 6.53 0 0.00000000 0.00000000 0.00 0.00 0.00 25.55 8.91 -51.22 -1.40 -0.04 0.07 -0.86 -1.61 12.12
 0:5:7 6.64 0 0.00000000 0.00000000 0.00 0.00 0.00 22.64 20.73 -50.10 -1.67 -0.08 0.11 -0.55 -2.67 9.38
 0:5:7 6.74 0 0.00000000 0.00000000 0.00 0.00 0.00 21.64 26.82 -48.06 -2.13 0.14 0.01 0.51 -3.92 5.33
 0:5:7 6.84 0 0.00000000 0.00000000 0.00 0.00 0.00 20.64 40.00 -40.20 -2.50 0.07 -0.16 -0.27 -7.26 9.06
 0:5:7 6.94 0 0.00000000 0.00000000 0.00 0.00 0.00 20.00 45.91 -35.61 -1.64 0.02 -0.01 -0.31 -7.96 6.55
 0:5:7 7.04 0 0.00000000 0.00000000 0.00 0.00 0.00 20.27 51.55 -29.29 -1.43 0.06 0.16 -1.45 -10.67 10.40
 0:5:7 7.14 0 0.00000000 0.00000000 0.00 0.00 0.00 20.18 55.27 -23.67 -1.90 0.00 -0.03 0.55 -9.57 2.86
 0:5:7 7.24 0 0.00000000 0.00000000 0.00 0.00 0.00 21.00 59.73 -14.69 -0.53 -0.04 -0.00 -0.90 -9.61 2.79
 0:5:8 7.34 0 0.00000000 0.00000000 0.00 0.00 0.00 21.64 61.00 -10.61 -0.59 0.03 -0.01 -0.20 -9.61 2.75
 0:5:8 7.44 0 0.00000000 0.00000000 0.00 0.00 0.00 21.82 61.73 -8.88 -0.34 -0.02 -0.00 -0.47 -9.89 1.69
 0:5:8 7.54 0 0.00000000 0.00000000 0.00 0.00 0.00 22.27 62.18 -6.73 -0.18 -0.01 0.06 -0.47 -9.69 1.18
 0:5:8 7.64 0 0.00000000 0.00000000 0.00 0.00 0.00 22.27 62.00 -6.63 0.16 -0.01 -0.05 -0.59 -10.00 1.14
 0:5:8 7.75 0 0.00000000 0.00000000 0.00 0.00 0.00 21.64 62.09 -7.55 0.03 -0.02 0.00 -0.43 -9.18 2.63
 0:5:8 7.85 0 0.00000000 0.00000000 0.00 0.00 0.00 21.91 62.09 -7.04 -0.07 -0.01 0.03 -0.43 -9.81 1.61
 0:5:8 7.95 0 0.00000000 0.00000000 0.00 0.00 0.00 22.36 62.09 -6.02 -0.08 0.03 0.03 -0.63 -9.92 1.10
 0:5:8 8.05 0 0.00000000 0.00000000 0.00 0.00 0.00 22.73 61.91 -6.02 -0.07 -0.01 0.03 -0.63 -9.85 1.33
 0:5:8 8.15 0 0.00000000 0.00000000 0.00 0.00 0.00 22.36 62.45 -6.02 0.00 -0.01 0.00 -0.55 -9.92 1.26
 0:5:8 8.25 0 0.00000000 0.00000000 0.00 0.00 0.00 22.45 62.00 -5.71 -0.03 -0.01 0.02 -0.63 -9.92 1.29
 0:5:9 8.35 0 0.00000000 0.00000000 0.00 0.00 0.00 22.45 62.18 -6.12 0.05 -0.01 -0.01 -0.47 -9.81 1.37
 0:5:9 8.45 0 0.00000000 0.00000000 0.00 0.00 0.00 22.27 62.18 -5.51 0.01 -0.01 0.00 -0.59 -9.92 1.26
 0:5:9 8.55 0 0.00000000 0.00000000 0.00 0.00 0.00 22.45 62.09 -5.92 0.01 -0.01 0.00 -0.59 -9.77 1.33
 0:5:9 8.65 0 0.00000000 0.00000000 0.00 0.00 0.00 22.55 62.18 -6.12 0.01 -0.01 0.00 -0.59 -9.81 1.33
 0:5:9 8.76 0 0.00000000 0.00000000 0.00 0.00 0.00 22.45 62.36 -5.71 0.01 -0.01 0.00 -0.59 -9.92 1.18
 0:5:9 8.86 0 0.00000000 0.00000000 0.00 0.00 0.00 22.82 62.27 -5.71 0.01 -0.01 0.00 -0.59 -9.96 1.29
 0:5:9 8.96 0 0.00000000 0.00000000 0.00 0.00 0.00 22.73 62.27 -5.82 0.02 -0.01 0.00 -0.63 -9.92 1.18
 0:5:9 9.06 0 0.00000000 0.00000000 0.00 0.00 0.00 22.36 62.45 -5.61 0.02 -0.00 -0.00 -0.55 -9.92 1.18
 0:5:9 9.16 0 0.00000000 0.00000000 0.00 0.00 0.00 22.73 62.00 -5.82 0.02 -0.01 0.00 -0.55 -9.81 1.29
 0:5:9 9.26 0 0.00000000 0.00000000 0.00 0.00 0.00 22.36 62.09 -5.71 0.00 -0.01 0.00 -0.59 -9.77 1.45
 0:5:10 9.36 0 0.00000000 0.00000000 0.00 0.00 0.00 22.36 62.18 -5.82 0.18 -0.01 -0.05 -0.55 -9.77 1.26
 0:5:10 9.46 0 0.00000000 0.00000000 0.00 0.00 0.00 22.27 62.36 -6.63 0.20 -0.02 -0.06 -0.39 -10.90 0.16
 0:5:10 9.56 0 0.00000000 0.00000000 0.00 0.00 0.00 21.73 60.82 -11.02 1.44 0.20 -0.03 -0.43 -9.73 2.08
 0:5:10 9.67 0 0.00000000 0.00000000 0.00 0.00 0.00 21.00 58.82 -16.12 4.28 0.13 -0.01 -1.92 -6.83 -1.10
 0:5:10 9.77 0 0.00000000 0.00000000 0.00 0.00 0.00 21.64 42.36 -37.55 3.58 0.23 -0.24 -0.39 -5.14 8.71
 0:5:10 9.87 0 0.00000000 0.00000000 0.00 0.00 0.00 23.09 32.91 -43.37 3.39 0.11 -0.13 -0.35 -0.75 0.55
 0:5:10 9.97 0 0.00000000 0.00000000 0.00 0.00 0.00 27.45 9.09 -50.10 2.53 0.21 0.24 -1.77 1.77 8.39
 0:5:10 10.07 0 0.00000000 0.00000000 0.00 0.00 0.00 30.45 1.64 -48.47 0.48 0.02 -0.43 -0.94 4.31 7.88
 0:5:10 10.17 0 0.00000000 0.00000000 0.00 0.00 0.00 30.91 1.82 -48.67 -1.03 0.10 -0.08 -1.06 3.14 7.34
 0:5:10 10.27 0 0.00000000 0.00000000 0.00 0.00 0.00 27.18 8.82 -49.29 -1.08 0.23 -0.01 -0.59 0.08 9.81
 0:5:11 10.37 0 0.00000000 0.00000000 0.00 0.00 0.00 28.45 11.27 -48.06 -0.13 0.51 0.38 0.35 -1.84 7.37
 0:5:11 10.47 0 0.00000000 0.00000000 0.00 0.00 0.00 39.64 11.82 -39.29 -1.31 4.44 0.26 -6.98 -2.51 9.96
 0:5:11 10.57 0 0.00000000 0.00000000 0.00 0.00 0.00 47.55 13.73 -27.86 -0.23 3.72 0.31 -4.86 -2.55 6.90
 0:5:11 10.68 0 0.00000000 0.00000000 0.00 0.00 0.00 54.09 10.09 -0.92 1.12 3.30 0.49 -8.24 0.47 6.24
 0:5:11 10.78 0 0.00000000 0.00000000 0.00 0.00 0.00 52.36 4.36 14.59 0.31 1.60 0.67 -8.71 -5.41 8.36
 0:5:11 10.88 0 0.00000000 0.00000000 0.00 0.00 0.00 51.27 2.91 19.69 -0.29 0.82 0.48 -10.75 -0.39 -0.12
 0:5:11 10.98 0 0.00000000 0.00000000 0.00 0.00 0.00 50.18 1.55 24.59 -0.14 0.43 0.10 -10.94 -0.47 0.55
 0:5:11 11.08 0 0.00000000 0.00000000 0.00 0.00 0.00 49.91 1.64 25.20 -0.11 0.06 -0.08 -10.75 0.20 0.47
 0:5:11 11.18 0 0.00000000 0.00000000 0.00 0.00 0.00 49.27 2.18 25.51 0.02 0.12 -0.07 -10.94 0.20 0.71
 0:5:11 11.28 0 0.00000000 0.00000000 0.00 0.00 0.00 49.09 2.27 25.61 0.04 0.06 -0.04 -10.94 -0.24 0.71
 0:5:12 11.38 0 0.00000000 0.00000000 0.00 0.00 0.00 48.64 2.55 25.71 0.02 -0.09 -0.12 -10.63 -0.59 0.35
 0:5:12 11.48 0 0.00000000 0.00000000 0.00 0.00 0.00 49.18 3.18 25.31 0.12 -0.64 -0.19 -12.20 -0.75 0.94
 0:5:12 11.59 0 0.00000000 0.00000000 0.00 0.00 0.00 52.73 6.45 15.82 1.44 -3.70 -0.40 -10.08 0.98 2.63
 0:5:12 11.69 0 0.00000000 0.00000000 0.00 0.00 0.00 49.82 7.18 -20.00 1.36 -5.00 -0.13 -7.10 0.20 6.20
 0:5:12 11.79 0 0.00000000 0.00000000 0.00 0.00 0.00 40.64 4.73 -35.31 0.68 -5.00 1.20 -4.98 -3.37 5.81
 0:5:12 11.89 0 0.00000000 0.00000000 0.00 0.00 0.00 15.64 -8.27 -54.59 -0.38 1.35 -0.44 -2.08 -0.98 15.06
 0:5:12 11.99 0 0.00000000 0.00000000 0.00 0.00 0.00 24.36 -6.45 -55.41 -0.41 1.12 -0.19 2.55 3.84 0.12
 0:5:12 12.09 0 0.00000000 0.00000000 0.00 0.00 0.00 29.27 -1.18 -55.41 0.06 0.00 0.24 -0.24 0.43 11.06
 0:5:12 12.19 0 0.00000000 0.00000000 0.00 0.00 0.00 29.27 -1.18 -55.20 0.01 -0.01 0.00 -0.59 0.67 10.16
 0:5:12 12.29 0 0.00000000 0.00000000 0.00 0.00 0.00 29.18 -1.09 -55.51 0.01 -0.01 0.00 -0.59 0.82 10.36
 0:5:13 12.39 0 0.00000000 0.00000000 0.00 0.00 0.00 29.36 -1.27 -55.31 0.01 -0.01 0.00 -0.63 0.75 10.32
 0:5:13 12.50 0 0.00000000 0.00000000 0.00 0.00 0.00 29.18 -1.45 -55.10 0.01 -0.01 0.00 -0.59 0.67 10.08
 0:5:13 12.60 0 0.00000000 0.00000000 0.00 0.00 0.00 29.09 -1.36 -55.51 0.01 -0.01 0.00 -0.51 0.86 10.04
 0:5:13 12.70 0 0.00000000 0.00000000 0.00 0.00 0.00 29.27 -1.45 -55.31 0.01 -0.01 0.00 -0.67 0.67 10.20
 0:5:13 12.80 0 0.00000000 0.00000000 0.00 0.00 0.00 28.91 -1.36 -55.31 0.01 -0.01 0.00 -0.51 0.75 10.08
 0:5:13 12.90 0 0.00000000 0.00000000 0.00 0.00 0.00 29.36 -1.55 -55.00 0.01 -0.01 0.00 -0.55 0.75 10.24
 0:5:13 13.00 0 0.00000000 0.00000000 0.00 0.00 0.00 29.09 -1.64 -55.31 0.01 -0.01 0.00 -0.59 0.67 10.16
 0:5:13 13.10 0 0.00000000 0.00000000 0.00 0.00 0.00 29.36 -1.27 -55.31 0.00 -0.01 0.00 -0.63 0.67 10.16
 0:5:13 13.20 0 0.00000000 0.00000000 0.00 0.00 0.00 29.27 -1.45 -55.20 0.01 -0.01 -0.00 -0.59 0.75 10.32
 0:5:13 13.30 0 0.00000000 0.00000000 0.00 0.00 0.00 29.36 -1.27 -55.31 0.01 -0.01 0.00 -0.51 0.71 10.24
 0:5:14 13.40 0 0.00000000 0.00000000 0.00 0.00 0.00 29.55 -1.36 -55.20 0.01 -0.01 0.00 -0.59 0.71 10.20
 0:5:14 13.51 0 0.00000000 0.00000000 0.00 0.00 0.00 29.45 -1.45 -55.00 0.01 -0.01 0.00 -0.59 0.71 10.16
 0:5:14 13.61 0 0.00000000 0.00000000 0.00 0.00 0.00 29.36 -1.18 -55.31 0.01 -0.01 0.00 -0.63 0.75 10.08
 0:5:14 13.71 0 0.00000000 0.00000000 0.00 0.00 0.00 29.36 -1.36 -54.90 0.01 -0.00 0.00 -0.59 0.71 10.20
 0:5:14 13.81 0 0.00000000 0.00000000 0.00 0.00 0.00 29.27 -1.27 -55.31 0.01 -0.01 0.00 -0.63 0.59 10.20
 0:5:14 13.91 0 0.00000000 0.00000000 0.00 0.00 0.00 29.36 -1.36 -55.61 0.01 -0.01 0.00 -0.55 0.63 10.20
 0:5:14 14.01 0 0.00000000 0.00000000 0.00 0.00 0.00 29.45 -1.45 -55.41 0.01 -0.01 0.00 -0.55 0.67 10.12
 0:5:14 14.11 0 0.00000000 0.00000000 0.00 0.00 0.00 29.45 -1.45 -55.31 0.01 -0.01 0.00 -0.63 0.67 10.20
 0:5:14 14.21 0 0.00000000 0.00000000 0.00 0.00 0.00 29.36 -1.36 -55.51 0.01 -0.01 0.00 -0.63 0.63 10.20
 0:5:14 14.31 0 0.00000000 0.00000000 0.00 0.00 0.00 29.27 -1.36 -55.41 0.01 -0.01 0.00 -0.59 0.75 10.12
 0:5:15 14.42 0 0.00000000 0.00000000 0.00 0.00 0.00 29.45 -1.36 -55.51 0.01 -0.01 0.00 -0.67 0.51 10.16
 0:5:15 14.52 0 0.00000000 0.00000000 0.00 0.00 0.00 29.36 -1.36 -55.20 0.01 -0.01 0.00 -0.63 0.78 10.20
 0:5:15 14.62 0 0.00000000 0.00000000 0.00 0.00 0.00 29.36 -1.45 -55.41 0.01 -0.01 0.00 -0.63 0.67 10.16
 0:5:15 14.72 0 0.00000000 0.00000000 0.00 0.00 0.00 29.27 -1.18 -55.20 0.01 -0.01 0.00 -0.55 0.67 10.24
 0:5:15 14.82 0 0.00000000 0.00000000 0.00 0.00 0.00 29.18 -1.27 -55.51 0.00 -0.01 0.00 -0.63 0.75 10.24
 0:5:15 14.92 0 0.00000000 0.00000000 0.00 0.00 0.00 29.27 -1.73 -55.10 0.01 -0.01 0.00 -0.59 0.63 10.20
 0:5:15 15.02 0 0.00000000 0.00000000 0.00 0.00 0.00 29.55 -1.45 -55.41 0.01 -0.01 0.00 -0.59 0.63 10.16
 0:5:15 15.12 0 0.00000000 0.00000000 0.00 0.00 0.00 29.18 -1.55 -55.20 0.01 -0.01 0.00 -0.67 0.71 10.20
 0:5:15 15.22 0 0.00000000 0.00000000 0.00 0.00 0.00 29.18 -1.45 -55.31 0.01 -0.01 0.00 -0.63 0.71 10.20
 0:5:16 15.32 0 0.00000000 0.00000000 0.00 0.00 0.00 29.36 -1.36 -55.20 0.01 -0.01 0.00 -0.55 0.67 10.24
 0:5:16 15.43 0 0.00000000 0.00000000 0.00 0.00 0.00 29.09 -1.27 -55.20 0.01 -0.01 0.00 -0.59 0.67 10.28
 0:5:16 15.53 0 0.00000000 0.00000000 0.00 0.00 0.00 29.55 -1.45 -55.31 0.01 -0.01 -0.00 -0.51 1.10 10.36
 0:5:16 15.63 0 0.00000000 0.00000000 0.00 0.00 0.00 29.18 -1.27 -55.41 0.01 -0.01 0.00 -0.78 0.67 10.16
 0:5:16 15.73 0 0.00000000 0.00000000 0.00 0.00 0.00 29.45 -1.55 -55.51 0.01 -0.01 0.00 -0.51 0.63 10.12
 0:5:16 15.83 0 0.00000000 0.00000000 0.00 0.00 0.00 29.55 -2.00 -56.94 0.01 -0.01 0.01 -0.59 0.75 10.28
 0:5:16 15.93 0 0.00000000 0.00000000 0.00 0.00 0.00 29.55 -3.09 -59.49 0.01 -0.01 0.00 -0.75 0.59 10.08
 0:5:16 16.03 0 0.00000000 0.00000000 0.00 0.00 0.00 29.82 -4.27 -62.14 0.01 -0.01 0.00 -0.59 0.75 10.16
 0:5:16 16.13 0 0.00000000 0.00000000 0.00 0.00 0.00 29.82 -4.82 -63.98 0.01 -0.01 -0.00 -0.51 0.78 10.28
 0:5:16 16.23 0 0.00000000 0.00000000 0.00 0.00 0.00 29.91 -4.73 -64.39 0.01 -0.01 0.00 -0.63 0.63 10.16
 0:5:17 16.33 0 0.00000000 0.00000000 0.00 0.00 0.00 30.00 -4.82 -64.39 0.01 -0.01 0.00 -0.59 0.78 10.20
 0:5:17 16.44 0 0.00000000 0.00000000 0.00 0.00 0.00 29.82 -5.09 -64.18 0.01 -0.01 0.00 -0.51 0.55 10.28
 0:5:17 16.54 0 0.00000000 0.00000000 0.00 0.00 0.00 30.09 -5.00 -64.08 0.01 -0.01 0.00 -0.71 0.67 10.16
 0:5:17 16.64 0 0.00000000 0.00000000 0.00 0.00 0.00 29.91 -4.91 -64.49 0.01 -0.01 0.00 -0.59 0.71 10.16
 0:5:17 16.74 0 0.00000000 0.00000000 0.00 0.00 0.00 29.73 -5.00 -64.08 0.01 -0.01 0.00 -0.59 0.63 10.08
 0:5:17 16.84 0 0.00000000 0.00000000 0.00 0.00 0.00 30.09 -4.64 -64.08 0.01 -0.01 0.00 -0.63 0.75 10.16
 0:5:17 16.94 0 0.00000000 0.00000000 0.00 0.00 0.00 29.91 -5.00 -64.29 0.01 -0.01 0.00 -0.59 0.75 10.12
 0:5:17 17.04 0 0.00000000 0.00000000 0.00 0.00 0.00 29.91 -4.91 -64.08 0.01 -0.01 0.00 -0.59 0.71 10.24
 0:5:17 17.14 0 0.00000000 0.00000000 0.00 0.00 0.00 29.55 -5.00 -64.49 0.00 -0.01 0.00 -0.59 0.67 10.24
 0:5:17 17.24 0 0.00000000 0.00000000 0.00 0.00 0.00 30.00 -4.82 -64.08 0.01 -0.01 0.00 -0.55 0.63 10.24
 0:5:18 17.34 0 0.00000000 0.00000000 0.00 0.00 0.00 30.18 -4.55 -64.49 0.01 -0.01 0.00 -0.63 0.63 10.20
 0:5:18 17.45 0 0.00000000 0.00000000 0.00 0.00 0.00 30.00 -5.09 -64.18 0.01 -0.01 0.00 -0.55 0.63 10.04
 0:5:18 17.55 0 0.00000000 0.00000000 0.00 0.00 0.00 30.00 -4.82 -64.18 0.01 -0.01 0.00 -0.63 0.63 10.08
 0:5:18 17.65 0 0.00000000 0.00000000 0.00 0.00 0.00 29.73 -4.91 -64.08 0.01 -0.01 0.00 -0.51 0.71 10.04
 0:5:18 17.75 0 0.00000000 0.00000000 0.00 0.00 0.00 29.91 -4.82 -64.18 0.01 -0.01 0.00 -0.63 0.67 10.28
 0:5:18 17.85 0 0.00000000 0.00000000 0.00 0.00 0.00 30.00 -5.09 -64.18 0.01 -0.01 0.00 -0.59 0.67 10.20
 0:5:18 17.95 0 0.00000000 0.00000000 0.00 0.00 0.00 30.09 -4.91 -64.08 0.01 -0.01 0.00 -0.55 0.71 10.16
 0:5:18 18.05 0 0.00000000 0.00000000 0.00 0.00 0.00 29.91 -4.73 -64.29 0.00 -0.01 0.00 -0.63 0.67 10.20
 0:5:18 18.15 0 0.00000000 0.00000000 0.00 0.00 0.00 29.82 -4.91 -64.18 0.01 -0.01 0.00 -0.63 0.67 10.16
 0:5:18 18.25 0 0.00000000 0.00000000 0.00 0.00 0.00 30.00 -4.91 -64.18 0.01 -0.01 0.00 -0.63 0.71 10.20
 0:5:19 18.36 0 0.00000000 0.00000000 0.00 0.00 0.00 29.91 -5.09 -64.18 0.01 -0.01 0.00 -0.59 0.67 10.20
 0:5:19 18.46 0 0.00000000 0.00000000 0.00 0.00 0.00 29.82 -4.91 -64.39 0.01 -0.01 0.00 -0.63 0.67 10.20
 0:5:19 18.56 0 0.00000000 0.00000000 0.00 0.00 0.00 30.00 -4.91 -64.39 0.00 -0.01 0.00 -0.59 0.71 10.24
 0:5:19 18.66 0 0.00000000 0.00000000 0.00 0.00 0.00 29.91 -4.91 -64.18 0.01 -0.01 0.00 -0.59 0.75 10.12
 0:5:19 18.76 0 0.00000000 0.00000000 0.00 0.00 0.00 29.73 -4.73 -64.18 0.01 -0.01 0.00 -0.59 0.71 10.08
 0:5:19 18.86 0 0.00000000 0.00000000 0.00 0.00 0.00 30.09 -4.82 -64.39 0.01 -0.01 0.00 -0.59 0.67 10.12
 0:5:19 18.96 0 0.00000000 0.00000000 0.00 0.00 0.00 29.82 -5.00 -64.29 0.01 -0.01 0.00 -0.55 0.67 10.16
 0:5:19 19.06 0 0.00000000 0.00000000 0.00 0.00 0.00 30.18 -5.18 -64.29 0.01 -0.01 0.00 -0.63 0.71 10.12
 0:5:19 19.16 0 0.00000000 0.00000000 0.00 0.00 0.00 30.00 -4.91 -64.39 0.01 -0.01 0.00 -0.63 0.71 10.32
 0:5:19 19.26 0 0.00000000 0.00000000 0.00 0.00 0.00 30.09 -4.82 -64.39 0.01 -0.01 0.00 -0.55 0.75 10.20
 0:5:20 19.37 0 0.00000000 0.00000000 0.00 0.00 0.00 29.73 -4.82 -64.29 0.01 -0.01 0.00 -0.55 0.67 10.24
 0:5:20 19.47 0 0.00000000 0.00000000 0.00 0.00 0.00 29.91 -5.09 -64.29 0.01 -0.01 0.00 -0.63 0.67 10.12
 0:5:20 19.57 0 0.00000000 0.00000000 0.00 0.00 0.00 30.09 -4.91 -64.39 0.01 -0.01 0.00 -0.67 0.71 10.16
 0:5:20 19.67 0 0.00000000 0.00000000 0.00 0.00 0.00 30.00 -4.64 -64.29 0.00 -0.01 0.00 -0.59 0.67 10.28
 0:5:20 19.77 0 0.00000000 0.00000000 0.00 0.00 0.00 30.00 -4.91 -64.29 0.00 -0.01 0.00 -0.63 0.63 10.24
 0:5:20 19.87 0 0.00000000 0.00000000 0.00 0.00 0.00 30.09 -4.91 -64.29 0.01 -0.01 0.00 -0.55 0.67 10.20
 0:5:20 19.97 0 0.00000000 0.00000000 0.00 0.00 0.00 29.91 -4.73 -64.29 0.01 -0.01 0.00 -0.59 0.71 10.24
 0:5:20 20.07 0 0.00000000 0.00000000 0.00 0.00 0.00 30.09 -4.91 -64.39 0.01 -0.01 0.00 -0.59 0.71 10.28
 0:5:20 20.17 0 0.00000000 0.00000000 0.00 0.00 0.00 30.00 -4.91 -64.39 0.01 -0.01 0.00 -0.63 0.67 10.36
 0:5:20 20.28 0 0.00000000 0.00000000 0.00 0.00 0.00 29.73 -4.55 -63.98 0.01 -0.01 0.00 -0.67 0.71 10.16
 0:5:21 20.38 0 0.00000000 0.00000000 0.00 0.00 0.00 29.82 -4.91 -64.18 0.00 -0.01 0.00 -0.67 0.67 10.12
 0:5:21 20.48 0 0.00000000 0.00000000 0.00 0.00 0.00 29.64 -5.00 -63.98 0.01 -0.01 0.00 -0.55 0.63 10.12
 0:5:21 20.58 0 0.00000000 0.00000000 0.00 0.00 0.00 30.00 -4.64 -64.29 0.01 -0.01 0.00 -0.59 0.59 10.08
 0:5:21 20.68 0 0.00000000 0.00000000 0.00 0.00 0.00 29.73 -4.91 -64.39 0.01 -0.01 -0.00 -0.59 0.71 10.16
 0:5:21 20.78 0 0.00000000 0.00000000 0.00 0.00 0.00 30.00 -5.00 -64.18 0.01 -0.00 0.00 -0.63 0.71 10.12
 0:5:21 20.88 0 0.00000000 0.00000000 0.00 0.00 0.00 29.91 -5.00 -64.08 0.01 -0.01 0.00 -0.63 0.67 10.16
 0:5:21 20.98 0 0.00000000 0.00000000 0.00 0.00 0.00 29.82 -5.09 -64.18 0.01 -0.01 0.00 -0.59 0.71 10.16
 0:5:21 21.08 0 0.00000000 0.00000000 0.00 0.00 0.00 30.09 -5.09 -64.08 0.01 -0.01 0.00 -0.63 0.67 10.16
 0:5:21 21.18 0 0.00000000 0.00000000 0.00 0.00 0.00 29.82 -5.18 -64.18 0.01 -0.01 0.00 -0.59 0.67 10.28
 0:5:21 21.29 0 0.00000000 0.00000000 0.00 0.00 0.00 29.91 -5.00 -64.39 0.00 -0.02 0.00 -0.59 0.71 10.16
 0:5:22 21.39 0 0.00000000 0.00000000 0.00 0.00 0.00 29.91 -5.00 -64.39 0.01 -0.01 0.00 -0.55 0.63 10.08
 0:5:22 21.49 0 0.00000000 0.00000000 0.00 0.00 0.00 29.64 -4.91 -64.08 0.00 -0.01 0.00 -0.55 0.63 10.12
 0:5:22 21.59 0 0.00000000 0.00000000 0.00 0.00 0.00 30.00 -4.91 -64.49 0.01 -0.01 0.00 -0.59 0.63 10.16
 0:5:22 21.69 0 0.00000000 0.00000000 0.00 0.00 0.00 29.73 -5.18 -64.29 0.01 -0.01 0.00 -0.55 0.67 10.32
 0:5:22 21.79 0 0.00000000 0.00000000 0.00 0.00 0.00 29.91 -4.91 -64.29 0.01 -0.01 0.00 -0.55 0.75 10.16
 0:5:22 21.93 0 0.00000000 0.00000000 0.00 0.00 0.00 29.82 -5.00 -64.39 0.01 -0.01 0.00 -0.59 0.67 10.24
 0:5:22 22.07 0 0.00000000 0.00000000 0.00 0.00 0.00 30.00 -5.09 -64.49 0.03 -0.00 -0.03 1.33 -0.47 3.65
 0:5:22 22.20 0 0.00000000 0.00000000 0.00 0.00 0.00 29.18 -7.00 -68.88 0.00 -0.01 0.00 -0.47 1.02 10.75
 0:5:22 22.40 0 0.00000000 0.00000000 0.00 0.00 0.00 28.82 -4.73 -62.35 0.01 -0.00 0.09 -0.43 0.43 10.00
 0:5:23 22.50 0 0.00000000 0.00000000 0.00 0.00 0.00 28.55 -2.91 -56.84 0.03 0.02 0.44 -0.94 4.35 12.55
 0:5:23 22.60 0 0.00000000 0.00000000 0.00 0.00 0.00 27.82 -1.27 -51.22 0.01 -0.01 0.00 -0.51 0.59 10.40
 0:5:23 22.71 0 0.00000000 0.00000000 0.00 0.00 0.00 27.82 -1.36 -51.53 0.01 -0.01 0.00 -0.71 0.59 10.16
 0:5:23 22.81 0 0.00000000 0.00000000 0.00 0.00 0.00 27.55 -1.45 -51.63 0.01 -0.01 0.00 -0.55 0.78 10.20
 0:5:23 22.91 0 0.00000000 0.00000000 0.00 0.00 0.00 28.09 -1.27 -51.84 0.01 -0.01 0.00 -0.67 0.63 10.12
 0:5:23 23.01 0 0.00000000 0.00000000 0.00 0.00 0.00 27.64 -1.27 -51.63 0.01 -0.01 0.00 -0.67 0.71 10.24
 0:5:23 23.11 0 0.00000000 0.00000000 0.00 0.00 0.00 27.91 -1.55 -51.53 0.01 -0.01 0.00 -0.55 0.67 10.12
 0:5:23 23.21 0 0.00000000 0.00000000 0.00 0.00 0.00 27.91 -1.64 -51.53 0.01 -0.01 0.00 -0.71 0.59 10.12
 0:5:23 23.31 0 0.00000000 0.00000000 0.00 0.00 0.00 27.64 -1.27 -51.73 0.01 -0.01 0.00 -0.59 0.75 10.24
 0:5:24 23.41 0 0.00000000 0.00000000 0.00 0.00 0.00 27.91 -1.27 -51.63 0.01 -0.01 0.00 -0.59 0.63 10.16
 0:5:24 23.51 0 0.00000000 0.00000000 0.00 0.00 0.00 27.82 -1.27 -51.43 0.01 -0.01 0.00 -0.59 0.67 10.16
 0:5:24 23.61 0 0.00000000 0.00000000 0.00 0.00 0.00 27.64 -1.36 -51.33 0.01 -0.01 -0.00 -0.51 0.67 10.16
 0:5:24 23.72 0 0.00000000 0.00000000 0.00 0.00 0.00 27.91 -1.45 -51.73 0.01 -0.01 0.00 -0.63 0.63 10.16
 0:5:24 23.82 0 0.00000000 0.00000000 0.00 0.00 0.00 27.91 -1.00 -51.84 0.01 -0.01 0.00 -0.59 0.71 10.20
 0:5:24 23.92 0 0.00000000 0.00000000 0.00 0.00 0.00 27.82 -1.36 -51.63 0.01 -0.01 0.00 -0.67 0.71 10.16
 0:5:24 24.02 0 0.00000000 0.00000000 0.00 0.00 0.00 27.73 -1.45 -51.63 0.01 -0.01 0.00 -0.63 0.71 10.12
 