2.15 0 0.00000000 0.00000000 0.00 0.00 0.00 0.04 0.06 0.01 0.01 -0.01 0.01 91.94 93.12 90.02 
2.37 0 0.00000000 0.00000000 0.00 0.00 0.00 0.04 0.06 0.01 0.01 -0.01 0.00 92.29 93.65 90.02 
2.47 0 0.00000000 0.00000000 0.00 0.00 0.00 0.05 0.08 0.00 0.01 -0.02 0.01 92.59 94.30 90.04 
2.57 0 0.00000000 0.00000000 0.00 0.00 0.00 0.05 0.08 -0.00 0.01 -0.01 0.00 92.70 94.59 90.02 
2.67 0 0.00000000 0.00000000 0.00 0.00 0.00 0.05 0.08 -0.00 0.00 -0.01 0.01 92.79 94.63 90.04 
2.77 0 0.00000000 0.00000000 0.00 0.00 0.00 0.05 0.08 -0.01 0.01 -0.00 0.00 92.82 94.67 90.03 
2.88 0 0.00000000 0.00000000 0.00 0.00 0.00 0.05 0.08 -0.00 0.01 -0.01 0.00 92.96 94.65 90.02 
2.98 0 0.00000000 0.00000000 0.00 0.00 0.00 0.05 0.08 0.00 0.02 -0.01 0.01 92.93 94.60 90.04 
3.08 0 0.00000000 0.00000000 0.00 0.00 0.00 0.05 0.08 -0.01 0.02 -0.01 0.00 92.91 94.49 90.01 
3.18 0 0.00000000 0.00000000 0.00 0.00 0.00 0.05 0.08 -0.00 0.01 -0.01 0.00 92.90 94.63 90.02 
3.28 0 0.00000000 0.00000000 0.00 0.00 0.00 0.05 0.08 -0.00 0.01 -0.01 0.00 92.80 94.57 90.03 
3.38 0 0.00000000 0.00000000 0.00 0.00 0.00 0.05 0.08 0.00 0.01 -0.00 0.01 92.72 94.49 90.04 
3.48 0 0.00000000 0.00000000 0.00 0.00 0.00 0.05 0.08 -0.00 0.01 -0.01 0.00 92.93 94.56 90.02 
3.58 0 0.00000000 0.00000000 0.00 0.00 0.00 0.05 0.08 -0.01 0.01 -0.01 0.01 92.95 94.61 90.04 
3.69 0 0.00000000 0.00000000 0.00 0.00 0.00 0.05 0.08 -0.00 0.01 -0.01 0.01 92.97 94.70 90.03 
3.79 0 0.00000000 0.00000000 0.00 0.00 0.00 0.05 0.08 -0.01 0.02 -0.01 0.01 92.90 94.64 90.04 
3.89 0 0.00000000 0.00000000 0.00 0.00 0.00 0.05 0.08 -0.00 0.01 -0.01 0.01 92.82 94.69 90.03 
3.99 0 0.00000000 0.00000000 0.00 0.00 0.00 0.05 0.08 -0.01 0.01 -0.01 0.01 92.90 94.57 90.04 
4.09 0 0.00000000 0.00000000 0.00 0.00 0.00 0.05 0.08 -0.00 0.00 -0.01 0.00 92.89 94.51 90.02 
4.19 0 0.00000000 0.00000000 0.00 0.00 0.00 0.05 0.08 -0.00 0.02 -0.01 0.00 92.82 94.69 90.03 
4.29 0 0.00000000 0.00000000 0.00 0.00 0.00 0.05 0.08 0.00 0.01 -0.01 0.01 92.88 94.58 90.04 
4.39 0 0.00000000 0.00000000 0.00 0.00 0.00 0.05 0.08 -0.00 0.00 -0.01 0.00 92.84 94.66 90.02 
4.49 0 0.00000000 0.00000000 0.00 0.00 0.00 0.05 0.08 -0.01 0.02 -0.01 0.00 92.88 94.55 90.03 
4.59 0 0.00000000 0.00000000 0.00 0.00 0.00 0.05 0.08 -0.00 0.01 -0.01 0.01 92.91 94.67 90.04 
4.69 0 0.00000000 0.00000000 0.00 0.00 0.00 0.05 0.08 -0.00 0.00 -0.00 0.00 92.81 94.57 90.02 
4.79 0 0.00000000 0.00000000 0.00 0.00 0.00 0.05 0.08 -0.01 0.01 -0.01 0.00 92.76 94.40 90.03 
4.90 0 0.00000000 0.00000000 0.00 0.00 0.00 0.05 0.08 -0.00 0.02 -0.01 0.01 92.90 94.54 90.04 
5.00 0 0.00000000 0.00000000 0.00 0.00 0.00 0.05 0.08 0.00 0.01 -0.00 0.00 92.79 94.51 90.03 
5.10 0 0.00000000 0.00000000 0.00 0.00 0.00 0.05 0.08 -0.00 0.01 0.00 0.00 92.80 94.50 90.02 
5.20 0 0.00000000 0.00000000 0.00 0.00 0.00 0.05 0.08 -0.01 0.00 -0.01 0.01 92.71 94.60 90.04 
5.30 0 0.00000000 0.00000000 0.00 0.00 0.00 0.05 0.08 -0.00 0.01 -0.00 0.00 93.05 94.49 90.02 
5.40 0 0.00000000 0.00000000 0.00 0.00 0.00 0.05 0.08 0.01 0.01 -0.01 0.00 92.93 94.46 90.03 
5.50 0 0.00000000 0.00000000 0.00 0.00 0.00 0.05 0.08 -0.01 0.00 -0.00 0.00 92.84 94.51 90.02 
5.60 0 0.00000000 0.00000000 0.00 0.00 0.00 0.05 0.08 -0.01 0.02 -0.01 0.00 92.87 94.60 90.03 
5.70 0 0.00000000 0.00000000 0.00 0.00 0.00 0.05 0.08 0.00 0.02 -0.01 0.00 92.77 94.51 90.03 
5.81 0 0.00000000 0.00000000 0.00 0.00 0.00 0.05 0.08 -0.01 0.01 -0.01 0.00 92.90 94.46 90.03 
5.91 0 0.00000000 0.00000000 0.00 0.00 0.00 0.05 0.08 -0.00 0.01 -0.01 0.01 92.84 94.59 90.04 
6.01 0 0.00000000 0.00000000 0.00 0.00 0.00 0.05 0.08 -0.00 0.01 -0.01 0.01 92.88 94.65 90.04 
6.11 0 0.00000000 0.00000000 0.00 0.00 0.00 0.05 0.08 -0.00 0.00 -0.01 0.00 92.95 94.74 90.02 
6.21 0 0.00000000 0.00000000 0.00 0.00 0.00 0.05 0.08 -0.00 0.01 -0.00 0.00 92.83 94.73 90.03 
6.31 0 0.00000000 0.00000000 0.00 0.00 0.00 0.05 0.08 -0.01 0.02 -0.01 0.00 92.78 94.59 90.03 
6.41 0 0.00000000 0.00000000 0.00 0.00 0.00 0.05 0.08 -0.00 0.01 -0.01 0.00 92.87 94.49 90.03 
6.51 0 0.00000000 0.00000000 0.00 0.00 0.00 0.05 0.08 0.00 0.01 -0.02 0.01 92.76 94.79 90.04 
6.62 0 0.00000000 0.00000000 0.00 0.00 0.00 0.05 0.08 0.00 0.02 -0.02 0.00 92.89 94.67 90.03 
6.72 0 0.00000000 0.00000000 0.00 0.00 0.00 0.05 0.08 -0.00 0.02 0.01 0.00 92.71 94.54 90.06 
6.82 0 0.00000000 0.00000000 0.00 0.00 0.00 0.05 0.09 0.00 0.03 -0.02 0.01 92.87 95.05 90.04 
6.92 0 0.00000000 0.00000000 0.00 0.00 0.00 0.05 0.08 -0.01 -0.02 0.00 -0.00 93.06 94.79 89.97 
7.02 0 0.00000000 0.00000000 0.00 0.00 0.00 0.05 0.08 -0.00 -0.02 -0.01 0.00 92.94 94.77 90.02 
7.12 0 0.00000000 0.00000000 0.00 0.00 0.00 0.05 0.08 -0.01 0.02 -0.02 0.01 92.87 94.62 90.05 
7.22 0 0.00000000 0.00000000 0.00 0.00 0.00 0.05 0.08 -0.00 -0.02 0.00 0.00 92.63 94.61 90.00 
7.32 0 0.00000000 0.00000000 0.00 0.00 0.00 0.05 0.08 -0.00 -0.04 0.02 0.00 92.81 94.69 90.01 
7.42 0 0.00000000 0.00000000 0.00 0.00 0.00 0.05 0.08 -0.00 -0.03 0.01 0.00 92.63 94.59 90.01 
7.52 0 0.00000000 0.00000000 0.00 0.00 0.00 0.05 0.08 -0.01 -0.03 0.00 0.00 92.73 94.76 90.02 
7.63 0 0.00000000 0.00000000 0.00 0.00 0.00 0.05 0.08 -0.00 -0.01 -0.00 0.00 92.80 94.84 90.02 
7.73 0 0.00000000 0.00000000 0.00 0.00 0.00 0.05 0.09 -0.00 -0.07 0.02 0.00 92.72 95.07 90.02 
7.83 0 0.00000000 0.00000000 0.00 0.00 0.00 0.05 0.08 -0.01 -0.04 0.01 0.00 92.92 94.76 90.01 
7.93 0 0.00000000 0.00000000 0.00 0.00 0.00 0.05 0.08 0.00 -0.00 0.00 0.00 92.81 94.76 90.03 
8.03 0 0.00000000 0.00000000 0.00 0.00 0.00 0.05 0.08 0.01 0.02 -0.01 0.00 92.78 94.73 90.03 
8.13 0 0.00000000 0.00000000 0.00 0.00 0.00 0.05 0.08 -0.00 0.03 0.01 0.00 92.40 94.84 90.03 
8.24 0 0.00000000 0.00000000 0.00 0.00 0.00 0.05 0.08 0.00 0.05 -0.03 0.00 92.61 94.74 90.03 
8.34 0 0.00000000 0.00000000 0.00 0.00 0.00 0.05 0.09 -0.00 0.01 -0.01 0.00 92.74 94.88 90.02 
8.45 0 0.00000000 0.00000000 0.00 0.00 0.00 0.05 0.11 -0.00 0.02 -0.01 0.00 93.15 96.41 90.03 
8.55 0 0.00000000 0.00000000 0.00 0.00 0.00 0.05 0.09 0.00 -0.06 0.01 0.00 92.90 95.22 90.02 
8.65 0 0.00000000 0.00000000 0.00 0.00 0.00 0.05 0.08 -0.00 0.00 -0.01 0.01 93.01 94.60 90.04 
8.75 0 0.00000000 0.00000000 0.00 0.00 0.00 0.05 0.08 -0.00 0.02 -0.01 0.01 92.76 94.57 90.04 
8.85 0 0.00000000 0.00000000 0.00 0.00 0.00 0.05 0.09 0.00 0.01 -0.00 0.01 92.72 95.10 90.04 
8.95 0 0.00000000 0.00000000 0.00 0.00 0.00 0.05 0.08 -0.00 0.00 -0.02 0.01 92.81 94.60 90.03 
9.05 0 0.00000000 0.00000000 0.00 0.00 0.00 0.05 0.08 0.00 0.01 -0.01 0.00 92.70 94.70 90.02 
9.16 0 0.00000000 0.00000000 0.00 0.00 0.00 0.04 0.06 0.01 0.06 0.06 -0.00 92.18 93.76 90.01 
9.26 0 0.00000000 0.00000000 0.00 0.00 0.00 0.04 0.07 -0.00 0.01 -0.01 0.01 92.44 94.08 90.02 
9.36 0 0.00000000 0.00000000 0.00 0.00 0.00 0.05 0.08 -0.00 0.01 -0.01 0.01 93.02 94.30 90.03 
9.46 0 0.00000000 0.00000000 0.00 0.00 0.00 0.05 0.09 0.01 0.01 -0.01 0.01 93.10 95.22 90.03 
9.56 0 0.00000000 0.00000000 0.00 0.00 0.00 0.03 0.13 0.04 0.00 -0.02 0.01 91.59 97.73 90.03 
9.67 0 0.00000000 0.00000000 0.00 0.00 0.00 0.05 0.10 0.01 0.00 -0.01 0.01 92.89 95.86 90.03 
9.77 0 0.00000000 0.00000000 0.00 0.00 0.00 0.05 0.10 0.00 0.02 -0.00 0.00 93.05 95.90 90.02 
9.88 0 0.00000000 0.00000000 0.00 0.00 0.00 0.05 0.09 0.00 0.02 -0.01 0.00 92.91 95.47 90.04 
9.98 0 0.00000000 0.00000000 0.00 0.00 0.00 0.05 0.08 -0.01 0.02 -0.01 0.01 92.85 94.37 90.04 
10.08 0 0.00000000 0.00000000 0.00 0.00 0.00 0.04 0.08 -0.00 0.00 -0.01 0.00 92.93 94.46 90.01 
10.18 0 0.00000000 0.00000000 0.00 0.00 0.00 0.05 0.08 -0.00 0.01 -0.01 0.01 92.87 94.82 90.04 
10.28 0 0.00000000 0.00000000 0.00 0.00 0.00 0.05 0.08 -0.01 0.01 -0.01 0.01 93.12 94.82 90.04 
10.38 0 0.00000000 0.00000000 0.00 0.00 0.00 0.05 0.09 -0.01 0.02 -0.01 0.00 92.91 94.95 90.03 
10.48 0 0.00000000 0.00000000 0.00 0.00 0.00 0.05 0.08 -0.00 0.01 -0.01 0.00 93.04 94.70 90.03 
10.59 0 0.00000000 0.00000000 0.00 0.00 0.00 0.05 0.08 -0.00 0.01 -0.02 0.00 92.90 94.86 90.02 
10.69 0 0.00000000 0.00000000 0.00 0.00 0.00 0.05 0.09 0.00 0.01 -0.00 0.00 93.00 94.87 90.02 
10.79 0 0.00000000 0.00000000 0.00 0.00 0.00 0.05 0.08 0.00 0.01 -0.01 0.00 93.02 94.78 90.03 
10.89 0 0.00000000 0.00000000 0.00 0.00 0.00 0.05 0.09 -0.00 0.01 -0.01 0.01 93.12 94.90 90.03 
10.99 0 0.00000000 0.00000000 0.00 0.00 0.00 0.05 0.08 -0.00 0.01 -0.00 0.01 92.98 94.86 90.04 
11.09 0 0.00000000 0.00000000 0.00 0.00 0.00 0.05 0.08 -0.00 0.01 -0.01 0.01 92.99 94.84 90.03 
11.19 0 0.00000000 0.00000000 0.00 0.00 0.00 0.05 0.08 -0.00 0.01 -0.01 0.00 92.93 94.85 90.02 
11.29 0 0.00000000 0.00000000 0.00 0.00 0.00 0.05 0.08 -0.01 0.02 -0.02 -0.01 92.59 94.77 89.95 
11.39 0 0.00000000 0.00000000 0.00 0.00 0.00 0.05 0.08 -0.01 0.06 0.03 -0.00 92.72 94.40 89.99 
11.50 0 0.00000000 0.00000000 0.00 0.00 0.00 0.01 0.08 0.02 0.07 -0.10 0.01 90.53 94.50 89.97 
11.60 0 0.00000000 0.00000000 0.00 0.00 0.00 0.01 0.07 0.03 0.07 0.02 -0.06 90.18 94.41 89.86 
11.75 0 0.00000000 0.00000000 0.00 0.00 0.00 0.01 0.07 0.02 0.08 -0.26 0.02 90.76 94.23 90.15 
11.88 0 0.00000000 0.00000000 0.00 0.00 0.00 0.03 0.08 0.01 0.11 0.19 -0.01 91.52 94.62 89.91 
12.02 0 0.00000000 0.00000000 0.00 0.00 0.00 0.04 0.07 -0.01 0.15 -0.50 0.06 92.19 93.79 90.38 
12.15 0 0.00000000 0.00000000 0.00 0.00 0.00 0.04 0.08 -0.01 -0.17 -0.12 0.53 92.05 94.49 93.44 
12.26 0 0.00000000 0.00000000 0.00 0.00 0.00 0.00 0.12 0.00 -0.10 -0.33 0.43 90.03 96.65 92.80 
12.36 0 0.00000000 0.00000000 0.00 0.00 0.00 -0.01 0.17 0.13 -0.00 -0.19 0.41 89.18 99.97 92.66 
12.46 0 0.00000000 0.00000000 0.00 0.00 0.00 0.06 0.15 0.12 -0.28 0.83 0.29 93.30 98.52 91.87 
12.56 0 0.00000000 0.00000000 0.00 0.00 0.00 0.16 0.06 0.08 -0.66 -0.72 0.27 99.21 93.46 91.77 
12.66 0 0.00000000 0.00000000 0.00 0.00 0.00 0.10 -0.01 0.05 0.05 -0.30 0.10 95.51 89.68 90.63 
12.76 0 0.00000000 0.00000000 0.00 0.00 0.00 -0.05 -0.00 0.07 0.70 0.67 -0.01 87.35 89.99 89.95 
12.86 0 0.00000000 0.00000000 0.00 0.00 0.00 0.16 0.06 -0.01 0.64 1.59 0.06 99.04 93.28 90.37 
12.96 0 0.00000000 0.00000000 0.00 0.00 0.00 0.19 0.13 0.03 -0.13 -1.84 0.09 101.15 97.20 90.61 
13.06 0 0.00000000 0.00000000 0.00 0.00 0.00 0.09 0.16 -0.12 -0.74 -0.23 0.08 95.40 99.35 90.53 
13.17 0 0.00000000 0.00000000 0.00 0.00 0.00 0.13 0.08 -0.15 -0.30 -0.61 0.46 96.63 95.12 92.15 
13.27 0 0.00000000 0.00000000 0.00 0.00 0.00 -0.14 0.01 -0.04 0.34 0.70 0.28 82.25 90.34 91.80 
13.37 0 0.00000000 0.00000000 0.00 0.00 0.00 0.04 0.02 -0.07 0.41 0.31 0.52 92.50 91.28 93.38 
13.47 0 0.00000000 0.00000000 0.00 0.00 0.00 -0.06 0.06 -0.03 0.07 -0.11 0.66 86.67 93.53 94.29 
13.57 0 0.00000000 0.00000000 0.00 0.00 0.00 0.05 0.07 -0.04 -0.03 0.50 0.53 92.94 94.24 93.48 
13.67 0 0.00000000 0.00000000 0.00 0.00 0.00 0.03 0.05 -0.04 -0.18 -0.30 0.97 91.74 93.06 96.30 
13.77 0 0.00000000 0.00000000 0.00 0.00 0.00 0.00 0.07 0.03 -0.58 -0.15 0.58 90.25 93.97 93.77 
13.88 0 0.00000000 0.00000000 0.00 0.00 0.00 0.01 0.02 0.04 -0.36 0.62 -0.02 90.54 91.31 89.88 
13.98 0 0.00000000 0.00000000 0.00 0.00 0.00 0.11 -0.02 0.02 0.03 0.17 0.06 96.48 88.97 90.37 
14.08 0 0.00000000 0.00000000 0.00 0.00 0.00 0.11 -0.02 0.01 0.38 0.18 0.44 96.70 88.22 92.69 
14.18 0 0.00000000 0.00000000 0.00 0.00 0.00 0.22 -0.01 -0.04 0.25 0.13 0.77 102.50 89.41 95.01 
14.28 0 0.00000000 0.00000000 0.00 0.00 0.00 0.26 0.10 0.03 0.36 0.36 0.98 104.71 95.64 96.40 
14.38 0 0.00000000 0.00000000 0.00 0.00 0.00 0.20 0.13 0.11 0.07 0.09 1.07 101.68 97.64 96.97 
14.48 0 0.00000000 0.00000000 0.00 0.00 0.00 0.02 0.10 0.24 0.14 0.65 0.47 91.35 95.56 93.05 
14.59 0 0.00000000 0.00000000 0.00 0.00 0.00 0.14 0.09 0.25 -0.01 -0.55 0.68 97.93 95.20 94.43 
14.69 0 0.00000000 0.00000000 0.00 0.00 0.00 0.01 0.10 0.24 0.12 -0.17 0.93 90.57 95.66 96.02 
14.79 0 0.00000000 0.00000000 0.00 0.00 0.00 -0.00 0.12 0.32 0.07 0.49 0.61 90.87 97.25 94.79 
14.89 0 0.00000000 0.00000000 0.00 0.00 0.00 0.05 0.11 0.39 0.04 0.03 0.06 93.01 96.40 90.37 
14.99 0 0.00000000 0.00000000 0.00 0.00 0.00 0.09 0.15 0.28 0.15 -0.60 0.27 94.88 98.37 91.73 
15.09 0 0.00000000 0.00000000 0.00 0.00 0.00 0.04 0.15 0.31 0.14 -0.64 0.22 92.21 98.77 91.40 
15.19 0 0.00000000 0.00000000 0.00 0.00 0.00 -0.02 0.17 0.25 0.16 -0.91 0.40 88.75 99.82 92.58 
15.29 0 0.00000000 0.00000000 0.00 0.00 0.00 -0.13 0.16 0.25 -0.02 -1.38 0.62 82.54 98.97 94.03 
15.39 0 0.00000000 0.00000000 0.00 0.00 0.00 -0.27 0.11 0.19 -0.14 -1.33 0.50 74.42 96.41 93.22 
15.49 0 0.00000000 0.00000000 0.00 0.00 0.00 -0.41 0.07 0.23 0.07 -0.87 0.34 66.52 93.79 92.23 
15.59 0 0.00000000 0.00000000 0.00 0.00 0.00 -0.46 0.08 0.21 0.20 -0.66 0.12 64.68 94.87 90.69 
15.69 0 0.00000000 0.00000000 0.00 0.00 0.00 -0.55 0.07 0.24 0.26 -0.51 0.09 58.27 93.84 90.56 
15.80 0 0.00000000 0.00000000 0.00 0.00 0.00 -0.66 0.09 0.17 0.06 -0.52 0.18 52.26 95.13 91.18 
15.90 0 0.00000000 0.00000000 0.00 0.00 0.00 -0.69 0.09 0.09 -0.45 -0.73 0.11 50.61 94.99 90.71 
16.00 0 0.00000000 0.00000000 0.00 0.00 0.00 -0.78 0.05 0.15 -0.38 -0.81 0.24 45.09 92.69 91.55 
16.10 0 0.00000000 0.00000000 0.00 0.00 0.00 -0.88 0.01 0.21 -0.73 0.62 -0.75 39.50 91.12 86.39 
16.20 0 0.00000000 0.00000000 0.00 0.00 0.00 -0.85 0.00 0.17 -1.25 0.94 -1.87 41.90 89.91 78.46 
16.30 0 0.00000000 0.00000000 0.00 0.00 0.00 -0.57 0.07 0.06 -1.34 -0.09 -1.22 55.58 95.39 81.72 
16.41 0 0.00000000 0.00000000 0.00 0.00 0.00 -0.63 -0.00 0.05 -1.07 0.32 -0.86 54.11 89.87 84.40 
16.51 0 0.00000000 0.00000000 0.00 0.00 0.00 -0.42 0.01 -0.12 -0.22 0.00 -0.58 65.82 90.85 86.24 
16.61 0 0.00000000 0.00000000 0.00 0.00 0.00 -0.63 -0.02 -0.01 0.03 0.01 -0.31 53.87 88.82 87.97 
16.71 0 0.00000000 0.00000000 0.00 0.00 0.00 -0.57 -0.05 -0.05 0.18 0.61 -0.15 57.16 87.09 89.05 
16.81 0 0.00000000 0.00000000 0.00 0.00 0.00 -0.56 0.00 -0.04 0.42 0.12 0.12 57.80 90.23 90.79 
16.91 0 0.00000000 0.00000000 0.00 0.00 0.00 -0.52 0.12 -0.05 0.13 0.05 0.03 59.62 95.78 90.25 
17.02 0 0.00000000 0.00000000 0.00 0.00 0.00 -0.54 0.13 -0.06 -0.12 -0.01 0.10 59.12 97.89 90.58 
17.12 0 0.00000000 0.00000000 0.00 0.00 0.00 -0.49 0.12 -0.08 -0.09 0.12 0.15 62.11 96.88 90.97 
17.22 0 0.00000000 0.00000000 0.00 0.00 0.00 -0.47 0.07 -0.08 0.05 -0.22 0.09 62.90 94.10 90.61 
17.32 0 0.00000000 0.00000000 0.00 0.00 0.00 -0.53 0.08 -0.03 -0.00 0.13 -0.01 59.89 94.36 89.92 
17.42 0 0.00000000 0.00000000 0.00 0.00 0.00 -0.56 0.10 0.03 -0.10 1.31 -0.33 57.92 95.84 87.85 
17.52 0 0.00000000 0.00000000 0.00 0.00 0.00 -0.17 0.07 0.01 -0.49 2.73 -0.65 77.00 93.96 85.16 
17.62 0 0.00000000 0.00000000 0.00 0.00 0.00 0.09 0.07 -0.06 -0.74 1.51 -0.21 94.99 94.13 88.61 
17.72 0 0.00000000 0.00000000 0.00 0.00 0.00 0.15 0.01 0.00 -0.60 0.19 0.20 98.82 90.60 91.31 
17.83 0 0.00000000 0.00000000 0.00 0.00 0.00 0.10 -0.05 0.03 -0.09 0.08 0.22 95.96 87.61 91.43 
17.93 0 0.00000000 0.00000000 0.00 0.00 0.00 0.14 -0.06 0.03 0.33 0.71 -0.14 98.25 86.82 89.07 
18.03 0 0.00000000 0.00000000 0.00 0.00 0.00 0.17 -0.07 -0.01 0.62 0.11 0.06 99.56 86.00 90.36 
18.13 0 0.00000000 0.00000000 0.00 0.00 0.00 0.16 0.01 0.01 0.40 -0.15 0.31 99.40 90.58 91.99 
18.23 0 0.00000000 0.00000000 0.00 0.00 0.00 0.15 0.02 0.01 0.07 -0.18 0.16 98.36 91.28 91.04 
18.33 0 0.00000000 0.00000000 0.00 0.00 0.00 0.13 0.04 0.02 -0.11 -0.04 -0.03 97.81 92.44 89.88 
18.43 0 0.00000000 0.00000000 0.00 0.00 0.00 0.12 0.04 0.01 -0.07 0.05 -0.04 96.97 92.12 89.74 
18.54 0 0.00000000 0.00000000 0.00 0.00 0.00 0.12 0.03 0.00 0.01 0.02 -0.03 96.70 91.71 89.77 
18.64 0 0.00000000 0.00000000 0.00 0.00 0.00 0.11 0.04 0.03 0.03 -0.02 0.01 96.46 92.68 89.96 
18.74 0 0.00000000 0.00000000 0.00 0.00 0.00 0.11 0.02 0.02 0.02 -0.20 0.03 96.20 91.40 90.18 
18.84 0 0.00000000 0.00000000 0.00 0.00 0.00 0.09 0.03 -0.00 -0.00 -0.13 0.07 95.16 91.55 90.46 
18.95 0 0.00000000 0.00000000 0.00 0.00 0.00 0.09 0.03 -0.00 0.03 -0.06 0.10 95.11 91.90 90.51 
19.05 0 0.00000000 0.00000000 0.00 0.00 0.00 0.09 0.03 0.01 -0.01 -0.13 0.14 95.53 91.46 90.82 
19.15 0 0.00000000 0.00000000 0.00 0.00 0.00 0.08 0.01 -0.01 -0.03 -0.25 0.20 94.63 90.68 91.30 
19.25 0 0.00000000 0.00000000 0.00 0.00 0.00 0.06 0.01 0.02 -0.04 0.21 0.16 93.20 90.50 91.05 
19.35 0 0.00000000 0.00000000 0.00 0.00 0.00 0.06 0.01 0.06 -0.18 0.39 0.08 93.35 90.78 90.49 
19.45 0 0.00000000 0.00000000 0.00 0.00 0.00 0.12 0.00 0.04 -0.13 0.13 0.17 96.76 90.15 91.12 
19.55 0 0.00000000 0.00000000 0.00 0.00 0.00 0.10 -0.01 0.09 0.06 -0.30 0.14 95.77 89.24 90.88 
19.66 0 0.00000000 0.00000000 0.00 0.00 0.00 0.09 -0.01 0.08 0.13 -0.26 0.15 94.89 89.12 90.85 
19.76 0 0.00000000 0.00000000 0.00 0.00 0.00 0.14 0.05 0.03 0.07 -0.35 0.68 98.04 93.06 94.43 
19.86 0 0.00000000 0.00000000 0.00 0.00 0.00 0.08 0.02 0.08 0.27 -0.20 1.12 94.85 91.47 97.21 
19.96 0 0.00000000 0.00000000 0.00 0.00 0.00 -0.07 -0.04 0.19 0.26 -0.26 0.94 85.89 87.81 96.08 
20.06 0 0.00000000 0.00000000 0.00 0.00 0.00 -0.10 -0.02 0.29 0.23 -0.43 0.38 84.12 88.59 92.44 
20.16 0 0.00000000 0.00000000 0.00 0.00 0.00 -0.08 0.01 0.26 0.14 0.24 0.27 85.56 90.68 91.75 
20.26 0 0.00000000 0.00000000 0.00 0.00 0.00 -0.10 0.04 0.34 -0.01 0.42 0.08 84.12 92.23 90.55 
20.36 0 0.00000000 0.00000000 0.00 0.00 0.00 0.03 0.04 0.28 -0.24 0.98 0.12 91.44 92.13 90.79 
20.46 0 0.00000000 0.00000000 0.00 0.00 0.00 0.09 0.02 0.36 0.22 1.34 0.36 93.58 90.48 92.22 
20.56 0 0.00000000 0.00000000 0.00 0.00 0.00 0.22 0.05 0.38 -0.04 0.53 0.45 102.50 93.02 92.95 
20.67 0 0.00000000 0.00000000 0.00 0.00 0.00 0.25 0.09 0.41 0.16 0.99 0.32 103.25 94.92 92.33 
20.77 0 0.00000000 0.00000000 0.00 0.00 0.00 0.41 0.11 0.40 0.03 0.60 0.04 113.43 96.35 90.30 
20.87 0 0.00000000 0.00000000 0.00 0.00 0.00 0.46 0.09 0.38 0.21 0.78 -0.11 115.80 94.91 89.24 
20.97 0 0.00000000 0.00000000 0.00 0.00 0.00 0.56 0.10 0.29 0.26 1.22 -0.18 122.37 95.60 88.85 
21.08 0 0.00000000 0.00000000 0.00 0.00 0.00 0.63 0.09 0.37 0.21 1.10 -0.11 124.94 95.80 89.32 
21.18 0 0.00000000 0.00000000 0.00 0.00 0.00 0.73 0.11 0.28 -0.06 0.31 0.09 132.00 96.03 90.58 
21.28 0 0.00000000 0.00000000 0.00 0.00 0.00 0.76 0.07 0.28 0.03 0.78 -0.24 132.55 94.26 88.64 
21.39 0 0.00000000 0.00000000 0.00 0.00 0.00 0.80 0.05 0.28 -0.13 0.34 -0.20 134.78 93.93 88.91 
21.49 0 0.00000000 0.00000000 0.00 0.00 0.00 0.86 0.06 0.24 0.06 0.47 -0.20 139.33 93.70 88.70 
21.59 0 0.00000000 0.00000000 0.00 0.00 0.00 0.90 0.06 0.21 0.32 0.24 -0.03 141.60 93.49 89.78 
21.69 0 0.00000000 0.00000000 0.00 0.00 0.00 0.92 0.06 0.21 0.37 -0.27 0.14 142.70 93.55 90.92 
21.79 0 0.00000000 0.00000000 0.00 0.00 0.00 0.91 0.09 0.23 0.18 -0.53 0.12 142.72 94.73 90.73 
21.89 0 0.00000000 0.00000000 0.00 0.00 0.00 0.86 0.11 0.27 -0.12 -0.78 0.15 139.56 96.51 90.98 
22.00 0 0.00000000 0.00000000 0.00 0.00 0.00 0.78 0.10 0.33 -0.22 -1.20 0.08 134.55 95.85 90.55 
22.10 0 0.00000000 0.00000000 0.00 0.00 0.00 0.66 0.11 0.32 -0.12 -2.03 0.10 127.97 96.23 90.65 
22.20 0 0.00000000 0.00000000 0.00 0.00 0.00 0.46 0.13 0.36 -0.02 -1.18 0.34 117.96 98.19 92.48 
22.30 0 0.00000000 0.00000000 0.00 0.00 0.00 0.41 0.14 0.33 0.00 -0.32 0.18 113.37 98.15 91.19 
22.40 0 0.00000000 0.00000000 0.00 0.00 0.00 0.34 0.13 0.36 0.15 -0.43 0.10 109.49 97.36 90.62 
22.50 0 0.00000000 0.00000000 0.00 0.00 0.00 0.29 0.13 0.39 0.21 -0.24 -0.10 106.38 97.62 89.38 
22.60 0 0.00000000 0.00000000 0.00 0.00 0.00 0.20 0.13 0.43 0.02 -0.32 -0.45 101.24 97.69 87.08 
22.70 0 0.00000000 0.00000000 0.00 0.00 0.00 0.16 0.12 0.36 0.08 -0.55 -0.91 99.03 97.08 84.10 
22.80 0 0.00000000 0.00000000 0.00 0.00 0.00 0.14 0.13 0.31 0.32 -0.49 -0.74 98.25 97.46 85.18 
22.90 0 0.00000000 0.00000000 0.00 0.00 0.00 0.16 0.17 0.22 0.60 -0.49 -0.96 99.19 99.63 83.79 
23.01 0 0.00000000 0.00000000 0.00 0.00 0.00 0.21 0.21 0.12 0.66 -0.72 -0.51 102.86 102.07 86.84 
23.11 0 0.00000000 0.00000000 0.00 0.00 0.00 0.18 0.28 0.09 0.01 -0.05 -0.06 100.41 106.10 89.63 
23.22 0 0.00000000 0.00000000 0.00 0.00 0.00 0.13 0.27 0.13 -0.41 0.01 -0.07 97.64 106.00 89.56 
23.32 0 0.00000000 0.00000000 0.00 0.00 0.00 0.13 0.23 0.11 -0.38 0.08 -0.17 97.38 103.26 88.94 
23.42 0 0.00000000 0.00000000 0.00 0.00 0.00 0.11 0.21 0.13 -0.69 0.16 -0.22 96.45 102.20 88.60 
23.52 0 0.00000000 0.00000000 0.00 0.00 0.00 0.15 0.14 0.12 -1.01 0.14 -0.18 98.85 98.25 88.86 
23.62 0 0.00000000 0.00000000 0.00 0.00 0.00 0.15 0.04 0.12 -1.01 0.26 -0.16 99.13 93.72 89.32 
23.72 0 0.00000000 0.00000000 0.00 0.00 0.00 0.17 -0.05 0.10 -0.82 -0.03 -0.06 99.81 87.03 89.59 
23.82 0 0.00000000 0.00000000 0.00 0.00 0.00 0.17 -0.13 0.07 -0.88 -0.36 -0.05 99.86 82.57 89.67 
23.92 0 0.00000000 0.00000000 0.00 0.00 0.00 0.17 -0.21 0.05 -0.79 -0.24 -0.04 99.54 77.90 89.76 
24.02 0 0.00000000 0.00000000 0.00 0.00 0.00 0.12 -0.30 0.07 -0.77 -0.20 -0.06 97.13 72.55 89.60 
24.12 0 0.00000000 0.00000000 0.00 0.00 0.00 0.10 -0.39 0.05 -0.69 -0.13 -0.03 95.90 67.64 89.83 
24.22 0 0.00000000 0.00000000 0.00 0.00 0.00 0.10 -0.46 0.03 -0.46 -0.21 0.02 96.16 64.77 90.14 
24.32 0 0.00000000 0.00000000 0.00 0.00 0.00 0.11 -0.48 0.02 -0.26 -0.32 0.08 96.10 62.38 90.51 
24.43 0 0.00000000 0.00000000 0.00 0.00 0.00 0.09 -0.53 0.01 -0.07 -0.80 0.30 94.89 59.91 91.98 
24.53 0 0.00000000 0.00000000 0.00 0.00 0.00 0.03 -0.53 0.05 0.01 -0.37 0.15 91.84 59.39 90.97 
24.63 0 0.00000000 0.00000000 0.00 0.00 0.00 0.01 -0.50 0.09 0.07 -0.38 0.03 90.35 61.51 90.18 
24.73 0 0.00000000 0.00000000 0.00 0.00 0.00 -0.10 -0.52 0.16 -0.09 0.44 0.08 84.19 60.33 90.51 
24.83 0 0.00000000 0.00000000 0.00 0.00 0.00 0.05 -0.57 0.04 -0.44 0.18 0.37 93.39 56.98 92.36 
24.93 0 0.00000000 0.00000000 0.00 0.00 0.00 0.06 -0.56 0.09 -0.13 0.38 0.03 93.31 57.95 90.19 
25.04 0 0.00000000 0.00000000 0.00 0.00 0.00 0.11 -0.60 0.04 0.20 -0.16 -0.04 96.45 56.48 89.71 
25.14 0 0.00000000 0.00000000 0.00 0.00 0.00 0.07 -0.61 0.05 0.34 -0.31 -0.09 94.15 55.16 89.39 
25.24 0 0.00000000 0.00000000 0.00 0.00 0.00 0.10 -0.56 0.01 0.25 -0.01 -0.11 95.54 57.83 89.27 
25.34 0 0.00000000 0.00000000 0.00 0.00 0.00 0.06 -0.51 0.06 0.10 -0.19 -0.13 93.38 60.53 89.14 
25.44 0 0.00000000 0.00000000 0.00 0.00 0.00 0.02 -0.51 0.08 0.19 0.16 -0.11 91.39 60.67 89.31 
25.54 0 0.00000000 0.00000000 0.00 0.00 0.00 0.01 -0.49 0.07 0.09 -0.15 0.03 90.78 61.15 90.20 
25.65 0 0.00000000 0.00000000 0.00 0.00 0.00 -0.01 -0.50 0.11 0.11 0.30 -0.01 89.25 61.65 89.92 
25.75 0 0.00000000 0.00000000 0.00 0.00 0.00 0.03 -0.46 0.09 0.01 -0.02 0.08 91.58 63.81 90.54 
25.85 0 0.00000000 0.00000000 0.00 0.00 0.00 0.04 -0.46 0.10 0.01 0.02 0.02 92.17 63.44 90.15 
25.95 0 0.00000000 0.00000000 0.00 0.00 0.00 0.04 -0.47 0.08 -0.00 -0.04 0.05 92.49 62.73 90.47 
26.06 0 0.00000000 0.00000000 0.00 0.00 0.00 0.04 -0.47 0.08 0.13 -0.05 0.01 92.15 63.59 89.98 
26.16 0 0.00000000 0.00000000 0.00 0.00 0.00 0.05 -0.46 0.08 0.06 -0.17 -0.03 92.45 62.97 89.84 
26.26 0 0.00000000 0.00000000 0.00 0.00 0.00 0.02 -0.45 0.08 0.02 -0.04 -0.10 91.19 63.97 89.25 
26.36 0 0.00000000 0.00000000 0.00 0.00 0.00 0.02 -0.43 0.08 0.13 -0.02 0.06 91.38 65.52 90.37 
26.46 0 0.00000000 0.00000000 0.00 0.00 0.00 0.03 -0.47 0.05 0.14 -0.00 0.03 91.92 63.18 90.20 
26.57 0 0.00000000 0.00000000 0.00 0.00 0.00 0.02 -0.43 0.10 0.15 0.11 0.04 91.08 65.02 90.23 
26.67 0 0.00000000 0.00000000 0.00 0.00 0.00 0.01 -0.42 0.11 0.18 -0.07 0.04 90.86 65.61 90.24 
26.77 0 0.00000000 0.00000000 0.00 0.00 0.00 0.02 -0.43 0.10 0.46 0.17 0.05 90.42 65.43 90.42 
26.87 0 0.00000000 0.00000000 0.00 0.00 0.00 0.04 -0.40 0.07 1.09 -0.25 0.21 92.72 66.47 91.44 
26.98 0 0.00000000 0.00000000 0.00 0.00 0.00 -0.01 -0.25 0.12 1.57 -0.10 0.04 89.22 73.08 90.38 
27.08 0 0.00000000 0.00000000 0.00 0.00 0.00 0.01 -0.13 0.11 1.29 -0.14 0.01 89.95 81.27 89.95 
27.18 0 0.00000000 0.00000000 0.00 0.00 0.00 -0.04 -0.03 0.15 0.63 0.28 -0.02 87.55 88.37 89.90 
27.28 0 0.00000000 0.00000000 0.00 0.00 0.00 0.03 0.06 0.13 0.23 0.51 0.12 91.86 93.33 90.80 
27.38 0 0.00000000 0.00000000 0.00 0.00 0.00 0.08 0.12 0.15 0.31 0.23 0.29 94.67 96.93 91.91 
27.48 0 0.00000000 0.00000000 0.00 0.00 0.00 0.12 0.12 0.13 0.31 0.11 0.09 97.00 97.09 90.56 
27.59 0 0.00000000 0.00000000 0.00 0.00 0.00 0.14 0.19 0.15 0.65 0.40 0.08 98.31 100.39 90.43 
27.69 0 0.00000000 0.00000000 0.00 0.00 0.00 0.15 0.25 0.14 0.70 0.00 0.13 98.48 104.34 90.84 
27.79 0 0.00000000 0.00000000 0.00 0.00 0.00 0.09 0.28 0.20 0.60 -0.05 0.03 96.32 106.79 90.36 
27.89 0 0.00000000 0.00000000 0.00 0.00 0.00 0.08 0.33 0.22 0.42 0.06 0.01 94.36 109.00 90.04 
27.99 0 0.00000000 0.00000000 0.00 0.00 0.00 0.10 0.37 0.21 0.33 -0.13 0.09 96.27 109.75 90.68 
28.09 0 0.00000000 0.00000000 0.00 0.00 0.00 0.09 0.42 0.23 0.36 0.04 0.00 94.89 113.82 90.14 
28.20 0 0.00000000 0.00000000 0.00 0.00 0.00 0.16 0.42 0.17 0.16 -0.18 0.03 98.90 114.64 90.12 
28.30 0 0.00000000 0.00000000 0.00 0.00 0.00 0.11 0.44 0.18 0.22 -0.07 0.13 96.54 115.46 90.82 
28.40 0 0.00000000 0.00000000 0.00 0.00 0.00 0.09 0.50 0.20 0.18 -0.01 0.07 95.43 118.82 90.48 
28.50 0 0.00000000 0.00000000 0.00 0.00 0.00 0.10 0.49 0.17 -0.13 -0.12 0.04 96.00 117.96 90.23 
28.60 0 0.00000000 0.00000000 0.00 0.00 0.00 0.07 0.49 0.19 0.06 -0.02 -0.02 94.15 117.80 89.86 
28.70 0 0.00000000 0.00000000 0.00 0.00 0.00 0.07 0.49 0.19 -0.04 -0.08 -0.16 94.31 118.01 89.07 
28.80 0 0.00000000 0.00000000 0.00 0.00 0.00 0.07 0.49 0.18 0.04 -0.17 -0.09 94.12 117.86 89.43 
28.90 0 0.00000000 0.00000000 0.00 0.00 0.00 0.07 0.49 0.19 0.09 -0.01 -0.16 93.81 117.91 88.95 
29.00 0 0.00000000 0.00000000 0.00 0.00 0.00 0.06 0.50 0.17 -0.01 -0.12 -0.17 93.67 118.62 88.93 
29.10 0 0.00000000 0.00000000 0.00 0.00 0.00 0.08 0.50 0.16 -0.13 0.03 -0.18 93.93 118.93 88.81 
29.25 0 0.00000000 0.00000000 0.00 0.00 0.00 0.08 0.50 0.15 -0.67 0.01 -0.37 94.53 118.54 87.59 
29.38 0 0.00000000 0.00000000 0.00 0.00 0.00 0.09 0.47 0.15 -1.28 -0.01 -0.13 94.91 116.91 89.14 
29.52 0 0.00000000 0.00000000 0.00 0.00 0.00 0.07 0.41 0.17 -1.27 0.70 -0.01 94.05 113.76 89.94 
29.65 0 0.00000000 0.00000000 0.00 0.00 0.00 0.08 0.32 0.19 -1.50 -0.32 0.37 94.53 108.55 92.42 
29.76 0 0.00000000 0.00000000 0.00 0.00 0.00 0.08 0.24 0.24 -1.28 -0.38 0.38 94.82 103.70 92.50 
29.86 0 0.00000000 0.00000000 0.00 0.00 0.00 0.13 -0.11 0.17 -0.79 -0.55 0.28 97.30 83.75 91.85 
29.96 0 0.00000000 0.00000000 0.00 0.00 0.00 0.07 -0.34 0.18 -0.66 -0.11 0.22 93.73 70.65 91.42 
30.07 0 0.00000000 0.00000000 0.00 0.00 0.00 0.08 -0.42 0.18 -0.62 -0.09 0.11 94.57 65.97 90.67 
30.17 0 0.00000000 0.00000000 0.00 0.00 0.00 0.10 -0.48 0.16 -0.33 -0.20 0.07 95.45 62.65 90.45 
30.27 0 0.00000000 0.00000000 0.00 0.00 0.00 0.09 -0.51 0.15 0.37 -0.58 0.02 95.44 60.52 90.10 
30.37 0 0.00000000 0.00000000 0.00 0.00 0.00 0.04 -0.51 0.14 1.23 0.04 -0.20 92.30 60.92 88.73 
30.47 0 0.00000000 0.00000000 0.00 0.00 0.00 0.05 -0.43 0.11 1.57 -0.09 0.45 92.83 65.46 92.90 
30.57 0 0.00000000 0.00000000 0.00 0.00 0.00 0.01 -0.21 0.23 1.48 0.12 0.06 90.47 77.89 90.41 
30.67 0 0.00000000 0.00000000 0.00 0.00 0.00 0.01 -0.06 0.25 1.23 0.30 0.30 90.60 86.82 91.94 
30.77 0 0.00000000 0.00000000 0.00 0.00 0.00 -0.08 -0.01 0.28 0.48 -0.31 0.35 85.55 89.68 92.28 
30.87 0 0.00000000 0.00000000 0.00 0.00 0.00 -0.17 -0.04 1.61 0.09 0.82 -2.85 80.07 87.52 71.46 
30.97 0 0.00000000 0.00000000 0.00 0.00 0.00 0.24 0.09 0.01 0.68 0.41 -2.56 103.98 95.24 73.37 
31.08 0 0.00000000 0.00000000 0.00 0.00 0.00 0.34 0.22 -0.09 0.44 -0.23 1.18 110.29 102.70 95.43 
31.18 0 0.00000000 0.00000000 0.00 0.00 0.00 0.20 0.21 -0.01 -0.43 -0.50 2.91 101.43 102.31 108.90 
31.28 0 0.00000000 0.00000000 0.00 0.00 0.00 -0.10 0.14 0.26 -0.38 -0.06 1.39 84.30 98.21 99.06 
31.38 0 0.00000000 0.00000000 0.00 0.00 0.00 -0.15 0.06 0.42 -0.23 0.53 -1.81 81.41 93.38 78.23 
31.48 0 0.00000000 0.00000000 0.00 0.00 0.00 0.16 0.10 0.08 0.02 -0.02 -1.46 98.92 95.81 80.51 
31.58 0 0.00000000 0.00000000 0.00 0.00 0.00 0.32 0.11 -0.03 0.11 -0.18 0.93 108.42 96.41 96.06 
31.68 0 0.00000000 0.00000000 0.00 0.00 0.00 0.15 0.14 0.09 0.38 -0.51 2.25 98.60 97.83 104.61 
31.78 0 0.00000000 0.00000000 0.00 0.00 0.00 -0.23 0.07 0.36 0.30 -0.35 -0.25 77.08 94.18 88.38 
31.88 0 0.00000000 0.00000000 0.00 0.00 0.00 -0.05 0.12 0.31 -0.13 0.03 -2.77 86.92 97.08 72.01 
31.99 0 0.00000000 0.00000000 0.00 0.00 0.00 0.30 0.18 -0.05 0.17 0.18 -0.75 106.00 99.90 81.79 
32.09 0 0.00000000 0.00000000 0.00 0.00 0.00 0.26 0.19 -0.07 -0.23 -0.46 2.53 104.82 100.96 106.47 
32.19 0 0.00000000 0.00000000 0.00 0.00 0.00 -0.19 0.04 0.35 -0.09 -0.13 0.47 79.04 92.53 93.07 
32.29 0 0.00000000 0.00000000 0.00 0.00 0.00 0.12 0.06 0.12 -0.02 0.59 -1.67 96.67 93.20 79.13 
32.39 0 0.00000000 0.00000000 0.00 0.00 0.00 0.28 0.16 -0.01 0.05 -0.43 1.40 105.90 99.41 99.09 
32.49 0 0.00000000 0.00000000 0.00 0.00 0.00 -0.17 0.07 0.29 -0.07 -0.29 0.12 80.08 94.11 90.80 
32.59 0 0.00000000 0.00000000 0.00 0.00 0.00 0.07 0.15 0.18 0.02 0.50 -1.24 94.25 98.57 81.96 
32.69 0 0.00000000 0.00000000 0.00 0.00 0.00 0.22 0.21 0.04 0.17 -0.21 1.02 102.39 101.76 96.62 
32.79 0 0.00000000 0.00000000 0.00 0.00 0.00 -0.10 0.12 0.29 0.09 0.07 0.43 84.33 96.83 92.82 
32.89 0 0.00000000 0.00000000 0.00 0.00 0.00 0.04 0.18 0.25 0.07 0.53 -0.46 92.12 100.21 87.01 
33.00 0 0.00000000 0.00000000 0.00 0.00 0.00 0.15 0.18 0.16 -0.35 -0.70 0.32 97.72 100.78 91.67 
33.10 0 0.00000000 0.00000000 0.00 0.00 0.00 0.02 0.18 0.16 -0.16 -0.40 0.16 91.11 100.46 91.03 
33.20 0 0.00000000 0.00000000 0.00 0.00 0.00 0.04 0.18 0.16 0.22 0.26 -0.12 92.56 100.11 89.22 
33.30 0 0.00000000 0.00000000 0.00 0.00 0.00 0.03 0.15 0.15 0.26 -0.11 -0.08 91.47 98.60 89.49 
33.40 0 0.00000000 0.00000000 0.00 0.00 0.00 -0.04 0.18 0.19 0.28 0.08 -0.23 87.89 100.54 88.49 
33.50 0 0.00000000 0.00000000 0.00 0.00 0.00 -0.04 0.22 0.19 0.22 -0.15 -0.16 87.92 102.78 88.96 
33.60 0 0.00000000 0.00000000 0.00 0.00 0.00 0.03 0.19 0.14 -0.08 0.02 -0.13 91.46 101.11 89.13 
33.70 0 0.00000000 0.00000000 0.00 0.00 0.00 0.01 0.23 0.14 -0.05 -0.17 0.17 90.53 103.13 91.10 
33.80 0 0.00000000 0.00000000 0.00 0.00 0.00 -0.03 0.24 0.16 -0.10 0.16 -0.03 88.22 103.99 89.78 
33.90 0 0.00000000 0.00000000 0.00 0.00 0.00 -0.01 0.23 0.14 -0.08 0.06 -0.03 89.17 103.09 89.82 
34.00 0 0.00000000 0.00000000 0.00 0.00 0.00 0.04 0.20 0.13 -0.05 0.03 0.13 92.10 101.20 90.82 
34.10 0 0.00000000 0.00000000 0.00 0.00 0.00 0.04 0.19 0.15 -0.03 0.06 0.13 92.23 101.15 90.83 
34.20 0 0.00000000 0.00000000 0.00 0.00 0.00 0.04 0.19 0.17 0.03 0.22 -0.01 92.47 100.78 89.91 
34.30 0 0.00000000 0.00000000 0.00 0.00 0.00 0.04 0.21 0.16 0.07 0.02 -0.00 92.18 101.87 89.98 
34.41 0 0.00000000 0.00000000 0.00 0.00 0.00 0.05 0.23 0.16 0.02 0.02 -0.12 92.87 103.07 89.30 
34.51 0 0.00000000 0.00000000 0.00 0.00 0.00 0.05 0.22 0.16 0.01 -0.05 -0.14 92.80 102.78 89.10 
34.61 0 0.00000000 0.00000000 0.00 0.00 0.00 0.03 0.21 0.17 0.04 -0.04 -0.09 91.91 102.28 89.44 
34.71 0 0.00000000 0.00000000 0.00 0.00 0.00 0.07 0.23 0.16 -0.02 0.07 0.02 94.16 102.92 90.12 
34.81 0 0.00000000 0.00000000 0.00 0.00 0.00 0.07 0.22 0.16 -0.13 -0.30 0.04 94.12 102.55 90.28 
34.91 0 0.00000000 0.00000000 0.00 0.00 0.00 0.04 0.20 0.15 -0.07 0.00 -0.03 92.01 101.27 89.82 
35.02 0 0.00000000 0.00000000 0.00 0.00 0.00 0.00 0.19 0.16 -0.05 -0.04 0.01 90.05 100.89 90.03 
35.12 0 0.00000000 0.00000000 0.00 0.00 0.00 0.02 0.17 0.15 -0.09 -0.20 -0.02 91.38 100.02 89.90 
35.22 0 0.00000000 0.00000000 0.00 0.00 0.00 0.00 0.17 0.13 -0.18 -0.11 -0.07 90.27 99.67 89.52 
35.32 0 0.00000000 0.00000000 0.00 0.00 0.00 -0.05 0.14 0.16 -0.28 0.10 -0.39 87.06 97.79 87.49 
35.42 0 0.00000000 0.00000000 0.00 0.00 0.00 0.00 0.12 0.12 -0.22 0.13 -0.60 90.23 97.05 86.13 
35.52 0 0.00000000 0.00000000 0.00 0.00 0.00 0.11 0.13 0.05 -0.10 0.08 -0.52 96.39 97.58 86.63 
35.62 0 0.00000000 0.00000000 0.00 0.00 0.00 0.02 0.11 0.06 -0.38 0.10 -0.90 91.12 96.20 84.13 
35.72 0 0.00000000 0.00000000 0.00 0.00 0.00 0.06 0.07 0.01 -0.28 0.07 -1.01 93.69 93.99 83.42 
35.82 0 0.00000000 0.00000000 0.00 0.00 0.00 0.15 0.02 -0.10 -0.11 0.27 -0.41 98.21 92.35 87.00 
35.93 0 0.00000000 0.00000000 0.00 0.00 0.00 0.17 0.05 -0.13 -0.18 -0.52 0.09 99.79 92.80 90.57 
36.03 0 0.00000000 0.00000000 0.00 0.00 0.00 0.07 -0.02 -0.11 -0.00 -0.24 0.12 94.29 88.95 90.75 
36.13 0 0.00000000 0.00000000 0.00 0.00 0.00 0.04 -0.04 -0.12 0.22 -0.05 -0.11 92.26 87.76 89.29 
36.23 0 0.00000000 0.00000000 0.00 0.00 0.00 0.04 -0.01 -0.11 0.22 -0.09 -0.07 92.01 89.69 89.54 
36.33 0 0.00000000 0.00000000 0.00 0.00 0.00 0.01 0.02 -0.09 0.11 -0.06 -0.17 90.66 91.22 88.89 
36.43 0 0.00000000 0.00000000 0.00 0.00 0.00 0.03 0.03 -0.10 -0.02 -0.24 -0.06 91.65 91.92 89.59 
36.53 0 0.00000000 0.00000000 0.00 0.00 0.00 -0.02 0.00 -0.13 -0.01 0.13 -0.13 88.89 90.22 89.14 
36.63 0 0.00000000 0.00000000 0.00 0.00 0.00 0.01 -0.02 -0.14 -0.15 -0.15 -0.06 90.45 89.06 89.59 
36.73 0 0.00000000 0.00000000 0.00 0.00 0.00 -0.02 0.01 -0.13 -0.11 -0.11 -0.10 88.95 90.42 89.34 
36.83 0 0.00000000 0.00000000 0.00 0.00 0.00 -0.00 -0.00 -0.17 -0.14 -0.60 -0.01 89.94 89.99 89.93 
36.93 0 0.00000000 0.00000000 0.00 0.00 0.00 -0.04 -0.02 -0.17 -0.11 0.16 -0.61 87.76 88.94 86.06 
37.04 0 0.00000000 0.00000000 0.00 0.00 0.00 -0.15 0.04 -0.13 -0.14 -0.23 -0.53 82.56 92.13 86.87 
37.14 0 0.00000000 0.00000000 0.00 0.00 0.00 -0.07 -0.00 -0.19 -0.30 0.32 -0.57 86.11 89.75 86.26 
37.24 0 0.00000000 0.00000000 0.00 0.00 0.00 -0.02 0.00 -0.26 -0.17 0.30 -0.70 90.03 89.41 85.67 
37.34 0 0.00000000 0.00000000 0.00 0.00 0.00 0.07 0.00 -0.30 -0.15 0.09 -0.30 93.83 90.08 88.08 
37.44 0 0.00000000 0.00000000 0.00 0.00 0.00 0.03 -0.08 -0.32 0.05 -0.33 -0.18 92.00 85.39 88.83 
37.54 0 0.00000000 0.00000000 0.00 0.00 0.00 -0.06 -0.05 -0.28 0.04 -0.62 -0.12 86.67 87.25 89.22 
37.64 0 0.00000000 0.00000000 0.00 0.00 0.00 -0.04 -0.08 -0.36 -0.07 -0.24 -0.18 87.58 85.55 88.82 
37.74 0 0.00000000 0.00000000 0.00 0.00 0.00 -0.10 -0.13 -0.35 0.07 0.23 0.02 84.50 82.69 90.14 
37.84 0 0.00000000 0.00000000 0.00 0.00 0.00 -0.10 -0.09 -0.31 0.24 0.08 -0.01 84.47 84.97 89.96 
37.94 0 0.00000000 0.00000000 0.00 0.00 0.00 -0.13 -0.06 -0.31 0.01 0.31 -0.04 82.47 86.54 89.74 
38.04 0 0.00000000 0.00000000 0.00 0.00 0.00 -0.07 -0.03 -0.33 0.19 -0.27 -0.26 86.17 88.12 88.30 
38.14 0 0.00000000 0.00000000 0.00 0.00 0.00 -0.10 -0.03 -0.35 0.26 0.08 -0.14 84.48 88.10 89.08 
38.25 0 0.00000000 0.00000000 0.00 0.00 0.00 -0.07 -0.05 -0.37 -0.02 -0.22 0.04 86.21 87.24 90.23 
38.35 0 0.00000000 0.00000000 0.00 0.00 0.00 -0.15 -0.06 -0.34 0.08 -0.12 -0.18 81.28 86.61 88.82 
38.45 0 0.00000000 0.00000000 0.00 0.00 0.00 -0.11 0.03 -0.35 -0.03 0.13 -0.18 83.71 91.55 88.82 
38.55 0 0.00000000 0.00000000 0.00 0.00 0.00 -0.07 -0.01 -0.38 -0.21 0.08 -0.05 85.80 89.29 89.71 
38.65 0 0.00000000 0.00000000 0.00 0.00 0.00 -0.15 -0.03 -0.32 -0.27 0.22 -0.08 81.66 88.20 89.50 
38.75 0 0.00000000 0.00000000 0.00 0.00 0.00 -0.09 -0.03 -0.34 0.18 -0.19 -0.16 84.77 88.25 88.97 
38.85 0 0.00000000 0.00000000 0.00 0.00 0.00 -0.14 -0.02 -0.35 0.42 -0.22 -0.11 82.08 88.86 89.30 
38.95 0 0.00000000 0.00000000 0.00 0.00 0.00 -0.11 -0.00 -0.38 0.08 0.18 0.01 83.95 89.91 90.04 
39.05 0 0.00000000 0.00000000 0.00 0.00 0.00 -0.09 -0.01 -0.40 -0.03 0.25 -0.05 84.71 89.14 89.64 
39.15 0 0.00000000 0.00000000 0.00 0.00 0.00 -0.07 -0.03 -0.39 -0.06 0.18 -0.12 85.96 88.50 89.22 
39.25 0 0.00000000 0.00000000 0.00 0.00 0.00 -0.06 -0.01 -0.39 -0.08 -0.21 -0.09 86.79 89.57 89.44 
39.35 0 0.00000000 0.00000000 0.00 0.00 0.00 -0.06 -0.02 -0.39 -0.14 -0.17 -0.12 86.57 88.78 89.20 
39.45 0 0.00000000 0.00000000 0.00 0.00 0.00 -0.06 -0.04 -0.42 -0.11 -0.07 -0.26 86.35 87.84 88.32 
39.55 0 0.00000000 0.00000000 0.00 0.00 0.00 -0.08 -0.05 -0.45 0.02 0.11 -0.19 85.63 87.17 88.74 
39.65 0 0.00000000 0.00000000 0.00 0.00 0.00 -0.07 -0.04 -0.44 0.16 -0.04 -0.08 85.72 87.93 89.45 
39.75 0 0.00000000 0.00000000 0.00 0.00 0.00 -0.07 -0.03 -0.45 0.09 0.16 -0.10 85.74 88.53 89.32 
39.86 0 0.00000000 0.00000000 0.00 0.00 0.00 -0.06 -0.01 -0.45 0.04 -0.00 -0.10 86.42 89.21 89.34 
39.96 0 0.00000000 0.00000000 0.00 0.00 0.00 -0.06 -0.01 -0.45 -0.02 0.01 -0.07 86.53 89.48 89.56 
40.06 0 0.00000000 0.00000000 0.00 0.00 0.00 -0.06 -0.01 -0.47 -0.04 0.03 -0.05 86.43 89.34 89.70 
40.16 0 0.00000000 0.00000000 0.00 0.00 0.00 -0.06 -0.01 -0.46 -0.03 -0.06 0.04 86.63 89.41 90.24 
40.26 0 0.00000000 0.00000000 0.00 0.00 0.00 -0.06 -0.02 -0.47 -0.04 -0.02 0.00 86.49 88.87 90.01 
40.36 0 0.00000000 0.00000000 0.00 0.00 0.00 -0.05 -0.03 -0.47 0.05 -0.04 0.00 87.27 88.48 90.03 
40.46 0 0.00000000 0.00000000 0.00 0.00 0.00 -0.06 -0.02 1.52 0.06 0.04 -0.03 86.39 88.89 89.78 
40.56 0 0.00000000 0.00000000 0.00 0.00 0.00 -0.07 -0.02 -0.47 0.06 0.10 -0.01 85.93 89.12 89.95 
40.66 0 0.00000000 0.00000000 0.00 0.00 0.00 -0.07 -0.01 -0.48 0.03 -0.07 0.03 86.17 89.34 90.17 
40.76 0 0.00000000 0.00000000 0.00 0.00 0.00 -0.07 -0.01 -0.47 0.03 -0.01 0.02 86.07 89.29 90.15 
40.86 0 0.00000000 0.00000000 0.00 0.00 0.00 -0.06 -0.01 -0.48 0.04 -0.07 0.02 86.69 89.69 90.11 
40.96 0 0.00000000 0.00000000 0.00 0.00 0.00 -0.06 -0.01 -0.48 -0.01 0.06 0.01 86.65 89.31 90.06 
41.06 0 0.00000000 0.00000000 0.00 0.00 0.00 -0.07 -0.02 -0.46 0.02 0.07 -0.01 86.04 89.02 89.94 
41.16 0 0.00000000 0.00000000 0.00 0.00 0.00 -0.05 -0.02 -0.48 0.04 -0.04 0.03 86.88 88.88 90.21 
41.27 0 0.00000000 0.00000000 0.00 0.00 0.00 -0.05 -0.01 -0.46 -0.01 -0.07 0.01 87.31 89.52 90.08 
41.37 0 0.00000000 0.00000000 0.00 0.00 0.00 -0.05 -0.02 -0.47 -0.02 -0.00 -0.01 87.40 89.10 89.86 
41.47 0 0.00000000 0.00000000 0.00 0.00 0.00 -0.05 -0.03 -0.49 0.02 0.08 0.00 87.35 88.52 90.03 
41.57 0 0.00000000 0.00000000 0.00 0.00 0.00 -0.05 -0.01 -0.46 -0.01 0.06 0.01 87.24 89.15 90.05 
41.67 0 0.00000000 0.00000000 0.00 0.00 0.00 -0.05 -0.02 -0.46 0.00 0.06 -0.04 87.17 88.80 89.83 
41.77 0 0.00000000 0.00000000 0.00 0.00 0.00 -0.05 -0.02 -0.46 -0.02 0.04 -0.01 87.20 88.88 89.90 
41.87 0 0.00000000 0.00000000 0.00 0.00 0.00 -0.06 -0.02 -0.46 -0.01 0.13 -0.01 86.84 88.69 89.93 
41.97 0 0.00000000 0.00000000 0.00 0.00 0.00 -0.06 -0.02 -0.46 -0.02 -0.01 0.00 86.48 88.63 90.02 
42.07 0 0.00000000 0.00000000 0.00 0.00 0.00 -0.06 -0.02 -0.47 -0.01 0.02 -0.04 86.47 88.84 89.73 
42.18 0 0.00000000 0.00000000 0.00 0.00 0.00 -0.05 -0.03 -0.48 0.00 -0.08 -0.00 87.42 88.60 89.95 
42.28 0 0.00000000 0.00000000 0.00 0.00 0.00 -0.05 -0.03 -0.48 -0.02 0.10 -0.05 87.31 88.25 89.66 
42.38 0 0.00000000 0.00000000 0.00 0.00 0.00 -0.04 -0.02 -0.48 0.04 0.06 -0.03 87.78 88.81 89.79 
42.48 0 0.00000000 0.00000000 0.00 0.00 0.00 -0.05 -0.01 -0.47 0.02 -0.01 0.02 87.06 89.51 90.10 
42.58 0 0.00000000 0.00000000 0.00 0.00 0.00 -0.05 -0.02 -0.46 -0.01 0.09 0.04 87.00 89.00 90.24 
42.68 0 0.00000000 0.00000000 0.00 0.00 0.00 -0.05 -0.02 -0.46 0.00 0.10 0.03 87.39 88.75 90.20 
42.78 0 0.00000000 0.00000000 0.00 0.00 0.00 -0.04 -0.01 -0.44 0.00 0.05 0.03 87.52 89.17 90.16 
42.88 0 0.00000000 0.00000000 0.00 0.00 0.00 -0.04 -0.02 -0.46 -0.08 0.14 0.03 87.87 88.83 90.18 
42.98 0 0.00000000 0.00000000 0.00 0.00 0.00 -0.04 -0.03 -0.45 -0.05 0.01 -0.01 87.91 88.10 89.92 
43.08 0 0.00000000 0.00000000 0.00 0.00 0.00 -0.04 -0.05 -0.45 -0.03 0.10 -0.02 87.81 87.27 89.84 
43.19 0 0.00000000 0.00000000 0.00 0.00 0.00 -0.03 -0.04 -0.46 0.06 -0.03 0.02 88.25 87.62 90.10 
43.29 0 0.00000000 0.00000000 0.00 0.00 0.00 -0.03 -0.03 -0.45 0.10 -0.09 0.05 88.37 88.37 90.33 
43.39 0 0.00000000 0.00000000 0.00 0.00 0.00 -0.03 -0.02 -0.44 0.06 0.02 0.07 88.37 89.11 90.47 
43.49 0 0.00000000 0.00000000 0.00 0.00 0.00 -0.03 -0.00 -0.44 0.04 -0.04 0.04 88.37 89.74 90.27 
43.59 0 0.00000000 0.00000000 0.00 0.00 0.00 -0.03 -0.02 -0.46 -0.01 0.04 0.01 88.37 88.92 90.07 
43.69 0 0.00000000 0.00000000 0.00 0.00 0.00 -0.03 -0.03 -0.47 0.01 -0.08 0.03 88.56 88.13 90.18 
43.79 0 0.00000000 0.00000000 0.00 0.00 0.00 -0.01 -0.02 -0.48 0.03 -0.08 -0.01 89.32 88.86 89.96 
43.89 0 0.00000000 0.00000000 0.00 0.00 0.00 -0.02 -0.01 -0.46 0.02 -0.10 -0.02 88.81 89.34 89.86 
43.99 0 0.00000000 0.00000000 0.00 0.00 0.00 -0.03 -0.02 -0.47 0.00 -0.02 0.01 88.30 88.70 90.10 
44.09 0 0.00000000 0.00000000 0.00 0.00 0.00 -0.03 -0.02 -0.47 -0.00 -0.07 0.03 88.27 88.99 90.17 
44.19 0 0.00000000 0.00000000 0.00 0.00 0.00 -0.03 -0.02 -0.46 -0.02 -0.07 0.04 88.25 89.01 90.25 
44.29 0 0.00000000 0.00000000 0.00 0.00 0.00 -0.02 -0.02 -0.47 0.01 -0.10 0.04 88.94 88.77 90.29 
44.39 0 0.00000000 0.00000000 0.00 0.00 0.00 -0.02 -0.02 -0.47 -0.02 -0.11 0.01 88.96 88.75 90.09 
44.49 0 0.00000000 0.00000000 0.00 0.00 0.00 -0.02 -0.03 -0.47 -0.03 0.06 0.04 88.66 88.03 90.27 
44.59 0 0.00000000 0.00000000 0.00 0.00 0.00 -0.02 -0.03 -0.47 0.03 -0.04 0.02 88.82 88.14 90.16 
44.70 0 0.00000000 0.00000000 0.00 0.00 0.00 -0.03 -0.03 -0.46 0.02 0.11 0.00 88.52 88.10 90.01 
44.80 0 0.00000000 0.00000000 0.00 0.00 0.00 -0.04 -0.03 -0.45 0.06 0.05 0.04 87.85 88.13 90.33 
44.90 0 0.00000000 0.00000000 0.00 0.00 0.00 -0.03 -0.03 -0.46 0.08 -0.09 0.01 88.43 88.14 90.09 
45.00 0 0.00000000 0.00000000 0.00 0.00 0.00 -0.03 -0.03 -0.47 -0.03 0.01 -0.03 88.03 88.12 89.80 
45.10 0 0.00000000 0.00000000 0.00 0.00 0.00 -0.03 -0.03 -0.45 -0.02 -0.00 0.04 88.39 88.51 90.25 
45.21 0 0.00000000 0.00000000 0.00 0.00 0.00 -0.03 -0.02 -0.45 0.03 -0.05 0.05 88.35 88.93 90.33 
45.31 0 0.00000000 0.00000000 0.00 0.00 0.00 -0.03 -0.02 -0.46 0.01 0.01 0.03 88.47 88.95 90.17 
45.41 0 0.00000000 0.00000000 0.00 0.00 0.00 -0.03 -0.02 -0.44 0.01 0.05 0.02 88.12 88.91 90.12 
45.51 0 0.00000000 0.00000000 0.00 0.00 0.00 -0.04 -0.02 -0.45 0.02 -0.04 0.05 87.89 88.70 90.35 
45.61 0 0.00000000 0.00000000 0.00 0.00 0.00 -0.02 -0.01 -0.46 0.01 -0.06 0.00 88.55 89.29 90.04 
45.71 0 0.00000000 0.00000000 0.00 0.00 0.00 -0.04 -0.01 -0.43 -0.04 0.00 -0.02 87.99 89.51 89.87 
45.81 0 0.00000000 0.00000000 0.00 0.00 0.00 -0.03 -0.02 -0.46 -0.02 0.00 0.04 88.44 88.63 90.24 
45.91 0 0.00000000 0.00000000 0.00 0.00 0.00 -0.02 -0.03 -0.44 -0.00 0.03 0.02 88.59 88.19 90.16 
46.01 0 0.00000000 0.00000000 0.00 0.00 0.00 -0.02 -0.03 -0.44 -0.00 0.03 0.00 88.87 88.10 90.01 
46.11 0 0.00000000 0.00000000 0.00 0.00 0.00 -0.03 -0.02 -0.44 0.01 0.06 -0.03 88.28 88.57 89.83 
46.29 0 0.00000000 0.00000000 0.00 0.00 0.00 -0.03 -0.03 -0.43 0.02 -0.02 0.03 88.34 88.42 90.21 
46.43 0 0.00000000 0.00000000 0.00 0.00 0.00 -0.03 -0.03 -0.43 0.03 0.02 0.05 88.42 88.46 90.32 
46.56 0 0.00000000 0.00000000 0.00 0.00 0.00 -0.04 -0.04 -0.43 0.12 -0.50 0.30 87.85 87.97 91.97 
46.70 0 0.00000000 0.00000000 0.00 0.00 0.00 -0.04 -0.02 -0.44 -0.04 0.10 -0.03 87.95 88.67 89.80 
46.81 0 0.00000000 0.00000000 0.00 0.00 0.00 -0.05 -0.02 -0.43 -0.08 0.08 -0.02 87.41 88.81 89.89 
46.91 0 0.00000000 0.00000000 0.00 0.00 0.00 -0.06 -0.04 -0.41 -0.05 0.17 -0.02 86.76 87.70 89.89 
47.01 0 0.00000000 0.00000000 0.00 0.00 0.00 -0.04 -0.04 -0.43 0.02 -0.14 0.01 87.84 87.42 90.10 
47.11 0 0.00000000 0.00000000 0.00 0.00 0.00 -0.03 -0.03 -0.43 -0.07 0.13 0.01 88.16 88.11 90.10 
47.21 0 0.00000000 0.00000000 0.00 0.00 0.00 -0.03 -0.04 -0.42 -0.04 0.03 -0.03 88.38 87.64 89.80 
47.31 0 0.00000000 0.00000000 0.00 0.00 0.00 -0.02 -0.04 -0.42 0.02 0.01 0.01 88.98 87.79 90.08 
47.41 0 0.00000000 0.00000000 0.00 0.00 0.00 -0.01 -0.04 -0.43 -0.01 0.04 0.01 89.48 87.69 90.09 
47.51 0 0.00000000 0.00000000 0.00 0.00 0.00 -0.03 -0.04 -0.42 -0.01 0.12 0.05 88.19 87.74 90.36 
47.61 0 0.00000000 0.00000000 0.00 0.00 0.00 0.00 -0.06 -0.41 -0.05 0.03 0.12 90.04 86.55 90.75 
47.71 0 0.00000000 0.00000000 0.00 0.00 0.00 0.01 -0.07 -0.41 0.01 -0.15 0.06 90.74 85.98 90.37 
47.82 0 0.00000000 0.00000000 0.00 0.00 0.00 0.01 -0.06 -0.41 -0.03 0.03 -0.07 90.35 86.46 89.60 
47.92 0 0.00000000 0.00000000 0.00 0.00 0.00 -0.00 -0.05 -0.41 0.05 -0.13 -0.01 89.75 87.09 89.92 
48.02 0 0.00000000 0.00000000 0.00 0.00 0.00 -0.02 -0.04 -0.40 -0.03 0.01 -0.02 88.94 87.65 89.85 
48.12 0 0.00000000 0.00000000 0.00 0.00 0.00 -0.01 -0.06 -0.40 -0.05 0.02 0.01 89.15 86.74 90.05 
48.22 0 0.00000000 0.00000000 0.00 0.00 0.00 -0.00 -0.08 -0.41 -0.02 0.05 -0.07 89.96 85.56 89.57 
48.32 0 0.00000000 0.00000000 0.00 0.00 0.00 0.01 -0.07 -0.43 0.07 -0.10 -0.06 90.55 85.96 89.63 
48.42 0 0.00000000 0.00000000 0.00 0.00 0.00 -0.01 -0.05 -0.39 0.01 0.01 -0.06 89.61 87.07 89.60 
48.52 0 0.00000000 0.00000000 0.00 0.00 0.00 -0.00 -0.03 -0.39 0.02 -0.10 0.09 89.91 88.50 90.59 
48.62 0 0.00000000 0.00000000 0.00 0.00 0.00 -0.00 0.00 -0.37 0.07 -0.06 0.10 89.79 90.04 90.68 
48.72 0 0.00000000 0.00000000 0.00 0.00 0.00 -0.01 0.04 -0.36 0.09 0.32 0.20 89.26 92.06 91.31 
48.82 0 0.00000000 0.00000000 0.00 0.00 0.00 -0.01 0.03 -0.29 0.10 0.31 0.48 89.67 91.64 93.15 
48.92 0 0.00000000 0.00000000 0.00 0.00 0.00 0.00 -0.01 -0.26 0.15 0.12 0.72 90.27 89.25 94.69 
49.03 0 0.00000000 0.00000000 0.00 0.00 0.00 0.04 -0.04 -0.22 0.21 -0.02 0.73 92.55 87.99 94.77 
49.13 0 0.00000000 0.00000000 0.00 0.00 0.00 0.07 -0.08 -0.22 0.26 0.31 0.96 93.75 85.62 96.23 
49.23 0 0.00000000 0.00000000 0.00 0.00 0.00 0.05 -0.07 -0.11 0.42 -0.04 0.59 93.11 86.13 93.83 
49.33 0 0.00000000 0.00000000 0.00 0.00 0.00 0.06 0.02 -0.03 -0.01 0.89 0.34 93.69 91.17 92.22 
49.43 0 0.00000000 0.00000000 0.00 0.00 0.00 0.06 0.03 0.03 0.25 -0.18 0.31 93.59 91.50 92.04 
49.53 0 0.00000000 0.00000000 0.00 0.00 0.00 0.07 0.10 0.05 0.13 -0.05 0.31 94.28 95.77 92.01 
49.63 0 0.00000000 0.00000000 0.00 0.00 0.00 0.09 0.11 0.07 0.18 -0.05 0.20 95.39 96.34 91.29 
49.74 0 0.00000000 0.00000000 0.00 0.00 0.00 0.09 0.12 0.09 0.27 0.06 0.09 95.13 96.54 90.63 
49.84 0 0.00000000 0.00000000 0.00 0.00 0.00 0.05 0.12 0.12 0.24 -0.02 0.00 93.09 96.97 90.00 
49.94 0 0.00000000 0.00000000 0.00 0.00 0.00 0.07 0.14 0.09 0.16 -0.44 0.07 93.88 98.22 90.43 
50.04 0 0.00000000 0.00000000 0.00 0.00 0.00 0.04 0.15 0.10 0.21 -0.08 0.01 93.36 98.10 90.18 
50.14 0 0.00000000 0.00000000 0.00 0.00 0.00 0.04 0.19 0.17 -0.14 -1.15 -0.16 92.31 100.98 88.94 
50.24 0 0.00000000 0.00000000 0.00 0.00 0.00 0.16 0.16 0.07 -0.20 0.37 -0.08 99.25 99.18 89.46 
50.34 0 0.00000000 0.00000000 0.00 0.00 0.00 -0.13 0.31 0.26 -0.06 -0.49 0.11 82.48 107.94 90.69 
50.44 0 0.00000000 0.00000000 0.00 0.00 0.00 0.02 0.21 0.14 -0.11 -0.14 0.04 91.30 101.84 90.29 
50.54 0 0.00000000 0.00000000 0.00 0.00 0.00 0.02 0.12 0.14 0.20 0.12 0.02 91.27 96.77 90.15 
50.64 0 0.00000000 0.00000000 0.00 0.00 0.00 0.05 0.11 0.13 -0.07 -0.14 -0.04 92.58 96.53 89.73 
50.74 0 0.00000000 0.00000000 0.00 0.00 0.00 0.00 0.11 0.17 -0.17 -0.05 -0.10 90.03 96.49 89.33 
50.84 0 0.00000000 0.00000000 0.00 0.00 0.00 0.06 0.12 0.14 -0.03 0.05 0.01 93.59 97.08 90.06 
50.94 0 0.00000000 0.00000000 0.00 0.00 0.00 -0.33 0.46 0.12 0.18 0.09 -0.00 70.87 116.46 89.99 
51.04 0 0.00000000 0.00000000 0.00 0.00 0.00 -0.07 0.19 0.22 0.47 -0.28 -0.00 85.79 101.15 89.99 
51.15 0 0.00000000 0.00000000 0.00 0.00 0.00 -0.64 0.05 0.63 -0.12 -0.15 0.01 53.52 92.92 90.06 
51.25 0 0.00000000 0.00000000 0.00 0.00 0.00 -0.21 0.13 0.30 0.21 -0.28 0.01 77.80 97.37 90.04 
51.35 0 0.00000000 0.00000000 0.00 0.00 0.00 -0.04 0.09 0.20 0.20 0.04 0.01 87.87 95.14 90.09 
51.45 0 0.00000000 0.00000000 0.00 0.00 0.00 0.25 0.25 0.10 0.08 0.11 0.00 104.16 104.48 90.01 
51.55 0 0.00000000 0.00000000 0.00 0.00 0.00 0.11 0.17 0.11 -0.02 -0.03 0.01 96.27 99.71 90.07 
51.65 0 0.00000000 0.00000000 0.00 0.00 0.00 0.08 0.09 0.13 0.02 0.00 0.00 94.33 95.06 90.02 
51.75 0 0.00000000 0.00000000 0.00 0.00 0.00 0.06 0.08 0.14 -0.01 -0.03 0.01 93.54 94.49 90.04 
51.85 0 0.00000000 0.00000000 0.00 0.00 0.00 0.05 0.08 0.15 0.02 0.01 0.00 93.09 94.36 90.01 
51.95 0 0.00000000 0.00000000 0.00 0.00 0.00 0.05 0.08 0.15 0.01 -0.01 0.00 92.84 94.67 90.02 
52.05 0 0.00000000 0.00000000 0.00 0.00 0.00 0.05 0.08 0.15 -0.01 -0.03 0.01 92.95 94.65 90.04 
52.15 0 0.00000000 0.00000000 0.00 0.00 0.00 0.05 0.08 0.14 0.02 0.01 0.00 92.87 94.54 90.02 
52.25 0 0.00000000 0.00000000 0.00 0.00 0.00 0.05 0.08 0.14 0.02 0.01 0.00 93.08 94.72 90.01 
52.35 0 0.00000000 0.00000000 0.00 0.00 0.00 0.05 0.08 0.15 0.00 -0.02 0.00 93.03 94.39 90.03 
52.45 0 0.00000000 0.00000000 0.00 0.00 0.00 0.05 0.06 1.61 -0.00 0.00 0.00 93.00 93.67 90.01 
52.55 0 0.00000000 0.00000000 0.00 0.00 0.00 0.05 0.07 0.15 0.02 0.00 0.00 92.85 94.19 90.03 
52.65 0 0.00000000 0.00000000 0.00 0.00 0.00 0.05 0.08 0.14 0.00 -0.01 0.00 92.88 94.47 90.02 
52.75 0 0.00000000 0.00000000 0.00 0.00 0.00 0.05 0.08 0.15 0.01 -0.01 0.00 92.92 94.57 90.02 
52.86 0 0.00000000 0.00000000 0.00 0.00 0.00 0.05 0.08 0.14 0.01 -0.02 0.00 92.92 94.55 90.03 
52.96 0 0.00000000 0.00000000 0.00 0.00 0.00 0.05 0.08 0.14 0.00 -0.02 0.00 92.89 94.51 90.01 
53.06 0 0.00000000 0.00000000 0.00 0.00 0.00 0.05 0.08 0.15 0.02 0.00 0.00 92.91 94.37 90.01 
53.16 0 0.00000000 0.00000000 0.00 0.00 0.00 0.05 0.08 0.14 0.01 -0.01 0.01 92.85 94.57 90.03 
53.26 0 0.00000000 0.00000000 0.00 0.00 0.00 0.05 0.08 0.14 0.01 -0.00 0.00 92.90 94.60 90.03 
53.36 0 0.00000000 0.00000000 0.00 0.00 0.00 0.05 0.08 0.15 0.01 -0.02 0.00 92.71 94.68 90.03 
53.46 0 0.00000000 0.00000000 0.00 0.00 0.00 0.05 0.08 0.15 0.01 -0.01 0.00 92.91 94.59 90.02 
53.56 0 0.00000000 0.00000000 0.00 0.00 0.00 0.06 0.08 0.15 0.02 0.00 0.00 93.24 94.74 90.03 
53.67 0 0.00000000 0.00000000 0.00 0.00 0.00 0.05 0.08 0.14 0.01 -0.01 0.00 93.04 94.84 90.03 
53.77 0 0.00000000 0.00000000 0.00 0.00 0.00 0.05 0.08 0.15 0.04 0.02 0.00 92.77 94.82 90.01 
53.87 0 0.00000000 0.00000000 0.00 0.00 0.00 0.06 0.09 0.14 0.02 0.01 0.00 93.19 94.88 90.02 
53.97 0 0.00000000 0.00000000 0.00 0.00 0.00 0.05 0.08 0.14 -0.01 -0.04 0.00 92.80 94.68 90.02 
54.07 0 0.00000000 0.00000000 0.00 0.00 0.00 0.05 0.08 0.14 0.01 -0.01 0.00 92.90 94.57 90.03 
54.17 0 0.00000000 0.00000000 0.00 0.00 0.00 0.05 0.08 0.15 0.02 -0.00 0.00 93.00 94.53 90.02 
54.28 0 0.00000000 0.00000000 0.00 0.00 0.00 0.05 0.08 0.14 0.01 -0.01 0.00 93.13 94.62 90.03 
54.38 0 0.00000000 0.00000000 0.00 0.00 0.00 0.05 0.08 0.14 0.01 -0.01 0.01 93.11 94.55 90.02 
54.48 0 0.00000000 0.00000000 0.00 0.00 0.00 0.05 0.08 0.14 0.03 0.02 0.00 92.84 94.70 90.03 
54.58 0 0.00000000 0.00000000 0.00 0.00 0.00 0.06 0.09 0.14 0.04 0.03 0.02 93.46 94.90 90.12 
54.68 0 0.00000000 0.00000000 0.00 0.00 0.00 0.04 0.07 0.16 -0.01 -0.03 0.06 92.04 94.17 90.37 
54.78 0 0.00000000 0.00000000 0.00 0.00 0.00 0.04 0.07 0.16 0.02 0.00 0.00 92.34 93.92 90.02 
54.88 0 0.00000000 0.00000000 0.00 0.00 0.00 0.10 0.09 0.11 0.01 0.01 0.27 95.56 95.06 91.75 
54.98 0 0.00000000 0.00000000 0.00 0.00 0.00 0.02 0.07 0.18 0.00 -0.01 0.12 91.14 93.76 90.75 
55.08 0 0.00000000 0.00000000 0.00 0.00 0.00 0.03 0.07 0.18 -0.01 -0.04 0.01 91.89 94.01 90.04 
55.19 0 0.00000000 0.00000000 0.00 0.00 0.00 0.07 0.08 0.16 0.04 0.04 0.05 93.85 94.33 90.30 
55.29 0 0.00000000 0.00000000 0.00 0.00 0.00 0.08 0.10 0.15 -0.01 0.02 0.47 94.62 95.47 93.03 
55.39 0 0.00000000 0.00000000 0.00 0.00 0.00 0.00 0.09 0.21 -0.00 -0.02 0.00 90.05 95.36 90.01 
55.49 0 0.00000000 0.00000000 0.00 0.00 0.00 0.03 0.08 0.20 0.01 -0.01 0.00 91.94 94.60 90.03 
55.59 0 0.00000000 0.00000000 0.00 0.00 0.00 0.05 0.07 0.19 0.03 -0.00 0.00 92.84 94.11 90.03 
55.69 0 0.00000000 0.00000000 0.00 0.00 0.00 0.07 0.05 0.15 0.02 -0.05 0.00 94.02 92.62 90.03 
55.79 0 0.00000000 0.00000000 0.00 0.00 0.00 0.05 0.07 0.17 0.01 -0.01 0.00 92.90 93.89 90.07 
55.89 0 0.00000000 0.00000000 0.00 0.00 0.00 0.06 0.09 0.17 0.01 -0.01 0.06 93.46 95.19 90.37 
56.00 0 0.00000000 0.00000000 0.00 0.00 0.00 0.11 0.05 0.17 0.03 -0.09 -0.67 96.27 93.10 85.66 
56.10 0 0.00000000 0.00000000 0.00 0.00 0.00 0.22 0.13 0.08 0.02 -0.02 0.06 102.60 97.55 90.40 
56.20 0 0.00000000 0.00000000 0.00 0.00 0.00 0.08 0.09 0.13 0.01 -0.00 0.14 94.85 95.19 90.89 
56.30 0 0.00000000 0.00000000 0.00 0.00 0.00 0.05 0.08 0.16 0.02 0.01 0.00 92.92 94.85 90.02 
56.40 0 0.00000000 0.00000000 0.00 0.00 0.00 0.06 0.06 0.17 0.02 0.00 0.01 93.17 93.57 90.03 
56.50 0 0.00000000 0.00000000 0.00 0.00 0.00 0.05 0.08 0.17 0.00 -0.01 0.00 92.97 94.37 90.01 
56.60 0 0.00000000 0.00000000 0.00 0.00 0.00 0.05 0.08 0.17 0.01 -0.01 0.00 93.08 94.46 90.02 
56.70 0 0.00000000 0.00000000 0.00 0.00 0.00 0.05 0.08 0.17 0.01 -0.02 0.01 92.96 94.38 90.04 
56.80 0 0.00000000 0.00000000 0.00 0.00 0.00 0.05 0.08 0.18 0.01 -0.01 0.00 92.94 94.49 90.02 
56.90 0 0.00000000 0.00000000 0.00 0.00 0.00 0.09 0.08 0.14 -0.04 -0.03 0.00 94.99 94.73 90.01 
57.00 0 0.00000000 0.00000000 0.00 0.00 0.00 0.10 0.10 0.15 0.01 -0.01 0.02 95.50 95.65 90.13 
57.10 0 0.00000000 0.00000000 0.00 0.00 0.00 0.07 0.07 0.16 -0.02 -0.11 0.02 93.96 94.12 90.13 
57.20 0 0.00000000 0.00000000 0.00 0.00 0.00 0.03 0.05 0.19 0.01 0.00 0.10 91.54 92.96 90.63 
57.30 0 0.00000000 0.00000000 0.00 0.00 0.00 0.02 0.06 0.18 0.01 -0.01 0.13 91.42 93.41 90.84 
