2.13 0 0.00000000 0.00000000 0.00 0.00 0.00 0.04 0.07 0.05 0.01 -0.01 -0.00 92.06 93.69 89.96 
2.34 0 0.00000000 0.00000000 0.00 0.00 0.00 0.04 0.08 0.05 0.00 -0.01 -0.00 92.49 94.38 89.98 
2.44 0 0.00000000 0.00000000 0.00 0.00 0.00 0.05 0.09 0.03 0.00 -0.01 -0.00 92.87 95.17 89.97 
2.54 0 0.00000000 0.00000000 0.00 0.00 0.00 0.05 0.09 0.01 0.00 -0.01 -0.00 92.94 95.38 89.99 
2.64 0 0.00000000 0.00000000 0.00 0.00 0.00 0.05 0.09 -0.02 0.00 -0.01 -0.00 92.96 95.43 89.95 
2.74 0 0.00000000 0.00000000 0.00 0.00 0.00 0.05 0.10 0.01 -0.00 -0.01 -0.00 92.94 95.45 89.97 
2.84 0 0.00000000 0.00000000 0.00 0.00 0.00 0.05 0.09 -0.00 0.00 -0.01 -0.00 92.94 95.42 90.00 
2.98 0 0.00000000 0.00000000 0.00 0.00 0.00 0.05 0.09 -0.01 0.00 -0.01 -0.00 92.93 95.44 89.97 
3.12 0 0.00000000 0.00000000 0.00 0.00 0.00 0.05 0.10 -0.01 0.00 -0.01 -0.00 92.92 95.48 89.98 
3.26 0 0.00000000 0.00000000 0.00 0.00 0.00 0.05 0.10 -0.01 0.00 -0.01 -0.00 92.98 95.52 89.97 
3.39 0 0.00000000 0.00000000 0.00 0.00 0.00 0.05 0.10 -0.01 0.00 -0.01 -0.00 92.93 95.52 89.96 
3.50 0 0.00000000 0.00000000 0.00 0.00 0.00 0.05 0.10 0.01 0.00 -0.01 -0.00 92.99 95.49 89.97 
3.60 0 0.00000000 0.00000000 0.00 0.00 0.00 0.05 0.09 0.01 0.00 -0.01 -0.00 92.91 95.39 89.96 
3.70 0 0.00000000 0.00000000 0.00 0.00 0.00 0.05 0.10 0.00 0.00 -0.01 -0.00 92.92 95.56 89.95 
3.80 0 0.00000000 0.00000000 0.00 0.00 0.00 0.05 0.10 -0.01 0.00 -0.01 -0.00 93.00 95.53 89.98 
3.90 0 0.00000000 0.00000000 0.00 0.00 0.00 0.05 0.10 -0.00 0.01 -0.01 -0.00 92.98 95.48 89.94 
4.00 0 0.00000000 0.00000000 0.00 0.00 0.00 0.05 0.10 0.02 0.00 -0.01 -0.00 93.01 95.45 89.98 
4.11 0 0.00000000 0.00000000 0.00 0.00 0.00 0.05 0.10 -0.02 0.00 -0.01 -0.00 92.93 95.59 89.98 
4.21 0 0.00000000 0.00000000 0.00 0.00 0.00 0.05 0.10 0.00 -0.00 -0.01 -0.00 92.94 95.62 89.97 
4.31 0 0.00000000 0.00000000 0.00 0.00 0.00 0.05 0.10 -0.00 0.00 -0.01 -0.00 93.04 95.51 89.98 
4.41 0 0.00000000 0.00000000 0.00 0.00 0.00 0.05 0.09 -0.01 -0.00 -0.01 -0.00 92.93 95.39 89.99 
4.51 0 0.00000000 0.00000000 0.00 0.00 0.00 0.05 0.10 0.00 0.01 -0.01 -0.00 92.88 95.48 89.95 
4.61 0 0.00000000 0.00000000 0.00 0.00 0.00 0.05 0.09 -0.01 0.00 -0.01 -0.01 92.96 95.39 89.96 
4.71 0 0.00000000 0.00000000 0.00 0.00 0.00 0.05 0.09 -0.01 -0.00 -0.02 -0.01 92.93 95.44 89.93 
4.81 0 0.00000000 0.00000000 0.00 0.00 0.00 0.05 0.10 0.00 0.00 -0.01 -0.01 92.95 95.47 89.92 
4.91 0 0.00000000 0.00000000 0.00 0.00 0.00 0.05 0.10 -0.01 0.01 -0.01 -0.00 93.07 95.45 89.96 
5.01 0 0.00000000 0.00000000 0.00 0.00 0.00 0.05 0.10 0.01 0.01 -0.01 -0.00 92.90 95.55 89.95 
5.11 0 0.00000000 0.00000000 0.00 0.00 0.00 0.05 0.09 0.00 0.00 -0.01 -0.00 93.02 95.38 89.96 
5.22 0 0.00000000 0.00000000 0.00 0.00 0.00 0.05 0.10 -0.02 0.01 -0.01 -0.00 93.03 95.48 89.96 
5.32 0 0.00000000 0.00000000 0.00 0.00 0.00 0.05 0.10 -0.01 -0.00 -0.01 -0.00 92.90 95.59 89.97 
5.42 0 0.00000000 0.00000000 0.00 0.00 0.00 0.05 0.10 -0.01 -0.00 -0.01 -0.00 92.93 95.53 89.94 
5.52 0 0.00000000 0.00000000 0.00 0.00 0.00 0.05 0.10 -0.01 0.00 -0.01 -0.00 92.92 95.63 89.95 
5.62 0 0.00000000 0.00000000 0.00 0.00 0.00 0.05 0.10 0.01 0.00 -0.01 -0.01 92.94 95.59 89.93 
5.72 0 0.00000000 0.00000000 0.00 0.00 0.00 0.05 0.10 -0.01 0.00 -0.01 -0.00 92.98 95.46 89.98 
5.82 0 0.00000000 0.00000000 0.00 0.00 0.00 0.05 0.10 0.01 0.00 -0.01 -0.00 92.91 95.45 89.94 
5.92 0 0.00000000 0.00000000 0.00 0.00 0.00 0.05 0.10 -0.02 0.00 -0.01 -0.00 92.94 95.46 89.97 
6.02 0 0.00000000 0.00000000 0.00 0.00 0.00 0.05 0.10 -0.00 0.01 -0.01 -0.00 93.03 95.53 89.95 
6.12 0 0.00000000 0.00000000 0.00 0.00 0.00 0.05 0.09 0.01 0.00 -0.01 -0.00 93.06 95.41 89.98 
6.22 0 0.00000000 0.00000000 0.00 0.00 0.00 0.05 0.10 0.00 -0.00 -0.02 -0.00 93.13 95.50 89.94 
6.32 0 0.00000000 0.00000000 0.00 0.00 0.00 0.05 0.10 -0.01 0.00 -0.01 -0.00 92.87 95.51 89.94 
6.43 0 0.00000000 0.00000000 0.00 0.00 0.00 0.05 0.10 -0.01 0.01 -0.01 -0.00 92.81 95.49 89.94 
6.53 0 0.00000000 0.00000000 0.00 0.00 0.00 0.05 0.10 -0.01 0.00 -0.01 -0.00 92.85 95.45 89.97 
6.63 0 0.00000000 0.00000000 0.00 0.00 0.00 0.05 0.10 -0.02 0.00 -0.01 -0.00 93.01 95.47 89.94 
6.73 0 0.00000000 0.00000000 0.00 0.00 0.00 0.05 0.10 -0.01 -0.00 -0.01 -0.00 92.85 95.51 89.96 
6.83 0 0.00000000 0.00000000 0.00 0.00 0.00 0.05 0.10 -0.02 -0.00 -0.01 -0.00 92.92 95.56 89.95 
6.93 0 0.00000000 0.00000000 0.00 0.00 0.00 0.05 0.10 0.00 -0.01 -0.01 -0.00 93.06 95.52 89.98 
7.03 0 0.00000000 0.00000000 0.00 0.00 0.00 0.05 0.10 -0.01 0.00 -0.01 -0.00 92.99 95.50 89.94 
7.13 0 0.00000000 0.00000000 0.00 0.00 0.00 0.05 0.10 -0.01 0.00 -0.01 -0.00 92.97 95.46 89.95 
7.23 0 0.00000000 0.00000000 0.00 0.00 0.00 0.05 0.10 -0.00 0.00 -0.01 -0.00 93.05 95.47 89.97 
7.33 0 0.00000000 0.00000000 0.00 0.00 0.00 0.05 0.10 -0.00 0.00 -0.01 -0.00 92.87 95.46 89.96 
7.43 0 0.00000000 0.00000000 0.00 0.00 0.00 0.05 0.09 -0.00 0.00 -0.01 -0.00 92.80 95.44 89.94 
7.53 0 0.00000000 0.00000000 0.00 0.00 0.00 0.05 0.10 -0.01 0.00 -0.01 -0.00 92.99 95.46 89.96 
7.64 0 0.00000000 0.00000000 0.00 0.00 0.00 0.05 0.10 -0.00 0.00 -0.01 -0.00 92.92 95.53 89.94 
7.74 0 0.00000000 0.00000000 0.00 0.00 0.00 0.05 0.10 -0.01 0.00 -0.01 -0.00 93.04 95.45 89.97 
7.84 0 0.00000000 0.00000000 0.00 0.00 0.00 0.05 0.10 -0.00 0.00 -0.01 -0.00 92.93 95.51 89.95 
7.94 0 0.00000000 0.00000000 0.00 0.00 0.00 0.05 0.10 0.01 -0.00 -0.01 -0.00 92.97 95.50 89.94 
8.04 0 0.00000000 0.00000000 0.00 0.00 0.00 0.05 0.10 -0.00 -0.00 -0.01 -0.00 92.90 95.51 89.96 
8.14 0 0.00000000 0.00000000 0.00 0.00 0.00 0.05 0.10 -0.02 0.00 -0.01 -0.00 92.96 95.54 89.96 
8.24 0 0.00000000 0.00000000 0.00 0.00 0.00 0.05 0.10 0.12 0.01 -0.01 -0.00 92.97 95.46 89.95 
8.34 0 0.00000000 0.00000000 0.00 0.00 0.00 0.05 0.10 0.00 0.00 -0.01 -0.00 92.96 95.49 89.94 
8.45 0 0.00000000 0.00000000 0.00 0.00 0.00 0.05 0.10 -0.00 0.01 -0.01 -0.00 92.94 95.47 89.97 
8.55 0 0.00000000 0.00000000 0.00 0.00 0.00 0.05 0.09 0.00 -0.00 -0.01 -0.00 92.92 95.40 89.98 
8.65 0 0.00000000 0.00000000 0.00 0.00 0.00 0.05 0.10 -0.01 0.00 -0.01 -0.00 92.92 95.49 89.95 
8.75 0 0.00000000 0.00000000 0.00 0.00 0.00 0.05 0.10 -0.00 0.00 -0.01 -0.01 93.03 95.49 89.93 
8.85 0 0.00000000 0.00000000 0.00 0.00 0.00 0.05 0.10 -0.02 -0.00 -0.01 -0.00 92.88 95.55 89.94 
8.95 0 0.00000000 0.00000000 0.00 0.00 0.00 0.05 0.10 -0.01 0.00 -0.01 -0.00 93.00 95.60 89.94 
9.05 0 0.00000000 0.00000000 0.00 0.00 0.00 0.05 0.10 -0.00 0.00 -0.01 -0.00 93.01 95.52 89.98 
9.16 0 0.00000000 0.00000000 0.00 0.00 0.00 0.05 0.10 -0.01 0.01 -0.01 -0.00 92.98 95.48 89.98 
9.26 0 0.00000000 0.00000000 0.00 0.00 0.00 0.05 0.09 0.01 0.00 -0.01 -0.00 92.93 95.43 89.96 
9.36 0 0.00000000 0.00000000 0.00 0.00 0.00 0.05 0.10 -0.00 0.01 -0.01 -0.00 92.94 95.49 89.95 
9.46 0 0.00000000 0.00000000 0.00 0.00 0.00 0.05 0.10 -0.01 0.00 -0.01 -0.00 93.02 95.53 89.95 
9.56 0 0.00000000 0.00000000 0.00 0.00 0.00 0.05 0.10 0.00 0.00 -0.01 -0.01 93.00 95.57 89.93 
9.66 0 0.00000000 0.00000000 0.00 0.00 0.00 0.05 0.10 0.12 0.00 -0.01 -0.00 92.99 95.50 89.93 
9.76 0 0.00000000 0.00000000 0.00 0.00 0.00 0.05 0.10 -0.03 0.01 -0.01 -0.00 92.99 95.50 89.94 
9.86 0 0.00000000 0.00000000 0.00 0.00 0.00 0.05 0.10 -0.00 -0.00 -0.01 -0.00 92.90 95.56 89.94 
9.97 0 0.00000000 0.00000000 0.00 0.00 0.00 0.05 0.10 -0.00 0.00 -0.01 -0.00 92.92 95.49 89.97 
10.07 0 0.00000000 0.00000000 0.00 0.00 0.00 0.05 0.10 -0.01 0.01 -0.01 -0.00 92.84 95.57 89.94 
10.17 0 0.00000000 0.00000000 0.00 0.00 0.00 0.05 0.10 -0.01 0.00 -0.01 -0.00 92.85 95.65 89.96 
10.27 0 0.00000000 0.00000000 0.00 0.00 0.00 0.05 0.09 -0.00 0.00 -0.01 -0.00 92.93 95.43 89.95 
10.37 0 0.00000000 0.00000000 0.00 0.00 0.00 0.05 0.09 0.00 0.00 -0.01 -0.00 92.93 95.36 89.94 
10.47 0 0.00000000 0.00000000 0.00 0.00 0.00 0.05 0.09 -0.00 0.00 -0.01 -0.00 92.91 95.44 89.96 
10.57 0 0.00000000 0.00000000 0.00 0.00 0.00 0.05 0.10 0.01 0.01 -0.01 -0.00 92.93 95.54 89.95 
10.68 0 0.00000000 0.00000000 0.00 0.00 0.00 0.05 0.09 -0.02 -0.00 -0.01 -0.00 92.91 95.40 89.97 
10.78 0 0.00000000 0.00000000 0.00 0.00 0.00 0.05 0.09 0.00 0.00 -0.01 -0.01 92.92 95.41 89.93 
10.88 0 0.00000000 0.00000000 0.00 0.00 0.00 0.05 0.10 0.00 0.00 -0.01 -0.00 92.99 95.51 89.98 
10.98 0 0.00000000 0.00000000 0.00 0.00 0.00 0.05 0.10 0.00 0.00 -0.01 -0.00 93.10 95.52 89.96 
11.08 0 0.00000000 0.00000000 0.00 0.00 0.00 0.05 0.10 -0.01 0.00 -0.01 -0.00 93.08 95.56 89.97 
11.18 0 0.00000000 0.00000000 0.00 0.00 0.00 0.05 0.09 -0.01 0.00 -0.01 -0.00 93.01 95.44 89.94 
11.28 0 0.00000000 0.00000000 0.00 0.00 0.00 0.05 0.09 0.01 0.01 -0.01 -0.00 92.99 95.34 89.95 
11.38 0 0.00000000 0.00000000 0.00 0.00 0.00 0.05 0.10 0.01 0.00 -0.01 0.00 92.93 95.47 90.00 
11.48 0 0.00000000 0.00000000 0.00 0.00 0.00 0.05 0.09 0.01 0.00 -0.01 -0.00 93.01 95.36 89.95 
11.58 0 0.00000000 0.00000000 0.00 0.00 0.00 0.05 0.09 -0.02 0.00 -0.01 -0.00 93.00 95.43 89.95 
11.68 0 0.00000000 0.00000000 0.00 0.00 0.00 0.05 0.10 0.01 0.01 -0.01 -0.00 92.89 95.50 89.94 
11.78 0 0.00000000 0.00000000 0.00 0.00 0.00 0.05 0.10 -0.01 0.00 -0.01 -0.00 92.91 95.46 89.94 
11.88 0 0.00000000 0.00000000 0.00 0.00 0.00 0.05 0.09 0.01 0.00 -0.01 -0.01 92.83 95.41 89.93 
11.98 0 0.00000000 0.00000000 0.00 0.00 0.00 0.05 0.09 -0.01 0.00 -0.01 -0.00 92.93 95.39 89.94 
12.09 0 0.00000000 0.00000000 0.00 0.00 0.00 0.05 0.09 -0.00 0.00 -0.01 -0.00 92.97 95.43 89.96 
12.19 0 0.00000000 0.00000000 0.00 0.00 0.00 0.05 0.10 0.02 0.01 -0.01 -0.01 93.02 95.52 89.92 
12.29 0 0.00000000 0.00000000 0.00 0.00 0.00 0.05 0.10 0.00 0.01 -0.01 -0.00 93.00 95.53 89.94 
12.39 0 0.00000000 0.00000000 0.00 0.00 0.00 0.05 0.10 -0.02 0.01 -0.01 -0.00 93.01 95.59 89.98 
12.49 0 0.00000000 0.00000000 0.00 0.00 0.00 0.05 0.10 0.00 0.00 -0.01 -0.00 92.82 95.60 89.96 
12.59 0 0.00000000 0.00000000 0.00 0.00 0.00 0.05 0.10 -0.01 0.00 -0.01 -0.00 92.99 95.61 89.97 
12.69 0 0.00000000 0.00000000 0.00 0.00 0.00 0.05 0.10 0.01 0.00 -0.02 -0.00 93.03 95.53 89.97 
12.79 0 0.00000000 0.00000000 0.00 0.00 0.00 0.05 0.10 -0.01 0.00 -0.02 -0.00 93.11 95.54 89.97 
12.89 0 0.00000000 0.00000000 0.00 0.00 0.00 0.05 0.10 0.00 -0.00 -0.01 -0.00 93.04 95.46 89.97 
13.00 0 0.00000000 0.00000000 0.00 0.00 0.00 0.05 0.09 -0.02 -0.00 -0.01 -0.00 92.97 95.45 89.96 
13.10 0 0.00000000 0.00000000 0.00 0.00 0.00 0.05 0.10 -0.00 0.00 -0.02 -0.00 92.95 95.52 89.95 
13.20 0 0.00000000 0.00000000 0.00 0.00 0.00 0.05 0.10 -0.01 0.00 -0.01 -0.00 92.83 95.55 89.97 
13.30 0 0.00000000 0.00000000 0.00 0.00 0.00 0.05 0.09 -0.00 0.01 -0.01 -0.00 92.93 95.43 89.95 
13.40 0 0.00000000 0.00000000 0.00 0.00 0.00 0.05 0.09 0.00 0.01 -0.01 -0.00 93.00 95.40 89.98 
13.50 0 0.00000000 0.00000000 0.00 0.00 0.00 0.05 0.09 0.01 0.00 -0.01 -0.00 92.77 95.39 89.95 
13.60 0 0.00000000 0.00000000 0.00 0.00 0.00 0.05 0.09 0.00 0.00 -0.01 -0.00 92.87 95.37 89.96 
13.70 0 0.00000000 0.00000000 0.00 0.00 0.00 0.05 0.10 0.01 0.00 -0.01 -0.00 92.81 95.46 89.95 
13.81 0 0.00000000 0.00000000 0.00 0.00 0.00 0.05 0.10 0.01 -0.00 -0.01 -0.00 92.87 95.48 89.93 
13.91 0 0.00000000 0.00000000 0.00 0.00 0.00 0.05 0.09 0.00 0.00 -0.01 -0.00 93.00 95.40 89.95 
14.01 0 0.00000000 0.00000000 0.00 0.00 0.00 0.05 0.10 0.00 0.00 -0.01 -0.00 93.05 95.47 89.95 
14.11 0 0.00000000 0.00000000 0.00 0.00 0.00 0.05 0.10 -0.00 0.00 -0.01 -0.00 93.04 95.51 89.94 
14.21 0 0.00000000 0.00000000 0.00 0.00 0.00 0.05 0.09 0.00 -0.00 -0.01 -0.00 92.95 95.43 89.97 
14.31 0 0.00000000 0.00000000 0.00 0.00 0.00 0.05 0.10 -0.01 0.01 -0.01 -0.00 92.99 95.47 89.95 
14.42 0 0.00000000 0.00000000 0.00 0.00 0.00 0.05 0.10 0.00 0.00 -0.01 -0.01 93.05 95.47 89.93 
14.52 0 0.00000000 0.00000000 0.00 0.00 0.00 0.05 0.10 -0.00 0.01 -0.01 -0.00 92.99 95.45 89.97 
14.62 0 0.00000000 0.00000000 0.00 0.00 0.00 0.05 0.10 -0.00 -0.00 -0.02 -0.00 92.90 95.55 89.94 
14.72 0 0.00000000 0.00000000 0.00 0.00 0.00 0.05 0.10 0.01 0.00 -0.01 -0.00 92.94 95.46 89.94 
14.82 0 0.00000000 0.00000000 0.00 0.00 0.00 0.05 0.09 -0.02 0.00 -0.01 -0.00 93.03 95.41 89.95 
14.92 0 0.00000000 0.00000000 0.00 0.00 0.00 0.05 0.10 -0.00 -0.00 -0.02 -0.01 92.93 95.46 89.93 
15.02 0 0.00000000 0.00000000 0.00 0.00 0.00 0.05 0.09 0.01 0.00 -0.01 -0.01 92.83 95.39 89.93 
15.13 0 0.00000000 0.00000000 0.00 0.00 0.00 0.05 0.09 -0.01 0.00 -0.01 -0.00 92.87 95.26 89.98 
15.23 0 0.00000000 0.00000000 0.00 0.00 0.00 0.05 0.10 -0.01 0.01 -0.01 -0.00 92.83 95.50 89.95 
15.33 0 0.00000000 0.00000000 0.00 0.00 0.00 0.05 0.10 0.00 0.01 -0.01 -0.00 92.89 95.51 89.97 
15.43 0 0.00000000 0.00000000 0.00 0.00 0.00 0.05 0.10 -0.01 0.01 -0.01 -0.00 92.93 95.53 89.94 
15.53 0 0.00000000 0.00000000 0.00 0.00 0.00 0.05 0.10 -0.01 0.01 -0.01 -0.01 93.00 95.52 89.93 
15.63 0 0.00000000 0.00000000 0.00 0.00 0.00 0.05 0.09 0.02 0.01 -0.01 -0.00 92.92 95.39 89.96 
15.73 0 0.00000000 0.00000000 0.00 0.00 0.00 0.05 0.09 -0.01 -0.00 -0.01 -0.00 92.95 95.44 89.94 
15.84 0 0.00000000 0.00000000 0.00 0.00 0.00 0.05 0.09 -0.00 0.00 -0.01 -0.01 92.87 95.41 89.93 
15.94 0 0.00000000 0.00000000 0.00 0.00 0.00 0.05 0.09 0.01 -0.00 -0.01 -0.01 92.92 95.42 89.93 
16.04 0 0.00000000 0.00000000 0.00 0.00 0.00 0.05 0.10 -0.01 0.00 -0.01 -0.00 93.03 95.48 89.94 
16.14 0 0.00000000 0.00000000 0.00 0.00 0.00 0.05 0.10 -0.01 0.00 -0.01 -0.00 92.89 95.45 89.96 
16.24 0 0.00000000 0.00000000 0.00 0.00 0.00 0.05 0.10 -0.01 0.00 -0.01 -0.00 93.00 95.55 89.98 
16.34 0 0.00000000 0.00000000 0.00 0.00 0.00 0.05 0.09 -0.00 -0.00 -0.01 -0.00 93.02 95.44 89.96 
16.44 0 0.00000000 0.00000000 0.00 0.00 0.00 0.05 0.09 -0.01 0.01 -0.01 -0.00 93.07 95.35 89.95 
16.54 0 0.00000000 0.00000000 0.00 0.00 0.00 0.05 0.09 -0.01 -0.00 -0.01 -0.00 93.07 95.39 89.97 
16.64 0 0.00000000 0.00000000 0.00 0.00 0.00 0.05 0.10 0.01 0.01 -0.02 -0.00 92.95 95.45 89.96 
16.75 0 0.00000000 0.00000000 0.00 0.00 0.00 0.05 0.09 0.01 0.01 -0.02 -0.00 92.84 95.43 89.98 
16.85 0 0.00000000 0.00000000 0.00 0.00 0.00 0.05 0.10 -0.01 0.01 -0.02 -0.00 92.90 95.48 89.96 
16.95 0 0.00000000 0.00000000 0.00 0.00 0.00 0.05 0.10 0.01 0.01 -0.01 -0.00 92.85 95.54 89.94 
17.05 0 0.00000000 0.00000000 0.00 0.00 0.00 0.05 0.10 0.00 0.01 -0.01 -0.00 92.93 95.51 89.95 
17.15 0 0.00000000 0.00000000 0.00 0.00 0.00 0.05 0.10 0.01 0.01 -0.01 -0.00 92.96 95.53 89.96 
17.25 0 0.00000000 0.00000000 0.00 0.00 0.00 0.05 0.10 -0.01 0.01 -0.01 -0.00 92.90 95.47 89.98 
17.35 0 0.00000000 0.00000000 0.00 0.00 0.00 0.05 0.10 0.01 0.01 -0.01 -0.00 92.97 95.47 89.97 
17.45 0 0.00000000 0.00000000 0.00 0.00 0.00 0.05 0.10 0.00 0.00 -0.01 -0.00 92.97 95.52 89.97 
17.56 0 0.00000000 0.00000000 0.00 0.00 0.00 0.05 0.09 -0.00 -0.00 -0.01 -0.00 92.98 95.43 89.96 
17.66 0 0.00000000 0.00000000 0.00 0.00 0.00 0.05 0.10 0.01 0.01 -0.02 -0.00 92.93 95.45 89.99 
17.76 0 0.00000000 0.00000000 0.00 0.00 0.00 0.05 0.09 0.01 0.01 -0.01 -0.00 92.92 95.42 89.95 
17.86 0 0.00000000 0.00000000 0.00 0.00 0.00 0.05 0.09 -0.00 0.00 -0.01 -0.00 92.98 95.44 89.97 
17.97 0 0.00000000 0.00000000 0.00 0.00 0.00 0.05 0.09 0.01 0.01 -0.01 -0.00 92.94 95.39 89.94 
18.07 0 0.00000000 0.00000000 0.00 0.00 0.00 0.05 0.09 -0.00 0.01 -0.01 -0.00 92.89 95.38 89.95 
18.17 0 0.00000000 0.00000000 0.00 0.00 0.00 0.05 0.10 0.00 0.01 -0.01 -0.00 92.87 95.46 89.94 
18.27 0 0.00000000 0.00000000 0.00 0.00 0.00 0.05 0.10 -0.01 0.01 -0.01 -0.00 92.94 95.45 90.00 
18.37 0 0.00000000 0.00000000 0.00 0.00 0.00 0.05 0.10 -0.01 0.00 -0.01 -0.00 92.98 95.52 89.97 
18.47 0 0.00000000 0.00000000 0.00 0.00 0.00 0.05 0.10 0.00 0.01 -0.01 -0.00 92.87 95.50 89.96 
18.57 0 0.00000000 0.00000000 0.00 0.00 0.00 0.05 0.10 -0.01 0.01 -0.01 -0.01 92.84 95.50 89.93 
18.68 0 0.00000000 0.00000000 0.00 0.00 0.00 0.05 0.10 -0.01 0.00 -0.01 -0.00 92.84 95.47 89.97 
18.78 0 0.00000000 0.00000000 0.00 0.00 0.00 0.05 0.09 -0.01 0.00 -0.01 -0.00 92.91 95.41 89.96 
18.88 0 0.00000000 0.00000000 0.00 0.00 0.00 0.05 0.09 -0.01 -0.00 -0.01 -0.00 92.99 95.44 89.95 
18.99 0 0.00000000 0.00000000 0.00 0.00 0.00 0.05 0.09 -0.00 0.01 -0.01 -0.00 92.95 95.45 89.98 
19.09 0 0.00000000 0.00000000 0.00 0.00 0.00 0.05 0.09 0.01 0.00 -0.01 -0.00 92.98 95.43 89.97 
19.19 0 0.00000000 0.00000000 0.00 0.00 0.00 0.05 0.09 0.01 0.01 -0.01 -0.00 92.84 95.40 89.93 
19.29 0 0.00000000 0.00000000 0.00 0.00 0.00 0.05 0.10 -0.02 0.00 -0.01 -0.00 92.84 95.44 89.94 
19.39 0 0.00000000 0.00000000 0.00 0.00 0.00 0.05 0.10 -0.01 0.01 -0.01 -0.00 92.86 95.53 89.97 
19.50 0 0.00000000 0.00000000 0.00 0.00 0.00 0.05 0.10 -0.00 0.00 -0.01 -0.00 92.88 95.44 89.97 
19.60 0 0.00000000 0.00000000 0.00 0.00 0.00 0.05 0.10 -0.01 -0.00 -0.01 -0.00 92.99 95.49 89.98 
19.70 0 0.00000000 0.00000000 0.00 0.00 0.00 0.05 0.10 -0.00 0.00 -0.01 -0.00 92.96 95.53 89.95 
19.80 0 0.00000000 0.00000000 0.00 0.00 0.00 0.05 0.10 0.01 0.00 -0.01 -0.00 92.95 95.51 89.98 
19.90 0 0.00000000 0.00000000 0.00 0.00 0.00 0.05 0.10 -0.01 0.00 -0.02 -0.00 92.98 95.49 89.94 
20.01 0 0.00000000 0.00000000 0.00 0.00 0.00 0.05 0.10 -0.02 0.00 -0.01 -0.00 93.06 95.42 89.95 
20.11 0 0.00000000 0.00000000 0.00 0.00 0.00 0.05 0.09 0.01 0.01 -0.01 -0.00 92.97 95.41 89.94 
20.22 0 0.00000000 0.00000000 0.00 0.00 0.00 0.05 0.09 -0.01 0.00 -0.02 -0.00 93.01 95.35 89.95 
20.35 0 0.00000000 0.00000000 0.00 0.00 0.00 0.05 0.09 -0.00 0.01 -0.01 -0.00 93.03 95.41 89.95 
20.50 0 0.00000000 0.00000000 0.00 0.00 0.00 0.05 0.09 0.01 0.01 -0.01 -0.00 93.01 95.44 89.96 
20.64 0 0.00000000 0.00000000 0.00 0.00 0.00 0.05 0.09 0.01 0.01 -0.01 -0.00 92.99 95.43 89.96 
20.77 0 0.00000000 0.00000000 0.00 0.00 0.00 0.05 0.09 -0.01 0.01 -0.01 -0.00 93.01 95.44 89.95 
20.88 0 0.00000000 0.00000000 0.00 0.00 0.00 0.05 0.09 -0.00 0.01 -0.01 -0.00 92.99 95.42 89.98 
20.98 0 0.00000000 0.00000000 0.00 0.00 0.00 0.05 0.09 -0.01 -0.00 -0.02 0.00 93.01 95.47 89.94 
21.08 0 0.00000000 0.00000000 0.00 0.00 0.00 0.05 0.10 -0.01 0.01 -0.01 -0.00 92.96 95.47 89.96 
21.18 0 0.00000000 0.00000000 0.00 0.00 0.00 0.05 0.10 -0.01 0.01 -0.01 -0.00 92.86 95.55 89.97 
21.29 0 0.00000000 0.00000000 0.00 0.00 0.00 0.05 0.09 0.00 0.01 -0.01 -0.00 92.88 95.40 89.96 
21.39 0 0.00000000 0.00000000 0.00 0.00 0.00 0.05 0.10 0.00 0.01 -0.01 -0.00 92.89 95.65 89.95 
21.49 0 0.00000000 0.00000000 0.00 0.00 0.00 0.05 0.10 -0.00 0.00 -0.02 -0.00 92.91 95.63 89.97 
21.59 0 0.00000000 0.00000000 0.00 0.00 0.00 0.05 0.10 -0.00 0.01 -0.01 -0.00 93.03 95.53 89.96 
21.69 0 0.00000000 0.00000000 0.00 0.00 0.00 0.05 0.10 0.00 0.01 -0.01 -0.00 92.90 95.54 89.96 
21.79 0 0.00000000 0.00000000 0.00 0.00 0.00 0.05 0.10 0.00 0.01 -0.01 -0.00 92.95 95.49 89.95 
21.89 0 0.00000000 0.00000000 0.00 0.00 0.00 0.05 0.10 0.01 0.01 -0.01 -0.00 92.98 95.50 89.97 
21.99 0 0.00000000 0.00000000 0.00 0.00 0.00 0.05 0.10 -0.03 0.00 -0.01 -0.00 92.94 95.49 89.97 
22.09 0 0.00000000 0.00000000 0.00 0.00 0.00 0.05 0.10 -0.00 0.01 -0.01 -0.00 92.98 95.51 89.97 
22.19 0 0.00000000 0.00000000 0.00 0.00 0.00 0.05 0.10 -0.01 0.00 -0.01 -0.00 92.87 95.50 89.97 
22.29 0 0.00000000 0.00000000 0.00 0.00 0.00 0.05 0.09 0.00 0.01 -0.01 -0.00 92.96 95.52 89.94 
22.39 0 0.00000000 0.00000000 0.00 0.00 0.00 0.05 0.10 -0.00 0.00 -0.01 -0.00 92.92 95.52 89.98 
22.50 0 0.00000000 0.00000000 0.00 0.00 0.00 0.05 0.09 0.01 0.01 -0.01 -0.00 92.93 95.43 89.97 
22.60 0 0.00000000 0.00000000 0.00 0.00 0.00 0.05 0.10 -0.00 0.00 -0.01 -0.00 92.97 95.45 89.97 
22.70 0 0.00000000 0.00000000 0.00 0.00 0.00 0.05 0.09 0.01 0.00 -0.01 0.00 92.95 95.44 90.01 
22.80 0 0.00000000 0.00000000 0.00 0.00 0.00 0.05 0.09 0.00 0.01 -0.02 -0.00 92.97 95.44 89.97 
22.90 0 0.00000000 0.00000000 0.00 0.00 0.00 0.05 0.10 0.00 0.01 -0.01 -0.00 92.93 95.53 89.97 
23.00 0 0.00000000 0.00000000 0.00 0.00 0.00 0.05 0.09 -0.01 0.01 -0.01 -0.00 92.98 95.41 89.98 
23.10 0 0.00000000 0.00000000 0.00 0.00 0.00 0.06 0.09 -0.00 0.01 -0.01 -0.00 93.16 95.45 89.99 
23.20 0 0.00000000 0.00000000 0.00 0.00 0.00 0.05 0.09 0.02 0.01 -0.01 -0.00 92.97 95.26 89.96 
23.31 0 0.00000000 0.00000000 0.00 0.00 0.00 0.05 0.09 -0.01 0.00 -0.01 -0.00 93.02 95.46 89.99 
23.41 0 0.00000000 0.00000000 0.00 0.00 0.00 0.05 0.10 -0.00 0.01 -0.01 -0.00 92.97 95.46 89.95 
23.51 0 0.00000000 0.00000000 0.00 0.00 0.00 0.05 0.09 0.00 0.01 -0.01 -0.00 92.93 95.43 89.97 
23.61 0 0.00000000 0.00000000 0.00 0.00 0.00 0.05 0.09 0.00 0.01 -0.01 -0.00 92.88 95.42 89.98 
23.71 0 0.00000000 0.00000000 0.00 0.00 0.00 0.05 0.10 -0.01 0.00 -0.01 -0.00 92.84 95.46 89.97 
23.81 0 0.00000000 0.00000000 0.00 0.00 0.00 0.05 0.10 0.01 0.01 -0.01 -0.00 92.84 95.47 89.98 
23.92 0 0.00000000 0.00000000 0.00 0.00 0.00 0.05 0.09 0.00 0.00 -0.01 -0.00 92.87 95.43 89.99 
24.02 0 0.00000000 0.00000000 0.00 0.00 0.00 0.05 0.10 -0.00 0.01 -0.01 -0.00 92.91 95.46 89.98 
24.12 0 0.00000000 0.00000000 0.00 0.00 0.00 0.05 0.10 -0.01 0.01 -0.01 -0.00 92.93 95.43 89.97 
24.22 0 0.00000000 0.00000000 0.00 0.00 0.00 0.05 0.09 -0.01 0.01 -0.01 -0.00 92.95 95.45 89.97 
24.32 0 0.00000000 0.00000000 0.00 0.00 0.00 0.05 0.10 0.02 0.02 -0.01 -0.00 92.87 95.58 89.96 
24.43 0 0.00000000 0.00000000 0.00 0.00 0.00 0.05 0.10 -0.03 0.00 -0.01 -0.00 93.01 95.62 89.99 
24.53 0 0.00000000 0.00000000 0.00 0.00 0.00 0.05 0.09 0.01 0.01 -0.02 -0.00 93.02 95.42 89.98 
24.63 0 0.00000000 0.00000000 0.00 0.00 0.00 0.05 0.10 -0.00 0.00 -0.01 -0.00 93.09 95.47 89.99 
24.73 0 0.00000000 0.00000000 0.00 0.00 0.00 0.05 0.10 -0.01 0.01 -0.01 -0.00 93.08 95.49 89.95 
24.84 0 0.00000000 0.00000000 0.00 0.00 0.00 0.05 0.10 0.02 0.01 -0.01 -0.00 92.99 95.49 89.97 
24.94 0 0.00000000 0.00000000 0.00 0.00 0.00 0.05 0.10 -0.00 0.01 -0.01 -0.00 92.89 95.61 89.97 
25.05 0 0.00000000 0.00000000 0.00 0.00 0.00 0.05 0.10 -0.01 0.01 -0.01 -0.00 92.96 95.51 89.96 
25.15 0 0.00000000 0.00000000 0.00 0.00 0.00 0.05 0.10 -0.01 0.00 -0.01 -0.00 93.01 95.46 89.96 
25.25 0 0.00000000 0.00000000 0.00 0.00 0.00 0.05 0.10 0.00 -0.00 -0.01 -0.00 92.94 95.46 89.97 
25.35 0 0.00000000 0.00000000 0.00 0.00 0.00 0.05 0.10 -0.00 0.01 -0.01 -0.00 92.98 95.52 89.96 
25.45 0 0.00000000 0.00000000 0.00 0.00 0.00 0.05 0.10 0.00 0.00 -0.01 -0.00 92.95 95.49 89.95 
25.55 0 0.00000000 0.00000000 0.00 0.00 0.00 0.05 0.09 0.00 0.01 -0.01 -0.00 93.03 95.42 89.98 
25.65 0 0.00000000 0.00000000 0.00 0.00 0.00 0.05 0.09 -0.01 0.00 -0.01 -0.00 92.97 95.42 89.98 
25.76 0 0.00000000 0.00000000 0.00 0.00 0.00 0.05 0.10 -0.01 0.00 -0.01 -0.00 92.98 95.47 89.95 
25.86 0 0.00000000 0.00000000 0.00 0.00 0.00 0.05 0.10 0.00 0.00 -0.02 -0.00 93.01 95.45 89.98 
25.96 0 0.00000000 0.00000000 0.00 0.00 0.00 0.05 0.09 -0.01 0.01 -0.01 -0.00 92.90 95.45 89.97 
26.06 0 0.00000000 0.00000000 0.00 0.00 0.00 0.05 0.10 0.00 0.01 -0.01 -0.00 92.84 95.52 89.99 
26.16 0 0.00000000 0.00000000 0.00 0.00 0.00 0.05 0.10 -0.01 0.00 -0.01 -0.00 92.93 95.49 90.00 
26.26 0 0.00000000 0.00000000 0.00 0.00 0.00 0.05 0.10 -0.00 0.01 -0.01 -0.00 92.99 95.49 89.97 
26.36 0 0.00000000 0.00000000 0.00 0.00 0.00 0.05 0.09 -0.00 0.01 -0.01 -0.00 93.04 95.43 89.95 
26.46 0 0.00000000 0.00000000 0.00 0.00 0.00 0.05 0.10 0.00 0.01 -0.01 -0.00 92.98 95.46 89.95 
26.57 0 0.00000000 0.00000000 0.00 0.00 0.00 0.05 0.09 -0.00 0.00 -0.01 -0.00 92.88 95.44 89.99 
26.67 0 0.00000000 0.00000000 0.00 0.00 0.00 0.05 0.10 0.00 0.00 -0.01 -0.00 92.98 95.48 89.97 
26.77 0 0.00000000 0.00000000 0.00 0.00 0.00 0.05 0.10 0.01 0.01 -0.01 -0.00 93.04 95.48 89.95 
26.87 0 0.00000000 0.00000000 0.00 0.00 0.00 0.05 0.10 -0.01 0.00 -0.01 -0.00 93.10 95.47 89.98 
26.98 0 0.00000000 0.00000000 0.00 0.00 0.00 0.05 0.09 0.01 0.00 -0.01 -0.00 93.04 95.39 89.96 
27.08 0 0.00000000 0.00000000 0.00 0.00 0.00 0.05 0.10 0.00 0.00 -0.01 -0.00 92.98 95.49 89.96 
27.18 0 0.00000000 0.00000000 0.00 0.00 0.00 0.05 0.09 -0.00 0.01 -0.01 -0.00 93.00 95.33 89.96 
27.28 0 0.00000000 0.00000000 0.00 0.00 0.00 0.05 0.10 -0.00 0.01 -0.01 -0.00 93.01 95.45 89.97 
27.38 0 0.00000000 0.00000000 0.00 0.00 0.00 0.05 0.10 0.00 0.01 -0.01 -0.00 92.87 95.51 89.97 
27.48 0 0.00000000 0.00000000 0.00 0.00 0.00 0.05 0.10 -0.01 0.01 -0.01 -0.00 92.91 95.48 89.98 
27.59 0 0.00000000 0.00000000 0.00 0.00 0.00 0.05 0.09 0.01 0.01 -0.01 0.00 92.93 95.35 90.01 
27.69 0 0.00000000 0.00000000 0.00 0.00 0.00 0.05 0.09 -0.00 0.01 -0.01 -0.00 92.95 95.36 89.96 
27.79 0 0.00000000 0.00000000 0.00 0.00 0.00 0.05 0.09 0.01 -0.00 -0.01 -0.00 93.06 95.40 89.99 
27.89 0 0.00000000 0.00000000 0.00 0.00 0.00 0.05 0.10 0.01 0.00 -0.02 -0.00 93.00 95.54 89.99 
27.99 0 0.00000000 0.00000000 0.00 0.00 0.00 0.05 0.09 0.01 0.01 -0.01 -0.00 93.00 95.38 89.95 
28.09 0 0.00000000 0.00000000 0.00 0.00 0.00 0.05 0.09 -0.00 0.01 -0.01 -0.00 92.99 95.41 90.00 
28.19 0 0.00000000 0.00000000 0.00 0.00 0.00 0.05 0.10 0.01 -0.00 -0.01 -0.00 93.04 95.48 89.98 
28.29 0 0.00000000 0.00000000 0.00 0.00 0.00 0.05 0.10 0.01 0.00 -0.01 -0.00 93.09 95.50 89.97 
28.39 0 0.00000000 0.00000000 0.00 0.00 0.00 0.05 0.10 -0.00 0.00 -0.02 -0.00 93.03 95.53 89.96 
28.49 0 0.00000000 0.00000000 0.00 0.00 0.00 0.05 0.10 -0.01 0.00 -0.01 0.00 93.01 95.51 90.01 
28.60 0 0.00000000 0.00000000 0.00 0.00 0.00 0.05 0.10 0.01 0.01 -0.01 -0.00 92.91 95.54 89.96 
28.70 0 0.00000000 0.00000000 0.00 0.00 0.00 0.05 0.10 0.01 0.01 -0.01 -0.00 92.86 95.48 89.98 
28.80 0 0.00000000 0.00000000 0.00 0.00 0.00 0.05 0.10 0.01 0.01 -0.02 -0.00 92.88 95.48 89.97 
28.90 0 0.00000000 0.00000000 0.00 0.00 0.00 0.05 0.09 -0.01 0.01 -0.01 -0.00 92.92 95.42 90.00 
29.00 0 0.00000000 0.00000000 0.00 0.00 0.00 0.05 0.10 -0.01 0.00 -0.01 -0.00 92.98 95.52 89.97 
29.10 0 0.00000000 0.00000000 0.00 0.00 0.00 0.05 0.10 0.01 0.00 -0.02 -0.00 93.01 95.60 89.95 
29.20 0 0.00000000 0.00000000 0.00 0.00 0.00 0.05 0.09 0.00 0.01 -0.01 -0.00 92.91 95.38 89.99 
29.30 0 0.00000000 0.00000000 0.00 0.00 0.00 0.05 0.09 0.03 0.00 -0.02 -0.00 92.92 95.42 89.99 
29.40 0 0.00000000 0.00000000 0.00 0.00 0.00 0.05 0.10 -0.01 0.01 -0.01 -0.00 92.93 95.56 89.99 
29.51 0 0.00000000 0.00000000 0.00 0.00 0.00 0.05 0.09 -0.01 0.01 -0.01 -0.00 92.96 95.38 89.99 
29.61 0 0.00000000 0.00000000 0.00 0.00 0.00 0.05 0.09 -0.00 0.01 -0.01 -0.00 92.91 95.44 89.99 
29.71 0 0.00000000 0.00000000 0.00 0.00 0.00 0.05 0.10 0.00 0.01 -0.01 -0.00 92.87 95.58 89.97 
29.81 0 0.00000000 0.00000000 0.00 0.00 0.00 0.05 0.09 0.01 0.01 -0.01 -0.00 92.98 95.43 89.96 
29.91 0 0.00000000 0.00000000 0.00 0.00 0.00 0.05 0.10 0.01 0.01 -0.02 -0.00 93.03 95.44 89.97 
30.01 0 0.00000000 0.00000000 0.00 0.00 0.00 0.05 0.09 -0.01 0.00 -0.01 -0.00 93.13 95.39 89.99 
30.12 0 0.00000000 0.00000000 0.00 0.00 0.00 0.05 0.09 0.02 0.01 -0.01 -0.00 92.98 95.34 89.98 
30.22 0 0.00000000 0.00000000 0.00 0.00 0.00 0.06 0.09 -0.00 0.01 -0.01 -0.00 93.15 95.43 89.99 
30.32 0 0.00000000 0.00000000 0.00 0.00 0.00 0.05 0.09 -0.00 0.00 -0.02 -0.00 92.96 95.42 89.97 
30.42 0 0.00000000 0.00000000 0.00 0.00 0.00 0.05 0.10 -0.01 0.00 -0.01 -0.00 93.01 95.57 89.99 
30.52 0 0.00000000 0.00000000 0.00 0.00 0.00 0.05 0.10 0.00 0.00 -0.01 0.00 93.03 95.42 89.96 
30.62 0 0.00000000 0.00000000 0.00 0.00 0.00 0.05 0.09 -0.00 0.01 -0.01 -0.00 92.99 95.43 89.98 
30.73 0 0.00000000 0.00000000 0.00 0.00 0.00 0.05 0.09 -0.00 0.01 -0.01 -0.00 93.03 95.40 89.98 
30.83 0 0.00000000 0.00000000 0.00 0.00 0.00 0.05 0.10 0.01 0.01 -0.02 -0.00 92.90 95.45 89.98 
30.93 0 0.00000000 0.00000000 0.00 0.00 0.00 0.05 0.09 0.01 0.00 -0.01 -0.00 92.90 95.42 89.95 
31.04 0 0.00000000 0.00000000 0.00 0.00 0.00 0.05 0.09 0.00 0.00 -0.01 -0.00 92.94 95.47 89.98 
31.14 0 0.00000000 0.00000000 0.00 0.00 0.00 0.05 0.09 0.00 0.01 -0.01 -0.00 92.97 95.45 89.97 
31.24 0 0.00000000 0.00000000 0.00 0.00 0.00 0.05 0.09 -0.01 0.01 -0.01 -0.00 92.95 95.31 89.99 
31.34 0 0.00000000 0.00000000 0.00 0.00 0.00 0.05 0.09 -0.00 0.00 -0.02 -0.00 93.04 95.37 89.98 
31.44 0 0.00000000 0.00000000 0.00 0.00 0.00 0.05 0.09 0.00 0.00 -0.01 -0.00 93.06 95.40 89.99 
31.54 0 0.00000000 0.00000000 0.00 0.00 0.00 0.05 0.09 0.00 0.01 -0.02 0.00 92.84 95.41 90.00 
31.64 0 0.00000000 0.00000000 0.00 0.00 0.00 0.05 0.09 -0.00 0.01 -0.01 -0.01 92.98 95.40 89.93 
31.74 0 0.00000000 0.00000000 0.00 0.00 0.00 0.05 0.09 0.01 0.00 -0.01 -0.00 92.92 95.43 89.99 
31.84 0 0.00000000 0.00000000 0.00 0.00 0.00 0.05 0.10 -0.01 0.00 -0.01 -0.00 92.98 95.49 89.97 
31.94 0 0.00000000 0.00000000 0.00 0.00 0.00 0.05 0.10 -0.01 -0.00 -0.01 -0.00 93.00 95.46 89.97 
32.04 0 0.00000000 0.00000000 0.00 0.00 0.00 0.05 0.09 0.00 0.00 -0.01 -0.00 92.99 95.44 89.99 
32.14 0 0.00000000 0.00000000 0.00 0.00 0.00 0.05 0.10 0.01 0.00 -0.01 -0.00 93.03 95.48 89.97 
32.25 0 0.00000000 0.00000000 0.00 0.00 0.00 0.05 0.10 0.02 0.01 -0.01 -0.00 92.99 95.50 89.99 
32.35 0 0.00000000 0.00000000 0.00 0.00 0.00 0.05 0.09 -0.01 0.00 -0.01 -0.00 92.94 95.44 89.97 
32.45 0 0.00000000 0.00000000 0.00 0.00 0.00 0.05 0.09 0.00 0.00 -0.01 0.00 92.93 95.39 90.00 
32.55 0 0.00000000 0.00000000 0.00 0.00 0.00 0.05 0.10 0.00 0.00 -0.01 -0.00 92.95 95.46 89.97 
32.65 0 0.00000000 0.00000000 0.00 0.00 0.00 0.05 0.09 0.01 0.00 -0.01 0.00 93.01 95.40 90.00 
32.75 0 0.00000000 0.00000000 0.00 0.00 0.00 0.05 0.09 0.02 0.01 -0.01 -0.00 92.97 95.37 89.95 
32.85 0 0.00000000 0.00000000 0.00 0.00 0.00 0.05 0.10 0.00 0.00 -0.01 -0.00 92.94 95.48 89.97 
32.95 0 0.00000000 0.00000000 0.00 0.00 0.00 0.05 0.09 -0.01 -0.00 -0.01 -0.00 92.89 95.40 89.99 
33.05 0 0.00000000 0.00000000 0.00 0.00 0.00 0.05 0.10 -0.01 0.01 -0.01 -0.00 92.99 95.50 89.98 
33.15 0 0.00000000 0.00000000 0.00 0.00 0.00 0.05 0.10 0.00 0.01 -0.01 -0.00 93.06 95.47 90.00 
33.25 0 0.00000000 0.00000000 0.00 0.00 0.00 0.05 0.09 0.01 0.00 -0.01 -0.00 93.13 95.39 89.96 
33.35 0 0.00000000 0.00000000 0.00 0.00 0.00 0.05 0.09 0.00 0.00 -0.01 -0.00 93.07 95.43 89.98 
33.45 0 0.00000000 0.00000000 0.00 0.00 0.00 0.05 0.10 0.01 0.01 -0.01 -0.00 92.93 95.45 89.95 
33.55 0 0.00000000 0.00000000 0.00 0.00 0.00 0.05 0.09 -0.00 0.01 -0.01 -0.00 93.01 95.41 89.97 
33.65 0 0.00000000 0.00000000 0.00 0.00 0.00 0.05 0.09 -0.00 0.00 -0.01 -0.00 92.97 95.42 89.95 
33.75 0 0.00000000 0.00000000 0.00 0.00 0.00 0.05 0.10 -0.00 0.01 -0.01 -0.00 92.97 95.50 89.97 
33.86 0 0.00000000 0.00000000 0.00 0.00 0.00 0.05 0.09 -0.01 0.00 -0.01 -0.00 92.90 95.43 89.96 
33.96 0 0.00000000 0.00000000 0.00 0.00 0.00 0.05 0.10 -0.02 0.01 -0.02 -0.00 93.08 95.46 89.99 
34.06 0 0.00000000 0.00000000 0.00 0.00 0.00 0.05 0.10 0.01 0.01 -0.01 -0.00 93.01 95.49 89.97 
34.16 0 0.00000000 0.00000000 0.00 0.00 0.00 0.05 0.09 -0.01 0.00 -0.01 -0.00 93.07 95.42 89.97 
34.26 0 0.00000000 0.00000000 0.00 0.00 0.00 0.05 0.10 -0.00 0.00 -0.01 0.00 92.95 95.49 90.01 
34.36 0 0.00000000 0.00000000 0.00 0.00 0.00 0.05 0.10 -0.01 0.01 -0.01 -0.00 93.05 95.49 89.96 
34.46 0 0.00000000 0.00000000 0.00 0.00 0.00 0.05 0.10 -0.00 0.00 -0.01 -0.00 93.00 95.61 90.00 
34.56 0 0.00000000 0.00000000 0.00 0.00 0.00 0.05 0.10 -0.01 0.01 -0.01 -0.00 92.95 95.56 89.98 
34.67 0 0.00000000 0.00000000 0.00 0.00 0.00 0.05 0.10 0.01 0.01 -0.01 -0.00 92.89 95.53 90.00 
34.77 0 0.00000000 0.00000000 0.00 0.00 0.00 0.05 0.10 -0.01 0.00 -0.01 -0.00 92.91 95.51 89.96 
34.87 0 0.00000000 0.00000000 0.00 0.00 0.00 0.05 0.09 0.02 0.01 -0.01 -0.00 93.04 95.38 89.98 
34.97 0 0.00000000 0.00000000 0.00 0.00 0.00 0.05 0.10 -0.01 0.01 -0.01 -0.00 92.99 95.47 89.98 
35.07 0 0.00000000 0.00000000 0.00 0.00 0.00 0.05 0.10 -0.02 0.00 -0.01 -0.00 92.96 95.51 89.99 
35.17 0 0.00000000 0.00000000 0.00 0.00 0.00 0.05 0.09 0.02 0.01 -0.01 -0.00 92.95 95.40 89.96 
35.27 0 0.00000000 0.00000000 0.00 0.00 0.00 0.05 0.09 0.01 0.00 -0.01 -0.00 92.84 95.42 89.97 
35.38 0 0.00000000 0.00000000 0.00 0.00 0.00 0.05 0.10 0.00 0.01 -0.01 -0.00 92.95 95.49 89.98 
35.48 0 0.00000000 0.00000000 0.00 0.00 0.00 0.05 0.10 0.00 0.01 -0.01 -0.00 92.88 95.47 89.95 
35.58 0 0.00000000 0.00000000 0.00 0.00 0.00 0.05 0.10 -0.00 0.00 -0.01 0.00 93.00 95.55 90.00 
35.68 0 0.00000000 0.00000000 0.00 0.00 0.00 0.05 0.10 0.02 0.01 -0.01 -0.00 92.95 95.49 89.96 
35.78 0 0.00000000 0.00000000 0.00 0.00 0.00 0.05 0.10 0.01 0.01 -0.01 -0.00 92.97 95.45 89.99 
35.88 0 0.00000000 0.00000000 0.00 0.00 0.00 0.05 0.10 -0.02 0.01 -0.01 -0.00 92.92 95.46 89.98 
35.98 0 0.00000000 0.00000000 0.00 0.00 0.00 0.05 0.09 0.00 0.01 -0.02 -0.00 92.95 95.39 89.96 
36.08 0 0.00000000 0.00000000 0.00 0.00 0.00 0.05 0.09 -0.00 0.01 -0.01 -0.00 93.06 95.42 89.98 
36.18 0 0.00000000 0.00000000 0.00 0.00 0.00 0.05 0.10 0.01 0.00 -0.01 -0.00 93.10 95.55 89.95 
36.28 0 0.00000000 0.00000000 0.00 0.00 0.00 0.05 0.10 0.02 0.01 -0.01 -0.00 92.98 95.49 89.98 
36.38 0 0.00000000 0.00000000 0.00 0.00 0.00 0.05 0.09 0.01 0.01 -0.01 0.00 92.91 95.36 89.99 
36.48 0 0.00000000 0.00000000 0.00 0.00 0.00 0.05 0.10 -0.02 0.00 -0.01 -0.00 92.95 95.46 89.99 
36.59 0 0.00000000 0.00000000 0.00 0.00 0.00 0.05 0.10 -0.00 0.01 -0.01 -0.00 92.84 95.51 89.99 
36.69 0 0.00000000 0.00000000 0.00 0.00 0.00 0.05 0.10 -0.01 0.00 -0.01 -0.00 92.80 95.48 89.98 
36.79 0 0.00000000 0.00000000 0.00 0.00 0.00 0.05 0.09 0.01 0.00 -0.02 -0.00 92.84 95.40 89.98 
36.89 0 0.00000000 0.00000000 0.00 0.00 0.00 0.05 0.09 -0.00 0.01 -0.02 -0.00 93.01 95.34 89.95 
36.99 0 0.00000000 0.00000000 0.00 0.00 0.00 0.05 0.10 0.00 0.01 -0.01 -0.00 92.95 95.50 90.00 
37.09 0 0.00000000 0.00000000 0.00 0.00 0.00 0.05 0.09 0.01 0.01 -0.01 -0.00 92.98 95.40 89.99 
37.19 0 0.00000000 0.00000000 0.00 0.00 0.00 0.05 0.10 -0.01 0.01 -0.01 0.00 93.02 95.46 90.01 
37.29 0 0.00000000 0.00000000 0.00 0.00 0.00 0.05 0.09 0.00 0.00 -0.01 -0.00 93.05 95.42 89.98 
37.39 0 0.00000000 0.00000000 0.00 0.00 0.00 0.05 0.10 0.00 0.01 -0.01 -0.00 92.82 95.54 89.97 
37.49 0 0.00000000 0.00000000 0.00 0.00 0.00 0.05 0.10 -0.01 0.01 -0.01 0.00 93.01 95.53 90.01 
37.60 0 0.00000000 0.00000000 0.00 0.00 0.00 0.05 0.09 -0.00 0.01 -0.01 -0.00 93.04 95.48 89.94 
37.73 0 0.00000000 0.00000000 0.00 0.00 0.00 0.05 0.09 0.00 0.01 -0.01 0.00 92.96 95.40 90.01 
37.88 0 0.00000000 0.00000000 0.00 0.00 0.00 0.05 0.09 0.01 0.01 -0.01 -0.00 92.94 95.42 89.96 
38.01 0 0.00000000 0.00000000 0.00 0.00 0.00 0.05 0.09 0.01 0.01 -0.01 -0.00 92.93 95.43 89.96 
38.15 0 0.00000000 0.00000000 0.00 0.00 0.00 0.05 0.09 0.00 0.01 -0.01 -0.00 92.93 95.42 89.98 
38.25 0 0.00000000 0.00000000 0.00 0.00 0.00 0.05 0.09 0.01 0.00 -0.01 -0.00 92.92 95.43 89.98 
38.36 0 0.00000000 0.00000000 0.00 0.00 0.00 0.05 0.09 0.04 0.01 -0.01 -0.00 93.01 95.42 89.98 
38.46 0 0.00000000 0.00000000 0.00 0.00 0.00 0.05 0.10 -0.01 0.00 -0.01 -0.00 92.80 95.48 89.98 
38.56 0 0.00000000 0.00000000 0.00 0.00 0.00 0.05 0.10 -0.00 0.01 -0.01 0.00 92.84 95.52 90.03 
38.66 0 0.00000000 0.00000000 0.00 0.00 0.00 0.05 0.10 -0.01 0.00 -0.02 -0.00 92.92 95.48 89.97 
38.76 0 0.00000000 0.00000000 0.00 0.00 0.00 0.05 0.10 -0.00 0.00 -0.01 -0.00 92.91 95.49 89.99 
38.86 0 0.00000000 0.00000000 0.00 0.00 0.00 0.05 0.10 0.01 0.01 -0.01 -0.00 93.01 95.49 89.99 
38.96 0 0.00000000 0.00000000 0.00 0.00 0.00 0.05 0.10 -0.01 0.01 -0.01 -0.00 92.99 95.45 90.00 
39.06 0 0.00000000 0.00000000 0.00 0.00 0.00 0.05 0.09 -0.01 0.00 -0.01 0.00 93.06 95.36 90.01 
39.17 0 0.00000000 0.00000000 0.00 0.00 0.00 0.05 0.09 -0.00 0.01 -0.01 -0.00 92.93 95.38 90.00 
39.27 0 0.00000000 0.00000000 0.00 0.00 0.00 0.05 0.10 0.01 0.00 -0.01 0.00 92.98 95.49 90.00 
39.37 0 0.00000000 0.00000000 0.00 0.00 0.00 0.05 0.10 -0.01 0.00 -0.01 -0.00 92.95 95.51 90.00 
39.47 0 0.00000000 0.00000000 0.00 0.00 0.00 0.05 0.09 0.01 0.00 -0.01 -0.00 92.92 95.44 89.98 
39.57 0 0.00000000 0.00000000 0.00 0.00 0.00 0.05 0.10 0.01 0.01 -0.02 -0.00 93.04 95.45 89.98 
39.67 0 0.00000000 0.00000000 0.00 0.00 0.00 0.05 0.09 0.01 0.01 -0.01 -0.00 92.97 95.41 89.99 
39.77 0 0.00000000 0.00000000 0.00 0.00 0.00 0.05 0.09 -0.02 0.00 -0.02 0.00 92.96 95.41 90.01 
39.87 0 0.00000000 0.00000000 0.00 0.00 0.00 0.05 0.09 -0.00 0.01 -0.01 -0.00 92.91 95.43 89.97 
39.97 0 0.00000000 0.00000000 0.00 0.00 0.00 0.05 0.10 0.00 0.01 -0.01 -0.00 93.00 95.45 89.98 
40.07 0 0.00000000 0.00000000 0.00 0.00 0.00 0.05 0.10 0.01 0.01 -0.02 -0.00 92.91 95.45 89.98 
40.18 0 0.00000000 0.00000000 0.00 0.00 0.00 0.05 0.10 -0.01 0.01 -0.01 -0.00 92.95 95.53 89.95 
40.28 0 0.00000000 0.00000000 0.00 0.00 0.00 0.05 0.10 -0.01 0.01 -0.01 -0.00 92.94 95.50 89.97 
40.38 0 0.00000000 0.00000000 0.00 0.00 0.00 0.05 0.10 0.01 0.01 -0.01 0.00 92.97 95.55 90.01 
40.48 0 0.00000000 0.00000000 0.00 0.00 0.00 0.05 0.10 -0.00 0.01 -0.01 -0.00 92.92 95.60 89.98 
40.58 0 0.00000000 0.00000000 0.00 0.00 0.00 0.05 0.10 0.12 0.00 -0.01 -0.00 93.01 95.54 90.00 
40.68 0 0.00000000 0.00000000 0.00 0.00 0.00 0.05 0.10 -0.01 0.00 -0.01 0.00 92.98 95.49 90.00 
40.78 0 0.00000000 0.00000000 0.00 0.00 0.00 0.05 0.09 -0.00 0.01 -0.01 -0.00 92.95 95.39 89.99 
40.88 0 0.00000000 0.00000000 0.00 0.00 0.00 0.05 0.10 -0.00 0.00 -0.01 -0.00 93.04 95.48 89.99 
40.98 0 0.00000000 0.00000000 0.00 0.00 0.00 0.05 0.10 0.02 0.01 -0.01 -0.00 93.08 95.48 89.97 
41.08 0 0.00000000 0.00000000 0.00 0.00 0.00 0.05 0.10 0.00 0.01 -0.01 -0.00 93.08 95.48 89.98 
41.18 0 0.00000000 0.00000000 0.00 0.00 0.00 0.05 0.09 0.01 0.01 -0.01 -0.00 92.96 95.42 89.97 
41.28 0 0.00000000 0.00000000 0.00 0.00 0.00 0.05 0.10 0.01 0.01 -0.01 -0.00 92.97 95.48 89.97 
41.38 0 0.00000000 0.00000000 0.00 0.00 0.00 0.05 0.09 -0.00 0.01 -0.01 0.00 92.93 95.43 90.00 
41.48 0 0.00000000 0.00000000 0.00 0.00 0.00 0.05 0.09 0.01 0.01 -0.01 0.00 92.97 95.40 89.99 
41.58 0 0.00000000 0.00000000 0.00 0.00 0.00 0.05 0.09 0.01 0.01 -0.02 -0.00 93.00 95.38 89.99 
41.69 0 0.00000000 0.00000000 0.00 0.00 0.00 0.05 0.09 0.02 0.01 -0.01 -0.00 92.89 95.43 89.98 
41.79 0 0.00000000 0.00000000 0.00 0.00 0.00 0.05 0.10 0.02 0.00 -0.01 0.00 92.92 95.46 90.01 
41.89 0 0.00000000 0.00000000 0.00 0.00 0.00 0.05 0.10 0.01 -0.00 -0.01 -0.00 93.01 95.50 89.99 
41.99 0 0.00000000 0.00000000 0.00 0.00 0.00 0.05 0.09 -0.01 0.01 -0.02 0.00 92.98 95.42 90.01 
42.09 0 0.00000000 0.00000000 0.00 0.00 0.00 0.05 0.09 -0.00 0.00 -0.02 -0.00 92.89 95.43 89.97 
42.19 0 0.00000000 0.00000000 0.00 0.00 0.00 0.05 0.09 0.00 0.00 -0.01 -0.00 93.01 95.35 89.98 
42.29 0 0.00000000 0.00000000 0.00 0.00 0.00 0.05 0.09 0.02 0.00 -0.02 -0.00 92.95 95.44 89.98 
42.39 0 0.00000000 0.00000000 0.00 0.00 0.00 0.05 0.10 -0.00 0.01 -0.01 -0.00 92.98 95.46 89.98 
42.49 0 0.00000000 0.00000000 0.00 0.00 0.00 0.05 0.10 0.00 0.01 -0.01 -0.00 92.94 95.51 89.99 
42.59 0 0.00000000 0.00000000 0.00 0.00 0.00 0.05 0.09 -0.00 0.01 -0.01 0.00 92.99 95.43 90.02 
42.69 0 0.00000000 0.00000000 0.00 0.00 0.00 0.05 0.10 -0.00 0.01 -0.02 -0.00 92.99 95.47 90.00 
42.79 0 0.00000000 0.00000000 0.00 0.00 0.00 0.05 0.10 0.00 0.01 -0.01 -0.00 92.95 95.50 89.98 
42.89 0 0.00000000 0.00000000 0.00 0.00 0.00 0.05 0.10 -0.00 0.01 -0.01 0.00 92.96 95.51 90.00 
42.99 0 0.00000000 0.00000000 0.00 0.00 0.00 0.05 0.10 -0.00 0.00 -0.00 -0.00 92.94 95.45 89.99 
43.10 0 0.00000000 0.00000000 0.00 0.00 0.00 0.05 0.09 0.01 0.00 -0.02 -0.00 92.98 95.41 89.99 
43.20 0 0.00000000 0.00000000 0.00 0.00 0.00 0.05 0.10 0.00 0.00 -0.01 0.00 92.93 95.51 90.01 
43.30 0 0.00000000 0.00000000 0.00 0.00 0.00 0.05 0.09 0.00 0.01 -0.02 -0.00 92.94 95.42 89.96 
43.40 0 0.00000000 0.00000000 0.00 0.00 0.00 0.05 0.10 -0.01 0.01 -0.01 -0.00 92.99 95.47 89.99 
43.50 0 0.00000000 0.00000000 0.00 0.00 0.00 0.05 0.09 0.01 0.00 -0.01 -0.00 93.03 95.33 89.97 
43.60 0 0.00000000 0.00000000 0.00 0.00 0.00 0.05 0.09 0.02 0.01 -0.01 -0.00 92.94 95.35 89.99 
43.70 0 0.00000000 0.00000000 0.00 0.00 0.00 0.05 0.09 0.00 0.00 -0.01 -0.00 92.93 95.41 89.97 
43.80 0 0.00000000 0.00000000 0.00 0.00 0.00 0.05 0.10 0.00 0.00 -0.01 0.00 92.92 95.47 89.98 
43.90 0 0.00000000 0.00000000 0.00 0.00 0.00 0.05 0.10 0.00 0.01 -0.01 -0.00 93.00 95.51 89.97 
44.00 0 0.00000000 0.00000000 0.00 0.00 0.00 0.05 0.10 -0.02 0.00 -0.01 0.00 92.91 95.45 90.01 
44.11 0 0.00000000 0.00000000 0.00 0.00 0.00 0.05 0.10 0.00 0.00 -0.01 -0.00 92.95 95.58 90.00 
44.21 0 0.00000000 0.00000000 0.00 0.00 0.00 0.05 0.10 0.00 0.00 -0.01 -0.00 93.03 95.54 89.96 
44.31 0 0.00000000 0.00000000 0.00 0.00 0.00 0.05 0.10 0.01 0.01 -0.01 -0.00 93.02 95.50 89.99 
44.41 0 0.00000000 0.00000000 0.00 0.00 0.00 0.05 0.10 -0.00 0.01 -0.01 -0.00 92.99 95.50 89.97 
44.51 0 0.00000000 0.00000000 0.00 0.00 0.00 0.05 0.10 0.00 -0.00 -0.01 -0.00 93.07 95.53 89.99 
44.61 0 0.00000000 0.00000000 0.00 0.00 0.00 0.05 0.09 0.01 0.01 -0.01 -0.00 93.01 95.43 89.96 
44.71 0 0.00000000 0.00000000 0.00 0.00 0.00 0.05 0.09 0.02 -0.00 -0.02 0.00 92.96 95.41 90.00 
44.81 0 0.00000000 0.00000000 0.00 0.00 0.00 0.05 0.09 -0.01 0.01 -0.01 -0.00 92.94 95.40 89.99 
44.91 0 0.00000000 0.00000000 0.00 0.00 0.00 0.05 0.10 -0.01 0.01 -0.02 -0.00 93.03 95.55 89.97 
45.01 0 0.00000000 0.00000000 0.00 0.00 0.00 0.05 0.10 -0.01 0.00 -0.01 0.00 93.06 95.52 90.00 
45.11 0 0.00000000 0.00000000 0.00 0.00 0.00 0.05 0.10 0.00 0.00 -0.01 0.00 92.97 95.56 90.00 
45.21 0 0.00000000 0.00000000 0.00 0.00 0.00 0.05 0.10 0.01 0.00 -0.01 -0.00 92.87 95.50 89.99 
45.31 0 0.00000000 0.00000000 0.00 0.00 0.00 0.05 0.10 0.01 0.01 -0.01 -0.00 92.97 95.61 89.99 
45.41 0 0.00000000 0.00000000 0.00 0.00 0.00 0.05 0.10 -0.00 0.01 -0.01 -0.00 92.95 95.46 89.97 
45.52 0 0.00000000 0.00000000 0.00 0.00 0.00 0.05 0.09 -0.01 0.01 -0.01 -0.00 92.94 95.41 89.98 
45.62 0 0.00000000 0.00000000 0.00 0.00 0.00 0.05 0.09 -0.00 0.00 -0.01 -0.00 93.01 95.41 89.99 
45.72 0 0.00000000 0.00000000 0.00 0.00 0.00 0.05 0.09 0.00 0.01 -0.01 -0.00 92.98 95.43 89.99 
45.82 0 0.00000000 0.00000000 0.00 0.00 0.00 0.05 0.10 -0.00 0.01 -0.01 0.00 92.83 95.45 89.97 
45.92 0 0.00000000 0.00000000 0.00 0.00 0.00 0.05 0.09 0.00 0.01 -0.01 -0.00 92.93 95.40 89.97 
46.02 0 0.00000000 0.00000000 0.00 0.00 0.00 0.05 0.10 -0.01 0.00 -0.01 -0.00 93.04 95.47 89.98 
46.12 0 0.00000000 0.00000000 0.00 0.00 0.00 0.05 0.10 -0.01 0.01 -0.01 0.00 93.06 95.55 90.01 
46.22 0 0.00000000 0.00000000 0.00 0.00 0.00 0.05 0.10 0.01 0.00 -0.02 0.00 93.02 95.49 90.01 
46.32 0 0.00000000 0.00000000 0.00 0.00 0.00 0.05 0.10 -0.00 0.01 -0.01 -0.00 93.05 95.51 89.98 
46.42 0 0.00000000 0.00000000 0.00 0.00 0.00 0.05 0.09 0.01 0.01 -0.01 -0.00 92.95 95.43 89.99 
46.52 0 0.00000000 0.00000000 0.00 0.00 0.00 0.05 0.09 0.01 0.01 -0.01 -0.00 92.99 95.36 89.99 
46.62 0 0.00000000 0.00000000 0.00 0.00 0.00 0.05 0.10 -0.01 0.01 -0.01 -0.00 93.14 95.45 89.99 
46.72 0 0.00000000 0.00000000 0.00 0.00 0.00 0.05 0.10 0.00 0.01 -0.01 -0.00 93.06 95.50 89.98 
46.82 0 0.00000000 0.00000000 0.00 0.00 0.00 0.05 0.09 -0.01 0.01 -0.01 -0.00 93.07 95.42 89.97 
46.93 0 0.00000000 0.00000000 0.00 0.00 0.00 0.05 0.10 -0.00 0.01 -0.01 0.00 92.93 95.45 90.01 
47.03 0 0.00000000 0.00000000 0.00 0.00 0.00 0.05 0.09 0.01 0.01 -0.01 -0.00 92.95 95.43 89.97 
47.13 0 0.00000000 0.00000000 0.00 0.00 0.00 0.05 0.09 -0.00 0.01 -0.01 -0.00 92.97 95.39 89.96 
47.23 0 0.00000000 0.00000000 0.00 0.00 0.00 0.05 0.09 0.01 0.01 -0.00 -0.00 93.06 95.30 89.98 
47.33 0 0.00000000 0.00000000 0.00 0.00 0.00 0.05 0.10 0.00 0.00 -0.01 -0.00 93.05 95.44 89.99 
47.43 0 0.00000000 0.00000000 0.00 0.00 0.00 0.05 0.09 -0.01 0.01 -0.01 0.00 92.99 95.43 90.00 
47.53 0 0.00000000 0.00000000 0.00 0.00 0.00 0.05 0.10 -0.00 0.01 -0.01 -0.00 93.02 95.44 89.96 
47.63 0 0.00000000 0.00000000 0.00 0.00 0.00 0.05 0.09 -0.00 0.01 -0.01 -0.00 93.07 95.41 89.99 
47.73 0 0.00000000 0.00000000 0.00 0.00 0.00 0.05 0.09 -0.01 0.01 -0.01 -0.00 92.99 95.40 89.99 
47.83 0 0.00000000 0.00000000 0.00 0.00 0.00 0.05 0.10 -0.01 0.01 -0.01 0.00 93.01 95.55 90.00 
47.93 0 0.00000000 0.00000000 0.00 0.00 0.00 0.05 0.09 -0.01 0.01 -0.02 -0.00 92.94 95.40 89.97 
48.03 0 0.00000000 0.00000000 0.00 0.00 0.00 0.05 0.10 0.00 0.00 -0.01 0.00 92.98 95.55 90.51 
48.13 0 0.00000000 0.00000000 0.00 0.00 0.00 0.05 0.10 0.02 0.00 -0.01 -0.00 92.93 95.51 89.99 
48.23 0 0.00000000 0.00000000 0.00 0.00 0.00 0.05 0.10 -0.00 0.01 -0.01 -0.00 92.98 95.54 89.98 
48.33 0 0.00000000 0.00000000 0.00 0.00 0.00 0.05 0.10 0.01 0.00 -0.01 -0.00 93.03 95.45 89.98 
48.44 0 0.00000000 0.00000000 0.00 0.00 0.00 0.05 0.10 0.01 0.01 -0.01 -0.00 92.95 95.56 89.96 
48.54 0 0.00000000 0.00000000 0.00 0.00 0.00 0.05 0.10 0.01 0.00 -0.01 0.00 93.00 95.50 90.00 
48.64 0 0.00000000 0.00000000 0.00 0.00 0.00 0.05 0.10 0.01 0.01 -0.01 -0.00 93.01 95.56 89.99 
48.75 0 0.00000000 0.00000000 0.00 0.00 0.00 0.05 0.10 -0.00 0.00 -0.00 -0.00 92.89 95.41 90.00 
48.85 0 0.00000000 0.00000000 0.00 0.00 0.00 0.05 0.10 0.01 0.01 -0.01 -0.00 93.00 95.50 89.99 
48.95 0 0.00000000 0.00000000 0.00 0.00 0.00 0.05 0.10 0.01 0.00 -0.01 -0.00 92.95 95.48 89.98 
49.05 0 0.00000000 0.00000000 0.00 0.00 0.00 0.05 0.10 0.01 0.01 -0.01 -0.00 92.85 95.47 89.97 
49.15 0 0.00000000 0.00000000 0.00 0.00 0.00 0.05 0.10 0.01 0.00 -0.01 -0.00 92.92 95.47 89.99 
49.25 0 0.00000000 0.00000000 0.00 0.00 0.00 0.05 0.09 -0.00 0.00 -0.01 0.00 92.83 95.43 90.02 
49.35 0 0.00000000 0.00000000 0.00 0.00 0.00 0.05 0.09 0.00 0.01 -0.01 -0.00 92.93 95.36 89.98 
49.45 0 0.00000000 0.00000000 0.00 0.00 0.00 0.05 0.10 0.01 0.01 -0.01 -0.00 93.03 95.56 89.98 
49.55 0 0.00000000 0.00000000 0.00 0.00 0.00 0.05 0.10 -0.01 -0.00 -0.02 -0.00 93.04 95.52 89.98 
49.65 0 0.00000000 0.00000000 0.00 0.00 0.00 0.05 0.10 -0.01 0.01 -0.01 0.00 92.99 95.52 90.00 
49.75 0 0.00000000 0.00000000 0.00 0.00 0.00 0.05 0.10 0.00 0.01 -0.02 -0.00 93.04 95.55 89.99 
49.86 0 0.00000000 0.00000000 0.00 0.00 0.00 0.05 0.10 -0.01 -0.00 -0.01 -0.00 92.92 95.48 90.00 
49.96 0 0.00000000 0.00000000 0.00 0.00 0.00 0.05 0.10 -0.01 0.01 -0.01 -0.00 92.94 95.49 89.98 
50.06 0 0.00000000 0.00000000 0.00 0.00 0.00 0.05 0.10 -0.01 0.01 -0.01 -0.00 92.92 95.55 89.98 
50.16 0 0.00000000 0.00000000 0.00 0.00 0.00 0.05 0.10 -0.00 0.01 -0.01 0.00 92.94 95.57 90.02 
50.26 0 0.00000000 0.00000000 0.00 0.00 0.00 0.05 0.09 0.02 0.01 -0.01 -0.00 92.90 95.37 89.98 
50.36 0 0.00000000 0.00000000 0.00 0.00 0.00 0.05 0.09 0.00 0.01 -0.01 -0.00 92.98 95.33 89.97 
50.46 0 0.00000000 0.00000000 0.00 0.00 0.00 0.05 0.10 -0.02 0.01 -0.01 -0.00 93.08 95.50 89.97 
50.56 0 0.00000000 0.00000000 0.00 0.00 0.00 0.05 0.10 0.01 0.01 -0.01 -0.00 93.13 95.57 89.97 
50.66 0 0.00000000 0.00000000 0.00 0.00 0.00 0.05 0.10 -0.01 0.01 -0.01 -0.00 93.03 95.51 90.00 
50.76 0 0.00000000 0.00000000 0.00 0.00 0.00 0.05 0.10 0.01 0.00 -0.01 -0.00 93.06 95.53 89.97 
50.86 0 0.00000000 0.00000000 0.00 0.00 0.00 0.05 0.10 0.00 0.01 -0.02 0.00 92.96 95.53 90.02 
50.96 0 0.00000000 0.00000000 0.00 0.00 0.00 0.05 0.10 0.00 0.01 -0.01 0.00 92.97 95.45 90.02 
51.06 0 0.00000000 0.00000000 0.00 0.00 0.00 0.05 0.10 0.02 0.01 -0.01 -0.00 93.03 95.52 90.00 
51.16 0 0.00000000 0.00000000 0.00 0.00 0.00 0.05 0.10 -0.00 0.00 -0.01 -0.00 93.05 95.54 89.97 
51.27 0 0.00000000 0.00000000 0.00 0.00 0.00 0.05 0.09 -0.01 0.01 -0.01 -0.00 92.93 95.42 89.98 
51.37 0 0.00000000 0.00000000 0.00 0.00 0.00 0.05 0.10 0.01 0.01 -0.01 -0.00 92.86 95.46 89.99 
51.47 0 0.00000000 0.00000000 0.00 0.00 0.00 0.05 0.10 0.02 0.00 -0.02 0.00 92.84 95.45 90.02 
51.57 0 0.00000000 0.00000000 0.00 0.00 0.00 0.05 0.10 0.02 0.00 -0.01 0.00 92.88 95.45 90.01 
51.67 0 0.00000000 0.00000000 0.00 0.00 0.00 0.05 0.10 0.00 0.00 -0.01 -0.00 92.98 95.54 89.99 
51.77 0 0.00000000 0.00000000 0.00 0.00 0.00 0.05 0.10 -0.01 0.01 -0.01 -0.00 92.95 95.57 89.97 
51.87 0 0.00000000 0.00000000 0.00 0.00 0.00 0.05 0.10 0.02 0.00 -0.02 -0.00 92.84 95.46 89.97 
51.97 0 0.00000000 0.00000000 0.00 0.00 0.00 0.05 0.10 0.01 0.01 -0.01 0.00 92.89 95.47 90.00 
52.07 0 0.00000000 0.00000000 0.00 0.00 0.00 0.05 0.09 0.00 0.01 -0.01 -0.00 92.88 95.39 90.00 
52.18 0 0.00000000 0.00000000 0.00 0.00 0.00 0.05 0.10 -0.00 0.01 -0.02 -0.00 92.92 95.48 89.98 
52.28 0 0.00000000 0.00000000 0.00 0.00 0.00 0.05 0.10 -0.00 0.00 -0.01 -0.00 92.92 95.44 89.99 
52.38 0 0.00000000 0.00000000 0.00 0.00 0.00 0.05 0.09 0.00 0.01 -0.01 -0.00 92.82 95.40 89.96 
52.48 0 0.00000000 0.00000000 0.00 0.00 0.00 0.05 0.09 0.02 0.00 -0.01 -0.00 92.97 95.31 89.98 
52.58 0 0.00000000 0.00000000 0.00 0.00 0.00 0.05 0.09 0.00 0.01 -0.01 -0.00 92.88 95.28 89.97 
52.68 0 0.00000000 0.00000000 0.00 0.00 0.00 0.05 0.09 -0.00 0.00 -0.01 -0.00 92.96 95.35 89.97 
52.78 0 0.00000000 0.00000000 0.00 0.00 0.00 0.05 0.09 0.00 0.01 -0.01 -0.00 92.94 95.44 89.97 
52.88 0 0.00000000 0.00000000 0.00 0.00 0.00 0.05 0.10 -0.00 0.01 -0.01 0.00 92.92 95.49 90.02 
52.98 0 0.00000000 0.00000000 0.00 0.00 0.00 0.05 0.10 -0.01 0.01 -0.01 -0.00 92.95 95.59 89.98 
53.08 0 0.00000000 0.00000000 0.00 0.00 0.00 0.05 0.10 0.01 0.01 -0.01 -0.00 93.05 95.46 90.00 
53.18 0 0.00000000 0.00000000 0.00 0.00 0.00 0.05 0.09 0.03 0.01 -0.01 -0.00 92.98 95.40 89.99 
53.28 0 0.00000000 0.00000000 0.00 0.00 0.00 0.05 0.10 -0.00 0.01 -0.01 0.00 92.96 95.58 90.00 
53.38 0 0.00000000 0.00000000 0.00 0.00 0.00 0.05 0.10 -0.01 0.01 -0.01 -0.00 92.96 95.51 90.00 
53.48 0 0.00000000 0.00000000 0.00 0.00 0.00 0.05 0.10 0.01 0.01 -0.01 0.00 92.98 95.47 90.02 
53.58 0 0.00000000 0.00000000 0.00 0.00 0.00 0.05 0.10 -0.01 0.01 -0.01 -0.00 93.02 95.49 89.96 
53.69 0 0.00000000 0.00000000 0.00 0.00 0.00 0.05 0.09 0.00 0.01 -0.01 0.00 93.00 95.40 90.01 
53.79 0 0.00000000 0.00000000 0.00 0.00 0.00 0.05 0.09 0.00 0.01 -0.01 -0.00 92.94 95.37 90.00 
53.89 0 0.00000000 0.00000000 0.00 0.00 0.00 0.05 0.10 -0.01 0.01 -0.01 0.00 93.10 95.51 90.02 
53.99 0 0.00000000 0.00000000 0.00 0.00 0.00 0.05 0.10 0.00 0.01 -0.01 -0.00 93.01 95.56 89.97 
54.09 0 0.00000000 0.00000000 0.00 0.00 0.00 0.05 0.09 -0.00 0.01 -0.01 -0.00 93.05 95.43 89.99 
54.19 0 0.00000000 0.00000000 0.00 0.00 0.00 0.05 0.09 0.01 -0.00 -0.01 -0.00 93.05 95.41 89.99 
54.29 0 0.00000000 0.00000000 0.00 0.00 0.00 0.05 0.10 0.00 0.00 -0.01 0.04 92.95 95.52 90.49 
54.39 0 0.00000000 0.00000000 0.00 0.00 0.00 0.05 0.10 -0.00 0.01 -0.01 -0.00 92.89 95.43 90.00 
54.49 0 0.00000000 0.00000000 0.00 0.00 0.00 0.05 0.10 0.01 0.01 -0.01 0.00 92.91 95.50 90.00 
54.59 0 0.00000000 0.00000000 0.00 0.00 0.00 0.05 0.10 -0.00 0.00 -0.01 -0.00 92.97 95.54 89.99 
54.69 0 0.00000000 0.00000000 0.00 0.00 0.00 0.05 0.10 -0.01 0.00 -0.01 -0.00 93.03 95.51 89.99 
54.79 0 0.00000000 0.00000000 0.00 0.00 0.00 0.05 0.10 0.02 0.01 -0.01 -0.00 92.89 95.59 90.00 
54.90 0 0.00000000 0.00000000 0.00 0.00 0.00 0.05 0.10 -0.01 0.01 -0.01 -0.00 92.91 95.54 90.04 
55.03 0 0.00000000 0.00000000 0.00 0.00 0.00 0.05 0.10 -0.01 0.01 -0.01 -0.00 93.00 95.60 89.99 
55.18 0 0.00000000 0.00000000 0.00 0.00 0.00 0.05 0.10 0.01 0.01 -0.01 0.00 93.04 95.62 90.02 
55.31 0 0.00000000 0.00000000 0.00 0.00 0.00 0.05 0.10 0.00 0.00 -0.01 -0.00 93.05 95.61 89.97 
55.45 0 0.00000000 0.00000000 0.00 0.00 0.00 0.05 0.10 0.01 0.01 -0.01 -0.00 93.03 95.56 89.99 
55.56 0 0.00000000 0.00000000 0.00 0.00 0.00 0.05 0.10 0.00 0.01 -0.01 0.00 92.97 95.56 90.02 
55.66 0 0.00000000 0.00000000 0.00 0.00 0.00 0.05 0.09 -0.03 0.01 -0.01 -0.00 92.93 95.39 89.97 
55.76 0 0.00000000 0.00000000 0.00 0.00 0.00 0.05 0.10 -0.01 0.01 -0.01 -0.00 92.94 95.61 89.98 
55.86 0 0.00000000 0.00000000 0.00 0.00 0.00 0.05 0.10 -0.01 0.00 -0.01 -0.00 92.90 95.59 90.00 
55.96 0 0.00000000 0.00000000 0.00 0.00 0.00 0.05 0.10 -0.00 0.01 -0.01 -0.00 92.99 95.49 89.98 
56.06 0 0.00000000 0.00000000 0.00 0.00 0.00 0.05 0.10 0.00 0.01 -0.01 -0.00 92.95 95.53 89.99 
56.16 0 0.00000000 0.00000000 0.00 0.00 0.00 0.05 0.10 -0.01 0.01 -0.01 0.00 92.86 95.46 90.01 
56.26 0 0.00000000 0.00000000 0.00 0.00 0.00 0.05 0.09 0.00 0.01 -0.01 0.00 92.97 95.43 90.01 
56.36 0 0.00000000 0.00000000 0.00 0.00 0.00 0.05 0.09 0.00 0.01 -0.01 -0.00 93.08 95.42 90.00 
56.46 0 0.00000000 0.00000000 0.00 0.00 0.00 0.05 0.09 -0.00 0.01 -0.02 -0.00 93.01 95.41 90.00 
56.56 0 0.00000000 0.00000000 0.00 0.00 0.00 0.05 0.10 -0.01 0.00 -0.01 0.00 92.92 95.53 90.00 
56.66 0 0.00000000 0.00000000 0.00 0.00 0.00 0.05 0.10 0.01 0.01 -0.01 -0.00 92.96 95.45 89.97 
56.76 0 0.00000000 0.00000000 0.00 0.00 0.00 0.05 0.10 0.00 0.01 -0.01 -0.00 93.03 95.47 89.96 
56.86 0 0.00000000 0.00000000 0.00 0.00 0.00 0.05 0.10 0.00 0.02 -0.01 -0.00 92.98 95.48 89.99 
56.96 0 0.00000000 0.00000000 0.00 0.00 0.00 0.05 0.09 0.01 0.01 -0.01 0.00 93.00 95.42 90.01 
57.06 0 0.00000000 0.00000000 0.00 0.00 0.00 0.05 0.10 0.01 -0.00 -0.01 -0.04 92.93 95.45 89.50 
57.16 0 0.00000000 0.00000000 0.00 0.00 0.00 0.05 0.10 0.01 0.01 -0.01 0.00 92.84 95.60 90.00 
57.27 0 0.00000000 0.00000000 0.00 0.00 0.00 0.05 0.09 0.00 0.01 -0.01 -0.00 93.01 95.39 89.98 
57.37 0 0.00000000 0.00000000 0.00 0.00 0.00 0.05 0.09 -0.00 0.00 -0.01 0.00 92.98 95.41 90.00 
57.47 0 0.00000000 0.00000000 0.00 0.00 0.00 0.05 0.10 -0.01 0.01 -0.01 -0.00 92.91 95.54 89.96 
57.57 0 0.00000000 0.00000000 0.00 0.00 0.00 0.05 0.10 -0.01 0.00 -0.01 -0.00 93.05 95.60 89.99 
57.67 0 0.00000000 0.00000000 0.00 0.00 0.00 0.05 0.10 -0.01 0.01 -0.02 -0.00 93.01 95.48 89.97 
57.77 0 0.00000000 0.00000000 0.00 0.00 0.00 0.05 0.10 0.01 0.00 -0.01 -0.00 92.99 95.46 90.00 
57.87 0 0.00000000 0.00000000 0.00 0.00 0.00 0.05 0.10 -0.00 0.01 -0.01 0.00 93.06 95.50 90.01 
57.97 0 0.00000000 0.00000000 0.00 0.00 0.00 0.05 0.10 -0.00 0.01 -0.01 -0.00 93.03 95.56 89.99 
58.07 0 0.00000000 0.00000000 0.00 0.00 0.00 0.05 0.10 -0.02 0.00 -0.02 -0.00 93.05 95.45 89.99 
58.17 0 0.00000000 0.00000000 0.00 0.00 0.00 0.05 0.09 0.00 0.01 -0.01 -0.00 92.96 95.37 89.96 
58.27 0 0.00000000 0.00000000 0.00 0.00 0.00 0.05 0.09 0.00 0.01 -0.01 -0.00 93.11 95.37 89.98 
58.37 0 0.00000000 0.00000000 0.00 0.00 0.00 0.05 0.09 -0.00 0.01 -0.01 0.00 93.06 95.44 90.00 
58.47 0 0.00000000 0.00000000 0.00 0.00 0.00 0.05 0.10 0.01 0.01 -0.01 -0.00 92.99 95.46 90.00 
58.57 0 0.00000000 0.00000000 0.00 0.00 0.00 0.05 0.09 0.01 0.01 -0.01 -0.00 92.85 95.39 89.98 
58.67 0 0.00000000 0.00000000 0.00 0.00 0.00 0.05 0.09 -0.00 0.00 -0.01 0.00 92.79 95.42 90.00 
58.78 0 0.00000000 0.00000000 0.00 0.00 0.00 0.05 0.10 0.02 0.01 -0.01 0.00 92.89 95.45 90.02 
58.88 0 0.00000000 0.00000000 0.00 0.00 0.00 0.05 0.10 0.00 0.01 -0.02 -0.00 92.87 95.52 89.99 
58.98 0 0.00000000 0.00000000 0.00 0.00 0.00 0.05 0.10 -0.01 0.01 -0.01 0.00 92.90 95.52 90.01 
59.08 0 0.00000000 0.00000000 0.00 0.00 0.00 0.05 0.10 0.01 0.01 -0.01 -0.00 92.93 95.46 89.98 
59.18 0 0.00000000 0.00000000 0.00 0.00 0.00 0.05 0.09 0.01 0.00 -0.01 -0.00 93.02 95.39 89.99 
59.28 0 0.00000000 0.00000000 0.00 0.00 0.00 0.05 0.09 0.02 0.00 -0.01 0.00 93.02 95.44 90.00 
59.38 0 0.00000000 0.00000000 0.00 0.00 0.00 0.05 0.10 0.01 0.00 -0.01 -0.00 93.08 95.46 89.99 
59.48 0 0.00000000 0.00000000 0.00 0.00 0.00 0.05 0.09 -0.01 0.01 -0.01 -0.00 93.04 95.42 89.99 
59.58 0 0.00000000 0.00000000 0.00 0.00 0.00 0.05 0.09 -0.00 0.00 -0.01 0.00 92.93 95.44 90.01 
59.68 0 0.00000000 0.00000000 0.00 0.00 0.00 0.05 0.09 0.01 0.00 -0.01 -0.00 92.82 95.37 89.98 
59.78 0 0.00000000 0.00000000 0.00 0.00 0.00 0.06 0.09 -0.00 0.01 -0.01 -0.00 93.16 95.43 89.99 
59.89 0 0.00000000 0.00000000 0.00 0.00 0.00 0.05 0.10 0.00 0.01 -0.01 0.00 93.01 95.47 90.00 
59.99 0 0.00000000 0.00000000 0.00 0.00 0.00 0.05 0.10 0.01 0.01 -0.01 0.00 92.96 95.50 90.00 
60.09 0 0.00000000 0.00000000 0.00 0.00 0.00 0.05 0.10 0.01 0.01 -0.01 -0.00 93.11 95.52 89.99 
60.19 0 0.00000000 0.00000000 0.00 0.00 0.00 0.05 0.10 -0.02 0.01 -0.02 -0.00 92.96 95.49 89.96 
