1.71 0 0.00000000 0.00000000 0.00 0.00 0.00 0.04 0.03 -0.05 0.01 -0.01 0.01 92.49 91.52 90.08 
1.91 0 0.00000000 0.00000000 0.00 0.00 0.00 0.05 0.03 -0.04 0.01 -0.01 0.00 92.58 91.69 90.03 
2.01 0 0.00000000 0.00000000 0.00 0.00 0.00 0.05 0.04 -0.01 0.01 -0.01 0.00 93.00 92.01 90.02 
2.11 0 0.00000000 0.00000000 0.00 0.00 0.00 0.05 0.04 -0.00 0.01 -0.01 0.00 93.10 92.02 90.06 
2.21 0 0.00000000 0.00000000 0.00 0.00 0.00 0.06 0.03 -0.01 0.00 -0.01 0.00 93.17 91.93 90.06 
2.31 0 0.00000000 0.00000000 0.00 0.00 0.00 0.06 0.04 -0.02 0.02 -0.01 0.00 93.18 92.17 90.05 
2.41 0 0.00000000 0.00000000 0.00 0.00 0.00 0.06 0.04 0.01 0.01 -0.01 0.00 93.25 92.21 90.02 
2.51 0 0.00000000 0.00000000 0.00 0.00 0.00 0.06 0.04 -0.00 0.02 -0.01 -0.00 93.26 92.21 89.99 
2.61 1 30.70826339 -88.16121673 0.34 190.05 0.00 0.06 0.04 0.01 0.01 -0.01 0.00 93.29 92.16 90.04 
2.71 1 30.70826339 -88.16121673 0.34 190.05 0.00 0.06 0.04 -0.27 0.01 -0.01 0.00 93.25 92.02 90.03 
2.81 1 30.70826339 -88.16121673 0.34 190.05 0.00 0.06 0.04 -0.01 0.00 -0.01 0.00 93.27 92.04 90.06 
2.92 1 30.70826339 -88.16121673 0.34 190.05 0.00 0.06 0.04 0.01 0.01 -0.01 0.00 93.20 92.01 90.05 
3.02 1 30.70826339 -88.16121673 0.34 190.05 0.00 0.05 0.03 -0.01 0.02 -0.01 0.00 93.13 91.99 90.01 
3.12 1 30.70826339 -88.16121673 0.34 190.05 0.00 0.06 0.04 -0.01 0.01 -0.01 0.00 93.25 92.14 90.03 
3.22 1 30.70826339 -88.16121673 0.34 190.05 0.00 0.06 0.04 0.00 0.01 -0.01 0.00 93.25 92.14 90.02 
3.32 1 30.70826339 -88.16121673 0.34 190.05 0.00 0.06 0.03 0.00 0.01 -0.01 0.00 93.23 91.97 90.06 
3.42 1 30.70826339 -88.16121673 0.34 190.05 0.00 0.06 0.03 -0.01 0.01 -0.01 0.00 93.22 92.00 90.05 
3.52 1 30.70825958 -88.16121673 0.34 190.05 48.60 0.06 0.04 -0.00 0.01 -0.01 0.00 93.31 92.04 90.04 
3.62 1 30.70825958 -88.16121673 0.35 204.36 48.60 0.06 0.04 0.00 0.02 -0.01 0.00 93.26 92.11 90.05 
3.73 1 30.70825958 -88.16121673 0.35 204.36 48.60 0.06 0.04 -0.00 0.01 -0.01 0.00 93.20 92.04 90.03 
3.83 1 30.70825958 -88.16121673 0.35 204.36 48.60 0.06 0.04 0.00 0.01 -0.01 0.00 93.26 92.07 90.02 
3.93 1 30.70825958 -88.16121673 0.35 204.36 48.60 0.05 0.04 0.00 0.02 -0.01 0.00 93.14 92.18 90.04 
4.03 1 30.70825958 -88.16121673 0.35 204.36 48.60 0.06 0.04 -0.02 0.01 -0.01 0.00 93.15 92.18 90.04 
4.13 1 30.70825958 -88.16121673 0.35 204.36 48.60 0.06 0.04 0.02 0.01 -0.01 0.00 93.29 92.06 90.06 
4.23 1 30.70825958 -88.16121673 0.35 204.36 48.60 0.06 0.04 0.01 0.01 -0.01 0.01 93.34 92.11 90.08 
4.33 1 30.70825958 -88.16121673 0.35 204.36 48.60 0.06 0.04 -0.01 0.01 -0.01 0.00 93.24 92.06 90.04 
4.43 1 30.70825958 -88.16121673 0.35 204.36 48.60 0.06 0.04 -0.02 0.02 -0.00 0.00 93.25 92.04 90.05 
4.53 1 30.70825958 -88.16121673 0.35 204.36 48.60 0.05 0.04 -0.03 0.01 -0.01 0.00 93.05 92.09 90.06 
4.64 1 30.70825958 -88.16121673 0.36 212.68 48.60 0.06 0.04 -0.00 0.01 -0.01 0.00 93.18 92.06 90.04 
4.74 1 30.70825958 -88.16121673 0.36 212.68 48.60 0.06 0.04 0.00 0.01 -0.01 0.00 93.19 92.11 90.03 
4.84 1 30.70825958 -88.16121673 0.36 212.68 48.60 0.06 0.04 -0.00 0.01 -0.00 0.00 93.17 92.11 90.05 
4.94 1 30.70825958 -88.16121673 0.36 212.68 48.60 0.06 0.04 0.00 0.01 -0.01 0.00 93.15 92.19 90.05 
5.04 1 30.70825958 -88.16121673 0.36 212.68 48.60 0.06 0.04 -0.02 0.01 -0.01 0.00 93.20 92.09 90.04 
5.14 1 30.70825958 -88.16121673 0.36 212.68 48.60 0.06 0.04 0.00 0.01 -0.01 0.00 93.20 92.16 90.05 
5.24 1 30.70825958 -88.16121673 0.36 212.68 48.60 0.05 0.04 -0.01 0.01 -0.01 0.00 93.14 92.11 90.04 
5.34 1 30.70825958 -88.16121673 0.36 212.68 48.60 0.06 0.04 -0.02 0.02 -0.01 0.00 93.27 92.10 90.02 
5.44 1 30.70825958 -88.16121673 0.36 212.68 48.50 0.06 0.04 -0.01 0.01 -0.01 0.00 93.21 92.02 90.05 
5.55 1 30.70825958 -88.16121673 0.21 232.54 48.50 0.05 0.04 0.00 0.01 -0.01 0.00 93.15 92.14 90.01 
5.65 1 30.70825958 -88.16121673 0.21 232.54 48.50 0.06 0.04 0.01 0.02 -0.01 0.00 93.17 92.20 90.06 
5.75 1 30.70825958 -88.16121673 0.21 232.54 48.50 0.06 0.04 0.01 0.01 -0.01 0.00 93.22 92.30 90.03 
5.85 1 30.70825958 -88.16121673 0.21 232.54 48.50 0.06 0.04 0.01 0.01 -0.00 0.00 93.22 92.23 90.04 
5.95 1 30.70825958 -88.16121673 0.21 232.54 48.50 0.05 0.04 -0.01 0.01 -0.01 0.00 93.11 92.16 90.05 
6.05 1 30.70825958 -88.16121673 0.21 232.54 48.50 0.06 0.04 -0.00 0.01 -0.01 0.00 93.25 92.17 90.06 
6.15 1 30.70825958 -88.16121673 0.21 232.54 48.50 0.06 0.04 -0.02 0.01 -0.01 0.00 93.17 92.15 90.04 
6.25 1 30.70825958 -88.16121673 0.21 232.54 48.50 0.06 0.04 -0.02 0.01 -0.01 0.01 93.18 92.12 90.07 
6.36 1 30.70825958 -88.16121673 0.21 232.54 48.50 0.05 0.04 0.00 0.01 -0.01 0.00 93.14 92.16 90.05 
6.46 1 30.70825576 -88.16121673 0.21 232.54 48.40 0.05 0.04 -0.01 0.00 -0.01 0.00 93.13 92.15 90.05 
6.56 1 30.70825576 -88.16121673 0.34 195.11 48.40 0.06 0.04 0.01 0.01 -0.01 0.00 93.34 92.13 90.05 
6.66 1 30.70825576 -88.16121673 0.34 195.11 48.40 0.06 0.04 -0.00 0.01 -0.01 0.00 93.26 92.21 90.02 
6.76 1 30.70825576 -88.16121673 0.34 195.11 48.40 0.06 0.04 0.00 0.01 -0.01 0.00 93.23 92.23 90.04 
6.86 1 30.70825576 -88.16121673 0.34 195.11 48.40 0.05 0.04 0.01 0.01 -0.01 0.00 93.14 92.26 90.04 
6.96 1 30.70825576 -88.16121673 0.34 195.11 48.40 0.05 0.04 0.00 0.01 -0.01 0.00 93.10 92.21 90.03 
7.06 1 30.70825576 -88.16121673 0.34 195.11 48.40 0.05 0.04 -0.00 0.00 -0.01 0.00 93.11 92.27 90.05 
7.16 1 30.70825576 -88.16121673 0.34 195.11 48.40 0.05 0.04 -0.01 0.02 -0.01 0.00 93.09 92.20 90.04 
7.26 1 30.70825576 -88.16121673 0.34 195.11 48.40 0.05 0.04 0.00 0.01 -0.01 0.00 93.12 92.12 90.03 
7.36 1 30.70825576 -88.16121673 0.34 195.11 48.40 0.06 0.04 0.01 0.01 -0.01 0.00 93.23 92.14 90.04 
7.46 1 30.70825195 -88.16121673 0.34 195.11 48.20 0.06 0.04 -0.00 0.01 -0.01 0.00 93.17 92.22 90.05 
7.57 1 30.70825195 -88.16121673 0.39 190.81 48.20 0.06 0.04 0.00 0.01 -0.01 0.00 93.25 92.15 90.03 
7.67 1 30.70825195 -88.16121673 0.39 190.81 48.20 0.06 0.04 0.01 0.02 -0.01 0.00 93.21 92.17 90.03 
7.77 1 30.70825195 -88.16121673 0.39 190.81 48.20 0.05 0.04 -0.01 0.01 -0.01 0.00 93.10 92.11 90.04 
7.87 1 30.70825195 -88.16121673 0.39 190.81 48.20 0.06 0.04 0.01 0.01 -0.01 0.00 93.18 92.12 90.04 
7.97 1 30.70825195 -88.16121673 0.39 190.81 48.20 0.06 0.04 0.00 0.01 -0.01 0.00 93.25 92.15 90.04 
8.07 1 30.70825195 -88.16121673 0.39 190.81 48.20 0.05 0.04 -0.01 0.01 -0.01 0.00 93.13 92.21 90.05 
8.17 1 30.70825195 -88.16121673 0.39 190.81 48.20 0.05 0.04 -0.00 0.01 -0.01 0.00 93.14 92.27 90.05 
8.27 1 30.70825195 -88.16121673 0.39 190.81 48.20 0.05 0.04 -0.01 0.01 -0.01 0.00 93.09 92.15 90.06 
8.37 1 30.70825195 -88.16121673 0.39 190.81 48.20 0.05 0.04 -0.01 0.01 -0.02 0.00 93.11 92.08 90.03 
8.47 1 30.70825195 -88.16121673 0.39 190.81 47.90 0.06 0.04 -0.01 0.01 -0.01 0.00 93.18 92.11 90.03 
8.57 1 30.70825195 -88.16121673 0.23 208.65 47.90 0.06 0.04 -0.01 0.00 -0.01 0.00 93.25 92.22 90.06 
8.67 1 30.70825195 -88.16121673 0.23 208.65 47.90 0.05 0.04 -0.01 0.01 -0.01 0.00 93.11 92.24 90.01 
8.77 1 30.70825195 -88.16121673 0.23 208.65 47.90 0.05 0.04 -0.00 0.00 -0.01 0.00 93.11 92.21 90.06 
8.88 1 30.70825195 -88.16121673 0.23 208.65 47.90 0.06 0.04 -0.01 0.01 -0.01 0.00 93.17 92.06 90.03 
8.98 1 30.70825195 -88.16121673 0.23 208.65 47.90 0.06 0.04 -0.01 0.01 -0.01 0.00 93.16 92.14 90.04 
9.08 1 30.70825195 -88.16121673 0.23 208.65 47.90 0.05 0.04 -1.57 0.01 -0.01 0.00 93.08 92.21 90.06 
9.18 1 30.70825195 -88.16121673 0.23 208.65 47.90 0.06 0.04 -0.02 0.00 -0.01 0.00 93.15 92.28 90.04 
9.28 1 30.70825195 -88.16121673 0.23 208.65 47.90 0.06 0.04 0.00 0.02 -0.01 0.00 93.18 92.21 90.04 
9.38 1 30.70825195 -88.16121673 0.23 208.65 47.90 0.05 0.04 -0.01 0.01 -0.01 0.00 93.03 92.15 90.06 
9.48 1 30.70824813 -88.16121673 0.23 208.65 47.70 0.05 0.04 -0.01 0.01 -0.00 0.00 93.08 92.30 90.04 
9.58 1 30.70824813 -88.16121673 0.36 198.33 47.70 0.05 0.04 -0.02 0.01 -0.01 0.00 93.10 92.24 90.03 
9.68 1 30.70824813 -88.16121673 0.36 198.33 47.70 0.06 0.04 -0.01 0.01 -0.01 0.00 93.18 92.20 90.04 
9.78 1 30.70824813 -88.16121673 0.36 198.33 47.70 0.06 0.04 -0.00 0.01 -0.01 0.00 93.26 92.23 90.05 
9.89 1 30.70824813 -88.16121673 0.36 198.33 47.70 0.06 0.04 -0.01 0.01 -0.01 0.00 93.20 92.27 90.02 
9.99 1 30.70824813 -88.16121673 0.36 198.33 47.70 0.06 0.04 0.00 0.01 -0.01 0.00 93.25 92.25 90.06 
10.09 1 30.70824813 -88.16121673 0.36 198.33 47.70 0.06 0.04 0.01 0.01 -0.01 0.00 93.18 92.23 90.04 
10.19 1 30.70824813 -88.16121673 0.36 198.33 47.70 0.06 0.04 0.01 0.01 -0.01 0.00 93.22 92.27 90.06 
10.29 1 30.70824813 -88.16121673 0.36 198.33 47.70 0.06 0.04 -0.00 0.01 -0.01 0.01 93.21 92.20 90.06 
10.39 1 30.70824813 -88.16121673 0.36 198.33 47.70 0.05 0.04 -0.01 0.02 -0.01 0.00 93.11 92.16 90.05 
10.49 1 30.70824432 -88.16121673 0.36 198.33 47.30 0.06 0.04 -0.01 0.01 -0.01 0.00 93.18 92.22 90.05 
10.59 1 30.70824432 -88.16121673 0.42 182.92 47.30 0.06 0.04 -0.01 0.01 -0.01 0.00 93.17 92.21 90.04 
10.69 1 30.70824432 -88.16121673 0.42 182.92 47.30 0.05 0.04 -0.01 0.01 -0.01 0.01 93.20 92.13 90.08 
10.80 1 30.70824432 -88.16121673 0.42 182.92 47.30 0.06 0.04 -0.00 0.01 -0.01 0.01 93.20 92.12 90.07 
10.90 1 30.70824432 -88.16121673 0.42 182.92 47.30 0.06 0.04 0.00 0.01 -0.01 0.00 93.20 92.11 90.00 
11.00 1 30.70824432 -88.16121673 0.42 182.92 47.30 0.06 0.04 0.02 0.01 -0.01 0.00 93.23 92.16 90.05 
11.10 1 30.70824432 -88.16121673 0.42 182.92 47.30 0.06 0.03 -0.01 0.01 -0.01 0.00 93.23 91.99 90.04 
11.20 1 30.70824432 -88.16121673 0.42 182.92 47.30 0.05 0.04 -0.02 0.01 -0.01 0.00 93.14 92.20 90.03 
11.30 1 30.70824432 -88.16121673 0.42 182.92 47.30 0.06 0.04 -0.00 0.01 -0.00 0.00 93.26 92.14 90.05 
11.40 1 30.70824432 -88.16121673 0.42 182.92 47.30 0.06 0.04 0.00 0.01 -0.01 0.00 93.30 92.16 90.04 
11.51 1 30.70824432 -88.16121673 0.42 182.92 46.90 0.06 0.04 -0.01 0.01 -0.01 0.00 93.15 92.03 90.05 
11.61 1 30.70824432 -88.16121673 0.31 187.79 46.90 0.06 0.04 -0.00 0.01 -0.01 0.00 93.23 92.22 90.05 
11.71 1 30.70824432 -88.16121673 0.31 187.79 46.90 0.06 0.04 -0.01 0.01 -0.01 0.00 93.24 92.02 90.05 
11.81 1 30.70824432 -88.16121673 0.31 187.79 46.90 0.06 0.04 0.00 0.01 -0.02 0.00 93.21 92.13 90.04 
11.91 1 30.70824432 -88.16121673 0.31 187.79 46.90 0.05 0.04 -0.01 0.01 -0.01 0.00 93.09 92.10 90.03 
12.01 1 30.70824432 -88.16121673 0.31 187.79 46.90 0.05 0.04 -0.02 0.01 -0.01 0.00 93.09 92.14 90.03 
12.11 1 30.70824432 -88.16121673 0.31 187.79 46.90 0.06 0.04 0.00 0.01 -0.01 0.00 93.21 92.19 90.05 
12.21 1 30.70824432 -88.16121673 0.31 187.79 46.90 0.06 0.04 -0.01 0.01 -0.01 0.00 93.21 92.18 90.04 
12.31 1 30.70824432 -88.16121673 0.31 187.79 46.90 0.06 0.04 -0.00 0.00 -0.01 0.00 93.27 92.17 90.05 
12.42 1 30.70824432 -88.16121673 0.31 187.79 46.90 0.06 0.04 -0.01 0.01 -0.00 0.00 93.22 92.21 90.04 
12.52 1 30.70824050 -88.16121673 0.31 187.79 46.60 0.06 0.04 -0.00 0.01 -0.01 0.00 93.22 92.09 90.05 
12.62 1 30.70824050 -88.16121673 0.35 202.79 46.60 0.06 0.04 -0.01 0.01 -0.01 0.00 93.22 92.03 90.06 
12.72 1 30.70824050 -88.16121673 0.35 202.79 46.60 0.06 0.04 0.02 0.02 -0.01 0.00 93.32 92.10 90.06 
12.82 1 30.70824050 -88.16121673 0.35 202.79 46.60 0.06 0.04 -0.00 0.01 -0.01 0.00 93.39 92.04 90.03 
12.92 1 30.70824050 -88.16121673 0.35 202.79 46.60 0.06 0.03 -0.02 0.01 -0.02 0.00 93.22 92.00 90.04 
13.02 1 30.70824050 -88.16121673 0.35 202.79 46.60 0.06 0.04 -0.00 0.01 -0.01 0.00 93.26 92.09 90.06 
13.12 1 30.70824050 -88.16121673 0.35 202.79 46.60 0.06 0.04 0.01 0.01 -0.01 0.00 93.28 92.12 90.04 
13.22 1 30.70824050 -88.16121673 0.35 202.79 46.60 0.06 0.04 0.00 0.01 -0.01 0.00 93.31 92.05 90.02 
13.32 1 30.70824050 -88.16121673 0.35 202.79 46.60 0.06 0.04 0.00 0.01 -0.01 0.00 93.30 92.09 90.04 
13.42 1 30.70824050 -88.16121673 0.35 202.79 46.60 0.06 0.03 -0.01 0.01 -0.01 0.00 93.25 91.98 90.06 
13.52 1 30.70824050 -88.16121673 0.35 202.79 46.20 0.06 0.04 0.00 0.01 -0.01 0.00 93.33 92.02 90.02 
13.63 1 30.70824050 -88.16121673 0.30 191.43 46.20 0.06 0.03 -0.02 0.01 -0.01 0.00 93.36 91.97 90.06 
13.73 1 30.70824050 -88.16121673 0.30 191.43 46.20 0.06 0.04 -0.00 0.01 -0.01 0.00 93.34 92.02 90.05 
13.83 1 30.70824050 -88.16121673 0.30 191.43 46.20 0.06 0.03 0.00 0.01 -0.01 0.00 93.26 91.99 90.03 
13.93 1 30.70824050 -88.16121673 0.30 191.43 46.20 0.06 0.04 -0.02 0.01 -0.01 0.00 93.35 92.02 90.03 
14.03 1 30.70824050 -88.16121673 0.30 191.43 46.20 0.06 0.03 0.01 0.01 -0.01 0.00 93.33 91.99 90.05 
14.13 1 30.70824050 -88.16121673 0.30 191.43 46.20 0.06 0.03 -0.01 0.01 -0.01 0.00 93.32 91.92 90.05 
14.23 1 30.70824050 -88.16121673 0.30 191.43 46.20 0.06 0.03 -0.01 0.00 -0.01 0.01 93.28 91.94 90.03 
14.33 1 30.70824050 -88.16121673 0.30 191.43 46.20 0.06 0.03 0.01 0.01 -0.01 0.00 93.37 91.93 90.06 
14.43 1 30.70824050 -88.16121673 0.30 191.43 46.20 0.06 0.03 0.01 0.00 -0.01 0.00 93.27 91.91 90.05 
14.53 1 30.70824050 -88.16120147 0.15 184.31 45.90 0.06 0.03 0.00 0.02 -0.01 0.00 93.24 91.87 90.04 
14.63 1 30.70824050 -88.16120147 0.15 184.31 45.90 0.06 0.03 0.00 0.01 -0.01 0.00 93.35 91.91 90.05 
14.73 1 30.70824050 -88.16120147 0.15 184.31 45.90 0.06 0.03 -0.01 0.01 -0.01 0.00 93.27 91.88 90.04 
14.83 1 30.70824050 -88.16120147 0.15 184.31 45.90 0.06 0.03 -0.01 0.02 -0.01 0.00 93.26 91.94 90.04 
14.93 1 30.70824050 -88.16120147 0.15 184.31 45.90 0.06 0.04 0.01 0.02 -0.01 0.00 93.25 92.04 90.06 
15.04 1 30.70824050 -88.16120147 0.15 184.31 45.90 0.06 0.03 -0.00 0.01 -0.01 0.00 93.26 92.00 90.06 
15.14 1 30.70824050 -88.16120147 0.15 184.31 45.90 0.06 0.03 0.01 0.01 -0.01 0.00 93.46 91.94 90.03 
15.24 1 30.70824050 -88.16120147 0.15 184.31 45.90 0.06 0.03 0.00 0.01 -0.01 0.00 93.40 91.90 90.05 
15.34 1 30.70824050 -88.16120147 0.15 184.31 45.90 0.06 0.03 0.01 0.01 -0.01 0.00 93.46 91.93 90.05 
15.44 1 30.70824050 -88.16120147 0.15 184.31 45.50 0.06 0.03 0.00 0.01 -0.00 0.00 93.41 91.94 90.03 
15.54 1 30.70824050 -88.16120147 0.16 228.94 45.50 0.06 0.03 -0.01 0.01 -0.01 0.00 93.32 91.90 90.05 
15.64 1 30.70824050 -88.16120147 0.16 228.94 45.50 0.06 0.03 0.01 0.01 -0.01 0.00 93.35 91.94 90.05 
15.74 1 30.70824050 -88.16120147 0.16 228.94 45.50 0.06 0.03 0.00 0.01 -0.01 0.00 93.42 91.93 90.06 
15.85 1 30.70824050 -88.16120147 0.16 228.94 45.50 0.06 0.03 -0.01 0.01 -0.01 0.00 93.38 91.95 90.03 
15.95 1 30.70824050 -88.16120147 0.16 228.94 45.50 0.06 0.03 -0.01 0.01 -0.01 0.00 93.45 91.93 90.04 
16.05 1 30.70824050 -88.16120147 0.16 228.94 45.50 0.06 0.03 -0.00 0.01 -0.01 0.00 93.41 91.95 90.03 
16.15 1 30.70824050 -88.16120147 0.16 228.94 45.50 0.06 0.03 0.00 0.01 -0.01 0.00 93.27 91.94 90.07 
16.25 1 30.70824050 -88.16120147 0.16 228.94 45.50 0.06 0.03 0.01 0.01 -0.01 0.00 93.40 91.86 90.03 
16.35 1 30.70824050 -88.16120147 0.16 228.94 45.50 0.06 0.03 -0.01 0.01 -0.01 0.00 93.33 91.95 90.03 
16.45 1 30.70824050 -88.16120147 0.16 228.94 45.20 0.06 0.04 -0.00 0.01 -0.01 0.00 93.36 92.04 90.04 
16.55 1 30.70824050 -88.16120147 0.13 202.21 45.20 0.06 0.03 -0.00 0.01 -0.01 0.00 93.32 91.98 90.05 
16.65 1 30.70824050 -88.16120147 0.13 202.21 45.20 0.06 0.03 0.00 0.01 -0.01 0.00 93.38 91.97 90.04 
16.75 1 30.70824050 -88.16120147 0.13 202.21 45.20 0.06 0.04 -0.01 0.01 -0.01 0.00 93.42 92.09 90.03 
16.85 1 30.70824050 -88.16120147 0.13 202.21 45.20 0.06 0.04 0.02 0.01 -0.01 0.00 93.43 92.03 90.04 
16.95 1 30.70824050 -88.16120147 0.13 202.21 45.20 0.06 0.03 -0.00 0.01 -0.01 0.00 93.25 91.98 90.06 
17.05 1 30.70824050 -88.16120147 0.13 202.21 45.20 0.06 0.04 -0.01 0.02 -0.01 0.00 93.22 92.12 90.03 
17.15 1 30.70824050 -88.16120147 0.13 202.21 45.20 0.05 0.04 -0.00 0.01 -0.01 0.01 93.15 92.13 90.08 
17.26 1 30.70824050 -88.16120147 0.13 202.21 45.20 0.05 0.04 -0.01 0.02 -0.01 0.01 93.14 92.06 90.08 
17.36 1 30.70824050 -88.16120147 0.13 202.21 45.20 0.06 0.04 -0.00 0.02 -0.01 0.00 93.17 92.15 90.03 
17.46 1 30.70824050 -88.16120147 0.13 202.21 44.90 0.06 0.04 0.01 0.01 -0.01 0.00 93.22 92.07 90.00 
17.56 1 30.70824050 -88.16120147 0.11 235.88 44.90 0.06 0.04 0.01 0.00 -0.01 0.00 93.30 92.16 90.04 
17.66 1 30.70824050 -88.16120147 0.11 235.88 44.90 0.06 0.04 -0.02 0.00 -0.01 0.00 93.31 92.16 90.06 
17.76 1 30.70824050 -88.16120147 0.11 235.88 44.90 0.06 0.04 0.00 0.01 -0.01 0.00 93.30 92.13 90.03 
17.86 1 30.70824050 -88.16120147 0.11 235.88 44.90 0.06 0.04 -0.00 0.01 -0.00 0.00 93.27 92.13 90.03 
17.97 1 30.70824050 -88.16120147 0.11 235.88 44.90 0.06 0.04 0.00 0.01 -0.01 0.00 93.27 92.19 90.06 
18.07 1 30.70824050 -88.16120147 0.11 235.88 44.90 0.06 0.04 0.01 0.01 -0.01 0.00 93.18 92.24 90.04 
18.17 1 30.70824050 -88.16120147 0.11 235.88 44.90 0.05 0.04 -0.01 0.01 -0.01 0.01 93.15 92.28 90.08 
18.27 1 30.70824050 -88.16120147 0.11 235.88 44.90 0.06 0.04 -0.00 0.01 -0.01 0.00 93.19 92.11 90.02 
18.37 1 30.70824050 -88.16120147 0.11 235.88 44.90 0.05 0.04 -0.01 0.01 -0.01 0.00 93.10 92.05 90.05 
18.47 1 30.70824432 -88.16120147 0.11 235.88 44.60 0.06 0.04 -0.00 0.01 -0.01 0.01 93.16 92.10 90.07 
18.57 1 30.70824432 -88.16120147 0.08 329.29 44.60 0.05 0.04 0.00 0.01 -0.01 0.00 93.11 92.11 90.05 
18.67 1 30.70824432 -88.16120147 0.08 329.29 44.60 0.06 0.04 -0.01 0.00 -0.01 0.00 93.15 92.12 90.02 
18.77 1 30.70824432 -88.16120147 0.08 329.29 44.60 0.06 0.04 -0.01 0.01 -0.01 0.00 93.15 92.20 90.08 
18.87 1 30.70824432 -88.16120147 0.08 329.29 44.60 0.06 0.04 -0.01 0.01 -0.01 0.00 93.22 92.15 90.02 
18.97 1 30.70824432 -88.16120147 0.08 329.29 44.60 0.06 0.04 -0.00 0.01 -0.01 0.00 93.18 92.17 90.03 
19.07 1 30.70824432 -88.16120147 0.08 329.29 44.60 0.06 0.04 0.00 0.01 -0.01 0.00 93.16 92.21 90.02 
19.17 1 30.70824432 -88.16120147 0.08 329.29 44.60 0.05 0.04 0.00 0.01 -0.01 0.00 93.09 92.22 90.03 
19.27 1 30.70824432 -88.16120147 0.08 329.29 44.60 0.06 0.04 -0.00 0.01 -0.01 0.00 93.23 92.20 90.01 
19.37 1 30.70824432 -88.16120147 0.08 329.29 44.60 0.06 0.04 -0.00 0.01 -0.01 0.00 93.20 92.20 90.05 
19.48 1 30.70824813 -88.16120147 0.08 329.29 44.30 0.06 0.04 -0.00 0.00 -0.01 0.00 93.24 92.15 90.04 
19.58 1 30.70824813 -88.16120147 0.17 45.22 44.30 0.05 0.04 -0.01 0.01 -0.01 0.00 93.15 92.21 90.05 
19.68 1 30.70824813 -88.16120147 0.17 45.22 44.30 0.06 0.04 -0.00 0.01 -0.01 0.00 93.29 92.09 90.05 
19.78 1 30.70824813 -88.16120147 0.17 45.22 44.30 0.06 0.04 0.00 0.01 -0.01 0.00 93.20 92.12 90.06 
19.89 1 30.70824813 -88.16120147 0.17 45.22 44.30 0.06 0.04 -0.00 0.01 -0.00 0.00 93.24 92.31 90.06 
19.99 1 30.70824813 -88.16120147 0.17 45.22 44.30 0.06 0.04 -0.00 0.01 -0.01 0.01 93.29 92.10 90.07 
20.09 1 30.70824813 -88.16120147 0.17 45.22 44.30 0.06 0.04 0.01 0.01 -0.01 0.00 93.26 92.11 90.04 
20.19 1 30.70824813 -88.16120147 0.17 45.22 44.30 0.06 0.03 0.00 0.02 -0.02 0.00 93.22 91.98 90.06 
20.29 1 30.70824813 -88.16120147 0.17 45.22 44.30 0.06 0.04 -0.01 0.01 -0.02 0.00 93.24 92.04 90.03 
20.39 1 30.70824813 -88.16120147 0.17 45.22 44.30 0.06 0.04 -0.01 0.01 -0.01 0.01 93.18 92.18 90.07 
20.50 1 30.70825195 -88.16120147 0.17 45.22 44.10 0.06 0.04 0.00 0.01 -0.01 0.00 93.17 92.16 90.04 
20.60 1 30.70825195 -88.16120147 0.42 29.96 44.10 0.06 0.04 0.00 0.01 -0.01 0.01 93.24 92.11 90.08 
20.70 1 30.70825195 -88.16120147 0.42 29.96 44.10 0.06 0.04 0.00 0.01 -0.01 0.01 93.31 92.20 90.07 
20.80 1 30.70825195 -88.16120147 0.42 29.96 44.10 0.06 0.04 -0.01 0.00 -0.01 0.00 93.30 92.10 90.03 
20.90 1 30.70825195 -88.16120147 0.42 29.96 44.10 0.06 0.04 0.00 0.01 -0.01 0.00 93.32 92.07 90.04 
21.01 1 30.70825195 -88.16120147 0.42 29.96 44.10 0.06 0.04 0.01 0.01 -0.01 0.00 93.25 92.13 90.05 
21.11 1 30.70825195 -88.16120147 0.42 29.96 44.10 0.06 0.04 -0.00 0.01 -0.01 0.00 93.22 92.11 90.02 
21.21 1 30.70825195 -88.16120147 0.42 29.96 44.10 0.06 0.04 -0.00 0.01 -0.01 0.00 93.19 92.06 90.05 
21.31 1 30.70825195 -88.16120147 0.42 29.96 44.10 0.05 0.04 0.00 0.01 -0.01 0.00 93.12 92.16 90.03 
21.41 1 30.70825195 -88.16120147 0.42 29.96 44.10 0.05 0.04 -0.01 0.01 -0.01 0.00 93.17 92.09 90.04 
21.51 1 30.70825195 -88.16120147 0.42 29.96 43.80 0.05 0.04 -0.01 0.02 -0.01 0.00 93.09 92.20 90.02 
21.61 1 30.70825195 -88.16120147 0.30 41.67 43.80 0.06 0.04 -0.00 0.01 -0.02 0.01 93.22 92.14 90.07 
21.72 1 30.70825195 -88.16120147 0.30 41.67 43.80 0.06 0.04 -1.57 0.01 -0.01 0.00 93.14 92.12 90.05 
21.82 1 30.70825195 -88.16120147 0.30 41.67 43.80 0.06 0.04 0.01 0.01 -0.01 0.01 93.24 92.20 90.05 
21.92 1 30.70825195 -88.16120147 0.30 41.67 43.80 0.06 0.04 0.01 0.01 -0.01 0.00 93.23 92.23 90.06 
22.02 1 30.70825195 -88.16120147 0.30 41.67 43.80 0.06 0.04 -0.00 0.01 -0.01 0.00 93.26 92.12 90.06 
22.12 1 30.70825195 -88.16120147 0.30 41.67 43.80 0.06 0.04 -0.00 0.01 -0.01 0.00 93.19 92.17 90.06 
22.23 1 30.70825195 -88.16120147 0.30 41.67 43.80 0.06 0.04 -0.00 0.01 -0.01 0.00 93.28 92.12 90.06 
22.33 1 30.70825195 -88.16120147 0.30 41.67 43.80 0.05 0.04 -0.01 0.01 -0.01 0.00 93.13 92.13 90.04 
22.43 1 30.70825195 -88.16120147 0.30 41.67 43.80 0.06 0.04 -0.01 0.01 -0.01 0.00 93.17 92.13 90.04 
22.54 1 30.70825576 -88.16120147 0.31 9.68 43.50 0.06 0.04 0.01 0.01 -0.01 0.00 93.29 92.06 90.04 
22.64 1 30.70825576 -88.16120147 0.31 9.68 43.50 0.06 0.04 -0.00 0.01 -0.01 0.01 93.29 92.15 90.07 
22.74 1 30.70825576 -88.16120147 0.31 9.68 43.50 0.06 0.04 -0.01 0.01 -0.01 0.00 93.36 92.10 90.04 
22.84 1 30.70825576 -88.16120147 0.31 9.68 43.50 0.06 0.04 -0.01 0.01 -0.00 0.00 93.29 92.02 90.04 
22.94 1 30.70825576 -88.16120147 0.31 9.68 43.50 0.06 0.04 0.00 0.01 -0.01 0.00 93.26 92.06 90.06 
23.04 1 30.70825576 -88.16120147 0.31 9.68 43.50 0.06 0.03 -0.01 0.01 -0.01 0.00 93.18 91.98 90.04 
23.15 1 30.70825576 -88.16120147 0.31 9.68 43.50 0.06 0.04 0.00 0.01 -0.01 0.01 93.16 92.06 90.05 
23.25 1 30.70825576 -88.16120147 0.31 9.68 43.50 0.06 0.04 -0.00 0.00 -0.01 0.00 93.21 92.12 90.05 
23.35 1 30.70825576 -88.16120147 0.31 9.68 43.50 0.06 0.04 0.01 0.01 -0.01 0.00 93.26 92.26 90.04 
23.45 1 30.70825958 -88.16120147 0.31 9.68 43.40 0.05 0.04 -0.01 0.01 -0.01 0.01 93.16 92.17 90.02 
23.55 1 30.70825958 -88.16120147 0.42 356.19 43.40 0.06 0.04 0.00 0.01 -0.00 0.00 93.23 92.04 90.04 
23.65 1 30.70825958 -88.16120147 0.42 356.19 43.40 0.06 0.04 0.00 0.01 -0.01 0.00 93.20 92.15 90.04 
23.76 1 30.70825958 -88.16120147 0.42 356.19 43.40 0.05 0.04 0.00 0.01 -0.01 0.00 93.12 92.19 90.04 
23.86 1 30.70825958 -88.16120147 0.42 356.19 43.40 0.06 0.04 -0.00 0.01 -0.01 0.00 93.24 92.07 90.03 
23.96 1 30.70825958 -88.16120147 0.42 356.19 43.40 0.06 0.04 0.02 0.01 -0.01 0.00 93.20 92.16 90.06 
24.06 1 30.70825958 -88.16120147 0.42 356.19 43.40 0.06 0.04 0.00 -0.00 -0.01 0.00 93.31 92.25 90.04 
24.16 1 30.70825958 -88.16120147 0.42 356.19 43.40 0.06 0.04 0.01 0.01 -0.01 0.00 93.24 92.25 90.04 
24.26 1 30.70825958 -88.16120147 0.42 356.19 43.40 0.06 0.04 -0.00 0.01 -0.01 0.00 93.29 92.13 90.04 
24.36 1 30.70825958 -88.16120147 0.42 356.19 43.40 0.06 0.04 -0.01 0.01 -0.01 0.00 93.33 92.10 90.06 
24.46 1 30.70826339 -88.16120147 0.42 356.19 43.20 0.06 0.04 0.00 0.01 -0.02 0.00 93.20 92.14 90.05 
24.56 1 30.70826339 -88.16120147 0.39 350.69 43.20 0.06 0.04 0.01 0.02 -0.01 0.00 93.30 92.25 90.02 
24.66 1 30.70826339 -88.16120147 0.39 350.69 43.20 0.06 0.04 -0.00 0.01 -0.01 0.00 93.26 92.13 90.03 
24.76 1 30.70826339 -88.16120147 0.39 350.69 43.20 0.06 0.04 -0.02 0.01 -0.01 0.00 93.18 92.16 90.06 
24.86 1 30.70826339 -88.16120147 0.39 350.69 43.20 0.06 0.04 -0.01 0.00 -0.02 0.00 93.17 92.18 90.05 
24.96 1 30.70826339 -88.16120147 0.39 350.69 43.20 0.06 0.04 -0.01 0.00 -0.02 0.00 93.17 92.17 90.04 
25.06 1 30.70826339 -88.16120147 0.39 350.69 43.20 0.06 0.04 0.00 0.01 -0.01 0.00 93.21 92.10 90.04 
25.17 1 30.70826339 -88.16120147 0.39 350.69 43.20 0.05 0.04 -0.02 0.01 -0.01 0.00 93.20 92.24 90.08 
25.27 1 30.70826339 -88.16120147 0.39 350.69 43.20 0.05 0.04 0.00 0.01 -0.00 0.00 93.09 92.19 90.03 
25.37 1 30.70826339 -88.16120147 0.39 350.69 43.20 0.06 0.04 -0.00 0.01 -0.01 -0.00 93.18 92.26 90.03 
25.48 1 30.70826339 -88.16120147 0.39 350.69 43.00 0.06 0.04 -0.00 0.01 -0.01 0.00 93.22 92.18 90.05 
25.58 1 30.70826339 -88.16120147 0.33 355.00 43.00 0.06 0.04 -0.01 0.01 -0.02 0.01 93.23 92.15 90.07 
25.68 1 30.70826339 -88.16120147 0.33 355.00 43.00 0.06 0.04 0.00 0.01 -0.01 0.00 93.32 92.05 90.06 
25.78 1 30.70826339 -88.16120147 0.33 355.00 43.00 0.06 0.04 -0.01 0.01 -0.01 0.00 93.16 92.11 90.05 
25.88 1 30.70826339 -88.16120147 0.33 355.00 43.00 0.05 0.04 0.01 0.01 -0.01 0.00 93.12 92.24 90.06 
25.98 1 30.70826339 -88.16120147 0.33 355.00 43.00 0.05 0.04 -0.01 0.01 -0.01 0.00 93.12 92.16 90.08 
26.08 1 30.70826339 -88.16120147 0.33 355.00 43.00 0.05 0.04 0.00 0.02 -0.01 0.00 93.06 92.19 90.04 
26.18 1 30.70826339 -88.16120147 0.33 355.00 43.00 0.06 0.04 0.00 0.01 -0.01 0.00 93.31 92.12 90.05 
26.29 1 30.70826339 -88.16120147 0.33 355.00 43.00 0.06 0.03 -0.00 0.02 -0.01 0.00 93.31 91.80 90.04 
26.39 1 30.70826339 -88.16120147 0.33 355.00 43.00 0.06 0.04 -0.02 0.01 -0.01 0.00 93.24 92.06 90.06 
26.49 1 30.70826911 -88.16120147 0.33 355.00 42.80 0.05 0.04 -0.02 0.01 -0.01 0.00 93.09 92.10 90.05 
26.59 1 30.70826911 -88.16120147 0.28 8.56 42.80 0.06 0.04 0.01 0.01 -0.01 0.00 93.23 92.14 90.02 
26.69 1 30.70826911 -88.16120147 0.28 8.56 42.80 0.06 0.04 -0.02 0.01 -0.01 0.00 93.20 92.09 90.07 
26.79 1 30.70826911 -88.16120147 0.28 8.56 42.80 0.05 0.04 -0.01 0.01 -0.01 0.00 93.14 92.15 90.02 
26.89 1 30.70826911 -88.16120147 0.28 8.56 42.80 0.05 0.04 0.00 0.02 -0.01 0.00 93.10 92.06 90.05 
27.00 1 30.70826911 -88.16120147 0.28 8.56 42.80 0.06 0.04 -0.01 0.01 -0.01 0.00 93.16 92.17 90.04 
27.10 1 30.70826911 -88.16120147 0.28 8.56 42.80 0.06 0.04 -0.01 0.01 -0.01 0.00 93.19 92.08 90.04 
27.20 1 30.70826911 -88.16120147 0.28 8.56 42.80 0.06 0.04 0.01 0.01 -0.01 0.00 93.40 92.21 90.05 
