1.73 0 0.00000000 0.00000000 0.00 0.00 0.00 0.04 0.08 0.06 0.01 -0.01 -0.00 92.13 94.05 90.01 
1.93 0 0.00000000 0.00000000 0.00 0.00 0.00 0.04 0.08 0.04 0.01 -0.01 -0.00 92.41 94.52 90.00 
2.03 0 0.00000000 0.00000000 0.00 0.00 0.00 0.05 0.09 0.02 0.01 -0.01 0.00 92.78 95.06 90.00 
2.13 0 0.00000000 0.00000000 0.00 0.00 0.00 0.05 0.09 0.00 0.00 -0.02 -0.00 92.87 95.38 90.00 
2.23 0 0.00000000 0.00000000 0.00 0.00 0.00 0.05 0.10 0.03 0.01 -0.01 -0.00 92.79 95.48 90.00 
2.33 0 0.00000000 0.00000000 0.00 0.00 0.00 0.05 0.10 -0.00 0.01 -0.01 -0.00 92.98 95.46 89.99 
2.44 0 0.00000000 0.00000000 0.00 0.00 0.00 0.05 0.09 0.01 0.01 -0.01 0.00 92.92 95.41 90.01 
2.54 0 0.00000000 0.00000000 0.00 0.00 0.00 0.05 0.10 0.01 0.01 -0.01 -0.00 92.93 95.45 89.98 
2.64 0 0.00000000 0.00000000 0.00 0.00 0.00 0.05 0.10 0.00 0.01 -0.01 -0.00 92.89 95.46 90.00 
2.74 0 0.00000000 0.00000000 0.00 0.00 0.00 0.05 0.09 0.02 0.01 -0.01 0.00 92.88 95.41 90.01 
2.84 0 0.00000000 0.00000000 0.00 0.00 0.00 0.05 0.09 0.01 0.00 -0.01 0.00 92.80 95.42 90.01 
2.94 0 0.00000000 0.00000000 0.00 0.00 0.00 0.05 0.09 0.01 0.01 -0.02 0.00 92.80 95.42 90.01 
3.04 0 0.00000000 0.00000000 0.00 0.00 0.00 0.05 0.09 0.01 0.00 -0.01 0.00 92.99 95.43 90.01 
3.14 0 0.00000000 0.00000000 0.00 0.00 0.00 0.05 0.10 0.00 0.01 -0.01 0.00 92.99 95.51 90.00 
3.24 0 0.00000000 0.00000000 0.00 0.00 0.00 0.05 0.10 -0.00 -0.04 -0.01 0.00 92.97 95.63 90.00 
3.34 0 0.00000000 0.00000000 0.00 0.00 0.00 0.05 0.09 0.02 0.01 -0.01 -0.00 92.93 95.35 89.98 
3.45 0 0.00000000 0.00000000 0.00 0.00 0.00 0.05 0.10 0.00 0.01 -0.01 -0.00 92.93 95.48 89.99 
3.55 0 0.00000000 0.00000000 0.00 0.00 0.00 0.05 0.10 0.01 0.00 -0.01 0.00 93.01 95.46 90.01 
3.65 0 0.00000000 0.00000000 0.00 0.00 0.00 0.05 0.10 0.01 0.01 -0.01 0.00 92.94 95.46 90.01 
3.75 0 0.00000000 0.00000000 0.00 0.00 0.00 0.05 0.10 0.01 0.01 -0.02 0.00 92.83 95.46 90.01 
3.85 0 0.00000000 0.00000000 0.00 0.00 0.00 0.05 0.09 0.01 0.01 -0.01 0.00 92.88 95.41 90.01 
3.95 0 0.00000000 0.00000000 0.00 0.00 0.00 0.05 0.10 0.01 0.01 -0.01 -0.00 92.80 95.46 89.98 
4.05 0 0.00000000 0.00000000 0.00 0.00 0.00 0.05 0.10 -0.00 0.01 -0.01 -0.00 92.94 95.48 90.00 
4.15 0 0.00000000 0.00000000 0.00 0.00 0.00 0.05 0.10 -0.01 0.01 -0.01 0.00 92.96 95.50 90.00 
4.25 0 0.00000000 0.00000000 0.00 0.00 0.00 0.05 0.10 0.00 0.01 -0.01 0.00 92.91 95.48 90.01 
4.35 0 0.00000000 0.00000000 0.00 0.00 0.00 0.05 0.10 0.02 0.00 -0.01 -0.00 93.00 95.45 89.99 
4.45 0 0.00000000 0.00000000 0.00 0.00 0.00 0.05 0.10 0.01 0.00 -0.01 0.00 93.02 95.47 90.00 
4.55 0 0.00000000 0.00000000 0.00 0.00 0.00 0.05 0.10 0.01 0.00 -0.01 0.00 93.03 95.48 90.00 
4.66 0 0.00000000 0.00000000 0.00 0.00 0.00 0.05 0.10 0.02 0.00 -0.01 -0.00 92.91 95.56 90.00 
4.76 0 0.00000000 0.00000000 0.00 0.00 0.00 0.05 0.10 -0.00 0.01 -0.01 -0.00 92.84 95.47 89.99 
4.86 0 0.00000000 0.00000000 0.00 0.00 0.00 0.05 0.10 0.01 0.01 -0.01 0.00 92.90 95.47 90.01 
4.96 0 0.00000000 0.00000000 0.00 0.00 0.00 0.05 0.09 0.02 0.01 -0.01 0.00 93.05 95.34 90.00 
5.06 0 0.00000000 0.00000000 0.00 0.00 0.00 0.05 0.10 0.00 0.01 -0.01 -0.00 92.94 95.46 89.99 
5.16 0 0.00000000 0.00000000 0.00 0.00 0.00 0.05 0.09 0.01 0.01 -0.01 -0.00 92.99 95.42 90.00 
5.26 0 0.00000000 0.00000000 0.00 0.00 0.00 0.05 0.10 -0.00 0.01 -0.00 0.00 92.95 95.52 90.00 
5.36 0 0.00000000 0.00000000 0.00 0.00 0.00 0.05 0.10 0.00 0.01 -0.01 0.00 92.95 95.46 90.00 
5.47 0 0.00000000 0.00000000 0.00 0.00 0.00 0.05 0.10 -0.01 0.00 -0.01 -0.00 92.94 95.51 89.99 
5.57 0 0.00000000 0.00000000 0.00 0.00 0.00 0.06 0.10 -0.01 0.01 -0.02 -0.00 93.18 95.76 89.99 
5.67 0 0.00000000 0.00000000 0.00 0.00 0.00 0.06 0.10 0.00 0.01 -0.01 0.00 93.23 95.59 90.00 
5.77 0 0.00000000 0.00000000 0.00 0.00 0.00 0.05 0.10 -0.00 0.01 -0.01 -0.00 93.13 95.54 90.00 
5.87 0 0.00000000 0.00000000 0.00 0.00 0.00 0.05 0.10 0.01 0.01 -0.01 -0.00 92.96 95.52 89.99 
5.97 0 0.00000000 0.00000000 0.00 0.00 0.00 0.05 0.09 0.01 0.01 -0.01 -0.00 92.97 95.43 89.98 
6.07 0 0.00000000 0.00000000 0.00 0.00 0.00 0.05 0.09 0.01 0.01 -0.01 -0.00 92.97 95.42 90.00 
6.17 0 0.00000000 0.00000000 0.00 0.00 0.00 0.05 0.09 0.01 0.01 -0.01 0.00 93.05 95.42 90.00 
6.27 0 0.00000000 0.00000000 0.00 0.00 0.00 0.05 0.10 0.00 0.00 -0.01 -0.00 93.09 95.42 90.00 
6.37 0 0.00000000 0.00000000 0.00 0.00 0.00 0.05 0.09 0.02 0.00 -0.01 -0.00 93.03 95.42 89.99 
6.47 0 0.00000000 0.00000000 0.00 0.00 0.00 0.05 0.09 0.02 0.01 -0.01 0.00 92.95 95.44 90.00 
6.57 0 0.00000000 0.00000000 0.00 0.00 0.00 0.05 0.10 -0.01 0.00 -0.01 0.00 92.93 95.52 90.01 
6.68 0 0.00000000 0.00000000 0.00 0.00 0.00 0.05 0.09 0.01 0.01 -0.01 -0.00 92.91 95.46 90.00 
6.78 0 0.00000000 0.00000000 0.00 0.00 0.00 0.05 0.10 0.01 0.01 -0.01 0.00 92.94 95.52 90.00 
6.88 0 0.00000000 0.00000000 0.00 0.00 0.00 0.05 0.10 0.01 0.01 -0.01 0.00 93.04 95.47 90.00 
6.98 0 0.00000000 0.00000000 0.00 0.00 0.00 0.05 0.09 -0.00 0.01 -0.01 -0.00 92.98 95.37 89.98 
7.08 0 0.00000000 0.00000000 0.00 0.00 0.00 0.05 0.10 0.01 0.01 -0.01 -0.00 93.07 95.51 89.99 
7.18 0 0.00000000 0.00000000 0.00 0.00 0.00 0.05 0.09 0.01 0.01 -0.01 0.00 93.01 95.42 90.00 
7.28 0 0.00000000 0.00000000 0.00 0.00 0.00 0.05 0.10 0.01 0.01 -0.01 0.00 93.06 95.46 90.00 
7.39 0 0.00000000 0.00000000 0.00 0.00 0.00 0.05 0.10 0.01 0.01 -0.01 0.00 92.82 95.51 90.00 
7.49 0 0.00000000 0.00000000 0.00 0.00 0.00 0.05 0.09 -0.00 0.01 -0.01 -0.00 92.95 95.42 89.99 
7.59 0 0.00000000 0.00000000 0.00 0.00 0.00 0.05 0.10 0.02 0.01 -0.01 0.00 92.97 95.48 90.01 
7.69 0 0.00000000 0.00000000 0.00 0.00 0.00 0.05 0.09 0.02 0.01 -0.01 0.00 92.92 95.39 90.00 
7.79 0 0.00000000 0.00000000 0.00 0.00 0.00 0.05 0.10 0.02 0.01 -0.01 0.00 92.98 95.48 90.02 
7.89 0 0.00000000 0.00000000 0.00 0.00 0.00 0.05 0.10 0.01 0.01 -0.01 -0.00 92.95 95.48 90.00 
7.99 0 0.00000000 0.00000000 0.00 0.00 0.00 0.05 0.10 -0.01 0.01 -0.01 0.00 92.93 95.51 90.00 
8.09 0 0.00000000 0.00000000 0.00 0.00 0.00 0.05 0.10 0.03 0.01 -0.01 0.00 93.04 95.48 90.00 
8.19 0 0.00000000 0.00000000 0.00 0.00 0.00 0.05 0.10 0.02 0.01 -0.01 0.00 92.99 95.49 90.01 
8.30 0 0.00000000 0.00000000 0.00 0.00 0.00 0.05 0.10 0.02 0.00 -0.01 0.00 92.98 95.55 90.01 
8.40 0 0.00000000 0.00000000 0.00 0.00 0.00 0.05 0.10 0.00 0.01 -0.01 0.00 93.08 95.47 90.01 
8.50 0 0.00000000 0.00000000 0.00 0.00 0.00 0.05 0.10 0.01 0.01 -0.01 0.04 92.99 95.46 90.25 
8.60 0 0.00000000 0.00000000 0.00 0.00 0.00 0.05 0.10 0.01 0.00 -0.02 0.00 93.01 95.49 89.99 
8.71 0 0.00000000 0.00000000 0.00 0.00 0.00 0.05 0.10 0.00 0.01 -0.02 0.00 93.04 95.50 90.00 
8.81 0 0.00000000 0.00000000 0.00 0.00 0.00 0.05 0.10 0.00 0.01 -0.01 -0.00 92.94 95.39 90.01 
8.91 0 0.00000000 0.00000000 0.00 0.00 0.00 0.05 0.10 -0.01 0.01 -0.01 -0.00 92.97 95.50 89.99 
9.01 0 0.00000000 0.00000000 0.00 0.00 0.00 0.05 0.10 0.00 0.00 -0.01 -0.00 92.85 95.48 90.00 
9.12 0 0.00000000 0.00000000 0.00 0.00 0.00 0.05 0.10 0.01 0.01 -0.01 0.00 92.94 95.46 90.00 
9.22 0 0.00000000 0.00000000 0.00 0.00 0.00 0.05 0.09 0.00 0.01 -0.01 0.00 93.03 95.37 90.00 
9.32 0 0.00000000 0.00000000 0.00 0.00 0.00 0.05 0.10 0.01 0.01 -0.01 -0.00 93.05 95.52 89.99 
9.42 0 0.00000000 0.00000000 0.00 0.00 0.00 0.05 0.10 0.01 0.00 -0.01 0.00 93.14 95.50 90.00 
9.52 0 0.00000000 0.00000000 0.00 0.00 0.00 0.05 0.10 0.00 0.01 -0.01 -0.00 92.91 95.59 90.00 
9.62 0 0.00000000 0.00000000 0.00 0.00 0.00 0.05 0.10 0.00 0.01 -0.01 0.00 92.88 95.52 90.01 
9.72 0 0.00000000 0.00000000 0.00 0.00 0.00 0.05 0.09 0.01 0.01 -0.01 0.00 92.99 95.38 90.01 
9.82 0 0.00000000 0.00000000 0.00 0.00 0.00 0.05 0.10 0.01 0.00 -0.01 -0.00 92.91 95.44 89.99 
9.93 0 0.00000000 0.00000000 0.00 0.00 0.00 0.05 0.10 0.01 0.01 -0.01 0.00 93.01 95.54 90.00 
10.03 0 0.00000000 0.00000000 0.00 0.00 0.00 0.05 0.09 0.01 0.01 -0.01 -0.00 93.02 95.44 89.99 
10.13 0 0.00000000 0.00000000 0.00 0.00 0.00 0.05 0.10 0.02 0.00 -0.01 0.00 93.02 95.46 90.00 
10.23 0 0.00000000 0.00000000 0.00 0.00 0.00 0.05 0.10 0.02 0.01 -0.01 -0.00 92.91 95.52 89.99 
10.33 0 0.00000000 0.00000000 0.00 0.00 0.00 0.05 0.10 0.01 0.01 -0.01 0.00 92.95 95.46 90.00 
10.44 0 0.00000000 0.00000000 0.00 0.00 0.00 0.05 0.10 0.03 0.00 -0.01 0.00 92.89 95.54 90.01 
10.54 0 0.00000000 0.00000000 0.00 0.00 0.00 0.05 0.10 0.01 0.01 -0.00 -0.00 92.87 95.57 90.00 
10.64 0 0.00000000 0.00000000 0.00 0.00 0.00 0.05 0.10 0.01 0.01 -0.01 0.00 93.04 95.53 90.00 
10.74 0 0.00000000 0.00000000 0.00 0.00 0.00 0.05 0.10 0.02 0.01 -0.01 0.00 92.91 95.51 90.01 
10.84 0 0.00000000 0.00000000 0.00 0.00 0.00 0.05 0.10 0.01 0.01 -0.01 -0.00 92.94 95.54 90.00 
10.94 0 0.00000000 0.00000000 0.00 0.00 0.00 0.05 0.10 0.01 0.01 -0.02 0.00 92.94 95.45 90.01 
11.05 0 0.00000000 0.00000000 0.00 0.00 0.00 0.05 0.10 0.01 0.01 -0.01 0.00 92.96 95.48 90.00 
11.15 0 0.00000000 0.00000000 0.00 0.00 0.00 0.05 0.10 0.01 0.01 -0.01 -0.00 92.92 95.51 90.00 
11.25 0 0.00000000 0.00000000 0.00 0.00 0.00 0.05 0.10 0.02 0.01 -0.02 -0.00 92.95 95.52 89.98 
11.35 0 0.00000000 0.00000000 0.00 0.00 0.00 0.05 0.10 0.02 0.01 -0.01 -0.00 92.91 95.48 89.99 
11.46 0 0.00000000 0.00000000 0.00 0.00 0.00 0.05 0.10 0.01 0.00 -0.01 -0.00 92.95 95.49 89.99 
11.56 0 0.00000000 0.00000000 0.00 0.00 0.00 0.05 0.10 -0.00 0.01 -0.01 -0.00 92.93 95.50 90.00 
11.66 0 0.00000000 0.00000000 0.00 0.00 0.00 0.05 0.09 0.01 0.01 -0.01 0.00 92.97 95.43 90.00 
11.76 0 0.00000000 0.00000000 0.00 0.00 0.00 0.05 0.09 0.01 0.01 -0.01 0.00 92.95 95.44 90.00 
11.86 0 0.00000000 0.00000000 0.00 0.00 0.00 0.05 0.09 0.02 0.01 -0.02 -0.00 92.93 95.40 89.99 
11.96 0 0.00000000 0.00000000 0.00 0.00 0.00 0.05 0.10 -0.01 0.01 -0.01 0.00 92.84 95.43 90.00 
12.06 0 0.00000000 0.00000000 0.00 0.00 0.00 0.05 0.09 0.02 0.01 -0.01 -0.00 92.86 95.32 89.99 
12.17 0 0.00000000 0.00000000 0.00 0.00 0.00 0.05 0.10 0.01 0.01 -0.01 0.00 92.91 95.46 90.00 
12.27 0 0.00000000 0.00000000 0.00 0.00 0.00 0.05 0.10 0.01 0.01 -0.00 0.04 92.86 95.50 90.24 
12.37 0 0.00000000 0.00000000 0.00 0.00 0.00 0.05 0.10 0.02 0.00 -0.02 0.00 92.77 95.54 90.00 
12.47 0 0.00000000 0.00000000 0.00 0.00 0.00 0.05 0.10 -0.01 0.01 -0.01 0.00 92.99 95.45 90.00 
12.57 0 0.00000000 0.00000000 0.00 0.00 0.00 0.05 0.09 0.01 0.01 -0.01 0.00 93.01 95.43 90.01 
12.67 0 0.00000000 0.00000000 0.00 0.00 0.00 0.05 0.10 0.01 0.01 -0.01 0.00 92.97 95.50 90.01 
12.77 0 0.00000000 0.00000000 0.00 0.00 0.00 0.05 0.10 0.02 0.01 -0.01 0.00 93.02 95.46 90.00 
12.88 0 0.00000000 0.00000000 0.00 0.00 0.00 0.05 0.09 0.03 0.01 -0.01 0.00 92.86 95.43 90.01 
12.98 0 0.00000000 0.00000000 0.00 0.00 0.00 0.05 0.10 -0.00 0.00 -0.01 0.00 93.03 95.45 90.01 
13.08 0 0.00000000 0.00000000 0.00 0.00 0.00 0.05 0.10 -0.01 0.01 -0.01 0.00 92.99 95.51 90.01 
13.18 0 0.00000000 0.00000000 0.00 0.00 0.00 0.05 0.09 0.00 0.00 -0.01 -0.00 92.92 95.46 90.00 
13.28 0 0.00000000 0.00000000 0.00 0.00 0.00 0.05 0.10 0.00 0.01 -0.01 0.00 92.90 95.53 90.01 
13.38 0 0.00000000 0.00000000 0.00 0.00 0.00 0.05 0.09 0.02 -0.00 -0.01 0.00 93.00 95.40 90.01 
13.48 0 0.00000000 0.00000000 0.00 0.00 0.00 0.05 0.10 0.00 0.01 -0.01 0.00 92.98 95.46 90.00 
13.59 0 0.00000000 0.00000000 0.00 0.00 0.00 0.05 0.10 0.01 0.01 -0.01 -0.00 93.04 95.49 89.99 
13.69 0 0.00000000 0.00000000 0.00 0.00 0.00 0.05 0.10 0.00 0.01 -0.01 -0.00 92.94 95.68 89.99 
13.79 0 0.00000000 0.00000000 0.00 0.00 0.00 0.05 0.10 -0.01 0.01 -0.01 -0.00 92.94 95.59 89.99 
13.89 0 0.00000000 0.00000000 0.00 0.00 0.00 0.05 0.09 0.02 0.00 -0.01 -0.00 92.98 95.44 90.00 
13.99 0 0.00000000 0.00000000 0.00 0.00 0.00 0.05 0.10 0.01 0.01 -0.01 0.00 92.91 95.48 90.00 
14.10 0 0.00000000 0.00000000 0.00 0.00 0.00 0.05 0.09 0.01 0.01 -0.01 -0.00 92.92 95.42 90.00 
14.20 0 0.00000000 0.00000000 0.00 0.00 0.00 0.05 0.09 0.01 0.01 -0.01 0.00 92.92 95.39 90.01 
14.30 0 0.00000000 0.00000000 0.00 0.00 0.00 0.05 0.09 0.01 0.01 -0.01 -0.00 93.07 95.44 89.99 
14.40 0 0.00000000 0.00000000 0.00 0.00 0.00 0.05 0.10 0.01 0.01 -0.01 -0.00 92.92 95.45 90.00 
14.50 0 0.00000000 0.00000000 0.00 0.00 0.00 0.05 0.10 0.01 0.01 -0.01 0.00 92.95 95.51 90.02 
14.60 0 0.00000000 0.00000000 0.00 0.00 0.00 0.05 0.10 -0.00 0.01 -0.02 0.00 93.01 95.55 90.01 
14.70 0 0.00000000 0.00000000 0.00 0.00 0.00 0.05 0.10 0.00 0.01 -0.01 0.00 93.12 95.59 89.99 
14.81 0 0.00000000 0.00000000 0.00 0.00 0.00 0.05 0.09 0.02 0.01 -0.01 -0.00 93.09 95.42 89.99 
14.91 0 0.00000000 0.00000000 0.00 0.00 0.00 0.05 0.10 0.01 0.01 -0.01 -0.00 92.98 95.55 90.00 
15.01 0 0.00000000 0.00000000 0.00 0.00 0.00 0.05 0.10 0.00 0.01 -0.01 0.00 93.04 95.52 90.01 
15.11 0 0.00000000 0.00000000 0.00 0.00 0.00 0.05 0.09 0.00 0.01 -0.01 -0.00 92.95 95.43 89.99 
15.21 0 0.00000000 0.00000000 0.00 0.00 0.00 0.05 0.09 0.00 0.01 -0.01 0.00 92.97 95.32 90.00 
15.31 0 0.00000000 0.00000000 0.00 0.00 0.00 0.05 0.10 0.01 0.01 -0.01 -0.00 92.99 95.51 89.98 
15.41 0 0.00000000 0.00000000 0.00 0.00 0.00 0.05 0.09 0.01 0.01 -0.01 -0.00 93.11 95.31 90.00 
15.51 0 0.00000000 0.00000000 0.00 0.00 0.00 0.05 0.10 0.02 0.01 -0.01 -0.00 92.99 95.45 90.00 
15.61 0 0.00000000 0.00000000 0.00 0.00 0.00 0.05 0.09 0.01 0.01 -0.01 0.00 92.99 95.41 90.00 
15.72 0 0.00000000 0.00000000 0.00 0.00 0.00 0.05 0.09 -0.00 0.01 -0.01 -0.00 92.95 95.41 90.00 
15.82 0 0.00000000 0.00000000 0.00 0.00 0.00 0.05 0.09 0.02 0.01 -0.01 0.00 92.91 95.41 90.00 
15.92 0 0.00000000 0.00000000 0.00 0.00 0.00 0.05 0.10 0.01 0.02 -0.01 0.00 92.98 95.49 90.00 
16.02 0 0.00000000 0.00000000 0.00 0.00 0.00 0.05 0.10 0.02 0.01 -0.01 -0.00 92.87 95.47 90.00 
16.12 0 0.00000000 0.00000000 0.00 0.00 0.00 0.05 0.10 0.01 0.01 -0.01 0.00 92.84 95.54 90.01 
16.22 0 0.00000000 0.00000000 0.00 0.00 0.00 0.05 0.10 0.01 0.01 -0.01 0.00 92.78 95.49 90.00 
16.32 0 0.00000000 0.00000000 0.00 0.00 0.00 0.05 0.10 0.02 0.01 -0.01 -0.00 93.03 95.56 90.00 
16.42 0 0.00000000 0.00000000 0.00 0.00 0.00 0.05 0.10 0.01 0.02 -0.00 0.00 92.83 95.51 90.01 
16.53 0 0.00000000 0.00000000 0.00 0.00 0.00 0.05 0.10 0.00 0.00 -0.01 0.00 92.86 95.51 90.01 
16.63 0 0.00000000 0.00000000 0.00 0.00 0.00 0.05 0.09 0.01 0.00 -0.01 0.00 92.89 95.42 90.01 
16.73 0 0.00000000 0.00000000 0.00 0.00 0.00 0.05 0.10 0.01 -0.00 -0.01 0.00 92.99 95.47 90.00 
16.83 0 0.00000000 0.00000000 0.00 0.00 0.00 0.05 0.10 0.00 0.01 -0.02 0.00 92.99 95.44 90.01 
16.93 0 0.00000000 0.00000000 0.00 0.00 0.00 0.05 0.10 0.00 0.01 -0.01 -0.00 92.98 95.48 90.01 
17.03 0 0.00000000 0.00000000 0.00 0.00 0.00 0.05 0.09 -0.00 0.00 -0.02 -0.00 92.96 95.40 90.00 
17.13 0 0.00000000 0.00000000 0.00 0.00 0.00 0.05 0.09 -0.01 0.01 -0.01 -0.00 92.95 95.42 89.99 
17.23 0 0.00000000 0.00000000 0.00 0.00 0.00 0.05 0.10 -0.01 0.01 -0.01 0.00 92.96 95.51 90.00 
17.34 0 0.00000000 0.00000000 0.00 0.00 0.00 0.05 0.10 0.01 0.01 -0.01 0.00 92.97 95.52 90.00 
17.44 0 0.00000000 0.00000000 0.00 0.00 0.00 0.05 0.10 0.01 0.01 -0.01 0.00 93.09 95.53 90.01 
17.54 0 0.00000000 0.00000000 0.00 0.00 0.00 0.05 0.10 0.01 0.01 -0.01 0.00 93.06 95.52 90.01 
17.64 0 0.00000000 0.00000000 0.00 0.00 0.00 0.05 0.10 0.02 0.01 -0.01 -0.00 93.01 95.51 90.00 
17.74 0 0.00000000 0.00000000 0.00 0.00 0.00 0.05 0.10 0.02 0.01 -0.01 0.00 92.96 95.54 90.00 
17.84 0 0.00000000 0.00000000 0.00 0.00 0.00 0.05 0.10 0.00 0.00 -0.02 0.00 92.87 95.57 90.01 
17.94 0 0.00000000 0.00000000 0.00 0.00 0.00 0.05 0.09 0.03 0.01 -0.01 -0.00 93.00 95.42 90.00 
18.04 0 0.00000000 0.00000000 0.00 0.00 0.00 0.05 0.09 0.01 0.01 -0.01 0.00 92.86 95.41 90.00 
18.14 0 0.00000000 0.00000000 0.00 0.00 0.00 0.05 0.09 0.02 0.01 -0.01 0.00 92.88 95.38 90.00 
18.24 0 0.00000000 0.00000000 0.00 0.00 0.00 0.05 0.10 0.00 -0.00 -0.02 0.00 93.00 95.48 90.00 
18.34 0 0.00000000 0.00000000 0.00 0.00 0.00 0.05 0.10 0.00 0.00 -0.01 0.00 93.14 95.52 90.01 
18.44 0 0.00000000 0.00000000 0.00 0.00 0.00 0.05 0.09 0.03 0.00 -0.01 -0.00 93.06 95.42 90.00 
18.54 0 0.00000000 0.00000000 0.00 0.00 0.00 0.05 0.09 0.01 0.01 -0.01 0.00 93.03 95.43 90.00 
18.65 0 0.00000000 0.00000000 0.00 0.00 0.00 0.05 0.10 0.01 0.01 -0.01 -0.00 93.06 95.50 90.01 
18.75 0 0.00000000 0.00000000 0.00 0.00 0.00 0.05 0.09 0.01 0.01 -0.02 -0.00 93.04 95.38 89.99 
18.85 0 0.00000000 0.00000000 0.00 0.00 0.00 0.05 0.09 0.01 0.01 -0.01 0.00 92.86 95.38 90.00 
18.96 0 0.00000000 0.00000000 0.00 0.00 0.00 0.05 0.10 0.01 0.00 -0.01 0.00 92.94 95.52 90.00 
19.06 0 0.00000000 0.00000000 0.00 0.00 0.00 0.05 0.10 0.01 0.01 -0.01 -0.00 93.00 95.61 89.99 
19.16 0 0.00000000 0.00000000 0.00 0.00 0.00 0.05 0.09 0.01 0.01 -0.01 0.00 93.00 95.46 90.01 
19.26 0 0.00000000 0.00000000 0.00 0.00 0.00 0.05 0.10 0.01 0.01 -0.01 0.00 93.01 95.50 90.00 
19.36 0 0.00000000 0.00000000 0.00 0.00 0.00 0.05 0.10 0.00 0.00 -0.01 0.00 93.03 95.52 90.01 
19.47 0 0.00000000 0.00000000 0.00 0.00 0.00 0.05 0.10 0.01 0.01 -0.01 0.00 92.97 95.53 90.00 
19.57 0 0.00000000 0.00000000 0.00 0.00 0.00 0.05 0.09 0.00 0.00 -0.01 0.00 92.88 95.41 90.00 
19.68 0 0.00000000 0.00000000 0.00 0.00 0.00 0.05 0.10 0.01 0.01 -0.01 -0.00 93.03 95.47 89.99 
19.78 0 0.00000000 0.00000000 0.00 0.00 0.00 0.05 0.09 0.02 0.01 -0.01 0.00 93.01 95.41 90.01 
19.88 0 0.00000000 0.00000000 0.00 0.00 0.00 0.05 0.09 0.01 0.01 -0.01 -0.00 92.92 95.41 90.00 
19.98 0 0.00000000 0.00000000 0.00 0.00 0.00 0.05 0.09 0.00 0.00 -0.01 0.00 92.88 95.36 90.02 
20.08 0 0.00000000 0.00000000 0.00 0.00 0.00 0.05 0.09 -0.00 0.01 -0.01 0.00 92.99 95.43 90.01 
20.18 0 0.00000000 0.00000000 0.00 0.00 0.00 0.05 0.09 0.01 0.00 -0.02 0.00 92.96 95.40 90.01 
20.28 0 0.00000000 0.00000000 0.00 0.00 0.00 0.05 0.09 0.02 0.01 -0.01 0.00 92.91 95.35 90.01 
20.39 0 0.00000000 0.00000000 0.00 0.00 0.00 0.05 0.09 0.00 0.01 -0.01 -0.00 92.97 95.45 90.00 
20.49 0 0.00000000 0.00000000 0.00 0.00 0.00 0.05 0.10 0.00 0.01 -0.01 0.00 92.97 95.47 90.00 
20.59 0 0.00000000 0.00000000 0.00 0.00 0.00 0.05 0.09 0.02 0.01 -0.01 0.00 92.95 95.44 90.00 
20.69 0 0.00000000 0.00000000 0.00 0.00 0.00 0.05 0.10 0.00 0.00 -0.02 0.00 92.84 95.45 90.00 
20.79 0 0.00000000 0.00000000 0.00 0.00 0.00 0.05 0.09 0.02 0.01 -0.01 0.00 92.90 95.30 90.00 
20.89 0 0.00000000 0.00000000 0.00 0.00 0.00 0.05 0.09 0.02 0.01 -0.01 0.00 93.01 95.40 90.00 
21.00 0 0.00000000 0.00000000 0.00 0.00 0.00 0.05 0.09 0.02 0.00 -0.01 -0.00 92.99 95.37 89.99 
21.10 0 0.00000000 0.00000000 0.00 0.00 0.00 0.05 0.09 0.02 0.00 -0.01 0.00 92.88 95.36 90.00 
21.20 0 0.00000000 0.00000000 0.00 0.00 0.00 0.05 0.10 0.01 0.01 -0.01 -0.00 92.88 95.47 90.00 
21.30 0 0.00000000 0.00000000 0.00 0.00 0.00 0.05 0.10 0.01 0.01 -0.01 0.00 92.98 95.56 90.01 
21.40 0 0.00000000 0.00000000 0.00 0.00 0.00 0.05 0.09 0.01 0.01 -0.01 -0.00 93.02 95.40 89.99 
21.50 0 0.00000000 0.00000000 0.00 0.00 0.00 0.05 0.09 0.01 0.00 -0.01 0.00 93.04 95.30 90.01 
21.60 0 0.00000000 0.00000000 0.00 0.00 0.00 0.06 0.09 0.01 0.01 -0.01 0.00 93.16 95.35 90.01 
21.70 0 0.00000000 0.00000000 0.00 0.00 0.00 0.05 0.09 0.00 -0.00 -0.01 0.00 93.04 95.39 90.01 
21.81 0 0.00000000 0.00000000 0.00 0.00 0.00 0.05 0.10 0.00 0.01 -0.01 0.00 93.09 95.49 90.00 
21.91 0 0.00000000 0.00000000 0.00 0.00 0.00 0.05 0.09 0.01 0.01 -0.01 -0.00 92.92 95.41 89.99 
22.01 0 0.00000000 0.00000000 0.00 0.00 0.00 0.05 0.09 0.01 0.01 -0.00 -0.00 92.97 95.43 89.99 
22.11 0 0.00000000 0.00000000 0.00 0.00 0.00 0.05 0.10 0.01 0.01 -0.01 0.00 93.04 95.47 90.01 
22.22 0 0.00000000 0.00000000 0.00 0.00 0.00 0.05 0.10 0.02 0.01 -0.01 0.00 92.93 95.46 89.99 
22.32 0 0.00000000 0.00000000 0.00 0.00 0.00 0.05 0.09 0.01 0.01 -0.01 0.00 92.93 95.33 90.01 
22.42 0 0.00000000 0.00000000 0.00 0.00 0.00 0.05 0.09 0.01 0.01 -0.01 0.00 92.95 95.37 90.01 
22.52 0 0.00000000 0.00000000 0.00 0.00 0.00 0.05 0.10 0.01 0.00 -0.02 0.00 92.94 95.46 90.00 
22.62 0 0.00000000 0.00000000 0.00 0.00 0.00 0.05 0.10 0.00 0.01 -0.02 -0.00 93.03 95.50 89.99 
22.72 0 0.00000000 0.00000000 0.00 0.00 0.00 0.05 0.09 0.00 0.01 -0.01 -0.00 92.96 95.43 90.00 
22.82 0 0.00000000 0.00000000 0.00 0.00 0.00 0.05 0.10 0.01 0.00 -0.01 -0.00 92.95 95.46 90.00 
22.92 0 0.00000000 0.00000000 0.00 0.00 0.00 0.05 0.10 0.01 0.01 -0.01 0.01 92.93 95.49 90.03 
23.02 0 0.00000000 0.00000000 0.00 0.00 0.00 0.05 0.09 0.02 0.01 -0.01 0.00 92.99 95.41 90.01 
23.13 0 0.00000000 0.00000000 0.00 0.00 0.00 0.05 0.09 0.01 0.01 -0.01 0.00 93.00 95.33 90.01 
23.23 0 0.00000000 0.00000000 0.00 0.00 0.00 0.05 0.09 0.02 0.01 -0.01 0.00 93.03 95.38 89.99 
23.33 0 0.00000000 0.00000000 0.00 0.00 0.00 0.05 0.10 0.00 0.01 -0.01 0.00 92.95 95.54 90.01 
23.43 0 0.00000000 0.00000000 0.00 0.00 0.00 0.05 0.10 -0.02 0.01 -0.00 0.00 92.98 95.52 90.01 
23.53 0 0.00000000 0.00000000 0.00 0.00 0.00 0.05 0.09 0.02 0.01 -0.01 0.00 92.86 95.46 89.98 
23.63 0 0.00000000 0.00000000 0.00 0.00 0.00 0.05 0.10 0.01 0.01 -0.01 0.00 92.81 95.47 90.01 
23.73 0 0.00000000 0.00000000 0.00 0.00 0.00 0.05 0.10 0.01 0.00 -0.01 0.00 92.86 95.43 90.00 
23.83 0 0.00000000 0.00000000 0.00 0.00 0.00 0.05 0.10 -0.00 0.01 -0.02 -0.00 92.95 95.56 89.99 
23.93 0 0.00000000 0.00000000 0.00 0.00 0.00 0.05 0.10 -0.00 0.00 -0.01 -0.00 92.99 95.48 90.00 
24.03 0 0.00000000 0.00000000 0.00 0.00 0.00 0.05 0.10 0.03 0.00 -0.01 -0.00 93.05 95.46 89.99 
24.14 0 0.00000000 0.00000000 0.00 0.00 0.00 0.05 0.10 -0.01 0.00 -0.01 -0.00 93.04 95.56 90.00 
24.24 0 0.00000000 0.00000000 0.00 0.00 0.00 0.05 0.10 0.00 0.01 -0.01 0.00 93.01 95.62 90.00 
24.34 0 0.00000000 0.00000000 0.00 0.00 0.00 0.05 0.10 0.00 0.00 -0.01 -0.00 92.99 95.60 90.00 
24.44 0 0.00000000 0.00000000 0.00 0.00 0.00 0.05 0.10 0.01 0.00 -0.01 0.00 92.93 95.52 90.00 
24.54 0 0.00000000 0.00000000 0.00 0.00 0.00 0.05 0.10 0.02 0.01 -0.01 -0.00 92.83 95.48 90.00 
24.65 0 0.00000000 0.00000000 0.00 0.00 0.00 0.05 0.10 -0.01 0.00 -0.01 0.00 92.98 95.59 90.00 
24.75 0 0.00000000 0.00000000 0.00 0.00 0.00 0.05 0.10 -0.00 0.01 -0.01 0.00 93.01 95.54 90.02 
24.85 0 0.00000000 0.00000000 0.00 0.00 0.00 0.05 0.10 0.01 0.00 -0.02 0.00 93.05 95.52 90.02 
24.95 0 0.00000000 0.00000000 0.00 0.00 0.00 0.05 0.10 -0.01 0.01 -0.01 -0.00 93.06 95.50 90.00 
25.06 0 0.00000000 0.00000000 0.00 0.00 0.00 0.05 0.10 0.01 0.01 -0.01 0.00 93.03 95.40 90.01 
25.16 0 0.00000000 0.00000000 0.00 0.00 0.00 0.05 0.09 0.01 0.01 -0.01 0.00 92.92 95.41 90.00 
25.27 0 0.00000000 0.00000000 0.00 0.00 0.00 0.05 0.10 0.00 -0.00 -0.01 0.00 92.85 95.49 90.00 
25.37 0 0.00000000 0.00000000 0.00 0.00 0.00 0.05 0.10 0.02 0.01 -0.01 0.00 92.94 95.57 90.00 
25.47 0 0.00000000 0.00000000 0.00 0.00 0.00 0.05 0.10 0.00 0.01 -0.01 0.00 92.92 95.59 90.01 
25.57 0 0.00000000 0.00000000 0.00 0.00 0.00 0.05 0.10 0.00 0.01 -0.01 -0.00 92.87 95.48 90.00 
25.67 0 0.00000000 0.00000000 0.00 0.00 0.00 0.05 0.10 -0.00 0.00 -0.01 0.00 92.98 95.49 90.00 
25.77 0 0.00000000 0.00000000 0.00 0.00 0.00 0.05 0.10 0.01 0.01 -0.01 0.00 92.95 95.46 90.00 
25.87 0 0.00000000 0.00000000 0.00 0.00 0.00 0.05 0.09 0.01 0.01 -0.01 0.00 92.89 95.43 90.00 
25.97 0 0.00000000 0.00000000 0.00 0.00 0.00 0.05 0.10 -0.00 0.00 -0.01 0.00 92.91 95.58 90.00 
26.07 0 0.00000000 0.00000000 0.00 0.00 0.00 0.05 0.10 0.01 0.01 -0.01 -0.00 92.92 95.45 90.00 
26.17 0 0.00000000 0.00000000 0.00 0.00 0.00 0.05 0.10 0.02 0.01 -0.01 0.00 92.95 95.46 90.00 
26.27 0 0.00000000 0.00000000 0.00 0.00 0.00 0.05 0.09 -0.01 0.01 -0.01 0.00 93.02 95.37 90.00 
26.37 0 0.00000000 0.00000000 0.00 0.00 0.00 0.05 0.09 0.00 0.00 -0.01 -0.00 92.93 95.41 90.00 
26.48 0 0.00000000 0.00000000 0.00 0.00 0.00 0.05 0.09 0.01 0.01 -0.01 0.00 92.94 95.10 90.02 
26.58 0 0.00000000 0.00000000 0.00 0.00 0.00 0.05 0.10 0.00 0.00 -0.01 0.00 92.92 95.53 90.02 
26.68 0 0.00000000 0.00000000 0.00 0.00 0.00 0.05 0.10 0.01 0.01 -0.01 0.00 92.87 95.47 90.00 
26.79 0 0.00000000 0.00000000 0.00 0.00 0.00 0.05 0.09 0.02 0.01 -0.01 0.00 93.02 95.37 90.02 
26.89 0 0.00000000 0.00000000 0.00 0.00 0.00 0.05 0.10 0.01 0.00 -0.01 -0.00 92.98 95.52 90.00 
26.99 0 0.00000000 0.00000000 0.00 0.00 0.00 0.05 0.10 0.01 0.01 -0.01 -0.00 92.95 95.51 90.00 
27.09 0 0.00000000 0.00000000 0.00 0.00 0.00 0.05 0.10 0.00 0.00 -0.01 0.00 92.97 95.50 90.01 
27.19 0 0.00000000 0.00000000 0.00 0.00 0.00 0.05 0.10 0.01 0.01 -0.01 -0.00 92.95 95.52 89.99 
27.29 0 0.00000000 0.00000000 0.00 0.00 0.00 0.05 0.10 0.00 0.01 -0.01 0.00 92.96 95.49 90.00 
27.39 0 0.00000000 0.00000000 0.00 0.00 0.00 0.05 0.10 0.01 0.00 -0.01 0.00 92.99 95.55 90.01 
27.49 0 0.00000000 0.00000000 0.00 0.00 0.00 0.05 0.10 0.01 0.01 -0.01 0.00 92.98 95.47 90.00 
27.59 0 0.00000000 0.00000000 0.37 75.04 0.00 0.05 0.09 0.00 0.01 -0.01 0.00 92.94 95.39 90.01 
27.70 0 0.00000000 0.00000000 0.37 75.04 0.00 0.05 0.10 -0.00 0.01 -0.01 0.00 92.88 95.56 90.00 
27.80 0 0.00000000 0.00000000 0.37 75.04 0.00 0.05 0.10 0.00 -0.00 -0.01 0.00 92.97 95.49 90.00 
27.90 0 0.00000000 0.00000000 0.37 75.04 0.00 0.05 0.10 0.00 0.01 -0.01 0.04 92.95 95.54 90.25 
28.00 0 0.00000000 0.00000000 0.37 75.04 0.00 0.05 0.10 0.01 0.01 -0.02 0.00 92.86 95.53 90.00 
28.10 0 0.00000000 0.00000000 0.37 75.04 0.00 0.05 0.10 -0.00 0.00 -0.01 -0.00 92.86 95.52 89.99 
28.20 0 0.00000000 0.00000000 0.37 75.04 0.00 0.05 0.10 0.01 0.00 -0.01 0.00 92.97 95.52 90.02 
28.31 0 0.00000000 0.00000000 0.37 75.04 0.00 0.05 0.09 0.02 0.01 -0.01 0.00 92.87 95.47 89.99 
28.41 0 0.00000000 0.00000000 0.37 75.04 0.00 0.05 0.10 0.01 0.01 -0.01 0.00 92.90 95.52 89.99 
28.52 0 0.00000000 0.00000000 0.31 77.36 0.00 0.05 0.10 0.00 0.00 -0.01 0.00 92.84 95.50 90.01 
28.62 0 0.00000000 0.00000000 0.31 77.36 0.00 0.05 0.10 0.01 0.00 -0.01 0.00 92.83 95.62 90.00 
28.75 0 0.00000000 0.00000000 0.31 77.36 0.00 0.05 0.10 0.01 0.01 -0.01 0.00 92.83 95.63 90.00 
28.90 0 0.00000000 0.00000000 0.31 77.36 0.00 0.05 0.10 0.00 0.01 -0.01 -0.00 92.83 95.64 90.00 
29.03 0 0.00000000 0.00000000 0.31 77.36 0.00 0.05 0.10 0.00 0.01 -0.01 -0.00 92.81 95.63 90.00 
29.17 0 0.00000000 0.00000000 0.31 77.36 0.00 0.05 0.10 -0.00 0.01 -0.01 0.00 92.82 95.65 90.01 
29.27 0 0.00000000 0.00000000 0.31 77.36 0.00 0.05 0.10 0.00 0.01 -0.01 0.00 92.83 95.60 90.00 
29.37 0 0.00000000 0.00000000 0.31 77.36 0.00 0.05 0.10 -0.01 0.01 -0.02 0.00 92.94 95.49 90.00 
29.47 0 0.00000000 0.00000000 0.31 77.36 0.00 0.05 0.09 0.01 0.01 -0.01 0.00 92.90 95.42 90.01 
29.57 0 0.00000000 0.00000000 0.31 77.36 0.00 0.05 0.10 0.02 0.01 -0.01 -0.00 92.94 95.55 90.00 
29.68 0 0.00000000 0.00000000 0.31 77.36 0.00 0.05 0.10 0.01 0.01 -0.01 0.00 92.87 95.55 90.00 
29.78 0 0.00000000 0.00000000 0.31 77.36 0.00 0.05 0.10 -0.00 0.00 -0.01 0.00 92.90 95.50 90.01 
29.88 0 0.00000000 0.00000000 0.31 77.36 0.00 0.05 0.10 0.02 0.01 -0.01 0.00 92.99 95.55 90.01 
29.98 0 0.00000000 0.00000000 0.31 77.36 0.00 0.05 0.10 -0.00 0.01 -0.01 -0.00 92.85 95.70 89.99 
30.08 0 0.00000000 0.00000000 0.31 77.36 0.00 0.05 0.10 0.00 0.00 -0.01 0.00 92.87 95.53 90.01 
30.18 0 0.00000000 0.00000000 0.31 77.36 0.00 0.05 0.10 0.01 0.01 -0.01 0.00 92.87 95.51 90.01 
30.29 0 0.00000000 0.00000000 0.11 75.02 0.00 0.05 0.10 -0.00 0.00 -0.01 0.00 92.85 95.66 90.01 
30.39 0 0.00000000 0.00000000 0.11 75.02 0.00 0.05 0.10 0.01 0.01 -0.01 0.00 92.83 95.63 90.01 
30.49 0 0.00000000 0.00000000 0.11 75.02 0.00 0.05 0.10 -0.00 0.01 -0.01 -0.00 92.87 95.59 89.98 
30.59 0 0.00000000 0.00000000 0.11 75.02 0.00 0.05 0.10 0.01 0.01 -0.01 0.00 92.92 95.53 90.01 
30.69 0 0.00000000 0.00000000 0.11 75.02 0.00 0.05 0.10 0.00 0.01 -0.01 0.00 92.99 95.56 89.98 
30.79 0 0.00000000 0.00000000 0.11 75.02 0.00 0.05 0.10 0.01 0.01 -0.01 0.00 92.94 95.64 90.01 
30.89 0 0.00000000 0.00000000 0.11 75.02 0.00 0.05 0.10 -0.01 0.01 -0.01 0.00 92.89 95.60 90.01 
31.00 0 0.00000000 0.00000000 0.11 75.02 0.00 0.05 0.10 0.01 0.01 -0.01 -0.00 93.05 95.65 90.00 
31.10 0 0.00000000 0.00000000 0.11 75.02 0.00 0.05 0.10 -0.00 0.01 -0.02 0.00 92.91 95.62 90.02 
31.20 0 0.00000000 0.00000000 0.01 278.37 0.00 0.05 0.10 0.01 0.01 -0.02 -0.00 92.84 95.56 89.99 
31.30 0 0.00000000 0.00000000 0.01 278.37 0.00 0.05 0.10 0.01 0.01 -0.01 0.00 92.88 95.49 90.01 
31.40 0 0.00000000 0.00000000 0.01 278.37 0.00 0.05 0.10 -0.00 0.01 -0.01 0.00 92.91 95.47 90.00 
31.50 0 0.00000000 0.00000000 0.01 278.37 0.00 0.05 0.10 0.01 0.01 -0.01 0.00 92.96 95.45 90.01 
31.60 0 0.00000000 0.00000000 0.01 278.37 0.00 0.05 0.10 0.01 0.01 -0.01 0.00 92.97 95.46 90.01 
31.71 0 0.00000000 0.00000000 0.01 278.37 0.00 0.05 0.10 0.01 0.00 -0.01 0.00 92.91 95.59 90.00 
31.81 0 0.00000000 0.00000000 0.01 278.37 0.00 0.05 0.10 0.00 0.01 -0.01 0.00 92.93 95.49 90.01 
31.91 0 0.00000000 0.00000000 0.01 278.37 0.00 0.05 0.10 -0.01 0.01 -0.01 0.00 92.99 95.42 90.01 
32.01 0 0.00000000 0.00000000 0.01 278.37 0.00 0.05 0.09 0.01 0.01 -0.01 -0.00 92.98 95.41 90.00 
32.11 0 0.00000000 0.00000000 0.01 278.37 0.00 0.05 0.10 0.00 0.01 -0.01 0.00 92.92 95.50 90.00 
32.21 0 0.00000000 0.00000000 0.01 306.72 0.00 0.05 0.10 -0.00 0.00 -0.01 0.00 92.91 95.56 90.02 
32.31 0 0.00000000 0.00000000 0.01 306.72 0.00 0.05 0.10 0.01 0.01 -0.01 0.00 92.94 95.50 90.02 
32.42 0 0.00000000 0.00000000 0.01 306.72 0.00 0.05 0.10 0.01 0.01 -0.01 0.00 92.90 95.61 90.00 
32.52 0 0.00000000 0.00000000 0.04 261.60 0.00 0.05 0.10 0.01 0.01 -0.01 0.00 92.89 95.61 90.00 
32.62 0 0.00000000 0.00000000 0.04 261.60 0.00 0.05 0.09 0.02 0.00 -0.01 0.00 92.90 95.31 90.01 
32.72 0 0.00000000 0.00000000 0.04 261.60 0.00 0.05 0.09 0.02 0.01 -0.01 0.00 92.95 95.41 90.01 
32.82 0 0.00000000 0.00000000 0.04 261.60 0.00 0.05 0.10 0.01 0.01 -0.01 0.00 92.95 95.51 90.00 
32.92 0 0.00000000 0.00000000 0.04 261.60 0.00 0.05 0.10 0.01 0.01 -0.02 0.00 92.89 95.51 90.01 
33.02 0 0.00000000 0.00000000 0.04 261.60 0.00 0.05 0.10 0.01 0.01 -0.01 0.00 92.85 95.58 90.01 
33.12 0 0.00000000 0.00000000 0.04 261.60 0.00 0.05 0.10 0.00 0.01 -0.01 0.00 92.75 95.48 90.00 
33.22 0 0.00000000 0.00000000 0.04 261.60 0.00 0.05 0.10 0.01 0.00 -0.01 0.00 92.85 95.54 90.01 
33.32 0 0.00000000 0.00000000 0.04 261.60 0.00 0.05 0.10 0.00 0.01 -0.01 -0.00 92.86 95.60 90.00 
33.42 0 0.00000000 0.00000000 0.04 261.60 0.00 0.05 0.09 0.00 0.01 -0.00 0.00 92.88 95.40 90.02 
33.52 0 0.00000000 0.00000000 0.04 261.60 0.00 0.05 0.10 0.00 0.01 -0.01 0.00 92.97 95.47 90.02 
33.62 0 0.00000000 0.00000000 0.04 261.60 0.00 0.05 0.09 0.04 0.01 -0.01 -0.00 92.81 95.43 90.00 
33.72 0 0.00000000 0.00000000 0.04 261.60 0.00 0.05 0.10 -0.00 0.00 -0.01 0.00 92.91 95.53 90.00 
33.82 0 0.00000000 0.00000000 0.04 261.60 0.00 0.05 0.10 0.01 0.01 -0.01 0.00 92.90 95.56 90.01 
33.92 0 0.00000000 0.00000000 0.04 261.60 0.00 0.05 0.10 0.02 0.01 -0.01 0.00 93.08 95.54 90.00 
34.03 0 0.00000000 0.00000000 0.04 261.60 0.00 0.05 0.10 -0.01 0.02 -0.01 -0.00 92.95 95.49 89.99 
34.13 0 0.00000000 0.00000000 0.04 261.60 0.00 0.05 0.10 0.02 0.00 -0.01 0.00 92.92 95.49 90.01 
34.23 0 0.00000000 0.00000000 0.16 321.51 0.00 0.05 0.09 0.01 0.01 -0.01 0.00 92.92 95.42 90.00 
34.33 0 0.00000000 0.00000000 0.16 321.51 0.00 0.05 0.09 0.01 0.00 -0.01 -0.00 93.02 95.35 89.99 
34.43 0 0.00000000 0.00000000 0.16 321.51 0.00 0.05 0.09 0.00 0.01 -0.01 0.00 92.95 95.43 90.02 
34.53 0 0.00000000 0.00000000 0.16 321.51 0.00 0.05 0.09 0.02 0.01 -0.01 0.00 93.05 95.43 90.01 
34.63 0 0.00000000 0.00000000 0.16 321.51 0.00 0.05 0.09 0.02 0.01 -0.01 -0.00 93.08 95.40 89.99 
34.73 0 0.00000000 0.00000000 0.16 321.51 0.00 0.05 0.10 0.01 0.01 -0.01 0.00 93.12 95.48 90.01 
34.83 0 0.00000000 0.00000000 0.16 321.51 0.00 0.05 0.10 -0.01 0.00 -0.01 -0.00 93.04 95.53 89.99 
34.93 0 0.00000000 0.00000000 0.16 321.51 0.00 0.05 0.10 0.00 0.01 -0.01 0.00 93.03 95.46 90.01 
35.03 0 0.00000000 0.00000000 0.16 321.51 0.00 0.05 0.09 0.01 0.00 -0.01 0.00 92.96 95.43 90.01 
35.13 0 0.00000000 0.00000000 0.16 321.51 0.00 0.05 0.10 0.00 0.01 -0.01 0.00 92.95 95.51 90.01 
35.23 0 0.00000000 0.00000000 0.22 269.60 0.00 0.05 0.10 0.01 0.01 -0.01 0.00 93.07 95.47 90.01 
35.33 0 0.00000000 0.00000000 0.22 269.60 0.00 0.05 0.09 0.01 0.01 -0.01 -0.00 92.99 95.43 90.00 
35.44 0 0.00000000 0.00000000 0.22 269.60 0.00 0.05 0.10 0.01 0.01 -0.01 0.00 93.02 95.45 90.01 
35.54 0 0.00000000 0.00000000 0.22 269.60 0.00 0.05 0.10 0.01 0.01 -0.01 0.00 93.04 95.45 90.00 
35.64 0 0.00000000 0.00000000 0.22 269.60 0.00 0.05 0.09 0.01 0.01 -0.01 0.00 92.95 95.41 90.00 
35.74 0 0.00000000 0.00000000 0.22 269.60 0.00 0.05 0.09 0.01 0.01 -0.01 -0.00 92.92 95.41 89.99 
35.84 0 0.00000000 0.00000000 0.22 269.60 0.00 0.05 0.09 0.01 0.01 -0.01 0.00 92.99 95.42 90.00 
35.94 0 0.00000000 0.00000000 0.22 269.60 0.00 0.05 0.09 0.01 0.01 -0.01 0.00 92.92 95.34 90.02 
36.04 0 0.00000000 0.00000000 0.22 269.60 0.00 0.05 0.10 0.04 0.01 -0.01 -0.00 92.95 95.44 90.00 
36.14 0 0.00000000 0.00000000 0.22 269.60 0.00 0.05 0.09 0.01 0.01 -0.01 0.00 93.08 95.36 90.01 
36.24 0 0.00000000 0.00000000 0.24 312.89 0.00 0.05 0.10 0.01 0.01 -0.01 0.00 93.06 95.45 90.01 
36.34 0 0.00000000 0.00000000 0.24 312.89 0.00 0.05 0.10 0.01 0.01 -0.01 0.00 93.06 95.46 90.02 
36.44 0 0.00000000 0.00000000 0.24 312.89 0.00 0.05 0.09 0.01 0.00 -0.01 0.00 93.06 95.41 90.02 
36.55 0 0.00000000 0.00000000 0.24 312.89 0.00 0.05 0.10 0.02 0.01 -0.01 0.00 92.82 95.52 90.00 
36.65 0 0.00000000 0.00000000 0.24 312.89 0.00 0.05 0.10 0.00 0.01 -0.01 0.00 92.90 95.49 90.00 
36.75 0 0.00000000 0.00000000 0.24 312.89 0.00 0.05 0.10 -0.00 0.01 -0.01 0.00 93.01 95.46 90.01 
36.85 0 0.00000000 0.00000000 0.24 312.89 0.00 0.05 0.10 0.02 0.00 -0.01 0.00 92.90 95.57 90.00 
36.95 0 0.00000000 0.00000000 0.24 312.89 0.00 0.05 0.10 0.00 0.01 -0.01 0.00 92.82 95.49 90.00 
37.05 0 0.00000000 0.00000000 0.24 312.89 0.00 0.05 0.10 0.02 0.01 -0.01 -0.00 92.92 95.53 89.99 
37.15 0 0.00000000 0.00000000 0.24 312.89 0.00 0.05 0.09 0.02 0.01 -0.01 0.00 92.97 95.43 90.00 
37.25 0 0.00000000 0.00000000 0.25 333.86 0.00 0.05 0.09 -0.00 0.00 -0.01 0.00 93.03 95.42 90.01 
37.35 0 0.00000000 0.00000000 0.25 333.86 0.00 0.05 0.10 0.02 0.00 -0.01 0.00 92.91 95.46 90.02 
37.45 0 0.00000000 0.00000000 0.25 333.86 0.00 0.05 0.10 0.00 -0.00 -0.01 0.00 92.86 95.45 90.00 
37.55 0 0.00000000 0.00000000 0.25 333.86 0.00 0.05 0.10 0.01 0.01 -0.01 -0.00 92.95 95.47 90.00 
37.65 0 0.00000000 0.00000000 0.25 333.86 0.00 0.05 0.09 0.02 0.01 -0.01 0.00 93.04 95.39 90.01 
37.75 0 0.00000000 0.00000000 0.25 333.86 0.00 0.05 0.09 0.02 0.01 -0.01 0.00 92.88 95.43 90.00 
37.86 0 0.00000000 0.00000000 0.25 333.86 0.00 0.05 0.10 0.00 0.01 -0.01 0.00 92.88 95.52 90.01 
37.96 0 0.00000000 0.00000000 0.25 333.86 0.00 0.05 0.10 0.01 0.01 -0.01 -0.00 92.84 95.58 89.99 
38.06 0 0.00000000 0.00000000 0.25 333.86 0.00 0.05 0.10 0.00 0.01 -0.01 -0.00 92.91 95.51 89.99 
38.16 0 0.00000000 0.00000000 0.25 333.86 0.00 0.05 0.09 0.02 0.01 -0.01 -0.00 92.95 95.39 89.99 
38.26 0 0.00000000 0.00000000 0.43 327.07 0.00 0.05 0.09 -0.01 0.01 -0.01 -0.00 92.94 95.39 89.99 
38.36 0 0.00000000 0.00000000 0.43 327.07 0.00 0.05 0.10 0.00 0.01 -0.01 0.00 93.05 95.45 90.01 
38.46 0 0.00000000 0.00000000 0.40 311.18 0.00 0.05 0.10 0.02 0.01 -0.01 -0.00 92.95 95.47 90.00 
38.56 0 0.00000000 0.00000000 0.40 311.18 0.00 0.05 0.09 0.00 0.00 -0.01 0.00 92.97 95.44 90.00 
38.66 0 0.00000000 0.00000000 0.40 311.18 0.00 0.05 0.10 0.01 0.00 -0.01 -0.00 92.91 95.53 89.99 
