1.70 0 0.00000000 0.00000000 0.00 0.00 0.00 0.04 0.03 -0.03 0.01 -0.01 0.00 92.33 91.55 90.03 
1.90 0 0.00000000 0.00000000 0.00 0.00 0.00 0.05 0.03 -0.02 0.01 -0.01 0.00 92.60 91.68 90.02 
2.00 0 0.00000000 0.00000000 0.00 0.00 0.00 0.05 0.04 0.02 0.01 -0.01 0.00 92.92 92.09 90.03 
2.10 0 0.00000000 0.00000000 0.00 0.00 0.00 0.06 0.04 0.02 0.01 -0.01 0.00 93.22 92.26 90.06 
2.20 0 0.00000000 0.00000000 0.00 0.00 0.00 0.06 0.04 0.01 0.01 -0.01 0.00 93.24 92.14 90.05 
2.30 0 0.00000000 0.00000000 0.00 0.00 0.00 0.06 0.04 0.03 0.01 -0.01 0.00 93.27 92.23 90.04 
2.40 0 30.70827293 -88.16120147 0.00 0.00 49.10 0.06 0.04 0.01 0.01 -0.01 0.00 93.17 92.13 90.02 
2.50 1 30.70827293 -88.16120147 0.17 309.53 49.10 0.06 0.04 0.02 0.01 -0.01 0.00 93.16 92.13 90.06 
2.60 1 30.70827293 -88.16120147 0.17 309.53 49.10 0.06 0.04 0.01 0.02 -0.01 0.00 93.20 92.11 90.01 
2.71 1 30.70827293 -88.16120147 0.17 309.53 49.10 0.05 0.04 0.00 0.01 -0.01 0.00 93.12 92.09 90.03 
2.81 1 30.70827293 -88.16120147 0.17 309.53 49.10 0.06 0.04 0.02 0.01 -0.01 0.00 93.24 92.08 90.05 
2.91 1 30.70827293 -88.16120147 0.17 309.53 49.10 0.06 0.04 0.01 0.01 -0.01 0.00 93.19 92.07 90.06 
3.01 1 30.70827293 -88.16120147 0.17 309.53 49.10 0.06 0.04 0.01 0.01 -0.01 0.00 93.25 92.19 90.03 
3.11 1 30.70827293 -88.16120147 0.17 309.53 49.10 0.06 0.04 0.02 0.01 -0.01 0.00 93.17 92.08 90.03 
3.21 1 30.70827293 -88.16120147 0.17 309.53 49.10 0.06 0.04 0.03 0.01 -0.01 0.01 93.23 92.07 90.08 
3.31 1 30.70827293 -88.16120147 0.17 309.53 49.10 0.06 0.04 0.01 0.01 -0.01 0.00 93.28 92.03 90.04 
3.42 1 30.70827293 -88.16120147 0.17 309.53 49.10 0.06 0.03 0.03 0.02 -0.00 0.00 93.32 91.99 90.02 
3.52 1 30.70827293 -88.16120147 0.03 178.81 49.10 0.06 0.04 0.02 0.01 -0.01 0.00 93.29 92.08 90.04 
3.62 1 30.70827293 -88.16120147 0.03 178.81 49.10 0.06 0.04 0.02 0.01 -0.01 0.00 93.21 92.09 90.03 
3.72 1 30.70827293 -88.16120147 0.03 178.81 49.10 0.05 0.04 0.01 0.01 -0.01 0.00 93.09 92.08 90.03 
3.82 1 30.70827293 -88.16120147 0.03 178.81 49.10 0.06 0.04 0.02 0.01 -0.01 0.01 93.17 92.12 90.07 
3.93 1 30.70827293 -88.16120147 0.03 178.81 49.10 0.06 0.04 0.03 0.01 -0.01 0.00 93.18 92.05 90.05 
4.03 1 30.70827293 -88.16120147 0.03 178.81 49.10 0.06 0.04 0.03 0.01 -0.01 0.00 93.37 92.16 90.05 
4.13 1 30.70827293 -88.16120147 0.03 178.81 49.10 0.06 0.04 0.02 0.01 -0.01 0.00 93.30 92.20 90.05 
4.23 1 30.70827293 -88.16120147 0.03 178.81 49.10 0.06 0.04 0.02 0.01 -0.01 0.00 93.20 92.09 90.05 
4.33 1 30.70827293 -88.16120147 0.03 178.81 49.10 0.06 0.04 0.02 0.01 -0.01 0.00 93.18 92.12 90.05 
4.43 1 30.70827293 -88.16120147 0.31 210.48 49.10 0.05 0.04 0.01 0.01 -0.01 0.01 93.10 92.12 90.07 
4.53 1 30.70827293 -88.16120147 0.31 210.48 49.10 0.06 0.04 -0.27 0.01 -0.01 0.00 93.16 92.07 90.04 
4.63 1 30.70827293 -88.16120147 0.31 210.48 49.10 0.06 0.04 0.00 0.01 -0.01 0.00 93.16 92.17 90.03 
4.73 1 30.70827293 -88.16120147 0.31 210.48 49.10 0.06 0.04 0.02 0.01 -0.01 0.00 93.16 92.22 90.04 
4.83 1 30.70827293 -88.16120147 0.31 210.48 49.10 0.06 0.04 0.04 0.01 -0.01 0.00 93.26 92.09 90.04 
4.93 1 30.70827293 -88.16120147 0.31 210.48 49.10 0.06 0.04 0.01 0.01 -0.01 0.00 93.30 92.18 90.04 
5.04 1 30.70827293 -88.16120147 0.31 210.48 49.10 0.06 0.04 0.02 0.01 -0.01 0.00 93.19 92.20 90.05 
5.14 1 30.70827293 -88.16120147 0.31 210.48 49.10 0.06 0.04 0.02 0.01 -0.01 0.00 93.22 92.13 90.05 
5.24 1 30.70827293 -88.16120147 0.31 210.48 49.10 0.05 0.04 0.01 0.01 -0.01 0.01 93.14 92.17 90.07 
5.34 1 30.70827293 -88.16120147 0.31 210.48 49.00 0.05 0.04 0.02 0.01 -0.01 0.00 93.15 92.16 90.04 
5.44 1 30.70827293 -88.16120147 0.41 224.29 49.00 0.06 0.04 0.03 0.01 -0.01 0.00 93.40 92.09 90.04 
5.54 1 30.70827293 -88.16120147 0.41 224.29 49.00 0.06 0.04 0.02 0.01 -0.01 0.00 93.25 92.18 90.05 
5.64 1 30.70827293 -88.16120147 0.41 224.29 49.00 0.06 0.04 0.02 0.01 -0.01 0.01 93.23 92.27 90.09 
5.74 1 30.70827293 -88.16120147 0.41 224.29 49.00 0.06 0.04 0.02 0.01 -0.01 0.00 93.20 92.08 90.04 
5.84 1 30.70827293 -88.16120147 0.41 224.29 49.00 0.06 0.04 0.01 0.02 -0.01 0.00 93.24 92.20 90.04 
